0.0 0.0 0.014
4.943229999999858 0.003999999999997783 0.012
2.9732100000001083 0.272000000000002 0.014
4.00086999999985 -0.17999999999999972 0.015
4.011590000000069 -0.10300000000000153 0.012
26.090940000000046 0.18900000000000006 0.018
4.973019999999906 -0.038000000000000256 0.014
6.988920000000235 -0.053000000000000824 0.018
14.023169999999936 0.11700000000000088 0.016
151.3089 0.03900000000000148 0.014
11.992259999999987 -0.21600000000000108 0.011
8.991160000000036 0.11599999999999966 0.020
14.02372000000014 0.05000000000000071 0.015
6.8595000000000255 -0.08399999999999963 0.009
3.9632799999999406 -0.10000000000000142 0.015
3.0041799999999057 0.24200000000000088 0.031
4.195670000000064 -0.26099999999999923 0.012
3.9726200000000063 0.07099999999999795 0.014
1.8450899999998 0.06800000000000139 0.013
2.0411300000000665 -0.11100000000000065 0.011
1.9762799999998606 0.1739999999999995 0.013
7.972009999999955 -0.18799999999999883 0.012
1.9298900000003414 -0.022000000000002018 0.013
7.998829999999998 0.07900000000000063 0.012
2.009700000000066 -0.0470000000000006 0.011
5.2060599999999795 0.0030000000000001137 0.015
1.9567699999997785 -0.05099999999999838 0.012
1.7894799999999123 0.010999999999999233 0.009
2.228020000000015 0.03300000000000125 0.015
2.8463700000002063 -0.03300000000000125 0.011
3.117649999999685 0.018000000000000682 0.014
2.011720000000423 0.21600000000000108 0.013
7.691049999999905 -0.24200000000000088 0.014
5.089879999999994 0.13400000000000034 0.015
2.195940000000064 0.019999999999999574 0.018
2.032169999999951 -0.05900000000000105 0.014
0.985269999999673 -0.06700000000000017 0.011
1.9482600000001185 0.022999999999999687 0.011
0.006859999999960564 0.013000000000001677 0.013
1.9148199999999633 0.11700000000000088 0.012
2.0399900000002162 -0.13899999999999935 0.010
1.8485500000001593 0.0259999999999998 0.010
2.1297700000000077 0.10299999999999798 0.014
10.001080000000002 0.0259999999999998 0.015
7.950099999999566 -0.20700000000000074 0.015
2.9462600000001657 0.21199999999999974 0.015
2.0549200000000383 -0.19799999999999685 0.009
2.043749999999818 0.19399999999999906 0.012
2.02254000000039 -0.20599999999999952 0.012
2.0168799999996736 0.26099999999999923 0.025
7.898250000000189 -0.18599999999999994 0.012
5.992179999999735 0.038000000000000256 0.018
2.871399999999994 -0.08699999999999974 0.013
5.041510000000017 0.022999999999999687 0.014
4.077120000000377 0.05600000000000094 0.019
10.878609999999753 -0.09299999999999997 0.014
4.06232 -0.014000000000002899 0.013
0.9724300000002586 0.03200000000000003 0.014
15.964829999999893 0.038000000000000256 0.017
8.004789999999957 0.021000000000000796 0.019
142.36252999999988 -0.045999999999999375 0.011
14.995560000000296 -0.05900000000000105 0.011
5.064519999999902 0.060000000000002274 0.013
4.966809999999896 -0.008000000000002672 0.012
11.970560000000205 0.10400000000000276 0.019
7.011239999999816 -0.0010000000000012221 0.012
3.9181399999997666 -0.022999999999999687 0.016
6.010480000000371 0.21799999999999997 0.018
4.036809999999605 -0.1750000000000007 0.013
14.795330000000376 -0.0259999999999998 0.012
2.052400000000034 -0.07900000000000063 0.012
2.073729999999614 -0.018000000000000682 0.012
2.051930000000084 0.245000000000001 0.015
1.989480000000185 -0.20599999999999952 0.012
2.0422699999999168 0.08599999999999852 0.017
1.9428499999999076 0.019999999999999574 0.011
1.9873900000002322 -0.16599999999999682 0.010
11.792050000000017 0.1509999999999998 0.015
1.9891499999998814 -0.15500000000000114 0.012
1.2149100000001454 0.03200000000000003 0.013
1.8711100000000442 -0.0030000000000001137 0.012
1.1657199999999648 0.17999999999999972 0.015
1.739929999999731 -0.22100000000000009 0.014
1.2757900000001428 0.06899999999999906 0.014
1.72037999999975 0.08099999999999952 0.016
5.98575000000028 -0.11699999999999733 0.012
8.037029999999959 0.14000000000000057 0.018
1.92516999999998 -0.07500000000000284 0.013
1.000340000000051 -0.046999999999997044 0.013
1.9934800000000905 0.0779999999999994 0.013
2.0235399999996844 -0.04800000000000182 0.014
2.9933500000001914 0.0519999999999996 0.015
3.022349999999733 -0.08899999999999864 0.019
3.209820000000036 0.047999999999998266 0.016
1.9945000000002437 0.060000000000002274 0.017
2.006460000000061 -0.12199999999999989 0.016
2.885809999999765 0.0519999999999996 0.013
3.876980000000003 0.021999999999998465 0.015
1.9949500000002445 -0.09099999999999753 0.013
3.0325800000000527 0.06799999999999784 0.014
2.998569999999745 0.04100000000000037 0.011
5.078759999999875 0.06400000000000006 0.017
3.9162900000001173 -0.14399999999999835 0.012
4.984359999999924 0.004999999999999005 0.011
5.004720000000361 -0.018000000000000682 0.016
6.036799999999857 0.08899999999999864 0.014
3.981220000000121 -0.055999999999997385 0.016
23.0347399999996 0.003999999999997783 0.019
10.990040000000135 -0.012999999999998124 0.017
121.35287999999991 -0.019000000000001904 0.013
80.91628000000037 0.08500000000000085 0.013
