0.0 0.0 0.027
4.792950000000019 -0.008000000000002672 0.020
2.998149999999896 0.2610000000000028 0.028
3.0043500000001586 -0.15000000000000213 0.030
3.0180999999997766 -0.08399999999999963 0.021
3.9872800000002826 0.08699999999999974 0.026
3.000619999999799 -0.07399999999999807 0.034
13.063689999999951 0.06199999999999761 0.040
10.944090000000415 -0.055999999999997385 0.030
26.016189999999824 0.0990000000000002 0.031
151.34591 -0.05500000000000327 0.024
10.944140000000061 -0.01799999999999713 0.021
9.023569999999836 0.15399999999999991 0.052
8.044240000000173 -0.12900000000000134 0.022
17.992349999999988 0.015000000000000568 0.033
19.804419999999936 0.006000000000000227 0.025
56.07636999999977 -0.03100000000000236 0.024
2.0642500000003565 0.12300000000000111 0.030
