0.0 0.0 0.030
4.021799999999985 -0.07200000000000273 0.019
3.0023599999999533 0.06800000000000139 0.021
2.9680800000001 0.15399999999999991 0.035
3.0176500000002306 -0.2680000000000007 0.022
3.986439999999675 0.1280000000000001 0.023
2.998450000000048 -0.08399999999999963 0.029
24.010260000000017 0.2010000000000005 0.037
26.01744000000008 -0.22299999999999898 0.027
151.3757700000001 -0.0519999999999996 0.023
10.94450999999981 0.0589999999999975 0.020
13.077810000000227 0.20400000000000063 0.024
9.90041999999994 -0.03200000000000003 0.027
6.013809999999921 -0.1819999999999986 0.020
3.997530000000097 0.12099999999999866 0.022
7.011669999999867 -0.03999999999999915 0.020
5.086510000000089 0.15700000000000003 0.030
2.8894799999998213 0.010999999999999233 0.021
1.876800000000003 -0.21999999999999886 0.024
7.94360000000006 0.245000000000001 0.037
2.072189999999864 -0.2510000000000012 0.021
0.905880000000252 -0.1440000000000019 0.031
6.990989999999783 0.1700000000000017 0.027
8.066130000000157 0.14699999999999847 0.035
2.224630000000161 -0.14899999999999736 0.032
1.9887699999999313 -0.009000000000000341 0.030
2.925629999999728 -0.008000000000002672 0.020
3.960670000000391 0.005000000000002558 0.021
2.935189999999693 0.1869999999999976 0.030
7.0021200000001045 0.04200000000000159 0.032
5.844270000000051 -0.20400000000000063 0.025
3.218919999999798 -0.030000000000001137 0.020
0.9639200000001438 0.03400000000000247 0.017
1.8687300000001414 0.05099999999999838 0.020
2.130819999999858 0.14000000000000057 0.026
2.0460400000001755 -0.23699999999999832 0.021
1.7098799999998846 0.2259999999999991 0.023
2.2815999999997985 -0.23499999999999943 0.023
10.783210000000054 -0.004000000000001336 0.021
5.113299999999981 0.24099999999999966 0.024
2.9525900000003276 -0.25 0.022
2.05275999999958 0.012000000000000455 0.023
2.0613100000000486 0.19699999999999918 0.025
2.777570000000196 -0.10800000000000054 0.020
2.0254899999999907 0.13000000000000256 0.023
9.98108000000002 -0.2610000000000028 0.028
5.022530000000188 0.04200000000000159 0.024
3.0354999999999563 0.07000000000000028 0.020
5.046329999999671 -0.019999999999999574 0.025
3.902690000000348 0.16199999999999903 0.033
11.039419999999609 -0.1769999999999996 0.026
9.990600000000086 -0.015000000000000568 0.036
4.975179999999909 -0.06099999999999994 0.028
11.995490000000245 0.09199999999999875 0.042
145.3200200000001 0.015000000000000568 0.018
15.012429999999767 0.15000000000000213 0.021
5.006910000000062 0.00999999999999801 0.022
20.895809999999983 -0.11199999999999832 0.025
2.16237000000001 0.15499999999999758 0.028
3.980070000000069 -0.16699999999999804 0.035
6.008640000000014 -0.12399999999999878 0.023
4.835079999999834 -0.07800000000000296 0.016
13.954979999999978 0.1680000000000028 0.019
1.9056500000001506 0.2029999999999994 0.025
2.0571100000001934 -0.2740000000000009 0.020
2.242859999999837 0.006000000000000227 0.025
1.9798299999997653 0.0259999999999998 0.020
2.690660000000207 0.10500000000000043 0.029
2.2897499999999127 -0.04899999999999949 0.020
0.9721399999998539 -0.054999999999999716 0.018
11.798369999999977 -0.0030000000000001137 0.020
1.9835800000000745 -0.08999999999999986 0.023
1.9539600000002793 0.029999999999997584 0.023
1.9673999999999978 -0.006000000000000227 0.023
2.071519999999964 0.19400000000000261 0.028
2.108429999999771 -0.1930000000000014 0.021
2.0599200000001474 0.0710000000000015 0.022
8.730509999999867 -0.3760000000000012 0.052
4.134559999999965 0.2789999999999999 0.025
1.9521800000002258 0.0990000000000002 0.032
4.026929999999993 0.062000000000001165 0.019
1.9200700000001234 -0.17999999999999972 0.020
2.0320299999998497 0.16300000000000026 0.020
3.103110000000015 0.18099999999999739 0.036
3.8164999999999054 -0.21099999999999852 0.022
2.00525000000016 -0.1180000000000021 0.021
2.096209999999701 0.28000000000000114 0.037
2.0854000000003907 -0.23999999999999844 0.032
3.889220000000023 0.18900000000000006 0.029
3.0102399999996123 0.18999999999999773 0.046
2.9111900000002606 -0.29199999999999804 0.025
3.08237999999983 -0.0030000000000001137 0.025
5.008479999999963 0.20700000000000074 0.026
3.923000000000229 0.019999999999999574 0.028
5.029430000000048 -0.06800000000000139 0.049
4.009309999999914 -0.14399999999999835 0.040
5.938470000000052 -0.053000000000000824 0.025
4.017879999999877 -0.0019999999999988916 0.031
7.0290899999999965 -0.05900000000000105 0.029
4.996810000000096 0.015000000000000568 0.030
5.028960000000097 0.009000000000000341 0.037
7.988029999999981 0.0849999999999973 0.030
11.991569999999683 -0.1039999999999992 0.029
120.30840000000035 0.22800000000000153 0.020
