0.0 0.0 0.054
4.9349700000002485 0.28300000000000125 0.049
3.0181899999997768 -0.125 0.041
4.000850000000355 -0.12300000000000111 0.043
4.016679999999724 -0.18999999999999773 0.033
2.9849600000002283 0.023999999999997357 0.042
18.14429999999993 -0.15700000000000003 0.041
4.956450000000132 0.4180000000000028 0.058
4.972909999999956 -0.23900000000000077 0.037
6.951419999999871 0.11499999999999844 0.059
14.060069999999996 0.2950000000000017 0.060
0.919550000000072 -0.0990000000000002 0.056
150.39015999999992 -0.14199999999999946 0.032
5.979710000000068 -0.15399999999999991 0.030
7.013500000000022 0.06499999999999773 0.033
8.907729999999901 -0.007999999999999119 0.069
13.106580000000122 -0.06899999999999906 0.037
0.02113999999983207 0.06799999999999784 0.035
6.837329999999838 0.16300000000000026 0.043
3.964730000000145 -0.055999999999997385 0.047
2.9620700000000397 0.0470000000000006 0.081
4.1990099999998165 0.09799999999999898 0.051
4.010440000000017 -0.24399999999999977 0.042
1.8874300000002222 -0.11299999999999955 0.031
1.9990999999999985 0.3219999999999992 0.031
1.9385600000000522 -0.25400000000000134 0.039
7.9539999999997235 0.07199999999999918 0.049
1.9848500000002787 0.06099999999999994 0.050
7.9570199999998295 -0.045999999999999375 0.044
7.26099000000022 0.11400000000000077 0.051
1.9534300000000258 -0.07699999999999818 0.043
1.7984999999998763 0.264999999999997 0.048
2.2260700000001634 -0.49599999999999866 0.043
2.8496299999997063 0.3500000000000014 0.039
3.1073999999998705 -0.2220000000000013 0.043
2.011320000000069 0.21199999999999974 0.034
1.0340100000003076 -0.2010000000000005 0.047
11.747849999999744 0.4220000000000006 0.062
2.1978100000001177 -0.3509999999999991 0.060
1.9933500000001914 0.2010000000000005 0.045
0.9834399999999732 -0.25900000000000034 0.028
1.8945999999996275 -0.01699999999999946 0.029
2.0137700000000223 0.22299999999999898 0.033
2.0400400000003174 -0.036000000000001364 0.032
1.8103099999998449 -0.1509999999999998 0.034
2.16809000000012 0.254999999999999 0.039
10.771049999999832 -0.28699999999999903 0.043
7.183280000000195 -0.23000000000000043 0.042
2.9431799999997565 0.25500000000000256 0.037
2.0597700000002988 0.18799999999999883 0.034
2.0404999999996107 -0.0730000000000004 0.043
2.0252000000000407 -0.1529999999999987 0.035
9.913710000000265 0.16300000000000026 0.044
5.946300000000065 0.08699999999999974 0.059
2.914839999999913 -0.21000000000000085 0.040
5.048119999999926 0.18299999999999983 0.049
4.031529999999748 -0.23199999999999932 0.044
10.917100000000119 -0.02500000000000213 0.034
5.038849999999911 0.09800000000000253 0.044
8.991050000000087 0.31700000000000017 0.088
6.969750000000204 -0.17999999999999972 0.063
8.004579999999805 -0.17700000000000315 0.057
142.36205000000018 0.10600000000000165 0.036
14.99528999999984 -0.1739999999999995 0.028
5.9396200000001045 0.36299999999999955 0.040
4.0931700000001 -0.26699999999999946 0.034
11.968759999999747 0.07499999999999929 0.056
7.014410000000225 -0.13800000000000168 0.030
3.9179699999999684 0.125 0.051
6.009129999999914 0.07700000000000173 0.039
4.036020000000008 -0.28500000000000014 0.032
14.795439999999871 0.10300000000000153 0.030
2.015640000000076 0.3780000000000001 0.044
2.057270000000244 -0.1910000000000025 0.039
2.116819999999734 0.07400000000000162 0.042
1.9784199999999146 -0.29299999999999926 0.033
2.052910000000338 0.007999999999999119 0.038
1.9314799999997376 0.030999999999998806 0.028
1.9873400000001311 0.10800000000000054 0.031
11.792120000000068 0.12399999999999878 0.051
1.989219999999932 -0.13999999999999702 0.048
1.2149199999998928 0.06199999999999761 0.050
1.879019999999855 0.13400000000000034 0.039
1.1578400000003057 -0.00999999999999801 0.044
1.7399000000000342 -0.19000000000000128 0.053
1.2756799999997384 0.1269999999999989 0.044
1.726050000000214 -0.22100000000000009 0.039
5.984069999999974 0.28300000000000125 0.043
8.036479999999756 -0.20200000000000173 0.052
1.92249000000038 0.15900000000000247 0.050
2.0082099999999627 -0.27500000000000213 0.041
0.988550000000032 0.3049999999999997 0.060
2.034220000000005 -0.2829999999999977 0.032
2.985490000000027 -0.04200000000000159 0.033
3.040889999999763 0.07000000000000028 0.047
3.1850399999998444 0.006000000000000227 0.041
1.9944600000003447 0.31899999999999906 0.061
2.799479999999676 -0.04100000000000037 0.055
2.092800000000352 0.022000000000002018 0.044
6.987229999999727 -0.19500000000000028 0.069
1.8829599999999118 -0.09499999999999886 0.042
3.039480000000367 -0.006000000000000227 0.038
6.021009999999933 -0.03300000000000125 0.031
6.954760000000078 -0.053000000000000824 0.037
3.0532899999998335 0.0990000000000002 0.060
6.918889999999919 0.12400000000000233 0.061
3.0225100000002385 -0.028000000000002245 0.048
5.136579999999867 -0.1460000000000008 0.052
5.925600000000031 0.3130000000000024 0.052
5.948179999999866 -0.28800000000000026 0.041
3.066620000000057 0.1609999999999978 0.102
6.952670000000126 -0.0259999999999998 0.063
11.014439999999922 -0.0589999999999975 0.059
121.29563999999982 -0.011000000000002785 0.044
