0.0 0.0 0.007
4.941699999999855 -0.08900000000000219 0.006
2.974749999999858 0.019999999999999574 0.007
4.000890000000254 -0.027999999999998693 0.007
4.011410000000069 0.02499999999999858 0.007
2.9906200000000354 -0.0019999999999988916 0.007
23.098469999999907 -0.027999999999998693 0.007
11.96394999999984 0.022999999999999687 0.007
14.023380000000088 -0.013000000000001677 0.007
151.30809 -0.006999999999997897 0.006
11.038099999999758 0.018000000000000682 0.007
9.945410000000265 0.0009999999999976694 0.007
14.02372000000014 0.004999999999999005 0.007
6.859499999999571 0.012000000000000455 0.006
3.9632900000001428 -0.006000000000000227 0.007
3.004199999999855 -0.0019999999999988916 0.009
4.195680000000266 -0.0070000000000014495 0.007
3.972609999999804 -0.008999999999996788 0.007
1.8451000000000022 -0.020000000000003126 0.007
2.041060000000016 -0.0030000000000001137 0.006
1.9764399999999114 0.012000000000000455 0.007
7.971980000000258 -0.004999999999999005 0.007
1.9299099999998361 -0.0010000000000012221 0.007
7.998880000000099 0.0 0.006
2.0066200000001118 0.005000000000002558 0.007
5.209190000000035 0.06400000000000006 0.007
1.9567600000000311 -0.006000000000000227 0.007
1.7895300000000134 0.4250000000000007 0.007
2.22487000000001 -0.41100000000000136 0.007
2.849330000000009 -0.01699999999999946 0.007
3.1181399999995847 0.02400000000000091 0.007
2.0069100000000617 -0.0030000000000001137 0.006
7.695590000000266 -0.020000000000003126 0.007
5.089919999999893 -0.04999999999999716 0.007
2.19362000000001 -0.009000000000000341 0.007
2.0345299999999042 -0.019000000000001904 0.007
0.9852399999999761 0.08600000000000207 0.006
1.9422700000000077 0.00999999999999801 0.007
1.9277000000001863 -0.013999999999999346 0.007
2.0399999999999636 0.004999999999999005 0.006
1.848489999999856 -0.020999999999997243 0.006
2.129830000000311 0.010999999999999233 0.007
10.001170000000002 -0.009000000000000341 0.007
5.054459999999835 -0.04200000000000159 0.007
5.841899999999896 -0.0030000000000001137 0.006
2.0548800000001393 0.0020000000000024443 0.006
2.0438100000001214 0.006000000000000227 0.006
2.0225099999997838 0.010999999999999233 0.007
2.016860000000179 0.0009999999999976694 0.007
7.8982599999999366 0.038000000000000256 0.007
5.9922200000000885 -0.02499999999999858 0.007
2.87137999999959 -0.03900000000000148 0.007
5.041510000000017 0.03900000000000148 0.007
4.077130000000125 -0.010000000000001563 0.007
10.878590000000258 -0.019999999999999574 0.007
4.062309999999798 -0.019999999999999574 0.006
0.9721599999998034 0.053000000000000824 0.007
4.096340000000055 -0.021000000000000796 0.008
19.87350000000015 -0.0009999999999976694 0.008
142.36202000000003 -0.014000000000002899 0.006
14.995609999999942 0.03100000000000236 0.006
5.064570000000003 -0.036000000000001364 0.007
4.966559999999845 0.03200000000000003 0.006
11.970500000000357 -0.015000000000000568 0.007
7.011629999999968 0.019000000000001904 0.006
3.918369999999868 0.04899999999999949 0.007
6.010069999999814 0.37099999999999866 0.008
4.037020000000211 -0.004999999999999005 0.007
14.795439999999871 -0.4220000000000006 0.006
2.052390000000287 0.007999999999999119 0.007
2.0735799999997653 -0.009000000000000341 0.007
2.0521100000000843 0.010000000000001563 0.007
1.9890099999997801 -0.004999999999999005 0.007
2.0429400000002715 0.0030000000000001137 0.007
1.942700000000059 0.006999999999997897 0.006
1.9873899999997775 -0.006000000000000227 0.005
11.792089999999916 -0.012999999999998124 0.007
1.989180000000033 0.0030000000000001137 0.007
1.2148999999999432 -0.030000000000001137 0.007
1.8711600000001454 0.0030000000000001137 0.007
1.1657000000000153 0.04100000000000037 0.007
1.7399399999999332 -0.0070000000000014495 0.007
1.2757900000001428 -0.04299999999999926 0.007
1.7203899999999521 0.01699999999999946 0.007
5.985740000000078 0.0030000000000001137 0.007
8.037069999999858 0.0020000000000024443 0.007
1.9251899999999296 0.05799999999999983 0.007
0.9996900000001006 0.4190000000000005 0.008
1.9941600000001927 -0.27500000000000213 0.007
2.023559999999634 0.05999999999999872 0.007
2.9933500000001914 -0.26799999999999713 0.007
3.0223700000001372 0.01899999999999835 0.007
3.2097899999998845 -0.013999999999999346 0.007
1.9945600000000923 0.015000000000000568 0.007
2.003439999999955 -0.0030000000000001137 0.007
2.8888099999999213 0.006999999999997897 0.007
3.876969999999801 -0.027999999999998693 0.008
1.9949400000000423 0.0070000000000014495 0.007
3.032390000000305 0.022999999999999687 0.007
2.9983400000000984 -0.019999999999999574 0.007
5.079229999999825 0.0259999999999998 0.007
3.916229999999814 -0.006000000000000227 0.006
4.984370000000126 -0.045999999999999375 0.006
5.004759999999806 0.06299999999999883 0.008
6.03679000000011 0.0010000000000012221 0.007
3.9811899999999696 0.005999999999996675 0.007
23.03473000000031 -0.05799999999999983 0.007
10.990019999999731 0.043000000000002814 0.007
121.35238000000027 0.012000000000000455 0.006
80.91642000000002 -0.015000000000000568 0.006
