0.0 0.0 0.020
4.792950000000019 -0.1869999999999976 0.014
2.998149999999896 0.036999999999999034 0.016
3.0043500000001586 0.1440000000000019 0.021
3.0180999999997766 0.16699999999999804 0.019
3.9872800000002826 -0.2940000000000005 0.017
3.000619999999799 -0.07199999999999918 0.020
13.063689999999951 0.03300000000000125 0.022
10.944090000000415 -0.054000000000002046 0.018
26.016189999999824 0.054000000000002046 0.018
151.34591 0.1559999999999988 0.017
10.944140000000061 0.010999999999999233 0.016
9.023569999999836 -0.11400000000000077 0.029
8.044240000000173 -0.02499999999999858 0.015
17.992349999999988 0.25 0.024
19.804419999999936 -0.062000000000001165 0.017
56.07636999999977 -0.17499999999999716 0.016
2.0642500000003565 0.1059999999999981 0.019
