0.0 0.0 0.10379
0.9965099999681115 -0.029999999999997584 0.10179
1.9958800002932549 -0.01600000000000179 0.10073
1.0069499998353422 0.1999999999999993 0.11431
8.965640000067651 -0.3069999999999986 0.09379
15.979330000001937 -0.1269999999999989 0.08595
1.997779999859631 -0.10100000000000087 0.08005
0.9947999999858439 0.009000000000000341 0.08056
0.9887600000947714 0.37899999999999956 0.10426
2.0007299999706447 -0.36299999999999955 0.08148
1.000349999871105 0.2959999999999994 0.09981
1.0032899999059737 -0.04299999999999926 0.09700
1.0005000000819564 -0.1910000000000025 0.08511
1.000280000269413 -0.04199999999999804 0.08264
0.998929999768734 -0.4450000000000003 0.05992
0.9986999998800457 0.5139999999999993 0.08673
126.38496000040323 -0.38099999999999845 0.06602
0.997159999795258 0.027999999999998693 0.06738
3.005650000181049 0.16999999999999993 0.07620
2.994440000038594 -0.18499999999999872 0.06665
5.978559999726713 0.004999999999999005 0.06689
4.998029999900609 -0.2859999999999996 0.05431
4.0072900000959635 0.4759999999999991 0.07675
4.962019999977201 0.006000000000000227 0.07708
1.9908699998632073 -0.06400000000000006 0.07361
4.0589400003664196 0.19500000000000206 0.08458
3.976599999703467 -0.022000000000002018 0.08328
9.948180000297725 0.038000000000000256 0.08553
6.949129999615252 0.13700000000000045 0.09399
1.9981700000353158 0.04499999999999815 0.09687
6.076350000221282 -0.134999999999998 0.08837
3.9655999997630715 -0.10000000000000142 0.08240
1.9791400004178286 0.06900000000000261 0.08649
4.047119999770075 0.3349999999999973 0.10812
8.004430000204593 -0.4549999999999983 0.07948
7.034019999671727 -0.021000000000000796 0.07830
9.03237000014633 -0.02200000000000024 0.07708
1.8358800001442432 -0.0019999999999988916 0.07697
1.9440500000491738 -0.09500000000000064 0.07188
14.980709999799728 0.09699999999999953 0.07708
7.101890000049025 0.12700000000000067 0.08434
0.9126200000755489 -0.10699999999999932 0.07819
5.091699999757111 0.13599999999999923 0.08607
1.945900000166148 -0.1869999999999994 0.07538
3.9049700000323355 0.08099999999999952 0.07988
4.9897099998779595 0.0860000000000003 0.08487
3.081989999860525 0.022999999999999687 0.08625
1.8167200000025332 -0.030000000000001137 0.08446
4.0675699999555945 -0.09999999999999964 0.07869
0.9343500002287328 0.011000000000001009 0.07931
5.237259999848902 0.07099999999999795 0.08340
0.9412899999879301 -0.05999999999999872 0.07993
3.971739999949932 0.11599999999999966 0.08673
9.878710000310093 -0.129999999999999 0.07914
11.965859999880195 0.08699999999999974 0.08416
2.0688200001604855 0.030999999999998806 0.08601
4.077149999793619 0.06099999999999994 0.08972
2.9552100002765656 0.17600000000000193 0.10100
5.018999999854714 -0.2560000000000002 0.08487
14.954899999778718 0.28800000000000026 0.10312
2.955330000258982 -0.17999999999999972 0.09146
3.0276799998246133 0.047999999999998266 0.09449
7.968669999856502 -0.13700000000000045 0.08601
5.991780000273138 -0.1059999999999981 0.07982
0.9964700001291931 -0.16900000000000048 0.07069
3.9952499996870756 0.11599999999999966 0.07686
1.0002000001259148 0.16300000000000026 0.08625
0.9973300001583993 -0.22300000000000075 0.07361
119.40641999989748 0.19599999999999973 0.08464
5.997320000082254 0.04299999999999926 0.08721
2.9897799999453127 -0.07899999999999707 0.08252
3.975910000037402 0.15899999999999892 0.09215
7.9936799998395145 0.02400000000000091 0.09367
20.953999999910593 0.015999999999998238 0.09469
5.023180000018328 -0.24099999999999966 0.08010
8.002700000070035 0.045999999999999375 0.08275
2.923549999948591 -0.1399999999999988 0.07490
6.093570000026375 0.1590000000000007 0.08387
2.97270999988541 0.11899999999999977 0.09109
3.990920000243932 -0.11500000000000199 0.08410
7.076630000025034 0.16400000000000148 0.09418
2.798820000141859 -0.17099999999999937 0.08369
3.997319999616593 -0.06800000000000139 0.07976
3.0663700001314282 0.05000000000000071 0.08264
5.99294999986887 0.05099999999999838 0.08565
5.084120000246912 0.06700000000000017 0.08972
6.946469999849796 0.019999999999999574 0.09096
5.8429300002753735 -0.18999999999999773 0.07965
9.060549999587238 -0.03700000000000081 0.07758
4.054420000407845 0.13699999999999868 0.08547
4.023949999827892 -0.09499999999999886 0.07993
8.846069999970496 -0.03399999999999892 0.07802
1.0956999999471009 -0.012000000000000455 0.07735
2.932719999924302 -0.04400000000000048 0.07495
2.93301000026986 -0.17600000000000016 0.06597
4.174529999960214 0.09800000000000075 0.07085
5.978259999770671 -0.12899999999999956 0.06450
1.9574200003407896 -0.02000000000000135 0.06357
6.047349999658763 -0.027999999999998693 0.06228
2.012730000074953 0.04699999999999882 0.06445
4.774819999933243 -0.0649999999999995 0.06147
2.9800800001248717 -0.07000000000000028 0.05841
3.180079999845475 0.1509999999999998 0.06521
0.865650000050664 0.07900000000000063 0.06907
7.052810000255704 -0.125 0.06306
6.053379999939352 0.03500000000000014 0.06469
13.965460000094026 0.33699999999999974 0.08246
1.957089999690652 -0.08699999999999974 0.07752
7.012700000312179 0.09199999999999875 0.08275
0.9936599996872246 0.0030000000000001137 0.08293
0.9964000000618398 -0.06999999999999851 0.07892
0.9996400000527501 0.1399999999999988 0.08709
9.946119999978691 -0.0799999999999983 0.08235
3.0261499998159707 0.05099999999999838 0.08535
4.9614699999801815 -0.012000000000000455 0.08464
2.0008400003425777 0.009000000000000341 0.08517
130.3942899997346 -0.038000000000000256 0.08293
5.997630000114441 -0.10799999999999876 0.07680
1.996840000152588 -0.10200000000000031 0.07136
8.977419999893755 -0.1609999999999996 0.06347
14.961060000117868 -0.2530000000000001 0.05280
2.987220000009984 0.1039999999999992 0.05694
5.978799999691546 0.040000000000000924 0.05862
1.9971600002609193 -0.016000000000000014 0.05794
5.029600000008941 0.05299999999999905 0.06022
11.998600000049919 0.18599999999999994 0.06897
17.959509999956936 0.19599999999999973 0.07942
4.054500000085682 0.05700000000000216 0.08270
1.9388399999588728 -0.012000000000002231 0.08200
1.9536699997261167 0.1169999999999991 0.08898
6.12557000014931 0.09100000000000108 0.09469
6.908479999750853 -0.14000000000000057 0.08601
1.8689500000327826 0.5340000000000025 0.12135
10.161749999970198 -0.4180000000000028 0.09316
1.8127300003543496 0.09500000000000242 0.09928
3.160840000025928 0.009000000000000341 0.09987
5.069489999674261 -0.03400000000000247 0.09765
2.9563800003379583 0.0920000000000023 0.10373
2.8918200000189245 -0.054000000000002046 0.10014
1.0863899998366833 -0.03399999999999892 0.09791
3.846129999961704 0.4609999999999985 0.12953
5.057680000085384 -0.40700000000000003 0.10146
11.089339999947697 -0.0329999999999977 0.09928
20.939220000058413 -0.10000000000000142 0.09285
3.9919900000095367 0.04899999999999949 0.09597
0.9921699999831617 -0.08299999999999841 0.09071
6.980209999717772 0.12199999999999989 0.09850
3.853830000385642 -0.2140000000000022 0.08511
28.01439999975264 -0.1059999999999981 0.07897
151.36126000015065 1.073999999999998 0.14976
24.935240000020713 -0.472999999999999 0.11757
19.032449999824166 -0.36400000000000077 0.09316
2.0114500001072884 0.20700000000000074 0.10676
17.86303999973461 -0.17800000000000082 0.09501
10.13226000033319 -0.19499999999999673 0.08305
6.900789999868721 -0.053000000000000824 0.07999
4.952140000183135 -0.026000000000001577 0.07852
22.954559999983758 0.0010000000000012221 0.07858
6.91812999965623 0.07399999999999984 0.08281
2.9899699999950826 0.05799999999999983 0.08625
21.189370000269264 -0.05600000000000094 0.08293
6.825999999884516 0.12199999999999989 0.09028
5.011150000151247 0.3440000000000012 0.11299
14.961389999836683 -0.240000000000002 0.09687
2.127549999859184 -0.06699999999999662 0.09259
0.9756900002248585 0.15399999999999991 0.10259
3.8291099998168647 -0.2240000000000002 0.08825
11.05686999997124 0.038000000000000256 0.09059
1.0580600001849234 -0.1440000000000019 0.08194
1.9108899999409914 0.2510000000000012 0.09739
2.0353299998678267 -0.03500000000000014 0.09513
