0.0 0.0 0.02267
3.9999838918447495e-05 0.03700000000000081 0.02282
1.1764100003056228 -0.08000000000000007 0.02292
3.9999838918447495e-05 -0.005000000000000782 0.02339
12.78704999992624 -0.4739999999999984 0.02000
0.9989599999971688 -0.025000000000000355 0.02000
0.9942900002934039 0.0 0.02000
2.990629999898374 -0.022999999999999687 0.02000
12.023200000170618 0.24599999999999866 0.02000
9.999983012676239e-05 -0.032999999999999474 0.02000
0.964949999935925 0.06099999999999994 0.02000
0.00010999990627169609 0.038000000000000256 0.02000
1.027280000038445 -0.019999999999999574 0.02000
0.00011999998241662979 -0.057000000000000384 0.02000
1.9755199998617172 0.13599999999999923 0.02000
0.0001200004480779171 -0.06299999999999883 0.02000
3.016249999869615 0.1689999999999987 0.02000
0.0001400001347064972 0.04400000000000048 0.02296
1.977839999832213 0.01699999999999946 0.02327
0.9975000000558794 0.014000000000001123 0.02277
1.021879999898374 0.04299999999999926 0.02289
0.0001500002108514309 -0.03200000000000003 0.02271
1.9723899997770786 0.10100000000000087 0.02252
5.985040000174195 0.11299999999999955 0.02195
11.987040000036359 0.15199999999999925 0.02185
0.00022999988868832588 -0.01699999999999946 0.02185
15.95971000008285 -0.3650000000000002 0.02280
4.005829999689013 -0.2530000000000001 0.02000
0.0002900003455579281 -0.02999999999999936 0.02000
3.9926099996082485 -0.20899999999999963 0.02000
0.0002900003455579281 -0.05799999999999983 0.02000
0.9972199997864664 0.0259999999999998 0.02000
0.0002899998798966408 0.013999999999999346 0.02000
2.985619999933988 -0.11800000000000033 0.02000
0.0002900003455579281 -0.02200000000000024 0.02000
1.9967000000178814 0.010000000000001563 0.02000
0.0002899998798966408 -0.002000000000000668 0.02000
2.99225000012666 -0.005000000000000782 0.02000
0.0011299997568130493 0.006000000000000227 0.02000
6.022910000290722 0.1620000000000008 0.02000
0.0002999999560415745 -0.04100000000000037 0.02000
9.99421999976039 0.45700000000000074 0.02000
0.9286299999803305 0.004999999999999005 0.02317
3.000419999938458 0.18599999999999994 0.02247
0.0002999999560415745 -0.02800000000000047 0.02232
8.0337900002487 0.359 0.02187
0.0002799998037517071 -0.058999999999999275 0.02187
6.98066999996081 0.30400000000000027 0.02247
0.0002700001932680607 -0.038000000000000256 0.02258
117.36441999999806 -0.6920000000000002 0.02296
0.00023999996483325958 -0.041999999999999815 0.02000
5.00364000024274 0.2629999999999999 0.02202
0.0002500000409781933 0.05000000000000071 0.02205
1.015269999857992 -0.027000000000001023 0.02197
0.0002500000409781933 0.06799999999999962 0.02196
2.9700199998915195 0.2370000000000001 0.02207
0.0002700001932680607 -0.05599999999999916 0.02187
0.9968099999241531 0.04499999999999993 0.02205
0.0002599996514618397 0.019000000000000128 0.02196
1.005060000345111 0.0030000000000001137 0.02210
0.0002699997276067734 0.03599999999999959 0.02204
2.9899200000800192 0.1490000000000009 0.02284
0.0002800002694129944 -0.09299999999999997 0.02219
5.010849999729544 0.1689999999999987 0.02329
0.9888499998487532 0.027000000000001023 0.02346
5.972980000078678 0.18299999999999983 0.02494
0.0002900003455579281 0.05400000000000027 0.02486
1.0075099999085069 -0.1330000000000009 0.02424
0.0002899998798966408 0.06600000000000072 0.02427
1.0141900000162423 0.0259999999999998 0.02507
0.0002899998798966408 -0.014000000000001123 0.02437
0.9866599999368191 -0.05799999999999983 0.02441
0.0002900003455579281 -0.0019999999999988916 0.02388
1.0000999998301268 -0.006000000000000227 0.02434
0.0002999999560415745 0.0030000000000001137 0.02386
1.9954400002025068 -0.10400000000000098 0.02356
0.0002999999560415745 0.006000000000000227 0.02319
1.9922499996609986 -0.15799999999999947 0.02267
0.0002900003455579281 0.08000000000000007 0.02275
2.0095599996857345 -0.09399999999999942 0.02261
0.0002999999560415745 -0.040000000000000924 0.02220
0.9830100000835955 -0.045999999999999375 0.02226
0.0002999999560415745 -0.030000000000001137 0.02200
2.0059400000609457 -0.22699999999999854 0.02185
0.0002800002694129944 0.022999999999999687 0.02187
1.9926199996843934 -0.20800000000000018 0.02216
0.0002999999560415745 0.04400000000000048 0.02223
1.0060300002805889 -0.12300000000000111 0.02247
0.0002999999560415745 0.009000000000000341 0.02274
0.9868999999016523 -0.11599999999999966 0.02307
0.9991899998858571 -0.07099999999999973 0.02359
1.0007000002078712 -0.06600000000000072 0.02000
1.9388100001960993 -0.1739999999999995 0.02000
2.09804999968037 -0.08800000000000097 0.02000
4.005830000154674 -0.1120000000000001 0.02000
0.0002899998798966408 -0.04099999999999859 0.02000
1.9390400000847876 -0.027000000000001023 0.02000
0.0002799998037517071 -0.023999999999999133 0.02000
3.022150000091642 -0.006000000000000227 0.02000
0.0002700001932680607 0.03999999999999915 0.02000
8.899470000062138 0.29600000000000115 0.02000
0.0002500000409781933 0.036999999999999034 0.02000
1.0033299997448921 0.014000000000001123 0.02000
0.0002500000409781933 0.04299999999999926 0.02000
3.0506199998781085 0.12899999999999956 0.02343
0.00023999996483325958 0.03200000000000003 0.02000
0.9702900000847876 -0.006000000000000227 0.02323
9.121580000035465 0.5060000000000002 0.02191
0.0002100002020597458 -0.0009999999999994458 0.02185
0.8193199997767806 -0.018000000000000682 0.02189
0.0002100002020597458 0.05400000000000027 0.02188
5.052689999807626 0.3130000000000006 0.02323
0.0001900000497698784 -0.09600000000000009 0.02242
0.9875500001944602 -0.006999999999999673 0.02267
0.0001799999736249447 0.08399999999999963 0.02277
0.9935800000093877 -0.03700000000000081 0.02291
0.00016999989748001099 0.0010000000000012221 0.02260
3.948080000001937 0.1689999999999987 0.02404
0.00015999982133507729 -0.02099999999999902 0.02343
2.9679000000469387 0.01699999999999946 0.02401
0.0001500002108514309 0.0470000000000006 0.02388
3.0028399997390807 -0.04600000000000115 0.02355
5.014590000268072 -0.12399999999999878 0.02315
4.104139999952167 -0.2740000000000009 0.02202
9.999983012676239e-05 0.07200000000000095 0.02204
0.8824100000783801 -0.10899999999999999 0.02195
8.999975398182869e-05 0.06400000000000006 0.02195
2.0862900000065565 -0.0730000000000004 0.02193
7.00000673532486e-05 -0.13000000000000078 0.02190
2.013530000112951 -0.13699999999999868 0.02204
7.00000673532486e-05 -0.03700000000000081 0.02237
2.9476899998262525 -0.25399999999999956 0.02351
5.9999991208314896e-05 0.004999999999999005 0.02000
3.0278400001116097 -0.16999999999999993 0.02000
3.9999838918447495e-05 0.004000000000001336 0.02000
5.030460000038147 -0.11300000000000132 0.02000
2.00001522898674e-05 0.03200000000000003 0.02000
3.924800000153482 0.08800000000000097 0.02000
11.105259999632835 0.28999999999999915 0.02299
6.00004568696022e-05 -0.013999999999999346 0.02270
0.7967499997466803 0.04400000000000048 0.02281
5.9999991208314896e-05 -0.030000000000001137 0.02263
3.081590000074357 0.12599999999999945 0.02212
1.934340000152588 0.10000000000000142 0.02202
8.999975398182869e-05 0.02099999999999902 0.02188
2.996650000102818 0.10200000000000031 0.02185
9.999983012676239e-05 0.013999999999999346 0.02186
8.020160000305623 0.3030000000000008 0.02273
1.8719199998304248 -0.06799999999999962 0.02243
5.1260999999940395 0.07199999999999918 0.02275
0.9133199998177588 0.0600000000000005 0.02274
0.0001799999736249447 -0.05799999999999983 0.02276
11.989460000302643 -0.120000000000001 0.02207
0.00021999981254339218 0.07900000000000063 0.02257
2.176400000229478 -0.2159999999999993 0.02192
0.9092099997214973 -0.07900000000000063 0.02185
5.911170000210404 -0.2940000000000005 0.02242
6.147959999740124 -0.38899999999999935 0.02000
0.000260000117123127 0.0129999999999999 0.02000
2.9281100002117455 -0.06799999999999962 0.02000
0.0002699997276067734 -0.015000000000000568 0.02000
12.99799000006169 0.24600000000000044 0.02000
0.0002899998798966408 -0.05400000000000027 0.02000
15.941240000072867 0.7430000000000003 0.02199
4.973759999964386 0.36299999999999955 0.02414
3.0595500003546476 0.0600000000000005 0.02411
2.9743399997241795 0.09799999999999898 0.02497
0.0002899998798966408 0.011000000000001009 0.02571
1.997609999962151 -0.06300000000000061 0.02450
9.988490000367165 -0.08199999999999896 0.02383
0.0002699997276067734 0.006999999999999673 0.02439
119.3747900002636 -0.5090000000000003 0.02191
0.00022999988868832588 0.041999999999999815 0.02188
0.9942499999888241 -0.02200000000000024 0.02193
0.00023999996483325958 0.03700000000000081 0.02190
3.9893600000068545 0.26900000000000013 0.02308
4.002559999935329 0.04399999999999871 0.02335
0.000260000117123127 0.0070000000000014495 0.02301
7.0042799999937415 -0.045000000000001705 0.02311
0.0002799998037517071 0.06600000000000072 0.02313
1.987290000077337 -0.06300000000000061 0.02313
0.0002800002694129944 0.0030000000000001137 0.02280
1.9747799998149276 -0.006000000000000227 0.02311
0.0002799998037517071 -0.0029999999999983373 0.02275
4.001410000026226 -0.15800000000000125 0.02233
0.0002900003455579281 0.027000000000001023 0.02221
1.9945299997925758 -0.10100000000000087 0.02210
0.0002899998798966408 0.053000000000000824 0.02207
1.0228200000710785 -0.120000000000001 0.02195
0.0002899998798966408 0.07000000000000028 0.02196
1.0068500000052154 -0.11899999999999977 0.02188
0.0002900003455579281 0.026999999999999247 0.02186
4.023229999933392 -0.2889999999999997 0.02213
0.0002899998798966408 0.057000000000000384 0.02215
0.9831599998287857 -0.1479999999999997 0.02247
0.0003000004217028618 0.08499999999999908 0.02238
5.008049999829382 -0.3689999999999998 0.02000
5.965760000050068 -0.16499999999999915 0.02000
0.0002899998798966408 0.0 0.02000
1.9804600002244115 -0.0519999999999996 0.02000
0.0002899998798966408 0.032999999999999474 0.02000
4.014299999922514 -0.06300000000000061 0.02000
0.0002799998037517071 0.03500000000000014 0.02000
21.051560000050813 0.3990000000000009 0.02301
0.00023999996483325958 0.10999999999999943 0.02273
1.9229200002737343 -0.02800000000000047 0.02255
0.00023999996483325958 0.03500000000000014 0.02269
3.9809900000691414 0.12599999999999945 0.02199
0.00022999988868832588 0.0010000000000012221 0.02215
38.861099999863654 -0.3410000000000011 0.02000
5.9999991208314896e-05 -0.0129999999999999 0.02000
22.135110000148416 0.04100000000000037 0.02000
2.9204199998639524 0.14199999999999946 0.02295
5.9999991208314896e-05 -0.03500000000000014 0.02278
11.936500000301749 0.3420000000000005 0.02188
0.0001300000585615635 0.01699999999999946 0.02185
6.111509999725968 0.017000000000001236 0.02185
0.00015999982133507729 -0.012000000000000455 0.02185
0.9505800004117191 -0.0259999999999998 0.02188
0.00015999982133507729 -0.012000000000000455 0.02185
8.047209999989718 -0.3420000000000005 0.02329
0.0001900000497698784 -0.01899999999999835 0.02299
14.716140000149608 -0.5850000000000009 0.02000
10.124319999944419 -0.03700000000000081 0.02000
0.0002599996514618397 -0.06899999999999906 0.02000
2.94128999998793 0.1750000000000007 0.02000
0.0002700001932680607 -0.053000000000000824 0.02000
1.9730500001460314 0.11500000000000021 0.02000
0.0002799998037517071 -0.06099999999999994 0.02000
0.9840299999341369 0.09799999999999898 0.02000
0.0002800002694129944 -0.0649999999999995 0.02000
3.005140000022948 0.1460000000000008 0.02000
6.116380000021309 0.3149999999999995 0.02360
0.0002899998798966408 -0.016000000000000014 0.02324
3.0161799998022616 0.19500000000000028 0.02222
1.970440000295639 0.09699999999999953 0.02211
0.0002999999560415745 -0.036999999999999034 0.02204
1.9385099997743964 0.09399999999999942 0.02197
0.0002999999560415745 0.0039999999999995595 0.02187
2.99225000012666 0.1739999999999995 0.02187
0.0002999999560415745 -0.02999999999999936 0.02190
1.0160400001332164 0.06900000000000084 0.02191
0.0002999999560415745 -0.03700000000000081 0.02194
5.019460000097752 0.10500000000000043 0.02203
0.0002999999560415745 0.013999999999999346 0.02224
3.9848699998110533 -0.05599999999999916 0.02194
0.0002999999560415745 -0.03700000000000081 0.02199
22.952690000180155 -0.7210000000000001 0.02000
3.989300000015646 -0.05299999999999905 0.02000
122.3580100000836 0.3229999999999986 0.02261
0.0002699997276067734 0.08800000000000097 0.02248
2.9902400001883507 -0.11800000000000033 0.02277
0.0002700001932680607 -0.002000000000000668 0.02318
4.017629999667406 -0.12299999999999933 0.02000
0.0002800002694129944 0.022999999999999687 0.02000
1.9693499999120831 -0.04699999999999882 0.02000
0.0002899998798966408 0.02099999999999902 0.02000
1.0343400002457201 -0.08499999999999908 0.02000
0.0002799998037517071 0.0519999999999996 0.02000
3.9542200001887977 -0.120000000000001 0.02000
0.0002899998798966408 -0.0019999999999988916 0.02000
0.9989399998448789 -0.10400000000000098 0.02000
0.0002899998798966408 0.07000000000000028 0.02000
0.9949500001966953 -0.07099999999999973 0.02000
6.983450000174344 -0.13100000000000023 0.02000
0.00033999979496002197 0.016000000000000014 0.02000
4.99642000021413 0.04100000000000037 0.02000
6.07473999960348 0.16999999999999993 0.02000
0.0002900003455579281 0.03700000000000081 0.02000
2.888669999781996 0.03799999999999848 0.02000
1.143900000024587 0.07399999999999984 0.02000
0.0002899998798966408 0.012000000000000455 0.02000
0.8537800000049174 -0.0039999999999995595 0.02000
0.0002900003455579281 0.019999999999999574 0.02000
2.985630000010133 0.08399999999999963 0.02295
0.0002799998037517071 0.05000000000000071 0.02303
2.092360000126064 0.05599999999999916 0.02239
0.0002799998037517071 0.005000000000000782 0.02267
5.030580000020564 0.12400000000000055 0.02199
4.879329999908805 0.14899999999999913 0.02185
0.000260000117123127 0.022999999999999687 0.02185
0.9630599999800324 -0.010999999999999233 0.02185
4.07427000021562 0.12700000000000067 0.02202
0.00023999996483325958 0.049999999999998934 0.02199
4.938970000017434 0.038000000000000256 0.02226
0.00021999981254339218 0.05000000000000071 0.02222
3.053929999936372 -0.023000000000001464 0.02236
0.0002200002782046795 0.04600000000000115 0.02230
2.948249999899417 -0.012000000000000455 0.02250
11.0838399999775 -0.3149999999999995 0.02185
0.00015999982133507729 0.07199999999999918 0.02185
6.000250000040978 -0.30299999999999905 0.02231
1.9648500001057982 -0.09100000000000108 0.02274
0.0001300000585615635 0.012000000000000455 0.02305
0.997270000167191 -0.08200000000000074 0.02318
1.8052799999713898 -0.06299999999999883 0.02000
0.00010999990627169609 0.04699999999999882 0.02000
1.1864700000733137 -0.08499999999999908 0.02000
1.8066099998541176 -0.041999999999999815 0.02000
0.00010999990627169609 0.031000000000000583 0.02000
1.0003900001756847 -0.02400000000000091 0.02000
1.9921699999831617 -0.09200000000000053 0.02000
0.9961399999447167 0.02000000000000135 0.02000
8.00001434981823e-05 0.05699999999999861 0.02000
6.029579999856651 -0.04499999999999993 0.02000
4.9999915063381195e-05 0.030000000000001137 0.02000
1.1397899999283254 0.013999999999999346 0.02000
4.094140000175685 0.025000000000000355 0.02000
3.9999838918447495e-05 0.04800000000000004 0.02000
1.8744300003163517 0.025000000000000355 0.02000
7.134989999700338 0.19899999999999984 0.02238
0.0025100000202655792 0.032999999999999474 0.02251
1.8909499999135733 0.07699999999999996 0.02220
2.00001522898674e-05 -0.0259999999999998 0.02209
3.0375500000081956 0.15799999999999947 0.02190
3.9999838918447495e-05 -0.04400000000000048 0.02188
6.90915000019595 0.28000000000000114 0.02202
7.00000673532486e-05 -0.0600000000000005 0.02203
0.9999599996954203 0.04300000000000104 0.02198
8.00001434981823e-05 -0.030000000000001137 0.02206
16.97088999999687 -0.19500000000000028 0.02190
1.8748900000937283 -0.08199999999999896 0.02207
0.00016999989748001099 -0.04300000000000104 0.02202
7.229460000060499 -0.16799999999999926 0.02302
0.0002000001259148121 -0.022999999999999687 0.02277
2.931760000064969 -0.041999999999999815 0.02348
0.00020999973639845848 -0.021000000000000796 0.02317
7.013240000233054 -0.002000000000000668 0.02000
0.00021999981254339218 -0.008999999999998565 0.02325
5.933279999997467 0.038000000000000256 0.02343
0.0002500000409781933 -0.018000000000000682 0.02311
12.044730000197887 0.19299999999999962 0.02239
0.0002699997276067734 -0.023999999999999133 0.02224
1.988890000153333 0.06299999999999883 0.02224
0.0002799998037517071 -0.032999999999999474 0.02214
0.9077500002458692 0.05000000000000071 0.02218
0.0002799998037517071 -0.03300000000000125 0.02209
2.080620000138879 0.0840000000000014 0.02204
0.0002899998798966408 -0.0030000000000001137 0.02192
3.9274699999950826 0.1639999999999997 0.02185
0.0002899998798966408 -0.041999999999999815 0.02185
2.0586600000970066 0.07199999999999918 0.02186
0.0002899998798966408 -0.0129999999999999 0.02190
2.8502500001341105 0.0860000000000003 0.02193
19.018159999977797 -0.18299999999999983 0.02189
0.0002999999560415745 0.012000000000000455 0.02185
5.008930000010878 -0.2480000000000011 0.02262
0.0003100000321865082 -0.03200000000000003 0.02247
2.030989999882877 -0.0909999999999993 0.02340
0.0002800002694129944 -0.02200000000000024 0.02311
6.982129999902099 -0.15600000000000058 0.02000
0.0002700001932680607 -0.03399999999999892 0.02000
122.33914999989793 1.0949999999999989 0.02370
0.00022999988868832588 0.13000000000000078 0.02422
2.9958000001497567 -0.39199999999999946 0.02229
0.00023999996483325958 0.13399999999999856 0.02258
1.9992399998009205 -0.1999999999999993 0.02209
0.0002500000409781933 0.07199999999999918 0.02211
2.9947399999946356 -0.22100000000000009 0.02186
0.0002700001932680607 0.02800000000000047 0.02185
1.994349999818951 -0.10699999999999932 0.02186
0.0002700001932680607 0.04100000000000037 0.02188
12.969909999985248 -0.17600000000000016 0.02210
0.0002799998037517071 0.02200000000000024 0.02223
12.04135000007227 0.07699999999999996 0.02190
0.0002999999560415745 0.049999999999998934 0.02191
1.9303700001910329 -0.03500000000000014 0.02188
5.022750000003725 -0.06799999999999962 0.02198
0.0002899998798966408 0.0649999999999995 0.02198
0.9533000001683831 -0.07000000000000028 0.02200
