0.0 0.0 0.08997
0.01146999979391694 0.24200000000000088 0.09752
7.948390000034124 0.08399999999999963 0.10299
0.03239999990910292 -0.5560000000000009 0.07653
1.0641200002282858 0.2680000000000007 0.08476
1.908629999961704 -0.1899999999999995 0.07409
11.079759999644011 0.3179999999999996 0.10060
1.0255400002934039 0.2339999999999982 0.10798
3.903260000050068 -0.2259999999999991 0.10113
0.03376000002026558 -0.04400000000000048 0.09034
2.0717199998907745 0.07600000000000051 0.09513
35.82562999986112 -0.6259999999999994 0.06093
0.8877600003033876 -0.031000000000000583 0.06521
13.20246999990195 0.0990000000000002 0.06403
8.786969999782741 0.16000000000000014 0.07193
0.9570700000040233 -0.19200000000000017 0.06255
1.1315200002864003 0.15499999999999936 0.07658
0.8643499999307096 -0.18299999999999983 0.06129
6.975920000113547 0.04400000000000048 0.06329
0.2985999998636544 0.028999999999999915 0.07074
1.807459999807179 -0.19500000000000028 0.05608
4.056379999965429 0.12400000000000055 0.06719
4.978810000233352 0.36799999999999855 0.08740
0.12110000010579824 -0.11399999999999899 0.07383
0.7197900000028312 0.05299999999999905 0.08375
0.2626600000075996 -0.04699999999999882 0.07415
0.8969999998807907 0.15499999999999936 0.09028
0.1408500000834465 0.05000000000000071 0.08577
6.713949999772012 0.24299999999999855 0.10948
0.26391000021249056 -0.20399999999999707 0.08819
0.9208499998785555 -0.03400000000000247 0.09373
0.08330000005662441 -0.03599999999999781 0.08399
13.833240000065416 0.16499999999999915 0.09405
9.873589999973774 0.3290000000000006 0.12477
2.0318100000731647 -0.3230000000000004 0.09443
0.9413899998180568 -0.05700000000000216 0.09090
1.9811800001189113 0.1280000000000001 0.09909
0.99222999997437 -0.05999999999999872 0.09520
2.2065300000831485 0.1440000000000019 0.10460
0.7905599996447563 -0.0920000000000023 0.09850
1.048369999974966 -0.029999999999997584 0.09661
2.0073600001633167 0.08799999999999741 0.10239
5.020700000226498 0.08800000000000097 0.10825
1.0556699996814132 -0.4280000000000008 0.08113
1.0471999999135733 0.25400000000000134 0.09668
2.039560000412166 -0.03999999999999915 0.09418
3.9972199997864664 -0.14700000000000202 0.08511
0.99654999980703 0.32700000000000173 0.10595
2.87933999998495 -0.1960000000000015 0.09310
1.986340000294149 0.20400000000000063 0.10655
2.0375600000843406 -0.20800000000000196 0.09285
1.987979999743402 0.21799999999999997 0.10723
10.030470000114292 -0.6519999999999975 0.06827
3.9511400000192225 0.36400000000000077 0.08855
0.02204999979585409 -0.25200000000000067 0.08090
1.9659400000236928 0.0909999999999993 0.08625
1.0660900003276765 0.31899999999999906 0.09850
0.8916399995796382 -0.4289999999999985 0.07982
0.00812000036239624 0.09600000000000009 0.07824
6.0253800000064075 -0.06099999999999994 0.07495
0.9842799999751151 0.20199999999999818 0.09411
0.012129999697208405 0.06500000000000128 0.09040
1.98827000008896 -0.18100000000000094 0.08691
0.008119999896734953 -0.14599999999999902 0.07172
0.9927199999801815 0.11599999999999788 0.07796
0.9810200002975762 -0.023999999999997357 0.07669
0.011380000039935112 -0.15100000000000158 0.07517
2.032369999680668 0.0010000000000012221 0.06877
4.965350000187755 0.18599999999999817 0.08583
1.001749999821186 -0.12199999999999811 0.07209
2.9852900002151728 0.10999999999999766 0.08511
1.0288900001905859 -0.4859999999999989 0.05479
5.985509999562055 0.31400000000000006 0.06887
104.3699500001967 0.8209999999999997 0.12834
1.9950999999418855 -0.19399999999999906 0.11479
0.9955299999564886 -0.006000000000000227 0.11438
3.0139200002886355 -0.08500000000000085 0.10020
0.9997600000351667 -0.045999999999999375 0.09726
0.9853699998930097 0.28600000000000136 0.12519
3.022309999912977 -0.6360000000000028 99.99000
0.9674499998800457 0.6290000000000013 0.12470
0.023610000032931566 -0.5429999999999993 0.08108
0.9992700000293553 0.13200000000000145 0.08892
0.9758399999700487 -0.03300000000000125 0.09456
0.0235899998806417 0.17999999999999972 0.09817
1.9751500003039837 0.16499999999999915 0.11778
9.967279999982566 0.1490000000000009 0.12820
0.033460000064224005 -0.5470000000000006 0.08375
0.9859799998812377 -0.062000000000001165 0.08010
5.045069999992847 0.054000000000002046 0.08328
0.9944600001908839 -0.05000000000000071 0.08039
0.9995899996720254 0.04200000000000159 0.09022
2.9152000001631677 0.264999999999997 0.10750
0.021929999813437462 -0.12299999999999756 0.09140
0.9765900000929832 0.36400000000000077 0.12421
1.0477100000716746 -0.5260000000000034 0.08165
0.9537100000306964 -0.1039999999999992 0.08275
1.0405399999581277 0.13100000000000023 0.08322
1.9433399997651577 -0.14599999999999902 0.08188
1.0206699999980628 0.06099999999999817 0.07836
4.096580000128597 0.043000000000002814 0.08807
1.9945300002582371 0.134999999999998 0.09655
0.019419999793171883 -0.34199999999999875 0.06957
0.9501200001686811 0.1739999999999995 0.08607
0.8918900000862777 0.1509999999999998 0.09545
0.023629999719560146 -0.22499999999999964 0.07479
0.9720900002866983 -0.136000000000001 0.07415
0.030289999675005674 0.0840000000000014 0.07209
0.9747000001370907 -0.07000000000000028 0.07490
3.007170000113547 -0.10599999999999987 0.06338
0.012139999773353338 0.3670000000000009 0.09003
2.0779699999839067 -0.14000000000000057 0.08165
1.0486300000920892 -0.10300000000000153 0.06937
0.9420400001108646 0.07400000000000162 0.07999
0.029430000111460686 -0.09000000000000163 0.06857
1.9689699998125434 0.036000000000001364 0.07038
5.874549999833107 0.04800000000000004 0.07965
9.182870000135154 0.017999999999998906 0.07388
0.033919999841600657 -0.20800000000000018 0.06947
0.8674699999392033 0.1620000000000008 0.07146
0.13300999999046326 -0.1490000000000009 0.07013
1.933820000384003 0.15300000000000047 0.07167
1.9353399998508394 -0.09600000000000009 0.06684
0.904209999833256 0.18599999999999994 0.08346
0.015110000036656857 -0.09999999999999964 0.07110
0.968850000295788 0.07000000000000028 0.07484
0.05350999999791384 0.2159999999999993 0.09488
0.9420099998824298 -0.16399999999999793 0.07763
0.01561999972909689 -0.16500000000000092 0.07538
0.9841500003822148 0.054999999999999716 0.07172
0.06079000001773238 0.12199999999999811 0.08547
1.158539999742061 -0.006999999999997897 0.07791
3.7406999999657273 0.12300000000000111 0.09259
5.136909999884665 -0.0870000000000033 0.08721
5.987690000329167 0.25 0.10319
1.0450299996882677 -0.09899999999999665 0.08886
2.98376000020653 0.20199999999999818 0.10179
0.038819999899715185 -0.17800000000000082 0.09824
0.9921500002965331 0.2959999999999994 0.11834
7.887929999735206 -0.26599999999999824 0.09222
1.0832899999804795 0.15800000000000125 0.11085
0.0229199999012053 -0.13800000000000168 0.09348
0.9282700000330806 0.0019999999999988916 0.09360
1.0563600002788007 -0.1269999999999989 0.09341
0.049300000071525574 0.09600000000000009 0.09165
0.9621299998834729 0.021000000000000796 0.10100
3.9282399998046458 0.1319999999999979 0.10989
1.0107200001366436 -0.046999999999997044 0.10669
4.969980000052601 -0.4220000000000024 0.08016
0.9959700000472367 0.2840000000000007 0.08966
5.947399999946356 0.3509999999999991 0.11285
0.11421999987214804 -0.16799999999999926 0.10976
9.87664999999106 -0.06899999999999906 0.10507
0.03009000001475215 -0.13100000000000023 0.08868
1.9248399999924004 0.21600000000000108 0.10246
0.10189000004902482 0.0779999999999994 0.11625
2.1031399997882545 -0.15500000000000114 0.09746
1.76899000024423 0.12900000000000134 0.10595
5.062049999833107 -0.08699999999999974 0.10846
0.003930000122636557 -0.25400000000000134 0.08428
1.969190000090748 0.10899999999999821 0.09876
0.003909999970346689 0.2700000000000031 0.10859
4.92934999987483 -0.05900000000000105 0.11299
0.15255000023171306 -0.004999999999999005 0.10419
2.0076299998909235 -0.14700000000000202 0.10266
0.019359999801963568 0.17099999999999937 0.10588
3.948009999934584 -0.29999999999999716 0.08655
0.9546000002883375 0.22699999999999676 0.10928
0.9857700001448393 0.09500000000000242 0.10730
1.044759999960661 -0.10200000000000031 0.10053
5.905809999909252 0.1999999999999993 0.12267
5.113140000030398 -0.7349999999999994 0.07560
1.84753999998793 0.3219999999999992 0.09469
0.09247000003233552 0.11400000000000077 0.09405
1.996369999833405 0.09100000000000108 0.10825
0.015320000238716602 -0.23799999999999955 0.08499
5.001199999824166 0.0329999999999977 0.09469
0.019510000012815 -0.036999999999999034 0.08481
1.8583599999547005 -0.1769999999999996 0.08165
5.025989999994636 -0.0940000000000012 0.07636
7.011950000189245 -0.058999999999999275 0.06689
5.913229999598116 0.03999999999999915 0.06887
1.0713900001719594 -0.09499999999999886 0.07033
0.05030999984592199 0.2569999999999997 0.07746
1.9115500003099442 -0.1980000000000004 0.06709
0.10209999978542328 -0.016000000000000014 0.07256
1.9418700002133846 0.0039999999999995595 0.07277
1.962210000026971 -0.10199999999999854 0.06178
3.091449999716133 0.10299999999999976 0.07282
0.01069999998435378 0.06099999999999994 0.06957
0.9243700001388788 -0.07600000000000051 0.06588
1.98462999984622 0.3279999999999994 0.09084
2.0590800000354648 -0.2889999999999997 0.07409
0.017729999963194132 0.2370000000000001 0.08033
2.9179700003005564 -0.27699999999999925 0.07198
0.008049999829381704 0.23399999999999999 0.07791
1.0231200000271201 -0.049000000000001265 0.08217
0.01273000007495284 0.05599999999999916 0.07836
1.953819999936968 -0.06599999999999895 0.07468
5.980830000247806 -0.06400000000000006 0.07796
1.0718599995598197 0.21199999999999974 0.08299
3.9291000002995133 0.018000000000000682 0.08405
1.0156700001098216 -0.09600000000000009 0.08571
2.0044199996627867 0.5180000000000007 0.11988
0.02732000034302473 -0.522000000000002 0.07836
2.9988799998536706 -0.06999999999999851 0.07452
0.9564499999396503 -0.15799999999999947 0.07266
2.0267799999564886 0.2240000000000002 0.07813
0.9644700000062585 0.021000000000000796 0.08649
0.02483000000938773 -0.10100000000000087 0.07372
0.9934200001880527 0.3680000000000003 0.09545
1.9930599997751415 0.08399999999999963 0.10086
1.0044599999673665 -0.28800000000000026 0.08287
0.9998500002548099 -0.038000000000000256 0.08073
0.9933099998161197 0.09299999999999997 0.08619
109.38469000020996 -0.7249999999999996 99.99000
4.976259999908507 0.19099999999999895 0.06417
1.0032999999821186 -0.10999999999999943 0.05922
0.025289999786764383 -0.031000000000000583 0.05292
1.9914800003170967 0.10000000000000142 0.05694
1.9882199997082353 -0.03200000000000003 0.05559
3.0221299999393523 -0.05200000000000138 0.05858
0.9454600000753999 0.04600000000000115 0.06058
0.02217000024393201 -0.06400000000000006 0.05284
2.0142500000074506 0.06799999999999962 0.06075
0.9575099996291101 -0.019000000000000128 0.05992
0.018240000121295452 0.054999999999999716 0.05698
0.9851999999955297 -0.07899999999999885 0.05888
0.014090000186115503 0.032999999999999474 0.05511
3.967410000041127 0.24399999999999977 0.07203
0.02282000007107854 -0.15399999999999991 0.05884
1.0417100000195205 -0.06600000000000072 0.05608
0.014639999717473984 0.25700000000000145 0.07399
1.914650000166148 -0.018000000000000682 0.07303
0.023019999731332064 0.04299999999999926 0.06887
1.0218100002966821 -0.24599999999999866 0.06301
8.054930000100285 0.23999999999999844 0.06862
0.9960799999535084 -0.05999999999999872 0.07183
0.9897099998779595 0.16799999999999926 0.07415
0.007999999914318323 0.08799999999999919 0.08619
0.9951900001615286 -0.08599999999999852 0.07431
0.9952699998393655 -0.12600000000000122 0.06782
1.0185699998401105 -0.0259999999999998 0.06655
0.9653400001116097 0.31400000000000006 0.08334
0.007149999961256981 0.004000000000001336 0.09109
0.9953800002112985 -0.08300000000000196 0.08601
0.9197299997322261 0.045000000000001705 0.08874
0.9654800002463162 0.03999999999999915 0.09121
3.0016600000672042 0.11200000000000188 0.09837
1.1124100000597537 0.48499999999999943 0.13168
0.8742099995724857 -0.30100000000000193 0.11072
3.990310000255704 -0.4449999999999985 0.08223
0.9955600001849234 0.24499999999999922 0.09733
1.0097799999639392 -0.2839999999999989 0.07999
12.14667999977246 0.4789999999999992 0.11037
1.0073000001721084 -0.09100000000000108 0.10419
0.9874799996614456 0.15500000000000114 0.11479
3.0178600000217557 -0.1670000000000016 0.10339
1.019340000115335 0.6700000000000017 0.14913
3.7510100002400577 -0.7349999999999994 0.09909
5.011810000054538 -0.4150000000000009 0.07425
6.22645999956876 0.4399999999999995 0.10073
61.70922000007704 0.21000000000000085 0.11500
1.9913000003434718 -0.23400000000000176 0.09915
1.1735199997201562 0.5899999999999999 0.13970
1.9257399998605251 -1.0699999999999985 0.07090
1.0003000004217029 0.386000000000001 0.09310
2.0151399997994304 -0.0070000000000014495 0.09266
6.029149999842048 -0.3739999999999988 0.07115
11.782990000210702 0.032999999999999474 0.07287
4.171899999957532 0.43599999999999817 0.09876
1.9967499999329448 -0.6579999999999977 0.06201
1.9142399998381734 -0.0860000000000003 0.05824
1.0749500002712011 0.13400000000000034 0.06422
3.9893800001591444 0.19799999999999862 0.07415
1.8490899996832013 -0.1349999999999998 0.06724
12.107580000068992 0.4100000000000019 0.09003
0.9887500000186265 -0.08500000000000085 0.08487
10.971700000111014 0.472999999999999 0.11576
10.96798999980092 1.2119999999999997 0.17691
1.9697000002488494 -0.9819999999999993 0.13182
