0.0 0.0 0.04183
1.7437899997457862 -0.15799999999999947 0.03762
0.024550000205636024 0.07299999999999862 0.04060
1.960699999704957 0.005000000000000782 0.03960
0.02314000017940998 0.07499999999999929 0.04287
0.9910800000652671 -0.16799999999999926 0.03726
9.005739999935031 0.11100000000000065 0.04123
0.04130000015720725 -0.009999999999999787 0.03982
16.112289999611676 0.07599999999999874 0.04191
1.030560000333935 0.2789999999999999 0.05254
0.8649299996905029 -0.17900000000000027 0.04490
0.12583000026643276 -0.04899999999999949 0.04468
0.9939099997282028 0.1509999999999998 0.04971
1.7375500001944602 -0.33699999999999974 0.03937
0.13988000014796853 0.3460000000000001 0.04856
0.8542799996212125 -0.02999999999999936 0.04654
0.0027300002984702587 0.16699999999999982 0.05523
0.9950699997134507 -0.2140000000000004 0.04503
0.002770000137388706 0.05000000000000071 0.04908
0.1631499999202788 -0.038000000000000256 0.04637
0.8285400001332164 -0.04100000000000037 0.04413
0.27791000017896295 0.25900000000000034 0.05587
0.7257900000549853 -0.24399999999999977 0.04459
0.2688699997961521 -0.0389999999999997 0.04563
0.7183699999004602 0.028999999999999915 0.04428
0.13598000025376678 -0.015000000000000568 0.04475
0.14867000002413988 -0.08399999999999963 0.04346
0.7177699999883771 -0.009000000000000341 0.04319
0.008589999750256538 0.10299999999999976 0.04413
0.9939600001089275 -0.08200000000000074 0.04382
0.14942000014707446 0.08900000000000041 0.04528
0.008919999934732914 0.06300000000000061 0.04634
1.836499999742955 0.5600000000000005 0.07319
0.9989300002343953 1.3999999999999986 99.99000
9.001329999882728 -1.9859999999999989 0.04787
0.14748999988660216 -0.1070000000000011 0.04313
0.10005000000819564 -0.0129999999999999 0.04188
7.887899999972433 -0.06599999999999895 0.04087
0.03666000021621585 0.08499999999999908 0.04459
0.8802800001576543 -0.08199999999999896 0.04096
0.08087999979034066 -0.136000000000001 0.03847
0.948609999846667 0.24900000000000055 0.04557
0.03423000033944845 -0.1769999999999996 0.03924
1.9045400000177324 0.058999999999999275 0.04200
3.0033799996599555 -0.057000000000000384 0.04041
1.0855200001969934 0.05000000000000071 0.04062
0.9004999999888241 0.33199999999999896 0.05280
0.10210999986156821 -0.22399999999999842 0.04373
6.018110000062734 -0.3360000000000003 0.03597
10.973980000242591 0.13599999999999923 0.03929
0.002859999891370535 0.006999999999999673 0.03839
0.9826499996706843 -0.058999999999999275 0.03695
0.027910000178962946 0.1739999999999995 0.04266
0.019450000021606684 -0.14700000000000024 0.03688
0.9347000000998378 -0.005999999999998451 0.03674
0.9486599997617304 -0.0860000000000003 0.03641
0.06827000016346574 0.09600000000000009 0.03770
0.03269999986514449 0.0389999999999997 0.03792
0.947029999922961 0.038000000000000256 0.04079
1.010270000435412 -0.2510000000000012 0.03467
0.002849999815225601 0.1509999999999998 0.03714
1.027720000129193 0.16600000000000037 0.04266
1.973419999703765 -0.009000000000000341 0.04240
0.9803700000047684 -0.15399999999999991 0.03721
1.9612400000914931 0.3030000000000008 0.04703
4.034460000228137 -0.34299999999999997 0.03627
1.008629999589175 -0.2140000000000004 0.03264
0.9576900000683963 -0.02999999999999936 0.03207
1.034690000116825 0.4480000000000004 0.04269
0.9488200000487268 -0.18100000000000094 0.03681
0.05500999977812171 0.0470000000000006 0.03900
4.958790000062436 -0.0129999999999999 0.03762
1.987280000001192 -0.20300000000000118 0.03315
0.01986000034958124 0.06900000000000084 0.03394
0.010119999758899212 0.391 0.04608
0.97685999982059 -0.4450000000000003 0.03345
0.013170000165700912 0.3849999999999998 0.04419
0.012510000262409449 -0.30299999999999905 0.03452
2.991069999989122 0.14100000000000001 0.03958
0.0029499996453523636 -0.14200000000000124 0.03450
0.995240000076592 0.2110000000000003 0.04146
1.979859999846667 -0.10200000000000031 0.03872
0.012620000168681145 -0.09999999999999964 0.03469
134.3699900000356 0.1639999999999997 0.03929
0.02634999994188547 -0.42900000000000027 0.03096
0.9916900000534952 -0.20599999999999952 0.02779
5.992289999965578 0.7520000000000007 0.04165
0.008210000116378069 0.35799999999999876 0.05649
1.0051899999380112 -0.6549999999999994 0.03500
4.9693999998271465 0.21300000000000097 0.04016
0.005190000403672457 -0.3230000000000004 0.03357
0.0028899996541440487 0.2110000000000003 0.03660
9.000330000184476 0.06999999999999851 0.03829
0.005439999978989363 0.049000000000001265 0.04151
3.938730000052601 -0.08399999999999963 0.03817
2.0061099999584258 -0.0070000000000014495 0.03726
0.007429999765008688 0.06800000000000139 0.04087
7.015460000373423 -0.17300000000000004 0.03487
5.973699999973178 -0.08200000000000074 0.03465
0.03815999999642372 0.02800000000000047 0.03373
0.9847200000658631 -0.017000000000001236 0.03400
2.9678299999795854 0.04400000000000048 0.03429
0.007499999832361937 -0.06299999999999883 0.03448
0.9771300000138581 0.03799999999999848 0.03440
5.973290000110865 0.25400000000000134 0.04168
1.9718499998562038 -0.1980000000000004 0.03561
0.01660999981686473 0.03399999999999892 0.03570
0.016420000232756138 0.07000000000000028 0.03913
1.960990000050515 -0.09600000000000009 0.03579
0.02634999994188547 0.2530000000000001 0.04352
0.9846199997700751 -0.129999999999999 0.03799
0.09481000015512109 -0.10100000000000087 0.03629
0.8896699999459088 0.0519999999999996 0.03753
1.018530000001192 -0.21199999999999974 0.03373
8.085130000021309 0.1880000000000006 0.03695
0.0411999998614192 0.0129999999999999 0.03829
4.822740000206977 0.04499999999999993 0.03837
0.020829999819397926 -0.028999999999999915 0.03870
7.960700000170618 0.10899999999999999 0.04046
0.013559999875724316 0.05000000000000071 0.04307
15.101650000084192 -0.12400000000000055 0.03960
0.03556000022217631 0.19899999999999984 0.04407
1.9799899999052286 -0.009000000000000341 0.04379
0.9057299997657537 -0.014999999999998792 0.04334
1.060400000307709 0.0259999999999998 0.04544
2.959030000027269 0.10699999999999932 0.04901
0.026689999736845493 -0.12899999999999956 0.04257
0.03044999996200204 0.004999999999999005 0.04361
3.8986400002613664 0.0600000000000005 0.04453
0.9127599997445941 -0.07600000000000051 0.04313
1.070280000101775 0.13400000000000034 0.04737
3.9772100001573563 0.23900000000000077 0.05798
2.935289999935776 -0.22900000000000098 0.04670
0.03438999969512224 0.03700000000000081 0.04897
7.022580000106245 0.06899999999999906 0.05036
1.0724499998614192 -0.07499999999999929 0.04876
0.9589200001209974 0.11100000000000065 0.05168
0.10959000000730157 -0.09800000000000075 0.05072
0.8376799998804927 0.06700000000000017 0.05054
0.11091000027954578 0.03500000000000014 0.05296
0.036530000157654285 0.09999999999999964 0.05871
0.8945499998517334 -0.1750000000000007 0.05018
0.03396000014618039 0.2400000000000002 0.06156
1.951529999729246 -0.06899999999999906 0.05854
0.9685599999502301 -0.20000000000000107 0.04915
0.14360000006854534 0.12600000000000122 0.05265
2.8571399999782443 0.019000000000000128 0.05624
1.0519300000742078 -0.05200000000000138 0.05254
1.9614099999889731 -0.2759999999999998 0.04450
1.0208399998955429 0.22000000000000064 0.04939
0.007430000230669975 0.12400000000000055 0.05519
3.0506199998781085 -0.004000000000001336 0.05673
1.0196299999952316 -0.03799999999999848 0.05239
0.8199700000695884 -0.12400000000000055 0.04897
0.9622999997809529 0.15899999999999892 0.05661
0.003860000055283308 -0.14499999999999957 0.04842
2.150700000114739 -0.22299999999999898 0.04231
0.8356800000183284 0.2789999999999999 0.05039
1.161450000014156 0.019000000000000128 0.05381
3.016530000139028 -0.870000000000001 0.03040
1.9268499999307096 0.5250000000000004 0.04016
0.05456999968737364 0.1850000000000005 0.04657
0.019360000267624855 -0.4770000000000003 0.03484
1.9786899997852743 0.30100000000000016 0.04123
0.006580000277608633 0.12100000000000044 0.04615
0.007619999814778566 -0.02400000000000091 0.04316
1.9726999998092651 -0.0009999999999994458 0.04534
0.03534000040963292 0.0009999999999994458 0.04407
0.95337999984622 -0.022999999999999687 0.04337
1.8930199998430908 -0.034000000000000696 0.04538
0.13969000009819865 -0.013999999999999346 0.04112
0.85583999985829 0.031000000000000583 0.04592
0.14014000026509166 -0.06400000000000006 0.04104
0.8332099998369813 0.15499999999999936 0.04897
0.9881700002588332 -0.17900000000000027 0.04154
0.2130999998189509 -0.031000000000000583 0.03877
0.7737599997781217 0.06099999999999994 0.03971
0.04201000044122338 -0.045999999999999375 0.04272
0.9772899998351932 0.07499999999999929 0.04049
0.8733600000850856 0.10100000000000087 0.04337
1.1017100000753999 -0.17600000000000016 0.04272
1.980219999793917 -0.03999999999999915 0.03753
1.0741200000047684 0.0009999999999994458 0.03817
7.935209999792278 -0.30400000000000027 0.03120
0.9992300001904368 0.4499999999999993 0.04137
0.01799000008031726 -0.23799999999999955 0.03911
0.18813000014051795 0.20000000000000107 0.04101
0.7884099995717406 -0.20400000000000063 0.03532
0.022470000199973583 0.19500000000000028 0.04453
0.9571000002324581 -0.11500000000000021 0.03716
0.97340999962762 0.002000000000000668 0.03721
1.1530300001613796 -0.07800000000000118 0.03667
0.0838000001385808 0.08900000000000041 0.03809
0.8214199999347329 0.14300000000000068 0.04582
0.932109999936074 -0.1590000000000007 0.04107
0.21879999991506338 -0.04299999999999926 0.03667
0.7210900001227856 0.12899999999999956 0.03924
0.19142000004649162 -0.08000000000000007 0.03968
0.9035299997776747 0.06199999999999939 0.03877
0.18396000005304813 -0.07399999999999984 0.03755
0.811370000243187 -0.0030000000000001137 0.03688
1.1452399999834597 0.07099999999999973 0.04121
1.038729999680072 -0.0990000000000002 0.03681
1.8045300003141165 0.07000000000000028 0.03789
2.090889999642968 -0.007999999999999119 0.03832
2.805180000141263 -0.09600000000000009 0.03916
0.04254999989643693 0.1980000000000004 0.04033
2.221590000204742 -0.04499999999999993 0.03979
0.8182000000961125 -0.03200000000000003 0.03832
0.02626999979838729 0.18799999999999883 0.04845
5.958310000132769 -0.08399999999999963 99.99000
0.019330000039190054 -0.1609999999999996 0.04087
2.1636899998411536 0.038000000000000256 0.03847
2.7051099999807775 -0.0470000000000006 0.03671
0.10724000027403235 0.13599999999999923 0.04459
3.9564199997112155 0.08700000000000152 0.04740
0.22068999987095594 -0.08999999999999986 0.04073
1.7936800001189113 0.1269999999999989 0.04367
1.1802699998952448 0.002000000000000668 0.04680
1.7795600001700222 -0.017000000000001236 0.04322
1.0363300000317395 -0.09999999999999964 0.04487
4.967699999921024 0.18200000000000038 0.04576
0.028140000067651272 -0.23199999999999932 0.04334
3.174509999807924 0.11099999999999888 0.04281
36.720240000169724 -0.31400000000000006 0.03782
78.46719999983907 0.14300000000000068 0.03755
0.9965600003488362 0.09500000000000064 0.03998
1.9968399996869266 -0.12600000000000122 0.03681
0.9964100001379848 -0.2240000000000002 0.03209
0.9965300001204014 0.14700000000000024 0.03506
7.995129999704659 -0.2969999999999988 0.02952
4.9863599999807775 -0.19000000000000128 0.02687
0.02582000009715557 -0.007999999999999119 0.02885
2.986860000062734 0.0019999999999988916 0.02888
0.9964399999007583 -0.02499999999999858 0.02852
3.9761399999260902 0.03200000000000003 0.02899
0.9928100001998246 -0.07200000000000095 0.02604
1.0199299999512732 0.014000000000001123 0.02815
1.9733700002543628 0.0259999999999998 0.02650
3.236929999664426 0.02499999999999858 0.02711
0.7721000001765788 -0.013999999999999346 0.02868
2.971830000169575 0.125 0.02826
0.017869999632239342 -0.05299999999999905 0.02978
3.993830000050366 0.09199999999999875 0.03133
0.22093999991193414 0.04300000000000104 0.02987
3.747440000064671 0.07099999999999973 0.03063
0.015320000238716602 0.14599999999999902 0.03667
1.9934499999508262 0.002000000000000668 0.03337
0.011440000031143427 -0.019999999999999574 0.03625
2.28556999983266 -0.016000000000000014 0.03315
0.707969999872148 0.05299999999999905 0.03712
2.047420000191778 0.03700000000000081 0.03448
0.9766400000080466 0.2530000000000001 0.04060
0.015250000171363354 -0.28200000000000003 0.03731
1.9677099999971688 0.1379999999999999 0.03693
0.9700199998915195 -0.04499999999999993 0.03966
1.9857899998314679 0.15199999999999925 0.03960
0.007500000298023224 -0.11599999999999966 0.04062
4.975699999835342 0.21000000000000085 0.04220
0.007379999849945307 0.19899999999999984 0.05416
1.284260000102222 -0.25 0.04146
0.7247199998237193 -0.051000000000000156 0.04373
2.0236600004136562 0.11899999999999977 0.04269
0.0034799999557435513 -0.028999999999999915 0.04657
0.26415999978780746 -0.002000000000000668 0.04252
1.9020000002346933 0.0990000000000002 0.04650
1.0143999997526407 -0.01699999999999946 0.04500
0.05274000018835068 0.08499999999999908 0.05028
0.9242400000803173 0.05400000000000027 0.05072
0.022349999751895666 -0.12700000000000067 0.04774
2.99134000018239 -0.053999999999998494 0.04462
0.018679999746382236 0.19299999999999962 0.05273
0.038219999987632036 -0.04400000000000048 0.04852
7.039050000254065 0.08300000000000018 0.05149
0.7362399999983609 0.031000000000000583 0.05171
0.24788999976590276 -0.4690000000000012 0.03990
0.6794500001706183 0.5180000000000007 0.05992
1.259970000013709 -0.1460000000000008 0.04911
1.033619999885559 -0.01899999999999835 0.04950
0.6826200000941753 0.08299999999999841 0.05644
1.0841500000096858 0.09600000000000009 0.06053
4.281169999856502 -0.15199999999999925 0.05047
0.930810000281781 0.0009999999999994458 0.05205
1.9280599998310208 -0.07499999999999929 0.04787
0.10979000013321638 -0.11299999999999955 0.04554
1.6400099997408688 -0.06800000000000139 0.04519
0.09725000010803342 0.17300000000000004 0.04579
0.875800000037998 0.16100000000000136 0.05134
0.3482300001196563 -0.2400000000000002 0.04637
0.9056699997745454 -0.17999999999999972 0.04096
0.09446000028401613 0.22299999999999898 0.04544
0.02689999993890524 -0.0389999999999997 0.04519
0.8557199998758733 0.016000000000000014 0.04569
0.015459999907761812 -0.010999999999999233 0.04437
0.14320999989286065 0.13699999999999868 0.05145
0.8601800003089011 -0.3379999999999992 0.04062
2.139539999887347 -0.11800000000000033 0.03758
0.9879499999806285 0.1739999999999995 0.04101
3.977950000204146 0.03700000000000081 0.04328
0.015509999822825193 -0.03500000000000014 0.04109
0.7019199999049306 -0.032999999999999474 0.04296
0.986670000012964 0.03999999999999915 0.03976
1.0036499998532236 -0.04400000000000048 0.04284
4.0145400003530085 -0.08000000000000007 0.04057
1.229079999960959 -0.06899999999999906 0.03566
7.641969999764115 -0.1280000000000001 0.03568
2.1026500002481043 0.06899999999999906 0.03729
5.938439999707043 0.0810000000000013 0.03559
1.3510900000110269 -0.41100000000000136 0.02963
7.995190000161529 0.33200000000000074 0.03506
1.0189499999396503 -0.08499999999999908 0.03414
0.9554599998518825 0.07499999999999929 0.03484
0.03391000023111701 0.0600000000000005 0.03716
6.587679999880493 0.20699999999999896 0.03995
2.3852599998936057 0.019999999999999574 0.04325
1.0276399999856949 -0.0799999999999983 0.03903
1.796779999975115 -0.02200000000000024 0.04035
1.7198900002986193 0.07399999999999984 0.04413
0.20417999988421798 0.2129999999999992 0.04598
1.006190000101924 -0.12299999999999933 0.04700
0.9701199997216463 -0.10100000000000087 0.04379
0.22576000029221177 -0.07000000000000028 0.03829
0.5818499997258186 0.20000000000000107 0.04797
0.29946000035852194 -0.21899999999999942 0.03857
2.8349699997343123 0.5489999999999995 0.05443
0.2395800002850592 -0.5199999999999996 99.99000
1.0269399997778237 0.30100000000000016 0.04737
3.035050000064075 -0.0600000000000005 0.04777
0.6172600002028048 0.03500000000000014 0.04573
0.379309999756515 0.22299999999999898 0.05752
1.9974199999123812 -0.2839999999999989 0.04690
0.8011000002734363 0.07000000000000028 0.04784
0.1537299999035895 -0.03900000000000148 0.04794
4.008619999978691 -0.019000000000000128 0.04592
0.01549999974668026 0.3990000000000009 0.06310
1.9059600001201034 -0.3620000000000001 0.04856
1.857689999975264 -0.05799999999999983 0.04525
0.13683000020682812 0.22499999999999964 0.05475
1.0142099997028708 -0.038000000000000256 0.05168
1.0721599999815226 0.008000000000000895 0.05357
1.824870000127703 -0.0470000000000006 0.05025
0.10021999990567565 -0.10800000000000054 0.04557
1.0079700001515448 0.10200000000000031 0.05156
1.9473999999463558 -0.0600000000000005 0.04794
0.06908999988809228 -0.0009999999999994458 0.04690
4.804110000375658 -0.15499999999999936 0.04140
3.189799999818206 0.08699999999999974 0.04569
1.9410999999381602 -0.08800000000000097 0.04296
1.0756000000983477 0.3330000000000002 0.05608
0.9961799997836351 -0.32699999999999996 0.04441
0.7197400000877678 0.012000000000000455 0.04188
2.0160600002855062 0.008000000000000895 0.04211
1.226239999756217 0.07699999999999996 0.04753
1.9915800001472235 -0.19500000000000028 0.04035
0.02374000009149313 -0.14700000000000024 0.03765
0.0037799999117851257 0.18099999999999916 0.04046
5.681580000091344 -0.06999999999999851 0.04211
0.06692999973893166 0.053999999999998494 0.03937
3.943049999885261 -0.036999999999999034 0.03842
4.04266000026837 -0.09500000000000064 0.03613
2.9567999998107553 0.008000000000000895 0.03632
1.255840000230819 -0.053000000000000824 0.03736
1.977489999961108 -0.20500000000000007 0.03209
0.01593999983742833 -0.01699999999999946 0.03256
0.02577000018209219 0.0600000000000005 0.03234
1.9339999998919666 -0.030000000000001137 0.03178
1.9925199998542666 -0.07099999999999973 0.03105
0.03166000032797456 0.040000000000000924 0.03255
4.958899999968708 -0.030000000000001137 0.03122
1.014299999922514 0.10800000000000054 0.03410
1.9727400001138449 -0.06099999999999994 0.03207
1.027359999716282 -0.015000000000000568 0.03258
1.9927199999801815 0.1330000000000009 0.03532
1.019340000115335 -0.021000000000000796 0.03337
0.735259999986738 -0.08699999999999974 0.03423
0.047350000124424696 0.05799999999999983 0.03232
1.9470799998380244 0.19500000000000028 0.04027
2.0496700000949204 -0.031000000000000583 0.03570
2.986579999793321 0.2870000000000008 0.04316
0.027310000266879797 -0.18200000000000038 0.04234
2.9586299997754395 -0.06400000000000006 0.03664
0.03117999993264675 0.17600000000000016 0.04576
1.9054400003515184 0.13599999999999923 0.04519
1.0029199998825788 -0.016000000000000014 0.04468
1.065239999908954 0.10599999999999987 0.05377
1.1953699998557568 -0.17299999999999827 0.04340
3.769170000217855 0.16499999999999915 0.04787
0.011909999884665012 0.06900000000000084 0.05620
1.989490000065416 0.0 0.05028
1.0003800000995398 0.15700000000000003 0.05632
0.011839999817311764 -0.1850000000000005 0.05507
2.970810000319034 0.14599999999999902 0.05475
0.027389999944716692 -0.21699999999999875 0.05231
1.9749699998646975 0.24399999999999977 0.05583
0.0041600000113248825 0.05999999999999872 0.06526
5.9687799997627735 -0.21999999999999886 0.04975
0.0041600000113248825 -0.006999999999999673 0.05531
2.9988000001758337 0.07099999999999973 0.05209
0.027420000173151493 0.13700000000000045 0.06436
2.9585599997080863 0.19699999999999918 0.06641
0.011880000121891499 0.42400000000000126 99.99000
9.980210000183433 -0.3210000000000015 0.07993
77.48793999990448 -0.7970000000000006 0.04049
0.9966299999505281 -0.10499999999999865 0.03777
2.9935400001704693 -0.10599999999999987 0.03530
6.0060499999672174 0.5789999999999988 99.99000
0.9965599998831749 -0.02999999999999936 0.05731
4.202759999781847 -0.04400000000000048 0.05168
5.988880000077188 -0.1120000000000001 0.04770
1.017740000039339 -1.0809999999999995 0.02580
3.986930000130087 0.8780000000000001 0.04263
0.9812099998816848 0.054999999999999716 0.04302
0.012610000092536211 0.17800000000000082 0.05021
0.003930000122636557 -0.021000000000000796 0.04700
1.7570799998939037 -0.11100000000000065 0.04275
2.2329199998639524 -0.027999999999998693 0.04355
0.9889799999073148 0.051000000000000156 0.04512
2.013070000335574 -0.008000000000000895 0.04621
3.7524399999529123 -0.14000000000000057 0.04361
0.22319999989122152 -0.045999999999999375 0.03953
3.7495200000703335 -0.13299999999999912 0.03502
0.02346999989822507 0.379999999999999 0.05025
1.2539200000464916 -0.379999999999999 0.03557
0.7197699998505414 0.11399999999999899 0.03765
2.0039500002749264 -0.1429999999999989 0.03440
2.0108999996446073 0.09399999999999942 0.03648
0.2478500003926456 -0.20899999999999963 0.03258
0.7385299997404218 -0.030000000000001137 0.03459
1.9972200002521276 0.11600000000000144 0.03721
0.2626899997703731 -0.10500000000000043 0.03222
0.01483000023290515 0.038000000000000256 0.03355
0.735080000013113 0.0259999999999998 0.03297
0.029959999956190586 0.036999999999999034 0.03712
0.950209999922663 -0.129999999999999 0.03421
0.2385100000537932 0.045999999999999375 0.03255
1.9940399997867644 0.1379999999999999 0.03705
2.977510000113398 -0.08199999999999896 0.03427
1.0136899999342859 0.01699999999999946 0.03555
2.9947399999946356 0.17099999999999937 0.03971
1.0481000002473593 -0.17099999999999937 0.03463
3.0059499996714294 -0.041999999999999815 0.03463
0.7543399999849498 0.27200000000000024 0.04296
2.029520000331104 0.019999999999999574 0.03924
0.9387999996542931 -0.11599999999999966 0.03639
0.02976000029593706 -0.04300000000000104 0.03911
2.926629999652505 0.11100000000000065 0.03802
0.003470000345259905 -0.019000000000000128 0.04160
8.976169999688864 1.4010000000000016 99.99000
0.9967900002375245 -1.2520000000000024 0.04146
0.0035000001080334187 -0.12299999999999933 0.04234
1.220839999616146 0.03200000000000003 0.03966
0.7989500002004206 0.20400000000000063 0.04996
0.20080999983474612 -0.31400000000000006 0.03690
0.7702200002968311 0.049999999999998934 0.03750
0.018239999655634165 0.11000000000000121 0.04481
0.21539000002667308 -0.009999999999999787 0.04073
6.998060000129044 0.1399999999999988 0.04484
3.7282099998556077 -0.14499999999999957 0.03992
0.31622999999672174 0.11299999999999955 0.04385
0.7091900003142655 0.13199999999999967 0.05277
0.015780000016093254 -0.15499999999999936 0.04243
1.0231200000271201 -0.07499999999999929 0.04033
0.026240000035613775 0.2919999999999998 0.05519
0.9716599998064339 -0.15800000000000125 0.04419
0.002489999867975712 -0.058999999999999275 0.04723
0.9292900003492832 0.04499999999999993 0.04376
0.007379999849945307 -0.18299999999999983 0.04290
0.9856799999251962 0.1590000000000007 0.04305
0.011270000133663416 0.09899999999999842 0.05145
0.9856599997729063 0.04300000000000104 0.04753
0.01688000001013279 -0.1720000000000006 0.04693
1.3491899999789894 0.11599999999999966 0.04650
2.052820000331849 -0.10499999999999865 0.04544
1.9086099998094141 0.13199999999999967 0.04740
1.042200000025332 0.09999999999999964 0.05361
0.6587499999441206 -0.06199999999999939 0.04784
0.07521999999880791 -0.15600000000000058 0.04777
11.190140000078827 -0.12899999999999956 0.04197
2.6950300000607967 0.4339999999999993 0.05323
0.9662399999797344 -0.16900000000000048 0.04717
4.092910000123084 0.0710000000000015 0.04961
0.2421699999831617 -0.136000000000001 0.04586
1.079440000001341 -0.006000000000000227 0.04804
0.8949799998663366 -0.009999999999999787 0.04534
0.7626100000925362 0.019999999999999574 0.04519
1.0692699998617172 0.05000000000000071 0.05224
0.9135199999436736 0.0 0.04680
2.0762200001627207 -0.08699999999999974 0.04908
0.8866499997675419 -0.20899999999999963 0.03824
1.1082399999722838 0.14999999999999858 0.04228
1.0184800000861287 0.09800000000000075 0.05047
1.9327799999155104 -0.19500000000000028 0.04398
0.27833000011742115 0.08399999999999963 0.04352
0.9658200000412762 0.051000000000000156 0.04509
2.9587400001473725 0.10599999999999987 0.05007
2.92195999994874 -0.20899999999999963 0.04115
4.891229999717325 0.041999999999999815 0.04163
0.9623700003139675 0.07000000000000028 0.04367
1.0038600000552833 -0.14400000000000013 0.03960
1.1016199998557568 -0.14499999999999957 0.03984
0.9242899999953806 0.15600000000000058 0.03990
0.08345999987795949 0.2240000000000002 0.05194
0.20286000007763505 -0.22800000000000153 0.04046
0.7629999998025596 0.11800000000000033 0.04310
14.839570000302047 -0.1120000000000001 0.03995
9.086850000079721 -0.1169999999999991 0.03700
0.23261999990791082 0.21999999999999886 0.04358
0.7445199997164309 0.04499999999999993 0.04419
0.019740000367164612 -0.32099999999999973 0.03945
6.207809999585152 0.17800000000000082 0.04281
3.7917500003241003 0.10599999999999987 0.04307
0.8574500000104308 0.32099999999999973 0.05408
1.1409799996763468 -0.13299999999999912 0.04915
0.8537500002421439 -0.12100000000000044 0.04512
2.036830000113696 -0.14000000000000057 0.04098
1.283959999680519 0.038000000000000256 0.04497
0.7800700003281236 0.43099999999999916 0.06389
0.02307999972254038 -0.11899999999999977 0.05239
0.9991399999707937 0.015000000000000568 0.05296
0.9420500001870096 0.15199999999999925 0.06617
0.9096699999645352 -0.20699999999999896 0.05090
1.1300699999555945 0.17600000000000016 0.06469
2.0134700001217425 -0.0860000000000003 0.05431
1.9293700000271201 -0.3230000000000004 0.04811
0.04582999972626567 0.32099999999999973 0.05424
0.9956200001761317 -0.4219999999999988 0.04481
0.21134999999776483 -0.4530000000000012 0.03222
1.6902600000612438 0.5259999999999998 0.04237
0.011979999952018261 0.1070000000000011 0.05090
2.051359999924898 -0.06799999999999962 0.04352
0.03923000022768974 0.3279999999999994 0.06147
1.157739999704063 -0.41800000000000104 0.04373
0.7281599999405444 -0.06199999999999939 0.03926
0.04688000027090311 0.15600000000000058 0.04863
0.9445199999026954 0.02999999999999936 0.04456
1.0183999999426305 -0.036999999999999034 0.04343
0.08574000000953674 -0.012000000000000455 0.04797
0.970610000193119 -0.09999999999999964 0.04024
0.027489999774843454 0.12199999999999989 0.04873
0.9995500002987683 -0.12300000000000111 0.04022
0.023579999804496765 0.22000000000000064 0.05224
0.9867300000041723 -0.2560000000000002 0.03926
0.9885399998165667 0.06600000000000072 0.04104
0.9905300000682473 0.054999999999999716 0.04260
0.9873500000685453 0.0030000000000001137 0.04269
0.03918999992311001 -0.0259999999999998 0.04667
0.9715599999763072 -0.05200000000000138 0.04049
0.01580000016838312 -0.0029999999999983373 0.04490
0.9639300000853837 -0.07800000000000118 0.03837
0.1969200000166893 -0.028999999999999915 0.04014
0.8414300000295043 0.1609999999999996 0.04664
0.972089999821037 -0.16499999999999915 0.03755
0.02777000004425645 0.054999999999999716 0.04319
0.9732499998062849 -0.012000000000000455 0.03862
0.9973400002345443 -0.04899999999999949 0.03741
0.9955400000326335 -0.02999999999999936 0.03669
1.0021599996834993 -0.03700000000000081 0.03584
1.9829400000162423 0.20899999999999963 0.04109
1.982079999987036 0.1750000000000007 0.04637
2.016520000062883 0.06600000000000072 0.04859
1.003169999923557 -0.277000000000001 0.04011
0.16093000024557114 -0.009999999999999787 0.04255
3.73517999984324 -0.14400000000000013 0.03627
2.0747600002214313 -0.009000000000000341 0.03607
1.000079999677837 0.07900000000000063 0.03794
0.9902000003494322 0.013999999999999346 0.03829
0.9998099999502301 -0.13699999999999868 0.03508
6.986569999717176 0.14699999999999847 0.03854
2.985690000001341 0.004000000000001336 0.03865
0.9952500001527369 -0.04300000000000104 0.03758
2.997700000181794 0.20899999999999963 0.04322
0.9992700000293553 -0.08799999999999919 0.04071
0.9928299998864532 -0.10200000000000031 0.03804
4.97990999976173 0.04100000000000037 0.03908
2.990660000126809 0.1639999999999997 0.04367
2.9907599999569356 -0.09500000000000064 0.04093
106.44753000000492 0.06700000000000017 0.04284
4.96570000005886 -0.2759999999999998 99.99000
19.965520000085235 0.5609999999999999 0.05239
2.008640000130981 -0.1429999999999989 0.04730
0.27165000000968575 -0.08800000000000097 0.04760
4.711429999675602 0.011000000000001009 0.04481
0.9896400002762675 -0.15399999999999991 0.04033
0.9966400000266731 -0.18200000000000038 0.03582
0.9966899999417365 0.12400000000000055 0.03880
10.287500000093132 -0.017000000000001236 0.04093
6.970379999838769 -0.12100000000000044 0.03777
11.918440000154078 0.02000000000000135 0.03827
4.0298599996604025 0.18099999999999916 0.04322
23.067890000063926 0.1280000000000001 0.04727
7.925360000226647 1.3650000000000002 0.12135
1.05835000006482 -1.1319999999999997 0.05587
