2115.79349 17.947 0.022
2128.64699 18.157 0.021
2131.67644 18.192 0.032
2135.52616 18.068 0.019
2138.68026 17.935 0.021
2143.60196 18.050 0.028
2162.59456 18.078 0.023
2170.50112 18.000 0.023
2173.57413 18.182 0.034
2183.51072 18.179 0.038
2184.57404 18.254 0.045
2195.55543 18.008 0.028
2341.89191 18.097 0.029
2350.90906 18.114 0.022
2359.86941 18.016 0.021
2370.91040 17.968 0.023
2384.74782 17.996 0.020
2388.75091 18.039 0.027
2390.72059 18.030 0.031
2397.93064 18.019 0.027
2401.68129 18.125 0.024
2403.74241 17.949 0.017
2405.67855 17.957 0.022
2410.75847 18.064 0.018
2415.68040 18.079 0.029
2417.75131 17.987 0.024
2425.64117 18.454 0.060
2431.69060 18.124 0.027
2433.66675 18.059 0.021
2435.78769 18.079 0.022
2437.69134 17.996 0.025
2439.61707 17.953 0.020
2441.61752 18.136 0.021
2444.61066 17.985 0.022
2446.62623 18.114 0.025
2452.59874 18.013 0.036
2458.71851 18.100 0.026
2462.70414 17.967 0.016
2464.51981 18.159 0.029
2466.84332 17.936 0.026
2468.55659 17.939 0.019
2470.56367 18.138 0.025
2474.70935 18.110 0.028
2483.49821 18.028 0.020
2485.69462 18.163 0.032
2489.76388 18.016 0.026
2492.71207 18.040 0.031
2495.50477 17.992 0.024
2497.56527 18.066 0.020
2499.60281 17.971 0.020
2501.62884 18.054 0.020
2503.57694 18.002 0.057
2511.60922 18.114 0.036
2518.55975 18.111 0.022
2521.55596 18.157 0.023
2529.67631 17.941 0.024
2537.54681 18.145 0.034
2540.55904 18.159 0.029
2545.56240 18.098 0.027
2550.54790 18.093 0.029
2555.51019 18.115 0.032
2561.53116 18.148 0.036
2566.56311 18.091 0.035
2700.89844 18.099 0.025
2712.86135 17.948 0.031
2727.83002 18.117 0.020
2732.84379 18.134 0.025
2743.83560 18.123 0.021
2748.85493 18.018 0.024
2755.85466 17.990 0.023
2759.84881 18.042 0.020
2765.87589 18.138 0.021
2769.91707 18.034 0.021
2782.78570 18.029 0.028
2784.77974 17.964 0.018
2786.67301 17.991 0.025
2788.82504 17.992 0.019
2790.86152 18.020 0.022
2795.59276 17.944 0.020
2797.58055 18.074 0.021
2802.65185 17.974 0.026
2808.69608 17.970 0.023
2810.62294 17.987 0.022
2812.59744 17.977 0.021
2814.59710 17.986 0.021
2815.63189 17.994 0.025
2817.66241 18.023 0.023
2819.55035 17.995 0.021
2821.52778 18.021 0.026
2830.57066 17.936 0.024
2835.50684 17.986 0.030
2838.62973 18.128 0.025
2840.55419 18.020 0.021
2842.60358 18.014 0.023
2844.66723 18.067 0.021
2849.48620 18.079 0.027
2851.59695 18.133 0.023
2853.60783 18.013 0.020
2855.68099 18.051 0.036
2857.78318 17.953 0.027
2860.62963 18.005 0.028
2863.71328 18.208 0.039
2867.56659 18.085 0.026
2870.63997 18.090 0.022
2872.69054 17.936 0.019
2876.63561 18.065 0.021
2879.57190 18.003 0.026
2884.59937 17.996 0.021
2890.68508 18.084 0.043
2894.66116 18.065 0.030
2897.67578 18.019 0.035
2906.63022 18.004 0.027
2910.62270 18.048 0.032
2912.60928 17.984 0.026
2923.58921 18.018 0.028
2933.58335 17.964 0.023
3047.87466 18.010 0.024
3056.88210 18.049 0.025
4911.82592 18.124 0.018
