2125.68152 16.968 0.019
2129.73370 16.942 0.014
2132.67671 17.025 0.016
2136.58012 16.973 0.018
2141.59525 16.966 0.015
2144.67826 16.993 0.016
2160.63467 16.977 0.019
2170.57558 16.965 0.017
2178.58634 17.001 0.032
2211.53924 16.985 0.023
2333.87605 16.961 0.016
2344.83737 17.036 0.016
2355.88819 16.961 0.014
2364.87982 16.950 0.017
2372.89161 17.041 0.016
2391.92168 16.949 0.019
2405.82891 16.963 0.016
2464.74919 16.955 0.014
2708.88385 17.039 0.015
2850.61644 16.953 0.014
2858.74397 16.986 0.018
2859.69352 16.961 0.023
3059.83315 16.964 0.016
3064.85005 16.969 0.017
3068.80382 16.976 0.020
3070.88248 17.004 0.016
3073.83855 16.963 0.015
3075.87668 16.988 0.016
3080.78087 16.994 0.016
3082.91253 16.985 0.015
3085.83914 16.956 0.015
3086.91376 16.975 0.015
3088.83172 16.964 0.012
3090.74483 16.970 0.014
3096.90004 17.062 0.019
3099.79574 17.003 0.016
3101.78137 16.956 0.018
3103.80493 16.985 0.015
3104.86362 16.926 0.032
3106.87686 16.965 0.016
3108.79734 16.959 0.013
3109.85626 16.962 0.014
3110.86267 16.949 0.015
3112.84800 16.955 0.014
3114.81259 16.973 0.014
3116.90070 16.971 0.016
3122.93857 16.981 0.030
3123.79113 16.963 0.012
3125.90310 16.995 0.019
3127.84733 17.015 0.017
3128.84922 16.959 0.017
3130.72970 16.979 0.016
3131.69619 16.982 0.018
3135.92783 16.945 0.016
3138.68209 16.955 0.016
3139.90807 16.950 0.015
3140.91148 16.974 0.016
3142.79593 16.949 0.015
3144.81592 16.988 0.014
3146.85266 17.026 0.016
3151.78801 17.005 0.017
3151.93654 16.981 0.022
3152.79215 16.955 0.016
3153.78833 16.996 0.021
3154.87263 16.966 0.018
3156.89215 16.963 0.016
3162.60201 16.963 0.019
3163.78297 17.030 0.016
3164.76522 16.939 0.014
3164.89822 16.981 0.019
3165.73877 16.947 0.013
3168.88395 16.986 0.016
3169.75206 16.949 0.016
3170.60494 16.934 0.012
3170.83994 16.965 0.013
3171.80818 16.937 0.011
3171.88842 17.003 0.014
3171.91708 16.956 0.015
3172.56556 16.952 0.015
3172.77914 16.962 0.015
3173.88013 16.980 0.021
3174.84034 16.974 0.015
3175.74772 17.004 0.014
3177.78818 16.973 0.021
3178.74162 16.948 0.016
3179.53290 16.936 0.015
3179.91217 16.971 0.018
3180.75393 16.962 0.013
3182.81461 16.949 0.015
3183.76956 16.971 0.016
3184.73067 16.969 0.014
3185.73412 16.970 0.016
3193.56555 16.952 0.013
3194.57720 16.974 0.019
3195.70874 16.947 0.014
3195.82926 16.972 0.015
3196.63016 16.985 0.015
3197.55493 16.963 0.016
3199.66014 16.980 0.015
3202.54640 16.970 0.014
3203.69149 16.961 0.014
3204.68241 16.974 0.014
3204.77858 16.981 0.016
3204.81703 16.993 0.023
3204.83610 16.984 0.021
3205.54125 16.966 0.014
3206.74659 16.963 0.016
3209.66658 16.991 0.016
3210.51436 16.945 0.016
3210.66666 16.981 0.014
3211.63711 17.013 0.015
3217.68132 16.957 0.019
3217.76542 16.976 0.019
3218.67966 16.968 0.020
3219.64551 16.960 0.018
3223.68087 17.003 0.019
3224.72888 16.976 0.017
3226.65626 16.976 0.019
3228.63013 16.989 0.016
3229.66264 16.957 0.014
3230.69610 16.988 0.017
3231.60009 16.968 0.015
3232.63656 16.970 0.019
3238.64838 16.941 0.018
3240.50053 16.952 0.014
3241.68390 16.946 0.024
3245.58443 16.975 0.018
3246.69012 16.986 0.023
3247.60925 16.975 0.017
3249.55677 16.982 0.017
3250.68773 16.934 0.018
3256.66701 16.975 0.018
3260.57679 16.951 0.016
3265.50717 16.958 0.018
3267.56083 16.946 0.015
3272.61879 17.002 0.016
3275.55370 16.965 0.020
3279.54971 16.986 0.017
3282.50819 16.994 0.016
3288.57456 16.921 0.013
3293.54516 16.949 0.011
3295.55366 16.948 0.010
3300.53893 16.982 0.018
3305.51895 16.958 0.020
3315.50775 17.026 0.024
3417.88347 16.960 0.012
3423.84606 16.980 0.016
3426.89153 16.927 0.014
3429.87651 16.967 0.016
3436.83594 16.988 0.018
3443.79116 16.953 0.013
3445.83241 16.971 0.013
3447.88271 16.940 0.014
3449.89964 16.960 0.013
3452.91682 16.963 0.015
3453.78864 16.942 0.017
3455.85926 16.979 0.019
3456.87033 16.980 0.013
3457.78798 16.964 0.014
3458.83159 16.945 0.014
3459.80618 16.921 0.015
3467.90895 16.958 0.012
3469.81856 16.953 0.012
3470.85881 16.971 0.012
3472.79000 16.969 0.013
3473.88502 16.949 0.016
3474.85739 16.947 0.014
3475.92116 16.947 0.012
3477.79390 16.989 0.014
3480.86020 16.960 0.015
3481.86420 16.954 0.012
3483.80448 16.952 0.013
3496.75838 16.969 0.015
3497.82735 16.950 0.016
3499.75478 17.010 0.015
3500.75936 16.954 0.014
3501.87827 16.965 0.012
3502.70789 16.975 0.013
3503.71851 16.935 0.012
3504.73594 17.003 0.016
3506.83786 16.990 0.016
3508.81506 16.960 0.016
3509.71817 16.951 0.012
3511.70484 16.950 0.016
3512.77379 16.962 0.016
3517.81426 16.944 0.016
3520.84944 16.954 0.014
3521.66865 16.996 0.014
3522.77881 16.952 0.014
3523.81352 16.972 0.013
3524.80119 16.930 0.014
3525.78087 17.004 0.014
3526.86623 16.933 0.013
3528.58484 16.945 0.013
3530.81026 16.958 0.012
3537.77807 16.942 0.013
3538.70755 16.955 0.013
3540.68150 16.972 0.014
3544.76527 16.982 0.016
3546.88250 16.994 0.020
3547.83989 16.975 0.016
3550.66637 16.967 0.011
3551.67139 16.960 0.009
3552.70317 16.959 0.013
3553.70585 16.941 0.016
3554.70144 16.968 0.016
3555.73213 16.927 0.014
3556.75282 17.012 0.016
3558.58863 16.969 0.015
3559.68450 16.964 0.013
3560.63763 16.933 0.012
3561.57490 16.980 0.013
3561.84503 16.936 0.013
3562.62210 16.975 0.014
3562.84492 16.998 0.016
3563.66854 16.958 0.013
3564.56207 17.007 0.016
3569.62079 16.894 0.019
3573.69246 16.960 0.016
3573.72672 16.956 0.016
3574.72042 16.944 0.014
3575.65931 16.945 0.012
3576.72172 16.969 0.016
3577.77008 16.968 0.013
3578.70670 16.988 0.013
3579.65200 16.983 0.014
3580.68854 17.019 0.015
3581.70495 16.937 0.012
3582.63074 16.970 0.013
3583.66735 16.952 0.013
3584.67610 16.954 0.013
3585.67414 16.922 0.011
3586.70555 16.958 0.012
3588.75660 16.922 0.015
3589.49647 16.967 0.013
3589.55798 16.961 0.011
3589.69434 16.968 0.012
3589.71794 16.959 0.013
3590.47280 16.941 0.014
3590.55743 16.962 0.013
3590.63658 16.950 0.013
3590.71408 16.945 0.014
3592.68683 16.950 0.012
3601.69038 16.952 0.015
3602.69055 16.950 0.016
3603.67072 16.976 0.015
3607.66921 16.929 0.013
3608.68518 16.937 0.013
3615.61245 16.966 0.014
3618.61597 16.970 0.015
3620.57920 16.973 0.012
3628.58122 17.006 0.017
3630.59528 16.962 0.016
3634.52612 16.943 0.013
3639.53318 16.937 0.012
3641.57872 16.978 0.016
3644.54348 16.983 0.014
3649.53287 17.005 0.014
3651.58495 16.926 0.016
3654.57005 16.953 0.023
3655.55013 16.945 0.014
3657.54333 16.967 0.017
3659.54511 16.969 0.022
3662.54959 17.029 0.022
3665.52010 16.998 0.017
3672.53408 16.961 0.023
3674.49303 16.905 0.028
3674.50261 16.959 0.018
3777.85469 16.911 0.016
3782.89072 16.959 0.014
3785.85229 16.950 0.014
3787.86443 16.969 0.014
3791.83879 16.938 0.018
3793.88303 16.950 0.013
3795.86723 16.947 0.016
3796.89971 16.936 0.014
3798.83055 16.932 0.013
3799.88045 16.983 0.022
3801.83969 16.955 0.014
3802.87408 16.932 0.014
3804.78730 16.963 0.016
3805.82586 16.932 0.014
3806.82257 16.952 0.014
3807.84679 16.922 0.015
3808.85042 16.945 0.015
3809.90730 16.965 0.014
3810.90334 16.959 0.014
3811.79391 16.936 0.018
3812.87141 16.916 0.016
3813.85456 16.963 0.014
3814.85002 16.950 0.014
3818.76764 16.945 0.015
3819.83135 16.947 0.012
3820.79532 16.923 0.012
3821.79857 16.953 0.013
3822.84219 16.966 0.014
3823.80315 16.977 0.012
3824.78964 16.958 0.016
3825.82919 16.941 0.014
3826.78893 16.954 0.014
3827.82937 16.938 0.012
3828.80945 16.980 0.016
3829.72873 16.955 0.015
3830.76582 16.957 0.013
3832.76914 16.956 0.014
3833.79643 16.959 0.012
3834.76833 16.934 0.012
3835.75703 17.034 0.016
3836.71848 16.923 0.016
3837.75916 16.952 0.016
3838.76711 16.996 0.018
3838.88452 16.956 0.015
3839.76300 16.945 0.016
3840.76615 16.918 0.015
3841.72134 16.941 0.015
3841.87137 16.930 0.013
3842.71297 16.955 0.019
3845.74288 16.972 0.031
3846.75377 16.950 0.013
3846.88243 16.971 0.013
3847.82680 16.959 0.017
3848.77686 16.962 0.015
3848.89557 16.982 0.016
3849.77436 16.968 0.014
3850.71957 16.964 0.014
3850.89244 16.955 0.016
3851.73319 16.943 0.014
3851.89795 16.955 0.016
3852.72173 16.949 0.013
3852.84255 16.943 0.014
3852.92724 16.953 0.017
3853.71369 16.963 0.012
3853.87860 16.951 0.012
3856.70028 16.955 0.014
3856.89076 16.981 0.012
3858.73956 16.957 0.013
3859.85455 16.971 0.018
3860.69497 16.966 0.016
3861.69237 16.950 0.014
3861.79653 16.950 0.012
3861.89426 16.959 0.013
3862.67424 16.960 0.015
3862.88899 16.970 0.013
3863.68707 16.959 0.014
3863.83087 17.030 0.013
3863.90698 16.974 0.012
3864.70389 16.993 0.014
3864.89006 16.963 0.012
3865.66379 16.953 0.015
3865.79947 16.950 0.014
3865.87801 16.974 0.014
3866.70932 16.958 0.013
3866.84883 16.939 0.013
3866.93486 16.980 0.015
3867.65527 16.936 0.015
3867.84074 16.970 0.014
3867.91094 16.937 0.014
3868.66256 16.958 0.016
3868.80313 16.978 0.016
3868.88681 16.929 0.016
3869.62928 17.015 0.018
3869.82412 16.948 0.016
3869.89653 16.970 0.016
3873.69614 16.937 0.014
3873.83509 16.950 0.014
3873.90621 16.947 0.015
3874.69789 16.928 0.014
3874.86640 16.977 0.014
3875.63459 16.937 0.012
3875.78186 16.933 0.012
3875.85952 16.961 0.013
3876.65797 16.942 0.012
3877.66248 16.937 0.012
3877.81068 16.957 0.012
3877.88447 17.008 0.015
3880.64698 16.931 0.013
3880.86600 16.931 0.014
3880.93954 16.981 0.016
3881.68624 16.947 0.014
3881.82901 16.957 0.012
3882.59839 16.938 0.014
3882.80129 16.994 0.014
3882.87147 16.998 0.013
3883.66377 17.013 0.013
3883.89380 16.937 0.013
3886.62903 16.966 0.014
3886.81854 16.940 0.011
3886.89058 16.956 0.013
3886.91663 16.964 0.015
3887.59910 16.937 0.013
3887.80173 16.993 0.013
3887.82952 16.949 0.015
3887.90161 16.969 0.015
3889.68156 16.916 0.011
3890.56984 16.960 0.017
3891.70611 16.922 0.014
3891.82313 16.959 0.013
3891.90480 17.050 0.015
3892.61652 16.939 0.016
3893.65077 16.940 0.016
3893.89567 16.941 0.017
3894.69858 16.973 0.016
3896.64235 16.961 0.016
3900.55769 16.970 0.021
3900.74408 16.925 0.014
3900.81946 16.974 0.014
3901.57151 16.938 0.016
3901.74630 16.962 0.016
3901.82309 17.048 0.016
3901.89558 16.957 0.016
3902.59242 16.939 0.012
3902.77755 16.951 0.014
3902.89621 16.969 0.019
3903.68132 16.939 0.013
3904.57546 16.931 0.012
3904.73870 16.964 0.014
3904.80772 16.955 0.013
3904.86053 16.949 0.014
3905.57239 16.952 0.012
3905.74634 16.957 0.012
3905.81898 16.940 0.011
3905.88757 16.938 0.014
3906.51105 16.968 0.021
3906.68089 16.958 0.014
3906.75028 17.047 0.014
3906.82646 16.979 0.015
3907.61751 17.013 0.015
3907.81237 16.962 0.019
3907.88494 16.941 0.016
3908.55369 16.956 0.014
3908.74416 16.964 0.014
3908.81943 16.985 0.013
3909.55884 16.948 0.014
3909.75324 16.940 0.012
3909.83518 16.949 0.014
3910.60758 16.939 0.013
3912.55797 17.015 0.011
3912.75386 16.922 0.011
3912.84264 16.926 0.012
3913.55574 16.949 0.012
3913.75795 16.951 0.015
3913.84776 16.920 0.013
3914.57320 16.951 0.014
3915.55375 16.925 0.014
3915.75707 16.966 0.014
3915.85403 17.028 0.016
3916.60158 16.953 0.016
3916.77423 16.983 0.016
3917.64159 16.932 0.016
3917.84450 16.967 0.018
3918.63508 16.951 0.014
3918.84475 16.946 0.016
3919.56994 16.999 0.018
3919.81437 16.951 0.014
3920.53953 16.965 0.013
3920.73584 17.002 0.016
3920.81459 16.992 0.013
3921.53257 16.967 0.015
3921.74303 16.986 0.019
3922.73948 16.989 0.019
3930.58710 16.948 0.014
3930.81087 16.906 0.016
3931.53818 17.025 0.016
3931.66158 16.948 0.014
3932.55005 16.950 0.016
3933.53902 16.931 0.012
3933.72035 16.939 0.014
3933.79590 16.963 0.014
3934.50975 16.928 0.013
3934.63314 16.950 0.013
3934.70355 16.955 0.013
3934.77262 16.932 0.012
3935.55962 16.926 0.014
3935.73094 17.013 0.017
3935.78267 16.948 0.015
3936.51321 16.968 0.016
3936.67854 16.993 0.016
3936.75607 16.941 0.014
3937.58128 16.964 0.016
3938.52072 16.932 0.016
3938.72238 16.938 0.014
3938.77157 16.978 0.016
3940.62375 17.038 0.012
3941.66593 16.963 0.016
3944.57725 16.947 0.012
3945.52607 16.942 0.015
3945.71416 16.938 0.013
3946.53637 16.982 0.016
3946.72579 16.961 0.013
3950.54439 16.990 0.012
3950.76391 16.944 0.014
3951.54067 16.923 0.015
3956.58704 16.978 0.018
3957.52794 17.009 0.019
3958.60070 16.946 0.015
3959.54064 16.971 0.015
3959.70499 16.929 0.016
3960.51863 16.950 0.013
3960.69852 16.962 0.012
3960.71854 16.945 0.013
3960.74386 16.909 0.016
3961.52075 16.959 0.017
3961.59368 16.960 0.017
3961.66857 17.020 0.020
3963.48026 16.958 0.016
3963.65481 16.965 0.014
3963.68687 16.967 0.014
3963.72814 17.002 0.017
3964.55032 17.030 0.014
3965.53647 16.923 0.011
3965.72959 16.946 0.013
3966.53155 16.975 0.014
3966.71334 16.980 0.015
3967.55526 16.940 0.018
3968.51808 16.967 0.016
3968.68958 17.028 0.016
3969.52197 16.978 0.016
3969.70056 16.937 0.015
3970.53384 16.968 0.016
3970.71370 16.957 0.014
3971.57363 16.976 0.017
3973.59873 16.939 0.013
3974.52856 16.960 0.016
3975.53106 16.948 0.013
3976.52582 16.985 0.014
3979.53562 16.977 0.022
3982.60278 16.930 0.015
3986.60278 16.956 0.016
3987.52521 16.921 0.016
3988.53803 16.950 0.014
3989.59973 16.951 0.016
3990.64200 16.936 0.016
3994.49472 16.962 0.017
3995.59232 16.950 0.013
3999.62989 16.986 0.015
4000.53692 16.960 0.016
4001.52668 16.906 0.015
4002.52333 16.998 0.014
4004.54630 16.961 0.016
4005.54901 16.967 0.016
4006.54360 16.991 0.014
4012.51936 17.010 0.020
4016.56128 17.043 0.022
4018.57387 16.960 0.017
4021.55781 16.966 0.017
4023.57799 17.048 0.023
4026.50107 16.956 0.015
4028.51713 16.985 0.016
4031.51720 16.963 0.016
4038.52238 16.953 0.017
4041.52152 16.968 0.020
4142.87248 17.069 0.025
4151.87765 16.946 0.017
4153.89958 16.952 0.018
4156.87811 16.950 0.017
4159.81215 16.969 0.017
4161.86562 17.021 0.018
4163.88157 16.939 0.015
4165.83844 16.954 0.020
4168.83596 16.944 0.017
4170.83545 16.938 0.016
4175.86789 16.971 0.016
4177.77180 16.949 0.016
4178.82913 16.951 0.015
4179.86900 16.941 0.014
4181.80541 16.954 0.015
4182.85400 16.918 0.013
4183.88648 16.954 0.015
4185.76295 16.959 0.016
4191.77348 16.938 0.017
4193.78456 16.941 0.018
4194.80740 16.947 0.016
4196.79741 16.955 0.016
4202.77905 16.947 0.014
4203.76681 16.962 0.014
4204.75916 16.950 0.015
4205.75738 16.956 0.015
4205.90880 16.937 0.015
4207.74864 16.950 0.015
4208.70258 16.953 0.017
4211.81391 16.994 0.016
4212.84346 16.948 0.019
4213.75153 16.958 0.016
4215.76455 16.936 0.017
4216.72243 16.925 0.014
4216.93635 16.941 0.024
4217.72991 16.943 0.014
4217.89123 16.967 0.013
4218.77967 16.960 0.019
4219.78695 16.970 0.016
4220.72585 16.947 0.016
4222.69459 16.941 0.018
4224.80766 16.944 0.016
4227.87058 16.998 0.018
4227.89714 17.039 0.016
4227.91610 17.024 0.017
4227.92578 16.988 0.017
4228.63798 16.987 0.024
4228.70003 16.964 0.016
4228.72018 17.024 0.016
4228.76006 16.972 0.016
4228.79633 16.956 0.016
4228.83808 16.953 0.017
4228.84587 16.971 0.018
4228.88278 16.978 0.020
4229.64184 16.978 0.022
4229.69361 16.954 0.017
4229.74471 16.965 0.017
4229.81189 16.939 0.016
4229.89052 16.931 0.015
4229.92981 16.950 0.016
4230.63538 16.950 0.020
4230.64179 16.943 0.016
4230.82980 16.942 0.016
4230.89147 16.945 0.017
4231.66577 16.976 0.015
4231.71683 16.957 0.015
4231.87189 16.944 0.016
4232.61986 16.978 0.020
4232.65325 16.927 0.018
4232.77853 16.961 0.016
4232.91611 16.949 0.017
4233.84628 16.982 0.016
4234.77656 16.962 0.016
4234.89616 16.929 0.018
4235.69019 16.949 0.014
4235.74765 16.973 0.015
4235.85122 16.957 0.015
4235.91334 16.948 0.016
4237.61670 16.957 0.019
4238.68809 16.969 0.016
4238.89755 16.936 0.019
4239.65990 16.945 0.014
4240.69960 16.962 0.015
4240.85325 16.938 0.016
4243.66526 16.971 0.017
4243.75868 16.953 0.016
4243.85154 16.942 0.017
4244.63745 16.955 0.017
4244.73384 16.937 0.014
4244.82642 16.965 0.015
4245.63050 16.934 0.015
4245.72483 16.936 0.015
4245.82029 16.939 0.015
4245.87080 16.955 0.018
4246.68924 16.942 0.015
4246.78231 16.958 0.016
4246.87500 16.992 0.016
4247.70424 16.988 0.016
4250.75232 16.947 0.016
4250.94222 16.961 0.016
4256.64007 16.950 0.021
4256.79019 17.034 0.022
4257.67166 16.969 0.016
4258.65532 16.959 0.018
4258.77812 16.925 0.015
4258.87077 16.958 0.018
4267.61500 16.973 0.016
4268.63626 16.980 0.013
4268.86198 16.947 0.017
4269.59720 16.986 0.015
4269.74748 16.966 0.016
4270.53192 16.940 0.017
4272.57842 16.950 0.015
4272.72830 16.935 0.014
4272.78692 16.943 0.014
4272.85830 16.969 0.018
4273.63878 16.943 0.017
4273.81692 16.938 0.017
4273.87812 16.979 0.021
4274.56985 16.980 0.020
4274.72276 16.973 0.017
4274.78369 16.977 0.015
4274.84319 16.972 0.019
4275.62139 16.954 0.016
4275.79669 17.039 0.020
4275.85778 16.963 0.023
4276.60613 17.060 0.019
4277.54984 16.959 0.018
4277.72693 16.933 0.016
4277.78557 16.926 0.019
4278.59481 16.930 0.019
4278.77111 16.969 0.022
4283.53238 16.927 0.016
4284.52419 16.947 0.017
4284.67378 16.970 0.019
4284.73392 16.938 0.015
4284.79596 16.950 0.017
4284.86093 17.023 0.023
4285.52736 16.963 0.018
4285.72091 17.007 0.017
4285.78217 16.965 0.016
4285.84738 16.950 0.018
4286.52712 17.062 0.021
4286.83530 16.981 0.021
4289.53802 16.945 0.017
4289.75691 16.981 0.019
4289.82175 17.014 0.018
4290.58430 16.973 0.019
4291.60395 16.935 0.014
4292.50954 16.949 0.014
4292.68856 16.955 0.014
4292.74735 16.958 0.014
4292.81037 16.938 0.015
4293.51031 16.994 0.015
4293.69446 16.957 0.015
4293.75321 16.941 0.014
4293.79348 16.944 0.016
4293.83099 16.955 0.016
4294.50893 16.933 0.015
4295.51909 16.961 0.016
4295.71419 16.973 0.014
4295.77277 16.931 0.014
4295.83460 16.947 0.017
4296.51316 16.946 0.016
4296.71887 16.929 0.015
4296.77783 16.951 0.016
4297.53299 16.928 0.015
4297.73755 16.927 0.016
4298.56746 16.954 0.017
4298.67908 16.934 0.016
4298.81648 16.966 0.020
4299.55455 16.940 0.013
4299.64446 16.974 0.014
4299.73575 17.041 0.016
4300.55120 17.029 0.016
4300.66637 16.941 0.015
4300.78148 16.944 0.016
4301.53732 16.947 0.015
4301.63356 16.951 0.016
4301.73575 16.951 0.014
4302.61031 16.994 0.016
4302.77541 16.948 0.016
4303.69689 16.984 0.017
4304.57519 16.935 0.019
4304.70461 17.036 0.022
4306.58094 16.959 0.018
4306.71745 16.960 0.019
4310.63457 16.908 0.020
4312.52217 16.982 0.019
4312.76500 16.957 0.017
4314.77959 17.011 0.022
4315.55360 16.935 0.016
4316.58314 16.930 0.015
4317.50579 16.953 0.015
4319.54084 17.048 0.016
4319.68679 16.965 0.017
4320.60818 16.987 0.017
4326.52949 16.944 0.015
4326.73375 16.963 0.017
4327.60890 16.960 0.018
4327.74733 16.983 0.022
4328.47407 16.961 0.018
4328.71369 16.930 0.016
4329.54446 17.011 0.018
4329.69244 16.944 0.018
4330.47440 16.954 0.016
4330.71169 16.962 0.016
4331.51655 16.981 0.015
4331.70565 16.927 0.019
4332.52652 16.952 0.014
4332.73172 16.990 0.018
4333.55154 16.974 0.017
4334.52425 16.961 0.018
4334.67998 17.020 0.038
4338.52099 17.026 0.022
4338.69955 16.942 0.023
4339.51782 16.968 0.016
4340.63801 16.950 0.016
4341.52208 16.937 0.018
4342.55409 16.962 0.017
4343.53795 16.959 0.014
4344.56750 16.966 0.016
4345.52961 16.952 0.014
4346.53924 16.961 0.018
4347.55357 16.978 0.017
4349.51928 16.946 0.016
4350.57270 16.960 0.015
4351.52445 16.938 0.015
4352.58078 17.054 0.022
4353.53474 16.952 0.016
4353.54641 16.930 0.016
4354.56346 16.954 0.016
4355.57129 16.939 0.016
4356.52850 16.977 0.018
4357.49990 16.999 0.021
4358.54334 16.956 0.016
4359.51225 16.994 0.021
4360.58523 16.968 0.019
4361.52563 16.997 0.024
4362.54260 16.955 0.027
4365.58125 16.960 0.021
4367.53407 16.961 0.017
4368.50762 16.961 0.019
4369.58677 16.985 0.022
4370.51399 16.940 0.016
4371.48180 16.969 0.017
4372.53821 16.934 0.015
4373.52925 16.966 0.018
4377.50245 16.920 0.016
4378.53681 16.970 0.016
4379.55485 16.973 0.020
4380.49429 16.942 0.017
4381.54194 16.975 0.024
4382.50050 16.980 0.021
4383.53265 16.987 0.020
4384.50707 16.992 0.023
4388.56679 17.010 0.022
4393.54914 16.933 0.016
4394.52224 16.960 0.018
4395.55847 17.002 0.022
4396.52830 17.007 0.023
4397.55200 16.984 0.019
4398.55730 16.937 0.018
4399.50726 16.986 0.022
4400.55174 16.973 0.026
4403.50562 16.943 0.022
4409.52305 17.081 0.025
4507.88155 16.954 0.020
4511.84841 16.943 0.014
4511.86822 16.959 0.014
4513.87959 16.952 0.013
4517.87874 16.974 0.019
4519.89998 16.966 0.021
4521.81805 17.043 0.020
4523.89046 16.986 0.017
4525.83438 16.959 0.024
4530.89997 16.969 0.014
4531.83755 16.963 0.014
4534.84734 16.968 0.016
4536.79592 16.934 0.022
4537.85606 16.955 0.013
4538.88846 16.956 0.015
4539.87452 16.954 0.016
4540.81845 16.977 0.014
4541.81099 16.942 0.013
4542.80578 16.974 0.016
4543.80130 16.941 0.014
4544.79825 16.968 0.016
4545.76240 17.002 0.018
4546.76902 16.932 0.017
4547.74371 16.980 0.017
4548.83606 16.933 0.016
4548.88695 16.988 0.022
4550.76613 17.007 0.021
4551.78272 16.911 0.016
4552.73245 16.990 0.027
4556.77579 16.948 0.015
4557.79699 16.954 0.015
4558.72661 16.964 0.015
4559.76745 17.010 0.014
4560.76786 16.929 0.016
4561.75719 16.961 0.014
4564.74747 16.999 0.015
4565.74547 16.937 0.012
4566.74494 16.968 0.016
4567.74488 16.952 0.015
4568.74747 16.950 0.014
4569.76202 16.930 0.014
4570.75005 16.947 0.016
4571.74168 17.010 0.020
4572.76856 16.944 0.014
4573.75673 16.938 0.014
4574.75929 16.953 0.015
4575.76813 16.940 0.014
4576.78111 16.926 0.013
4576.90439 16.962 0.016
4577.85629 16.934 0.016
4577.91231 16.945 0.016
4578.81067 16.983 0.020
4579.88447 16.942 0.018
4583.75128 16.971 0.019
4585.78167 17.059 0.019
4586.75773 16.991 0.016
4587.79130 16.945 0.016
4588.66645 17.036 0.018
4588.89898 16.940 0.013
4589.71290 16.965 0.016
4589.86824 16.978 0.017
4589.93011 16.949 0.016
4590.72169 16.981 0.016
4590.92367 16.956 0.015
4591.66284 16.969 0.016
4591.87417 16.955 0.015
4592.68306 16.967 0.015
4592.87233 16.953 0.016
4593.67225 16.933 0.015
4593.88203 16.939 0.014
4593.92192 16.950 0.016
4594.69345 16.940 0.015
4594.88829 16.969 0.016
4595.68604 17.003 0.016
4595.87729 16.950 0.015
4596.67789 16.962 0.016
4596.93574 16.999 0.016
4597.70249 16.964 0.015
4597.89410 16.920 0.015
4598.67870 16.950 0.012
4599.65123 16.951 0.015
4599.93640 16.974 0.019
4600.66358 16.962 0.013
4600.87224 16.929 0.013
4601.66613 16.940 0.013
4601.88234 17.022 0.014
4602.65869 16.939 0.013
4602.87459 16.947 0.012
4603.87007 16.962 0.016
4606.66649 16.939 0.013
4606.91826 16.951 0.016
4610.75979 16.928 0.014
4611.64535 16.940 0.016
4611.79411 17.006 0.015
4612.66686 16.954 0.016
4615.80919 16.952 0.016
4616.62085 16.943 0.016
4616.83714 16.939 0.016
4617.69473 16.928 0.013
4618.62946 16.947 0.014
4622.64301 16.969 0.016
4622.82790 16.981 0.016
4623.68964 16.966 0.015
4623.88725 17.020 0.021
4624.60817 16.958 0.018
4624.83110 16.941 0.016
4624.90014 16.954 0.017
4625.62146 16.951 0.018
4625.84088 17.005 0.018
4625.92943 16.990 0.019
4626.64215 17.011 0.016
4627.58012 16.957 0.015
4627.86953 16.965 0.014
4628.58705 16.954 0.016
4628.77683 16.994 0.016
4628.83914 16.953 0.016
4628.91335 16.920 0.016
4629.64991 16.934 0.014
4629.85756 16.954 0.015
4630.58496 16.962 0.015
4630.80071 16.960 0.013
4630.87025 16.953 0.014
4631.61047 17.016 0.013
4631.80917 16.966 0.014
4631.88454 16.927 0.015
4632.58961 16.952 0.015
4632.87926 16.936 0.017
4633.58665 16.963 0.015
4633.69760 16.966 0.013
4633.82265 16.955 0.015
4638.77110 16.966 0.017
4638.88184 16.937 0.023
4639.59469 16.960 0.016
4639.69227 16.942 0.014
4640.61291 16.954 0.016
4640.74475 16.948 0.014
4641.68842 16.941 0.014
4641.80050 16.922 0.015
4642.61089 16.972 0.015
4642.77306 16.946 0.015
4642.85220 17.004 0.018
4643.57013 16.986 0.016
4644.61861 16.979 0.017
4644.88822 16.975 0.016
4645.54902 16.991 0.019
4645.79672 16.932 0.016
4645.86222 16.982 0.020
4646.54403 16.951 0.014
4646.86978 16.969 0.017
4647.54035 16.931 0.016
4647.75655 16.950 0.016
4647.78074 16.986 0.017
4648.53743 16.984 0.017
4648.79129 16.954 0.016
4648.86593 16.956 0.019
4649.54763 16.947 0.017
4649.77399 16.999 0.015
4650.54878 16.950 0.016
4650.81192 16.961 0.016
4651.53221 16.931 0.016
4652.52370 16.934 0.016
4652.73789 16.959 0.015
4653.51937 16.941 0.020
4653.73857 16.958 0.015
4654.55845 16.969 0.018
4654.77301 16.933 0.016
4655.51918 16.995 0.017
4655.74377 16.951 0.014
4656.52114 16.947 0.014
4656.71100 16.950 0.015
4656.83030 16.956 0.018
4657.74954 16.961 0.019
4658.67975 16.920 0.016
4660.63205 16.935 0.016
4661.50925 16.933 0.015
4661.70995 16.965 0.016
4661.77695 16.948 0.016
4665.67684 16.930 0.017
4666.58220 16.957 0.015
4666.68312 16.977 0.016
4666.72539 16.968 0.019
4666.79770 16.955 0.021
4670.57324 16.976 0.019
4671.60235 16.948 0.014
4671.77446 16.952 0.019
4672.52822 16.939 0.013
4672.67840 16.943 0.014
4672.76358 16.931 0.017
4674.53402 17.023 0.017
4674.72418 16.960 0.017
4675.77336 17.019 0.019
4677.50758 16.944 0.014
4677.59153 16.940 0.015
4677.74710 16.950 0.018
4679.64638 17.002 0.017
4681.54898 16.982 0.016
4681.64901 16.949 0.015
4681.73927 16.968 0.016
4682.57356 16.975 0.016
4682.67729 16.950 0.015
4683.53865 16.956 0.017
4683.72726 16.937 0.016
4684.53119 16.943 0.015
4684.70261 16.976 0.015
4685.47383 17.017 0.024
4685.75134 16.970 0.016
4686.51997 16.985 0.016
4687.52327 16.946 0.016
4687.75921 16.974 0.016
4688.51660 16.960 0.016
4688.70631 16.920 0.016
4693.56428 16.947 0.015
4694.62541 16.967 0.019
4697.52004 16.943 0.016
4698.52548 16.934 0.013
4699.52365 16.951 0.014
4700.52805 16.983 0.014
4701.52333 16.957 0.016
4702.53957 16.953 0.015
4703.60704 16.963 0.016
4704.66241 16.994 0.016
4705.57021 16.926 0.018
4707.61888 16.926 0.013
4708.57074 16.929 0.015
4709.53485 16.964 0.019
4710.57555 16.915 0.015
4715.60986 17.010 0.019
4716.60751 16.946 0.017
4720.52527 16.974 0.017
4721.52553 16.979 0.020
4722.49134 16.908 0.019
4724.52805 16.966 0.018
4725.50674 16.939 0.018
4726.48748 16.963 0.021
4728.62059 17.039 0.022
4729.48828 16.971 0.018
4730.48970 16.939 0.016
4731.59665 16.970 0.018
4733.54513 16.984 0.016
4734.57447 16.949 0.016
4737.56311 17.006 0.020
4740.57599 17.072 0.020
4753.56698 16.950 0.020
4758.53274 16.968 0.017
4869.86845 16.954 0.016
4872.86084 16.965 0.021
4873.88262 16.973 0.016
4875.88245 16.941 0.016
4878.85655 16.999 0.017
4884.87321 16.959 0.014
4887.84563 16.946 0.014
4890.90114 16.944 0.015
4896.89282 16.967 0.015
4899.86057 16.943 0.015
4901.79018 16.974 0.018
4903.78586 16.963 0.016
4905.83414 16.989 0.019
4910.83213 17.005 0.016
4911.86908 16.984 0.013
4913.85881 16.953 0.013
4913.88265 16.963 0.013
4917.72919 16.949 0.014
4921.73133 16.932 0.016
4925.71815 16.943 0.016
4925.83445 16.943 0.012
4926.71127 16.937 0.016
4927.73429 16.981 0.017
4927.88896 16.938 0.016
4928.78275 16.989 0.015
4929.72939 16.907 0.016
4930.72138 16.923 0.016
4930.86923 16.951 0.016
4931.76553 16.907 0.015
4932.69966 16.944 0.016
4932.89847 16.987 0.015
4933.71552 16.970 0.018
4933.89323 16.945 0.015
4934.81416 16.941 0.016
4938.71508 17.008 0.015
4939.67593 16.990 0.016
4940.67590 16.961 0.016
4940.83883 16.994 0.017
4941.86999 16.953 0.016
4942.69240 16.959 0.015
4942.76436 16.933 0.013
4943.70476 16.951 0.013
4943.86159 16.943 0.014
4944.71618 16.933 0.013
4944.87076 16.941 0.011
4945.66136 16.953 0.017
4946.68396 16.948 0.013
4947.67478 16.941 0.013
4948.65442 16.960 0.016
4950.64517 16.949 0.016
4951.80887 16.942 0.015
4952.66487 16.948 0.014
4953.67826 16.964 0.015
4954.65696 16.940 0.015
4954.72306 16.950 0.015
4954.78361 16.963 0.013
4955.82608 16.977 0.016
