2127.52182 18.322 0.063
2130.55443 18.289 0.043
2133.56410 18.593 0.051
2136.68533 18.507 0.053
2141.67533 18.304 0.071
2165.60452 18.487 0.064
2166.50345 18.479 0.059
2172.56565 18.420 0.067
2189.55020 18.520 0.076
2214.53339 18.352 0.086
2337.86234 18.479 0.045
2352.88458 18.379 0.058
2361.87832 18.522 0.050
2373.82921 18.467 0.056
2464.79999 18.439 0.048
2816.69606 18.606 0.051
2852.65132 18.246 0.064
2859.66533 18.644 0.090
3059.88273 18.339 0.041
3064.89401 18.437 0.049
3068.84704 18.515 0.049
3071.89957 18.395 0.045
3073.90873 18.352 0.051
3077.80037 18.258 0.099
3080.84805 18.523 0.052
3083.79500 18.315 0.037
3085.90613 18.458 0.039
3087.84074 18.381 0.041
3089.85753 18.666 0.046
3091.86242 18.423 0.045
3097.84116 18.539 0.048
3099.86715 18.357 0.050
3101.84023 18.411 0.061
3102.86879 18.388 0.047
3104.78440 18.358 0.103
3107.79145 18.418 0.044
3108.82111 18.456 0.041
3110.91092 18.282 0.039
3112.86799 18.599 0.052
3114.86289 18.314 0.041
3116.85055 18.400 0.048
3122.86636 18.275 0.052
3125.92712 18.327 0.054
3126.81995 18.438 0.041
3127.90602 18.625 0.056
3128.89537 18.465 0.056
3130.77287 18.583 0.059
3131.63822 18.440 0.102
3134.90835 18.662 0.157
3135.79321 18.379 0.041
3137.84562 18.311 0.051
3138.73034 18.283 0.041
3140.70207 18.446 0.043
3140.93590 18.389 0.055
3141.76716 18.334 0.036
3142.84147 18.327 0.041
3144.85940 18.332 0.043
3146.92915 18.361 0.044
3151.83470 18.396 0.050
3152.83310 18.420 0.049
3153.83164 18.485 0.058
3154.92653 18.325 0.056
3157.93734 18.623 0.096
3158.72241 18.487 0.059
3162.86946 18.610 0.060
3163.83177 18.413 0.042
3164.81749 18.322 0.044
3165.67370 18.307 0.032
3167.68030 18.218 0.043
3168.83060 18.676 0.053
3169.86063 18.491 0.055
3170.88606 18.602 0.049
3171.73343 18.607 0.043
3173.81779 18.538 0.051
3174.78504 18.586 0.049
3175.86597 18.513 0.054
3177.84162 18.358 0.069
3179.58450 18.426 0.045
3179.88632 18.324 0.054
3180.80288 18.483 0.039
3180.85898 18.381 0.040
3180.88101 18.345 0.039
3180.89619 18.316 0.050
3182.50331 18.403 0.082
3182.59802 18.541 0.064
3182.67912 18.405 0.044
3182.78838 18.479 0.047
3182.86314 18.550 0.051
3183.57103 18.326 0.036
3183.72349 18.463 0.057
3183.81892 18.366 0.070
3184.49165 18.482 0.063
3184.62951 18.451 0.038
3184.77758 18.334 0.042
3185.63240 18.323 0.037
3191.79440 18.260 0.043
3193.62767 18.364 0.041
3194.52737 18.548 0.067
3194.81811 18.430 0.048
3195.75129 18.522 0.042
3196.60414 18.593 0.080
3196.84693 18.504 0.056
3197.79266 18.306 0.045
3199.79290 18.270 0.064
3201.83993 18.272 0.063
3202.78375 18.687 0.056
3203.61283 18.595 0.037
3204.76092 18.303 0.039
3205.69122 18.559 0.042
3210.58845 18.562 0.048
3211.75469 18.445 0.057
3217.73062 18.343 0.056
3218.74159 18.396 0.071
3226.72528 18.279 0.056
3228.69611 18.539 0.060
3229.72686 18.552 0.058
3230.74273 18.527 0.065
3231.67002 18.270 0.050
3238.69456 18.271 0.063
3240.54449 18.346 0.048
3245.65639 18.246 0.052
3247.51848 18.346 0.039
3249.63773 18.456 0.056
3251.53321 18.570 0.072
3254.61474 18.597 0.068
3257.55265 18.457 0.039
3260.61225 18.380 0.069
3265.55109 18.485 0.057
3267.60931 18.380 0.050
3273.50830 18.323 0.073
3277.52772 18.373 0.054
3280.52958 18.532 0.067
3282.59931 18.438 0.041
3289.53343 18.269 0.051
3294.52868 18.578 0.052
3296.52783 18.137 0.045
3302.52498 18.519 0.079
3418.86777 18.304 0.039
3424.85146 18.319 0.058
3427.85336 18.529 0.059
3430.83493 18.422 0.046
3436.88159 18.538 0.061
3443.85270 18.580 0.042
3445.88115 18.463 0.035
3448.78776 18.493 0.058
3450.80511 18.456 0.036
3453.84854 18.333 0.044
3455.91831 18.358 0.048
3458.88378 18.566 0.049
3459.89900 18.571 0.048
3468.88247 18.423 0.038
3469.88515 18.370 0.032
3472.87002 18.578 0.042
3474.80369 18.349 0.042
3476.78031 18.654 0.042
3478.87566 18.419 0.039
3480.89151 18.576 0.049
3483.82614 18.494 0.043
3496.93322 18.754 0.079
3497.90647 18.545 0.052
3500.91549 18.367 0.040
3502.89973 18.632 0.050
3503.88058 18.431 0.036
3506.94002 18.299 0.049
3508.91733 18.468 0.061
3509.90012 18.619 0.043
3511.92367 18.549 0.045
3512.91683 18.308 0.050
3520.67585 18.399 0.045
3521.80657 18.576 0.051
3522.87424 18.533 0.052
3524.86545 18.609 0.058
3527.64873 18.253 0.035
3527.73418 18.490 0.035
3528.89310 18.412 0.051
3530.87138 18.630 0.038
3530.90277 18.560 0.041
3538.86092 18.586 0.049
3541.89505 18.396 0.058
3544.89247 18.612 0.083
3547.85984 18.343 0.048
3550.83667 18.485 0.048
3551.84870 18.755 0.057
3552.84403 18.444 0.050
3554.84705 18.282 0.045
3558.63203 18.639 0.047
3559.64047 18.550 0.039
3560.71679 18.615 0.047
3561.63836 18.351 0.036
3562.67165 18.504 0.043
3563.73612 18.338 0.043
3569.66407 18.370 0.100
3573.79447 18.394 0.058
3574.76667 18.460 0.063
3575.70861 18.684 0.046
3576.77526 18.501 0.059
3579.69826 18.358 0.039
3580.75993 18.320 0.068
3581.74778 18.385 0.050
3582.69669 18.539 0.045
3583.71489 18.580 0.054
3584.71888 18.493 0.044
3585.71741 18.431 0.039
3586.77145 18.477 0.041
3590.75717 18.638 0.061
3591.74225 18.702 0.052
3592.71651 18.445 0.038
3602.73370 18.259 0.075
3603.72869 18.526 0.063
3608.70528 18.380 0.043
3615.66297 18.534 0.054
3617.62458 18.416 0.053
3619.62173 18.368 0.046
3621.66338 18.517 0.059
3629.54765 18.536 0.045
3631.57650 18.428 0.056
3634.53225 18.592 0.049
3640.53543 18.605 0.072
3644.61073 18.615 0.063
3649.58665 18.758 0.069
3652.56061 18.227 0.061
3656.55338 18.638 0.080
3660.55757 18.266 0.059
3665.54385 18.419 0.056
3671.49676 18.314 0.071
3778.85032 18.310 0.054
3783.88926 18.587 0.046
3786.87495 18.329 0.069
3792.89437 18.495 0.048
3794.89347 18.334 0.038
3796.88530 18.527 0.049
3797.88493 18.572 0.042
3800.86598 18.357 0.050
3802.81287 18.587 0.050
3803.84552 18.578 0.047
3804.89270 18.495 0.053
3806.90517 18.663 0.049
3808.89013 18.324 0.040
3810.80619 18.552 0.058
3812.79231 18.304 0.051
3814.78326 18.462 0.048
3818.84811 18.668 0.052
3819.90755 18.532 0.036
3820.89981 18.656 0.045
3821.91117 18.605 0.040
3823.90806 18.428 0.038
3824.91808 18.361 0.064
3825.91011 18.483 0.049
3826.90922 18.463 0.045
3827.90931 18.599 0.052
3829.91741 18.496 0.039
3830.88663 18.376 0.035
3832.91154 18.374 0.045
3833.90804 18.440 0.041
3834.82511 18.363 0.035
3835.88440 18.438 0.035
3836.88699 18.454 0.039
3837.86577 18.354 0.037
3838.86992 18.494 0.048
3839.88894 18.366 0.052
3840.87294 18.678 0.050
3841.85633 18.506 0.044
3842.77018 18.443 0.051
3845.86269 18.458 0.114
3846.86459 18.447 0.037
3847.91074 18.458 0.053
3848.88045 18.460 0.056
3849.90939 18.676 0.055
3850.82945 18.398 0.043
3851.83578 18.426 0.053
3852.82788 18.553 0.050
3853.81716 18.569 0.038
3856.80578 18.274 0.039
3860.86121 18.340 0.050
3861.87649 18.488 0.042
3862.82008 18.507 0.045
3863.79787 18.388 0.036
3864.82178 18.374 0.031
3865.78417 18.433 0.045
3866.74984 18.598 0.044
3867.76071 18.422 0.045
3868.75197 18.373 0.050
3869.73452 18.363 0.048
3873.73716 18.530 0.042
3874.78400 18.638 0.059
3875.76728 18.461 0.036
3877.72559 18.560 0.043
3880.79298 18.518 0.041
3881.80089 18.577 0.042
3882.73586 18.361 0.043
3883.78784 18.308 0.040
3886.75118 18.577 0.044
3887.73100 18.496 0.045
3889.89272 18.419 0.042
3891.62434 18.455 0.067
3892.76004 18.344 0.043
3893.79382 18.284 0.049
3894.82780 18.234 0.049
3896.78128 18.482 0.071
3900.67503 18.500 0.065
3901.68052 18.367 0.039
3902.69809 18.389 0.038
3903.84613 18.381 0.042
3904.67786 18.372 0.029
3905.68865 18.498 0.040
3906.66641 18.510 0.049
3907.73244 18.582 0.074
3908.67241 18.346 0.033
3909.67045 18.362 0.031
3912.67453 18.521 0.031
3913.67477 18.573 0.041
3914.73421 18.514 0.041
3915.67164 18.442 0.033
3916.75335 18.409 0.053
3917.77057 18.569 0.061
3918.77084 18.547 0.053
3919.70105 18.446 0.038
3920.65468 18.624 0.056
3921.66318 18.495 0.066
3930.52131 18.637 0.059
3930.72483 18.501 0.058
3931.64099 18.407 0.043
3932.60484 18.594 0.038
3933.65231 18.560 0.036
3934.61876 18.504 0.040
3934.82768 18.493 0.050
3935.59977 18.335 0.038
3936.58482 18.376 0.047
3937.66362 18.394 0.040
3938.62981 18.356 0.042
3940.77386 18.438 0.041
3944.72213 18.691 0.045
3945.66621 18.325 0.036
3946.65699 18.328 0.038
3950.67233 18.510 0.039
3951.69471 18.613 0.057
3959.64400 18.358 0.043
3960.63510 18.474 0.038
3963.64047 18.546 0.046
3964.67666 18.593 0.045
3965.65142 18.348 0.035
3966.64587 18.322 0.036
3967.66934 18.377 0.037
3968.62889 18.547 0.048
3969.63931 18.567 0.050
3970.64609 18.625 0.051
3971.67739 18.626 0.048
3974.64321 18.395 0.045
3975.63575 18.472 0.046
3976.62969 18.514 0.048
3979.66664 18.590 0.094
3986.67824 18.424 0.075
3987.62702 18.440 0.047
3988.66084 18.376 0.052
3989.57726 18.514 0.059
3991.57871 18.424 0.049
3995.52653 18.574 0.052
4001.59684 18.325 0.039
4002.63245 18.351 0.044
4003.58689 18.579 0.049
4011.57021 18.503 0.059
4016.54005 18.760 0.096
4017.57291 18.677 0.066
4019.58104 18.388 0.068
4023.56382 18.315 0.059
4025.51537 18.289 0.045
4027.52311 18.305 0.051
4030.51518 18.638 0.083
4152.88992 18.480 0.086
4155.86980 18.307 0.047
4158.83154 18.445 0.054
4160.89856 18.572 0.085
4162.88231 18.363 0.052
4165.86663 18.578 0.069
4167.85959 18.399 0.053
4169.86200 18.411 0.046
4174.87598 18.558 0.051
4176.85329 18.313 0.044
4177.91022 18.385 0.056
4179.80447 18.444 0.045
4180.87303 18.546 0.071
4182.78140 18.397 0.044
4183.81835 18.357 0.043
4185.79415 18.599 0.054
4190.89215 18.418 0.046
4192.89635 18.326 0.041
4193.90738 18.419 0.045
4196.88698 18.517 0.049
4202.89862 18.538 0.049
4203.88678 18.545 0.043
4204.89358 18.440 0.041
4205.88243 18.324 0.040
4207.90632 18.284 0.039
4208.91580 18.394 0.043
4213.88730 18.321 0.044
4216.84595 18.522 0.049
4217.86884 18.542 0.039
4218.91254 18.575 0.052
4220.89947 18.346 0.066
4222.85946 18.626 0.060
4228.86038 18.451 0.063
4229.82629 18.580 0.049
4230.80696 18.463 0.040
4231.84926 18.481 0.049
4232.87020 18.313 0.065
4234.80764 18.487 0.044
4234.84510 18.341 0.043
4235.82872 18.552 0.045
4237.64561 18.613 0.068
4238.83326 18.511 0.077
4240.62703 18.297 0.065
4243.87962 18.412 0.063
4244.89029 18.475 0.066
4245.92940 18.410 0.048
4246.93370 18.526 0.077
4247.59078 18.340 0.040
4256.81834 18.476 0.082
4257.70224 18.382 0.052
4258.80476 18.515 0.066
4268.58579 18.317 0.048
4269.72620 18.562 0.046
4272.64743 18.544 0.051
4273.69485 18.499 0.054
4274.67869 18.639 0.057
4275.73547 18.503 0.057
4277.57635 18.446 0.061
4278.70971 18.401 0.065
4283.65653 18.390 0.047
4284.63794 18.359 0.049
4285.64491 18.357 0.060
4286.73863 18.407 0.060
4289.68844 18.568 0.066
4291.57820 18.586 0.076
4292.62331 18.421 0.041
4293.65171 18.489 0.041
4294.69227 18.489 0.050
4295.65292 18.562 0.043
4296.63575 18.482 0.041
4297.56297 18.390 0.039
4299.76468 18.625 0.047
4300.70081 18.357 0.043
4301.56393 18.397 0.041
4302.79789 18.424 0.057
4306.55494 18.576 0.074
4311.59744 18.249 0.066
4312.66472 18.391 0.042
4317.65179 18.547 0.059
4319.66074 18.372 0.055
4326.66991 18.500 0.051
4327.70554 18.341 0.057
4328.64031 18.354 0.045
4329.63111 18.459 0.061
4330.64494 18.481 0.045
4331.64036 18.553 0.054
4332.69499 18.542 0.064
4333.64414 18.318 0.061
4334.65762 18.185 0.094
4338.67722 18.460 0.076
4339.64716 18.494 0.069
4340.71036 18.695 0.090
4341.69183 18.388 0.079
4342.68828 18.352 0.059
4343.65807 18.401 0.059
4345.65794 18.606 0.086
4346.66311 18.498 0.071
4347.67724 18.520 0.061
4349.65228 18.277 0.046
4350.67685 18.371 0.051
4351.64773 18.510 0.060
4354.65648 18.589 0.070
4357.59450 18.539 0.069
4359.56800 18.420 0.049
4365.61294 18.524 0.079
4368.61248 18.357 0.080
4370.56810 18.478 0.048
4372.60092 18.613 0.066
4377.56164 18.404 0.065
4381.60405 18.451 0.095
4517.89550 18.346 0.066
4520.88763 18.533 0.066
4523.86779 18.247 0.048
4525.86249 18.555 0.089
4532.89069 18.412 0.050
4535.85285 18.298 0.055
4537.80281 18.387 0.044
4539.80762 18.553 0.049
4541.83948 18.453 0.048
4543.82921 18.375 0.039
4544.82605 18.330 0.045
4545.84363 18.462 0.045
4547.81744 18.525 0.049
4547.83714 18.558 0.050
4547.90204 18.369 0.045
4548.79001 18.341 0.069
4548.88075 18.578 0.086
4550.75693 18.439 0.072
4550.81641 18.370 0.058
4551.72938 18.443 0.060
4552.80650 18.498 0.061
4556.89825 18.572 0.042
4557.92424 18.576 0.065
4558.89331 18.442 0.040
4559.88835 18.316 0.039
4560.88852 18.289 0.035
4561.87757 18.402 0.033
4564.88173 18.512 0.041
4565.87132 18.346 0.029
4566.87257 18.309 0.035
4567.87812 18.374 0.037
4568.91031 18.377 0.040
4569.89638 18.472 0.045
4570.90200 18.493 0.053
4571.86358 18.437 0.040
4572.90217 18.437 0.048
4573.87721 18.347 0.033
4574.88571 18.376 0.046
4575.89699 18.381 0.042
4583.86722 18.458 0.048
4585.85094 18.521 0.045
4586.86973 18.341 0.046
4587.88161 18.349 0.063
4588.77185 18.618 0.051
4589.74117 18.351 0.045
4590.82083 18.600 0.050
4591.73365 18.377 0.042
4592.80719 18.329 0.047
4593.79267 18.287 0.039
4594.82099 18.286 0.039
4594.93730 18.434 0.067
4595.81181 18.431 0.043
4596.76744 18.486 0.040
4596.89127 18.359 0.046
4596.92675 18.392 0.045
4597.75045 18.402 0.042
4597.82933 18.551 0.051
4598.64715 18.573 0.043
4598.79883 18.449 0.035
4599.77802 18.325 0.036
4600.80043 18.333 0.032
4601.78901 18.387 0.038
4602.79266 18.468 0.040
4606.85449 18.431 0.052
4611.77005 18.305 0.056
4616.76221 18.567 0.044
4618.66662 18.385 0.048
4622.74537 18.539 0.052
4623.81842 18.328 0.048
4624.75720 18.652 0.061
4625.56975 18.606 0.081
4625.74018 18.389 0.052
4626.80221 18.542 0.053
4627.71944 18.410 0.034
4628.70829 18.434 0.040
4629.77781 18.397 0.042
4630.71698 18.457 0.039
4631.73283 18.484 0.038
4632.76666 18.507 0.046
4633.90209 18.301 0.071
4639.85479 18.357 0.090
4641.89691 18.349 0.070
4642.54266 18.380 0.054
4643.69970 18.643 0.056
4644.78923 18.404 0.045
4645.70183 18.420 0.052
4646.66875 18.327 0.037
4647.69073 18.375 0.045
4649.67521 18.583 0.048
4650.71337 18.473 0.051
4651.71391 18.507 0.053
4652.64649 18.270 0.040
4653.66030 18.345 0.039
4654.67873 18.313 0.042
4655.67939 18.397 0.038
4656.64578 18.604 0.056
4658.80309 18.256 0.067
4661.63547 18.407 0.043
4666.50668 18.449 0.060
4671.69175 18.524 0.052
4672.65157 18.443 0.055
4674.67948 18.272 0.045
4677.72365 18.329 0.050
4681.70759 18.498 0.057
4682.70520 18.344 0.039
4683.66125 18.381 0.049
4684.68001 18.409 0.051
4684.77316 18.375 0.061
4685.70581 18.442 0.049
4687.69405 18.476 0.061
4688.63997 18.355 0.042
4694.72405 18.436 0.084
4697.64881 18.236 0.055
4698.66695 18.312 0.056
4700.66217 18.567 0.063
4701.64549 18.388 0.053
4702.65994 18.380 0.052
4708.68156 18.525 0.058
4715.64264 18.385 0.061
4720.64829 18.715 0.126
4721.65607 18.515 0.086
4722.64632 18.499 0.069
4725.61922 18.448 0.071
4726.64744 18.370 0.065
4733.60851 18.540 0.069
4739.50125 18.415 0.052
4750.55059 18.306 0.070
4757.55744 18.288 0.045
4763.53378 18.299 0.052
4877.87391 18.340 0.040
4883.88779 18.346 0.064
4886.85451 18.773 0.074
4890.82704 18.288 0.043
4894.87801 18.611 0.080
4898.89003 18.370 0.044
4900.85678 18.432 0.046
4901.90841 18.424 0.045
4902.83400 18.566 0.050
4903.89667 18.592 0.052
4904.86216 18.258 0.041
4911.89737 18.550 0.038
4913.91081 18.301 0.039
4924.90541 18.510 0.043
4928.81216 18.512 0.064
4930.74763 18.324 0.049
4931.88974 18.603 0.054
4932.79759 18.329 0.042
4933.74520 18.551 0.065
4934.84345 18.310 0.042
4938.85195 18.525 0.053
4940.79668 18.383 0.045
4941.84849 18.237 0.044
4942.87453 18.281 0.038
4943.73110 18.378 0.037
4944.79600 18.489 0.043
4949.81047 18.453 0.044
4950.71168 18.293 0.039
4951.79441 18.542 0.050
4951.83544 18.546 0.057
4953.73998 18.408 0.043
