2130.50844 18.147 0.023
2133.52462 18.219 0.025
2136.64590 18.113 0.027
2141.63661 18.122 0.029
2144.71632 18.111 0.028
2170.61831 18.097 0.027
2179.51657 18.212 0.032
2189.51165 18.044 0.034
2212.53706 18.174 0.033
2337.82349 18.146 0.027
2349.84185 18.120 0.026
2357.83499 18.149 0.024
2365.90954 18.116 0.026
2373.78999 18.049 0.024
2384.83215 18.070 0.022
2388.83138 18.153 0.027
2390.86938 18.196 0.029
2393.86361 18.200 0.070
2400.81097 18.080 0.023
2402.91767 18.144 0.028
2406.86044 18.155 0.029
2411.71852 18.097 0.027
2415.89374 18.060 0.034
2417.85835 18.087 0.029
2425.89043 18.225 0.039
2428.87466 18.140 0.031
2432.90333 18.093 0.045
2434.79126 18.133 0.023
2436.83995 18.163 0.027
2438.82131 18.197 0.031
2441.77612 18.125 0.023
2445.69333 18.122 0.023
2448.72336 18.077 0.037
2454.73088 18.161 0.029
2460.72194 18.176 0.032
2463.60322 18.165 0.023
2466.57414 18.172 0.023
2468.75876 18.305 0.025
2470.74244 18.167 0.025
2472.77307 18.068 0.021
2481.62080 18.086 0.034
2484.68338 18.173 0.027
2486.77644 18.151 0.042
2491.50558 18.136 0.037
2493.70390 18.243 0.028
2496.54987 18.228 0.022
2498.58797 18.119 0.019
2500.61418 18.317 0.025
2502.63227 18.166 0.025
2516.49267 18.238 0.039
2517.53705 18.159 0.037
2520.64826 18.210 0.028
2529.51478 18.095 0.025
2538.56409 18.164 0.034
2542.55307 18.428 0.042
2548.51827 18.141 0.033
2552.55489 18.127 0.032
2557.51987 18.168 0.027
2561.51578 18.215 0.041
2568.55033 18.227 0.047
2575.55003 18.217 0.086
2584.53083 18.179 0.044
2708.86754 18.216 0.025
2719.87370 18.171 0.026
2734.83425 18.166 0.021
2747.75798 18.133 0.039
2754.76330 18.120 0.027
2757.83250 18.084 0.026
2763.78558 18.245 0.028
2767.87786 18.139 0.034
2775.78332 18.147 0.043
2776.73086 18.212 0.041
2783.87243 18.201 0.026
2785.73873 18.164 0.025
2788.61825 18.156 0.030
2790.76174 18.134 0.023
2793.69212 18.348 0.040
2795.65127 18.278 0.026
2797.66234 18.125 0.021
2809.78254 18.178 0.033
2811.70300 18.043 0.035
2812.83226 18.190 0.038
2813.87603 18.110 0.030
2815.85675 18.206 0.029
2817.75522 18.197 0.028
2819.66567 18.123 0.023
2821.71477 18.246 0.030
2830.68563 18.170 0.030
2835.69659 18.079 0.027
2837.70705 18.092 0.037
2839.76684 18.122 0.029
2841.77926 18.144 0.024
2843.71528 18.208 0.027
2845.70493 18.148 0.024
2850.59368 18.139 0.022
2852.61239 18.288 0.037
2854.60588 18.121 0.033
2857.51607 18.098 0.027
2858.72842 18.178 0.027
2865.61955 18.177 0.025
2868.61582 18.167 0.023
2871.69651 18.167 0.024
2876.69752 18.131 0.025
2879.66295 18.233 0.032
2884.69404 18.286 0.035
2893.57059 18.317 0.028
2894.68008 18.080 0.038
2900.50581 18.220 0.038
2905.64483 18.148 0.040
2911.56614 18.214 0.029
2918.60883 18.122 0.034
2923.60961 18.117 0.035
2931.56287 18.151 0.027
3052.87485 18.174 0.025
