2115.77507 17.182 0.015
2128.62844 17.164 0.012
2131.69745 17.151 0.014
2134.72989 17.078 0.015
2138.61353 17.200 0.015
2143.57325 17.207 0.018
2162.57561 17.112 0.014
2168.59359 17.219 0.017
2173.55161 17.067 0.016
2180.55027 17.191 0.017
2184.55497 17.088 0.019
2195.53871 17.113 0.017
2324.88200 17.131 0.016
2326.86190 17.141 0.019
2341.87338 17.255 0.017
2350.89124 17.187 0.014
2359.85106 17.201 0.015
2370.89217 17.132 0.014
2384.73000 17.150 0.015
2388.73144 17.136 0.020
2390.70219 17.272 0.020
2400.73053 17.281 0.015
2402.84783 17.196 0.015
2404.89468 17.237 0.014
2410.74028 17.151 0.010
2415.65742 17.169 0.019
2417.69273 17.116 0.016
2425.62230 17.092 0.020
2431.67206 17.310 0.017
2433.64860 17.301 0.015
2435.76716 17.351 0.014
2437.65346 17.140 0.017
2439.59087 17.234 0.014
2441.59961 17.297 0.015
2444.58540 17.214 0.016
2446.59816 17.123 0.014
2452.58042 17.278 0.020
2458.54864 17.165 0.020
2462.85933 17.220 0.016
2464.50164 17.148 0.017
2466.81553 17.125 0.017
2468.52909 17.148 0.013
2470.53632 17.198 0.016
2474.68090 17.184 0.015
2485.67581 17.196 0.018
2489.74565 17.182 0.016
2492.69182 17.167 0.014
2495.48644 17.215 0.016
2497.54717 17.208 0.015
2499.58460 17.203 0.013
2501.61078 17.131 0.012
2503.55878 17.208 0.028
2511.59122 17.114 0.017
2518.53964 17.196 0.015
2521.53192 17.147 0.016
2526.55940 17.317 0.015
2529.65787 17.236 0.018
2540.54074 17.148 0.016
2545.58057 17.113 0.019
2550.52984 17.263 0.019
2555.49067 17.178 0.019
2560.56771 17.253 0.025
2561.50316 17.229 0.020
2566.54495 17.158 0.020
2699.90096 17.200 0.019
2712.84331 17.354 0.018
2732.82595 17.314 0.018
2743.81750 17.334 0.015
2748.83718 17.153 0.017
2755.82539 17.253 0.014
2756.89742 17.325 0.016
2759.82504 17.130 0.013
2765.84664 17.310 0.016
2769.89247 17.343 0.014
2782.76778 17.139 0.017
2784.76185 17.250 0.013
2786.65230 17.143 0.015
2788.75400 17.183 0.012
2790.83748 17.211 0.014
2792.64896 17.306 0.016
2792.66386 17.309 0.016
2794.66920 17.307 0.016
2796.60685 17.138 0.013
2802.63408 17.230 0.029
2808.67336 17.117 0.016
2810.60513 17.200 0.016
2812.56174 17.367 0.019
2814.57941 17.292 0.017
2814.78177 17.147 0.015
2814.80876 17.137 0.015
2815.61410 17.225 0.017
2817.64477 17.153 0.016
2821.54568 17.321 0.018
2829.80501 17.291 0.019
2834.66170 17.137 0.043
2836.54680 17.232 0.016
2838.57399 17.212 0.017
2839.81494 17.163 0.016
2841.75508 17.262 0.014
2844.48174 17.204 0.020
2848.73332 17.213 0.017
2851.57909 17.084 0.013
2853.59006 17.154 0.013
2855.64015 17.137 0.019
2857.76534 17.110 0.016
2860.64823 17.293 0.020
2863.73096 17.172 0.021
2866.74411 17.160 0.019
2869.60073 17.343 0.016
2871.54058 17.123 0.013
2875.67984 17.097 0.016
2878.64462 17.272 0.016
2884.52706 17.140 0.016
2886.56404 17.133 0.033
2894.57552 17.139 0.014
2897.65182 17.115 0.017
2906.61249 17.134 0.015
2910.59614 17.229 0.024
2912.59160 17.246 0.017
2922.59014 17.332 0.028
2932.58075 17.262 0.017
3046.88316 17.161 0.021
3056.86303 17.127 0.017
3060.82736 17.323 0.019
3066.82494 17.152 0.014
3068.88246 17.141 0.013
3072.80158 17.300 0.016
3076.78416 17.161 0.021
3077.89097 17.220 0.027
3081.84762 17.215 0.014
3084.81400 17.335 0.015
3086.87738 17.304 0.013
3088.86490 17.186 0.012
3090.77822 17.202 0.012
3097.88999 17.329 0.014
3099.80548 17.126 0.014
3101.88272 17.143 0.014
3103.84074 17.212 0.014
3104.82685 17.409 0.040
3107.83026 17.208 0.018
3108.91573 17.357 0.015
3114.87495 17.169 0.015
3116.78094 17.252 0.015
3124.85855 17.178 0.016
3126.73948 17.272 0.014
3128.61833 17.180 0.016
3130.80800 17.192 0.017
3131.75477 17.167 0.018
3135.76397 17.358 0.014
3138.77241 17.209 0.013
3140.74087 17.136 0.012
3141.80371 17.164 0.012
3142.87682 17.179 0.014
3144.89863 17.144 0.015
3147.73158 17.261 0.018
3151.87077 17.245 0.016
3152.86802 17.280 0.017
3153.87537 17.171 0.019
3154.94394 17.239 0.024
3156.94831 17.226 0.027
3158.92807 17.171 0.021
3162.88463 17.271 0.016
3163.88181 17.283 0.019
3164.85927 17.185 0.014
3165.64133 17.270 0.012
3167.72371 17.318 0.016
3168.79749 17.307 0.014
3169.76949 17.292 0.015
3170.92708 17.163 0.015
3171.58520 17.227 0.014
3173.76575 17.153 0.014
3174.82158 17.174 0.012
3175.88483 17.147 0.015
3178.53101 17.190 0.017
3179.83306 17.263 0.017
3180.84032 17.226 0.012
3182.89763 17.250 0.017
3183.86830 17.418 0.025
3184.47688 17.238 0.017
3185.53960 17.235 0.015
3193.66581 17.120 0.017
3194.47123 17.253 0.024
3195.72076 17.163 0.011
3196.75761 17.151 0.012
3197.71701 17.245 0.016
3201.79677 17.281 0.014
3202.74073 17.223 0.017
3203.78976 17.347 0.013
3205.65179 17.167 0.011
3206.66837 17.181 0.012
3210.67523 17.355 0.015
3211.72549 17.289 0.017
3217.77130 17.137 0.020
3218.71176 17.208 0.018
3224.60093 17.167 0.012
3229.67476 17.210 0.013
3231.71743 17.183 0.017
3239.57104 17.377 0.015
3240.57956 17.312 0.020
3245.69341 17.216 0.018
3247.55302 17.255 0.017
3249.67960 17.087 0.017
3251.57495 17.281 0.013
3254.65800 17.315 0.019
3257.59221 17.164 0.012
3258.57711 17.153 0.016
3261.53098 17.344 0.015
3267.64372 17.120 0.016
3270.51481 17.308 0.029
3273.54787 17.203 0.020
3276.57344 17.128 0.018
3279.58215 17.089 0.015
3283.51596 17.239 0.014
3289.56896 17.107 0.014
3778.88512 17.172 0.014
3938.60567 17.239 0.013
3938.64899 17.221 0.014
3938.74248 17.147 0.013
3938.78868 17.265 0.017
3939.49282 17.286 0.013
3940.56301 17.268 0.012
3940.61287 17.287 0.010
3940.65140 17.213 0.011
3940.69300 17.208 0.011
3940.73135 17.158 0.010
3940.76167 17.142 0.010
3940.80850 17.211 0.011
3941.63125 17.487 0.022
3941.67771 17.322 0.017
3941.69284 17.319 0.018
3942.48941 17.262 0.020
3944.49148 17.211 0.012
3944.59774 17.187 0.012
3944.69546 17.283 0.012
3944.77494 17.243 0.017
3945.50504 17.190 0.013
3945.63919 17.195 0.012
3945.76387 17.409 0.019
3946.46652 17.456 0.023
3946.63367 17.169 0.012
3946.77786 17.341 0.016
3950.46915 17.223 0.016
3950.68383 17.180 0.011
4911.84340 17.350 0.013
