2116.79176 17.761 0.022
2128.68003 17.749 0.018
2131.65555 17.843 0.021
2135.56364 17.814 0.017
2143.63122 17.886 0.020
2162.62470 17.793 0.020
2170.53096 17.852 0.020
2173.60492 17.790 0.021
2184.60372 17.825 0.036
2195.58441 17.856 0.029
2200.55857 17.774 0.032
2346.83436 17.832 0.020
2351.83546 17.765 0.017
2360.84409 17.870 0.020
2371.81671 17.781 0.020
2380.80539 17.853 0.028
2384.77731 17.878 0.022
2388.78111 17.794 0.024
2390.75107 17.858 0.026
2397.90935 17.841 0.022
2401.71173 17.838 0.019
2403.77303 17.828 0.017
2405.70889 17.849 0.021
2415.71042 17.796 0.024
2417.79763 17.773 0.023
2425.87468 17.773 0.023
2431.72186 17.803 0.020
2433.69675 17.822 0.020
2434.84262 17.838 0.020
2436.63199 17.851 0.020
2438.64756 17.802 0.019
2440.62892 17.812 0.020
2443.66251 17.862 0.020
2445.55959 17.844 0.025
2452.63086 17.762 0.024
2458.76686 17.789 0.017
2462.68327 17.816 0.017
2464.55071 17.838 0.023
2467.47730 17.812 0.025
2469.48777 17.881 0.021
2471.77774 17.813 0.019
2473.47592 17.898 0.030
2483.53070 17.807 0.019
2485.72548 17.788 0.027
2490.50738 17.812 0.023
2492.74396 17.756 0.029
2495.53492 17.820 0.020
2497.59593 17.831 0.018
2499.63323 17.799 0.017
2501.66011 17.782 0.018
2511.63927 17.821 0.026
2521.58596 17.808 0.020
2535.51493 17.953 0.030
2539.61150 17.803 0.026
2540.58948 17.860 0.027
2545.54138 17.803 0.021
2550.57802 17.804 0.030
2555.54046 17.833 0.027
2561.56484 17.724 0.026
2571.50747 17.789 0.033
2701.89991 17.810 0.022
2712.90049 17.827 0.020
2727.85933 17.788 0.017
2732.87709 17.788 0.020
2743.86491 17.821 0.017
2748.89666 17.781 0.025
2755.88748 17.845 0.020
2759.87883 17.853 0.020
2765.90518 17.778 0.018
2770.63476 17.794 0.033
2782.81885 17.799 0.025
2784.81782 17.808 0.018
2786.70775 17.848 0.024
2790.91754 17.771 0.020
2792.57108 17.813 0.030
2794.69389 17.789 0.020
2796.63231 17.780 0.017
2802.68946 17.844 0.028
2808.73705 17.800 0.021
2810.65580 17.786 0.020
2812.63272 17.813 0.019
2813.72170 17.820 0.020
2815.66127 17.817 0.019
2816.79643 17.845 0.020
2817.80583 17.819 0.020
2819.58059 17.786 0.020
2821.56956 17.830 0.022
2830.60610 17.854 0.025
2835.53717 17.816 0.028
2836.76533 17.811 0.033
2838.66161 17.818 0.020
2840.58631 17.778 0.017
2844.69707 17.792 0.020
2849.52603 17.820 0.023
2851.62663 17.794 0.020
2853.63732 17.804 0.016
2856.51507 17.778 0.020
2858.49094 17.833 0.021
2860.60556 17.809 0.030
2863.69256 17.840 0.032
2867.59889 17.782 0.017
2870.67712 17.808 0.020
2874.66565 17.815 0.025
2878.55770 17.809 0.017
2884.62918 17.817 0.021
2893.65692 17.848 0.020
2896.51975 17.941 0.023
2906.65992 17.829 0.023
2912.63925 17.858 0.028
2924.56250 17.819 0.020
2934.57932 17.793 0.026
2942.54006 17.877 0.027
3048.87897 17.826 0.021
