2118.75289 20.430 0.329
2125.52161 19.372 0.173
2129.60441 19.730 0.128
2132.54905 19.835 0.141
2135.68062 20.471 0.223
2140.64447 19.354 0.092
2144.53101 19.507 0.159
2158.57357 20.005 0.198
2167.52881 19.535 0.101
2172.54455 20.091 0.266
2187.49529 19.668 0.163
2330.86835 19.446 0.105
2344.86388 19.522 0.113
2355.82923 19.862 0.132
2371.90936 19.701 0.128
2382.88685 19.671 0.143
2386.83963 19.265 0.103
2390.76952 19.825 0.200
2397.84712 19.063 0.087
2401.76022 19.576 0.121
2403.81628 19.402 0.087
2405.78463 19.632 0.130
2415.85251 19.109 0.109
2424.72940 19.366 0.175
2428.69371 19.270 0.090
2432.76428 18.879 0.107
2434.63375 18.971 0.082
2435.86040 19.245 0.098
2437.80485 19.166 0.102
2439.74255 19.294 0.072
2441.69842 19.432 0.084
2444.82835 18.946 0.098
2446.83195 19.075 0.095
2453.78883 19.607 0.132
2458.84075 19.470 0.118
2462.57008 19.180 0.072
2464.69138 19.014 0.060
2467.59447 19.378 0.087
2469.60895 19.158 0.060
2471.66873 19.070 0.060
2483.65053 19.499 0.107
2486.63382 19.004 0.095
2490.60083 19.557 0.133
2493.56006 19.713 0.132
2495.63462 19.332 0.087
2496.49136 19.324 0.086
2497.49527 19.237 0.094
2497.68928 18.949 0.069
2498.57524 19.183 0.058
2499.73714 19.288 0.086
2501.75558 19.246 0.092
2508.57189 19.649 0.125
2512.53192 19.252 0.109
2517.70204 19.236 0.129
2520.48873 19.558 0.132
2526.58491 19.476 0.098
2535.58594 19.258 0.133
2541.56407 19.484 0.124
2547.50410 19.464 0.130
2551.53855 19.654 0.178
2556.49229 19.376 0.147
2563.52792 19.171 0.090
2574.50560 19.289 0.120
2705.86838 19.920 0.152
2713.91027 19.671 0.122
2728.85142 19.031 0.091
2733.83350 19.267 0.103
2744.80594 19.798 0.109
2752.87750 19.079 0.092
2756.85087 19.609 0.124
2760.81685 19.177 0.114
2766.85041 19.112 0.079
2770.73009 19.179 0.099
2783.79102 19.213 0.073
2786.85361 19.416 0.128
2789.65992 19.625 0.121
2791.62078 18.796 0.054
2794.77686 19.007 0.087
2796.72563 19.114 0.063
2808.86743 19.535 0.205
2810.79557 19.758 0.136
2811.83600 19.657 0.121
2813.63252 19.022 0.097
2815.75424 19.085 0.067
2817.70713 19.195 0.097
2818.76927 19.153 0.095
2820.63960 19.088 0.091
2826.63166 19.168 0.092
2834.68963 19.589 0.322
2835.81018 19.078 0.094
2837.54490 19.181 0.105
2839.58119 19.433 0.144
2841.59140 19.041 0.087
2843.52684 19.093 0.118
2845.56642 19.283 0.116
2849.71684 19.604 0.144
2851.73114 19.131 0.102
2853.73695 19.667 0.152
2856.62556 19.079 0.092
2858.60093 19.345 0.162
2859.63962 19.322 0.162
2863.61000 19.096 0.098
2866.69878 19.262 0.114
2869.63941 19.432 0.102
2872.61348 19.387 0.083
2877.60347 19.046 0.087
2883.54999 19.258 0.073
2892.57129 19.102 0.106
2896.59307 19.186 0.072
2902.53320 19.085 0.125
2907.53153 19.234 0.124
2916.60568 19.401 0.162
2928.54913 19.224 0.105
3050.88348 19.150 0.097
3058.83045 19.595 0.135
3061.89489 19.203 0.079
3067.83133 19.310 0.092
3072.86980 19.159 0.064
3074.90924 19.559 0.118
3079.81616 19.367 0.094
3082.78262 19.652 0.113
3084.77775 19.189 0.075
3086.77063 19.677 0.101
3087.88406 19.049 0.076
3089.79206 19.302 0.087
3091.75362 19.144 0.084
3096.78052 19.213 0.111
3098.78974 19.243 0.079
3100.90121 19.216 0.082
3102.78050 19.134 0.079
3107.78040 19.265 0.077
3108.85052 19.233 0.069
3109.92026 18.958 0.065
3110.76975 19.078 0.076
3111.82723 19.183 0.075
3113.80639 19.258 0.071
3114.74471 19.428 0.086
3115.80659 19.159 0.061
3118.86348 19.114 0.083
3122.81362 18.916 0.086
3125.79110 18.950 0.091
3126.80128 19.288 0.082
3127.73106 19.071 0.071
3128.75066 19.127 0.073
3129.73343 19.501 0.143
3130.90831 18.935 0.082
3134.70378 18.876 0.141
3137.74996 19.540 0.147
3138.85749 19.078 0.080
3139.79330 19.085 0.069
3140.80633 19.065 0.068
3142.66413 19.499 0.088
3142.92026 19.098 0.076
3144.72767 19.326 0.082
3146.69111 19.428 0.109
3151.68629 19.081 0.090
3152.69114 19.109 0.080
3152.90267 18.780 0.097
3153.69270 19.587 0.152
3154.64202 18.979 0.111
3156.73129 19.130 0.083
3158.78141 19.061 0.113
3162.74404 19.531 0.212
3163.70316 19.056 0.067
3164.67038 19.500 0.102
3166.67685 18.939 0.102
3167.88570 18.909 0.094
3168.68390 19.609 0.111
3169.65942 19.183 0.076
3170.72963 19.524 0.084
3171.68354 19.047 0.057
3172.66880 19.505 0.092
3174.64780 19.273 0.068
3175.64968 19.769 0.116
3176.68373 19.313 0.129
3178.71221 18.899 0.076
3179.74926 18.836 0.061
3180.64085 19.139 0.054
3182.70343 19.002 0.073
3183.65254 19.519 0.120
3184.62333 19.269 0.069
3185.78866 19.586 0.114
3193.46632 19.438 0.207
3193.80701 19.764 0.162
3194.67316 19.371 0.099
3195.60437 19.247 0.076
3196.68051 18.962 0.079
3197.68318 19.174 0.084
3199.71486 19.403 0.095
3202.70270 19.567 0.129
3203.74781 19.428 0.084
3204.74353 19.089 0.064
3205.62195 19.184 0.069
3206.59899 19.070 0.069
3210.71011 19.401 0.099
3211.61507 19.535 0.117
3212.62741 19.249 0.122
3217.58988 19.378 0.222
3218.58906 19.778 0.186
3223.58575 18.912 0.098
3224.59501 19.137 0.071
3226.54931 19.239 0.076
3228.67862 18.957 0.077
3229.56244 19.329 0.092
3230.60137 19.443 0.075
3231.50226 19.668 0.143
3239.51406 19.377 0.083
3240.71088 18.973 0.106
3241.59526 18.857 0.150
3244.69267 18.872 0.116
3246.57921 18.999 0.098
3248.60404 19.573 0.128
3250.59138 19.027 0.079
3253.58316 19.067 0.076
3256.56250 19.041 0.094
3259.55941 19.309 0.117
3262.57100 19.660 0.126
3266.58465 19.385 0.133
3272.53427 19.086 0.087
3274.56409 19.070 0.102
3278.51444 19.337 0.110
3281.54213 19.167 0.086
3287.54716 19.376 0.122
3292.53585 18.687 0.060
3305.57184 19.338 0.140
3415.87029 19.868 0.121
3420.87045 19.318 0.098
3424.90327 19.022 0.069
3428.85152 18.873 0.068
3430.88828 19.653 0.099
3442.82470 19.255 0.098
3444.87872 19.351 0.068
3446.90743 19.152 0.088
3449.79715 19.069 0.065
3452.82561 19.198 0.077
3454.87918 19.124 0.083
3457.81386 19.252 0.090
3458.80799 19.560 0.113
3458.85729 19.438 0.091
3467.86533 19.334 0.076
3469.77103 19.281 0.075
3471.87212 19.162 0.095
3472.92827 19.543 0.103
3473.76566 19.153 0.080
3475.78881 19.201 0.076
3477.87995 19.018 0.064
3479.82512 19.080 0.052
3481.72461 19.208 0.086
3483.88419 18.995 0.068
3496.85767 19.243 0.098
3497.72668 19.335 0.125
3500.78566 19.081 0.067
3501.77934 19.672 0.094
3502.81011 19.551 0.090
3503.77165 19.128 0.064
3504.78817 19.085 0.067
3506.92280 19.132 0.082
3508.87572 19.396 0.118
3509.82295 19.111 0.065
3510.83838 19.535 0.103
3511.79446 19.121 0.064
3512.66157 18.872 0.090
3520.65154 19.431 0.086
3521.75725 18.936 0.065
3522.66880 19.290 0.073
3523.70884 19.352 0.073
3524.75202 18.999 0.065
3525.72953 19.269 0.073
3525.80686 19.273 0.077
3526.81611 19.046 0.063
3528.76823 19.060 0.083
3530.59108 19.426 0.080
3538.83762 19.017 0.068
3541.87785 19.447 0.110
3547.69724 19.263 0.103
3550.78701 19.469 0.091
3551.76135 19.316 0.065
3552.78085 19.135 0.091
3553.68096 18.952 0.063
3554.76058 18.927 0.072
3556.64371 19.042 0.064
3558.66083 19.557 0.090
3559.74071 19.484 0.080
3560.82348 19.304 0.088
3561.66952 19.298 0.079
3562.52252 19.528 0.092
3563.57648 19.506 0.091
3564.66377 18.995 0.068
3569.77273 19.113 0.090
3573.57410 19.127 0.103
3574.62906 18.926 0.083
3576.59246 19.014 0.079
3577.65799 19.335 0.086
3578.60483 19.358 0.073
3579.53320 19.023 0.058
3580.57190 19.149 0.068
3581.61221 18.992 0.061
3582.56026 19.455 0.091
3583.51004 19.370 0.091
3584.58593 19.113 0.060
3585.57664 19.404 0.079
3586.56533 19.269 0.065
3587.70997 19.227 0.097
3589.61533 19.257 0.050
3590.58379 19.548 0.086
3592.60347 19.249 0.071
3593.60696 19.453 0.082
3601.56741 19.112 0.069
3602.56661 19.257 0.086
3603.58134 19.167 0.082
3607.57340 19.442 0.091
3608.57423 19.437 0.109
3619.54058 19.212 0.079
3620.64900 19.396 0.084
3629.57984 19.057 0.083
3632.50281 19.476 0.132
3634.56087 19.110 0.068
3640.51004 19.087 0.095
3643.55732 19.201 0.107
3649.50367 19.187 0.105
3658.51973 19.591 0.173
3661.51548 19.632 0.189
3666.52690 19.622 0.120
3775.84853 19.456 0.152
3780.87551 19.555 0.118
