2112.79930 18.118 0.033
2113.78783 17.986 0.035
2115.75665 18.020 0.033
2128.61033 17.922 0.026
2131.70852 18.147 0.038
2134.70891 17.990 0.038
2138.58928 18.078 0.034
2143.55538 18.037 0.050
2157.48494 18.001 0.038
2162.54915 18.028 0.036
2168.57534 17.988 0.040
2173.53343 18.044 0.039
2180.53205 18.001 0.034
2184.53669 18.042 0.047
2195.52166 18.090 0.045
2323.87837 18.002 0.034
2326.84396 18.019 0.041
2341.85356 18.040 0.037
2350.86751 18.038 0.029
2359.83314 17.980 0.035
2370.87203 18.042 0.034
2391.86193 18.040 0.043
2404.87731 18.010 0.027
2464.73660 18.043 0.026
2474.65215 18.045 0.033
2503.53290 17.973 0.048
2518.51414 17.966 0.038
2765.82824 17.992 0.035
2769.85514 17.984 0.025
2782.74954 17.899 0.035
2784.74367 17.963 0.024
2786.63392 17.979 0.042
2790.72311 17.998 0.026
2792.62908 17.990 0.031
2794.65209 17.980 0.032
2797.54895 17.979 0.031
2810.58709 18.006 0.031
2814.56130 18.014 0.035
3057.82418 17.958 0.026
3060.85121 17.994 0.027
3066.84549 17.931 0.027
3068.90287 17.981 0.027
3071.79735 18.000 0.044
3072.81667 18.002 0.028
3073.84493 17.997 0.030
3074.80828 18.163 0.031
3075.82996 18.000 0.030
3076.83312 17.972 0.028
3077.91035 17.992 0.057
3078.84879 18.054 0.040
3080.82077 17.981 0.031
3081.83341 18.061 0.027
3082.85055 18.178 0.030
3083.81010 18.010 0.024
3084.83312 18.061 0.028
3085.73926 18.017 0.035
3085.86833 17.991 0.023
3086.79583 17.986 0.024
3087.80477 18.007 0.027
3088.75494 17.945 0.022
3089.75981 18.017 0.028
3090.80827 17.975 0.026
3091.78164 17.948 0.024
3092.74802 17.967 0.034
3093.88764 18.009 0.034
3096.80304 18.035 0.031
3097.72270 18.027 0.033
3098.84397 18.034 0.024
3099.70760 18.038 0.042
3100.71586 18.036 0.037
3101.81468 17.956 0.030
3102.71034 18.038 0.035
3103.82000 18.004 0.029
3104.71449 17.868 0.067
3104.76320 17.974 0.071
3104.79504 17.988 0.082
3104.83917 18.216 0.109
3104.87761 17.901 0.080
3104.92419 18.031 0.099
3105.72855 17.987 0.056
3105.76338 17.982 0.058
3105.79415 18.045 0.059
3105.84166 17.968 0.058
3105.88666 18.001 0.053
3105.92248 18.018 0.063
3106.70657 17.968 0.046
3106.91003 18.081 0.063
3107.70452 18.002 0.028
3107.89990 17.979 0.026
3108.68403 18.027 0.034
3109.86895 18.007 0.029
3111.75004 17.968 0.029
3113.69262 17.992 0.025
3114.67897 17.982 0.024
3116.73226 18.110 0.039
3122.66527 18.050 0.042
3124.88273 17.940 0.037
3126.60770 17.970 0.036
3127.61305 18.060 0.037
3128.64200 17.996 0.032
3128.93129 18.002 0.037
3129.61121 18.086 0.047
3130.61749 18.064 0.049
3131.80266 18.054 0.040
3134.59041 17.911 0.039
3135.65695 18.025 0.029
3137.67891 17.912 0.036
3138.61294 17.970 0.029
3139.75578 17.975 0.023
3140.60822 17.990 0.038
3141.70463 17.994 0.028
3142.59620 18.000 0.030
3144.60459 17.966 0.034
3145.67978 18.004 0.027
3147.76460 17.977 0.031
3151.57237 18.030 0.042
3152.58149 18.031 0.029
3153.58086 17.874 0.034
3154.65112 17.941 0.038
3156.55892 18.061 0.049
3158.57877 18.028 0.051
3162.55500 17.911 0.033
3163.53528 17.908 0.030
3164.53637 17.957 0.027
3165.53611 17.922 0.028
3166.71888 17.948 0.043
3167.57343 18.019 0.043
3168.53810 18.062 0.034
3169.54262 18.012 0.027
3170.60883 17.955 0.025
3171.53578 18.029 0.027
3172.53855 18.032 0.028
3174.52214 18.164 0.034
3174.84920 18.010 0.029
3175.50945 17.939 0.031
3176.54827 18.277 0.053
3178.59993 17.962 0.033
3179.62309 18.010 0.024
3180.49887 17.992 0.031
3180.88418 18.015 0.026
3183.49060 17.889 0.025
3184.50994 18.041 0.032
3185.47711 18.061 0.036
3191.78996 18.022 0.035
3193.68694 17.966 0.031
3194.76012 18.023 0.030
3194.85846 17.992 0.037
3195.47065 17.951 0.043
3196.49344 18.147 0.049
3197.46935 18.003 0.041
3199.50165 17.969 0.042
3201.47609 17.974 0.034
3202.72021 18.015 0.030
3203.48394 18.182 0.031
3205.47682 18.100 0.029
3206.50426 17.946 0.022
3207.48912 17.984 0.038
3211.47090 18.013 0.036
3212.48621 17.882 0.044
3218.47652 18.004 0.037
3222.61840 17.992 0.037
3223.48649 17.915 0.039
3224.48773 17.990 0.027
3228.48893 18.018 0.046
3230.48540 18.077 0.030
3241.49504 17.879 0.041
3244.58425 18.078 0.052
3246.48618 18.152 0.048
3248.50314 18.052 0.039
3250.47843 18.056 0.049
3251.60731 17.939 0.026
3253.54395 17.968 0.027
3254.68064 18.043 0.043
3255.62865 18.007 0.043
3257.61392 17.978 0.027
3261.59520 17.949 0.027
3265.64453 18.071 0.036
3268.56166 17.968 0.029
3270.49059 17.923 0.053
3271.55703 18.092 0.068
3275.59092 17.947 0.051
3279.48769 18.098 0.038
3283.53651 18.001 0.025
3412.87680 18.008 0.038
3431.83673 17.985 0.027
3438.83482 17.985 0.036
3443.89156 18.006 0.023
3446.78878 17.996 0.028
3448.82579 18.106 0.030
3450.88889 18.005 0.023
3453.88633 18.048 0.028
3456.77961 17.928 0.025
3468.74814 17.996 0.027
3471.75308 18.122 0.043
3474.74514 17.964 0.025
3477.73150 18.043 0.028
3480.74743 18.006 0.020
3484.68832 17.977 0.041
3499.64391 17.998 0.029
3502.64500 17.965 0.025
3503.89853 18.162 0.028
3509.62023 17.949 0.033
3511.62091 17.940 0.035
3520.73130 17.970 0.030
3521.88529 18.010 0.030
3522.89486 18.065 0.035
3523.88842 17.974 0.035
3524.91355 17.759 0.028
3525.87644 17.985 0.029
3528.83151 18.077 0.031
3538.53630 17.986 0.035
3544.64697 17.987 0.039
3550.55735 18.081 0.036
3552.71930 17.999 0.025
3554.51151 17.909 0.044
3556.79385 17.975 0.036
3558.72342 17.990 0.027
3560.53558 17.982 0.024
3561.77357 18.042 0.024
3561.78331 17.978 0.021
3562.71401 18.054 0.026
3563.79419 18.087 0.064
3564.54367 18.076 0.037
3569.47106 18.145 0.084
3572.80231 18.087 0.043
3574.49607 17.961 0.031
3578.49255 17.962 0.023
3579.73857 17.972 0.031
3581.49261 18.096 0.035
3583.47243 17.961 0.030
3584.47698 18.034 0.035
3585.46799 17.987 0.032
3586.48746 18.012 0.027
3587.56983 18.091 0.035
3588.50677 18.035 0.025
3618.65422 18.065 0.039
3633.56939 18.039 0.043
3642.51811 18.094 0.046
3650.49833 17.839 0.034
3652.51672 18.074 0.048
3772.86692 17.997 0.032
3779.83422 18.060 0.042
4891.87774 18.127 0.038
4911.85251 18.077 0.025
