2125.50386 17.997 0.043
2129.58945 18.316 0.025
2132.53425 18.056 0.020
2135.66496 18.031 0.019
2140.62969 18.199 0.023
2143.73435 18.480 0.030
2158.56165 18.010 0.021
2167.51707 18.024 0.020
2172.53268 18.079 0.026
2185.56100 18.043 0.028
2329.89415 18.022 0.020
2346.88659 18.046 0.020
2352.84091 18.061 0.024
2361.83527 18.049 0.022
2371.89598 18.469 0.029
2381.91458 18.031 0.021
2385.92450 18.045 0.020
2391.82907 17.994 0.030
2401.74171 18.200 0.024
2403.80042 18.113 0.019
2405.76490 18.297 0.025
2415.83545 18.071 0.022
2424.71419 18.069 0.038
2428.67773 18.076 0.022
2434.60557 18.059 0.026
2436.69638 18.039 0.020
2438.67450 18.065 0.020
2440.66713 18.036 0.021
2444.80240 18.061 0.023
2446.79931 18.076 0.025
2453.77379 18.196 0.021
2456.53542 18.042 0.024
2458.64960 18.042 0.020
2462.60378 18.022 0.019
2464.67282 18.128 0.020
2467.57947 18.018 0.019
2469.56672 18.057 0.018
2471.70175 18.065 0.017
2473.55473 18.046 0.024
2483.63542 18.421 0.029
2486.61853 18.067 0.030
2490.58558 18.070 0.032
2493.54372 18.040 0.021
2495.61987 18.039 0.020
2497.67433 18.088 0.029
2499.72223 18.082 0.018
2501.74011 18.370 0.026
2508.55705 18.004 0.040
2512.51656 18.068 0.023
2518.66324 18.120 0.022
2521.66973 18.013 0.021
2524.50978 18.353 0.025
2529.63292 18.098 0.025
2537.57696 18.071 0.034
2541.54519 18.083 0.021
2546.61016 18.435 0.035
2551.52257 18.110 0.032
2555.61906 18.138 0.031
2562.57275 18.026 0.029
2573.54486 18.003 0.031
2704.91304 18.022 0.029
2713.89487 18.037 0.020
2728.83641 18.086 0.025
2733.80921 18.428 0.032
2744.79184 18.223 0.021
2752.86169 18.089 0.093
2756.83578 18.049 0.023
2760.80099 18.005 0.024
2766.83311 18.289 0.022
2770.71505 18.086 0.031
2783.82241 18.142 0.020
2786.79968 18.032 0.023
2790.71372 18.054 0.019
2795.62191 18.181 0.021
2797.61004 18.164 0.020
2802.81718 17.953 0.035
2808.84401 17.991 0.038
2810.76843 18.011 0.020
2811.82117 18.079 0.023
2813.61756 18.049 0.026
2815.73832 18.029 0.019
2817.69195 18.063 0.024
2818.75449 18.249 0.027
2820.62290 18.042 0.024
2821.65116 18.080 0.021
2826.61692 18.202 0.023
2830.71963 18.063 0.039
2835.61623 18.052 0.036
2837.53002 18.034 0.026
2839.56349 18.075 0.023
2840.72817 18.108 0.028
2843.50651 18.076 0.029
2844.78432 18.389 0.028
2849.69535 18.028 0.021
2851.71645 18.054 0.023
2853.71830 18.063 0.024
2856.60257 18.357 0.031
2858.56869 18.139 0.022
2863.64232 18.366 0.041
2866.73109 18.178 0.031
2869.62464 18.036 0.021
2872.64584 18.088 0.018
2877.58554 18.075 0.020
2892.53843 18.050 0.025
2895.68878 18.007 0.022
2900.55028 18.122 0.028
2905.60417 18.063 0.030
2911.52005 18.076 0.025
2916.58847 18.029 0.035
2929.54872 18.023 0.031
3050.86249 18.319 0.052
