2130.48027 16.999 0.029
2133.50695 17.006 0.030
2136.62818 17.095 0.038
2141.61888 17.031 0.036
2144.70006 17.446 0.045
2170.60046 16.827 0.027
2179.49874 17.377 0.059
2189.49383 17.386 0.050
2333.89967 16.819 0.030
2337.80634 17.415 0.043
2349.82474 17.310 0.046
2357.81787 16.965 0.037
2365.89240 17.297 0.046
2373.77287 17.115 0.040
2405.85261 16.969 0.032
2464.76393 17.157 0.029
2708.89866 17.031 0.032
2850.63100 16.994 0.027
2858.75832 17.018 0.036
3059.84458 17.352 0.042
3064.85975 17.240 0.042
3068.81312 17.038 0.034
3070.89837 17.281 0.037
3073.85078 17.177 0.033
3075.88540 17.272 0.037
3077.87644 17.055 0.053
3080.79797 17.240 0.033
3083.75223 17.405 0.042
3085.84880 17.129 0.032
3087.77649 17.634 0.058
3089.82346 17.125 0.026
3091.87772 17.238 0.031
3097.80260 17.034 0.041
3100.92199 17.273 0.041
3101.79051 17.175 0.040
3102.88899 17.584 0.048
3104.74472 17.254 0.056
3106.88638 17.203 0.037
3107.87684 17.908 0.067
3109.81382 17.195 0.030
3110.88048 17.291 0.033
3112.87972 17.334 0.040
3113.89102 16.960 0.031
3114.82138 17.391 0.037
3115.88183 17.171 0.031
3116.86222 17.183 0.040
3124.75393 17.269 0.050
3126.69349 17.146 0.031
3127.85986 17.229 0.039
3128.85966 17.313 0.048
3130.66266 17.667 0.062
3130.73866 17.420 0.042
3130.85415 17.214 0.043
3131.70503 17.094 0.037
3134.87410 17.251 0.051
3137.75604 17.608 0.055
3138.64140 17.330 0.043
3138.76242 17.264 0.039
3139.92872 17.097 0.031
3142.80943 17.107 0.028
3144.82648 17.185 0.032
3146.86874 17.278 0.037
3151.79709 17.567 0.059
3152.79866 17.241 0.044
3153.79727 17.528 0.060
3154.88492 17.048 0.043
3156.85360 17.143 0.036
3157.86109 17.152 0.038
3158.87138 17.012 0.035
3162.83504 17.490 0.044
3163.79421 17.175 0.033
3164.78280 16.990 0.025
3165.69560 17.148 0.030
3168.84732 17.103 0.031
3169.81405 17.386 0.049
3170.63158 16.995 0.018
3171.76964 17.000 0.020
3171.89518 17.165 0.031
3172.79401 17.643 0.049
3173.83140 17.098 0.038
3174.75047 16.924 0.023
3175.76093 17.538 0.040
3175.83674 17.078 0.029
3177.80596 17.408 0.054
3179.54162 17.435 0.040
3180.76559 17.202 0.028
3182.82571 17.295 0.038
3183.78468 17.307 0.044
3184.73927 17.115 0.031
3185.67036 17.615 0.045
3193.58951 17.346 0.030
3194.53996 17.354 0.041
3194.78046 17.463 0.041
3195.53964 17.227 0.033
3196.73311 17.279 0.037
3197.56375 16.944 0.025
3199.67171 17.467 0.045
3201.53261 17.501 0.039
3202.66035 17.625 0.052
3203.57687 17.328 0.033
3204.61062 16.969 0.024
3205.67399 17.180 0.033
3206.75927 17.895 0.080
3210.49383 17.043 0.030
3211.64910 17.117 0.035
3217.68990 17.089 0.032
3218.68891 17.227 0.041
3223.69287 17.523 0.061
3224.73742 17.014 0.033
3226.66829 17.943 0.093
3228.63876 17.138 0.037
3230.70864 17.229 0.038
3231.61197 17.520 0.051
3232.64547 17.107 0.037
3238.66028 17.454 0.049
3240.50942 17.264 0.039
3241.69300 17.154 0.044
3245.59627 17.212 0.042
3247.48332 17.315 0.038
3249.58965 17.169 0.042
3250.69668 17.470 0.060
3254.55042 17.367 0.057
3257.49480 17.100 0.034
3260.53109 17.562 0.064
3265.51658 17.324 0.053
3267.56721 17.447 0.041
3272.62783 17.337 0.050
3277.53924 17.346 0.040
3279.59455 17.143 0.036
3282.51697 17.390 0.041
3289.49894 17.050 0.034
3294.48996 17.576 0.068
3295.56222 16.925 0.019
3296.53685 17.374 0.031
3300.54959 16.939 0.035
3418.88072 17.304 0.034
3423.85493 17.928 0.069
3426.90339 17.306 0.040
3429.88762 17.188 0.040
3436.84476 17.058 0.034
3443.79998 17.348 0.033
3445.84299 17.313 0.028
3447.89149 17.513 0.050
3449.90868 17.293 0.035
3453.81085 17.208 0.036
3455.87075 17.178 0.035
3456.87923 17.407 0.039
3457.87372 17.232 0.032
3459.86466 17.339 0.032
3467.91802 17.087 0.029
3470.90610 17.351 0.039
3472.81596 17.179 0.027
3473.89754 17.471 0.049
3474.89956 17.089 0.033
3475.89508 17.500 0.034
3477.91082 17.229 0.034
3479.78143 17.380 0.030
3480.91036 17.237 0.028
3482.91325 17.697 0.051
3496.76913 17.190 0.038
3497.87035 17.365 0.040
3499.76360 17.355 0.026
3500.85052 17.330 0.032
3502.66636 17.226 0.030
3503.81908 17.135 0.030
3506.76631 17.139 0.029
3508.88265 17.119 0.041
3509.68003 17.127 0.037
3510.92054 17.131 0.031
3511.85509 17.248 0.032
3512.86525 17.181 0.037
3517.72463 17.372 0.049
3520.86883 17.332 0.041
3521.68170 17.299 0.028
3522.79025 17.569 0.049
3523.82437 17.247 0.034
3524.82478 17.320 0.033
3525.89986 17.211 0.033
3526.93064 17.118 0.038
3528.60313 17.521 0.041
3530.82277 17.242 0.027
3537.79056 17.430 0.034
3538.71639 17.213 0.023
3540.77006 17.292 0.036
3544.77908 17.076 0.027
3547.78269 17.248 0.039
3550.79605 17.578 0.033
3551.79081 17.099 0.023
3552.80996 17.105 0.034
3553.78967 17.484 0.048
3554.81179 17.181 0.038
3555.80133 17.466 0.055
3556.71365 17.445 0.041
3558.59769 17.104 0.036
3559.60609 17.825 0.054
3560.64739 17.111 0.025
3561.58387 17.321 0.034
3562.63653 17.250 0.030
3563.68859 17.756 0.046
3564.52291 17.346 0.050
3569.62714 17.637 0.065
3573.73546 17.218 0.036
3574.73256 17.219 0.035
3575.67436 17.269 0.028
3576.73042 17.037 0.031
3577.77877 17.388 0.043
3578.71544 17.133 0.029
3579.66081 17.050 0.026
3580.70041 17.495 0.046
3581.71364 17.249 0.040
3582.66254 17.344 0.036
3583.68075 17.166 0.030
3584.68468 17.184 0.029
3585.68292 17.285 0.034
3586.73735 17.114 0.026
3589.72662 17.213 0.035
3590.72288 17.220 0.039
3591.69791 17.174 0.027
3592.73123 17.107 0.028
3601.69905 17.526 0.045
3602.69937 16.975 0.031
3603.68060 17.041 0.030
3607.67828 17.213 0.036
3609.50614 17.185 0.035
3615.62357 17.202 0.037
3617.65404 17.152 0.036
3619.58699 17.464 0.033
3621.58936 17.601 0.051
3628.65395 18.218 0.110
3629.51206 17.419 0.035
3631.61286 17.267 0.035
3633.53947 17.248 0.043
3634.61853 17.097 0.034
3637.54210 17.280 0.050
3637.56042 17.211 0.045
3637.60317 17.095 0.035
3639.48912 17.398 0.028
3639.59374 17.128 0.026
3640.51756 17.182 0.039
3644.57588 17.144 0.030
3649.54932 16.990 0.023
3651.59356 17.184 0.040
3655.56223 17.756 0.055
3657.55211 17.168 0.039
3659.56003 17.580 0.076
3662.55836 17.391 0.059
3668.52486 17.316 0.046
3676.50389 17.058 0.033
3777.86432 17.860 0.054
3783.85069 17.123 0.027
3785.86618 17.148 0.029
3787.87584 17.324 0.036
3791.85021 17.660 0.061
3793.89442 17.204 0.028
3795.87866 17.367 0.038
3797.79581 17.893 0.061
3798.84201 17.410 0.042
3799.89635 17.252 0.039
3801.85111 18.031 0.070
3802.88559 17.400 0.039
3804.79878 17.844 0.062
3805.83733 17.380 0.038
3806.83405 17.604 0.051
3807.85819 17.005 0.026
3808.86182 18.125 0.080
3810.77691 17.062 0.026
3811.80537 17.685 0.056
3812.88630 17.394 0.039
3813.86884 17.604 0.041
3814.86150 17.190 0.031
3818.77911 17.777 0.047
3819.84274 17.313 0.028
3820.80680 17.372 0.031
3821.80998 17.380 0.035
3822.85370 17.327 0.032
3823.81461 17.481 0.039
3824.80858 17.148 0.035
3825.84065 17.939 0.067
3826.80982 17.429 0.047
3827.84077 17.477 0.036
3828.82090 17.723 0.062
3829.74870 17.334 0.041
3830.78002 17.401 0.032
3832.78296 17.228 0.031
3833.80784 17.371 0.032
3834.78082 17.159 0.029
3835.76850 17.870 0.059
3836.72995 17.403 0.043
3837.77056 17.266 0.037
3838.77853 17.665 0.064
3838.89660 17.232 0.040
3839.77446 17.279 0.034
3840.77761 17.522 0.042
3841.73278 17.100 0.036
3841.88273 17.361 0.032
3842.73116 17.438 0.050
3845.75433 17.890 0.092
3846.76515 17.367 0.041
3846.89390 17.867 0.055
3847.83823 17.488 0.045
3848.78829 17.286 0.041
3848.91883 17.555 0.056
3849.78581 17.738 0.050
3850.73462 17.509 0.040
3850.90389 17.551 0.051
3851.74463 17.237 0.039
3851.90945 17.457 0.043
3852.73316 17.911 0.066
3852.85725 17.267 0.033
3853.72583 17.218 0.023
3853.89081 17.584 0.036
3856.71407 17.324 0.034
3858.75099 17.101 0.030
3859.87112 17.139 0.041
3860.70639 17.298 0.039
3861.70383 17.153 0.032
3861.80793 17.509 0.038
3861.90685 17.205 0.028
3862.68566 17.901 0.062
3862.90042 17.156 0.031
3863.69851 17.318 0.032
3863.84245 17.681 0.048
3863.91841 17.491 0.035
3864.71589 17.438 0.037
3864.90149 17.200 0.027
3865.67599 17.400 0.038
3865.81088 17.016 0.026
3865.88950 17.488 0.036
3866.72077 17.347 0.032
3866.86021 17.324 0.036
3867.66665 17.479 0.041
3867.85209 17.346 0.036
3867.92236 17.420 0.035
3868.67449 17.273 0.039
3868.81771 17.470 0.047
3868.89822 17.290 0.040
3869.64419 17.291 0.034
3869.83336 17.266 0.039
3869.90878 17.144 0.034
3873.70807 17.357 0.035
3873.84714 17.693 0.050
3873.91760 17.126 0.030
3874.70936 17.424 0.041
3874.87783 17.271 0.031
3875.64603 17.415 0.037
3875.79326 17.204 0.023
3875.87197 17.435 0.028
3877.67390 17.397 0.032
3877.82218 17.095 0.027
3877.89594 17.649 0.052
3880.87744 17.449 0.039
3881.61186 17.212 0.043
3881.69767 17.466 0.039
3881.84043 17.205 0.025
3882.60977 17.963 0.068
3882.81279 17.183 0.029
3882.88292 17.436 0.038
3883.67516 17.333 0.032
3883.91664 17.172 0.031
3886.64329 17.510 0.038
3886.82998 17.140 0.030
3886.90198 17.024 0.029
3886.92801 17.136 0.033
3887.61044 17.510 0.050
3887.81313 17.389 0.038
3887.84096 17.704 0.053
3887.91304 17.402 0.034
3888.64131 17.097 0.025
3889.78621 17.229 0.029
3890.58129 17.157 0.036
3891.71753 17.387 0.039
3891.83453 17.202 0.031
3891.91624 17.494 0.045
3892.62792 17.238 0.042
3893.66503 17.663 0.051
3893.91637 17.175 0.039
3894.71003 17.331 0.047
3896.65372 18.350 0.128
3900.56904 17.124 0.037
3900.75549 17.971 0.054
3900.83081 17.172 0.034
3901.75768 17.318 0.035
3901.83448 17.393 0.041
3901.90695 17.957 0.074
3902.60385 17.093 0.026
3902.79903 17.287 0.036
3903.69622 17.446 0.046
3904.58683 17.396 0.032
3904.75014 17.384 0.034
3904.81911 17.724 0.042
3904.87192 17.381 0.036
3905.58375 17.169 0.025
3905.75778 17.381 0.030
3905.83040 17.307 0.026
3905.89900 17.121 0.031
3906.52242 17.451 0.050
3906.69227 17.229 0.031
3906.76528 17.190 0.032
3906.83791 17.366 0.038
3907.62894 17.470 0.044
3907.82381 17.668 0.064
3908.56512 17.368 0.032
3908.75556 17.200 0.032
3908.83083 17.398 0.035
3909.57021 17.421 0.038
3909.76813 17.445 0.037
3909.84652 17.544 0.047
3910.62646 17.405 0.036
3912.56937 17.222 0.023
3912.76614 17.384 0.030
3912.85403 17.225 0.028
3913.56713 17.660 0.040
3913.76933 17.245 0.035
3913.85916 17.508 0.043
3914.58459 17.254 0.035
3915.56514 17.244 0.032
3915.76844 17.146 0.027
3915.86549 17.300 0.041
3916.61298 17.394 0.043
3916.78565 17.264 0.047
3917.65303 17.716 0.067
3917.85922 17.088 0.037
3918.64642 17.465 0.041
3918.85613 18.212 0.095
3919.59927 17.130 0.036
3919.83633 17.286 0.032
3920.55093 17.391 0.033
3920.74718 17.133 0.028
3920.82599 17.059 0.023
3921.54394 17.515 0.041
3921.75440 17.793 0.076
3922.75087 17.443 0.057
3930.59844 17.646 0.041
3931.54953 17.330 0.038
3931.67619 17.532 0.048
3932.56134 17.355 0.041
3933.55035 17.616 0.041
3933.73164 17.173 0.026
3933.80732 17.241 0.031
3934.52112 17.373 0.036
3934.64519 17.765 0.048
3934.71495 17.550 0.041
3934.78397 17.076 0.026
3935.57101 17.609 0.047
3935.74232 17.223 0.032
3935.79405 17.358 0.045
3936.52457 17.379 0.041
3936.68991 17.298 0.035
3936.76751 17.280 0.036
3937.59976 18.245 0.074
3938.53212 17.484 0.050
3938.73369 17.636 0.049
3938.78289 17.561 0.056
3940.63513 17.290 0.023
3941.68425 18.254 0.112
3944.58863 17.919 0.048
3945.53748 17.459 0.040
3945.72551 17.399 0.046
3946.54778 17.099 0.034
3946.73717 17.226 0.035
3950.55563 17.210 0.029
3950.78189 17.598 0.050
3951.55181 17.455 0.047
3956.59819 17.498 0.052
3957.53908 17.515 0.044
3958.61189 17.613 0.049
3959.55180 17.691 0.054
3959.71616 17.227 0.035
3960.52980 17.361 0.039
3960.70970 17.476 0.035
3961.60487 18.152 0.100
3963.49144 17.280 0.040
3963.66597 17.390 0.038
3963.73931 17.371 0.051
3964.56463 17.425 0.035
3965.55153 17.364 0.034
3966.54269 17.619 0.044
3966.72521 17.212 0.038
3967.56648 17.406 0.051
3968.52922 17.389 0.043
3968.70074 17.173 0.033
3969.53699 17.368 0.046
3969.71174 17.717 0.069
3970.54493 17.239 0.036
3971.58473 17.590 0.059
3973.60988 17.628 0.054
3974.47279 18.251 0.108
3974.49958 17.625 0.053
3974.53971 17.464 0.053
3974.62077 17.090 0.030
3974.67849 17.171 0.041
3974.68496 17.401 0.047
3974.69174 17.368 0.049
3975.47162 17.221 0.043
3975.50251 17.365 0.044
3975.54222 17.318 0.036
3975.59317 17.596 0.046
3975.64700 17.664 0.049
3975.68909 17.194 0.038
3976.47347 17.256 0.033
3976.53749 17.339 0.038
3976.64089 17.128 0.033
3976.70276 17.073 0.041
3979.54673 17.387 0.053
3982.62340 17.514 0.047
3986.61395 17.199 0.032
3987.53637 17.249 0.034
3988.54918 17.465 0.033
3989.61089 17.322 0.043
3990.65317 17.278 0.040
3994.50585 17.185 0.040
3995.60347 17.289 0.040
3999.64102 17.424 0.042
4000.54806 17.323 0.041
4001.53779 17.066 0.029
4002.53448 17.795 0.054
4004.55746 17.634 0.067
4005.56010 17.355 0.046
4006.55842 17.237 0.028
4012.53052 17.680 0.057
4016.57561 17.993 0.080
4018.58505 17.425 0.048
4021.56906 17.353 0.044
4024.51671 17.879 0.075
4026.51221 17.508 0.042
4028.52823 17.267 0.037
4031.52835 17.259 0.041
4039.51284 17.226 0.048
4042.50100 17.059 0.040
4142.88380 17.388 0.063
4151.88893 17.193 0.042
4154.83637 17.325 0.041
4156.88935 17.525 0.069
4159.82338 17.159 0.041
4161.87680 17.153 0.038
4163.89281 17.299 0.035
4165.84968 17.668 0.061
4168.84722 17.453 0.051
4170.86284 17.409 0.044
4175.88325 17.325 0.039
4177.78297 17.538 0.051
4178.84033 17.267 0.041
4179.88021 17.786 0.064
4181.81663 17.196 0.036
4182.75593 17.596 0.055
4182.78775 17.858 0.059
4182.83932 17.466 0.043
4182.86521 17.308 0.037
4182.90857 17.236 0.026
4183.75383 17.297 0.045
4183.83825 17.249 0.040
4183.89767 17.645 0.053
4185.77413 17.207 0.047
4191.78469 17.235 0.044
4193.79579 17.380 0.049
4194.81864 17.361 0.046
4196.80866 17.995 0.076
4202.79019 17.216 0.033
4203.77802 17.534 0.044
4204.77040 17.346 0.043
4205.76856 17.289 0.035
4207.75983 17.405 0.041
4208.71379 17.269 0.040
4211.82513 17.416 0.051
4212.85467 17.498 0.071
4213.76273 17.808 0.064
4215.77576 17.341 0.051
4216.73360 17.750 0.054
4217.74114 17.353 0.034
4217.90241 17.776 0.048
4218.79090 17.822 0.091
4219.80091 17.159 0.036
4220.73994 17.308 0.044
4222.70857 17.205 0.039
4224.81893 17.440 0.038
4228.71123 17.794 0.062
4229.70482 17.415 0.061
4229.90177 17.580 0.049
4230.65300 17.283 0.041
4230.84100 17.472 0.051
4230.90266 17.264 0.051
4231.67695 17.423 0.034
4231.72807 17.325 0.031
4231.88306 17.590 0.060
4232.66469 17.251 0.043
4232.78972 17.814 0.065
4232.92728 17.299 0.054
4233.86030 17.272 0.039
4234.78776 17.610 0.050
4234.91014 17.402 0.051
4235.70137 17.526 0.044
4235.75883 17.414 0.039
4235.86243 17.324 0.043
4235.92496 17.424 0.052
4237.62792 17.430 0.063
4238.69927 17.514 0.052
4238.90874 17.758 0.065
4239.67111 17.263 0.037
4240.71077 18.551 0.144
4240.87009 17.348 0.048
4243.67645 17.617 0.063
4243.76987 17.212 0.041
4243.86276 17.489 0.062
4244.64860 17.403 0.054
4244.74502 17.562 0.048
4244.83758 17.587 0.050
4245.64170 17.547 0.053
4245.73602 17.431 0.040
4245.83148 17.285 0.037
4245.90410 17.354 0.044
4246.70038 17.278 0.040
4246.79352 17.425 0.041
4246.88620 17.409 0.046
4247.71542 18.662 0.176
4250.76353 17.190 0.041
4256.65593 17.381 0.063
4256.80145 17.683 0.079
4257.68280 17.847 0.078
4258.66582 17.451 0.059
4258.78862 17.629 0.064
4258.88125 17.625 0.069
4267.62546 18.016 0.063
4268.74056 17.794 0.045
4268.87245 17.308 0.048
4269.60768 17.393 0.041
4269.75797 17.356 0.041
4270.54240 18.041 0.087
4272.58886 17.502 0.048
4272.73878 17.319 0.037
4272.79740 17.430 0.045
4272.86880 18.115 0.110
4273.64925 17.310 0.050
4273.82741 17.242 0.045
4273.88859 17.200 0.056
4274.58034 17.507 0.060
4274.73327 17.251 0.041
4274.79413 17.124 0.037
4275.63183 17.245 0.045
4275.80715 18.003 0.086
4275.86823 17.280 0.054
4276.61660 17.390 0.055
4277.56034 17.998 0.092
4277.73737 17.209 0.043
4277.79604 17.384 0.060
4278.60526 17.306 0.052
4278.79246 17.496 0.066
4283.54286 17.344 0.045
4284.53464 17.533 0.057
4284.68499 17.517 0.053
4284.74438 17.273 0.037
4284.80640 17.374 0.050
4285.53780 17.635 0.066
4285.73134 17.910 0.077
4285.79643 17.618 0.057
4285.85785 17.278 0.050
4286.53758 17.172 0.041
4286.84577 17.265 0.046
4289.54845 17.836 0.081
4289.76736 17.448 0.049
4289.83406 17.895 0.082
4290.59474 17.434 0.061
4291.61443 17.970 0.078
4292.52002 17.557 0.043
4292.69901 17.333 0.039
4292.75780 17.763 0.051
4292.82082 17.530 0.062
4293.52075 17.250 0.041
4293.70490 17.391 0.041
4293.76365 17.200 0.039
4293.80394 17.215 0.039
4293.84143 17.182 0.043
4294.51938 17.907 0.068
4295.52956 17.299 0.041
4295.72466 17.818 0.057
4295.78325 17.333 0.045
4296.52360 17.302 0.045
4296.73467 17.272 0.038
4297.54343 17.295 0.041
4297.74799 17.395 0.040
4298.59470 17.655 0.068
4298.68950 17.267 0.042
4299.56499 17.448 0.041
4299.65492 17.127 0.030
4299.74618 17.438 0.043
4300.56164 17.385 0.047
4300.67678 17.749 0.064
4301.54778 18.006 0.067
4301.64403 17.418 0.041
4301.74620 17.169 0.037
4302.62075 17.442 0.048
4302.81937 17.404 0.053
4303.70735 17.202 0.041
4304.58562 17.179 0.040
4306.59137 17.356 0.049
4310.64502 17.546 0.069
4312.53257 17.236 0.049
4312.77547 17.348 0.041
4314.79006 17.482 0.069
4315.56403 17.749 0.063
4316.59433 17.239 0.040
4317.51622 17.145 0.039
4319.55129 17.380 0.046
4319.69726 18.113 0.112
4320.49188 17.361 0.050
4320.51612 17.276 0.047
4320.53427 17.357 0.048
4320.55946 17.637 0.060
4320.59886 17.602 0.065
4320.61860 17.512 0.053
4320.63349 17.295 0.042
4320.67368 17.431 0.051
4320.71161 17.392 0.057
4320.75423 17.236 0.053
4320.76916 17.344 0.058
4326.56610 17.281 0.040
4326.69286 17.840 0.087
4326.74418 18.142 0.122
4327.62001 17.444 0.057
4328.48515 18.035 0.088
4328.72481 17.446 0.058
4329.55556 17.596 0.074
4329.70289 17.394 0.054
4330.48550 17.500 0.054
4330.72280 17.223 0.039
4331.52765 17.250 0.043
4332.53765 17.720 0.048
4333.56263 17.322 0.054
4334.53542 17.299 0.042
4338.53280 17.142 0.040
4338.71068 17.584 0.084
4339.52893 17.291 0.040
4340.64909 17.233 0.037
4341.53318 17.246 0.049
4342.56521 17.454 0.054
4343.54904 17.332 0.034
4344.57863 17.504 0.053
4345.54072 17.353 0.039
4346.55033 17.679 0.077
4347.56464 17.387 0.051
4349.53035 18.144 0.084
4350.58384 17.243 0.037
4351.53554 17.459 0.048
4353.55519 17.363 0.047
4354.57461 17.221 0.043
4355.58243 17.164 0.045
4356.53961 18.025 0.095
4357.51101 17.409 0.064
4358.55444 17.325 0.049
4359.52340 17.488 0.056
4361.53675 17.916 0.104
4362.55415 17.161 0.047
4365.59234 17.531 0.056
4367.54573 17.186 0.041
4368.51870 17.414 0.061
4369.59785 17.168 0.051
4370.52572 17.410 0.039
4371.50018 17.602 0.061
4372.54929 17.194 0.033
4373.54035 18.188 0.120
4377.51353 17.241 0.040
4378.54794 17.461 0.051
4380.50540 17.593 0.054
4381.55303 17.299 0.051
4382.54383 17.416 0.063
4383.54377 17.382 0.052
4384.51819 17.078 0.041
4392.50922 17.268 0.046
4393.56023 17.232 0.037
4394.53343 17.403 0.045
4395.56963 17.156 0.043
4396.53938 17.195 0.050
4397.56308 17.421 0.054
4398.56846 17.141 0.046
4399.51835 17.384 0.056
4400.56281 17.071 0.049
4403.51668 17.232 0.051
4409.53414 17.443 0.063
4508.87772 17.451 0.038
4511.85960 17.473 0.041
4511.87942 17.568 0.042
4513.89079 17.621 0.044
4517.88991 17.507 0.060
4521.82927 17.993 0.091
4523.90166 18.572 0.160
4525.84558 17.404 0.048
4531.86229 17.479 0.044
4534.89180 17.839 0.088
4536.80709 18.506 0.154
4537.86725 17.634 0.048
4538.89964 17.517 0.045
4539.88575 17.317 0.041
4540.82968 17.746 0.049
4541.82218 17.622 0.050
4542.81698 17.642 0.063
4543.81248 18.388 0.098
4544.80945 17.713 0.057
4545.77354 17.379 0.045
4546.78025 18.010 0.076
4547.75495 17.606 0.059
4548.87084 17.440 0.050
4548.89818 17.676 0.074
4550.77734 18.079 0.099
4551.81622 17.687 0.052
4552.74764 17.369 0.058
4556.78706 17.547 0.042
4557.80820 17.952 0.073
4558.73783 17.525 0.044
4559.77869 17.663 0.052
4560.77908 18.832 0.169
4561.76841 17.586 0.041
4564.75862 17.373 0.038
4565.75668 17.633 0.043
4566.75609 17.456 0.035
4567.75605 18.204 0.088
4568.76559 17.595 0.043
4569.77600 17.529 0.043
4570.76127 18.063 0.083
4571.75294 17.577 0.059
4572.77974 17.937 0.064
4573.76793 17.505 0.043
4574.77050 18.061 0.074
4575.77929 17.659 0.053
4576.88924 18.077 0.080
4577.86751 17.426 0.041
4577.92353 17.448 0.042
4578.82185 17.838 0.075
4579.89565 17.544 0.056
4583.76589 17.727 0.058
4585.79286 17.854 0.072
4586.76897 17.906 0.082
4587.80254 17.363 0.049
4588.67769 17.361 0.051
4588.91018 17.595 0.048
4589.72415 18.102 0.079
4589.87943 17.693 0.068
4590.73293 17.359 0.041
4591.67402 17.747 0.054
4591.88534 17.487 0.047
4592.69425 17.882 0.057
4592.88354 17.624 0.056
4593.68341 17.285 0.039
4593.89323 17.425 0.043
4593.93310 17.390 0.044
4594.70466 18.652 0.140
4594.89949 17.324 0.040
4595.69721 17.659 0.053
4595.88852 18.565 0.130
4596.68905 17.568 0.054
4597.71367 17.610 0.055
4597.90531 17.668 0.052
4598.68989 17.689 0.044
4599.66241 18.094 0.087
4600.67477 17.343 0.038
4600.88344 17.850 0.057
4601.67730 17.761 0.044
4601.89356 17.442 0.041
4602.66987 17.614 0.042
4602.89423 18.738 0.111
4603.88126 17.493 0.050
4606.67771 17.908 0.052
4606.93598 17.700 0.054
4610.90831 17.771 0.065
4611.65656 19.323 0.251
4611.80542 17.574 0.048
4612.67803 17.379 0.041
4615.82036 17.678 0.062
4616.63202 17.924 0.077
4616.84833 17.594 0.060
4617.73572 17.449 0.042
4618.64058 17.874 0.062
4622.65415 17.551 0.053
4622.83911 17.826 0.073
4623.73787 17.718 0.068
4623.89838 17.698 0.073
4624.62229 17.679 0.068
4624.84226 17.782 0.064
4624.91136 17.833 0.082
4625.63269 17.517 0.065
4625.85205 17.337 0.045
4626.65716 17.687 0.064
4627.59127 17.458 0.044
4627.88069 17.492 0.042
4628.59824 17.909 0.066
4628.78799 17.503 0.057
4628.85032 17.493 0.050
4628.92453 18.245 0.117
4629.66105 17.491 0.043
4629.86867 17.840 0.062
4630.59611 17.387 0.041
4630.81187 17.589 0.057
4630.88143 17.610 0.049
4631.62166 17.834 0.055
4631.82032 17.658 0.048
4631.89574 17.655 0.053
4632.60380 18.028 0.078
4632.89043 17.361 0.048
4633.59779 18.007 0.073
4633.70874 17.572 0.040
4633.84216 17.656 0.053
4638.78225 17.304 0.039
4639.60591 17.343 0.037
4639.75095 18.355 0.108
4640.62401 18.121 0.092
4640.75593 17.399 0.041
4641.69959 17.406 0.044
4641.81165 18.107 0.096
4642.62203 17.741 0.054
4642.78426 17.582 0.062
4642.86331 17.168 0.033
4643.58127 17.888 0.069
4644.62978 17.607 0.060
4645.56015 18.159 0.095
4645.80786 17.415 0.046
4645.87342 18.097 0.103
4646.55517 17.684 0.046
4646.88090 17.487 0.054
4647.55150 17.409 0.042
4647.76768 17.618 0.057
4647.79189 17.742 0.072
4648.54858 19.190 0.236
4648.80246 18.094 0.097
4649.55883 17.358 0.042
4649.78519 17.595 0.052
4650.55996 17.784 0.064
4650.82308 17.648 0.064
4651.54340 17.642 0.059
4652.53487 17.591 0.056
4652.74906 17.448 0.048
4653.53046 18.206 0.114
4653.74970 17.741 0.064
4654.56956 17.347 0.044
4654.78417 17.345 0.045
4655.53033 17.915 0.064
4655.75491 17.383 0.039
4656.53228 17.614 0.047
4656.72214 18.188 0.077
4656.84150 17.380 0.047
4657.76069 17.469 0.051
4658.69089 17.591 0.065
4660.64318 17.567 0.052
4661.52036 17.536 0.047
4661.72104 17.875 0.072
4661.78807 17.512 0.051
4665.68800 17.431 0.045
4666.59330 17.505 0.043
4666.69431 18.236 0.106
4666.73651 17.511 0.057
4666.80885 17.129 0.049
4670.60536 17.331 0.043
4671.61349 17.755 0.055
4671.78559 17.521 0.064
4672.53931 18.281 0.080
4672.68953 17.464 0.041
4672.77470 17.470 0.050
4674.54514 18.142 0.121
4674.73537 17.520 0.057
4675.78294 19.531 0.380
4677.51872 17.958 0.073
4677.60342 17.723 0.065
4677.65918 17.724 0.076
4677.76835 18.022 0.092
4678.48413 17.570 0.046
4678.64064 17.939 0.066
4679.48480 18.348 0.144
4679.63278 18.007 0.096
4679.65750 18.076 0.109
4679.67315 17.798 0.082
4681.56745 17.823 0.063
4681.66010 17.615 0.055
4681.75041 17.492 0.051
4682.58468 17.630 0.060
4682.68843 17.507 0.047
4683.54976 17.575 0.063
4683.73833 17.437 0.054
4684.54233 17.872 0.061
4684.71372 17.369 0.041
4685.48495 17.507 0.060
4685.76243 17.734 0.065
4686.53105 18.108 0.088
4687.53441 17.780 0.065
4688.52771 17.480 0.044
4688.71742 17.581 0.058
4693.58675 18.457 0.115
4694.63652 17.534 0.066
4697.53116 17.591 0.055
4698.53658 17.674 0.046
4699.53475 17.778 0.060
4700.53923 17.933 0.078
4701.53527 17.864 0.074
4702.55071 17.563 0.056
4703.61812 17.660 0.064
4704.67349 18.016 0.082
4705.60177 17.941 0.085
4707.62997 18.524 0.107
4708.58185 17.524 0.048
4709.54596 17.447 0.060
4710.58670 18.508 0.120
4715.62098 18.096 0.112
4716.61859 17.479 0.059
4720.53890 18.119 0.088
4721.53662 17.440 0.056
4722.50240 17.453 0.055
4724.53915 17.500 0.055
4725.51788 17.947 0.080
4726.51487 17.776 0.085
4729.49940 17.598 0.063
4730.50080 18.099 0.081
4731.60776 18.760 0.185
4733.55623 17.383 0.046
4734.58558 18.557 0.144
4737.57423 17.698 0.068
4740.58704 17.576 0.070
4753.57805 18.223 0.127
4758.54384 18.580 0.137
4767.55153 17.443 0.065
4768.51755 19.206 0.339
4769.51218 17.541 0.073
4771.52061 17.337 0.060
4776.51177 17.492 0.070
4778.52336 17.530 0.063
4779.51926 17.208 0.041
4869.87966 17.606 0.070
4872.87198 17.411 0.055
4875.87389 17.868 0.064
4875.89369 17.968 0.086
4878.86777 17.583 0.045
4884.88439 18.253 0.094
4887.85679 18.163 0.067
4891.81307 18.331 0.131
4896.90403 17.928 0.072
4899.87786 18.013 0.071
4901.80138 17.620 0.048
4903.79709 17.473 0.040
4905.84534 17.524 0.045
4910.84336 17.444 0.039
4911.88034 18.250 0.066
4913.89382 17.985 0.059
4917.74042 18.210 0.080
4921.74186 18.339 0.104
4925.72865 17.537 0.042
4925.84498 17.970 0.064
4926.72177 18.064 0.088
4927.74482 17.481 0.047
4927.89948 18.354 0.115
4927.91374 18.573 0.139
4928.69979 17.387 0.048
4928.79326 19.241 0.235
4928.91291 17.794 0.057
4929.73990 18.042 0.081
4930.73189 17.691 0.055
4930.87975 19.068 0.193
4931.77607 18.617 0.117
4932.71015 18.048 0.066
4932.90930 19.253 0.228
4933.72604 17.583 0.053
4933.90374 17.985 0.076
4934.82468 17.587 0.043
4938.72559 18.025 0.073
4939.68643 17.616 0.053
4940.68641 17.709 0.057
4941.88153 17.770 0.064
4942.70290 17.568 0.046
4942.77484 17.796 0.048
4943.71528 17.832 0.050
4943.87211 18.274 0.096
4944.72672 17.725 0.047
4945.67451 17.719 0.053
4946.70195 18.179 0.081
4947.68529 17.657 0.045
4948.66496 17.859 0.064
4950.65573 17.377 0.040
4951.81939 17.830 0.066
4952.65918 18.196 0.087
4952.78857 18.893 0.137
4953.68875 17.861 0.059
4954.66751 17.475 0.044
4954.73360 17.631 0.053
4955.66822 18.237 0.097
4955.83658 17.918 0.068
