2072.60108 19.326 0.143
2072.61102 18.918 0.079
2072.62234 19.046 0.094
2072.63095 19.093 0.096
2072.63958 19.207 0.099
2072.65503 19.118 0.091
2072.66365 18.928 0.077
2072.67231 19.153 0.086
2072.68095 19.088 0.087
2072.68960 19.190 0.105
2072.69825 19.058 0.091
2072.72835 19.177 0.085
2072.73697 19.197 0.090
2072.74556 19.157 0.082
2072.75421 19.261 0.107
2072.76281 19.184 0.099
2072.77143 19.160 0.093
2072.78046 19.251 0.103
2072.78907 19.176 0.097
2072.79767 19.169 0.091
2072.80629 19.433 0.121
2072.81493 19.587 0.151
2072.82353 19.783 0.175
2072.83306 20.159 0.261
2072.84195 20.174 0.265
2072.85106 20.667 0.461
2072.87052 20.546 0.392
2072.89329 19.744 0.253
2072.90189 20.121 0.323
2072.91045 19.440 0.185
2073.58234 19.255 0.130
2073.59771 19.233 0.113
2073.60632 19.172 0.102
2073.61491 19.237 0.103
2073.62354 19.371 0.116
2073.63217 19.583 0.140
2073.64077 19.324 0.113
2073.64955 19.123 0.097
2073.65819 19.728 0.155
2073.66871 20.355 0.241
2073.67766 20.333 0.259
2073.68629 20.622 0.332
2073.69492 20.916 0.451
2073.70352 20.338 0.233
2073.71219 20.034 0.182
2073.72082 20.061 0.193
2073.73028 19.901 0.203
2073.73886 19.530 0.125
2073.74743 19.424 0.110
2073.75603 19.238 0.089
2073.76461 19.176 0.079
2073.77321 19.241 0.093
2073.78648 18.960 0.073
2073.80914 19.303 0.120
2073.82494 19.116 0.094
2073.83397 19.011 0.107
2073.84915 19.535 0.151
2073.85774 19.300 0.118
2073.86633 19.209 0.111
2073.87493 19.543 0.168
2073.88353 19.175 0.122
2073.89703 19.021 0.125
2073.90560 18.938 0.102
2074.57630 19.188 0.096
2074.58493 19.215 0.101
2074.59355 19.006 0.096
2074.60217 19.105 0.096
2074.61079 19.254 0.108
2074.61943 19.128 0.098
2074.63716 18.873 0.103
2074.64576 19.043 0.109
2074.65436 19.082 0.098
2074.66303 19.022 0.100
2074.67166 19.068 0.084
2074.68051 19.161 0.094
2074.70288 19.027 0.084
2074.71152 19.087 0.082
2074.72012 19.265 0.098
2074.73135 19.009 0.082
2074.73992 19.189 0.095
2074.76370 19.170 0.096
2074.77232 19.037 0.088
2074.78091 19.204 0.115
2074.78951 18.895 0.093
2074.79938 19.179 0.102
2074.80798 19.117 0.090
2074.81682 19.003 0.087
2074.82543 19.232 0.107
2074.83403 19.149 0.091
2074.84266 19.102 0.076
2074.85130 19.174 0.087
2074.85987 19.066 0.072
2074.86892 19.153 0.086
2074.87746 19.071 0.105
2074.88606 19.117 0.094
2074.89472 19.172 0.100
2074.90334 19.232 0.104
2075.61108 19.034 0.107
2075.61969 19.054 0.098
2075.62828 18.944 0.098
2075.63690 19.204 0.117
2075.64553 19.042 0.098
2075.66516 18.915 0.084
2075.67375 19.008 0.097
2075.68236 18.945 0.076
2075.69099 19.045 0.090
2075.69963 19.058 0.090
2075.70822 19.052 0.094
2075.71725 19.013 0.091
2075.72650 19.185 0.111
2075.73510 19.056 0.100
2075.74367 18.893 0.088
2075.77047 19.042 0.104
2075.77907 19.012 0.101
2075.78765 19.052 0.113
2075.79652 18.791 0.089
2075.80514 19.143 0.109
2075.81375 19.224 0.120
2075.82236 19.054 0.097
2075.83093 19.226 0.115
2075.84358 18.901 0.083
2075.85218 19.220 0.118
2075.86080 18.994 0.101
2075.86939 18.958 0.112
2075.87794 19.328 0.129
2075.88654 18.874 0.097
2075.89544 18.998 0.128
2076.68960 19.077 0.102
2076.69822 18.951 0.091
2076.70684 19.053 0.099
2076.72033 19.192 0.113
2076.73029 18.697 0.087
2076.73910 18.912 0.084
2076.74787 18.309 0.070
2076.75661 18.958 0.097
2076.76539 18.731 0.089
2076.77417 18.989 0.106
2076.79006 19.141 0.101
2076.80142 19.007 0.099
2076.81414 18.848 0.102
2076.82663 19.001 0.095
2076.83536 19.160 0.104
2076.84411 19.081 0.111
2076.85283 19.091 0.101
2076.86160 19.123 0.114
2076.87031 18.766 0.094
2076.87962 19.140 0.117
2076.88836 19.048 0.115
2077.58633 18.940 0.096
2077.60692 18.919 0.085
2077.61760 19.058 0.101
2077.62853 19.142 0.093
2077.63729 19.084 0.079
2077.65017 19.193 0.082
2077.65894 19.148 0.077
2077.66767 19.128 0.073
2077.67639 19.135 0.070
2077.68859 19.178 0.083
2077.69738 19.149 0.075
2077.70615 19.055 0.078
2077.71491 19.133 0.088
2077.72365 19.050 0.078
2077.73240 19.239 0.096
2077.74219 18.839 0.094
2077.75096 19.020 0.095
2077.75976 19.281 0.098
2077.76851 19.156 0.091
2077.77725 19.310 0.114
2077.78938 19.129 0.088
2077.79809 19.378 0.117
2077.80684 19.513 0.122
2077.81563 19.679 0.134
2077.82438 19.968 0.189
2077.83314 19.622 0.165
2077.84225 20.784 0.440
2077.85098 20.327 0.359
2077.85974 20.339 0.356
2077.86848 20.488 0.351
2077.87716 19.774 0.196
2077.88592 19.336 0.141
2077.89489 19.936 0.244
2077.90367 19.250 0.157
2078.59219 19.195 0.113
2078.60094 19.038 0.099
2078.60971 19.203 0.115
2078.61844 19.259 0.120
2078.62721 19.230 0.114
2078.63599 19.625 0.155
2078.65637 19.918 0.160
2078.66510 20.012 0.162
2078.67388 20.242 0.208
2078.68263 20.020 0.205
2078.69140 20.158 0.218
2078.70013 20.073 0.208
2078.70979 19.715 0.148
2078.71872 19.806 0.153
2078.72744 19.472 0.099
2078.73619 19.287 0.100
2078.74492 19.236 0.099
2078.75368 19.174 0.098
2078.76672 19.126 0.097
2078.78557 19.057 0.089
2078.79435 19.114 0.096
2078.80310 19.175 0.105
2078.81185 19.095 0.097
2078.83791 19.166 0.107
2078.84667 19.079 0.112
2078.86497 19.194 0.122
2078.87365 18.990 0.119
2078.88240 18.813 0.095
2079.62222 19.068 0.114
2079.63097 19.015 0.119
2079.63977 19.150 0.110
2079.64852 19.187 0.105
2079.65727 19.225 0.102
2079.66603 19.115 0.097
2079.67583 19.083 0.081
2079.68456 19.121 0.089
2079.69331 19.042 0.092
2079.70202 19.089 0.092
2079.71077 19.085 0.092
2079.73364 19.168 0.097
2079.74242 18.892 0.079
2079.75116 19.076 0.096
2079.75986 19.112 0.090
2079.76862 19.086 0.089
2079.78392 19.106 0.091
2079.79604 19.268 0.113
2079.80478 19.228 0.112
2079.81356 18.957 0.101
2080.55559 19.150 0.077
2080.57005 19.109 0.078
2080.57875 19.043 0.074
2080.58749 19.061 0.070
2080.59620 19.199 0.082
2080.60494 19.117 0.079
2080.61368 19.149 0.093
2080.62838 19.120 0.086
2080.63716 19.177 0.088
2080.64591 19.083 0.082
2080.65470 19.023 0.082
2080.66342 19.123 0.088
2080.67809 19.317 0.101
2080.69972 19.137 0.101
2080.70845 19.271 0.107
2080.71720 19.287 0.107
2080.75097 19.324 0.095
2080.76345 19.470 0.112
2080.77774 19.453 0.109
2080.80314 19.249 0.099
2080.81348 19.270 0.107
2080.82227 19.067 0.104
2080.83101 19.197 0.113
2080.83969 19.329 0.134
2080.84846 18.950 0.109
2080.85724 18.472 0.082
2081.56920 19.171 0.092
2081.57910 19.302 0.100
2081.58783 19.090 0.087
2081.59848 19.312 0.101
2081.61801 19.355 0.115
2081.66077 19.207 0.096
2081.70219 18.975 0.078
2081.71103 18.934 0.078
2081.71987 19.021 0.089
2081.72859 18.932 0.079
2081.73731 18.861 0.075
2081.74607 18.925 0.075
2081.75688 19.172 0.094
2081.76567 19.085 0.089
2081.77442 19.130 0.091
2081.78318 19.104 0.099
2081.80125 19.020 0.091
2081.80999 19.139 0.089
2081.81875 19.229 0.100
2081.83077 19.043 0.092
2081.83952 19.110 0.089
2081.86475 19.098 0.085
2081.86834 19.078 0.085
2081.87962 19.242 0.127
2082.64280 19.219 0.110
2082.68513 19.121 0.087
2082.69589 19.199 0.093
2082.70523 19.026 0.082
2082.71402 19.168 0.095
2082.72649 19.211 0.103
2082.73821 19.207 0.101
2082.74694 19.197 0.099
2082.75565 19.213 0.097
2082.76677 19.367 0.106
2082.78348 19.281 0.104
2082.79222 19.507 0.120
2082.80097 19.432 0.117
2082.80971 19.901 0.181
2082.81847 20.186 0.227
2082.82723 20.665 0.353
2082.83972 20.793 0.413
2082.85727 20.797 0.449
2082.86602 19.816 0.188
2082.87479 20.018 0.242
2082.88358 19.662 0.182
2082.89623 19.323 0.140
2085.63080 18.936 0.102
2085.63939 19.125 0.118
2085.64798 18.994 0.102
2085.65662 18.946 0.099
2085.66521 19.030 0.103
2085.67382 18.967 0.092
2085.68505 19.031 0.112
2085.69361 19.139 0.120
2085.70221 18.952 0.108
2085.71082 19.048 0.117
2085.71953 19.055 0.117
2085.72816 19.313 0.149
2085.73794 19.439 0.146
2085.74656 19.225 0.130
2085.75876 19.077 0.114
2085.77536 19.151 0.117
2085.78478 19.007 0.121
2085.79494 19.248 0.128
2085.80353 19.132 0.129
2085.82598 19.015 0.110
2085.83456 19.088 0.104
2085.84315 18.959 0.109
2085.85175 18.864 0.120
2085.86037 18.873 0.124
2086.55481 19.194 0.107
2086.56343 19.237 0.099
2086.57202 19.244 0.098
2086.59175 19.325 0.109
2086.60037 19.272 0.104
2086.60899 19.438 0.116
2086.62829 19.368 0.103
2086.63691 19.125 0.082
2086.64548 19.072 0.080
2086.65410 19.156 0.092
2086.66270 19.214 0.099
2086.67132 18.985 0.076
2086.68306 19.111 0.076
2086.69161 19.147 0.085
2086.70018 19.134 0.085
2086.70878 19.065 0.085
2086.71745 19.195 0.113
2086.73088 19.020 0.095
2086.73953 18.935 0.082
2086.74814 19.014 0.084
2086.75675 19.181 0.099
2086.76535 19.271 0.109
2086.77865 19.203 0.101
2086.78727 19.067 0.092
2086.79592 19.277 0.117
2086.80830 19.190 0.110
2086.81687 19.330 0.128
2086.82549 19.232 0.117
2086.83795 19.095 0.109
2086.84658 19.158 0.125
2086.85519 19.236 0.160
2086.86379 18.879 0.111
2087.56046 19.020 0.074
2087.60209 19.100 0.078
2087.61082 19.124 0.081
2087.61954 19.057 0.080
2087.62827 19.123 0.081
2087.63703 19.068 0.084
2087.64578 19.157 0.090
2087.65476 19.040 0.078
2087.66352 19.166 0.090
2087.67559 19.043 0.081
2087.68432 19.027 0.081
2087.69371 19.013 0.078
2087.71116 19.098 0.082
2087.71993 19.173 0.083
2087.72870 19.119 0.079
2087.73750 19.099 0.078
2087.74628 19.212 0.097
2087.75502 19.132 0.084
2087.76551 19.322 0.096
2087.77426 19.267 0.090
2087.78301 19.537 0.118
2087.79175 19.486 0.121
2087.80049 20.012 0.186
2087.80924 20.441 0.300
2087.81847 19.989 0.198
2087.83596 19.993 0.235
2087.84471 20.356 0.310
2087.85346 19.885 0.221
2087.86218 19.730 0.188
2088.55786 18.931 0.095
2088.56977 19.027 0.097
2088.57851 19.084 0.101
2088.58730 19.082 0.094
2088.59609 19.215 0.104
2088.60499 19.114 0.104
2088.61378 19.317 0.114
2088.62254 19.531 0.137
2088.63134 19.490 0.135
2088.64161 19.850 0.170
2088.65041 19.924 0.191
2088.65917 20.320 0.256
2088.67912 20.092 0.211
2088.68842 20.056 0.200
2088.69713 19.675 0.150
2088.70588 19.654 0.143
2088.71463 19.461 0.132
2088.72469 19.306 0.115
2088.73859 19.276 0.103
2088.74735 19.408 0.120
2088.75608 19.189 0.101
2088.76481 19.103 0.110
2088.77668 19.130 0.094
2088.78548 19.137 0.098
2088.79423 19.128 0.111
2088.80301 19.050 0.117
2088.81180 19.161 0.116
2088.82055 18.946 0.101
2088.82971 19.007 0.095
2088.83843 18.841 0.097
2088.84722 18.969 0.120
2089.61034 19.254 0.136
2089.61908 19.099 0.107
2089.62781 19.078 0.101
2089.63654 19.293 0.143
2089.64530 19.111 0.107
2089.65445 19.090 0.091
2090.64245 19.262 0.136
2090.65125 19.025 0.097
2090.66119 19.067 0.086
2090.66997 19.023 0.095
2090.67890 19.031 0.101
2090.70715 19.006 0.110
2090.71589 19.131 0.123
2090.72461 19.145 0.122
2090.73332 19.412 0.156
2090.74206 19.397 0.139
2090.75084 18.983 0.127
2090.76041 19.422 0.125
2090.76914 19.313 0.117
2090.77788 19.330 0.120
2090.78664 19.133 0.094
2090.79543 19.138 0.085
2090.80420 19.350 0.114
2090.81627 19.240 0.126
2090.82501 18.992 0.131
2090.83936 18.976 0.122
2091.58676 19.315 0.123
2091.59555 19.058 0.085
2091.60431 19.099 0.090
2091.61502 19.128 0.087
2091.63115 19.211 0.094
2091.65270 19.150 0.088
2091.66227 19.014 0.081
2091.67098 19.237 0.097
2091.68033 18.964 0.084
2091.68916 19.315 0.109
2091.69790 19.000 0.086
2091.70666 19.057 0.086
2091.71565 19.102 0.090
2091.72437 19.183 0.093
2091.73309 19.039 0.085
2091.74185 19.090 0.084
2091.75063 19.138 0.083
2091.76173 19.021 0.086
2091.77465 19.025 0.081
2091.78342 18.955 0.080
2091.79215 19.165 0.086
2091.80094 19.122 0.088
2091.80969 18.959 0.079
2091.81846 18.946 0.086
2091.82741 19.085 0.091
2091.83661 19.144 0.103
2091.84537 19.106 0.098
2091.85414 18.883 0.086
2091.86285 18.981 0.100
2091.87157 19.056 0.109
2092.64416 18.953 0.082
2092.65296 19.142 0.096
2092.66173 19.146 0.098
2092.67328 19.133 0.108
2092.68206 18.944 0.088
2092.69081 19.019 0.085
2092.69959 19.206 0.106
2092.70837 19.075 0.089
2092.71714 18.987 0.090
2092.73240 19.166 0.090
2092.74117 19.231 0.110
2092.75175 19.051 0.092
2092.76047 19.343 0.129
2092.76922 19.471 0.157
2092.77798 19.397 0.155
2092.78672 19.428 0.166
2092.79724 20.158 0.287
2092.80598 19.744 0.225
2092.81470 20.229 0.329
2092.82988 20.075 0.368
2101.55169 19.252 0.120
2101.56043 19.203 0.103
2101.56917 19.133 0.095
2101.57793 19.284 0.112
2101.58661 19.178 0.102
2101.59540 19.159 0.109
2101.60995 19.067 0.103
2101.61873 19.271 0.110
2101.62751 19.158 0.089
2101.63626 19.134 0.092
2101.64495 19.129 0.095
2101.65437 19.239 0.101
2101.66334 19.195 0.107
2101.67209 19.193 0.104
2101.68084 19.165 0.104
2101.68958 19.198 0.116
2101.69833 19.142 0.106
2101.70706 19.112 0.107
2101.72427 19.028 0.098
2101.73964 19.012 0.093
2101.75822 18.913 0.105
2101.76695 19.186 0.129
2101.77573 18.947 0.095
2101.78446 19.226 0.144
2102.53609 18.887 0.067
2102.54486 18.990 0.071
2102.55544 19.072 0.084
2102.56419 19.207 0.103
2102.57994 19.149 0.097
2102.58872 18.935 0.074
2102.59745 19.113 0.091
2102.60623 18.858 0.073
2102.61496 19.269 0.095
2102.62375 19.165 0.094
2102.63307 19.148 0.089
2102.64183 19.114 0.082
2102.65119 19.419 0.102
2103.50001 19.154 0.094
2103.50874 19.079 0.095
2103.51923 19.046 0.092
2103.52796 18.919 0.076
2103.53673 19.265 0.109
2103.54544 19.070 0.081
2103.55418 19.073 0.089
2103.56289 19.128 0.089
2103.57481 19.352 0.099
2103.58359 19.353 0.102
2103.59235 19.541 0.115
2103.60111 19.538 0.103
2103.61052 19.693 0.112
2103.61929 19.957 0.140
2103.62804 20.107 0.167
2103.63674 20.933 0.315
2103.64607 20.126 0.178
2103.65481 20.412 0.222
2103.66471 19.744 0.126
2103.67354 19.483 0.106
2103.68224 19.529 0.104
2103.72327 19.254 0.108
2103.73207 19.279 0.106
2103.74082 19.208 0.109
2103.74956 19.200 0.114
2103.75834 19.083 0.095
2103.76706 19.272 0.103
2103.77580 19.223 0.088
2103.78454 19.298 0.093
2103.79328 19.120 0.077
2105.50627 19.150 0.115
2105.51998 19.169 0.123
2105.52902 19.189 0.114
2105.53777 19.131 0.105
2105.54651 19.011 0.091
2105.55524 18.956 0.091
2105.56644 19.007 0.088
2105.57518 19.098 0.083
2105.58396 19.125 0.080
2105.59270 19.162 0.082
2105.60219 19.025 0.071
2105.61152 19.163 0.078
2105.62059 19.101 0.071
2105.63243 19.025 0.067
2105.64325 19.153 0.073
2105.65200 19.161 0.073
2105.65546 19.155 0.074
2105.66455 19.031 0.072
2105.67330 19.107 0.077
2105.68205 19.157 0.083
2105.69079 19.185 0.075
2105.69956 19.451 0.093
2105.70830 19.241 0.078
2105.71445 19.284 0.084
2105.72470 19.313 0.084
2105.73342 19.398 0.108
2105.74216 19.341 0.101
2105.75092 19.143 0.084
2105.75966 19.386 0.116
2105.76845 19.113 0.094
2105.77758 19.136 0.099
2105.78631 19.072 0.094
2105.79509 18.925 0.101
2105.80391 19.004 0.112
2106.59545 19.102 0.090
2106.60510 19.146 0.085
2106.61431 19.135 0.095
2106.62309 18.970 0.086
2106.63185 19.027 0.090
2106.64136 19.053 0.087
2106.65011 19.080 0.096
2106.65890 19.029 0.095
2106.66795 19.336 0.110
2106.67673 19.031 0.077
2106.68548 19.167 0.096
2106.69416 19.036 0.089
2106.70292 19.104 0.087
2106.71833 19.103 0.088
2106.72710 19.137 0.086
2106.73584 18.900 0.091
2106.74459 19.083 0.097
2106.75329 18.909 0.092
2106.76205 18.855 0.088
2111.51213 19.254 0.109
2111.52090 19.147 0.112
2111.52964 19.134 0.117
2111.53837 19.304 0.137
2111.54716 19.298 0.129
2111.55592 19.238 0.128
2111.56516 19.025 0.107
2111.57389 18.947 0.100
2111.58270 19.263 0.130
2111.59143 19.118 0.116
2111.60019 18.949 0.097
2111.60890 19.088 0.091
2111.61805 18.780 0.096
2111.62740 18.706 0.083
2111.63618 18.359 0.070
2111.64495 17.422 0.030
2111.65372 19.020 0.093
2111.66244 19.010 0.094
2111.67165 18.888 0.089
2111.68039 19.246 0.120
2111.68915 18.863 0.093
2111.69788 18.714 0.087
2111.70662 19.044 0.104
2111.71539 18.830 0.091
2111.72470 18.931 0.098
2111.73343 18.548 0.085
2111.74216 19.373 0.172
2111.75092 19.077 0.108
2112.50470 19.189 0.101
2112.51432 19.107 0.102
2112.52732 19.025 0.097
2112.53610 19.101 0.102
2112.55565 19.051 0.097
2112.56437 18.955 0.090
2112.57867 19.055 0.095
2112.58742 19.036 0.081
2112.60076 19.053 0.077
2112.60949 19.040 0.075
2112.61827 18.925 0.066
2112.62699 19.157 0.087
2112.63574 18.985 0.075
2112.64457 19.169 0.086
2112.66642 19.224 0.091
2112.67518 19.232 0.087
2112.68392 19.341 0.099
2112.69269 19.072 0.079
2112.70281 19.061 0.087
2112.71181 19.132 0.088
2112.72057 19.167 0.090
2112.72933 19.325 0.107
2112.73812 19.659 0.139
2112.74686 19.686 0.138
2112.75627 19.601 0.130
2113.51586 19.167 0.135
2113.52462 18.988 0.114
2113.53337 18.987 0.115
2113.54266 19.034 0.117
2113.55143 19.102 0.118
2113.56017 19.334 0.131
2113.56887 19.351 0.134
2113.57759 19.341 0.130
2113.58635 19.551 0.138
2113.59562 20.209 0.284
2113.60437 19.261 0.154
2113.61311 19.953 0.243
2113.62217 19.782 0.213
2113.63092 19.788 0.192
2113.63966 19.470 0.156
2113.64918 19.270 0.122
2113.65796 19.422 0.144
2113.71536 19.152 0.115
2113.72413 19.113 0.110
2113.73287 18.958 0.098
2113.74161 18.916 0.096
2113.75035 19.144 0.103
2113.75910 18.776 0.092
2113.76831 18.856 0.101
2113.77707 18.794 0.098
2114.69378 19.282 0.122
2114.70253 19.137 0.117
2114.71130 18.853 0.092
2114.72011 18.945 0.104
2114.73080 19.264 0.125
2114.74057 19.318 0.137
2114.74929 19.048 0.118
2114.76028 18.870 0.107
2114.76905 19.263 0.132
2114.77785 19.413 0.146
2114.79797 19.010 0.104
2115.55328 19.044 0.105
2115.56202 19.043 0.101
2115.57238 19.094 0.111
2115.58678 19.186 0.118
2115.59553 19.023 0.098
2115.60429 19.029 0.098
2115.61819 18.911 0.111
2115.62691 18.698 0.090
2115.63570 18.666 0.093
2115.64683 18.989 0.097
2115.65607 19.010 0.095
2115.66482 19.205 0.120
2115.67357 19.131 0.113
2115.68229 18.933 0.094
2115.69102 19.054 0.096
2115.69982 19.518 0.152
2115.73419 19.219 0.118
2115.74529 19.132 0.095
2116.50948 18.988 0.118
2116.51824 19.410 0.190
2116.56251 19.156 0.112
2116.57128 19.256 0.121
2116.58942 19.120 0.120
2116.60102 19.012 0.088
2116.61037 19.291 0.114
2116.61913 19.083 0.095
2116.62791 19.087 0.090
2116.63666 19.065 0.091
2116.65678 19.076 0.090
2116.66549 18.971 0.077
2116.67428 19.069 0.087
2116.68304 19.066 0.081
2116.69181 19.091 0.081
2116.70050 18.892 0.074
2116.71048 19.066 0.086
2116.71926 19.080 0.084
2116.72802 19.040 0.087
2116.73677 19.170 0.101
2116.74551 19.118 0.105
2116.75758 19.395 0.138
2116.76637 19.018 0.098
2117.49022 19.120 0.098
2117.49903 18.980 0.085
2117.50819 19.105 0.090
2117.51694 19.050 0.081
2117.55705 18.980 0.085
2117.56580 19.074 0.098
2117.57455 19.084 0.095
2117.58397 18.871 0.080
2117.59272 19.041 0.086
2117.60149 19.033 0.081
2117.61349 19.091 0.086
2117.62228 18.964 0.073
2117.63103 19.076 0.079
2117.63983 19.244 0.103
2117.64860 19.001 0.079
2117.65736 19.164 0.093
2117.66652 19.027 0.087
2117.67533 19.069 0.095
2117.68411 19.020 0.091
2117.69288 19.019 0.095
2117.70160 19.183 0.095
2117.71197 19.132 0.095
2117.72073 19.391 0.115
2117.72948 19.459 0.127
2117.73827 19.650 0.154
2117.74699 19.788 0.175
2117.75570 19.910 0.224
2118.49786 19.206 0.113
2118.50661 19.149 0.109
2118.51541 19.201 0.120
2118.52417 18.758 0.092
2118.64321 19.797 0.149
2118.65592 19.401 0.098
2118.66467 19.380 0.104
2118.67346 19.322 0.125
2118.68223 19.124 0.089
2118.69095 19.133 0.084
2118.70086 19.113 0.086
2118.70988 19.307 0.099
2118.71863 19.298 0.112
2118.72736 19.195 0.121
2118.73619 19.021 0.085
2125.64150 19.226 0.164
2128.57003 19.814 0.161
2131.56674 19.173 0.091
2134.66975 18.802 0.103
2138.54720 19.801 0.207
2143.52040 18.603 0.096
2155.64720 18.570 0.105
2156.48627 18.870 0.103
2158.49461 19.388 0.137
2162.50413 19.081 0.108
2168.53885 19.520 0.176
2173.49686 19.588 0.232
2184.50009 18.615 0.098
2194.55447 19.070 0.111
2321.87307 18.849 0.108
2324.87519 20.314 0.310
2341.83166 19.183 0.135
2350.84477 19.111 0.083
2358.88424 19.056 0.085
2370.81249 19.067 0.099
2381.80789 19.038 0.087
2384.79037 20.415 0.302
2388.85023 19.043 0.090
2391.69275 18.870 0.138
2400.69063 19.105 0.105
2402.80557 19.135 0.089
2404.84251 18.987 0.074
2414.86148 18.939 0.079
2415.72351 18.926 0.094
2416.74571 19.016 0.090
2417.72128 18.942 0.089
2424.76361 19.264 0.213
2426.67492 18.969 0.084
2431.80926 19.194 0.094
2433.73642 18.980 0.083
2434.80945 18.951 0.075
2436.58220 19.157 0.119
2438.61435 18.911 0.083
2440.59561 18.932 0.084
2442.61343 19.028 0.085
2444.70605 19.088 0.115
2446.64060 18.985 0.091
2448.52739 18.868 0.170
2453.73666 18.930 0.092
2458.73393 18.943 0.094
2462.72273 18.941 0.064
2463.81981 19.971 0.194
2466.46291 18.901 0.130
2466.47175 19.034 0.112
2466.48065 18.960 0.093
2466.48963 18.906 0.081
2466.50234 18.905 0.080
2466.51152 19.124 0.098
2466.52054 18.920 0.092
2466.52952 18.968 0.085
2466.53998 18.909 0.072
2466.54915 18.846 0.073
2466.55848 19.015 0.075
2466.56215 18.927 0.073
2466.56808 18.939 0.072
2466.57700 18.985 0.078
2466.58895 19.052 0.080
2466.59889 18.941 0.076
2466.60791 18.969 0.075
2466.61675 18.939 0.080
2466.62753 18.787 0.080
2466.63726 18.812 0.086
2466.64749 18.769 0.082
2466.65646 18.863 0.080
2466.66539 18.896 0.085
2466.67805 18.943 0.093
2466.68691 19.097 0.095
2466.69577 19.045 0.100
2466.70568 19.201 0.102
2466.71596 19.130 0.104
2466.72507 19.061 0.104
2466.73407 18.967 0.104
2466.74332 18.897 0.099
2466.74979 18.756 0.094
2466.75931 18.743 0.087
2466.76807 19.078 0.105
2466.77743 18.925 0.092
2466.79001 18.946 0.099
2466.79904 18.618 0.087
2466.80971 18.955 0.096
2466.81862 18.786 0.101
2466.82854 18.945 0.116
2466.83737 18.828 0.100
2466.84634 18.759 0.111
2468.46484 19.172 0.161
2470.46516 20.291 0.468
2472.67213 18.911 0.074
2472.68097 18.931 0.077
2472.69128 18.982 0.077
2472.70023 18.967 0.076
2472.70912 18.945 0.072
2472.71931 18.980 0.074
2472.73262 19.087 0.090
2472.74220 19.144 0.089
2472.75127 18.984 0.092
2472.76016 18.765 0.069
2472.76991 19.080 0.085
2474.46546 18.876 0.107
2482.62214 18.798 0.087
2485.63215 18.651 0.086
2489.70299 19.255 0.106
2492.64767 18.961 0.081
2494.70205 18.999 0.096
2497.50460 18.963 0.092
2499.54039 19.579 0.139
2501.56811 19.087 0.085
2503.49162 18.743 0.232
2511.54830 18.780 0.090
2521.51672 18.980 0.084
2526.54693 19.080 0.090
2537.47811 18.771 0.118
2540.49470 18.836 0.108
2546.50525 19.189 0.123
2550.48652 18.828 0.101
2554.55841 18.828 0.086
2558.49496 18.823 0.109
2565.48782 18.671 0.133
2693.89219 18.998 0.095
2698.89013 19.005 0.089
2711.87315 19.065 0.083
2721.88060 19.243 0.260
2730.89389 19.082 0.082
2743.77029 19.134 0.088
2748.78884 19.090 0.113
2755.77874 20.016 0.178
2758.93016 19.004 0.125
2765.78688 19.500 0.125
2769.77149 19.926 0.195
2782.71004 18.973 0.109
2784.69899 19.102 0.072
2786.58455 19.167 0.174
2788.68634 19.065 0.075
2790.79144 18.869 0.079
2792.52842 18.593 0.106
2794.55466 18.744 0.115
2796.56337 19.463 0.137
2802.55824 18.682 0.114
2808.63079 19.016 0.094
2810.56903 18.921 0.086
2812.57090 19.055 0.099
2813.81465 18.950 0.085
2815.59325 19.172 0.093
2816.65868 18.783 0.069
2817.77333 18.967 0.095
2818.66818 19.076 0.094
2819.76228 19.089 0.106
2821.66052 18.896 0.080
2826.65119 18.896 0.104
2830.78143 19.085 0.138
2835.47782 18.873 0.130
2837.49663 19.511 0.205
2838.72714 18.922 0.087
2840.49871 18.760 0.089
2842.53514 19.045 0.103
2844.61128 19.025 0.082
2848.54648 18.869 0.113
2851.53374 18.978 0.096
2853.53159 19.103 0.104
2854.75453 19.621 0.193
2857.71747 18.938 0.098
2862.49376 18.697 0.111
2864.50077 19.076 0.138
2867.65598 18.902 0.094
2867.69807 18.937 0.078
2867.71936 18.762 0.080
2867.72930 18.866 0.096
2867.73251 18.878 0.091
2867.73556 19.050 0.113
2867.73861 18.982 0.101
2868.51429 19.054 0.088
2869.56728 19.084 0.096
2869.58857 18.793 0.071
2870.65628 19.090 0.089
2871.47684 19.028 0.101
2871.51151 18.993 0.087
2871.52781 19.005 0.084
2871.54698 19.067 0.079
2871.55026 19.103 0.084
2871.55365 18.987 0.076
2871.55700 18.939 0.075
2871.56044 18.866 0.073
2871.56414 19.106 0.089
2871.56803 19.003 0.078
2871.57980 19.115 0.083
2871.58743 18.927 0.076
2871.59090 19.097 0.084
2871.59428 19.178 0.092
2871.59764 19.058 0.080
2871.60093 19.148 0.084
2871.60426 19.017 0.078
2871.60748 19.137 0.090
2871.61118 19.121 0.087
2871.61585 18.989 0.077
2871.63049 19.023 0.080
2871.71129 19.062 0.089
2872.50170 18.986 0.091
2872.67540 19.102 0.074
2872.70262 19.006 0.077
2874.57627 19.147 0.105
2875.53658 20.612 0.326
2875.61544 18.981 0.108
2875.69346 18.924 0.102
2876.49411 19.028 0.089
2876.65169 18.993 0.086
2877.52165 18.777 0.085
2877.65100 19.032 0.096
2878.49816 19.056 0.083
2878.56930 19.161 0.084
2879.55333 19.013 0.082
2880.70010 18.963 0.096
2881.65634 19.188 0.093
2882.50044 18.937 0.096
2883.58619 19.045 0.083
2884.47633 18.893 0.107
2892.51419 18.730 0.100
2896.58101 19.023 0.079
2899.60441 19.353 0.113
2905.54431 18.899 0.120
2909.51514 18.904 0.100
2912.53773 19.147 0.103
2921.59831 18.927 0.132
2926.56551 18.950 0.097
3040.88363 18.980 0.160
3044.85820 18.703 0.097
3046.86814 19.465 0.180
3047.85686 19.149 0.102
3055.87452 18.931 0.088
3058.89269 19.106 0.089
3064.81324 19.032 0.120
3067.88666 19.071 0.077
3070.84819 19.006 0.108
3070.89257 18.886 0.079
3071.87693 19.353 0.117
3073.80367 19.048 0.109
3075.84225 19.045 0.093
3079.88686 19.035 0.111
3082.86016 18.914 0.075
3084.89946 19.102 0.065
3086.83181 19.755 0.126
3088.78930 18.974 0.061
3089.89856 19.002 0.077
3091.81875 20.334 0.235
3096.85686 19.215 0.111
3098.83736 19.283 0.088
3100.79783 18.991 0.071
3101.90434 18.990 0.091
3103.76910 19.001 0.079
3104.88363 18.695 0.179
3108.76167 19.030 0.072
3109.79661 19.084 0.076
3110.82828 19.011 0.079
3112.77709 19.096 0.075
3113.86686 19.182 0.089
3114.77838 18.914 0.065
3115.86120 19.301 0.094
3116.91732 19.059 0.094
3122.90439 18.872 0.091
3125.86465 18.781 0.088
3126.89027 19.008 0.086
3127.79578 18.764 0.072
3128.81415 19.230 0.095
3130.69216 18.889 0.091
3137.93253 19.337 0.142
3138.69522 18.986 0.096
3139.86654 19.004 0.080
3140.87225 19.897 0.197
3140.90258 19.396 0.128
3142.76055 19.047 0.079
3144.78149 19.004 0.085
3146.78130 19.142 0.100
3151.74408 18.937 0.091
3151.89676 18.916 0.094
3152.74737 18.833 0.078
3153.75212 19.014 0.103
3154.81363 18.852 0.092
3156.83333 18.966 0.090
3158.90401 18.556 0.098
3162.80832 19.071 0.098
3163.62123 18.940 0.072
3163.64006 18.928 0.070
3164.72995 19.049 0.090
3165.75076 19.091 0.079
3166.89589 18.990 0.123
3167.74876 18.781 0.089
3168.74394 19.104 0.086
3169.71984 18.694 0.066
3170.79736 19.895 0.164
3171.82006 19.165 0.080
3172.74707 19.040 0.075
3174.70336 19.020 0.067
3175.71330 19.055 0.078
3177.75044 18.956 0.118
3178.77701 19.115 0.090
3179.78676 18.997 0.084
3180.71510 19.173 0.082
3182.76659 18.962 0.082
3183.73524 19.155 0.101
3184.69303 19.152 0.080
3185.74569 19.455 0.127
3185.76592 19.397 0.128
3185.79186 20.334 0.273
3185.82991 19.631 0.141
3185.85790 19.075 0.100
3185.87937 19.050 0.112
3186.62474 20.306 0.360
3190.63676 19.034 0.101
3191.77823 18.889 0.095
3193.53123 19.003 0.088
3194.58989 18.979 0.097
3195.63717 19.078 0.075
3195.79485 19.849 0.154
3196.54027 19.194 0.114
3196.55746 19.301 0.127
3197.50783 19.105 0.082
3199.61760 19.142 0.101
3201.50944 19.167 0.085
3202.47390 18.722 0.087
3202.52602 19.138 0.082
3202.56388 19.109 0.082
3202.63017 19.280 0.108
3202.75567 18.983 0.089
3202.79234 19.072 0.096
3202.82853 18.851 0.110
3203.46962 19.185 0.120
3203.65337 19.255 0.105
3204.64660 18.939 0.071
3205.75522 20.367 0.271
3206.71223 19.380 0.112
3207.66076 18.800 0.087
3209.70588 18.934 0.078
3210.53961 19.149 0.114
3211.57807 20.436 0.308
3217.47623 19.057 0.097
3218.64498 18.983 0.103
3219.59333 18.513 0.086
3223.64623 18.752 0.104
3224.69175 19.083 0.084
3226.60906 18.796 0.091
3228.59549 18.971 0.090
3229.62796 18.955 0.079
3230.66154 19.393 0.104
3231.56488 19.412 0.138
3238.61386 19.165 0.105
3239.69262 18.964 0.095
3240.67375 19.121 0.128
3245.54852 19.082 0.091
3246.65224 18.968 0.111
3247.61839 18.746 0.082
3249.52031 18.851 0.086
3250.65307 20.138 0.281
3251.49826 20.484 0.408
3251.59855 19.212 0.091
3251.64976 19.085 0.094
3253.51737 18.780 0.081
3256.63014 18.651 0.075
3259.61960 18.931 0.094
3264.52709 19.035 0.085
3267.52620 19.027 0.113
3272.58162 18.982 0.098
3275.56458 18.804 0.103
3278.59349 18.791 0.086
3281.60025 18.876 0.057
3288.54008 19.524 0.115
3293.51065 19.009 0.081
3295.52085 19.175 0.073
3305.54167 19.983 0.257
3307.54072 18.739 0.130
3309.51660 19.118 0.125
3310.52622 19.565 0.191
3314.51011 18.790 0.129
3408.88462 18.799 0.088
3410.88473 18.663 0.079
3413.88556 18.877 0.100
3421.89178 19.071 0.071
3422.86168 20.454 0.368
3426.85731 18.962 0.086
3429.83041 18.996 0.129
3432.88273 19.278 0.135
3442.88513 19.029 0.075
3445.79797 19.029 0.067
3447.84859 19.456 0.122
3449.86122 19.350 0.111
3452.88183 19.022 0.066
3455.81607 18.859 0.081
3457.84953 19.129 0.081
3459.84475 19.164 0.082
3469.78051 19.158 0.074
3470.79348 18.919 0.066
3472.75591 20.114 0.207
3473.77571 19.154 0.095
3474.77237 18.817 0.075
3475.79793 18.993 0.067
3477.75977 20.384 0.257
3479.75860 19.240 0.076
3480.71874 19.073 0.074
3481.73667 18.977 0.077
3482.67900 19.462 0.157
3496.71626 19.121 0.088
3497.78781 19.070 0.106
3498.91109 18.947 0.088
3499.85893 19.051 0.072
3500.72514 18.952 0.073
3501.82158 19.140 0.078
3502.71742 19.486 0.100
3503.68661 18.979 0.066
3504.70133 18.954 0.077
3506.74514 19.094 0.085
3508.74935 18.909 0.078
3509.72782 19.075 0.074
3510.79760 18.974 0.075
3511.83673 20.225 0.226
3512.70641 19.734 0.177
3517.68222 19.673 0.210
3520.75750 18.778 0.077
3521.71471 19.237 0.078
3522.74274 19.194 0.068
3522.93395 19.044 0.091
3523.74723 19.064 0.060
3524.89241 19.045 0.104
3525.74562 18.916 0.062
3526.74905 19.112 0.090
3528.66990 19.075 0.073
3529.69227 18.725 0.041
3530.60734 19.139 0.072
3537.73817 19.061 0.077
3538.55386 19.110 0.102
3538.60102 18.934 0.078
3538.63175 19.135 0.081
3538.68725 19.281 0.085
3538.73637 19.022 0.070
3538.78384 19.078 0.077
3538.81495 19.048 0.079
3538.84381 18.979 0.078
3538.87524 18.973 0.095
3538.90769 18.832 0.100
3539.51083 18.984 0.132
3539.53042 18.750 0.110
3539.56304 19.036 0.099
3539.59305 18.835 0.078
3539.61593 18.928 0.108
3539.68199 19.278 0.111
3539.73745 19.135 0.078
3539.80860 19.017 0.075
3540.51620 19.429 0.207
3540.61626 19.096 0.100
3540.73621 18.640 0.087
3540.83437 18.903 0.096
3541.63152 19.192 0.110
3541.78057 19.654 0.142
3542.56565 18.974 0.111
3542.83831 19.231 0.230
3544.61196 18.881 0.112
3544.72499 19.028 0.094
3546.84410 18.563 0.090
3547.80836 18.678 0.085
3549.84020 18.855 0.080
3550.63202 19.005 0.086
3551.63161 19.039 0.065
3552.66733 19.382 0.098
3553.71738 18.907 0.090
3554.65271 18.969 0.089
3555.66479 18.884 0.077
3556.67254 19.020 0.075
3558.52735 18.810 0.074
3558.82609 19.087 0.097
3559.69603 19.064 0.079
3560.59735 18.829 0.062
3561.54511 18.951 0.072
3562.58579 19.332 0.134
3563.63648 18.955 0.057
3564.57425 18.699 0.071
3569.55961 18.962 0.115
3572.81507 19.051 0.160
3573.64605 18.831 0.086
3574.68595 19.032 0.084
3575.53344 19.123 0.073
3575.77005 18.977 0.077
3576.68735 19.081 0.103
3577.58745 19.228 0.113
3578.67206 18.853 0.065
3579.61750 19.178 0.082
3580.65072 19.046 0.081
3581.67061 19.205 0.077
3582.64244 19.101 0.079
3583.63288 19.045 0.073
3583.75281 19.232 0.122
3584.64156 19.199 0.074
3584.75615 18.906 0.080
3585.63187 19.012 0.063
3585.77460 19.389 0.115
3586.46947 18.888 0.085
3586.56846 19.042 0.064
3586.67493 19.524 0.094
3586.71697 20.419 0.199
3587.59338 18.634 0.082
3587.64873 18.833 0.082
3587.71438 19.078 0.101
3588.55798 19.119 0.076
3589.49306 19.081 0.071
3589.54506 19.102 0.070
3589.67054 19.228 0.075
3589.69740 18.981 0.067
3590.65448 19.023 0.066
3591.49752 18.820 0.066
3591.54072 19.077 0.063
3591.64564 19.183 0.069
3591.67802 19.754 0.114
3591.75825 19.486 0.110
3592.75423 18.762 0.064
3593.74495 19.276 0.106
3594.70716 18.956 0.093
3601.65572 19.619 0.128
3601.72213 19.331 0.119
3602.61631 18.987 0.078
3603.63634 19.200 0.103
3607.63470 18.883 0.067
3608.65006 18.915 0.075
3609.63060 18.962 0.076
3615.57781 19.005 0.081
3618.57944 18.915 0.078
3620.54264 19.083 0.071
3622.52050 19.276 0.117
3628.59671 19.008 0.111
3630.53603 18.781 0.093
3632.58615 18.891 0.087
3634.48675 18.953 0.096
3639.54561 19.477 0.095
3641.54407 18.702 0.077
3644.50439 19.008 0.099
3648.53623 18.882 0.088
3650.57858 19.318 0.095
3654.54028 19.354 0.159
3656.52150 19.295 0.114
3658.55330 18.485 0.080
3660.52593 19.116 0.122
3664.50273 19.258 0.103
3675.50804 18.621 0.087
3675.52524 18.801 0.088
3676.49774 19.068 0.159
3776.86666 19.054 0.112
3782.85138 18.867 0.092
3784.87670 19.175 0.089
3786.89627 18.901 0.100
3788.84686 20.414 0.382
3790.88929 19.392 0.121
3793.85656 19.636 0.124
3795.84399 19.138 0.100
3798.80720 19.538 0.132
3799.83136 18.922 0.091
3800.82630 18.697 0.081
3801.88578 18.989 0.086
3802.85137 18.912 0.073
3803.88664 19.066 0.075
3805.80308 18.867 0.072
3806.76939 19.035 0.096
3807.78847 19.025 0.116
3808.79614 20.040 0.228
3809.88126 19.144 0.092
3810.84788 19.290 0.093
3811.83947 18.913 0.076
3812.83558 18.684 0.069
3813.82552 19.828 0.147
3814.82739 19.057 0.083
3817.85893 18.939 0.075
3818.88802 19.107 0.074
3819.80573 19.108 0.064
3820.77237 19.086 0.073
3821.77549 18.909 0.069
3822.81491 18.761 0.064
3822.86280 18.888 0.063
3822.88373 18.997 0.068
3822.91798 19.599 0.140
3823.74126 19.260 0.114
3823.79522 20.039 0.186
3823.83900 19.320 0.079
3823.88712 19.138 0.081
3823.92038 19.137 0.104
3824.74127 18.949 0.090
3824.82034 18.868 0.100
3824.86053 19.154 0.102
3824.89538 18.869 0.081
3825.80613 19.185 0.113
3825.84993 19.314 0.108
3825.88261 19.008 0.088
3825.91910 19.156 0.116
3826.73466 19.382 0.118
3826.77342 19.015 0.080
3826.82792 19.047 0.088
3826.90004 18.851 0.073
3827.76609 18.701 0.068
3827.80246 18.924 0.067
3827.85050 18.894 0.059
3827.92210 19.728 0.145
3828.75189 19.479 0.157
3828.79947 18.889 0.091
3828.86375 18.980 0.078
3828.91913 18.898 0.082
3829.73331 19.005 0.081
3829.77952 18.850 0.076
3829.84867 18.837 0.059
3829.89464 19.254 0.088
3829.92346 18.961 0.081
3830.69453 18.751 0.081
3830.70868 18.995 0.084
3830.73142 19.046 0.080
3830.74754 19.081 0.079
3830.76319 19.143 0.083
3830.77736 19.035 0.073
3830.79213 19.045 0.078
3830.80630 19.124 0.082
3830.82027 19.336 0.093
3830.83216 19.172 0.093
3830.84383 19.574 0.104
3830.85761 19.360 0.100
3830.86987 19.178 0.083
3830.88120 19.090 0.079
3830.89251 19.257 0.081
3830.90230 19.140 0.079
3830.91349 19.067 0.075
3830.92325 18.943 0.077
3830.92650 19.102 0.111
3831.69282 19.106 0.094
3831.70232 19.021 0.081
3831.71506 19.034 0.073
3831.72433 19.105 0.072
3831.72722 19.121 0.072
3831.73049 19.223 0.077
3831.73328 19.117 0.073
3831.73606 19.226 0.078
3831.73915 19.087 0.068
3831.74194 19.073 0.065
3831.74473 19.032 0.066
3831.74789 19.233 0.078
3831.75069 19.215 0.081
3831.75349 19.051 0.071
3831.75671 19.153 0.072
3831.75945 19.179 0.073
3831.76226 19.071 0.064
3831.76573 19.071 0.062
3831.76901 19.310 0.072
3831.77236 19.241 0.069
3831.77516 19.128 0.067
3831.77794 19.206 0.067
3831.78134 19.058 0.057
3831.78451 19.072 0.060
3831.78811 19.166 0.065
3831.79136 19.177 0.073
3831.79413 19.232 0.072
3831.79693 19.185 0.071
3831.80037 19.076 0.065
3831.80352 19.088 0.066
3831.80663 19.124 0.071
3831.80942 19.102 0.070
3831.81220 19.058 0.067
3831.81540 18.927 0.065
3831.81820 18.897 0.068
3831.82100 19.036 0.068
3831.82421 18.778 0.054
3831.82701 19.018 0.072
3831.82981 18.863 0.062
3831.83338 19.016 0.069
3831.83682 18.921 0.062
3831.83960 19.024 0.067
3831.84239 18.942 0.067
3831.84590 18.993 0.067
3831.84895 18.850 0.062
3831.85173 18.891 0.068
3831.85453 18.992 0.070
3831.85733 19.016 0.072
3831.86047 18.909 0.071
3831.86326 18.869 0.066
3831.86606 18.847 0.069
3831.87571 18.978 0.067
3831.88127 18.886 0.064
3831.88685 19.077 0.075
3831.89242 19.124 0.084
3831.90378 19.015 0.073
3831.91135 19.031 0.069
3831.91778 19.066 0.069
3831.92417 19.070 0.084
3831.92728 18.917 0.084
3831.93025 18.920 0.125
3832.69746 18.933 0.104
3832.70964 18.984 0.095
3832.73347 18.877 0.070
3832.77960 19.062 0.075
3832.82546 18.994 0.076
3832.86883 19.323 0.101
3832.91484 19.929 0.199
3833.69203 19.040 0.104
3833.71386 19.201 0.092
3833.73818 19.842 0.142
3833.78086 19.663 0.112
3833.82362 19.126 0.063
3833.84562 18.956 0.059
3833.87403 19.029 0.070
3833.90449 19.050 0.080
3833.92084 18.985 0.080
3834.69807 19.182 0.125
3834.71734 19.040 0.102
3834.74118 18.990 0.087
3834.79019 19.072 0.070
3834.87001 19.001 0.071
3834.91248 19.035 0.091
3835.70754 18.914 0.083
3835.77773 19.251 0.097
3835.85155 19.175 0.068
3835.88133 19.055 0.062
3835.92110 19.154 0.085
3836.70365 19.100 0.142
3836.76522 19.018 0.095
3836.80968 19.157 0.091
3836.84025 19.108 0.079
3836.89700 19.031 0.073
3837.70232 18.715 0.101
3837.73259 18.850 0.080
3837.90433 20.426 0.243
3838.74437 20.235 0.353
3838.91167 18.876 0.101
3839.74014 18.770 0.104
3839.81869 18.899 0.081
3839.86286 18.737 0.089
3839.92328 19.125 0.107
3840.70612 18.834 0.094
3840.78725 19.260 0.102
3840.91107 18.967 0.083
3841.74464 19.131 0.101
3841.83337 19.043 0.085
3841.89524 18.988 0.086
3842.84722 19.250 0.100
3845.72015 18.841 0.139
3845.90886 18.803 0.106
3846.73085 19.023 0.073
3846.91520 19.043 0.083
3847.79698 18.796 0.089
3848.75195 19.309 0.129
3849.75102 18.874 0.069
3849.92157 19.131 0.090
3850.69508 19.000 0.075
3850.86679 19.132 0.091
3851.71023 19.107 0.098
3851.87509 19.042 0.089
3851.92125 18.707 0.069
3852.69879 18.622 0.078
3852.87008 19.586 0.141
3853.68722 19.507 0.107
3853.85556 19.042 0.068
3853.92630 18.981 0.064
3856.67728 19.248 0.095
3856.84401 19.136 0.085
3857.91495 19.451 0.115
3858.76365 19.318 0.082
3859.80186 18.883 0.061
3860.67032 18.930 0.096
3860.91020 18.902 0.084
3861.66778 18.977 0.089
3861.77301 19.193 0.083
3861.93627 19.182 0.108
3862.70115 18.990 0.075
3862.86513 20.524 0.288
3863.63658 19.237 0.117
3863.85422 18.937 0.062
3863.93351 19.089 0.088
3864.67711 18.730 0.071
3864.86713 19.141 0.076
3865.68793 18.926 0.081
3865.82339 18.974 0.074
3865.90139 19.233 0.093
3866.68633 18.856 0.067
3866.82582 19.010 0.077
3866.90472 19.100 0.073
3867.62923 19.337 0.174
3867.81489 18.895 0.086
3867.88795 19.701 0.148
3868.71231 19.490 0.153
3868.86399 18.679 0.085
3869.69210 19.004 0.084
3869.87310 18.805 0.086
3872.88947 19.554 0.138
3873.64441 19.446 0.123
3873.78712 19.014 0.079
3873.85985 18.821 0.072
3873.92942 19.141 0.105
3874.74408 18.806 0.077
3875.65777 18.907 0.056
3875.80525 19.207 0.076
3875.90419 19.018 0.074
3876.63502 18.325 0.041
3877.63314 18.892 0.065
3877.78382 19.337 0.087
3877.85836 20.084 0.200
3879.66460 18.996 0.056
3880.83400 18.863 0.079
3880.91278 18.803 0.075
3881.66319 19.093 0.074
3881.87469 19.322 0.094
3881.92144 19.164 0.085
3882.75148 19.009 0.076
3882.82572 20.287 0.263
3882.89458 19.232 0.088
3883.64089 19.600 0.157
3883.83854 18.936 0.065
3886.60296 19.143 0.097
3886.79572 19.148 0.082
3886.86759 19.008 0.093
3887.57628 19.003 0.091
3887.77883 19.413 0.099
3887.87851 19.194 0.092
3888.59233 18.823 0.068
3889.65877 19.086 0.078
3889.93701 19.092 0.096
3890.63801 18.829 0.062
3891.66836 18.993 0.070
3891.79664 19.033 0.093
3891.87862 18.975 0.082
3892.56996 19.021 0.104
3892.93307 18.999 0.113
3893.61937 19.573 0.144
3893.86123 18.913 0.095
3894.67263 18.680 0.075
3896.61021 18.871 0.105
3900.53154 18.914 0.119
3900.71721 19.314 0.170
3900.79651 19.053 0.090
3900.86518 18.941 0.080
3901.54164 19.287 0.107
3901.72296 18.893 0.076
3901.80026 18.754 0.079
3901.86919 19.252 0.106
3902.56432 18.981 0.080
3902.74384 19.320 0.101
3902.86280 19.115 0.108
3903.65200 19.811 0.174
3903.89770 19.042 0.106
3904.55258 19.039 0.074
3904.71569 18.953 0.062
3904.78472 19.103 0.080
3904.88687 19.195 0.102
3905.54940 18.932 0.067
3905.72600 19.368 0.090
3905.79609 19.146 0.071
3905.86464 19.022 0.069
3906.56391 18.986 0.094
3906.70373 18.814 0.065
3906.77686 19.047 0.087
3906.85606 19.035 0.080
3907.59466 19.166 0.101
3907.77690 19.007 0.106
3907.86146 18.664 0.088
3908.53081 19.083 0.093
3908.71642 18.891 0.071
3908.79650 19.095 0.082
3908.87610 18.879 0.078
3909.53255 18.971 0.096
3909.71536 19.088 0.063
3909.80585 19.137 0.077
3909.88209 19.273 0.111
3910.56201 18.854 0.082
3912.53181 19.004 0.059
3912.71911 19.277 0.074
3912.81298 19.556 0.105
3913.52327 19.020 0.065
3913.72868 19.015 0.075
3913.81763 19.139 0.072
3914.54703 19.031 0.096
3915.52479 19.072 0.090
3915.72677 18.954 0.070
3915.82500 19.071 0.073
3916.56350 18.864 0.089
3916.80737 18.968 0.084
3917.55117 19.341 0.112
3917.81791 19.027 0.101
3918.59191 20.178 0.210
3918.81566 18.868 0.085
3919.54241 19.043 0.102
3919.75241 19.126 0.079
3920.51012 18.874 0.073
3920.70621 19.008 0.091
3920.79156 18.931 0.065
3921.50629 19.145 0.098
3921.70554 18.620 0.085
3921.72000 18.572 0.080
3922.70997 19.025 0.112
3930.53762 18.837 0.066
3930.78501 18.678 0.087
3931.49555 18.810 0.093
3931.82270 19.049 0.109
3932.52644 18.946 0.077
3932.79819 19.128 0.106
3933.51288 19.495 0.123
3933.69729 18.954 0.066
3933.76931 19.038 0.079
3934.48675 18.839 0.074
3934.65679 18.987 0.066
3934.72662 19.053 0.069
3935.53665 18.790 0.063
3935.70795 18.826 0.088
3935.80551 19.095 0.097
3936.49004 18.935 0.095
3936.65553 19.014 0.075
3936.73190 18.909 0.080
3937.55431 18.264 0.061
3938.49782 18.993 0.101
3938.68874 18.798 0.067
3938.79796 18.837 0.083
3940.57805 19.158 0.074
3941.69904 18.631 0.077
3944.55038 18.943 0.073
3944.75072 18.878 0.067
3945.51209 19.075 0.093
3945.77859 19.040 0.088
3946.50948 19.355 0.124
3946.70167 19.050 0.084
3950.51836 19.158 0.085
3950.73340 18.984 0.081
3951.51106 18.967 0.085
3951.74233 18.907 0.118
3956.56358 19.147 0.131
3957.50269 19.048 0.118
3958.57350 19.043 0.087
3959.50625 19.022 0.087
3959.68067 19.108 0.087
3960.49552 19.071 0.077
3960.67458 19.074 0.066
3961.56682 18.930 0.089
3963.52813 19.584 0.131
3963.70552 18.912 0.082
3964.52323 19.098 0.074
3964.72811 19.107 0.088
3965.50767 19.031 0.066
3965.69897 19.004 0.068
3966.48285 18.985 0.088
3966.68461 18.829 0.069
3967.51722 18.518 0.070
3967.71002 19.534 0.125
3968.49534 19.881 0.222
3968.57205 18.860 0.074
3968.66525 19.008 0.082
3969.47696 18.968 0.093
3969.67764 18.868 0.090
3970.50608 18.588 0.072
3970.68464 18.971 0.079
3971.54996 18.624 0.071
3973.56806 18.775 0.083
3974.50540 18.742 0.074
3974.68840 18.844 0.087
3975.50832 19.065 0.087
3975.68018 19.050 0.097
3976.50287 19.062 0.071
3976.67889 18.922 0.099
3979.50514 18.840 0.152
3982.56575 18.992 0.082
3983.51944 19.191 0.168
3986.58020 18.899 0.087
3987.50256 19.019 0.092
3988.50840 19.215 0.085
3989.52606 18.701 0.072
3989.59339 18.847 0.087
3989.65912 18.727 0.092
3990.54287 18.969 0.099
3990.60769 18.895 0.084
3990.63502 19.027 0.092
3990.66921 19.260 0.122
3991.49865 18.683 0.081
3991.64194 18.970 0.095
3993.55037 18.856 0.080
3994.56103 18.744 0.077
3995.56860 19.269 0.096
3999.58387 18.967 0.078
4002.49208 19.035 0.083
4003.48958 19.420 0.111
4004.52370 19.000 0.068
4006.51665 18.940 0.077
4012.49654 18.744 0.096
4016.51218 18.768 0.084
4018.54847 18.289 0.051
4020.53521 19.177 0.121
4023.53555 19.155 0.120
4025.55494 19.146 0.111
4028.49433 18.761 0.089
4031.49442 18.953 0.118
4038.49978 18.731 0.106
4040.51413 18.648 0.089
4041.49634 18.893 0.156
4043.50658 19.146 0.142
4141.87425 19.045 0.103
4143.89158 18.963 0.152
4150.88943 19.004 0.098
4153.87732 19.113 0.097
4156.85575 18.990 0.105
4158.87533 19.028 0.103
4161.84330 18.977 0.110
4163.80945 19.042 0.093
4163.82618 19.074 0.096
4165.80755 19.060 0.150
4168.80086 19.035 0.101
4170.79671 18.856 0.155
4175.78733 18.895 0.098
4176.89869 19.114 0.081
4178.80243 19.025 0.086
4179.84679 19.248 0.097
4181.78315 18.854 0.081
4182.82815 19.083 0.077
4183.86427 19.119 0.102
4184.90489 19.169 0.084
4189.83630 18.858 0.102
4191.80518 19.109 0.129
4193.73955 18.966 0.133
4194.78508 19.475 0.141
4196.77521 18.979 0.106
4202.75669 19.068 0.089
4203.74471 18.992 0.064
4204.73698 20.152 0.233
4204.91930 18.973 0.069
4205.73353 19.156 0.096
4207.72299 18.981 0.085
4208.74507 19.028 0.087
4211.78923 18.864 0.090
4212.86641 18.522 0.077
4213.70960 19.023 0.112
4213.91318 19.701 0.143
4215.74231 18.941 0.093
4216.70011 18.934 0.092
4216.92447 18.860 0.083
4217.70755 19.069 0.080
4217.91117 19.085 0.077
4218.75716 18.989 0.102
4219.75533 19.241 0.110
4220.70006 18.878 0.093
4222.66603 18.916 0.116
4222.91352 19.090 0.105
4224.78224 18.965 0.089
4228.67769 18.936 0.079
4228.91127 19.197 0.135
4229.67133 19.919 0.223
4229.86831 18.900 0.084
4229.93550 18.904 0.098
4230.68107 18.965 0.081
4230.86912 19.090 0.105
4230.93399 18.572 0.094
4231.62340 19.013 0.101
4231.76761 19.212 0.100
4231.89179 19.080 0.107
4231.93490 18.981 0.110
4232.67545 19.240 0.150
4232.83648 18.568 0.092
4233.80725 19.287 0.150
4234.70891 19.786 0.185
4235.63696 18.892 0.084
4235.79816 19.099 0.084
4235.89058 19.130 0.099
4238.62283 18.491 0.095
4238.87527 19.306 0.136
4239.62372 19.259 0.127
4240.67695 19.027 0.080
4240.81133 18.995 0.092
4243.64276 19.037 0.100
4243.73547 18.833 0.093
4243.82923 19.996 0.254
4244.61516 19.130 0.143
4244.71136 19.264 0.098
4244.80419 18.904 0.092
4244.91602 19.010 0.100
4245.60820 18.824 0.079
4245.70212 19.003 0.068
4245.79797 18.969 0.073
4246.66654 18.999 0.094
4246.75941 19.057 0.109
4246.85272 18.935 0.093
4247.68174 19.082 0.091
4247.82259 18.952 0.084
4250.72988 19.008 0.098
4251.80147 18.558 0.117
4256.61760 18.982 0.102
4256.76362 18.884 0.104
4256.86143 18.531 0.103
4257.64927 18.892 0.098
4258.63292 18.788 0.097
4258.75541 19.303 0.126
4258.84951 19.083 0.122
4267.59350 18.994 0.101
4268.55670 19.100 0.117
4268.83957 19.084 0.105
4269.57593 19.456 0.137
4269.69646 19.006 0.080
4269.78570 19.065 0.081
4270.56946 18.905 0.084
4272.59781 19.009 0.075
4272.74695 19.047 0.083
4272.80620 19.007 0.082
4272.87774 19.124 0.140
4273.61494 18.700 0.093
4273.79560 20.128 0.318
4273.85674 18.950 0.118
4274.54757 18.967 0.104
4274.69991 18.864 0.088
4274.76248 18.939 0.095
4274.82088 19.196 0.124
4275.60002 18.904 0.076
4275.77537 18.906 0.096
4275.83384 19.241 0.152
4276.58481 18.837 0.085
4277.52860 19.175 0.146
4277.70549 19.121 0.099
4277.76419 18.839 0.099
4277.82283 18.697 0.103
4278.57236 18.839 0.110
4278.74964 19.609 0.199
4278.82870 18.675 0.104
4283.50801 18.952 0.112
4283.72834 19.291 0.158
4284.50297 19.070 0.116
4284.69312 18.932 0.095
4284.75590 18.980 0.096
4284.81484 18.923 0.109
4285.50605 18.945 0.128
4285.69418 19.021 0.113
4285.76062 18.950 0.085
4285.82594 19.037 0.117
4286.50575 18.885 0.102
4286.80293 19.218 0.150
4289.51356 19.065 0.129
4289.73212 18.815 0.089
4289.79724 19.083 0.104
4290.55988 18.685 0.085
4291.62250 19.259 0.097
4291.78520 18.695 0.092
4292.48816 19.208 0.099
4292.66732 19.055 0.096
4292.72592 19.046 0.080
4292.78445 19.114 0.084
4293.48847 19.013 0.087
4293.71307 19.697 0.162
4294.48765 19.059 0.092
4295.49476 18.963 0.085
4295.69278 18.901 0.068
4295.75137 19.076 0.077
4296.49173 18.923 0.083
4296.68443 18.979 0.077
4296.81270 18.800 0.091
4297.51134 19.066 0.102
4297.71294 19.167 0.092
4298.54621 18.838 0.094
4298.65195 18.974 0.091
4298.75155 19.370 0.154
4299.52924 19.871 0.172
4299.62223 19.196 0.090
4299.71442 18.977 0.082
4299.80517 18.813 0.096
4300.52491 18.929 0.080
4300.64499 18.909 0.072
4300.74051 19.009 0.087
4301.51578 18.984 0.078
4301.61155 18.995 0.072
4301.71129 18.992 0.085
4301.80251 19.095 0.087
4302.58876 18.951 0.090
4302.68896 19.008 0.102
4303.67480 19.017 0.113
4304.54890 20.064 0.292
4304.65959 18.334 0.084
4306.63285 19.273 0.126
4306.68565 19.052 0.114
4310.61207 18.830 0.097
4311.76074 18.879 0.142
4312.54435 18.971 0.115
4312.74280 19.100 0.103
4315.63534 18.858 0.102
4316.70852 19.120 0.115
4317.55659 19.043 0.083
4319.51385 19.916 0.239
4319.76870 18.827 0.091
4320.54067 18.879 0.078
4320.59554 18.741 0.078
4320.77207 18.880 0.113
4326.50790 18.956 0.093
4326.70510 18.903 0.104
4327.58629 18.815 0.103
4327.72759 18.872 0.110
4328.51309 18.758 0.088
4328.69113 19.476 0.168
4329.52309 19.186 0.120
4329.67097 18.891 0.098
4330.49401 18.919 0.088
4330.68727 19.051 0.091
4331.47409 18.928 0.129
4331.68295 18.678 0.089
4332.50388 19.025 0.083
4333.52495 18.852 0.091
4333.68609 19.927 0.231
4334.49833 19.262 0.318
4334.62657 18.865 0.218
4338.49820 18.977 0.104
4339.47556 19.880 0.291
4339.69197 18.980 0.131
4340.59585 19.002 0.104
4341.49886 18.871 0.115
4342.52808 18.912 0.091
4343.50688 19.107 0.083
4344.53510 18.811 0.101
4345.49997 18.988 0.079
4346.51297 18.957 0.094
4347.52770 18.843 0.088
4349.48892 19.233 0.137
4350.53598 18.860 0.078
4351.50187 19.071 0.092
4352.55243 18.568 0.084
4353.50579 19.112 0.097
4354.53451 19.173 0.100
4355.53613 18.938 0.089
4356.50250 18.929 0.090
4357.53158 18.802 0.100
4358.49461 18.774 0.104
4359.53217 18.919 0.092
4360.51960 18.624 0.089
4361.56492 18.774 0.118
4362.50666 19.056 0.124
4365.55748 18.529 0.096
4367.48358 18.792 0.088
4368.52723 18.913 0.118
4369.60659 18.871 0.136
4370.48450 19.040 0.124
4371.52966 19.062 0.099
4372.51542 19.090 0.087
4373.48991 18.745 0.100
4376.56630 18.598 0.088
4377.60358 19.022 0.121
4378.51410 19.008 0.101
4379.52915 18.967 0.122
4380.54064 18.946 0.089
4381.51930 18.635 0.100
4382.56131 18.896 0.101
4383.55241 20.380 0.421
4384.52658 18.914 0.105
4387.58054 18.990 0.112
4393.52643 19.537 0.171
4394.54178 19.082 0.117
4395.51318 18.807 0.103
4396.50517 18.823 0.119
4397.52950 18.894 0.107
4398.53441 20.033 0.310
4399.52707 18.945 0.127
4400.52917 18.929 0.146
4402.54558 18.449 0.088
4403.54462 19.360 0.185
4407.52056 18.872 0.127
4507.85096 18.959 0.114
4510.85622 19.263 0.141
4513.85736 19.012 0.080
4517.85647 18.744 0.126
4519.87741 19.165 0.098
4522.87132 19.321 0.144
4524.80722 19.099 0.109
4530.81482 19.748 0.138
4533.84845 19.171 0.106
4535.80187 19.609 0.187
4536.89110 18.920 0.073
4537.87675 19.249 0.087
4538.81187 18.902 0.086
4539.84992 18.888 0.079
4540.79607 19.850 0.152
4541.78880 18.915 0.066
4542.78349 18.787 0.094
4543.77903 19.156 0.101
4544.77593 18.929 0.097
4545.78221 19.798 0.177
4546.78936 18.928 0.092
4547.78333 18.935 0.084
4548.79431 19.015 0.113
4550.73734 20.053 0.317
4551.76054 18.771 0.073
4552.75644 18.755 0.141
4556.75256 19.058 0.078
4557.76983 19.189 0.104
4558.74677 18.904 0.068
4558.91653 19.138 0.085
4559.74466 19.023 0.076
4560.74477 20.335 0.299
4561.73482 18.985 0.085
4561.92101 18.919 0.079
4564.72502 19.120 0.086
4564.92553 19.538 0.152
4565.72309 20.738 0.304
4565.91395 19.054 0.058
4566.72257 19.077 0.086
4566.91943 18.976 0.062
4567.71554 19.217 0.109
4567.92144 19.027 0.080
4568.72145 18.750 0.074
4569.73047 19.133 0.120
4570.72389 20.608 0.430
4571.71852 18.725 0.097
4571.90711 18.946 0.071
4572.74601 19.290 0.106
4573.73441 19.027 0.082
4573.90077 19.131 0.074
4574.73680 18.863 0.094
4575.74229 19.263 0.103
4576.75240 19.023 0.080
4577.83408 19.225 0.103
4578.78513 18.448 0.085
4579.86203 20.318 0.466
4583.72884 19.093 0.114
4583.91498 19.081 0.092
4585.75258 19.214 0.129
4586.77776 19.075 0.101
4587.76544 19.200 0.111
4587.92403 18.510 0.079
4588.68795 19.002 0.094
4588.91884 18.999 0.079
4589.67089 19.018 0.092
4589.82630 19.407 0.126
4589.88829 19.296 0.124
4590.89615 18.994 0.081
4591.70215 19.130 0.106
4591.82705 18.947 0.078
4591.89416 19.029 0.093
4592.66075 19.093 0.104
4592.85004 18.633 0.074
4592.92836 18.991 0.105
4593.64992 19.096 0.109
4593.85961 19.136 0.088
4593.94178 18.841 0.144
4594.67097 18.969 0.099
4594.86596 19.839 0.182
4594.93148 18.996 0.094
4595.66048 20.759 0.445
4595.85485 19.089 0.090
4595.91674 18.970 0.089
4596.65567 19.073 0.095
4597.68013 19.191 0.102
4597.87164 19.023 0.090
4598.65642 18.994 0.062
4598.92509 19.081 0.092
4599.62885 18.773 0.094
4599.91943 18.888 0.094
4600.63812 19.924 0.155
4600.84684 19.088 0.074
4601.64370 18.941 0.073
4601.85993 19.101 0.073
4601.92178 19.258 0.115
4602.63634 18.985 0.070
4602.84575 18.971 0.070
4603.76378 19.078 0.102
4606.63762 19.075 0.098
4606.88897 19.370 0.135
4610.73377 19.243 0.092
4610.94100 19.187 0.142
4611.62311 18.881 0.102
4611.81395 19.071 0.078
4612.64448 18.870 0.107
4615.78621 19.029 0.098
4616.59523 18.889 0.100
4616.81174 18.945 0.077
4616.88170 19.318 0.126
4617.66147 18.904 0.077
4618.60696 18.771 0.075
4621.73592 19.117 0.067
4622.80539 18.980 0.084
4622.90685 18.810 0.105
4623.64076 18.402 0.074
4623.86454 18.880 0.109
4624.58447 18.983 0.098
4624.80866 19.445 0.153
4624.87501 19.174 0.106
4625.59857 19.680 0.202
4625.78893 18.862 0.093
4625.90369 18.549 0.091
4626.59709 18.745 0.085
4626.85240 18.838 0.104
4627.55754 19.140 0.099
4627.82975 19.031 0.074
4627.91410 19.127 0.093
4628.54325 19.027 0.099
4628.75111 18.910 0.079
4628.81654 18.761 0.079
4628.88643 19.389 0.134
4629.62222 18.821 0.068
4629.82486 19.390 0.125
4629.90286 18.979 0.103
4630.55817 19.403 0.151
4630.76401 19.059 0.076
4630.84735 19.145 0.096
4630.91014 18.695 0.090
4631.55957 19.116 0.079
4631.77533 19.136 0.081
4631.86199 19.252 0.122
4632.56335 19.230 0.105
4632.85009 18.978 0.092
4633.56332 19.194 0.103
4633.67486 19.146 0.092
4633.79060 18.999 0.099
4638.74837 18.842 0.083
4638.85858 19.160 0.131
4639.57093 18.915 0.101
4639.66871 19.187 0.102
4640.59044 20.213 0.252
4640.72261 19.158 0.090
4640.82762 18.935 0.104
4641.66443 19.091 0.083
4641.77439 19.207 0.109
4642.58832 19.101 0.099
4642.75085 18.892 0.090
4642.82592 18.902 0.100
4643.54611 19.061 0.117
4644.59349 18.813 0.091
4644.84970 18.852 0.074
4645.51655 18.975 0.102
4645.76503 19.019 0.095
4645.83977 19.048 0.118
4646.51461 19.013 0.087
4646.84700 19.134 0.117
4647.51098 19.285 0.132
4647.73402 18.597 0.071
4647.84504 18.966 0.109
4648.49412 19.232 0.138
4648.70775 18.763 0.072
4648.81164 18.873 0.093
4649.52021 18.942 0.103
4649.72891 20.022 0.193
4649.85532 19.137 0.127
4650.50620 19.180 0.125
4650.77012 18.983 0.090
4650.86381 18.959 0.114
4651.50953 19.103 0.136
4651.80468 19.220 0.127
4652.50059 19.022 0.106
4652.71373 19.093 0.088
4652.78861 19.159 0.103
4652.83834 18.915 0.105
4653.49694 18.873 0.117
4653.71612 18.832 0.083
4653.78129 19.027 0.121
4654.53574 18.882 0.100
4654.74719 19.690 0.167
4654.81232 18.944 0.129
4655.49681 19.246 0.143
4655.72130 19.081 0.075
4655.78309 19.102 0.095
4656.49875 19.000 0.072
4656.68849 18.839 0.074
4656.80777 19.415 0.162
4657.72310 18.909 0.095
4658.65708 18.837 0.087
4659.59119 18.553 0.084
4660.60952 19.449 0.147
4661.48681 19.141 0.114
4661.68750 19.057 0.108
4661.74898 18.985 0.109
4661.81617 19.120 0.128
4665.65426 18.920 0.109
4666.55968 19.099 0.112
4666.70276 18.967 0.093
4666.74491 19.083 0.115
4667.57123 18.717 0.098
4670.64440 18.758 0.081
4671.57992 19.167 0.103
4672.50540 18.987 0.075
4672.69790 19.034 0.086
4672.72018 19.085 0.092
4674.50853 19.004 0.109
4674.70164 19.770 0.181
4674.74093 19.234 0.135
4675.67582 19.004 0.079
4677.48511 19.076 0.090
4677.63144 18.937 0.089
4677.77402 18.822 0.086
4678.68853 19.019 0.085
4679.49073 18.830 0.108
4681.52651 19.052 0.090
4681.62653 19.113 0.093
4681.75875 19.088 0.106
4682.49752 18.994 0.087
4682.65485 18.970 0.084
4682.75007 19.013 0.092
4683.51604 18.803 0.101
4683.70294 19.019 0.098
4684.50859 19.058 0.092
4684.72229 19.291 0.116
4685.49352 19.800 0.249
4685.51327 19.919 0.258
4685.57035 18.975 0.089
4685.60439 19.065 0.080
4685.65929 18.995 0.080
4685.72849 19.131 0.105
4686.49730 18.877 0.089
4686.70129 18.741 0.084
4687.48106 18.963 0.094
4687.73655 19.096 0.115
4688.49398 19.001 0.102
4688.68381 19.088 0.089
4688.74562 19.182 0.125
4693.54156 19.078 0.083
4694.53679 18.395 0.079
4697.49745 19.030 0.091
4698.50297 19.017 0.086
4699.49911 19.119 0.103
4700.50538 19.726 0.151
4701.50066 19.003 0.095
4702.49919 19.211 0.099
4703.56967 19.011 0.083
4704.63945 20.413 0.295
4705.50288 19.360 0.123
4708.53608 19.120 0.108
4709.51218 18.771 0.105
4710.54181 18.885 0.076
4711.52116 18.918 0.087
4715.58116 18.901 0.102
4716.58355 18.957 0.125
4720.55070 18.883 0.091
4721.48225 18.720 0.108
4722.51479 19.149 0.096
4724.50459 18.940 0.103
4725.48288 18.869 0.114
4726.54431 18.503 0.085
4728.58944 18.669 0.097
4729.54492 19.070 0.125
4730.56128 19.093 0.094
4731.56818 18.950 0.098
4733.51988 19.058 0.103
4734.54926 19.262 0.134
4737.54014 19.168 0.111
4740.55065 19.004 0.115
4741.55834 18.901 0.087
4743.53330 18.744 0.080
4753.54423 18.882 0.113
4756.52306 18.676 0.090
4758.50588 18.722 0.090
4868.87629 19.049 0.087
4869.86015 18.894 0.090
4873.84898 18.996 0.098
4877.84329 18.862 0.080
4883.84531 19.170 0.113
4884.85082 19.121 0.083
4886.89396 18.834 0.085
4890.87888 19.066 0.075
4896.86714 18.913 0.080
4899.83804 18.903 0.077
4900.87949 19.179 0.105
4901.87787 19.030 0.075
4902.87659 18.985 0.070
4904.80068 18.883 0.075
4905.90466 19.560 0.153
4910.82642 18.990 0.084
4911.77720 19.758 0.132
4912.77411 19.051 0.064
4914.79119 18.796 0.075
4917.75222 19.093 0.077
4920.73252 18.931 0.068
4924.77358 18.912 0.069
4925.81352 19.096 0.071
4925.90056 20.113 0.152
4927.70715 18.551 0.089
4927.86768 18.820 0.080
4928.72968 18.868 0.089
4929.78595 18.992 0.071
4930.70045 19.023 0.110
4930.81938 18.996 0.089
4931.71528 20.353 0.387
4931.86095 18.912 0.080
4932.71834 19.027 0.099
4932.78452 18.962 0.074
4932.81901 19.034 0.073
4933.76667 19.277 0.137
4934.76507 18.860 0.162
4934.83033 18.896 0.112
4938.67566 19.033 0.107
4938.88031 18.848 0.077
4939.69457 19.066 0.102
4940.69457 18.858 0.078
4941.67332 19.473 0.154
4941.77132 18.939 0.079
4942.71109 18.873 0.075
4943.66516 18.868 0.086
4943.80465 18.939 0.073
4944.66197 19.194 0.101
4944.81741 18.958 0.064
4945.71042 19.030 0.077
4945.76687 19.065 0.062
4946.66009 19.597 0.164
4947.65375 19.198 0.092
4947.85169 19.008 0.068
4948.83430 19.111 0.073
4949.78240 19.007 0.077
4951.64246 19.385 0.152
4952.64068 18.939 0.093
4953.63432 19.023 0.102
4953.80888 18.907 0.072
4954.63584 18.805 0.087
4954.82871 18.755 0.064
4955.76991 18.992 0.096
