2125.58780 16.477 0.008
2129.66646 16.481 0.007
2132.60906 16.481 0.007
2135.74728 16.507 0.007
2144.59599 16.489 0.007
2160.57967 16.610 0.008
2187.55491 16.478 0.007
2206.54888 16.459 0.010
2355.86491 16.487 0.007
2365.78408 16.492 0.007
2372.82316 16.484 0.007
2403.87819 16.472 0.007
2414.76435 16.467 0.007
2416.79676 16.481 0.007
2424.89210 16.511 0.010
2428.79162 16.487 0.007
2432.83606 16.470 0.007
2434.70195 16.474 0.007
2436.75801 16.494 0.007
2438.72784 16.476 0.007
2440.76779 16.478 0.007
2443.72931 16.514 0.007
2445.61034 16.512 0.007
2448.61039 16.486 0.009
2453.85611 16.465 0.007
2456.56396 16.487 0.008
2458.69994 16.487 0.007
2460.77461 16.568 0.009
2463.52154 16.495 0.007
2466.73718 16.490 0.007
2468.60655 16.487 0.007
2470.60992 16.497 0.007
2484.60176 16.472 0.008
2490.66109 16.488 0.008
2493.62325 16.482 0.007
2495.69464 16.491 0.007
2498.48806 16.476 0.007
2500.52349 16.496 0.007
2502.54556 16.492 0.007
2508.64490 16.481 0.008
2512.59233 16.499 0.007
2517.63422 16.487 0.007
2520.56102 16.489 0.007
2526.65005 16.481 0.007
2542.49704 16.489 0.009
2547.57103 16.474 0.007
2551.60317 16.492 0.008
2556.55538 16.513 0.008
2564.51256 16.502 0.008
2575.51111 16.493 0.008
2706.90121 16.506 0.007
2714.88143 16.493 0.007
2728.91238 16.490 0.007
2733.89355 16.490 0.007
2744.88015 16.481 0.007
2753.86585 16.489 0.007
2756.93642 16.502 0.008
2760.87941 16.495 0.007
2766.93254 16.486 0.007
2770.80483 16.476 0.007
2783.74799 16.492 0.007
2785.85998 16.475 0.008
2786.91335 16.492 0.007
2789.72452 16.496 0.007
2791.70475 16.509 0.007
2794.92371 16.564 0.008
2796.79062 16.499 0.007
2809.69682 16.490 0.007
2810.86369 16.486 0.007
2811.89680 16.484 0.009
2813.69226 16.559 0.007
2814.72009 16.484 0.007
2814.72680 16.493 0.007
2814.74979 16.492 0.007
2814.77893 16.474 0.007
2814.80593 16.501 0.007
2814.84491 16.490 0.007
2814.87019 16.484 0.007
2814.89600 16.502 0.008
2815.53343 16.490 0.008
2816.57757 16.487 0.007
2818.56507 16.485 0.007
2820.73019 16.492 0.007
2826.73064 16.498 0.007
2834.77180 16.416 0.016
2837.60891 16.491 0.008
2839.65721 16.502 0.008
2841.68637 16.494 0.007
2843.60551 16.549 0.007
2845.63482 16.498 0.007
2850.49557 16.497 0.007
2852.51229 16.480 0.007
2854.51229 16.498 0.007
2856.69505 16.484 0.008
2858.66040 16.586 0.007
2862.58699 16.486 0.009
2865.69628 16.518 0.007
2868.57610 16.490 0.007
2871.68368 16.496 0.007
2876.56694 16.485 0.007
2879.61107 16.490 0.007
2885.50873 16.483 0.008
2894.61380 16.478 0.007
2898.59867 16.480 0.007
2904.57146 16.519 0.008
2909.56670 16.499 0.008
2917.60590 16.489 0.008
2930.54848 16.506 0.007
3134.86398 16.493 0.008
