2124.50043 16.850 0.011
2128.52512 16.908 0.007
2131.52451 16.850 0.008
2135.49563 16.868 0.008
2138.49911 16.892 0.010
2142.50069 16.902 0.010
2166.63943 16.819 0.010
2171.61363 16.845 0.010
2193.57166 16.870 0.011
2345.84918 16.847 0.008
2356.84233 16.832 0.008
2369.87931 16.846 0.008
2379.78980 16.838 0.010
2385.79730 16.937 0.009
2389.80039 16.848 0.009
2396.84533 16.848 0.009
2401.88957 16.908 0.010
2403.69743 16.865 0.008
2405.91557 16.866 0.009
2411.69183 16.820 0.009
2426.61898 16.850 0.010
2432.61584 16.931 0.011
2434.86293 16.878 0.011
2436.85559 16.908 0.011
2438.85959 16.928 0.010
2439.76757 16.906 0.008
2439.78572 16.911 0.008
2441.89321 16.974 0.011
2443.73610 16.911 0.010
2445.86576 16.922 0.010
2453.68163 16.853 0.011
2456.57303 16.842 0.011
2458.66053 16.865 0.008
2462.53167 16.869 0.009
2463.73986 16.850 0.007
2464.56176 16.935 0.010
2465.51727 16.845 0.009
2466.50528 16.906 0.009
2467.53979 16.843 0.008
2468.64555 16.909 0.008
2469.80510 16.848 0.009
2471.49534 16.840 0.009
2473.74492 16.834 0.010
2484.51999 16.830 0.011
2489.64243 16.949 0.008
2492.59517 16.821 0.010
2494.64260 16.904 0.009
2496.70429 16.821 0.010
2499.47923 16.828 0.009
2501.51152 16.906 0.010
2516.54779 16.896 0.010
2519.54619 16.845 0.008
2524.59111 16.928 0.009
2528.53671 16.888 0.010
2539.53986 16.865 0.010
2545.50220 16.839 0.011
2554.49378 16.829 0.011
2560.54313 16.828 0.014
2710.90653 16.838 0.008
2725.90095 16.925 0.010
2731.84021 16.913 0.008
2747.89955 16.825 0.010
2758.87748 16.879 0.012
2764.88641 16.839 0.010
2769.70436 16.911 0.009
2783.67664 16.915 0.008
2785.61370 16.846 0.009
2787.67081 16.861 0.009
2789.87338 16.838 0.008
2791.85861 16.852 0.010
2793.91672 16.870 0.012
2795.90892 16.824 0.010
2796.90851 16.932 0.009
2797.81547 16.908 0.008
2809.60838 16.811 0.008
2811.59737 16.840 0.012
2813.54039 16.855 0.012
2815.55032 16.839 0.010
2817.59035 16.918 0.011
2819.68128 16.859 0.008
2821.75533 16.845 0.010
2830.54096 16.899 0.012
2834.61455 16.924 0.010
2836.57199 16.879 0.010
2838.58465 16.899 0.011
2840.59974 16.838 0.008
2842.49667 16.873 0.009
2844.55514 16.858 0.008
2847.60028 16.838 0.011
2851.47489 16.892 0.009
2853.48000 16.921 0.010
2855.57643 16.892 0.011
2857.66191 16.823 0.009
2860.53975 16.804 0.012
2861.52444 16.931 0.010
2864.59221 16.910 0.012
2867.50853 16.876 0.011
2867.52530 16.833 0.009
2870.58550 16.821 0.009
2876.50303 16.827 0.009
2882.53144 16.908 0.008
2885.58282 16.879 0.012
2888.64683 16.877 0.016
2894.50223 16.897 0.010
2897.60358 16.871 0.010
2902.64449 16.818 0.013
2907.64011 16.838 0.012
2915.56695 16.840 0.018
2923.55527 16.905 0.011
2934.53876 16.899 0.013
3054.88094 16.825 0.009
