2127.48372 18.294 0.062
2130.51658 18.492 0.045
2133.53070 18.330 0.041
2136.65193 18.400 0.053
2141.64265 18.469 0.062
2165.56515 18.315 0.047
2171.63213 18.453 0.058
2179.52248 18.333 0.053
2189.51751 18.538 0.071
2212.54338 18.290 0.067
2214.50068 18.404 0.081
2337.82997 18.363 0.046
2352.84748 18.264 0.042
2361.84191 18.242 0.044
2373.79666 18.245 0.053
2464.77885 18.482 0.047
2708.91043 18.342 0.056
2850.64252 18.345 0.041
2858.76983 18.377 0.065
3059.85868 18.336 0.048
3064.87381 18.234 0.041
3068.82717 18.303 0.046
3071.87963 18.429 0.049
3073.89077 18.332 0.041
3075.90096 18.273 0.042
3080.81417 18.291 0.043
3083.76629 18.495 0.043
3085.88864 18.362 0.036
3087.79057 18.286 0.043
3089.83997 18.419 0.035
3091.89219 18.306 0.038
3097.82050 18.335 0.041
3099.90328 18.329 0.043
3101.80843 18.275 0.045
3102.90314 18.283 0.043
3104.75879 18.520 0.156
3106.90098 18.219 0.047
3107.89148 18.303 0.036
3109.82913 18.269 0.036
3110.92206 18.386 0.050
3112.89742 18.335 0.038
3113.90515 18.366 0.040
3114.83550 18.275 0.035
3115.89594 18.256 0.034
3116.87718 18.213 0.040
3124.77293 18.368 0.065
3126.70756 18.292 0.036
3127.88606 18.339 0.045
3128.87379 18.253 0.053
3130.75282 18.320 0.049
3131.71918 18.270 0.052
3134.88818 18.294 0.070
3137.77334 18.199 0.043
3138.65892 18.311 0.046
3138.76523 18.401 0.046
3138.86083 18.246 0.040
3138.92212 18.371 0.048
3139.65081 18.329 0.048
3139.72308 18.346 0.037
3139.82511 18.434 0.040
3139.85380 18.250 0.036
3139.87181 18.275 0.037
3139.91800 18.252 0.039
3140.61465 18.426 0.062
3140.71114 18.283 0.042
3140.81002 18.355 0.042
3140.86299 18.379 0.050
3140.92093 18.238 0.044
3141.65440 18.366 0.058
3141.74555 18.274 0.041
3141.82184 18.264 0.040
3142.61402 18.302 0.047
3142.80312 18.251 0.036
3142.89391 18.345 0.046
3144.64980 18.393 0.053
3144.89242 18.254 0.042
3145.67064 18.401 0.052
3146.63625 18.263 0.051
3146.90256 18.418 0.044
3147.68884 18.335 0.042
3151.81189 18.316 0.051
3151.88768 18.308 0.051
3152.81286 18.287 0.044
3153.81151 18.421 0.053
3154.89910 18.284 0.060
3156.86776 18.350 0.048
3157.90984 18.254 0.052
3158.89055 18.313 0.060
3162.84920 18.320 0.045
3163.80829 18.386 0.040
3164.79704 18.293 0.039
3165.71404 18.398 0.035
3167.65941 18.359 0.054
3168.86152 18.414 0.046
3169.83244 18.346 0.063
3170.64576 18.201 0.034
3171.78382 18.470 0.035
3171.90940 18.229 0.045
3172.80814 18.344 0.038
3173.85017 18.343 0.060
3174.76463 18.345 0.037
3175.78646 18.368 0.037
3175.87491 18.336 0.051
3177.82167 18.343 0.056
3179.55996 18.330 0.042
3180.77976 18.431 0.037
3182.83984 18.432 0.046
3183.79889 18.294 0.053
3184.75339 18.434 0.046
3185.68486 18.288 0.039
3193.60366 18.327 0.033
3194.55414 18.486 0.059
3194.79661 18.477 0.048
3195.55376 18.330 0.038
3196.74726 18.280 0.047
3197.57791 18.250 0.037
3199.68577 18.294 0.038
3201.54826 18.301 0.037
3202.67697 18.394 0.044
3203.59102 18.350 0.034
3204.63493 18.321 0.035
3205.71597 18.288 0.034
3206.77747 18.274 0.060
3210.50800 18.360 0.051
3211.66314 18.273 0.048
3217.70401 18.281 0.046
3218.70306 18.233 0.059
3223.70703 18.247 0.057
3224.75157 18.328 0.056
3226.68244 18.315 0.059
3228.65289 18.458 0.058
3230.72274 18.435 0.048
3231.62613 18.384 0.067
3232.65967 18.367 0.054
3238.67438 18.299 0.052
3240.52354 18.379 0.046
3245.61044 18.227 0.060
3247.49746 18.295 0.045
3249.60378 18.244 0.049
3251.51479 18.219 0.049
3254.59591 18.411 0.057
3257.50900 18.421 0.039
3260.54520 18.255 0.060
3265.53066 18.312 0.051
3267.58134 18.318 0.046
3274.53820 18.371 0.055
3277.55330 18.405 0.051
3280.55212 18.370 0.053
3282.53917 18.527 0.045
3289.51314 18.496 0.064
3294.50412 18.617 0.072
3296.54380 18.273 0.033
3302.50352 18.391 0.071
3418.89539 18.357 0.046
3423.86902 18.436 0.041
3427.87355 18.451 0.047
3429.90177 18.419 0.061
3436.85883 18.409 0.058
3443.81409 18.323 0.036
3445.85712 18.393 0.036
3447.90559 18.465 0.052
3450.78518 18.332 0.036
3453.82500 18.335 0.043
3455.89057 18.441 0.051
3456.91483 18.337 0.037
3457.88784 18.243 0.037
3459.87881 18.332 0.040
3468.92918 18.321 0.052
3470.92030 18.488 0.046
3472.84963 18.352 0.035
3473.91172 18.303 0.045
3474.91810 18.323 0.043
3475.90926 18.380 0.036
3477.92885 18.313 0.048
3478.71998 18.364 0.045
3479.79558 18.246 0.030
3480.93058 18.361 0.043
3482.93174 18.325 0.043
3496.78330 18.376 0.046
3497.88457 18.370 0.046
3499.84727 18.261 0.032
3500.86468 18.364 0.037
3502.68209 18.435 0.041
3503.83314 18.170 0.032
3506.79527 18.289 0.054
3508.89674 18.390 0.062
3509.69489 18.233 0.041
3510.94204 18.311 0.044
3511.87399 18.422 0.044
3512.88583 18.245 0.046
3517.77138 18.427 0.057
3520.88303 18.406 0.050
3521.69875 18.291 0.035
3522.80436 18.268 0.041
3523.83854 18.349 0.039
3524.84350 18.284 0.041
3525.91402 18.421 0.050
3528.61734 18.467 0.045
3530.83702 18.195 0.027
3538.73052 18.305 0.036
3540.78683 18.273 0.037
3544.80082 18.244 0.044
3547.79683 18.341 0.053
3550.81354 18.274 0.036
3551.80491 18.476 0.055
3552.82399 18.324 0.048
3553.81055 18.314 0.069
3554.82925 18.225 0.050
3555.81940 18.283 0.052
3556.72777 18.359 0.050
3558.61176 18.330 0.036
3559.62016 18.319 0.035
3560.66206 18.309 0.030
3561.59797 18.306 0.037
3562.65060 18.334 0.038
3563.70269 18.336 0.039
3564.53708 18.426 0.063
3573.75373 18.460 0.056
3574.74668 18.365 0.046
3575.68847 18.347 0.035
3576.75493 18.227 0.041
3577.79284 18.301 0.049
3578.72953 18.300 0.037
3579.67490 18.297 0.034
3580.71449 18.239 0.042
3581.72768 18.414 0.047
3582.67667 18.338 0.033
3583.69476 18.301 0.041
3584.69876 18.356 0.037
3585.69696 18.448 0.036
3586.75142 18.356 0.036
3588.77305 18.268 0.047
3589.74068 18.374 0.049
3590.73693 18.425 0.044
3591.71208 18.362 0.034
3592.74533 18.368 0.045
3601.71317 18.361 0.049
3602.71360 18.198 0.052
3603.70860 18.443 0.056
3607.69239 18.431 0.051
3609.52020 18.500 0.052
3615.63888 18.418 0.045
3617.66806 18.502 0.050
3619.60109 18.343 0.038
3621.60344 18.409 0.045
3628.66797 18.205 0.064
3629.52620 18.284 0.034
3631.62695 18.320 0.055
3633.55351 18.455 0.068
3634.63257 18.553 0.071
3637.53797 18.410 0.067
3637.54630 18.392 0.068
3637.55521 18.469 0.075
3637.58073 18.561 0.067
3637.60643 18.292 0.049
3637.63416 18.243 0.058
3639.48299 18.328 0.035
3639.50322 18.300 0.031
3639.59053 18.429 0.038
3640.51445 18.300 0.049
3640.56972 18.307 0.042
3644.58990 18.294 0.044
3649.56328 18.281 0.043
3652.54052 18.413 0.092
3655.57638 18.324 0.054
3664.55369 18.356 0.048
3668.53896 18.339 0.062
3676.51789 18.223 0.049
3777.87839 18.302 0.043
3783.86469 18.476 0.039
3785.88023 18.276 0.037
3788.86381 18.318 0.048
3791.83130 18.329 0.056
3793.87348 18.312 0.039
3795.86089 18.223 0.048
3798.82410 18.306 0.040
3799.84830 18.341 0.050
3800.84321 18.277 0.050
3801.90268 18.277 0.044
3802.86825 18.396 0.044
3803.90357 18.392 0.045
3805.82004 18.451 0.048
3806.78626 18.276 0.049
3807.80537 18.163 0.044
3808.81306 18.299 0.041
3809.89814 18.302 0.038
3810.86474 18.305 0.041
3811.85633 18.370 0.042
3812.85244 18.285 0.054
3813.84541 18.291 0.037
3813.85162 18.256 0.039
3813.86604 18.242 0.037
3813.91224 18.318 0.046
3814.74934 18.316 0.052
3814.79535 18.459 0.048
3814.82139 18.431 0.044
3814.84429 18.296 0.039
3814.87353 18.206 0.040
3814.91464 18.275 0.050
3815.74872 18.098 0.090
3815.78488 18.260 0.045
3815.80052 18.357 0.043
3815.81848 18.411 0.043
3815.82925 18.321 0.037
3815.84021 18.403 0.042
3815.85835 18.445 0.040
3815.87591 18.384 0.036
3815.88659 18.334 0.034
3815.90810 18.231 0.036
3815.91447 18.324 0.042
3817.79800 18.341 0.048
3817.82302 18.230 0.042
3817.87754 18.267 0.038
3817.91638 18.395 0.052
3818.75286 18.355 0.045
3818.82500 18.280 0.036
3818.91703 18.156 0.042
3819.82551 18.438 0.039
3820.78928 18.301 0.033
3821.79243 18.289 0.038
3822.83181 18.237 0.034
3823.79196 18.413 0.042
3824.75820 18.280 0.047
3825.82312 18.222 0.039
3826.75158 18.304 0.037
3827.81932 18.344 0.036
3828.79401 18.405 0.059
3829.77615 18.270 0.045
3830.75717 18.262 0.037
3832.76307 18.418 0.040
3833.77622 18.373 0.037
3834.76196 18.329 0.037
3835.75106 18.348 0.043
3836.78212 18.347 0.043
3837.74950 18.401 0.050
3837.92567 18.188 0.037
3838.76122 18.176 0.051
3839.75701 18.254 0.043
3840.72303 18.507 0.059
3840.92810 18.278 0.044
3841.76156 18.432 0.048
3841.91225 18.249 0.039
3842.86736 18.344 0.039
3845.73712 18.457 0.103
3845.93015 18.468 0.069
3846.74783 18.301 0.037
3847.81749 18.337 0.056
3848.76886 18.272 0.039
3849.76798 18.329 0.040
3850.71268 18.332 0.040
3850.88643 18.369 0.046
3851.72726 18.308 0.043
3851.89209 18.201 0.040
3852.71580 18.288 0.038
3852.89807 18.404 0.050
3853.70417 18.422 0.037
3853.87245 18.436 0.034
3856.69422 18.214 0.038
3856.86157 18.337 0.034
3857.93190 18.242 0.043
3858.78056 18.240 0.040
3859.83294 18.317 0.041
3859.84861 18.340 0.038
3860.68830 18.243 0.044
3860.92712 18.247 0.041
3861.68639 18.506 0.051
3861.78997 18.341 0.035
3862.72309 18.385 0.039
3862.88206 18.417 0.039
3863.65711 18.302 0.053
3863.87795 18.208 0.030
3864.69405 18.362 0.042
3864.88418 18.258 0.030
3865.70487 18.275 0.040
3865.84166 18.391 0.041
3865.91832 18.320 0.034
3866.70329 18.356 0.038
3866.84284 18.337 0.039
3866.92176 18.278 0.032
3867.64612 18.285 0.045
3867.83389 18.280 0.042
3867.90491 18.408 0.043
3868.72921 18.416 0.052
3868.88092 18.285 0.048
3869.70989 18.201 0.041
3869.89015 18.301 0.046
3872.93474 18.324 0.058
3873.66266 18.317 0.041
3873.80540 18.311 0.034
3873.87738 18.214 0.037
3874.76108 18.408 0.047
3875.67474 18.335 0.032
3875.83061 18.409 0.037
3875.92110 18.276 0.036
3876.65198 18.395 0.043
3877.65011 18.250 0.035
3877.80142 18.283 0.031
3877.87533 18.272 0.036
3880.64084 18.408 0.037
3880.85098 18.375 0.047
3880.92979 18.278 0.048
3881.68024 18.413 0.039
3881.89165 18.367 0.037
3882.59219 18.372 0.053
3882.76850 18.393 0.044
3882.84271 18.234 0.035
3882.91151 18.334 0.035
3883.65791 18.377 0.039
3883.88226 18.240 0.035
3886.61997 18.274 0.040
3886.81275 18.330 0.034
3886.88461 18.220 0.040
3887.59329 18.341 0.046
3887.79590 18.263 0.035
3887.89547 18.347 0.052
3889.67574 18.352 0.035
3890.66668 18.363 0.037
3891.68542 18.367 0.044
3891.81360 18.331 0.036
3891.89559 18.317 0.043
3892.61059 18.399 0.061
3893.64205 18.434 0.047
3893.88666 18.337 0.053
3894.68954 18.362 0.049
3896.63024 18.329 0.057
3900.54850 18.227 0.065
3900.73491 18.445 0.044
3900.81360 18.271 0.040
3900.88220 18.417 0.053
3901.55869 18.512 0.070
3901.74017 18.388 0.050
3901.81727 18.279 0.047
3901.88617 18.319 0.050
3902.58287 18.661 0.058
3902.76081 18.326 0.038
3902.88365 18.228 0.048
3903.67245 18.345 0.040
3904.56967 18.333 0.036
3904.73280 18.334 0.035
3904.80176 18.295 0.034
3904.90390 18.383 0.050
3905.56639 18.357 0.038
3905.81314 18.253 0.030
3905.88173 18.357 0.041
3906.58092 18.383 0.047
3906.72157 18.296 0.036
3906.79741 18.409 0.042
3906.87699 18.161 0.044
3907.61167 18.405 0.044
3907.80629 18.364 0.058
3907.87904 18.274 0.059
3908.54786 18.360 0.045
3908.73356 18.326 0.041
3908.81349 18.388 0.041
3908.89663 18.385 0.049
3909.54973 18.399 0.048
3909.73237 18.378 0.032
3909.82290 18.294 0.038
3910.60177 18.320 0.036
3912.54883 18.344 0.032
3912.73614 18.234 0.028
3912.83008 18.390 0.036
3913.54032 18.352 0.036
3913.74577 18.347 0.038
3913.83462 18.348 0.033
3914.56407 18.259 0.043
3915.54178 18.404 0.046
3915.74380 18.360 0.036
3915.84201 18.286 0.046
3916.58050 18.413 0.056
3916.82442 18.517 0.050
3917.63564 18.430 0.048
3917.83505 18.432 0.058
3918.62263 18.301 0.037
3918.83275 18.283 0.053
3919.56084 18.486 0.067
3919.77943 18.494 0.042
3920.52720 18.269 0.042
3920.72323 18.224 0.040
3920.80866 18.398 0.035
3921.52334 18.296 0.045
3921.73714 18.222 0.055
3922.72704 18.339 0.053
3930.57148 18.439 0.048
3930.80489 18.518 0.070
3931.51594 18.300 0.046
3932.54352 18.218 0.039
3932.82028 18.369 0.055
3933.52993 18.443 0.043
3933.71438 18.335 0.034
3933.78645 18.441 0.050
3934.50390 18.219 0.039
3934.67474 18.330 0.035
3934.74371 18.400 0.040
3935.55371 18.269 0.041
3935.72511 18.323 0.046
3935.82260 18.468 0.050
3936.50714 18.440 0.054
3936.67263 18.500 0.047
3936.74901 18.264 0.046
3937.57534 18.329 0.049
3938.51484 18.390 0.061
3938.70990 18.327 0.043
3940.60282 18.329 0.033
3941.74069 18.327 0.054
3944.56744 18.421 0.036
3944.76783 18.266 0.046
3946.52662 18.398 0.056
3946.71884 18.536 0.065
3950.53519 18.297 0.032
3950.75770 18.306 0.047
3951.53447 18.470 0.052
3956.58116 18.275 0.062
3957.51950 18.273 0.051
3958.59133 18.424 0.048
3959.53477 18.404 0.046
3959.69754 18.349 0.052
3960.51232 18.467 0.042
3960.69142 18.469 0.039
3961.58799 18.482 0.062
3963.54498 18.276 0.035
3963.72235 18.348 0.053
3964.50563 18.427 0.042
3964.51758 18.368 0.038
3964.54424 18.275 0.034
3964.60899 18.225 0.030
3964.62924 18.309 0.037
3964.65011 18.368 0.039
3964.68020 18.463 0.047
3964.72245 18.395 0.047
3965.52452 18.406 0.034
3965.72342 18.476 0.046
3966.49970 18.343 0.046
3966.70141 18.323 0.042
3967.53809 18.302 0.054
3967.72684 18.263 0.044
3968.51219 18.405 0.052
3968.68380 18.390 0.058
3969.49383 18.512 0.054
3969.69447 18.367 0.060
3970.52805 18.264 0.042
3970.70152 18.439 0.045
3971.56782 18.380 0.054
3973.59299 18.286 0.038
3974.52280 18.424 0.053
3975.52518 18.297 0.036
3975.70181 18.365 0.059
3976.51994 18.311 0.036
3976.69980 18.255 0.057
3979.52962 18.473 0.085
3982.58260 18.229 0.038
3986.59704 18.302 0.051
3986.65568 18.325 0.061
3987.51937 18.284 0.047
3988.53229 18.289 0.033
3989.54293 18.242 0.041
3990.55971 18.374 0.057
3991.51557 18.269 0.045
3991.55395 18.190 0.045
3993.56722 18.303 0.045
3994.57789 18.416 0.055
3994.61655 18.318 0.052
3995.58552 18.442 0.045
3995.61342 18.466 0.043
3995.67139 18.396 0.055
3996.49835 18.334 0.052
3998.56417 18.427 0.060
3999.51506 18.380 0.048
3999.60292 18.542 0.053
3999.64971 18.266 0.049
4000.58455 18.246 0.045
4001.51529 18.343 0.045
4001.60842 18.322 0.043
4002.51222 18.497 0.055
4002.55559 18.399 0.040
4002.57878 18.347 0.035
4003.48379 18.297 0.041
4003.50641 18.333 0.039
4003.59832 18.451 0.046
4004.49922 18.210 0.037
4004.51794 18.315 0.037
4004.54055 18.315 0.040
4004.60647 18.453 0.059
4005.57393 18.267 0.044
4005.61286 18.286 0.062
4005.62861 18.446 0.056
4006.53349 18.329 0.040
4006.55539 18.308 0.039
4006.59811 18.311 0.040
4011.58494 18.286 0.055
4012.49037 18.254 0.050
4012.51339 18.409 0.060
4012.56230 18.353 0.055
4013.56381 18.281 0.062
4015.50772 18.363 0.063
4016.53408 18.406 0.056
4018.56804 18.216 0.050
4018.59083 18.335 0.061
4018.59792 18.215 0.057
4019.48681 18.458 0.065
4020.56281 18.341 0.054
4023.55238 18.366 0.065
4025.57174 18.488 0.062
4028.51116 18.245 0.051
4031.51129 18.410 0.061
4038.51658 18.279 0.057
4038.53132 18.315 0.065
4041.51558 18.245 0.062
4043.52337 18.514 0.096
4141.89086 18.248 0.065
4151.86926 18.260 0.046
4153.89116 18.405 0.044
4156.86958 18.337 0.054
4158.89492 18.426 0.047
4161.85712 18.395 0.056
4163.84000 18.300 0.046
4165.82586 18.395 0.073
4168.81858 18.214 0.046
4170.81050 18.384 0.090
4175.80111 18.398 0.051
4176.91249 18.356 0.051
4178.82055 18.323 0.043
4179.86049 18.301 0.042
4181.79694 18.320 0.046
4182.84546 18.270 0.036
4183.87802 18.307 0.043
4185.75427 18.181 0.049
4189.87316 18.363 0.052
4191.84093 18.367 0.059
4193.76956 18.290 0.056
4194.79890 18.309 0.043
4196.78895 18.281 0.051
4202.77050 18.384 0.040
4203.75852 18.306 0.038
4204.75082 18.274 0.045
4205.74733 18.387 0.043
4205.92602 18.402 0.051
4207.73680 18.348 0.047
4208.75889 18.239 0.037
4211.80313 18.355 0.051
4212.88463 18.408 0.063
4213.72342 18.302 0.047
4213.92700 18.370 0.045
4215.75609 18.489 0.056
4216.71387 18.208 0.042
4217.72136 18.286 0.037
4217.93080 18.258 0.043
4218.77100 18.274 0.057
4219.77464 18.369 0.055
4220.71669 18.298 0.048
4222.68535 18.373 0.069
4224.79605 18.337 0.044
4228.69149 18.369 0.047
4228.92508 18.309 0.057
4229.68520 18.340 0.055
4229.88215 18.311 0.043
4230.69490 18.223 0.038
4230.88294 18.256 0.047
4231.63724 18.418 0.055
4231.78144 18.187 0.038
4231.90563 18.278 0.047
4232.68931 18.379 0.059
4232.85029 18.414 0.065
4233.82735 18.245 0.051
4234.72548 18.356 0.045
4235.65076 18.379 0.049
4235.81203 18.366 0.038
4235.90442 18.257 0.044
4238.63670 18.214 0.061
4238.88913 18.281 0.049
4239.65145 18.300 0.042
4240.69084 18.369 0.039
4240.83375 18.388 0.046
4243.65667 18.298 0.052
4243.74937 18.318 0.049
4243.84309 18.236 0.049
4244.62897 18.321 0.056
4244.72537 18.302 0.042
4244.81804 18.387 0.050
4245.62206 18.378 0.046
4245.71602 18.328 0.039
4245.81181 18.303 0.040
4246.68038 18.420 0.048
4246.77325 18.260 0.039
4246.86659 18.317 0.043
4247.69563 18.328 0.046
4250.74382 18.304 0.043
4251.81538 18.282 0.074
4256.63152 18.255 0.054
4256.77753 18.408 0.065
4257.66314 18.263 0.054
4258.64599 18.449 0.057
4258.76850 18.291 0.046
4258.86260 18.360 0.063
4267.60662 18.422 0.058
4268.56982 18.280 0.049
4268.85273 18.485 0.056
4269.58905 18.319 0.041
4269.70957 18.363 0.046
4270.58259 18.330 0.046
4272.61092 18.485 0.048
4272.76010 18.305 0.038
4272.83127 18.406 0.046
4273.62804 18.427 0.056
4273.80870 18.276 0.050
4273.86986 18.419 0.075
4274.56075 18.348 0.060
4274.71464 18.420 0.057
4274.77559 18.335 0.046
4274.83400 18.337 0.056
4275.61315 18.291 0.042
4275.78851 18.324 0.052
4275.84961 18.196 0.063
4276.59797 18.444 0.064
4277.54174 18.341 0.060
4277.71873 18.334 0.046
4277.77735 18.252 0.053
4277.84808 18.551 0.079
4278.58662 18.241 0.059
4278.76278 17.903 0.046
4283.52121 18.434 0.061
4283.74148 18.386 0.082
4284.51612 18.459 0.063
4284.70671 18.381 0.045
4284.76902 18.305 0.050
4284.83388 18.326 0.065
4285.51925 18.382 0.065
4285.71269 18.242 0.048
4285.77378 18.348 0.050
4285.83907 18.403 0.059
4286.51893 18.422 0.061
4286.82962 18.461 0.078
4289.52674 18.501 0.065
4289.74526 18.437 0.058
4289.81039 18.190 0.049
4290.57301 18.426 0.063
4291.63565 18.405 0.044
4292.50128 18.390 0.043
4292.68048 18.362 0.040
4292.73910 18.323 0.036
4292.79759 18.267 0.040
4293.50163 18.431 0.049
4293.72625 18.414 0.044
4293.78503 18.274 0.042
4294.50082 18.341 0.048
4295.50791 18.300 0.043
4295.70595 18.276 0.035
4295.76456 18.402 0.043
4296.50493 18.385 0.053
4296.70610 18.305 0.043
4297.52453 18.384 0.050
4297.72611 18.344 0.040
4298.55939 18.292 0.049
4298.66511 18.216 0.041
4298.77100 18.304 0.059
4299.54243 18.366 0.041
4299.63588 18.309 0.040
4299.72760 18.323 0.038
4300.53811 18.285 0.045
4300.65818 18.407 0.042
4300.75368 18.300 0.040
4301.52896 18.273 0.039
4301.62471 18.320 0.038
4301.72703 18.281 0.037
4302.60197 18.235 0.046
4302.70211 18.444 0.051
4303.68796 18.352 0.052
4304.56207 18.464 0.062
4304.68020 18.332 0.063
4305.59242 18.414 0.062
4305.64244 18.371 0.059
4306.48483 18.410 0.065
4306.53609 18.226 0.061
4306.57387 18.297 0.049
4306.64603 18.351 0.051
4306.70451 18.389 0.056
4307.55297 18.393 0.045
4307.64924 18.318 0.059
4307.67977 18.352 0.051
4307.74530 18.428 0.051
4307.77439 18.338 0.057
4310.58447 18.225 0.056
4310.62538 18.437 0.066
4310.69271 18.368 0.070
4310.78230 18.316 0.075
4311.52625 18.382 0.074
4311.65398 18.241 0.067
4311.71333 18.362 0.066
4311.74868 18.391 0.077
4312.48981 18.314 0.058
4312.55756 18.344 0.054
4312.68395 18.228 0.049
4312.75600 18.414 0.055
4312.78764 18.369 0.053
4314.48430 18.322 0.050
4314.69664 18.281 0.051
4314.75322 18.282 0.053
4314.75848 18.271 0.056
4315.52646 18.301 0.048
4315.64858 18.314 0.057
4316.55672 18.333 0.043
4316.62295 18.265 0.048
4316.72172 18.434 0.054
4317.48031 18.331 0.044
4317.56980 18.431 0.047
4319.52709 18.355 0.049
4319.53369 18.268 0.043
4319.74370 18.309 0.054
4319.78188 18.281 0.055
4320.51918 18.308 0.046
4320.55385 18.327 0.045
4326.52112 18.430 0.048
4326.68868 18.247 0.047
4326.71832 18.248 0.059
4326.72559 18.282 0.052
4327.60031 18.438 0.057
4328.52711 18.297 0.056
4328.70511 18.226 0.048
4329.53628 18.263 0.051
4329.68420 18.431 0.057
4330.50796 18.350 0.043
4330.70306 18.366 0.049
4331.48810 18.266 0.049
4331.69698 18.335 0.056
4332.51793 18.276 0.036
4333.53942 18.263 0.052
4334.51239 18.445 0.071
4334.64060 18.169 0.073
4338.51224 18.364 0.060
4339.48955 18.396 0.059
4339.70602 18.375 0.068
4340.60985 18.315 0.050
4341.51288 18.299 0.060
4342.54209 18.297 0.048
4343.52088 18.379 0.040
4344.54919 18.454 0.065
4345.51433 18.354 0.040
4346.52703 18.244 0.049
4347.54174 18.332 0.049
4349.50337 18.408 0.052
4350.54999 18.333 0.047
4351.51590 18.277 0.042
4352.56643 18.236 0.059
4353.51980 18.428 0.048
4354.54851 18.442 0.051
4355.55240 18.278 0.046
4356.51650 18.363 0.055
4357.54561 18.344 0.060
4358.50860 18.382 0.058
4359.54615 18.513 0.060
4360.57552 18.283 0.051
4361.57898 18.265 0.065
4362.52939 18.410 0.063
4365.57156 18.258 0.057
4367.50483 18.371 0.054
4368.54120 18.291 0.056
4370.50529 18.344 0.049
4371.54371 18.269 0.043
4372.52944 18.451 0.045
4373.51562 18.315 0.057
4376.58033 18.336 0.070
4377.61753 18.365 0.065
4378.52813 18.323 0.051
4379.54316 18.261 0.061
4380.55463 18.262 0.046
4381.53335 18.414 0.070
4382.48990 18.432 0.072
4382.55038 18.355 0.068
4382.57588 18.500 0.078
4382.58181 18.417 0.067
4383.49341 18.276 0.046
4383.56641 18.380 0.057
4383.58660 18.324 0.062
4384.49598 18.292 0.067
4384.54060 18.354 0.057
4384.57602 18.323 0.057
4385.53660 18.317 0.069
4386.55569 18.400 0.065
4386.55870 18.373 0.059
4386.56166 18.541 0.078
4386.56625 18.541 0.084
4386.56924 18.298 0.064
4386.57231 18.387 0.057
4386.57955 18.399 0.062
4386.58640 18.367 0.065
4386.58932 18.299 0.057
4386.59639 18.200 0.053
4386.59929 18.280 0.061
4386.60223 18.328 0.061
4386.60513 18.294 0.060
4386.60815 18.380 0.071
4386.61105 18.240 0.064
4387.48241 18.263 0.115
4387.48535 18.282 0.087
4387.48831 18.192 0.068
4387.49118 18.307 0.062
4387.49426 18.282 0.060
4387.49688 18.260 0.055
4387.49951 18.324 0.060
4387.50215 18.340 0.056
4387.50479 18.257 0.056
4387.51173 18.315 0.061
4387.51437 18.287 0.058
4387.51700 18.305 0.057
4387.51964 18.338 0.055
4387.52229 18.346 0.053
4387.52539 18.313 0.053
4387.53130 18.382 0.058
4387.53683 18.210 0.046
4387.54238 18.305 0.048
4387.54793 18.342 0.057
4387.55348 18.414 0.055
4387.55901 18.376 0.056
4387.56449 18.363 0.053
4387.57198 18.425 0.056
4387.57788 18.504 0.065
4387.58340 18.423 0.057
4387.58889 18.424 0.058
4387.59457 18.395 0.058
4387.59720 18.295 0.053
4387.59985 18.447 0.059
4387.60249 18.356 0.063
4387.60514 18.387 0.064
4387.60803 18.440 0.070
4388.48716 18.292 0.078
4388.49448 18.187 0.057
4388.50374 18.213 0.057
4388.50647 18.338 0.072
4388.53178 18.300 0.060
4388.54616 18.264 0.067
4388.55402 18.155 0.056
4388.56357 18.413 0.072
4388.57672 17.958 0.058
4388.58770 18.382 0.067
4388.59772 18.235 0.068
4391.48645 18.266 0.065
4391.49337 18.419 0.074
4392.49570 18.244 0.062
4393.48807 18.428 0.065
4393.54041 18.313 0.053
4394.49643 18.455 0.057
4394.55575 18.319 0.063
4395.49481 18.304 0.058
4395.52719 18.499 0.066
4396.49219 18.251 0.085
4396.51921 18.214 0.063
4397.49380 18.296 0.066
4397.54350 18.248 0.056
4398.50009 18.283 0.069
4398.54838 18.295 0.056
4399.49465 18.342 0.074
4399.54109 18.324 0.062
4400.50367 18.286 0.058
4400.54317 18.367 0.076
4402.51190 18.299 0.071
4402.55958 18.187 0.066
4403.49354 18.426 0.121
4403.55868 18.338 0.074
4407.50661 18.395 0.073
4408.52663 18.332 0.073
4409.50199 18.319 0.086
4411.51948 18.284 0.071
4507.87333 18.426 0.069
4510.87001 18.300 0.045
4513.87113 18.364 0.043
4517.87024 18.334 0.067
4519.89122 18.393 0.046
4522.88513 18.429 0.061
4524.82098 18.251 0.050
4530.82859 18.307 0.036
4533.86443 18.384 0.051
4535.84721 18.438 0.061
4536.90488 18.352 0.045
4537.89054 18.349 0.036
4538.82561 18.278 0.048
4539.86370 18.306 0.044
4540.80987 18.368 0.042
4541.80259 18.343 0.036
4542.79729 18.247 0.046
4543.79283 18.325 0.047
4544.78968 18.387 0.053
4545.79605 18.403 0.049
4546.80314 18.247 0.045
4547.79712 18.288 0.040
4548.80807 18.399 0.051
4550.75113 18.151 0.052
4551.77429 18.224 0.057
4552.77026 18.397 0.085
4556.76640 18.299 0.038
4557.78358 18.396 0.050
4558.76052 18.349 0.038
4559.75845 18.286 0.041
4560.75862 18.301 0.044
4561.74865 18.439 0.043
4564.73881 18.285 0.044
4565.73685 18.358 0.036
4565.92777 18.404 0.051
4566.73638 18.328 0.039
4567.72942 18.329 0.040
4568.73795 18.264 0.042
4569.74707 18.249 0.038
4570.73772 18.460 0.060
4571.73237 18.371 0.058
4571.92086 18.362 0.044
4572.75986 18.336 0.041
4573.74825 18.303 0.042
4573.91457 18.309 0.038
4574.75058 18.223 0.044
4575.75971 18.293 0.046
4576.76618 18.415 0.043
4577.84788 18.338 0.048
4578.79896 18.264 0.052
4579.87602 18.330 0.055
4583.74267 18.321 0.051
4583.93544 18.291 0.061
4585.76984 18.458 0.055
4586.79606 18.456 0.062
4587.77933 18.354 0.056
4588.70246 18.495 0.059
4589.68470 18.329 0.046
4589.84010 18.306 0.050
4589.90210 18.277 0.051
4590.71044 18.319 0.042
4590.91211 18.256 0.042
4591.71598 18.264 0.041
4591.84142 18.381 0.050
4591.90799 18.213 0.043
4592.67461 18.451 0.051
4592.86391 18.374 0.055
4593.66375 18.321 0.052
4593.87346 18.413 0.049
4594.68478 18.335 0.047
4594.87979 18.289 0.041
4595.67430 18.261 0.043
4595.86870 18.313 0.047
4595.93059 18.300 0.057
4596.66950 18.374 0.048
4597.69392 18.389 0.041
4597.88547 18.475 0.055
4598.67021 18.306 0.033
4599.64273 18.314 0.051
4600.65197 18.308 0.038
4600.86071 18.325 0.042
4601.65755 18.393 0.043
4601.87382 18.366 0.039
4601.93566 18.195 0.044
4602.65016 18.386 0.044
4602.85960 18.414 0.041
4603.89271 18.236 0.044
4606.60584 18.349 0.060
4606.63176 18.351 0.056
4606.65148 18.365 0.048
4606.66054 18.483 0.047
4606.72063 18.350 0.045
4606.75448 18.269 0.039
4606.77282 18.262 0.037
4606.80521 18.244 0.045
4606.82607 18.272 0.046
4606.84417 18.380 0.044
4606.86071 18.385 0.048
4606.87009 18.386 0.051
4606.87903 18.387 0.051
4606.89225 18.443 0.051
4606.90395 18.248 0.045
4606.90980 18.404 0.054
4606.92151 18.286 0.050
4606.93306 18.305 0.053
4606.94178 18.216 0.063
4607.69619 18.405 0.050
4607.70071 18.510 0.078
4607.73984 18.393 0.061
4607.76893 18.419 0.054
4607.82266 18.339 0.068
4610.70589 18.304 0.045
4610.74761 18.223 0.047
4610.90220 18.328 0.049
4611.63693 18.347 0.052
4611.82779 18.297 0.039
4612.65832 18.249 0.042
4615.80006 18.274 0.049
4616.61225 18.245 0.042
4616.82562 18.276 0.046
4616.90852 18.337 0.060
4617.68359 18.298 0.036
4618.62087 18.340 0.048
4621.93391 18.317 0.045
4622.81928 18.373 0.054
4622.93595 18.376 0.069
4623.67663 18.255 0.046
4623.87841 18.361 0.065
4624.59840 18.427 0.061
4624.82256 18.343 0.049
4624.88887 18.439 0.055
4625.61250 18.274 0.049
4625.83189 18.305 0.059
4625.92077 18.482 0.069
4626.61100 18.334 0.054
4626.89014 18.239 0.050
4627.57146 18.518 0.050
4627.86075 18.286 0.037
4627.92799 18.446 0.051
4628.55876 18.326 0.048
4628.76502 18.317 0.047
4628.83045 18.440 0.053
4628.90030 18.363 0.052
4629.63612 18.392 0.041
4629.83875 18.396 0.048
4629.91678 18.323 0.046
4630.57210 18.459 0.060
4630.77792 18.330 0.041
4630.86130 18.234 0.043
4630.92403 18.345 0.052
4631.57345 18.356 0.035
4631.78919 18.379 0.039
4631.87591 18.285 0.049
4632.57726 18.494 0.049
4632.86400 18.292 0.058
4633.57722 18.387 0.047
4633.68875 18.327 0.036
4633.80449 18.343 0.048
4638.76232 18.296 0.051
4638.87253 18.426 0.065
4639.58487 18.365 0.054
4639.68265 18.477 0.050
4640.60435 18.325 0.042
4640.73651 18.406 0.049
4640.84155 18.382 0.059
4641.67837 18.251 0.044
4641.78831 18.420 0.053
4642.60229 18.393 0.047
4642.76482 18.308 0.041
4642.83989 18.488 0.059
4643.56006 18.260 0.043
4644.60742 18.259 0.051
4644.86913 18.239 0.046
4645.53051 18.546 0.067
4645.77897 18.471 0.056
4645.85369 18.324 0.059
4646.52856 18.322 0.039
4646.86092 18.338 0.051
4647.52491 18.303 0.056
4647.74798 18.262 0.045
4647.86496 18.252 0.061
4648.50809 18.401 0.053
4648.72728 18.297 0.043
4648.82558 18.345 0.053
4649.53415 18.385 0.051
4649.81302 18.327 0.049
4649.86927 18.422 0.067
4650.52013 18.290 0.057
4650.78405 18.305 0.045
4651.52355 18.383 0.058
4651.81861 18.381 0.058
4652.51452 18.314 0.048
4652.72905 18.305 0.042
4652.80254 18.346 0.050
4652.85225 18.371 0.064
4653.51090 18.406 0.069
4653.73003 18.404 0.048
4654.54970 18.435 0.049
4654.76118 18.358 0.052
4655.51076 18.323 0.054
4655.73523 18.338 0.043
4655.79701 18.370 0.051
4656.51267 18.315 0.038
4656.70245 18.407 0.054
4656.82169 18.237 0.054
4657.73960 18.205 0.052
4658.67116 18.344 0.047
4659.61248 18.362 0.058
4660.62352 18.453 0.058
4661.50076 18.318 0.054
4661.70141 18.339 0.054
4661.76292 18.353 0.061
4661.83011 18.468 0.067
4665.66823 18.296 0.058
4666.57366 18.261 0.042
4666.71675 18.332 0.053
4666.75891 18.233 0.060
4670.65832 18.368 0.051
4671.59391 18.293 0.036
4672.51938 18.434 0.040
4672.71183 18.444 0.043
4672.73413 18.381 0.053
4674.52249 18.250 0.051
4674.71563 18.215 0.042
4675.75435 18.312 0.047
4677.49916 18.372 0.042
4677.64551 18.212 0.047
4679.54448 18.318 0.060
4681.54052 18.363 0.047
4681.64052 18.320 0.050
4681.77276 18.250 0.046
4682.51153 18.364 0.042
4682.66886 18.328 0.043
4682.76405 18.329 0.045
4683.53002 18.310 0.055
4683.71698 18.295 0.049
4684.52255 18.263 0.042
4684.73628 18.319 0.042
4685.50757 18.456 0.070
4685.74254 18.293 0.047
4686.51129 18.336 0.046
4687.49506 18.342 0.052
4687.75058 18.350 0.050
4688.50795 18.345 0.052
4688.69780 18.297 0.042
4688.75957 18.365 0.058
4693.55574 18.283 0.051
4694.61691 18.379 0.072
4697.51147 18.275 0.043
4698.51698 18.303 0.036
4699.51315 18.392 0.048
4700.51940 18.378 0.041
4701.51469 18.366 0.051
4702.51323 18.280 0.053
4703.58374 18.298 0.045
4704.65345 18.388 0.052
4705.51687 18.418 0.045
4707.64721 18.429 0.053
4708.55010 18.307 0.057
4709.52623 18.467 0.067
4710.55581 18.480 0.051
4715.59515 18.455 0.065
4716.59757 18.367 0.068
4720.56471 18.341 0.050
4721.49717 18.433 0.072
4722.60958 18.324 0.056
4724.51862 18.201 0.052
4725.49743 18.282 0.055
4726.55836 18.220 0.059
4728.60350 18.436 0.066
4729.55897 18.336 0.065
4730.57765 18.336 0.047
4731.58226 18.237 0.048
4733.53389 18.443 0.052
4734.56325 18.344 0.057
4737.55419 18.472 0.058
4740.56468 18.237 0.050
4741.57239 18.276 0.044
4743.57801 18.419 0.060
4753.55820 18.249 0.060
4756.53706 18.387 0.065
4758.51989 18.284 0.062
4767.53601 18.318 0.062
4767.54546 18.378 0.062
4768.49853 18.592 0.112
4768.53427 18.315 0.078
4769.50144 18.345 0.084
4771.50495 18.249 0.072
4869.88548 18.393 0.064
4870.86136 18.344 0.054
4873.86279 18.261 0.047
4874.85725 18.438 0.062
4877.85706 18.270 0.039
4884.86462 18.330 0.045
4887.83674 18.462 0.049
4890.89268 18.270 0.038
4896.88091 18.296 0.038
4899.85184 18.301 0.041
4900.89324 18.215 0.034
4901.89163 18.361 0.035
4902.89035 18.440 0.042
4904.81448 18.347 0.043
4910.82046 18.413 0.053
4911.79095 18.252 0.031
4912.78794 18.307 0.032
4914.80498 18.365 0.041
4917.76601 18.366 0.039
4920.74554 18.348 0.030
4924.88461 18.398 0.051
4925.82646 18.313 0.035
4925.91403 18.344 0.038
4925.92553 18.289 0.064
4927.72622 18.324 0.058
4927.88070 18.218 0.043
4928.74268 18.300 0.044
4929.79896 18.332 0.037
4930.71345 18.392 0.049
4930.83239 18.296 0.047
4931.72831 18.421 0.058
4931.87394 18.333 0.045
4932.73132 18.300 0.041
4932.83201 18.362 0.038
4933.77968 18.354 0.048
4934.77810 18.200 0.043
4934.88288 18.290 0.058
4938.68867 18.404 0.052
4938.89345 18.484 0.056
4939.70759 18.397 0.050
4940.70759 18.438 0.047
4941.68633 18.229 0.042
4941.78432 18.372 0.048
4942.72413 18.305 0.038
4943.67818 18.288 0.037
4943.81764 18.363 0.045
4944.67498 18.371 0.043
4944.83043 18.312 0.040
4945.72345 18.401 0.039
4945.77989 18.488 0.039
4946.67308 18.247 0.041
4947.66680 18.341 0.035
4947.86500 18.385 0.043
4948.84735 18.375 0.035
4950.66398 18.300 0.043
4951.65547 18.288 0.047
4952.65373 18.330 0.042
4953.64735 18.397 0.047
4953.82194 18.381 0.048
4954.64891 18.338 0.045
4954.84176 18.311 0.039
4955.64960 18.250 0.050
4955.78294 18.560 0.057
