2125.57357 18.670 0.084
2129.65448 18.959 0.052
2132.59697 18.800 0.062
2135.73455 18.672 0.051
2140.69697 19.119 0.090
2144.58508 18.582 0.051
2160.56598 18.606 0.062
2168.63373 18.857 0.078
2187.54287 18.683 0.069
2206.53804 19.263 0.189
2331.87897 18.661 0.059
2355.85336 18.616 0.044
2364.91082 18.689 0.062
2372.81151 19.054 0.063
2403.86618 18.988 0.059
2414.74643 18.617 0.045
2416.78486 18.802 0.058
2424.87923 18.653 0.076
2428.77970 18.647 0.057
2432.82419 18.784 0.073
2434.69007 19.109 0.069
2436.73841 18.904 0.064
2438.71593 18.640 0.050
2440.74910 18.706 0.046
2443.71858 18.883 0.070
2445.59955 19.294 0.078
2448.59235 18.585 0.088
2453.83949 19.111 0.092
2456.55101 18.599 0.055
2458.68793 18.804 0.050
2460.76028 18.678 0.063
2463.50950 18.838 0.067
2466.71909 18.571 0.054
2468.58845 18.768 0.044
2470.59171 19.146 0.079
2481.49042 18.976 0.115
2484.58968 18.680 0.068
2486.68244 19.056 0.104
2490.64896 18.872 0.079
2493.61112 18.614 0.053
2495.68249 18.844 0.055
2497.76648 18.731 0.065
2498.47585 18.965 0.056
2500.50062 18.771 0.066
2502.53342 18.946 0.061
2508.63272 19.225 0.089
2512.58017 19.070 0.086
2517.62203 18.855 0.054
2518.50688 18.869 0.077
2518.60952 18.549 0.047
2518.67999 18.828 0.065
2520.54886 19.151 0.076
2526.63785 19.024 0.066
2537.61750 18.716 0.093
2542.48486 18.777 0.080
2547.55228 18.876 0.078
2551.58975 18.727 0.080
2556.54320 18.702 0.060
2564.50037 18.610 0.070
2575.49880 18.816 0.082
2706.88547 18.969 0.065
2714.86971 19.167 0.063
2728.90091 18.719 0.060
2733.88204 19.061 0.081
2744.86964 18.585 0.041
2753.85529 18.593 0.049
2756.92484 18.603 0.049
2760.86786 18.620 0.055
2766.92100 18.575 0.054
2770.79179 19.151 0.084
2783.73639 19.237 0.065
2785.84837 18.733 0.073
2786.90174 18.962 0.097
2789.71198 18.874 0.054
2791.69316 18.634 0.046
2794.89726 19.210 0.087
2796.77895 18.906 0.054
2797.94162 18.923 0.076
2809.68511 18.593 0.045
2810.85197 18.794 0.059
2811.88376 19.135 0.096
2813.68052 19.022 0.079
2814.70276 18.844 0.056
2816.56582 18.882 0.058
2818.55332 18.546 0.059
2820.71844 18.679 0.054
2826.71890 18.947 0.063
2834.75537 18.753 0.114
2836.69982 18.654 0.071
2837.59711 18.570 0.072
2839.64535 18.816 0.076
2841.65871 18.685 0.056
2843.59364 19.740 0.162
2849.79895 19.098 0.127
2852.49586 18.775 0.082
2854.49348 18.934 0.089
2856.68315 18.921 0.076
2858.64852 18.590 0.051
2862.57507 18.679 0.062
2865.68442 18.989 0.072
2868.56420 18.867 0.060
2871.67141 18.699 0.046
2876.55499 18.899 0.060
2879.59915 18.910 0.068
2885.49405 18.648 0.070
2894.60186 19.121 0.098
2898.58674 18.571 0.056
2904.55951 18.633 0.062
2909.55404 19.239 0.099
2917.59397 18.697 0.069
2930.53660 18.584 0.053
3051.87172 19.288 0.195
3058.86504 18.688 0.049
3063.88864 18.961 0.060
3067.86351 18.835 0.055
3070.82344 18.542 0.075
3072.90228 19.099 0.062
3075.79916 18.728 0.069
3079.85563 18.622 0.058
3082.81848 18.968 0.060
3084.87409 18.660 0.044
3086.80811 18.602 0.039
3088.76512 19.169 0.063
3089.87507 18.693 0.044
3091.79226 19.014 0.063
3091.80968 19.132 0.062
3091.83158 18.834 0.056
3091.85341 18.684 0.048
3091.87147 18.540 0.037
3091.89816 18.619 0.042
3091.91365 18.809 0.055
3092.75601 18.641 0.062
3092.77190 18.762 0.067
3092.79549 18.792 0.079
3092.83286 18.958 0.089
3092.90821 18.730 0.077
3093.88409 18.614 0.054
3093.91291 18.545 0.065
3096.74554 19.078 0.088
3096.80614 18.651 0.054
3096.82974 18.613 0.058
3096.87708 19.040 0.077
3096.90942 18.709 0.057
3097.74452 18.767 0.065
3097.79936 18.741 0.078
3097.81151 18.603 0.051
3097.86475 18.666 0.046
3097.91196 18.929 0.053
3098.73465 18.638 0.058
3098.79603 18.984 0.062
3098.85588 18.564 0.037
3098.87359 18.592 0.037
3098.91180 19.247 0.060
3099.71461 18.733 0.076
3099.77459 18.784 0.080
3099.84118 18.540 0.056
3099.87613 18.608 0.068
3099.90942 18.851 0.079
3100.73775 18.673 0.063
3100.77321 18.553 0.047
3100.82754 18.838 0.050
3100.91212 18.684 0.050
3101.73129 18.875 0.097
3101.81774 18.994 0.070
3101.90752 18.547 0.045
3102.70382 19.009 0.088
3102.79090 18.576 0.047
3102.84966 19.127 0.076
3102.90976 18.525 0.045
3103.75327 18.817 0.076
3103.87918 18.845 0.060
3104.72642 18.873 0.167
3104.89758 18.619 0.153
3106.79861 18.825 0.075
3107.75646 18.647 0.051
3108.73620 18.515 0.039
3109.76278 18.616 0.049
3110.80225 18.608 0.046
3111.83628 19.011 0.065
3112.80956 18.567 0.038
3113.84342 18.736 0.047
3114.75355 19.122 0.060
3115.83608 18.567 0.039
3118.89759 18.659 0.056
3122.88106 19.257 0.124
3125.83765 18.644 0.066
3126.86696 18.568 0.048
3127.77252 18.589 0.047
3128.79089 18.498 0.042
3129.76558 18.746 0.060
3131.65319 18.826 0.104
3134.73337 18.630 0.105
3134.85072 18.606 0.077
3135.83375 18.959 0.058
3137.90936 18.605 0.054
3138.79360 18.582 0.041
3139.83779 18.665 0.045
3140.84520 18.534 0.046
3142.73738 18.600 0.040
3144.75800 18.591 0.046
3146.73602 19.184 0.096
3151.72026 18.692 0.060
3152.72404 18.699 0.050
3152.93738 19.061 0.104
3153.72799 18.760 0.065
3154.78894 18.607 0.058
3156.77150 18.732 0.081
3158.84207 18.602 0.068
3162.78299 18.576 0.051
3163.74431 18.828 0.057
3164.70259 18.711 0.049
3165.77390 18.918 0.045
3166.86179 18.599 0.076
3168.56152 18.846 0.064
3168.89976 18.658 0.061
3169.69637 18.961 0.065
3170.77406 18.692 0.046
3171.86796 18.748 0.050
3172.71717 19.027 0.059
3174.68012 18.588 0.035
3175.68943 18.631 0.037
3178.75060 18.674 0.061
3179.76358 18.619 0.044
3180.67631 18.606 0.034
3182.74347 19.294 0.081
3183.70200 18.569 0.052
3184.66949 18.759 0.041
3185.82551 18.690 0.052
3193.50321 18.801 0.090
3194.61267 18.621 0.051
3195.66915 18.998 0.062
3196.71289 18.930 0.077
3197.49596 18.721 0.057
3197.61284 18.799 0.053
3197.77511 18.563 0.047
3199.75761 19.055 0.096
3201.50034 18.925 0.070
3202.50844 18.773 0.052
3203.62942 18.600 0.035
3204.59030 18.823 0.047
3205.73202 18.830 0.048
3206.63961 18.607 0.041
3209.68268 18.644 0.063
3210.62774 18.901 0.063
3211.70228 18.933 0.088
3217.62212 19.114 0.081
3218.62149 18.885 0.080
3219.72334 18.587 0.079
3223.61887 18.712 0.067
3224.66862 18.558 0.041
3226.58182 18.735 0.062
3228.56999 18.641 0.046
3229.59811 18.557 0.038
3230.63675 18.561 0.038
3231.53776 18.679 0.056
3232.56639 18.846 0.087
3238.57667 18.798 0.058
3238.58732 18.651 0.056
3238.70357 18.820 0.080
3239.54708 18.869 0.060
3239.63725 18.683 0.060
3240.62380 18.613 0.058
3241.62281 18.829 0.116
3245.51721 19.065 0.096
3246.62928 18.758 0.086
3247.64476 18.628 0.056
3249.49634 18.664 0.055
3250.62392 18.870 0.066
3253.61723 18.698 0.063
3256.60011 18.644 0.060
3259.59229 19.042 0.086
3267.49930 18.671 0.070
3271.58488 18.521 0.126
3274.59871 18.832 0.079
3278.57045 18.524 0.055
3281.55120 19.409 0.108
3281.58627 18.636 0.046
3293.48761 18.877 0.081
3295.49209 19.378 0.098
3299.49546 18.667 0.046
3312.50456 19.364 0.173
3416.87170 19.154 0.083
3421.86847 18.773 0.062
3425.88793 19.180 0.096
3428.88394 18.680 0.049
3432.85756 19.420 0.133
3442.85820 18.978 0.079
3444.91111 19.229 0.091
3447.82425 19.315 0.090
3449.83712 19.004 0.065
3452.85771 18.760 0.048
3454.91123 18.903 0.075
3458.77034 18.594 0.050
3459.81799 18.599 0.046
3468.84673 18.717 0.041
3469.85365 18.650 0.035
3471.88118 18.756 0.067
3473.84917 18.910 0.068
3474.87259 18.696 0.046
3476.74533 19.190 0.066
3478.76107 19.182 0.072
3479.89829 18.973 0.049
3481.78900 18.633 0.040
3484.74478 19.097 0.127
3496.69320 18.637 0.051
3497.76062 18.603 0.054
3499.71816 18.879 0.050
3500.70098 18.964 0.057
3501.73897 19.085 0.079
3502.73758 19.186 0.062
3503.66413 18.639 0.042
3504.84322 18.513 0.039
3506.85492 18.579 0.048
3508.72132 18.912 0.080
3509.75189 18.700 0.046
3510.89218 18.576 0.039
3511.80402 18.597 0.042
3512.82746 18.563 0.051
3517.82712 19.063 0.080
3520.78436 18.678 0.049
3522.71030 18.633 0.034
3523.77143 18.858 0.050
3523.91613 19.588 0.195
3524.67356 19.083 0.072
3525.66766 18.735 0.046
3526.72042 19.203 0.066
3527.75423 18.800 0.046
3528.69512 18.671 0.038
3529.65308 18.875 0.047
3530.66115 18.993 0.049
3538.63939 19.253 0.070
3540.62660 18.651 0.055
3544.82633 18.666 0.062
3547.75787 19.192 0.086
3550.60472 18.635 0.060
3551.60705 18.733 0.039
3552.63717 18.623 0.039
3554.71678 18.753 0.069
3555.78099 18.704 0.069
3556.69315 18.553 0.036
3558.50396 18.552 0.047
3558.80264 19.409 0.098
3559.58552 18.963 0.067
3560.57392 19.103 0.066
3561.51802 18.557 0.049
3562.55868 18.656 0.049
3562.81003 18.615 0.050
3563.61288 19.181 0.061
3564.59461 18.600 0.054
3569.53138 18.527 0.079
3573.62180 18.983 0.087
3574.66278 18.998 0.071
3575.51034 18.648 0.045
3576.66428 18.853 0.058
3577.73197 18.727 0.047
3578.63715 18.643 0.040
3579.59446 19.213 0.070
3579.76218 18.650 0.052
3580.62423 19.023 0.064
3581.64769 19.019 0.058
3582.59578 18.590 0.037
3583.60978 18.618 0.046
3584.61852 18.518 0.041
3585.60882 18.633 0.037
3586.65457 18.633 0.038
3589.64722 18.745 0.036
3590.61612 18.909 0.053
3592.62298 18.694 0.037
3593.64412 18.742 0.048
3594.68106 18.994 0.051
3601.62321 18.601 0.046
3602.63925 18.633 0.055
3603.61331 18.663 0.048
3606.64021 18.919 0.083
3607.61163 18.892 0.053
3608.61854 18.700 0.051
3616.56172 18.650 0.062
3618.53840 19.347 0.085
3619.56299 19.170 0.074
3621.56257 18.918 0.068
3628.53654 18.896 0.083
3629.62118 18.597 0.061
3631.50608 18.638 0.062
3633.51918 19.079 0.098
3637.61536 18.587 0.059
3639.56891 18.734 0.040
3641.52105 18.765 0.068
3643.59741 18.713 0.089
3648.51328 18.633 0.046
3650.55067 18.548 0.048
3654.52252 18.655 0.090
3655.49601 18.639 0.059
3657.50865 18.733 0.062
3660.50281 18.882 0.081
3662.50804 18.737 0.070
3666.53554 18.515 0.047
3775.88427 18.559 0.057
3781.86972 18.756 0.085
3784.85359 18.716 0.053
3787.84422 18.890 0.067
3790.87497 18.851 0.070
3792.87156 18.621 0.037
3794.82854 19.304 0.100
3796.81673 18.585 0.052
3797.90797 18.599 0.053
3799.86289 18.590 0.056
3800.88921 18.752 0.048
3801.87146 18.584 0.045
3802.83698 18.923 0.058
3803.87229 18.650 0.043
3805.78830 18.646 0.060
3806.80842 18.578 0.048
3807.82211 18.516 0.051
3808.78184 19.384 0.111
3809.78465 18.859 0.062
3810.82921 19.133 0.073
3811.82522 19.251 0.090
3812.81699 18.819 0.065
3813.79563 18.666 0.047
3814.80985 18.612 0.047
3817.84404 18.533 0.051
3818.87200 18.566 0.041
3819.78762 18.702 0.041
3820.75795 18.620 0.045
3821.75846 18.648 0.047
3822.80053 18.535 0.046
3823.75657 19.237 0.079
3824.77406 19.190 0.081
3825.79150 19.089 0.087
3826.76764 18.762 0.049
3827.78735 18.767 0.049
3828.76089 18.514 0.058
3829.79623 18.658 0.046
3830.71792 19.101 0.076
3831.71797 18.711 0.045
3832.73951 18.969 0.062
3833.74723 18.799 0.051
3834.72833 18.727 0.060
3835.72193 18.736 0.061
3835.90798 18.876 0.046
3836.75032 18.609 0.078
3836.91802 18.848 0.051
3837.71686 18.956 0.077
3837.88909 18.597 0.039
3838.72432 18.999 0.108
3839.72566 18.982 0.099
3839.91289 18.799 0.072
3840.74417 19.178 0.085
3840.89646 18.832 0.058
3841.70711 18.603 0.056
3841.92704 18.773 0.062
3842.82963 18.610 0.043
3845.70533 19.174 0.171
3845.89004 18.619 0.098
3846.68579 18.953 0.092
3847.78259 18.587 0.061
3848.73749 19.196 0.098
3849.73397 18.933 0.060
3850.67989 18.567 0.048
3850.85244 18.705 0.050
3850.92390 18.734 0.060
3851.69564 18.743 0.057
3851.85892 18.673 0.056
3852.68436 19.099 0.084
3852.91288 19.147 0.079
3853.67267 19.032 0.067
3853.84033 18.720 0.034
3853.91182 18.792 0.042
3854.68928 19.188 0.079
3856.66266 18.596 0.050
3856.82901 18.877 0.060
3857.90015 18.717 0.046
3858.71919 18.733 0.062
3859.78175 19.068 0.062
3860.79796 19.125 0.104
3861.65155 18.780 0.069
3861.75851 18.635 0.046
3862.65658 18.633 0.051
3862.84695 18.681 0.042
3862.92062 18.784 0.056
3863.67280 18.808 0.064
3863.89250 18.532 0.035
3864.66168 18.575 0.051
3864.85273 19.201 0.059
3865.72022 18.879 0.060
3865.86375 19.090 0.067
3865.93273 18.586 0.042
3866.67186 18.771 0.058
3866.81139 18.534 0.041
3866.88960 19.024 0.062
3867.68666 18.604 0.047
3867.87229 19.020 0.067
3868.69457 18.718 0.068
3868.83867 18.610 0.057
3868.91851 19.006 0.077
3869.67208 19.235 0.094
3869.85461 18.606 0.060
3872.86926 18.833 0.055
3873.67855 18.628 0.046
3873.81999 18.762 0.051
3873.89182 18.713 0.055
3874.72948 19.170 0.080
3874.90352 18.617 0.046
3875.69819 18.602 0.036
3875.84507 18.732 0.041
3876.61722 18.729 0.047
3877.69409 18.584 0.036
3877.73154 18.624 0.039
3877.77791 19.083 0.053
3877.80466 18.804 0.046
3877.84284 18.589 0.040
3877.87856 18.697 0.048
3877.91691 19.172 0.095
3877.93494 18.607 0.061
3879.63033 18.733 0.043
3879.63500 18.589 0.038
3879.65010 18.704 0.042
3879.92118 19.108 0.075
3879.92857 19.130 0.088
3879.93610 18.877 0.089
3879.93994 18.988 0.095
3880.59363 18.942 0.057
3880.59732 19.144 0.071
3880.60823 18.725 0.052
3880.63190 18.560 0.041
3880.69055 19.155 0.058
3880.69478 19.133 0.058
3880.70422 19.133 0.070
3880.71455 18.955 0.064
3880.76953 18.535 0.037
3880.80496 18.815 0.053
3880.81935 19.232 0.083
3880.85547 18.792 0.063
3880.89840 18.629 0.051
3880.93321 18.848 0.066
3881.59988 19.072 0.088
3881.60467 19.187 0.090
3881.64489 18.600 0.045
3881.73776 18.825 0.046
3881.82310 18.921 0.052
3881.86036 18.986 0.052
3881.90698 18.587 0.037
3882.57388 18.711 0.078
3882.62981 18.671 0.047
3882.67281 18.578 0.042
3882.78332 18.560 0.042
3882.85720 19.268 0.074
3882.92588 18.588 0.044
3883.58003 18.776 0.079
3883.61735 19.292 0.106
3883.68386 18.615 0.045
3883.81443 18.609 0.041
3886.57672 18.686 0.056
3886.77789 19.008 0.053
3886.85321 18.627 0.041
3887.63051 18.674 0.044
3887.75686 18.524 0.036
3887.86104 18.599 0.046
3887.93307 19.290 0.092
3889.64449 18.534 0.040
3889.91933 18.646 0.050
3891.65387 18.596 0.041
3891.77560 18.677 0.066
3891.85786 19.103 0.077
3892.72051 18.759 0.046
3892.90939 18.738 0.054
3893.59127 18.665 0.059
3893.83776 18.661 0.066
3894.64873 19.116 0.101
3894.86401 18.588 0.053
3896.58475 18.781 0.093
3896.84210 18.953 0.115
3900.51254 18.773 0.078
3900.69791 18.569 0.062
3900.78226 18.668 0.052
3900.85078 18.986 0.065
3901.52733 18.687 0.059
3901.70357 18.528 0.040
3901.78134 18.792 0.053
3901.85443 18.859 0.067
3902.53893 18.768 0.065
3902.72595 18.688 0.049
3902.78944 18.894 0.064
3902.82653 18.643 0.055
3902.83882 18.546 0.054
3902.87189 18.816 0.072
3902.88688 19.043 0.090
3902.90217 19.207 0.138
3903.62199 18.746 0.045
3903.63090 18.845 0.050
3903.64618 19.075 0.077
3903.65788 19.193 0.075
3903.67547 18.910 0.062
3903.69024 18.624 0.048
3903.70481 18.612 0.046
3903.71991 18.594 0.048
3903.74076 18.636 0.048
3903.75389 18.698 0.049
3903.75980 18.784 0.052
3903.76874 18.990 0.058
3903.78069 19.211 0.079
3903.78957 19.266 0.087
3903.80202 18.882 0.064
3903.81235 18.719 0.049
3903.82448 18.631 0.049
3903.83371 18.543 0.055
3903.84312 18.570 0.052
3903.85223 18.648 0.048
3903.86150 18.688 0.056
3903.86784 18.753 0.057
3903.87985 18.841 0.077
3903.88867 18.720 0.062
3903.90095 19.082 0.091
3904.53830 19.112 0.080
3904.70073 18.698 0.036
3904.77017 18.700 0.042
3904.84293 18.647 0.047
3905.51378 18.674 0.060
3905.53514 18.795 0.056
3905.62721 18.686 0.043
3905.71147 18.698 0.040
3905.78169 18.729 0.041
3905.85032 18.667 0.039
3906.54296 18.768 0.063
3906.73580 18.682 0.044
3906.80900 18.882 0.059
3906.89762 18.594 0.051
3907.57727 19.050 0.073
3907.76257 18.546 0.052
3907.84704 19.162 0.091
3908.51524 18.639 0.061
3908.70138 18.844 0.049
3908.77899 18.667 0.044
3908.86172 19.202 0.078
3909.51491 18.867 0.087
3909.69330 18.605 0.035
3909.78810 18.715 0.042
3909.86768 19.226 0.087
3910.53535 18.853 0.072
3912.50979 18.738 0.054
3912.70127 18.688 0.033
3912.79253 19.221 0.057
3912.88042 18.563 0.046
3913.50268 18.696 0.046
3913.70456 18.741 0.045
3913.80009 19.229 0.071
3914.52873 18.787 0.062
3914.76025 18.544 0.038
3915.50442 18.495 0.049
3915.70876 19.313 0.074
3915.80062 18.705 0.045
3916.54917 18.627 0.062
3917.52728 18.693 0.061
3917.80013 18.509 0.049
3918.54831 18.614 0.046
3918.79486 18.537 0.052
3919.50225 19.051 0.102
3919.73475 18.668 0.038
3920.49203 18.665 0.066
3920.68859 18.817 0.067
3920.77059 19.075 0.057
3921.49199 18.720 0.061
3921.68951 18.926 0.082
3921.77783 18.942 0.091
3922.68921 19.199 0.104
3930.49215 18.759 0.064
3930.76630 18.780 0.079
3931.47704 18.895 0.097
3932.50856 18.649 0.057
3932.78388 18.728 0.056
3933.48962 18.694 0.051
3933.67941 18.613 0.035
3933.75498 18.637 0.039
3934.47237 19.219 0.085
3934.68911 18.614 0.042
3934.75819 18.692 0.046
3935.52230 18.682 0.048
3935.69354 18.620 0.055
3935.76218 18.830 0.052
3936.47568 18.759 0.077
3936.64100 19.134 0.062
3936.71752 18.693 0.053
3937.48192 18.567 0.064
3937.76201 19.300 0.113
3938.48039 18.556 0.063
3938.67423 19.555 0.118
3938.75714 18.771 0.065
3939.54772 19.089 0.066
3940.66601 18.826 0.046
3940.79686 18.743 0.049
3944.52071 18.849 0.051
3945.49357 19.014 0.066
3945.69608 18.569 0.039
3945.75195 19.088 0.087
3946.49494 18.633 0.060
3946.68416 18.693 0.049
3946.76566 19.136 0.089
3950.49989 18.619 0.046
3950.70544 19.303 0.087
3951.49555 18.869 0.064
3951.72804 19.328 0.109
3955.66379 19.060 0.113
3956.52665 18.993 0.109
3957.48870 18.555 0.055
3959.48522 18.779 0.062
3959.66655 18.563 0.050
3960.48151 19.127 0.074
3960.66054 18.537 0.035
3960.73268 19.174 0.083
3961.55229 18.522 0.049
3963.51421 19.273 0.088
3963.69154 18.593 0.044
3964.49940 18.591 0.046
3964.70719 18.603 0.046
3965.48756 18.579 0.043
3965.68005 19.100 0.062
3966.51749 18.609 0.044
3966.67054 18.770 0.051
3967.49900 18.724 0.070
3967.69593 19.008 0.062
3968.47929 19.071 0.081
3968.65124 18.629 0.043
3968.72036 19.172 0.087
3969.50789 18.860 0.068
3969.66177 18.644 0.052
3970.48848 19.039 0.085
3970.66940 18.625 0.064
3971.52825 18.886 0.074
3971.70265 18.545 0.045
3973.55332 19.065 0.079
3974.48831 18.673 0.058
3974.66728 19.003 0.070
3975.49099 18.765 0.065
3975.66623 18.688 0.052
3976.48769 18.650 0.039
3976.65485 18.596 0.053
3979.49077 19.185 0.112
3982.54912 19.304 0.093
3983.49724 18.387 0.075
3986.56049 18.729 0.062
3987.48840 19.262 0.108
3987.64935 18.638 0.050
3988.49130 19.034 0.068
3990.62247 18.594 0.053
3995.54911 18.529 0.037
3996.54762 18.686 0.062
3999.56987 18.720 0.061
4001.50011 18.818 0.065
4003.52042 18.564 0.039
4004.50658 18.962 0.066
4006.50249 19.140 0.090
4011.59924 19.132 0.099
4012.55054 18.636 0.064
4016.49803 18.591 0.055
4018.52322 18.758 0.068
4020.52109 18.802 0.077
4023.52147 19.050 0.082
4025.54091 19.098 0.085
4027.54579 18.933 0.070
4030.53760 18.637 0.071
4036.51883 18.683 0.083
4040.49996 19.100 0.121
4042.53002 19.219 0.141
4141.85999 19.026 0.083
4149.87966 18.651 0.055
4153.86598 18.728 0.055
4156.84447 18.711 0.076
4158.86391 18.836 0.065
4161.83184 18.565 0.055
4163.80606 18.882 0.071
4164.82041 18.864 0.071
4165.90076 18.662 0.077
4167.90472 18.596 0.050
4169.90833 18.674 0.058
4174.91508 18.746 0.073
4176.88426 18.776 0.052
4178.77655 18.849 0.063
4179.83535 18.607 0.045
4180.91472 19.148 0.141
4182.81658 19.106 0.059
4183.85271 18.819 0.070
4184.89317 18.613 0.041
4185.86907 19.037 0.073
4189.89913 18.845 0.078
4191.85882 18.750 0.070
4192.77406 18.622 0.066
4194.77348 18.611 0.055
4196.76374 19.188 0.124
4202.74515 18.860 0.060
4203.73333 19.248 0.071
4203.91773 18.599 0.043
4204.72165 18.665 0.056
4205.72206 18.631 0.052
4207.71155 18.585 0.051
4207.88676 18.637 0.043
4208.73367 18.620 0.046
4211.74632 18.991 0.076
4212.90765 18.704 0.061
4213.74032 18.802 0.056
4215.73027 18.594 0.052
4216.68763 19.044 0.079
4216.88071 18.572 0.033
4217.69323 19.289 0.080
4218.71743 19.192 0.121
4219.73888 18.996 0.077
4220.67859 18.518 0.061
4221.72070 18.786 0.072
4222.89895 19.063 0.078
4223.72652 18.687 0.073
4224.77091 18.843 0.079
4228.66514 18.631 0.058
4228.89688 18.618 0.062
4229.65996 18.685 0.073
4229.85701 18.995 0.066
4229.91864 18.553 0.048
4230.66980 18.661 0.049
4230.85776 18.810 0.058
4230.91948 18.763 0.092
4231.65415 19.267 0.091
4231.82958 18.563 0.045
4231.92248 18.768 0.062
4232.73693 18.637 0.057
4232.90399 19.234 0.106
4233.78028 18.964 0.096
4234.69700 19.085 0.086
4235.87921 18.558 0.046
4237.68025 18.539 0.047
4238.71789 18.823 0.058
4238.86386 18.947 0.071
4239.60832 18.868 0.082
4240.66536 18.889 0.056
4240.79675 18.869 0.070
4240.93092 18.657 0.060
4243.62791 18.717 0.070
4243.72418 18.762 0.056
4243.81776 19.218 0.099
4243.93543 18.949 0.078
4244.60372 18.758 0.074
4244.69978 19.097 0.074
4244.79264 18.681 0.050
4245.59642 19.044 0.072
4245.69011 18.708 0.046
4245.78329 18.566 0.041
4246.65515 18.545 0.046
4246.74817 19.056 0.080
4246.84140 18.891 0.072
4247.63811 18.991 0.117
4247.80336 18.573 0.046
4250.71847 18.539 0.050
4251.79003 18.911 0.093
4256.60528 18.739 0.073
4256.75215 19.186 0.114
4256.84996 18.671 0.086
4257.63718 19.182 0.107
4258.62069 18.722 0.076
4258.74338 18.654 0.052
4258.83866 18.601 0.059
4267.58072 18.628 0.062
4268.76813 18.605 0.050
4268.88851 18.698 0.064
4269.56306 19.203 0.089
4269.68410 19.086 0.068
4269.77483 18.614 0.048
4270.55858 18.828 0.070
4272.62699 18.899 0.054
4272.77612 18.627 0.048
4272.84762 18.870 0.082
4273.60399 18.726 0.083
4273.78485 18.678 0.067
4273.84463 18.654 0.063
4274.59645 18.711 0.074
4274.75099 18.992 0.065
4274.81011 18.716 0.065
4275.58919 18.513 0.047
4275.76460 18.938 0.072
4275.82307 18.611 0.062
4275.88425 18.955 0.116
4276.57397 18.656 0.066
4277.51781 18.682 0.079
4277.69299 19.074 0.075
4277.75347 18.566 0.054
4277.81204 19.174 0.123
4278.55161 18.810 0.093
4278.73883 18.713 0.072
4278.81183 19.104 0.118
4283.49728 18.897 0.088
4283.70747 18.653 0.085
4284.49231 18.619 0.064
4284.72277 18.595 0.046
4284.78499 19.162 0.092
4284.85007 18.651 0.079
4285.49078 18.630 0.068
4285.68269 19.097 0.089
4285.74736 18.598 0.052
4285.81512 19.053 0.086
4286.49461 18.576 0.078
4286.78506 18.615 0.059
4289.49881 18.794 0.085
4289.71815 19.003 0.090
4289.78321 18.577 0.060
4289.85001 19.038 0.087
4290.54922 18.567 0.056
4291.65161 18.944 0.064
4291.77400 19.168 0.096
4292.47733 18.669 0.054
4292.65543 19.106 0.066
4292.71506 18.554 0.037
4292.77381 19.219 0.071
4292.83777 18.543 0.055
4293.47767 18.622 0.056
4293.68359 18.854 0.053
4293.74236 18.601 0.040
4293.81997 18.766 0.059
4294.47694 18.627 0.056
4295.47848 18.712 0.082
4295.68198 19.041 0.068
4295.74068 18.630 0.041
4295.82293 19.181 0.089
4296.47975 18.813 0.075
4296.66821 18.639 0.044
4296.76317 18.571 0.050
4297.50056 18.710 0.064
4297.70144 18.833 0.054
4297.80640 18.701 0.065
4298.53526 18.560 0.052
4298.64108 18.764 0.055
4298.73460 19.235 0.088
4299.51808 18.986 0.074
4299.61146 19.042 0.056
4299.70364 18.667 0.045
4299.79383 18.710 0.062
4300.50969 19.141 0.084
4300.63342 19.187 0.067
4300.72985 18.690 0.050
4301.50405 18.778 0.055
4301.59634 18.561 0.038
4301.69296 18.703 0.051
4301.79154 19.015 0.062
4302.57984 18.494 0.051
4302.67171 19.388 0.107
4303.65269 18.790 0.070
4304.53781 18.693 0.069
4304.64722 18.611 0.060
4306.52611 18.623 0.072
4306.66261 18.595 0.057
4307.76314 18.871 0.071
4311.73863 18.564 0.079
4312.50842 18.576 0.070
4312.70362 19.016 0.070
4312.80118 18.900 0.093
4315.54257 18.542 0.046
4316.57143 18.617 0.043
4317.49382 18.901 0.061
4319.50289 18.738 0.062
4319.75734 18.668 0.063
4320.52589 18.779 0.061
4326.48144 18.706 0.059
4327.57486 18.725 0.070
4328.50194 18.704 0.061
4328.67890 19.152 0.087
4329.51232 18.654 0.056
4329.66015 18.788 0.066
4329.71893 18.717 0.071
4330.52465 18.653 0.048
4330.67563 18.786 0.052
4331.50484 18.549 0.046
4331.67138 18.715 0.062
4332.48260 19.104 0.062
4333.51367 18.764 0.066
4333.67472 18.517 0.050
4334.48688 18.893 0.114
4334.58451 18.524 0.092
4338.48703 18.552 0.062
4339.50648 18.539 0.056
4339.67766 18.747 0.088
4340.57515 18.891 0.089
4341.48743 19.284 0.137
4342.51674 18.885 0.074
4343.48484 18.743 0.049
4343.69257 18.600 0.063
4344.52345 19.467 0.147
4345.48888 18.545 0.042
4346.49748 18.612 0.057
4347.51646 18.593 0.060
4348.51319 18.600 0.054
4350.51205 18.738 0.056
4351.48729 18.926 0.064
4352.53477 18.831 0.078
4353.49468 18.679 0.053
4354.52326 18.798 0.055
4355.51385 18.675 0.057
4356.49133 18.653 0.049
4357.57459 18.999 0.103
4358.53183 18.598 0.060
4359.50064 19.049 0.081
4361.55363 18.738 0.080
4362.48901 18.657 0.078
4365.54601 18.784 0.094
4367.52233 18.694 0.062
4368.55791 18.573 0.064
4369.56683 18.583 0.074
4370.54483 18.800 0.060
4371.51829 18.862 0.059
4372.50281 18.628 0.046
4373.56824 19.218 0.097
4375.55441 18.575 0.076
4377.59247 18.572 0.062
4378.50250 19.033 0.079
4379.51783 19.021 0.108
4380.52936 18.994 0.075
4381.50732 18.470 0.068
4382.59587 18.841 0.085
4383.52081 18.535 0.053
4384.55781 18.541 0.066
4387.55071 18.737 0.065
4393.51516 18.715 0.056
4394.57255 18.564 0.076
4395.54396 18.798 0.079
4396.55650 18.771 0.096
4397.51534 18.828 0.081
4398.52297 18.716 0.072
4399.55854 18.884 0.095
4400.51793 18.644 0.086
4402.53256 18.585 0.084
4403.53355 18.691 0.078
4506.88460 18.996 0.115
4510.88139 18.589 0.059
4513.84537 19.096 0.089
4517.83944 18.572 0.088
4519.82536 19.014 0.101
4522.85422 19.366 0.161
4524.83789 18.597 0.054
4530.80003 18.584 0.042
4533.83379 18.490 0.050
4535.88378 18.672 0.054
4537.78340 18.733 0.072
4538.87735 18.654 0.058
4539.83856 19.178 0.072
4540.84847 19.038 0.065
4541.77749 18.742 0.052
4542.77203 18.999 0.103
4543.76768 19.203 0.093
4544.76454 18.680 0.066
4545.75125 18.566 0.067
4546.75786 18.537 0.062
4547.77203 18.701 0.056
4548.82491 18.721 0.060
4550.79716 18.652 0.062
4551.74349 18.894 0.095
4552.78714 19.217 0.170
4556.73982 18.819 0.056
4557.75740 18.677 0.050
4558.77758 18.729 0.045
4559.73044 18.762 0.049
4559.91935 18.706 0.064
4560.73279 18.665 0.055
4560.91997 18.896 0.063
4561.72323 18.519 0.042
4561.90932 19.291 0.076
4564.71344 19.064 0.089
4564.91371 18.598 0.044
4565.71161 19.262 0.071
4565.90219 18.566 0.033
4566.71091 18.799 0.051
4566.90397 18.663 0.039
4567.70309 18.635 0.047
4567.90982 18.740 0.047
4568.70863 18.462 0.052
4569.71829 18.550 0.048
4570.70961 18.627 0.058
4571.69742 18.895 0.090
4571.89540 18.635 0.040
4572.72058 18.824 0.080
4573.72300 18.970 0.073
4574.72543 19.355 0.104
4575.73083 19.105 0.079
4576.73852 19.085 0.090
4577.82271 18.546 0.051
4578.77383 19.082 0.119
4579.85051 18.656 0.062
4583.71750 19.006 0.094
4583.90265 18.599 0.049
4585.73798 18.988 0.083
4586.74587 18.772 0.064
4587.75412 18.774 0.076
4587.91253 19.099 0.085
4588.71930 18.599 0.047
4589.70163 19.181 0.095
4589.85692 18.706 0.056
4589.91894 18.680 0.056
4590.67900 18.728 0.054
4590.88466 18.587 0.046
4591.69081 18.763 0.061
4591.86284 19.025 0.069
4591.92496 18.591 0.052
4592.64929 18.629 0.053
4592.83847 18.788 0.070
4592.90184 18.678 0.058
4593.63858 18.940 0.068
4593.84806 18.719 0.052
4593.91016 18.680 0.054
4594.65961 18.806 0.069
4594.85435 18.707 0.053
4594.92016 18.742 0.060
4595.64509 19.299 0.114
4595.84324 18.575 0.047
4595.90534 19.326 0.107
4596.63840 18.645 0.057
4596.91809 19.191 0.077
4597.66887 19.126 0.079
4597.86020 18.560 0.044
4597.93127 19.189 0.103
4598.63866 18.590 0.039
4598.88345 18.510 0.040
4599.61748 18.697 0.068
4599.82150 18.873 0.049
4600.62667 18.798 0.051
4600.93322 18.595 0.051
4601.63227 18.909 0.066
4601.84855 18.835 0.046
4601.91050 18.564 0.044
4602.61968 19.040 0.068
4602.83427 18.589 0.041
4603.75229 18.867 0.060
4606.62004 18.523 0.056
4610.72178 18.837 0.059
4610.92921 18.506 0.055
4611.61180 18.855 0.083
4611.84472 18.658 0.046
4612.63322 18.968 0.093
4615.77488 18.644 0.059
4615.82641 19.270 0.102
4615.90485 18.753 0.084
4616.58392 19.155 0.108
4616.60929 18.786 0.060
4616.63785 18.628 0.046
4616.67059 18.629 0.046
4616.69357 19.067 0.067
4616.71380 19.242 0.078
4616.73963 18.728 0.046
4616.76868 18.523 0.038
4616.78612 18.547 0.045
4616.80039 18.728 0.050
4616.83142 19.125 0.079
4616.85437 18.835 0.057
4616.87018 18.711 0.056
4616.89582 18.569 0.057
4616.91426 18.587 0.059
4616.93679 18.875 0.091
4617.62598 18.793 0.058
4617.63006 18.637 0.046
4617.64173 18.616 0.046
4617.64743 18.574 0.046
4617.65566 18.514 0.041
4617.66417 18.591 0.043
4617.67242 18.671 0.046
4617.68080 18.648 0.046
4617.68910 18.656 0.039
4617.72173 19.265 0.079
4617.73294 19.191 0.096
4617.74507 18.881 0.061
4617.75627 18.704 0.050
4617.76739 18.679 0.051
4617.77857 18.585 0.046
4617.79410 18.530 0.048
4617.80513 18.633 0.062
4617.82537 18.815 0.071
4617.84045 19.085 0.100
4617.87431 18.698 0.084
4617.89024 18.674 0.071
4617.90156 18.729 0.082
4617.92351 18.577 0.071
4617.93884 18.676 0.093
4618.59547 18.931 0.078
4618.65244 18.601 0.048
4618.71727 18.844 0.055
4621.68464 18.693 0.041
4622.77721 18.904 0.069
4622.89542 18.717 0.072
4623.60882 18.589 0.061
4623.84918 18.703 0.067
4623.92010 18.943 0.100
4624.56095 18.937 0.093
4624.79281 18.793 0.055
4624.85943 18.617 0.048
4625.58716 19.389 0.121
4625.77525 18.676 0.065
4625.86917 18.737 0.065
4626.58456 19.150 0.095
4626.83756 18.960 0.066
4627.54249 18.502 0.051
4627.81103 18.498 0.035
4627.89771 18.819 0.056
4628.57579 18.698 0.059
4628.73956 18.943 0.057
4628.80516 18.746 0.055
4628.86714 18.970 0.068
4629.58901 18.538 0.052
4629.80869 18.606 0.048
4629.89098 19.187 0.083
4630.54247 19.059 0.098
4630.75251 18.697 0.047
4630.83568 18.598 0.048
4630.89868 19.112 0.098
4631.54800 19.110 0.075
4631.76383 18.642 0.048
4631.84158 18.645 0.047
4631.91654 19.104 0.097
4632.54532 18.826 0.079
4632.81037 19.170 0.071
4633.55136 18.783 0.062
4633.65322 18.600 0.047
4633.77481 18.533 0.053
4638.73689 18.565 0.058
4638.83456 18.591 0.058
4639.54957 19.387 0.163
4639.65574 19.094 0.067
4639.83513 18.579 0.090
4640.57566 18.804 0.053
4640.70656 18.736 0.051
4640.81385 19.126 0.092
4641.59850 18.666 0.046
4641.75411 18.502 0.044
4642.57423 19.210 0.089
4642.73474 18.661 0.048
4642.81268 18.821 0.062
4643.53440 18.658 0.067
4644.64684 18.725 0.058
4644.80902 18.593 0.050
4644.82616 18.702 0.053
4644.83461 18.637 0.046
4644.83947 18.804 0.052
4644.84238 18.814 0.054
4644.85247 18.930 0.066
4644.86069 19.223 0.089
4644.87501 19.030 0.078
4644.88041 19.060 0.082
4644.89159 18.641 0.055
4644.89777 18.665 0.062
4644.90064 18.660 0.075
4644.90661 18.814 0.092
4645.48646 18.924 0.096
4645.50103 19.248 0.107
4645.51029 19.063 0.095
4645.53687 18.751 0.088
4645.65563 18.679 0.044
4645.75173 19.160 0.086
4645.79045 18.653 0.060
4645.82758 18.608 0.060
4645.89235 19.003 0.109
4646.48812 18.768 0.061
4646.50287 19.063 0.076
4646.83499 18.525 0.053
4646.88846 19.353 0.137
4647.48175 18.735 0.071
4647.49740 18.757 0.073
4647.72224 18.497 0.048
4647.82901 18.642 0.064
4648.52579 19.035 0.081
4648.61525 18.587 0.047
4648.69149 18.908 0.062
4648.84319 18.530 0.055
4649.50595 18.710 0.069
4649.71643 18.689 0.048
4649.83095 18.725 0.061
4650.53745 18.570 0.051
4650.75490 18.622 0.046
4650.83986 19.086 0.089
4651.49767 18.822 0.078
4651.79049 18.596 0.061
4652.48925 18.948 0.088
4652.69183 18.623 0.049
4652.77342 18.654 0.053
4652.82697 18.747 0.062
4653.48568 19.148 0.118
4653.70478 18.668 0.054
4653.77001 18.900 0.069
4654.52102 19.020 0.088
4654.73270 18.873 0.061
4654.80097 18.642 0.065
4655.48549 18.608 0.067
4655.70988 18.567 0.038
4655.77179 19.189 0.078
4656.48750 18.632 0.044
4656.67727 18.984 0.077
4656.79287 19.068 0.079
4657.56205 18.999 0.089
4658.64583 18.623 0.054
4659.57926 19.033 0.093
4660.53524 18.503 0.069
4661.47563 19.039 0.087
4661.67315 18.611 0.052
4661.73774 19.121 0.081
4661.80484 18.655 0.065
4665.64285 18.748 0.082
4666.48710 18.641 0.084
4666.67176 19.249 0.102
4669.59718 19.007 0.100
4670.63318 18.845 0.065
4671.55417 18.565 0.063
4671.76113 19.238 0.097
4672.48889 18.823 0.055
4672.75235 18.969 0.071
4672.79137 18.820 0.068
4674.49334 18.491 0.059
4675.64807 18.706 0.053
4677.47394 19.120 0.079
4677.62033 18.744 0.065
4677.70407 19.138 0.079
4678.67385 18.553 0.041
4679.56669 18.667 0.065
4681.51533 19.103 0.077
4681.61544 18.743 0.058
4682.48639 18.642 0.045
4682.56231 18.737 0.054
4682.73897 18.680 0.049
4683.69179 18.925 0.074
4684.48854 18.604 0.053
4684.75334 18.521 0.046
4685.53072 18.560 0.050
4686.48601 18.893 0.070
4687.51197 18.720 0.057
4687.72535 19.102 0.094
4688.48262 19.171 0.122
4688.67260 18.639 0.046
4688.73428 19.112 0.101
4693.52707 18.596 0.052
4694.52551 18.431 0.062
4697.48621 19.081 0.080
4698.48676 18.781 0.074
4699.48565 18.731 0.056
4700.49398 18.581 0.050
4701.48931 18.534 0.053
4702.48771 18.669 0.057
4703.59562 19.103 0.079
4704.60285 19.089 0.065
4705.49158 19.061 0.079
4707.59249 18.631 0.047
4708.52424 19.015 0.075
4709.50029 18.580 0.056
4710.52780 18.572 0.055
4711.50985 18.583 0.056
4715.56990 18.565 0.058
4716.56074 18.662 0.062
4720.51336 18.423 0.052
4721.51423 18.659 0.081
4722.62650 18.939 0.083
4724.49333 18.851 0.088
4725.56720 18.652 0.064
4726.53176 18.962 0.098
4728.57623 19.243 0.108
4729.51677 18.750 0.072
4730.60263 19.122 0.084
4731.53969 18.604 0.060
4733.49128 18.703 0.059
4734.53770 19.110 0.094
4737.52592 18.665 0.056
4740.53799 18.621 0.062
4741.51080 19.123 0.071
4743.51925 18.849 0.069
4750.58588 18.555 0.079
4756.50170 18.724 0.073
4765.50339 18.713 0.071
4768.50488 18.974 0.110
4867.87886 18.580 0.061
4870.88785 19.144 0.110
4872.89017 18.850 0.117
4876.85159 19.121 0.088
4884.83465 19.157 0.080
4886.88534 18.867 0.062
4890.86752 18.491 0.038
4896.85517 18.776 0.053
4899.82665 18.806 0.063
4900.80637 19.225 0.097
4901.86650 18.610 0.046
4902.86488 18.824 0.053
4904.78929 18.624 0.057
4905.89308 19.144 0.092
4910.79514 18.669 0.064
4911.76577 18.641 0.040
4912.76258 18.695 0.043
4914.76556 19.146 0.071
4918.76244 18.501 0.037
4924.72450 18.607 0.044
4925.77380 18.734 0.045
4925.88983 18.656 0.038
4926.73762 18.553 0.050
4927.82514 19.413 0.096
4928.71884 19.372 0.108
4929.71874 18.820 0.086
4929.89931 18.624 0.047
4930.77675 18.799 0.063
4930.81384 18.555 0.048
4931.69868 18.557 0.079
4931.82104 18.526 0.046
4932.77631 19.232 0.073
4933.69642 18.597 0.072
4933.82459 18.627 0.052
4934.70957 18.754 0.104
4934.78366 18.858 0.073
4934.79998 19.123 0.076
4938.70452 18.769 0.060
4938.80443 18.583 0.051
4939.73011 18.830 0.059
4939.82503 18.578 0.052
4940.72760 18.687 0.049
4941.70229 18.579 0.049
4941.82936 18.493 0.046
4942.68182 18.952 0.073
4942.85470 18.568 0.040
4943.69416 19.118 0.067
4943.76024 18.556 0.037
4944.69953 19.260 0.079
4944.77471 18.668 0.041
4945.69628 19.069 0.075
4945.85154 18.942 0.046
4946.75637 18.698 0.044
4947.84036 18.766 0.047
4948.86356 18.869 0.049
4949.65899 18.825 0.057
4950.69999 18.555 0.046
4951.70715 18.681 0.050
4952.80451 19.113 0.065
4953.66332 18.612 0.049
4953.76903 18.632 0.046
4954.68344 18.716 0.045
4954.78892 18.516 0.038
4955.68738 18.740 0.057
