2127.49565 19.063 0.102
2130.52846 18.995 0.062
2133.54262 18.912 0.058
2136.66381 18.975 0.081
2141.65460 18.824 0.090
2165.57705 18.903 0.081
2171.64410 18.891 0.073
2179.53444 19.157 0.106
2189.52945 18.797 0.094
2212.55423 18.860 0.100
2214.51151 19.079 0.139
2337.84145 18.931 0.070
2352.85895 18.849 0.066
2361.85339 18.777 0.066
2373.80823 18.942 0.076
2384.84405 18.835 0.057
2388.84339 18.957 0.061
2390.88173 18.852 0.073
2393.87561 19.039 0.105
2400.82300 18.911 0.060
2402.92970 18.769 0.068
2406.87246 18.946 0.084
2411.73050 18.883 0.062
2415.90578 18.738 0.078
2417.87656 18.937 0.073
2425.90846 18.927 0.126
2428.88663 18.898 0.084
2434.80322 18.959 0.060
2436.85190 18.781 0.062
2438.83573 18.894 0.066
2441.78809 18.964 0.068
2445.70924 19.004 0.070
2448.74151 18.923 0.157
2454.76825 18.735 0.078
2460.73548 18.773 0.082
2463.61888 18.893 0.057
2466.59210 18.877 0.057
2468.77661 18.787 0.060
2470.76057 18.900 0.062
2481.63307 18.806 0.094
2484.69524 18.885 0.077
2496.56174 18.789 0.043
2498.59980 18.914 0.045
2500.62592 19.019 0.060
2502.64412 18.825 0.069
2510.54368 18.829 0.094
2516.50448 18.951 0.090
2517.55138 18.749 0.078
2520.66012 18.883 0.068
2529.52661 18.961 0.065
2538.57584 18.818 0.081
2542.56481 18.946 0.064
2548.53002 18.852 0.078
2552.56739 18.812 0.084
2557.53164 18.789 0.069
2561.52758 18.719 0.089
2562.48403 18.954 0.163
2563.49391 18.821 0.069
2568.56213 18.927 0.137
2708.87957 18.818 0.065
2719.88576 18.850 0.060
2729.91124 18.821 0.068
2734.88479 18.936 0.060
2747.76893 18.981 0.104
2754.77918 18.847 0.065
2757.84421 18.823 0.065
2763.79735 18.847 0.057
2767.88963 18.845 0.082
2775.79511 18.864 0.092
2776.75000 18.863 0.115
2783.88411 18.771 0.061
2785.75049 18.956 0.077
2788.62996 18.946 0.081
2790.77632 18.915 0.065
2793.70303 18.962 0.078
2795.66295 19.051 0.062
2797.67411 18.858 0.047
2809.79421 18.859 0.069
2811.71467 18.773 0.069
2812.84395 18.886 0.076
2813.88768 18.912 0.084
2815.86846 18.756 0.073
2817.76696 18.863 0.062
2819.67734 18.828 0.052
2821.72652 18.840 0.069
2830.69877 18.712 0.097
2835.70827 18.874 0.066
2837.71870 18.702 0.096
2839.77846 18.964 0.088
2841.79962 18.928 0.076
2843.72693 18.854 0.072
2845.71658 18.952 0.064
2850.61264 18.825 0.050
2852.62393 18.908 0.086
2854.62098 18.855 0.072
2857.52773 18.984 0.068
2858.73999 18.779 0.061
2862.65105 18.831 0.084
2865.63116 18.931 0.057
2868.62744 18.830 0.058
2871.70814 18.875 0.070
2876.70912 18.896 0.072
2879.67446 18.695 0.069
2884.70566 18.850 0.080
2893.58209 18.880 0.061
2895.60942 18.919 0.061
2900.52370 18.791 0.070
2905.65640 18.942 0.114
2911.57765 18.902 0.068
2921.52732 18.757 0.077
2931.57837 18.785 0.068
3052.88814 18.799 0.064
3059.87409 18.868 0.064
3064.88542 18.881 0.073
3068.83848 18.745 0.066
3071.89106 18.991 0.072
3073.90018 18.802 0.058
3077.79032 18.867 0.198
3080.83946 18.955 0.073
3083.78574 18.772 0.048
3085.89759 18.971 0.056
3087.83221 18.855 0.056
3089.84893 18.860 0.047
3091.85000 18.830 0.060
3097.83259 18.882 0.057
3099.85861 19.130 0.096
3101.82789 18.973 0.076
3102.86024 18.912 0.065
3104.77585 19.006 0.145
3106.92243 18.808 0.072
3108.81256 18.835 0.050
3109.92653 18.853 0.070
3110.90241 18.726 0.050
3112.85940 18.854 0.052
3114.85437 18.757 0.048
3116.84198 18.923 0.069
3122.85783 18.948 0.093
3125.91495 18.791 0.080
3126.81146 18.874 0.053
3127.89749 18.807 0.064
3128.88679 18.902 0.085
3130.76434 18.760 0.068
3131.62966 18.654 0.110
3134.89977 18.885 0.170
3135.78467 18.832 0.056
3137.83662 18.859 0.081
3138.72181 18.962 0.072
3140.69356 18.798 0.057
3140.92737 18.956 0.078
3141.75867 18.766 0.057
3142.83294 18.794 0.054
3144.85089 18.915 0.058
3146.91731 18.843 0.052
3147.93377 18.930 0.080
3151.82491 18.755 0.066
3152.82461 18.801 0.061
3153.82314 18.838 0.072
3154.91702 19.002 0.100
3157.89711 18.632 0.064
3158.70962 18.684 0.085
3162.86093 19.031 0.078
3163.82327 18.722 0.052
3164.80900 18.863 0.061
3164.91645 18.928 0.086
3165.66225 18.900 0.049
3167.67182 18.840 0.072
3168.82211 18.840 0.056
3169.84805 18.900 0.074
3170.87758 18.901 0.057
3171.72383 18.894 0.050
3172.52259 18.885 0.082
3172.61567 18.808 0.048
3172.71308 18.877 0.053
3172.81478 19.038 0.072
3173.70096 18.894 0.072
3173.76190 18.873 0.065
3173.80931 18.822 0.066
3173.82742 18.934 0.070
3174.50662 18.749 0.078
3174.60169 18.932 0.060
3174.77657 18.730 0.050
3175.53540 18.799 0.073
3175.85752 18.888 0.066
3176.53947 18.873 0.102
3176.69324 18.819 0.073
3177.69649 18.990 0.101
3177.79406 18.837 0.089
3177.83316 18.739 0.085
3178.55267 19.137 0.113
3179.57604 18.734 0.050
3179.87786 19.004 0.078
3180.79441 18.946 0.052
3182.85468 18.783 0.057
3183.81047 18.997 0.094
3184.76909 18.844 0.056
3185.62396 18.843 0.052
3193.61924 18.754 0.048
3194.51893 18.855 0.086
3194.80968 18.947 0.061
3195.74280 18.708 0.045
3196.59569 18.816 0.060
3196.83849 18.843 0.065
3197.78419 18.951 0.072
3199.78072 18.824 0.073
3201.82790 19.024 0.085
3202.77527 18.788 0.053
3203.60440 18.851 0.041
3204.75245 18.860 0.054
3205.68278 18.988 0.052
3206.78926 19.032 0.100
3210.56634 18.826 0.073
3211.74628 18.829 0.072
3217.72217 18.920 0.077
3218.77328 19.140 0.150
3223.72223 18.730 0.070
3224.76673 18.819 0.078
3226.71413 19.015 0.109
3228.68774 18.862 0.070
3229.71850 18.921 0.070
3230.73439 18.800 0.064
3231.67917 18.806 0.076
3232.67712 18.732 0.082
3238.68621 18.836 0.076
3240.53539 18.792 0.056
3241.71904 19.018 0.108
3245.64803 18.722 0.073
3247.50933 18.780 0.060
3249.62173 18.888 0.072
3251.52475 18.719 0.070
3254.60630 18.771 0.070
3257.54428 18.764 0.044
3260.58975 18.907 0.094
3265.54270 18.824 0.066
3267.60095 19.065 0.086
3273.49998 19.198 0.153
3277.51932 18.822 0.076
3280.52020 18.850 0.085
3282.59092 18.683 0.044
3289.52505 18.783 0.074
3294.52033 18.859 0.060
3296.51944 18.851 0.073
3302.51662 18.792 0.094
3418.85924 18.935 0.069
3423.88730 18.749 0.045
3427.84100 18.853 0.078
3430.82643 18.795 0.068
3436.87304 18.883 0.076
3443.84416 18.932 0.053
3445.87263 19.008 0.053
3447.91700 18.828 0.082
3450.79660 18.758 0.044
3453.84001 18.791 0.066
3455.90554 19.118 0.086
3458.87526 18.816 0.056
3459.89046 18.828 0.056
3468.87393 18.865 0.057
3469.87662 19.133 0.057
3472.86155 18.917 0.050
3474.79515 18.694 0.056
3476.77170 18.847 0.048
3478.86709 18.803 0.052
3480.88273 19.008 0.073
3483.81761 19.067 0.069
3496.91098 18.892 0.076
3497.89795 19.039 0.069
3500.90701 19.394 0.105
3502.89125 18.835 0.054
3503.87209 18.776 0.048
3506.93149 18.808 0.060
3508.90884 18.672 0.070
3509.89166 18.932 0.057
3511.91520 18.955 0.061
3512.90508 18.893 0.068
3520.66733 19.048 0.080
3521.79806 18.668 0.049
3522.86571 19.062 0.082
3524.85695 18.887 0.060
3527.64025 18.802 0.058
3527.72571 18.779 0.039
3528.88462 18.869 0.078
3529.92342 18.823 0.058
3530.86293 18.808 0.040
3530.89431 18.864 0.050
3538.85245 18.790 0.058
3541.88661 18.782 0.062
3544.88404 18.812 0.084
3547.85144 18.795 0.066
3550.82826 19.408 0.093
3551.84026 18.846 0.056
3552.83563 18.772 0.068
3554.83862 18.753 0.084
3556.84669 18.740 0.078
3558.62361 18.870 0.052
3559.63200 18.857 0.050
3560.70840 18.798 0.052
3561.61561 18.843 0.053
3562.66300 19.017 0.058
3563.72768 18.833 0.052
3569.65563 18.885 0.117
3573.78606 18.805 0.074
3574.75829 18.705 0.062
3575.70023 18.894 0.052
3576.76686 18.785 0.066
3578.74131 18.826 0.052
3579.68987 19.015 0.058
3580.73644 18.748 0.065
3581.73939 18.978 0.069
3582.68833 18.919 0.050
3583.70651 18.818 0.056
3584.71045 19.004 0.054
3585.70903 18.839 0.044
3586.76310 18.751 0.048
3589.75258 19.052 0.073
3590.47630 18.763 0.056
3590.56090 18.861 0.054
3590.63980 18.937 0.058
3590.74876 18.866 0.069
3591.48938 19.062 0.066
3591.54463 18.912 0.041
3591.64243 18.864 0.044
3591.73037 18.831 0.050
3591.76513 18.928 0.060
3592.47507 18.812 0.064
3592.54263 18.799 0.047
3592.65952 18.780 0.040
3592.70158 18.823 0.047
3593.46870 19.127 0.078
3593.51878 18.776 0.044
3593.54768 18.784 0.052
3594.50613 18.840 0.072
3594.58876 18.983 0.047
3594.66518 18.807 0.052
3594.74891 18.814 0.065
3602.72532 18.874 0.093
3603.72031 18.991 0.086
3607.70426 18.832 0.072
3608.69694 18.695 0.050
3615.65464 18.806 0.066
3617.61627 18.703 0.060
3619.61338 18.830 0.056
3621.65508 19.080 0.076
3629.53930 19.034 0.064
3631.56816 18.683 0.069
3633.59313 18.593 0.076
3640.52651 18.878 0.069
3644.60236 18.892 0.068
3649.57835 18.791 0.065
3652.55227 18.886 0.092
3656.54506 18.792 0.076
3660.54926 18.914 0.094
3665.53208 18.787 0.074
3670.52218 18.907 0.106
3778.84179 18.724 0.082
3783.88067 18.952 0.054
3785.89164 18.889 0.065
3788.89567 18.725 0.072
3792.88584 18.945 0.054
3794.88497 18.923 0.053
3796.87675 18.779 0.062
3797.87640 18.901 0.050
3800.85744 18.852 0.072
3802.80437 18.920 0.065
3803.83697 19.009 0.066
3804.88413 18.967 0.065
3806.89666 18.995 0.060
3808.88163 18.991 0.060
3810.79763 18.719 0.069
3812.78379 19.108 0.097
3814.77468 18.969 0.080
3818.83961 18.827 0.056
3819.89904 18.876 0.045
3820.89128 18.904 0.050
3821.90263 18.844 0.047
3822.91448 19.030 0.062
3824.90953 18.692 0.064
3825.90160 18.937 0.060
3826.92506 18.834 0.080
3827.90077 18.984 0.050
3828.91288 18.886 0.058
3829.90877 18.967 0.052
3830.87520 18.700 0.048
3832.90298 19.055 0.069
3833.89138 18.894 0.052
3834.81658 18.766 0.044
3835.86899 18.742 0.039
3836.87847 19.060 0.068
3837.85723 18.777 0.048
3838.86137 18.818 0.054
3839.88043 18.876 0.085
3840.86443 18.965 0.061
3841.84779 18.812 0.054
3842.76163 19.017 0.076
3842.92265 18.990 0.114
3845.85215 18.886 0.084
3846.85608 18.914 0.050
3847.89796 18.818 0.072
3848.87166 18.820 0.061
3849.90089 18.883 0.061
3850.82094 18.966 0.066
3851.82723 18.771 0.065
3852.81934 18.887 0.058
3853.80864 18.786 0.044
3856.79727 18.909 0.061
3858.86130 18.913 0.058
3860.85266 18.837 0.078
3861.86794 18.798 0.049
3862.81112 18.705 0.039
3863.78935 18.988 0.056
3864.81327 18.922 0.045
3865.77557 19.010 0.070
3866.74073 18.955 0.056
3867.74809 18.815 0.062
3868.74348 18.719 0.068
3869.72522 18.894 0.073
3873.72870 18.788 0.058
3874.77549 18.877 0.069
3875.75815 18.990 0.049
3877.71710 18.841 0.057
3880.78384 19.003 0.057
3881.79241 18.742 0.041
3882.72736 18.929 0.066
3883.77914 18.751 0.060
3886.74272 19.009 0.065
3887.72247 18.775 0.043
3889.88422 18.866 0.058
3891.61586 19.057 0.100
3892.75150 18.891 0.052
3893.78234 19.000 0.088
3894.81936 18.969 0.085
3896.76979 19.114 0.114
3900.66654 19.036 0.100
3901.67206 18.905 0.062
3902.68960 18.972 0.061
3903.83060 18.863 0.062
3904.66945 19.018 0.045
3905.68013 18.772 0.044
3906.65796 18.789 0.056
3907.72400 19.038 0.105
3908.66393 18.960 0.047
3909.66205 18.825 0.040
3912.66614 18.792 0.035
3913.66633 18.891 0.045
3914.71409 18.966 0.053
3915.66320 18.850 0.045
3916.74494 18.943 0.074
3917.76212 19.064 0.082
3918.76244 18.847 0.053
3919.69260 18.851 0.044
3920.64629 18.924 0.066
3921.65476 18.834 0.085
3930.71641 18.772 0.050
3931.63261 18.764 0.060
3932.59646 18.785 0.044
3933.64366 18.766 0.037
3934.61038 19.017 0.054
3934.81553 19.117 0.088
3935.59135 18.903 0.053
3936.57641 19.031 0.077
3937.65522 18.884 0.057
3938.62066 18.685 0.044
3940.76546 18.907 0.045
3942.51366 19.115 0.097
3944.48380 19.250 0.081
3944.60196 18.739 0.050
3944.70185 19.100 0.057
3944.77866 18.759 0.065
3945.47758 18.740 0.064
3945.60032 18.951 0.085
3945.68179 18.826 0.048
3945.77077 19.263 0.096
3946.48332 18.799 0.068
3946.64859 18.988 0.060
3946.69595 18.853 0.061
3946.74700 18.772 0.056
3946.76234 18.869 0.062
3946.78180 18.625 0.058
3950.66410 18.878 0.054
3951.67490 18.961 0.086
3959.63573 18.723 0.053
3960.62684 18.820 0.045
3963.63222 18.938 0.056
3964.66836 18.776 0.044
3965.64324 18.832 0.044
3966.63770 18.779 0.048
3967.66113 19.086 0.060
3968.62064 18.830 0.060
3969.63112 18.912 0.073
3970.63787 18.758 0.056
3971.66923 18.839 0.050
3973.69743 18.660 0.060
3974.63498 18.963 0.068
3975.62757 18.826 0.056
3976.62150 18.963 0.069
3979.65669 19.094 0.093
3982.68940 19.106 0.163
3986.67001 18.958 0.098
3987.61878 18.726 0.053
3988.65091 18.971 0.066
3989.56905 18.958 0.081
3991.57048 18.920 0.100
3995.51831 18.781 0.052
4001.58864 18.883 0.058
4002.62425 19.016 0.073
4003.57872 18.925 0.052
4011.56205 18.873 0.092
4015.59100 18.883 0.104
4017.56470 19.016 0.082
4019.57288 18.705 0.064
4023.55563 18.515 0.074
4025.50718 18.711 0.058
4027.51495 18.857 0.074
4030.50698 18.964 0.089
4151.89739 18.739 0.089
4155.86138 18.739 0.062
4158.82316 18.961 0.078
4160.88649 18.750 0.086
4162.87389 18.708 0.070
4165.85830 19.002 0.100
4167.85122 19.002 0.125
4169.85357 18.796 0.057
4174.86764 18.843 0.061
4176.84492 18.698 0.056
4177.90182 18.876 0.060
4179.79613 19.023 0.076
4180.86469 18.860 0.070
4182.77304 18.970 0.061
4183.81000 18.760 0.060
4185.78575 18.761 0.062
4190.88378 18.701 0.049
4192.88800 19.055 0.070
4193.89901 18.716 0.053
4196.87864 18.884 0.061
4202.89028 18.931 0.058
4203.87844 18.828 0.049
4204.88526 18.747 0.047
4205.87407 18.900 0.061
4207.89799 18.767 0.052
4208.90749 18.877 0.066
4213.87900 18.909 0.047
4215.91313 18.815 0.054
4216.83760 18.899 0.064
4217.85986 18.956 0.049
4218.90422 18.884 0.057
4220.88835 19.123 0.123
4222.84806 18.810 0.057
4228.85203 18.830 0.080
4229.81745 18.711 0.054
4230.79860 18.810 0.047
4231.84091 19.026 0.073
4232.86186 18.671 0.081
4234.79655 18.807 0.054
4234.83402 18.917 0.060
4235.82043 18.992 0.060
4237.63729 18.713 0.076
4238.82500 19.013 0.098
4240.61871 19.032 0.121
4243.87130 18.889 0.081
4244.87805 18.880 0.076
4244.88690 18.890 0.077
4244.90986 19.016 0.084
4245.91247 18.659 0.062
4246.92536 18.994 0.101
4247.58247 19.026 0.069
4250.91170 18.974 0.108
4256.81003 18.877 0.084
4257.69393 18.857 0.078
4258.79685 18.888 0.073
4268.57791 19.013 0.098
4269.71771 18.868 0.053
4272.63956 18.747 0.050
4273.68700 18.820 0.064
4274.67084 18.967 0.072
4275.72764 18.726 0.065
4277.56851 18.857 0.081
4278.70160 18.808 0.074
4283.64864 18.848 0.060
4284.63007 18.752 0.066
4285.63707 19.000 0.094
4286.73081 18.881 0.100
4289.68052 18.773 0.077
4290.75972 18.749 0.080
4291.75793 18.978 0.089
4292.61548 18.963 0.057
4293.64323 18.739 0.045
4294.68447 18.844 0.065
4295.64448 18.900 0.054
4296.62364 18.884 0.052
4297.55518 18.710 0.048
4298.78668 19.037 0.092
4299.75684 18.677 0.044
4300.68683 18.787 0.057
4301.55613 18.811 0.052
4302.79007 18.786 0.068
4306.54712 18.811 0.096
4307.56874 18.925 0.062
4311.58964 18.709 0.082
4312.65689 18.769 0.050
4317.64398 18.994 0.080
4319.65293 18.795 0.069
4326.66214 18.887 0.064
4327.69730 18.833 0.081
4328.63210 18.785 0.064
4329.62334 18.778 0.069
4330.63675 18.976 0.065
4331.63216 18.917 0.069
4332.68684 18.973 0.082
4333.63595 18.831 0.086
4334.64942 18.907 0.119
4338.66904 18.708 0.082
4339.63902 18.957 0.086
4340.70219 19.014 0.114
4341.67975 18.910 0.097
4342.68006 18.780 0.073
4343.64988 18.747 0.066
4345.64977 19.085 0.118
4346.65493 18.900 0.097
4347.66905 18.804 0.069
4349.64410 18.757 0.058
4350.66865 18.867 0.073
4351.63955 18.962 0.074
4354.64828 18.900 0.080
4357.58636 18.874 0.076
4359.55986 19.114 0.090
4365.60127 18.755 0.088
4368.60432 18.775 0.101
4370.55994 18.852 0.060
4372.59278 18.820 0.060
4377.55349 18.879 0.078
4381.59586 18.813 0.100
4515.89691 18.730 0.077
4520.87591 18.908 0.092
4523.85945 18.748 0.078
4525.85417 18.746 0.094
4532.88233 18.656 0.056
4534.90343 18.944 0.082
4537.79446 18.774 0.073
4538.90786 18.949 0.085
4539.79925 18.974 0.077
4541.83113 18.778 0.062
4543.82084 18.826 0.053
4544.81773 18.936 0.073
4545.83522 18.841 0.057
4547.80908 18.698 0.052
4550.80809 18.771 0.072
4552.79811 18.831 0.073
4556.88987 18.832 0.048
4557.91554 18.918 0.050
4558.88206 18.743 0.054
4559.87998 18.959 0.061
4560.88017 18.759 0.047
4561.86921 18.847 0.044
4564.87334 18.917 0.048
4565.86301 18.761 0.037
4566.86421 18.954 0.049
4567.86979 18.681 0.040
4568.90174 18.805 0.049
4569.88496 18.812 0.061
4570.89350 18.788 0.053
4571.85524 18.809 0.045
4572.89360 18.746 0.064
4573.86884 18.970 0.056
4574.87738 18.782 0.054
4575.88560 18.948 0.058
4583.85207 18.773 0.070
4585.84261 18.786 0.056
4586.86139 18.764 0.057
4587.87329 19.069 0.112
4588.76348 19.028 0.066
4589.73285 18.752 0.054
4590.81249 18.814 0.053
4591.72531 18.727 0.052
4592.79888 18.727 0.068
4593.78431 18.938 0.058
4594.81267 18.810 0.053
4595.80350 18.819 0.050
4596.75916 18.736 0.044
4597.82097 18.737 0.052
4598.79048 18.889 0.044
4599.76971 18.805 0.048
4600.79209 18.945 0.044
4601.78069 18.775 0.044
4602.78434 18.870 0.044
4606.83803 18.748 0.057
4611.76180 18.801 0.066
4616.75394 18.918 0.053
4616.93984 18.890 0.101
4618.65835 18.763 0.060
4622.73708 18.735 0.058
4623.81014 18.860 0.070
4624.74889 18.753 0.058
4625.73186 18.921 0.073
4626.79394 18.980 0.078
4627.71116 18.967 0.049
4628.70002 18.765 0.049
4629.76952 18.747 0.048
4630.70872 18.887 0.054
4631.72398 18.761 0.040
4632.75844 18.915 0.056
4633.89389 18.676 0.086
4639.84655 18.810 0.104
4640.85099 19.067 0.121
4641.88858 18.949 0.104
4642.53441 18.899 0.089
4643.69084 18.891 0.065
4644.78095 18.896 0.064
4645.69330 18.898 0.060
4646.66051 18.832 0.047
4647.68190 18.835 0.057
4649.66701 18.705 0.050
4650.70505 18.900 0.060
4651.70570 18.852 0.062
4652.63826 19.021 0.065
4653.63322 18.694 0.047
4654.67025 18.837 0.072
4655.64148 18.858 0.048
4656.63760 18.801 0.061
4658.79484 18.956 0.109
4661.62725 18.891 0.052
4666.49847 18.853 0.096
4670.72996 18.864 0.076
4671.68356 18.873 0.060
4672.64334 18.846 0.068
4674.67125 18.808 0.065
4675.79614 19.118 0.104
4677.71546 18.801 0.060
4679.68836 18.952 0.089
4681.69936 18.963 0.077
4682.69700 18.765 0.053
4683.65302 18.939 0.073
4684.67178 18.652 0.060
4684.76497 18.836 0.069
4685.69761 18.730 0.057
4686.77018 18.797 0.061
4687.68588 18.813 0.073
4688.63175 18.705 0.052
4694.71588 18.816 0.106
4697.64066 18.912 0.084
4698.65874 18.656 0.062
4700.65398 18.758 0.058
4701.63729 18.913 0.068
4702.65173 18.811 0.069
4708.67338 18.865 0.073
4715.63444 18.858 0.086
4720.64013 18.660 0.108
4721.64758 18.936 0.112
4722.63814 19.056 0.108
4725.61102 18.858 0.092
4726.63929 18.731 0.078
4733.60033 18.686 0.070
4739.49311 18.853 0.080
4750.54244 18.907 0.104
4757.54931 19.052 0.084
4763.52559 18.912 0.081
4876.89322 18.800 0.090
4883.87946 18.807 0.084
4886.84618 18.883 0.068
4890.81867 18.786 0.066
4894.86965 18.855 0.072
4898.86295 18.869 0.056
4900.84843 18.860 0.064
4901.90003 18.904 0.054
4902.82566 18.914 0.062
4903.88831 18.829 0.053
4904.85382 18.759 0.057
4906.90686 18.687 0.065
4911.88902 18.724 0.039
4913.90242 18.703 0.045
4924.89748 18.900 0.057
4926.74825 18.933 0.072
4928.80420 18.796 0.065
4930.73965 18.741 0.061
4931.88181 18.813 0.061
4932.78967 18.824 0.050
4933.73390 18.697 0.064
4934.83549 18.724 0.057
4938.84399 18.863 0.066
4940.78873 18.842 0.058
4941.84056 18.799 0.060
4942.86599 18.864 0.056
4943.72317 18.777 0.048
4944.78805 18.934 0.056
4949.80252 18.774 0.045
4951.82746 19.030 0.086
4953.73207 18.718 0.050
4954.84958 18.931 0.060
