2124.55885 17.160 0.028
2129.49386 16.999 0.009
2132.51272 17.285 0.011
2136.51298 17.147 0.013
2140.53047 17.046 0.012
2143.51275 17.041 0.012
2166.61547 17.060 0.011
2171.58827 17.044 0.010
2178.54072 17.076 0.015
2193.51745 17.033 0.010
2349.88846 17.028 0.009
2356.90186 17.202 0.011
2365.80963 17.186 0.015
2378.92572 17.107 0.012
2385.77503 17.056 0.010
2389.73977 17.032 0.011
2392.70178 17.150 0.019
2396.90078 17.262 0.014
2400.91131 17.122 0.012
2402.79865 17.150 0.011
2404.79790 17.182 0.009
2406.73635 17.201 0.012
2414.69944 17.060 0.011
2416.67534 17.118 0.013
2424.63427 17.259 0.014
2431.89345 17.112 0.013
2433.84686 17.156 0.012
2435.64544 17.128 0.010
2437.88066 17.005 0.013
2440.72520 17.227 0.011
2443.83016 17.269 0.014
2445.84558 17.076 0.010
2446.87202 17.043 0.013
2458.62178 17.300 0.015
2460.82235 17.049 0.015
2462.81294 17.282 0.012
2463.79642 17.135 0.009
2465.72742 17.286 0.011
2467.70484 17.024 0.009
2469.74494 17.049 0.009
2471.55521 17.315 0.012
2473.72338 17.055 0.010
2484.49432 17.263 0.017
2489.62078 17.051 0.008
2492.57343 17.130 0.011
2494.62098 17.050 0.009
2496.68072 17.044 0.008
2498.72125 17.112 0.011
2500.74640 17.317 0.012
2510.66020 17.021 0.012
2516.60655 17.287 0.015
2519.52130 17.248 0.012
2524.56944 17.155 0.011
2528.60102 17.002 0.011
2539.51807 17.261 0.013
2544.55702 17.232 0.012
2553.54800 17.142 0.017
2560.51770 17.065 0.018
2568.52231 17.297 0.018
2710.88356 17.130 0.010
2725.87885 17.091 0.010
2731.81818 17.149 0.010
2735.91010 17.155 0.011
2747.87861 17.128 0.016
2754.89447 17.155 0.010
2758.86772 17.208 0.017
2764.86286 17.054 0.010
2769.76381 17.182 0.008
2783.65323 17.139 0.011
2785.66889 17.033 0.010
2787.73135 17.078 0.011
2789.84305 17.046 0.010
2791.83211 17.269 0.012
2793.87866 17.131 0.012
2795.80594 17.233 0.010
2797.79326 17.010 0.008
2809.58543 17.197 0.013
2811.57463 17.057 0.014
2812.78958 17.003 0.012
2814.66859 17.029 0.009
2815.83184 17.202 0.012
2817.56628 17.049 0.012
2818.84211 17.055 0.010
2820.57766 17.205 0.013
2826.55220 17.042 0.010
2834.58881 17.227 0.020
2836.51121 17.087 0.011
2838.51952 17.244 0.014
2841.54595 17.055 0.011
2844.52773 17.093 0.010
2847.57161 17.069 0.014
2850.75373 17.023 0.011
2852.74826 17.215 0.013
2855.55139 17.036 0.012
2857.64052 17.059 0.011
2866.50925 17.165 0.013
2869.56008 17.115 0.011
2875.57127 17.062 0.011
2882.52613 17.268 0.011
2885.57944 17.047 0.012
2892.49831 17.152 0.014
2895.52076 17.106 0.012
2900.65733 17.233 0.017
2906.58293 17.062 0.012
2912.53111 17.180 0.012
2922.54756 17.177 0.015
2933.56474 17.113 0.013
3054.85966 17.051 0.011
