2106.77737 17.446 0.026
2112.76568 17.540 0.024
2128.58275 17.246 0.019
2131.57614 16.902 0.015
2134.67978 16.882 0.018
2138.55990 16.862 0.018
2158.52784 17.488 0.022
2162.51316 16.914 0.019
2168.54798 17.446 0.033
2173.50600 16.885 0.023
2180.50461 17.254 0.020
2184.50932 16.948 0.024
2194.56439 17.171 0.022
2321.88195 17.419 0.032
2326.81506 16.886 0.022
2345.82461 17.322 0.020
2350.82868 17.655 0.024
2358.89339 17.315 0.024
2370.82158 16.911 0.017
2381.82885 16.936 0.015
2384.80172 17.469 0.024
2388.85949 17.105 0.018
2391.74551 17.513 0.033
2396.77699 17.273 0.033
2400.70495 16.882 0.017
2402.81921 16.871 0.015
2404.85184 17.540 0.024
2406.93579 17.377 0.031
2415.73265 16.924 0.018
2417.70947 16.863 0.017
2426.68762 17.376 0.023
2431.81831 17.034 0.017
2433.74547 16.927 0.017
2434.81856 16.898 0.015
2436.59308 16.977 0.019
2438.62346 17.148 0.020
2440.60492 17.223 0.021
2442.62219 16.848 0.015
2444.71852 16.857 0.018
2446.68701 16.945 0.017
2453.74996 16.912 0.017
2458.74301 16.962 0.018
2462.73174 17.458 0.021
2463.83239 16.941 0.015
2466.76229 17.116 0.020
2468.47465 16.863 0.019
2470.47758 17.122 0.024
2474.47980 16.869 0.024
2482.63139 17.409 0.026
2485.64138 16.877 0.019
2489.71204 16.975 0.015
2492.65740 17.414 0.022
2494.71107 16.893 0.015
2497.51364 17.461 0.025
2499.54962 16.872 0.015
2501.57721 17.321 0.020
2503.50243 17.708 0.087
2511.55755 17.105 0.024
2517.49443 16.854 0.020
2520.68356 17.010 0.017
2526.53779 16.883 0.015
2537.48785 17.231 0.027
2540.50385 17.037 0.022
2546.51435 17.513 0.029
2550.49572 16.861 0.022
2554.56758 16.990 0.020
2558.50410 17.398 0.033
2565.50480 16.845 0.021
2698.89907 17.152 0.022
2711.88210 16.868 0.015
2721.90379 16.878 0.026
2730.90269 17.519 0.024
2743.77918 16.915 0.015
2748.79785 16.916 0.018
2755.78789 17.362 0.020
2759.78293 16.867 0.016
2765.79604 17.050 0.017
2769.78069 16.908 0.012
2782.71894 16.880 0.019
2784.71177 16.931 0.015
2786.59830 16.850 0.021
2788.69597 16.873 0.014
2788.73165 16.859 0.014
2788.81973 17.194 0.020
2788.93236 17.112 0.017
2789.61901 17.323 0.023
2789.73310 17.041 0.018
2790.82455 16.861 0.015
2791.71572 17.516 0.024
2791.93904 16.895 0.015
2792.58554 16.849 0.021
2792.62317 16.877 0.019
2794.61897 17.670 0.034
2796.57352 17.329 0.022
2802.58994 16.946 0.023
2808.63984 16.914 0.017
2810.57817 16.895 0.016
2812.57976 17.402 0.023
2813.82358 16.956 0.016
2815.60210 16.992 0.018
2816.66782 16.931 0.015
2817.78225 17.024 0.020
2818.67744 16.964 0.015
2819.77137 16.854 0.016
2821.66942 16.963 0.019
2826.66026 17.180 0.016
2826.68916 16.970 0.014
2830.79053 16.908 0.027
2835.48752 16.878 0.021
2837.50646 17.094 0.027
2838.73686 16.995 0.018
2840.50761 16.958 0.019
2842.56549 16.870 0.016
2844.62030 17.104 0.017
2848.55979 16.863 0.020
2851.54619 17.613 0.026
2853.54994 16.898 0.016
2854.74554 17.025 0.020
2857.73259 17.042 0.020
2862.51378 17.076 0.025
2864.51149 17.151 0.024
2867.66502 16.912 0.017
2868.52698 17.462 0.024
2871.49287 16.920 0.016
2875.64264 17.418 0.026
2877.66295 16.882 0.016
2882.55284 16.937 0.016
2889.53966 17.228 0.030
2894.58707 17.284 0.023
2898.64282 17.038 0.021
2903.54552 16.864 0.015
2908.60365 16.991 0.023
2912.54945 17.092 0.020
2926.57301 17.285 0.024
3043.87242 17.192 0.021
3044.86716 16.916 0.019
3055.88322 16.885 0.015
3064.82722 16.962 0.019
3067.90064 16.969 0.015
3070.86220 17.603 0.032
3073.81760 16.969 0.017
3075.85629 17.281 0.022
3079.90081 17.372 0.025
3082.87177 16.989 0.016
3084.91420 17.300 0.020
3086.84576 17.155 0.015
3088.80322 17.426 0.020
3089.91249 17.090 0.018
3091.84071 16.989 0.017
3096.87367 17.147 0.028
3098.86270 17.135 0.015
3100.81180 17.013 0.016
3102.87776 17.600 0.048
3103.78306 16.839 0.029
3104.90377 16.822 0.038
3106.85378 16.839 0.024
3108.77565 16.882 0.015
3109.80783 17.118 0.015
3110.84222 17.002 0.016
3112.80054 16.883 0.014
3113.88156 17.625 0.025
3114.79239 16.903 0.014
3115.87585 16.943 0.016
3122.91837 17.367 0.025
3125.87874 17.114 0.022
3126.90430 16.866 0.015
3127.81854 17.093 0.019
3128.82822 16.894 0.015
3130.70614 17.506 0.029
3131.89528 16.883 0.022
3135.90747 17.071 0.019
3138.70919 16.859 0.016
3139.88648 17.034 0.027
3140.88627 17.478 0.023
3142.77455 16.901 0.014
3144.79551 17.116 0.018
3146.81814 16.910 0.016
3151.75814 17.064 0.020
3151.91079 17.099 0.021
3152.76222 16.876 0.023
3153.76614 16.910 0.018
3154.82767 17.008 0.021
3156.84743 16.902 0.018
3158.92154 16.876 0.024
3162.82241 16.886 0.017
3163.63530 16.894 0.014
3163.65706 17.046 0.015
3164.74466 16.857 0.014
3165.76477 17.073 0.014
3166.90996 17.393 0.036
3167.77020 17.013 0.020
3168.75800 16.922 0.015
3169.73435 16.887 0.015
3170.81140 17.608 0.022
3171.83417 16.918 0.012
3172.76115 17.460 0.022
3174.71806 17.149 0.015
3175.72741 16.869 0.014
3177.76458 17.478 0.039
3178.79110 16.864 0.011
3179.80083 16.875 0.016
3180.72975 16.898 0.012
3182.78073 17.586 0.026
3183.74930 17.692 0.033
3184.70710 17.505 0.020
3185.75974 16.861 0.015
3193.54537 16.855 0.015
3194.60394 17.051 0.031
3195.65594 16.880 0.013
3195.80897 16.871 0.014
3196.55442 17.062 0.020
3197.52191 17.079 0.015
3199.63174 17.012 0.024
3201.52356 17.425 0.022
3202.57797 16.889 0.015
3203.66754 17.064 0.015
3204.66185 16.913 0.014
3205.77549 17.094 0.015
3206.72632 17.374 0.021
3210.55169 16.969 0.021
3211.59214 17.165 0.021
3217.48224 16.869 0.016
3218.65921 17.284 0.024
3219.61505 17.031 0.023
3223.66038 17.023 0.020
3224.70587 16.963 0.016
3226.62991 17.137 0.021
3228.60968 16.862 0.015
3229.64216 17.057 0.018
3230.67574 17.170 0.017
3231.57942 16.987 0.015
3238.62808 16.911 0.020
3239.70680 17.766 0.037
3240.68794 17.442 0.029
3241.66284 17.397 0.026
3245.56271 17.046 0.020
3246.66642 17.459 0.030
3247.63262 17.478 0.025
3249.53463 16.987 0.017
3250.66728 17.056 0.022
3253.53507 16.835 0.015
3256.64434 16.941 0.020
3267.54041 17.354 0.025
3272.59581 16.896 0.019
3275.57879 17.100 0.024
3278.60768 16.839 0.017
3282.58171 17.207 0.014
3288.55423 17.665 0.028
3293.52485 16.958 0.012
3295.53504 17.008 0.011
3314.51954 16.786 0.023
3409.88570 17.019 0.019
3414.87418 17.294 0.020
3422.88009 16.828 0.015
3426.87121 16.984 0.015
3429.85323 16.940 0.016
3432.89666 16.820 0.014
3442.89913 16.922 0.015
3445.81188 16.884 0.012
3447.86253 17.389 0.022
3449.87517 16.867 0.012
3452.89572 17.147 0.015
3455.83000 16.965 0.019
3457.86351 17.193 0.017
3459.85872 17.020 0.015
3467.88854 17.161 0.016
3469.79450 16.876 0.013
3470.80739 17.286 0.015
3472.76986 17.338 0.019
3473.78965 16.876 0.015
3474.78631 16.848 0.016
3475.81190 17.259 0.017
3477.77369 17.641 0.024
3479.77251 16.903 0.011
3480.73268 16.943 0.013
3481.75064 16.829 0.013
3482.72739 16.862 0.013
3496.73019 17.026 0.016
3497.80172 17.129 0.024
3498.92602 17.017 0.017
3499.87290 16.871 0.012
3500.73912 17.620 0.029
3501.82986 16.946 0.012
3502.72861 16.962 0.012
3503.69778 16.943 0.013
3504.71250 16.847 0.013
3506.75637 17.021 0.015
3508.76591 16.864 0.017
3509.73902 16.902 0.013
3510.80875 17.001 0.015
3511.84790 16.894 0.014
3512.71763 17.490 0.030
3517.69854 17.117 0.034
3520.77202 17.261 0.020
3521.72879 16.985 0.013
3522.75671 17.284 0.015
3523.76193 16.909 0.012
3524.90364 16.910 0.017
3525.76009 16.938 0.013
3526.76307 17.262 0.017
3528.68400 17.003 0.014
3529.70626 17.230 0.012
3530.62139 16.938 0.012
3537.74661 17.014 0.013
3538.61792 17.089 0.015
3539.82821 16.928 0.011
3540.66125 17.044 0.029
3544.73345 17.729 0.034
3546.72680 16.950 0.022
3547.81961 17.274 0.026
3550.64608 16.873 0.012
3551.64742 17.031 0.010
3552.68203 17.123 0.015
3553.73141 16.874 0.015
3554.66995 16.825 0.015
3555.68834 16.976 0.016
3556.68441 17.360 0.019
3558.54146 16.865 0.015
3558.84015 16.965 0.017
3559.71005 16.857 0.013
3560.61143 17.110 0.015
3561.55639 17.595 0.022
3562.59981 16.847 0.016
3563.65060 17.490 0.020
3564.58557 16.986 0.018
3569.57372 16.872 0.019
3573.66865 17.341 0.024
3574.70005 16.922 0.015
3575.54756 16.836 0.011
3575.78417 17.662 0.029
3576.70140 16.903 0.015
3577.60151 16.975 0.014
3578.68616 17.533 0.020
3579.63167 17.074 0.015
3580.66487 17.159 0.018
3581.68469 16.816 0.011
3582.65657 16.819 0.013
3583.64702 16.838 0.013
3583.76689 16.900 0.017
3584.65566 17.112 0.014
3584.77033 16.871 0.015
3585.64600 17.468 0.022
3586.73110 16.941 0.013
3589.68466 17.539 0.019
3590.69375 17.106 0.017
3591.69218 16.892 0.012
3594.72130 17.280 0.018
3601.66984 17.509 0.024
3602.63046 17.702 0.028
3603.65049 16.944 0.015
3607.64882 17.447 0.019
3608.66420 16.911 0.014
3615.59194 17.226 0.017
3618.59357 16.889 0.015
3620.55675 17.031 0.014
3622.53464 17.344 0.029
3628.61548 16.897 0.021
3630.55017 16.896 0.018
3632.60182 16.914 0.020
3634.50089 17.379 0.021
3639.55979 16.911 0.012
3641.55818 16.917 0.021
3644.51857 17.458 0.020
3648.55170 17.555 0.030
3650.59883 16.855 0.020
3654.55437 17.462 0.036
3656.53563 16.954 0.019
3658.56746 17.167 0.028
3660.54014 17.532 0.031
3664.54130 16.977 0.015
3669.54081 16.929 0.018
3675.52218 16.828 0.017
3776.88070 16.851 0.016
3782.86534 16.901 0.015
3784.89062 17.311 0.021
3787.85260 16.972 0.015
3790.88334 17.670 0.030
3792.87994 16.944 0.011
3794.83693 16.898 0.016
3796.82648 16.896 0.015
3798.79763 17.250 0.021
3799.87129 16.830 0.016
3800.89764 17.316 0.021
3801.87983 17.560 0.026
3802.84534 17.490 0.022
3803.88067 16.913 0.013
3805.79667 17.114 0.019
3806.81680 16.841 0.014
3807.83050 16.944 0.017
3808.79019 16.917 0.015
3809.79303 17.212 0.017
3810.83758 16.857 0.013
3811.83356 16.816 0.014
3812.82534 16.883 0.016
3813.80399 16.912 0.014
3814.81821 17.627 0.023
3817.84961 16.920 0.017
3818.88043 17.323 0.017
3819.79600 16.924 0.012
3820.76631 16.928 0.013
3821.76940 17.367 0.019
3822.80884 16.875 0.015
3823.76497 16.942 0.014
3824.78242 16.874 0.016
3825.79985 17.257 0.020
3826.78250 17.483 0.022
3827.79570 17.067 0.015
3828.76927 17.046 0.022
3829.80460 16.868 0.012
3830.72628 16.941 0.015
3831.88952 16.838 0.012
3832.74785 17.059 0.015
3833.75557 17.390 0.019
3834.73454 17.243 0.020
3835.73032 16.968 0.017
3835.78453 16.854 0.013
3835.91635 16.854 0.013
3836.75867 16.858 0.018
3837.72523 16.850 0.015
3837.89805 16.865 0.012
3838.73269 17.120 0.022
3839.73401 17.655 0.037
3840.76021 16.910 0.015
3840.90480 16.937 0.015
3841.71545 16.947 0.016
3842.84027 16.962 0.015
3845.71374 17.447 0.038
3845.90163 17.171 0.029
3846.72466 16.953 0.013
3847.79097 17.211 0.024
3848.74587 16.973 0.017
3849.74505 17.421 0.020
3850.68884 16.981 0.015
3850.86080 17.031 0.015
3850.93227 16.988 0.021
3851.70404 17.640 0.030
3851.86729 17.419 0.023
3852.69276 17.208 0.019
3852.92129 16.857 0.015
3853.68102 16.972 0.014
3853.84866 16.912 0.012
3853.92020 16.957 0.013
3854.69765 16.827 0.014
3856.67106 16.922 0.015
3856.83736 17.039 0.016
3857.90895 16.883 0.013
3858.72755 16.819 0.014
3859.79013 17.662 0.024
3860.80632 16.928 0.019
3861.65992 16.866 0.015
3861.76692 16.987 0.014
3862.66495 17.046 0.018
3862.85531 17.464 0.020
3862.92899 16.809 0.015
3863.68113 17.436 0.023
3863.90090 16.827 0.011
3864.67097 17.042 0.017
3864.86109 16.857 0.012
3865.72861 16.904 0.014
3865.87215 16.854 0.013
3866.68026 16.825 0.013
3866.81978 16.824 0.014
3866.89795 17.606 0.024
3867.69504 17.203 0.017
3867.88173 17.524 0.023
3868.70297 17.164 0.020
3868.84707 17.616 0.030
3868.93516 16.815 0.019
3869.68169 17.031 0.015
3869.86300 16.904 0.016
3872.88291 17.440 0.021
3873.68694 17.596 0.024
3873.82908 17.077 0.017
3873.90021 16.936 0.014
3874.73787 16.836 0.015
3874.91272 16.798 0.013
3875.70660 16.838 0.011
3875.85344 16.845 0.012
3876.62562 17.272 0.016
3877.70251 16.959 0.011
3877.85223 16.920 0.013
3877.92531 17.170 0.020
3879.65853 17.128 0.014
3880.82776 17.360 0.023
3880.90683 16.842 0.014
3881.65330 17.039 0.015
3881.86875 16.821 0.012
3881.91539 17.010 0.013
3882.63821 16.905 0.013
3882.79174 16.999 0.015
3882.86562 16.874 0.013
3882.93425 17.160 0.015
3883.62577 16.841 0.015
3883.82287 16.815 0.014
3886.58789 16.957 0.017
3886.78639 17.325 0.019
3886.86159 16.868 0.014
3887.63889 17.003 0.014
3887.76587 17.451 0.020
3887.86944 16.871 0.014
3887.94145 17.422 0.024
3889.65290 16.860 0.013
3889.92772 16.887 0.015
3890.71918 16.919 0.011
3891.66226 17.217 0.016
3891.78395 17.230 0.024
3891.86627 16.869 0.015
3892.72893 16.905 0.014
3892.92064 17.166 0.018
3893.60259 17.272 0.021
3894.65709 16.861 0.018
3894.66667 16.901 0.016
3894.87243 17.403 0.024
3896.59313 16.835 0.021
3900.52096 17.189 0.024
3900.71130 17.409 0.024
3900.79063 16.825 0.014
3900.85920 17.602 0.024
3901.53572 17.229 0.021
3901.71200 16.982 0.014
3901.78977 16.925 0.015
3901.86285 17.157 0.019
3902.55128 16.829 0.014
3902.73433 16.850 0.014
3902.85186 16.952 0.017
3903.64316 17.066 0.016
3903.89168 16.847 0.015
3904.54671 16.928 0.014
3904.70913 16.994 0.013
3904.77855 17.116 0.015
3904.85133 16.834 0.013
3905.54351 17.283 0.019
3905.71985 17.683 0.020
3905.79014 16.829 0.011
3905.85873 17.120 0.015
3906.55485 17.094 0.019
3906.74420 16.926 0.014
3906.81743 17.010 0.016
3907.58567 16.831 0.014
3907.77098 16.865 0.016
3907.85548 17.028 0.021
3908.52364 16.840 0.015
3908.71045 16.814 0.013
3908.78736 17.422 0.021
3908.87016 16.838 0.015
3909.52336 16.847 0.016
3909.70617 16.853 0.011
3909.79652 17.010 0.014
3909.87608 16.967 0.016
3910.54376 17.122 0.020
3912.51820 17.567 0.020
3912.70989 16.969 0.012
3912.80093 17.037 0.014
3912.88876 16.898 0.015
3913.51109 17.116 0.015
3913.71296 16.844 0.015
3913.80849 17.607 0.020
3914.53714 16.812 0.015
3914.76868 17.539 0.022
3914.78226 17.560 0.021
3915.51284 16.808 0.015
3915.71785 17.096 0.016
3915.80904 16.866 0.013
3916.55762 17.498 0.027
3917.53569 17.275 0.023
3917.80856 16.926 0.018
3918.56609 16.845 0.015
3918.80326 17.251 0.020
3919.53030 16.867 0.016
3919.74315 16.897 0.013
3920.50049 16.820 0.017
3920.69709 16.841 0.015
3920.77901 17.159 0.015
3921.50039 16.842 0.015
3921.69957 16.973 0.020
3921.80231 16.825 0.018
3922.69767 17.540 0.033
3930.51810 16.861 0.015
3930.77470 17.386 0.029
3931.48545 16.856 0.016
3932.51697 16.897 0.015
3932.79230 16.831 0.016
3933.49804 16.954 0.014
3933.68780 17.280 0.016
3933.76341 16.830 0.012
3934.48080 17.123 0.017
3934.69756 17.060 0.015
3934.76668 16.863 0.013
3935.53071 16.910 0.015
3935.70197 16.900 0.016
3935.77061 17.104 0.018
3936.48406 17.033 0.020
3936.64941 16.952 0.014
3936.72594 16.957 0.015
3937.49037 16.772 0.018
3937.77043 17.104 0.022
3938.48878 16.836 0.016
3938.68267 17.083 0.016
3938.76553 16.904 0.015
3939.55615 17.063 0.015
3940.67445 17.235 0.015
3944.52914 17.761 0.025
3945.50201 17.651 0.027
3945.70449 16.948 0.015
3945.76035 16.864 0.015
3946.50334 17.132 0.019
3946.69265 16.872 0.015
3946.77407 17.187 0.020
3950.50913 17.368 0.020
3950.72278 16.978 0.014
3951.50382 17.263 0.022
3951.73629 16.820 0.015
3955.67793 17.269 0.038
3956.55756 16.894 0.021
3957.49698 17.204 0.021
3958.56768 16.964 0.015
3959.49351 16.808 0.015
3959.67489 16.813 0.014
3960.48980 16.837 0.013
3960.66886 16.976 0.013
3960.74089 17.054 0.017
3961.56116 16.945 0.018
3963.52246 16.837 0.014
3963.69979 16.806 0.013
3964.51450 16.822 0.012
3964.71939 17.001 0.015
3965.49583 16.824 0.012
3965.69017 17.011 0.014
3966.52577 17.598 0.023
3966.67885 17.327 0.020
3967.50729 17.580 0.031
3967.70420 16.930 0.015
3968.48758 17.359 0.022
3968.65954 17.094 0.016
3968.72864 16.853 0.016
3969.51616 16.831 0.015
3969.67007 16.845 0.015
3970.49681 16.816 0.016
3970.67765 16.855 0.013
3971.53652 17.458 0.027
3971.71091 17.664 0.029
3973.56206 16.809 0.016
3974.49660 16.915 0.016
3974.67555 16.860 0.016
3975.49924 16.805 0.015
3975.67453 16.828 0.015
3976.49592 16.863 0.012
3976.67320 16.928 0.017
3979.49903 17.151 0.022
3982.55799 17.157 0.020
3982.61980 16.799 0.015
3982.67523 17.092 0.023
3983.47648 16.962 0.021
3983.51375 17.467 0.040
3986.56878 17.272 0.026
3987.49670 16.847 0.015
3988.49953 17.171 0.016
3990.63070 17.457 0.025
3995.55738 16.817 0.012
3999.57817 16.911 0.015
4001.50837 16.911 0.018
4003.52872 16.951 0.014
4004.51487 17.126 0.015
4006.51074 16.982 0.016
4011.60749 16.893 0.020
4012.55881 16.807 0.016
4016.50630 17.495 0.028
4018.53150 16.825 0.017
4020.52938 17.238 0.023
4023.52973 16.845 0.016
4025.54914 17.275 0.021
4027.55407 16.888 0.017
4030.54583 17.066 0.019
4036.52709 17.008 0.023
4040.50826 16.821 0.020
4043.49773 17.235 0.035
4141.86827 17.223 0.022
4149.88512 16.901 0.018
4153.87143 16.912 0.017
4156.84993 16.937 0.019
4158.86939 16.945 0.018
4161.83733 16.823 0.016
4163.82019 17.197 0.024
4164.82587 17.434 0.024
4165.90624 16.958 0.024
4167.91365 17.056 0.026
4170.78719 17.385 0.048
4175.78114 17.076 0.021
4176.88970 16.879 0.016
4178.78197 16.895 0.015
4179.84081 17.286 0.020
4181.77714 17.165 0.020
4182.82203 16.851 0.014
4183.85817 16.985 0.018
4184.89863 17.098 0.015
4185.87455 17.030 0.018
4189.90910 17.068 0.024
4191.86425 16.936 0.020
4192.77948 17.311 0.028
4194.77892 16.903 0.016
4196.76917 16.855 0.018
4202.75060 16.879 0.015
4203.73879 16.889 0.014
4203.92316 17.090 0.017
4204.72709 16.989 0.018
4205.72752 17.435 0.027
4207.71697 16.911 0.017
4207.89219 16.904 0.014
4208.73913 16.848 0.016
4211.78327 16.895 0.019
4212.91922 16.814 0.016
4213.74580 16.814 0.015
4215.73570 17.128 0.021
4216.69310 16.966 0.019
4216.88594 17.590 0.016
4217.69869 17.439 0.022
4218.72288 16.894 0.020
4219.74434 16.889 0.017
4220.68680 16.826 0.017
4221.72992 17.414 0.029
4222.90440 17.017 0.017
4223.73285 16.954 0.020
4224.77640 16.946 0.019
4228.67058 17.048 0.020
4228.90239 16.985 0.022
4229.66545 17.495 0.031
4229.86245 17.061 0.018
4229.92412 16.824 0.015
4230.67527 16.947 0.015
4230.86323 16.864 0.016
4230.92496 16.975 0.022
4231.65960 16.882 0.016
4231.83519 16.864 0.015
4231.92798 17.454 0.026
4232.74240 17.655 0.031
4232.90946 17.383 0.027
4233.79148 16.838 0.017
4234.70247 17.266 0.024
4235.88469 16.832 0.015
4237.68573 16.819 0.015
4238.72337 17.447 0.021
4238.86932 17.288 0.024
4238.93106 16.954 0.022
4239.61384 16.831 0.016
4240.67085 17.455 0.021
4240.80522 17.237 0.021
4240.93640 16.870 0.016
4243.63340 16.858 0.018
4243.72965 17.516 0.026
4243.82324 16.863 0.017
4243.94089 16.938 0.022
4244.60921 16.866 0.019
4244.70527 17.601 0.026
4244.79835 16.843 0.015
4245.60188 16.841 0.015
4245.69560 17.360 0.020
4245.79204 16.915 0.015
4246.66066 17.498 0.026
4246.75363 16.860 0.017
4246.84687 16.988 0.018
4247.67585 16.876 0.015
4247.81378 17.000 0.016
4250.72396 17.045 0.019
4251.79550 17.084 0.027
4256.61077 16.846 0.019
4256.75759 16.886 0.023
4256.85543 17.233 0.031
4257.64267 17.564 0.035
4258.62592 17.546 0.033
4258.74919 17.017 0.018
4258.84388 16.822 0.017
4267.58596 16.827 0.020
4268.77338 17.012 0.018
4268.89373 16.844 0.017
4269.56830 16.944 0.018
4269.68933 16.851 0.015
4269.78010 17.484 0.023
4270.56385 17.167 0.021
4272.63224 16.888 0.015
4272.78136 16.845 0.015
4272.85284 17.598 0.033
4273.60925 16.951 0.022
4273.79007 17.062 0.021
4273.84988 17.159 0.024
4274.60172 17.069 0.023
4274.75623 17.000 0.017
4274.81538 17.194 0.022
4275.59444 17.424 0.022
4275.76985 17.581 0.029
4275.82831 16.867 0.020
4275.88951 17.010 0.027
4276.57922 17.392 0.026
4277.52306 17.240 0.027
4277.69870 17.601 0.027
4277.75871 16.914 0.018
4277.81731 16.969 0.024
4278.56007 16.921 0.023
4278.74405 16.863 0.019
4278.81707 17.237 0.031
4283.50253 17.184 0.025
4283.72270 17.037 0.026
4284.49756 17.602 0.034
4284.72804 16.836 0.015
4284.79024 17.122 0.020
4284.85531 17.025 0.024
4285.49600 17.063 0.021
4285.68811 16.895 0.019
4285.75491 17.054 0.018
4285.82038 17.091 0.021
4286.50029 16.879 0.019
4286.79721 17.044 0.021
4289.50502 17.451 0.033
4289.72340 16.962 0.019
4289.78846 16.930 0.017
4290.55447 16.834 0.017
4291.65686 16.987 0.018
4291.77926 17.458 0.030
4292.48257 16.856 0.015
4292.66068 16.848 0.015
4292.72031 17.127 0.017
4292.77903 16.997 0.016
4292.84304 16.888 0.017
4293.48295 16.839 0.016
4293.68883 17.105 0.018
4293.74764 16.976 0.015
4293.82523 16.903 0.016
4294.48221 16.972 0.017
4295.48373 17.448 0.030
4295.68723 17.004 0.015
4295.74595 16.826 0.013
4295.82819 17.471 0.028
4296.48501 17.250 0.023
4296.67347 16.884 0.015
4296.78964 17.666 0.028
4297.50582 16.871 0.018
4297.70671 16.895 0.014
4297.81920 16.879 0.018
4298.54052 17.098 0.023
4298.64635 16.838 0.016
4298.73984 17.429 0.024
4299.52338 17.295 0.020
4299.61672 16.790 0.013
4299.70889 17.502 0.020
4299.79909 16.877 0.020
4300.51928 17.314 0.021
4300.63868 17.088 0.017
4300.73510 16.880 0.015
4301.50929 17.030 0.019
4301.60158 16.969 0.015
4301.70429 16.876 0.015
4301.79678 17.457 0.021
4302.58307 17.131 0.017
4302.67695 16.855 0.016
4303.66469 16.845 0.020
4304.54307 17.611 0.036
4304.65246 16.894 0.021
4306.53280 16.983 0.023
4306.66787 17.292 0.024
4307.76842 17.282 0.022
4311.74390 16.870 0.023
4312.51368 16.944 0.020
4312.70886 16.846 0.015
4312.80646 17.465 0.032
4315.54785 17.696 0.029
4316.57670 16.907 0.015
4317.49908 17.484 0.027
4319.50817 16.802 0.016
4319.76260 17.516 0.029
4320.53113 17.006 0.018
4326.48669 16.861 0.017
4327.58038 16.880 0.020
4328.50741 17.272 0.024
4328.68441 16.966 0.019
4329.51756 16.898 0.017
4329.66543 16.935 0.018
4329.72418 16.873 0.020
4330.53016 16.845 0.015
4330.68109 16.805 0.014
4331.51034 16.898 0.015
4331.67690 16.957 0.020
4332.48810 16.926 0.015
4333.51917 17.196 0.021
4333.68025 17.298 0.024
4334.49238 17.190 0.044
4334.59007 16.910 0.024
4338.49253 17.185 0.024
4339.51198 17.134 0.020
4339.68321 16.995 0.026
4340.58065 16.964 0.020
4341.49294 16.846 0.020
4342.52222 16.977 0.020
4343.49824 17.022 0.015
4343.69807 17.549 0.030
4344.52896 17.035 0.024
4345.49436 17.067 0.015
4346.50297 16.855 0.018
4347.52193 16.912 0.020
4348.63329 16.843 0.016
4350.51753 17.015 0.017
4351.49278 16.977 0.016
4352.54028 16.908 0.020
4353.50019 16.878 0.015
4354.52878 17.458 0.025
4355.53037 16.976 0.018
4356.49679 17.001 0.016
4357.58009 17.311 0.028
4358.53734 17.059 0.020
4359.50612 17.020 0.020
4361.55913 16.825 0.020
4362.49452 16.934 0.024
4365.55150 17.050 0.024
4367.52788 16.831 0.016
4368.56339 17.080 0.025
4369.57652 17.484 0.043
4370.55035 17.395 0.022
4371.52378 17.302 0.020
4372.50829 17.068 0.016
4373.57377 16.967 0.017
4375.56472 17.262 0.029
4377.59794 16.882 0.019
4378.50799 16.864 0.016
4379.52339 16.799 0.019
4380.53487 17.087 0.019
4381.51283 17.198 0.029
4382.60136 16.847 0.018
4383.52632 16.931 0.020
4384.58336 17.127 0.026
4387.56174 16.908 0.018
4393.52066 17.335 0.024
4394.57804 16.881 0.020
4395.54943 16.895 0.020
4396.56197 17.266 0.029
4397.52084 17.114 0.022
4398.52850 17.328 0.029
4399.56402 16.810 0.019
4400.52342 16.834 0.021
4402.53803 17.163 0.031
4403.53903 17.524 0.038
4506.88978 17.364 0.040
4511.84125 16.897 0.015
4513.85083 17.302 0.022
4517.84488 17.017 0.023
4519.83080 17.282 0.028
4522.86392 17.145 0.026
4524.84332 17.396 0.027
4530.80551 17.367 0.019
4533.83923 16.892 0.017
4535.88925 16.919 0.017
4537.78886 17.290 0.025
4538.88280 17.216 0.020
4539.84402 17.043 0.017
4540.85391 17.276 0.020
4541.78296 17.023 0.017
4542.77748 17.493 0.031
4543.77312 17.140 0.021
4544.76997 16.892 0.017
4545.75670 16.833 0.019
4546.76328 16.886 0.018
4547.77745 17.290 0.024
4548.83037 16.864 0.017
4550.80261 16.827 0.018
4551.74895 16.825 0.016
4552.79257 17.270 0.031
4556.74524 16.878 0.016
4557.76284 16.862 0.015
4558.78304 17.396 0.020
4559.73590 17.124 0.017
4559.92479 17.464 0.036
4560.73825 17.647 0.027
4561.72869 17.179 0.017
4561.91476 16.913 0.014
4564.71892 16.851 0.015
4564.91916 17.212 0.020
4565.71707 16.996 0.015
4565.90763 17.592 0.019
4566.71637 17.490 0.022
4566.91290 17.028 0.014
4567.70857 17.181 0.019
4567.91526 16.840 0.014
4568.71409 16.873 0.015
4569.72378 16.861 0.015
4570.71508 16.924 0.019
4571.90106 17.397 0.020
4572.74000 16.985 0.019
4573.72844 16.874 0.016
4574.73088 16.817 0.017
4575.73630 16.919 0.015
4576.74400 17.495 0.024
4577.82817 16.921 0.015
4578.77931 16.822 0.019
4579.85599 17.005 0.018
4583.72294 17.252 0.026
4583.90807 16.921 0.015
4585.74346 16.847 0.017
4586.75133 17.144 0.020
4587.75958 17.297 0.024
4587.91801 17.374 0.028
4588.72476 17.372 0.023
4589.70709 17.137 0.020
4589.86237 17.355 0.025
4589.92440 16.834 0.016
4590.68448 17.034 0.019
4590.69337 16.940 0.019
4590.70483 16.908 0.015
4590.71599 16.860 0.015
4590.73878 16.830 0.015
4590.77236 16.933 0.015
4590.80681 17.451 0.023
4590.85572 16.976 0.015
4590.89010 16.838 0.014
4590.93237 16.883 0.016
4591.64008 17.308 0.025
4591.69627 16.812 0.016
4591.78551 17.601 0.024
4591.86829 16.853 0.015
4591.93043 17.200 0.021
4592.65476 16.862 0.016
4592.84396 16.820 0.018
4592.90727 17.304 0.021
4593.64405 16.801 0.015
4593.85363 16.935 0.016
4593.91562 17.066 0.017
4594.66505 17.045 0.022
4594.85983 17.497 0.024
4594.92561 16.829 0.015
4595.65053 17.246 0.023
4595.84872 17.193 0.019
4595.91085 16.813 0.015
4596.64385 17.628 0.031
4596.92356 16.983 0.015
4597.67434 16.837 0.015
4597.86566 16.860 0.015
4597.93677 17.552 0.035
4598.64410 16.850 0.013
4598.88894 17.371 0.020
4599.62295 16.838 0.018
4599.82696 16.902 0.013
4600.63215 16.875 0.015
4600.93873 16.831 0.017
4601.63775 17.242 0.020
4601.85401 16.981 0.014
4601.91595 16.842 0.015
4602.62515 17.506 0.024
4602.83974 16.883 0.013
4603.75777 17.616 0.026
4606.62552 16.943 0.019
4610.72725 17.195 0.018
4610.93470 16.834 0.016
4611.61729 16.822 0.019
4611.85017 17.515 0.024
4612.63868 17.302 0.028
4615.78037 16.884 0.015
4616.58942 16.865 0.020
4616.80588 16.862 0.015
4616.87569 17.202 0.020
4617.65292 17.454 0.024
4618.60092 17.020 0.018
4621.70157 17.368 0.018
4621.82349 16.902 0.011
4621.84228 17.101 0.015
4621.89837 17.033 0.016
4622.56277 16.911 0.021
4622.63673 16.891 0.016
4622.69326 17.277 0.021
4622.79955 16.949 0.016
4622.90089 16.848 0.019
4622.94298 16.812 0.019
4623.61432 16.962 0.021
4623.85837 16.929 0.020
4623.92559 16.889 0.020
4624.57473 16.975 0.022
4624.79831 17.315 0.023
4624.86491 16.813 0.015
4624.93390 17.394 0.027
4625.59261 17.488 0.028
4625.78074 17.086 0.021
4625.87466 16.943 0.020
4626.59104 17.029 0.020
4626.84304 16.924 0.016
4627.54796 17.206 0.021
4627.81852 16.971 0.014
4627.90321 16.903 0.014
4628.58127 16.810 0.015
4628.74505 16.832 0.014
4628.81066 17.300 0.022
4628.87260 16.908 0.016
4629.61626 17.289 0.020
4629.81871 17.105 0.017
4629.89647 16.860 0.015
4630.54796 16.906 0.018
4630.75800 17.434 0.022
4630.84118 16.813 0.015
4630.90416 17.188 0.022
4631.55347 17.226 0.019
4631.76935 17.015 0.015
4631.84707 16.915 0.015
4631.92206 17.135 0.023
4632.55665 17.361 0.024
4632.82748 16.959 0.015
4633.55687 16.963 0.017
4633.65871 17.245 0.024
4633.78032 16.865 0.015
4638.74238 16.896 0.016
4638.84003 17.337 0.024
4639.56371 16.853 0.018
4639.66119 17.592 0.024
4639.84059 17.257 0.030
4640.58113 16.892 0.014
4640.71222 16.812 0.014
4640.81933 17.107 0.021
4641.60399 17.572 0.024
4641.75959 17.452 0.024
4642.57972 17.516 0.024
4642.74025 17.423 0.022
4642.81818 16.807 0.015
4643.53987 17.563 0.030
4644.65235 17.128 0.020
4644.83163 17.570 0.023
4645.50654 17.200 0.023
4645.75718 16.877 0.018
4645.83308 17.122 0.021
4646.50838 16.898 0.017
4646.84046 16.857 0.016
4647.50288 16.799 0.016
4647.72771 17.236 0.022
4647.83447 16.817 0.017
4648.53130 17.094 0.020
4648.62075 16.861 0.015
4648.69709 17.229 0.020
4648.84868 17.023 0.021
4649.51142 17.272 0.024
4649.72193 17.024 0.016
4649.83650 17.257 0.022
4650.54293 16.914 0.017
4650.76037 16.866 0.015
4650.84539 17.123 0.020
4651.50319 16.990 0.020
4651.79875 17.408 0.025
4652.49475 16.930 0.021
4652.69732 16.848 0.015
4652.77888 17.210 0.020
4652.83251 16.852 0.016
4653.49119 16.833 0.020
4653.71024 17.134 0.019
4653.77548 16.979 0.020
4654.52653 17.350 0.027
4654.73818 16.963 0.016
4654.80646 16.853 0.020
4655.49097 17.224 0.024
4655.71538 16.931 0.015
4655.77731 16.889 0.015
4656.49299 17.356 0.020
4656.68273 16.956 0.016
4656.79835 17.549 0.027
4657.56755 16.906 0.020
4658.65133 16.818 0.017
4659.58541 17.029 0.023
4660.60348 16.823 0.016
4661.48109 17.330 0.024
4661.67864 17.168 0.019
4661.74321 16.799 0.015
4661.81034 17.392 0.027
4665.64834 16.922 0.020
4666.49258 17.301 0.029
4666.67726 17.424 0.025
4669.60266 17.254 0.029
4670.63868 16.831 0.016
4671.56607 16.921 0.018
4671.76664 16.835 0.017
4672.49437 17.410 0.020
4672.75785 16.850 0.015
4672.79684 17.202 0.021
4674.52831 16.835 0.015
4675.66917 16.857 0.015
4677.47945 17.091 0.019
4677.62584 16.931 0.018
4677.70955 16.953 0.018
4678.67984 16.928 0.015
4679.57218 16.976 0.021
4681.52083 17.046 0.017
4681.62091 16.807 0.015
4682.49186 17.042 0.016
4682.56778 16.904 0.016
4682.74447 16.864 0.015
4683.51015 17.199 0.028
4683.69728 16.931 0.019
4684.50284 16.908 0.016
4684.75884 17.097 0.020
4685.53621 16.892 0.015
4686.49149 16.829 0.015
4687.51747 17.295 0.020
4687.73083 17.006 0.020
4688.48810 17.311 0.027
4688.67809 17.292 0.020
4688.73980 16.845 0.020
4693.53253 17.289 0.021
4694.53101 16.904 0.022
4697.49170 16.801 0.015
4698.49705 17.007 0.019
4699.49117 17.464 0.025
4700.49949 17.127 0.017
4701.49483 16.916 0.017
4702.49320 16.835 0.015
4703.60113 16.881 0.017
4704.60835 16.813 0.015
4705.49708 17.305 0.021
4707.59799 17.448 0.020
4708.52985 17.075 0.018
4709.50581 17.201 0.025
4710.53332 17.028 0.017
4711.51537 16.971 0.019
4715.57540 16.846 0.017
4716.56621 16.777 0.014
4720.51886 17.511 0.030
4721.51971 17.211 0.026
4722.63206 17.456 0.029
4724.49887 16.829 0.019
4725.57264 17.006 0.020
4726.53722 17.014 0.024
4728.58172 17.043 0.022
4729.52227 16.870 0.020
4730.60815 16.917 0.018
4731.54520 17.203 0.024
4733.49677 17.043 0.018
4734.54322 16.841 0.018
4737.53139 17.149 0.022
4740.54350 16.967 0.020
4741.59419 16.922 0.017
4743.52476 17.071 0.020
4750.59134 17.228 0.032
4756.54303 16.850 0.020
4765.50890 17.209 0.024
4867.88432 17.148 0.022
4872.85513 17.238 0.034
4873.86852 17.262 0.022
4876.85703 16.815 0.016
4884.84008 17.531 0.023
4886.89075 16.854 0.015
4890.87298 16.948 0.016
4896.86060 16.949 0.015
4899.83207 16.876 0.015
4900.81184 16.889 0.016
4901.87192 16.956 0.015
4902.87031 16.854 0.014
4904.79474 16.863 0.015
4905.89855 17.187 0.026
4910.80060 16.837 0.017
4911.77125 16.820 0.011
4912.76806 16.841 0.011
4914.77101 17.508 0.028
4916.75067 16.961 0.019
4916.77671 16.847 0.014
4916.81706 16.901 0.015
4916.86586 17.632 0.022
4916.89741 17.095 0.015
4917.77487 16.848 0.013
4917.90512 16.861 0.015
4918.76790 16.939 0.014
4918.77395 16.996 0.015
4920.72102 17.086 0.015
4920.92108 17.378 0.024
4921.72577 17.572 0.029
4924.72974 16.849 0.014
4925.77904 17.293 0.018
4925.89506 17.072 0.014
4926.74281 17.404 0.024
4927.83035 17.016 0.018
4928.72408 16.897 0.016
4929.72398 16.830 0.017
4930.78195 17.647 0.029
4931.70965 16.983 0.020
4931.82626 16.817 0.015
4932.78153 16.848 0.014
4933.70163 17.431 0.031
4933.82980 17.140 0.019
4934.80521 17.188 0.028
4938.70974 17.404 0.021
4938.80965 16.890 0.015
4939.75117 16.843 0.017
4939.89588 16.864 0.015
4940.73282 16.861 0.015
4941.70754 16.844 0.014
4941.83457 16.916 0.015
4942.68705 16.875 0.016
4942.85992 16.889 0.013
4943.69937 17.279 0.020
4943.76545 16.964 0.014
4944.70478 17.304 0.019
4944.77994 16.812 0.013
4945.70474 16.925 0.016
4945.85716 16.975 0.012
4946.76160 17.022 0.015
4947.84611 16.830 0.012
4949.66421 16.962 0.015
4950.70575 17.041 0.020
4951.79157 17.403 0.020
4952.80974 17.045 0.015
4953.66855 16.810 0.013
4953.77428 17.052 0.017
4954.68867 17.107 0.017
4954.79414 16.813 0.012
4955.69263 17.532 0.024
