2128.70711 18.711 0.041
2131.62495 18.625 0.035
2135.59616 18.848 0.036
2140.57904 18.856 0.054
2143.68163 18.608 0.032
2162.65162 18.965 0.062
2170.55816 18.696 0.039
2173.63177 18.639 0.036
2183.57578 18.795 0.063
2185.50983 18.620 0.044
2200.53342 18.542 0.047
2328.84695 18.597 0.036
2344.90039 18.606 0.034
2351.86234 18.544 0.032
2360.87180 18.872 0.045
2371.84563 18.684 0.040
2381.85295 18.692 0.035
2385.87349 18.659 0.035
2389.87688 18.567 0.035
2391.77051 18.688 0.066
2400.75958 18.612 0.043
2400.78709 18.575 0.033
2402.87215 18.647 0.040
2404.92271 18.598 0.037
2406.90951 18.677 0.039
2414.84441 18.742 0.069
2416.73262 18.595 0.043
2424.78843 18.787 0.044
2428.81860 18.548 0.035
2431.75043 18.544 0.036
2433.72395 18.777 0.043
2435.67689 18.625 0.037
2437.73897 18.666 0.046
2439.67226 18.659 0.033
2441.64899 18.794 0.034
2444.65348 18.846 0.049
2446.74810 18.587 0.038
2452.65806 18.493 0.047
2458.79409 18.628 0.045
2462.65406 18.712 0.033
2464.61237 18.700 0.033
2467.50525 18.513 0.034
2469.51494 18.551 0.029
2471.75059 18.652 0.029
2473.50322 18.829 0.064
2483.58337 18.600 0.040
2486.55183 18.677 0.045
2490.53450 18.570 0.043
2492.77332 18.639 0.049
2495.56511 18.783 0.042
2497.62320 18.869 0.038
2499.66929 18.772 0.034
2501.68752 18.650 0.036
2508.50605 18.575 0.039
2511.68304 18.557 0.050
2518.59955 18.900 0.048
2521.61311 18.637 0.038
2535.54267 18.623 0.050
2541.51800 18.656 0.033
2546.56002 18.926 0.056
2550.60742 18.793 0.075
2555.56769 18.592 0.047
2562.52065 18.773 0.058
2574.48788 18.555 0.069
2713.84393 19.149 0.073
2727.88625 18.707 0.037
2732.90422 18.664 0.044
2743.89156 18.871 0.042
2752.80505 18.803 0.049
2755.91434 18.858 0.046
2759.90600 18.489 0.033
2765.93283 18.927 0.060
2770.66192 18.551 0.045
2782.90272 18.540 0.051
2784.88253 18.708 0.048
2786.73466 18.806 0.074
2789.60603 18.790 0.043
2791.56708 18.648 0.046
2794.72460 18.533 0.039
2796.66718 18.879 0.037
2802.71877 18.646 0.055
2808.76361 18.916 0.094
2810.69760 18.601 0.043
2812.66331 18.680 0.035
2813.75170 19.002 0.063
2815.68788 18.631 0.033
2816.82311 18.637 0.046
2817.83246 19.039 0.057
2819.62645 18.835 0.044
2821.59666 18.667 0.043
2830.63585 18.759 0.081
2835.56369 18.643 0.055
2836.79504 18.566 0.064
2838.68831 18.607 0.040
2840.66400 18.684 0.034
2842.72672 18.657 0.034
2844.72722 18.880 0.037
2849.62034 18.569 0.047
2851.65667 18.566 0.034
2853.66614 18.499 0.033
2856.54159 19.079 0.068
2858.51882 18.568 0.037
2860.67221 18.745 0.079
2863.66599 18.552 0.047
2867.62551 18.641 0.035
2870.70363 18.805 0.057
2876.67901 18.561 0.032
2879.62382 18.514 0.032
2882.57712 18.600 0.036
2893.68699 18.641 0.039
2896.55732 18.834 0.043
2907.51369 19.166 0.083
2925.55127 18.522 0.039
2935.56505 19.169 0.100
3049.86393 18.508 0.030
4686.64483 19.195 0.060
