2116.77700 17.707 0.030
2128.66294 17.732 0.025
2131.63897 17.665 0.025
2135.54878 17.741 0.022
2138.69663 17.811 0.032
2143.61768 17.766 0.026
2162.60978 17.793 0.027
2170.51603 18.012 0.030
2173.58999 17.736 0.031
2183.53291 17.746 0.038
2184.58882 17.697 0.034
2195.57081 17.764 0.035
2200.54505 17.642 0.035
2326.87646 17.773 0.034
2346.81954 17.720 0.025
2351.82117 17.735 0.022
2360.82984 17.881 0.026
2371.78653 17.727 0.024
2380.79103 17.843 0.034
2384.76303 17.795 0.025
2388.76663 17.822 0.030
2390.73650 17.735 0.034
2397.89483 17.740 0.027
2401.69721 17.733 0.024
2403.75846 17.745 0.022
2405.69430 17.757 0.027
2415.69578 17.754 0.029
2417.77301 17.769 0.029
2425.86003 17.696 0.031
2431.70717 17.716 0.028
2433.68208 17.722 0.025
2434.82794 17.878 0.026
2436.61723 17.738 0.026
2438.63287 17.718 0.024
2440.61424 17.764 0.025
2443.64911 17.755 0.028
2445.54422 17.804 0.033
2452.61603 17.746 0.029
2458.75200 17.848 0.028
2462.66849 17.729 0.021
2464.53586 17.738 0.030
2467.46181 18.080 0.063
2469.47238 17.852 0.031
2471.76286 17.761 0.024
2473.46102 17.847 0.044
2483.51577 17.812 0.024
2485.71051 17.739 0.034
2490.49245 17.744 0.026
2492.72894 18.061 0.053
2495.51993 17.798 0.030
2497.58098 17.782 0.023
2499.61825 17.733 0.024
2501.64515 17.702 0.022
2511.62418 17.722 0.035
2518.57497 17.734 0.025
2521.57089 17.723 0.025
2535.49993 17.768 0.037
2539.59638 17.737 0.031
2540.57449 17.774 0.038
2545.52638 17.743 0.026
2555.52547 17.742 0.034
2561.54979 17.734 0.038
2571.49218 17.704 0.044
2701.88541 17.929 0.030
2712.88261 17.791 0.027
2727.84517 17.808 0.024
2732.85910 17.740 0.028
2743.85077 17.780 0.024
2748.88249 17.747 0.038
2755.87323 17.749 0.027
2759.86459 17.753 0.027
2765.89102 17.768 0.026
2769.93257 17.837 0.026
2782.80453 17.750 0.035
2784.79775 17.720 0.022
2786.68835 17.687 0.030
2788.84028 17.834 0.024
2790.88687 17.805 0.028
2792.53916 17.805 0.041
2794.68055 17.702 0.028
2796.61795 17.750 0.022
2802.67512 17.738 0.032
2808.72260 17.702 0.028
2810.64133 17.705 0.025
2812.61827 17.717 0.025
2813.70724 18.048 0.034
2815.64681 17.855 0.029
2816.78195 17.725 0.027
2817.79130 17.760 0.038
2819.56609 17.766 0.026
2821.55506 17.786 0.026
2830.59072 17.742 0.054
2835.52265 17.753 0.038
2836.75073 17.745 0.031
2838.64704 17.753 0.030
2840.57174 17.710 0.023
2844.68250 17.726 0.023
2849.50739 17.835 0.036
2851.61198 17.874 0.028
2853.62264 18.087 0.030
2856.50045 17.751 0.029
2858.47210 17.723 0.035
2859.53723 17.761 0.041
2860.59087 17.684 0.033
2863.67789 17.783 0.032
2867.58418 17.870 0.029
2870.66241 17.746 0.025
2874.65093 17.762 0.032
2878.54303 17.761 0.023
2884.61447 17.730 0.028
2893.64224 17.933 0.027
2896.50503 17.721 0.029
2906.64514 17.744 0.033
2910.64012 17.631 0.040
2912.62451 17.768 0.035
2924.54778 17.756 0.027
2934.56464 17.692 0.033
2942.52539 17.764 0.033
3048.86478 17.788 0.027
3056.89746 17.734 0.039
3060.89891 17.792 0.030
3066.89227 17.782 0.025
3069.84490 17.736 0.029
3071.85250 17.779 0.026
3074.84012 17.738 0.024
3076.87738 17.716 0.028
3078.88694 17.708 0.035
3081.78737 17.748 0.023
3083.90634 17.814 0.024
3086.73320 17.953 0.025
3088.73687 17.782 0.023
3090.83635 17.799 0.025
3092.81157 17.737 0.033
3097.77434 17.668 0.030
3101.71076 17.745 0.041
3103.71482 17.770 0.036
3106.74065 17.845 0.042
3107.85392 17.790 0.030
3109.69058 17.762 0.025
3110.70124 18.010 0.037
3112.70172 17.835 0.027
3113.74490 17.737 0.020
3114.91916 17.779 0.024
3115.74204 17.756 0.024
3118.72710 17.830 0.035
3122.75316 17.834 0.036
3124.92969 17.688 0.037
3126.66871 18.012 0.032
3127.67073 17.742 0.026
3128.68917 17.807 0.027
3129.66857 17.717 0.027
3130.83103 17.731 0.035
3131.83050 17.793 0.038
3134.63782 18.017 0.039
3135.70410 17.731 0.026
3138.91599 17.800 0.031
3139.69994 17.734 0.022
3140.66744 17.837 0.024
3141.83111 17.808 0.024
3144.66336 17.860 0.026
3145.73116 17.807 0.027
3151.62013 17.770 0.035
3152.62905 17.885 0.026
3153.63045 17.736 0.028
3153.92100 17.858 0.035
3154.70666 17.822 0.030
3156.61479 17.937 0.039
3158.65524 17.895 0.041
3162.67238 17.804 0.025
3163.59063 17.765 0.024
3163.91201 18.041 0.040
3164.58406 17.843 0.024
3165.58380 17.717 0.024
3166.79461 17.765 0.037
3167.80928 17.841 0.031
3168.62489 17.838 0.027
3169.59517 17.714 0.021
3170.69007 17.750 0.021
3171.60801 17.755 0.024
3172.59775 17.864 0.023
3174.58374 18.085 0.026
3174.90287 17.759 0.026
3175.58500 17.729 0.021
3176.61095 17.869 0.030
3178.64681 17.876 0.029
3179.67120 17.732 0.025
3180.54577 17.849 0.025
3182.58015 18.134 0.037
3182.61936 17.973 0.032
3183.55290 17.799 0.025
3183.58301 17.757 0.021
3184.56303 17.835 0.023
3184.83348 17.774 0.027
3185.64670 17.760 0.024
3191.86234 18.163 0.046
3193.73397 17.767 0.028
3194.71271 17.784 0.024
3195.51827 17.686 0.023
3196.51663 17.843 0.039
3197.75237 17.752 0.025
3199.55227 17.742 0.029
3202.61213 17.886 0.035
3203.55617 17.705 0.019
3205.55275 17.719 0.020
3206.53475 18.089 0.027
3207.53772 17.720 0.030
3210.76534 17.716 0.026
3211.52418 17.733 0.026
3212.51913 17.818 0.037
3217.52961 17.694 0.025
3218.52697 18.052 0.040
3223.51835 17.699 0.033
3224.53381 17.858 0.025
3226.48873 18.092 0.036
3229.49730 17.727 0.020
3230.53731 18.005 0.026
3239.64588 17.797 0.027
3241.53331 17.767 0.028
3244.63181 17.742 0.045
3246.53395 18.002 0.034
3248.54162 17.811 0.028
3250.52649 18.001 0.031
3251.67023 17.815 0.029
3254.52880 17.987 0.035
3257.66628 17.704 0.023
3262.50063 17.965 0.041
3262.50988 17.994 0.042
3262.58721 17.748 0.025
3263.62892 17.719 0.027
3264.50589 17.852 0.030
3266.49131 17.965 0.041
3268.52670 17.821 0.028
3270.55802 17.790 0.050
3273.58002 17.679 0.035
3277.56680 17.792 0.033
3279.56138 17.724 0.033
3287.48561 17.778 0.036
3291.54411 17.814 0.034
3431.88373 17.725 0.021
3438.88190 17.896 0.030
3444.81855 17.887 0.021
3446.84351 17.892 0.029
3448.87314 17.958 0.024
3450.91220 17.820 0.024
3454.81906 17.778 0.034
3456.82668 17.938 0.025
3467.79008 17.753 0.027
3469.90052 17.740 0.019
3471.77723 17.713 0.032
3473.93121 17.757 0.038
3477.89043 17.692 0.020
3480.68925 17.751 0.021
3483.68411 17.746 0.024
3496.88802 17.982 0.037
3497.65132 17.771 0.031
3499.69366 17.724 0.020
3500.88024 17.927 0.025
3501.68520 17.699 0.026
3502.84215 17.872 0.024
3503.84379 17.731 0.022
3504.67960 17.745 0.024
3508.69371 17.767 0.030
3509.83168 17.770 0.021
3511.71681 17.738 0.024
3512.66794 17.766 0.028
3520.56815 17.737 0.029
3521.81892 17.809 0.025
3522.81445 17.893 0.028
3523.63746 17.745 0.023
3524.62161 17.815 0.021
3525.85300 17.728 0.023
3526.88611 17.758 0.024
3527.79925 17.692 0.024
3528.62962 17.783 0.022
3529.58686 17.777 0.021
3530.72141 17.814 0.018
3538.78967 17.867 0.022
3544.68977 17.876 0.044
3547.72862 17.739 0.028
3550.70435 17.833 0.019
3551.81687 17.805 0.025
3553.61961 17.711 0.025
3554.57507 17.749 0.034
3556.58362 17.754 0.024
3558.55349 17.782 0.025
3559.77008 17.774 0.021
3560.74209 18.122 0.030
3561.70269 17.725 0.019
3562.76630 17.905 0.023
3563.51575 17.844 0.027
3564.71950 18.054 0.037
3569.80314 17.742 0.034
3573.50243 17.923 0.049
3574.56492 17.800 0.025
3574.72630 17.900 0.028
3575.55339 17.722 0.018
3576.51164 17.701 0.023
3577.56402 17.750 0.021
3578.53738 17.735 0.018
3579.49574 17.826 0.021
3580.51142 17.708 0.021
3581.54114 17.721 0.022
3582.49993 17.721 0.022
3583.53962 17.783 0.023
3584.52576 17.768 0.021
3585.51635 17.709 0.020
3586.57467 17.724 0.020
3587.63075 17.784 0.027
3588.56729 17.838 0.022
3589.52603 17.736 0.020
3590.50608 17.753 0.021
3591.55098 17.744 0.018
3592.51737 17.714 0.021
3593.61289 17.731 0.023
3594.54825 17.750 0.019
3600.54509 17.749 0.044
3601.47743 17.736 0.025
3602.50246 17.686 0.030
3603.49645 17.832 0.030
3607.51261 17.796 0.022
3608.50418 17.722 0.030
3617.55769 17.699 0.024
3620.66137 18.031 0.027
3629.64571 17.691 0.035
3632.53197 17.851 0.032
3634.59524 17.842 0.027
3640.57568 17.861 0.025
3646.50323 17.679 0.029
3651.49486 17.737 0.031
3653.52272 17.830 0.038
3773.87919 17.957 0.036
3779.88442 17.803 0.031
3786.83554 17.747 0.028
3790.83076 17.795 0.028
3793.82076 18.016 0.030
3795.81044 17.844 0.029
3797.80570 18.139 0.032
3798.85386 17.764 0.023
3800.90101 17.876 0.028
3802.89475 17.822 0.025
3804.80927 17.787 0.026
3805.84668 17.872 0.027
3806.84325 17.735 0.023
3808.81638 17.683 0.022
3809.82004 17.997 0.025
3810.86807 17.735 0.025
3811.89530 17.757 0.024
3813.88100 17.723 0.023
3814.87851 17.763 0.025
3818.78832 17.722 0.020
3819.85206 17.775 0.019
3820.81576 17.708 0.019
3821.82004 17.928 0.024
3822.86647 17.749 0.022
3823.83020 17.808 0.019
3824.83191 17.722 0.027
3825.85369 17.816 0.025
3826.83165 17.808 0.025
3827.85453 17.774 0.020
3828.83008 17.679 0.025
3829.80825 17.872 0.023
3830.78917 17.744 0.022
3830.79791 17.741 0.022
3832.79224 17.755 0.022
3832.82845 17.800 0.021
3833.69883 17.932 0.027
3834.84081 17.741 0.020
3835.79122 17.823 0.021
3836.78930 17.782 0.025
3837.78619 17.980 0.025
3838.79036 17.739 0.028
3839.78631 17.812 0.024
3840.79341 17.720 0.025
3841.77150 17.945 0.027
3845.76930 18.015 0.035
3846.77693 17.753 0.021
3847.85257 17.761 0.023
3848.80055 17.773 0.023
3849.80296 17.883 0.025
3850.74663 17.755 0.023
3851.75653 17.864 0.025
3852.74503 17.732 0.027
3853.73779 18.050 0.020
3856.72668 17.745 0.022
3858.78685 17.739 0.024
3859.68404 17.887 0.029
3860.87697 17.720 0.030
3861.71883 18.085 0.030
3862.73225 17.777 0.022
3863.74389 17.862 0.022
3864.73704 17.731 0.020
3865.62242 17.957 0.028
3866.62265 17.714 0.024
3867.77533 17.804 0.026
3867.80405 17.854 0.027
3868.62189 17.778 0.030
3869.78731 17.886 0.035
3873.60860 17.902 0.030
3874.83101 17.750 0.023
3875.60323 17.730 0.021
3876.71104 17.781 0.020
3877.59781 17.842 0.024
3880.70113 17.791 0.023
3881.70933 18.032 0.025
3882.64433 17.748 0.020
3883.69693 17.842 0.021
3886.65570 17.717 0.023
3887.65128 17.851 0.022
3889.80594 17.772 0.023
3890.59658 17.706 0.024
3891.72933 17.822 0.025
3892.78218 17.740 0.022
3893.68030 18.117 0.034
3894.72780 17.742 0.025
3896.67008 17.702 0.029
3900.58053 17.765 0.026
3901.60074 17.944 0.030
3902.61534 17.674 0.019
3903.71113 17.846 0.026
3904.59834 17.787 0.021
3905.59861 17.949 0.023
3906.58669 17.667 0.024
3907.64351 17.873 0.035
3908.57664 17.743 0.021
3909.58271 17.895 0.021
3910.63791 17.646 0.021
3912.58412 17.702 0.018
3913.58165 17.933 0.023
3914.59958 17.754 0.022
3915.57949 17.818 0.021
3916.63070 17.694 0.024
3917.67115 17.947 0.028
3918.66978 17.712 0.020
3919.61097 17.892 0.026
3920.56294 17.754 0.022
3920.84051 17.771 0.024
3921.57503 17.922 0.037
3930.61589 17.754 0.025
3931.56105 17.791 0.028
3931.69865 17.840 0.025
3932.65153 17.729 0.024
3933.56519 17.971 0.023
3934.53588 17.725 0.022
3935.61405 17.864 0.022
3936.53638 17.687 0.023
3937.61198 18.031 0.028
3938.54502 17.838 0.030
3940.68106 17.739 0.018
3944.61606 17.673 0.020
3945.56643 17.988 0.026
3946.56363 17.697 0.024
3950.56713 17.697 0.021
3951.57584 17.867 0.031
3956.61296 17.716 0.028
3957.55058 18.026 0.035
3958.62304 17.698 0.026
3959.56325 17.811 0.025
3960.54095 17.705 0.020
3961.61614 18.042 0.043
3963.58609 17.858 0.023
3964.57584 17.704 0.020
3965.56941 18.046 0.025
3966.55730 17.736 0.021
3967.58975 17.886 0.029
3968.54387 17.734 0.027
3969.55125 18.019 0.025
3970.55613 17.743 0.025
3971.59617 17.826 0.030
3973.62590 17.847 0.024
3974.55827 17.784 0.033
3975.55325 17.882 0.025
3976.55078 17.758 0.022
3979.56543 17.866 0.031
3982.48440 17.691 0.046
3986.62736 17.702 0.029
3987.54735 17.957 0.028
3988.56027 17.733 0.019
3989.63005 17.940 0.037
3991.52306 17.826 0.032
3994.59164 17.736 0.026
3995.61932 17.814 0.021
3999.52581 17.851 0.029
4001.54919 18.120 0.034
4002.54589 17.723 0.021
4004.56878 17.707 0.031
4005.58425 17.910 0.028
4006.56993 17.695 0.022
4011.48694 17.922 0.033
4012.57382 17.651 0.034
4015.51357 17.931 0.040
4017.48818 18.022 0.033
4019.49245 17.963 0.036
4021.48883 18.167 0.054
4024.52798 17.665 0.023
4026.52352 17.651 0.024
4028.53962 17.734 0.027
4031.53955 17.901 0.040
4145.87907 17.735 0.040
4151.83858 17.771 0.029
4154.84819 17.732 0.025
4157.81848 17.728 0.027
4159.83484 17.753 0.028
4161.88846 17.763 0.030
4163.90439 17.835 0.029
4166.83685 17.828 0.044
4168.87175 17.736 0.029
4170.88883 17.733 0.028
4175.89703 17.815 0.027
4177.79870 17.725 0.025
4178.85198 17.738 0.025
4179.89174 17.830 0.026
4181.82852 17.726 0.023
4182.87689 17.723 0.022
4183.90918 17.876 0.028
4184.76821 17.743 0.023
4185.88682 17.806 0.030
4190.76976 17.769 0.030
4191.87312 17.824 0.037
4192.79175 17.748 0.030
4193.81015 17.741 0.027
4194.83169 17.715 0.024
4196.82019 17.728 0.025
4202.80168 17.711 0.022
4203.78978 17.798 0.025
4204.78188 17.736 0.024
4205.78023 17.711 0.021
4207.77665 17.741 0.025
4208.77361 17.701 0.023
4211.83673 17.816 0.025
4213.78085 17.713 0.023
4215.78733 17.784 0.028
4216.74508 17.698 0.023
4217.75267 17.706 0.020
4218.80464 17.747 0.031
4219.82749 17.770 0.030
4220.76275 17.782 0.026
4222.73139 17.758 0.027
4224.83376 17.722 0.031
4228.73216 17.767 0.036
4229.71647 17.716 0.027
4230.70631 17.748 0.025
4231.68858 17.756 0.022
4232.70080 17.786 0.031
4233.88192 17.878 0.036
4234.86491 17.710 0.025
4235.66237 17.751 0.025
4235.93662 18.037 0.041
4238.73195 17.715 0.025
4239.68256 17.773 0.025
4240.72893 17.695 0.022
4242.66187 17.834 0.038
4244.65991 17.806 0.029
4245.65324 17.723 0.025
4246.71203 17.747 0.026
4247.73584 17.714 0.024
4250.77592 17.720 0.031
4256.56882 17.862 0.039
4258.57589 18.004 0.043
4267.54540 17.693 0.029
4268.78157 17.720 0.025
4269.52844 17.680 0.037
4272.55184 17.881 0.027
4273.75041 17.725 0.025
4274.60985 17.842 0.032
4275.64268 17.738 0.030
4276.73505 17.777 0.034
4277.65845 17.721 0.024
4278.61587 17.830 0.033
4283.55347 17.793 0.030
4284.54528 17.859 0.032
4285.54871 17.747 0.029
4286.54823 17.959 0.046
4289.56204 17.757 0.030
4290.60553 17.847 0.033
4291.66589 17.802 0.025
4292.53063 17.837 0.024
4293.53687 17.689 0.023
4294.52993 18.001 0.033
4295.54420 17.732 0.025
4295.79778 18.040 0.031
4296.53437 17.830 0.026
4297.65797 17.721 0.023
4298.49714 18.078 0.039
4299.47843 17.721 0.026
4300.57563 17.822 0.026
4301.75686 17.788 0.024
4302.71313 17.760 0.026
4303.72140 17.798 0.028
4304.49239 17.802 0.044
4307.69269 17.749 0.030
4310.65953 17.738 0.039
4312.56821 17.761 0.031
4315.57561 17.725 0.026
4316.65838 17.726 0.026
4317.58220 17.692 0.025
4319.55903 17.765 0.027
4320.64579 17.762 0.025
4326.57700 17.823 0.026
4327.53464 17.713 0.032
4328.54038 17.811 0.025
4329.47781 17.705 0.029
4330.54640 17.832 0.025
4331.54213 17.760 0.026
4332.55612 17.731 0.024
4333.47714 17.761 0.035
4338.54383 17.828 0.036
4339.53997 17.719 0.025
4340.47850 17.879 0.043
4341.54440 17.718 0.031
4342.58047 17.731 0.026
4343.56003 17.746 0.023
4344.59010 17.767 0.027
4345.55622 17.710 0.023
4346.56179 17.803 0.036
4347.57572 17.732 0.027
4349.54444 17.705 0.023
4350.60222 17.761 0.025
4351.54973 17.706 0.024
4353.56624 17.713 0.027
4354.58559 17.724 0.027
4355.60198 17.824 0.032
4356.55053 17.783 0.028
4358.56974 17.805 0.030
4361.59586 17.721 0.036
4367.56005 17.754 0.031
4371.55921 17.743 0.026
4377.52469 17.769 0.027
4380.60415 17.741 0.028
4383.59934 17.762 0.038
4393.57199 17.702 0.028
4505.86200 17.763 0.029
4508.85415 17.973 0.028
4511.89150 17.703 0.025
4514.85230 17.864 0.028
4518.84192 17.851 0.034
4521.87381 17.716 0.026
4523.81467 17.793 0.035
4525.80674 17.786 0.041
4531.82261 17.714 0.030
4534.78115 17.777 0.034
4536.86240 18.021 0.029
4538.78391 17.822 0.029
4539.89740 17.748 0.023
4540.76817 17.831 0.026
4541.86517 17.689 0.022
4542.82863 17.844 0.033
4543.91674 17.717 0.034
4544.91412 17.984 0.035
4545.90077 17.719 0.025
4546.81505 17.861 0.032
4547.84605 17.777 0.027
4548.91185 17.974 0.044
4550.90764 17.823 0.029
4551.82778 17.718 0.026
4556.80036 17.984 0.025
4557.82338 17.719 0.026
4558.79203 17.844 0.023
4559.79059 17.714 0.023
4560.79100 17.942 0.028
4561.77992 17.736 0.021
4564.78409 17.979 0.025
4565.76867 17.746 0.021
4566.76952 17.829 0.025
4567.76848 17.710 0.024
4568.79189 17.985 0.026
4569.78772 17.760 0.025
4570.77808 17.832 0.025
4571.76876 17.744 0.028
4572.79194 18.045 0.032
4573.77958 17.726 0.021
4574.78193 17.918 0.034
4575.79071 17.762 0.028
4577.87967 17.736 0.027
4578.83330 17.826 0.036
4583.78547 17.717 0.038
4585.69647 17.723 0.029
4586.90152 17.805 0.028
4587.65458 17.716 0.031
4588.63451 17.748 0.026
4589.79823 17.721 0.025
4590.63533 17.751 0.037
4591.79424 17.732 0.023
4592.70591 17.860 0.029
4593.69495 17.762 0.025
4594.71623 17.789 0.027
4595.70854 17.751 0.024
4596.70053 17.855 0.027
4597.72521 17.706 0.025
4598.70125 17.807 0.021
4599.67378 17.754 0.025
4600.68614 17.771 0.022
4601.68882 17.747 0.022
4602.68118 17.786 0.023
4603.90419 17.765 0.025
4606.68913 17.773 0.025
4610.79246 17.852 0.042
4611.66809 17.711 0.025
4611.85896 17.758 0.026
4612.69251 17.827 0.027
4615.83505 17.760 0.028
4616.65094 17.734 0.023
4617.75064 17.733 0.025
4618.69187 17.817 0.025
4622.85064 17.764 0.029
4623.71224 17.760 0.024
4624.63381 17.712 0.032
4625.55441 17.737 0.034
4626.66904 17.774 0.032
4627.60797 17.725 0.025
4628.60997 17.729 0.027
4629.67470 17.708 0.021
4630.60821 17.772 0.024
4631.63319 17.738 0.022
4632.62000 17.735 0.024
4633.61356 17.750 0.027
4638.79747 17.815 0.027
4639.61854 17.756 0.026
4640.63542 17.840 0.029
4641.71792 17.745 0.025
4642.63401 17.753 0.024
4643.60015 17.742 0.027
4644.66151 17.916 0.033
4645.57394 17.732 0.030
4646.57047 17.733 0.022
4647.56410 17.755 0.028
4648.56851 17.778 0.027
4649.57062 17.702 0.025
4650.60331 17.765 0.027
4651.57480 17.739 0.025
4652.54761 17.803 0.031
4653.54155 17.714 0.034
4654.58075 17.752 0.028
4655.54140 17.743 0.029
4656.54335 17.757 0.026
4658.70205 17.901 0.038
4660.65477 17.996 0.031
4661.53143 17.758 0.025
4665.69917 17.742 0.030
4666.60447 17.826 0.030
4670.66938 17.835 0.028
4671.71659 17.716 0.025
4672.55033 17.731 0.022
4674.55623 17.733 0.026
4677.53288 17.697 0.026
4678.64909 17.843 0.024
4681.47894 17.713 0.024
4682.52256 17.731 0.025
4683.56107 17.746 0.028
4684.58033 17.812 0.026
4685.54476 17.782 0.027
4686.54573 17.714 0.025
4687.54573 17.725 0.026
4688.53897 17.721 0.025
4694.48887 17.755 0.039
4697.54255 17.754 0.027
4698.55143 17.728 0.022
4699.56323 17.750 0.030
4700.56400 17.805 0.025
4701.54690 17.727 0.028
4702.56180 17.794 0.027
4703.62917 17.731 0.028
4705.61313 17.716 0.027
4707.65832 17.749 0.027
4709.55709 17.770 0.034
4710.59766 17.777 0.028
4716.62992 18.064 0.052
4721.54784 17.720 0.037
4724.55473 17.911 0.033
4725.58231 17.780 0.036
4730.61681 17.858 0.032
4734.59850 17.873 0.030
4743.59102 17.768 0.036
4748.53462 17.831 0.040
4754.50997 17.847 0.037
4758.55514 17.791 0.037
4874.86890 17.746 0.028
4878.82894 17.809 0.039
4884.89598 17.795 0.028
4887.86837 17.776 0.022
4891.82492 17.805 0.034
4897.81426 17.931 0.031
4899.90961 17.752 0.030
4900.82080 17.780 0.027
4902.79785 17.698 0.026
4904.82616 17.708 0.022
4906.84860 17.696 0.030
4910.85522 17.773 0.023
4912.91056 17.742 0.021
4914.81991 17.768 0.025
4919.73660 17.909 0.026
4925.73972 18.034 0.027
4927.75583 17.849 0.031
4929.75538 17.902 0.038
4930.89465 17.662 0.024
4931.73943 17.840 0.033
4932.87236 17.725 0.023
4933.86711 17.752 0.026
4938.73659 17.707 0.023
4939.75963 17.845 0.031
4941.71602 18.133 0.034
4942.82046 17.763 0.023
4943.82850 17.742 0.022
4944.84436 17.720 0.018
4945.73791 18.006 0.027
4950.82009 17.753 0.022
4953.70270 18.097 0.030
4954.69685 17.760 0.025
4955.70380 17.888 0.031
