2128.69518 16.085 0.008
2131.61300 16.088 0.008
2135.58241 16.072 0.007
2140.56252 16.067 0.008
2143.67081 16.070 0.007
2162.63971 16.076 0.008
2170.54620 16.498 0.010
2173.61982 16.099 0.007
2200.52260 16.075 0.009
2328.83541 16.074 0.008
2344.88887 16.067 0.007
2360.86030 16.077 0.008
2371.83414 16.084 0.008
2381.84146 16.075 0.007
2385.86181 16.089 0.008
2389.86521 16.084 0.008
2391.75884 16.451 0.012
2400.74790 16.077 0.008
2400.77536 16.080 0.007
2402.86043 16.079 0.008
2404.91100 16.069 0.008
2406.89777 16.083 0.008
2414.82497 16.362 0.009
2416.72086 16.078 0.011
2424.77666 16.210 0.008
2426.72287 16.069 0.007
2428.80676 16.086 0.008
2431.73861 16.079 0.007
2433.71217 16.087 0.008
2437.72057 16.388 0.014
2439.66044 16.076 0.007
2441.63718 16.084 0.007
2444.63733 16.077 0.008
2446.73737 16.073 0.008
2452.64614 16.092 0.010
2458.78220 16.071 0.008
2462.64209 16.089 0.007
2464.60045 16.081 0.007
2467.49333 16.086 0.008
2471.73861 16.083 0.007
2473.49122 16.081 0.009
2483.57139 16.095 0.008
2486.53983 16.223 0.010
2490.52249 16.087 0.009
2492.76132 16.074 0.010
2495.55307 16.071 0.008
2499.65730 16.086 0.007
2501.67542 16.095 0.008
2508.49402 16.089 0.008
2511.67093 16.096 0.010
2518.58746 16.089 0.008
2521.60109 16.079 0.008
2535.53061 16.202 0.011
2541.50595 16.082 0.007
2546.54799 16.073 0.009
2555.55556 16.494 0.012
2562.50864 16.078 0.009
2703.90123 16.092 0.008
2712.91599 16.107 0.012
2727.87492 16.125 0.008
2732.89277 16.086 0.008
2743.88012 16.086 0.007
2752.79356 16.081 0.008
2755.90292 16.064 0.008
2759.89454 16.085 0.008
2765.92130 16.102 0.008
2770.65042 16.079 0.010
2782.89126 16.102 0.014
2784.83330 16.066 0.008
2786.72312 16.081 0.010
2789.59451 16.063 0.008
2791.55314 16.096 0.009
2794.71393 16.089 0.008
2796.65566 16.081 0.007
2808.75206 16.088 0.009
2812.65173 16.124 0.007
2813.74010 16.094 0.008
2815.67630 16.180 0.008
2817.82073 16.072 0.008
2819.61476 16.088 0.008
2821.58499 16.087 0.008
2830.62415 16.079 0.011
2835.55201 16.092 0.011
2836.78328 16.085 0.009
2838.67658 16.147 0.008
2840.65225 16.068 0.008
2844.71550 16.096 0.008
2849.60858 16.080 0.008
2851.64485 16.082 0.008
2853.65441 16.079 0.008
2856.52984 16.073 0.008
2858.50703 16.084 0.008
2859.52799 16.083 0.010
2860.66044 16.071 0.010
2863.65416 16.069 0.010
2867.61370 16.083 0.008
2870.69182 16.088 0.009
2876.66716 16.054 0.012
2878.68781 16.077 0.008
2882.56524 16.062 0.007
2893.67510 16.068 0.008
2896.54548 16.065 0.008
2907.50179 16.228 0.010
2925.53943 16.079 0.008
3049.85254 16.209 0.009
3057.88031 16.074 0.007
3061.85502 16.069 0.008
3067.79169 16.077 0.008
3069.86512 16.450 0.009
3072.82644 16.291 0.009
3074.86104 16.074 0.007
3080.89268 16.080 0.007
3083.84510 16.080 0.007
3085.79969 16.096 0.008
3087.75107 16.073 0.009
3089.73888 16.072 0.008
3090.89124 16.073 0.008
3093.90267 16.075 0.008
3097.92168 16.063 0.007
3099.73961 16.079 0.009
3101.73744 16.074 0.011
3103.74140 16.070 0.008
3104.91155 16.023 0.015
3107.73480 16.046 0.008
3108.88508 16.069 0.007
3109.71138 16.076 0.007
3110.72626 16.080 0.008
3111.78294 16.067 0.007
3112.72192 16.078 0.008
3113.76518 16.077 0.007
3114.70473 16.076 0.007
3115.76392 16.089 0.008
3118.81522 16.214 0.009
3122.77383 16.088 0.009
3125.75139 16.089 0.012
3126.75765 16.074 0.007
3127.69111 16.088 0.007
3128.71043 16.123 0.008
3129.68890 16.078 0.009
3130.86506 16.083 0.009
3134.66196 16.078 0.010
3137.69935 16.077 0.008
3138.86697 16.510 0.010
3139.72957 16.073 0.007
3140.76370 16.080 0.007
3141.85162 16.099 0.007
3142.92695 16.072 0.008
3144.68468 16.174 0.008
3146.64621 16.079 0.009
3151.64090 16.088 0.010
3152.64964 16.089 0.007
3153.65204 16.087 0.008
3154.73327 16.162 0.009
3156.64207 16.074 0.008
3158.68000 16.114 0.011
3162.69707 16.079 0.007
3163.89864 16.087 0.009
3164.61500 16.114 0.007
3166.68893 16.082 0.009
3167.84193 16.105 0.009
3168.64513 16.105 0.007
3169.61569 16.085 0.007
3169.90509 16.085 0.009
3170.84894 16.090 0.007
3171.64308 16.068 0.007
3172.62165 16.064 0.007
3174.60784 16.107 0.008
3175.60642 16.065 0.007
3176.63678 16.088 0.009
3178.66716 16.087 0.008
3179.69896 16.098 0.007
3180.58825 16.160 0.007
3182.64882 16.075 0.007
3183.61265 16.075 0.007
3184.58335 16.080 0.007
3184.86580 16.458 0.012
3185.69371 16.092 0.008
3192.72582 16.068 0.008
3193.75432 16.078 0.008
3194.68360 16.092 0.008
3195.56260 16.100 0.007
3196.64036 16.076 0.008
3196.80922 16.096 0.008
3197.63360 16.081 0.009
3199.58855 16.063 0.008
3203.75735 16.083 0.007
3205.57318 16.091 0.007
3206.55504 16.074 0.007
3207.55813 16.065 0.009
3210.78567 16.096 0.008
3211.54577 16.064 0.007
3212.54162 16.095 0.009
3217.54986 16.069 0.008
3218.54894 16.061 0.008
3223.54257 16.153 0.009
3224.55419 16.075 0.007
3226.50903 16.295 0.009
3228.70753 16.087 0.008
3229.51777 16.081 0.008
3230.55814 16.077 0.007
3239.66652 16.069 0.008
3241.55396 16.062 0.012
3244.65227 16.061 0.011
3246.55441 16.230 0.009
3250.54808 16.083 0.007
3253.48909 16.075 0.007
3255.65941 16.065 0.009
3262.53051 16.075 0.008
3266.53805 16.091 0.009
3268.60617 16.065 0.008
3270.58082 16.073 0.014
3274.49932 16.078 0.009
3277.60269 16.062 0.008
3280.57552 16.064 0.007
3292.49101 16.103 0.008
3431.90453 16.481 0.010
3438.90218 16.081 0.007
3444.83898 16.310 0.008
3446.86757 16.083 0.007
3448.89835 16.077 0.007
3452.78233 16.063 0.007
3454.83947 16.177 0.009
3468.79767 16.099 0.007
3470.76735 16.265 0.007
3473.79591 16.071 0.007
3475.71765 16.097 0.007
3477.80312 16.096 0.007
3479.86551 16.075 0.007
3481.67990 16.090 0.008
3483.71480 16.290 0.008
3496.86469 16.088 0.008
3497.67164 16.095 0.009
3499.87902 16.080 0.007
3500.82395 16.214 0.007
3501.70736 16.076 0.007
3502.86244 16.048 0.010
3503.77990 16.499 0.009
3504.74498 16.098 0.009
3508.66638 16.076 0.009
3509.65367 16.078 0.007
3511.66271 16.063 0.007
3512.73038 16.072 0.008
3520.60513 16.067 0.007
3521.77052 16.100 0.007
3522.62392 16.093 0.007
3523.65845 16.077 0.007
3524.64241 16.101 0.007
3525.82110 16.086 0.007
3526.82811 16.217 0.007
3527.83924 16.080 0.008
3528.80329 16.097 0.007
3529.89055 16.071 0.007
3530.74708 16.084 0.007
3538.76347 16.071 0.007
3541.83602 16.065 0.007
3550.73570 16.074 0.006
3551.68149 16.057 0.006
3552.78679 16.090 0.008
3553.63992 16.090 0.009
3554.60212 16.073 0.007
3556.60390 16.071 0.007
3558.66705 16.092 0.007
3559.74700 16.238 0.007
3560.76935 16.079 0.007
3561.67917 16.068 0.007
3562.48224 16.070 0.007
3563.53607 16.072 0.007
3564.67794 16.077 0.007
3569.77932 16.202 0.009
3573.53413 16.064 0.008
3574.58869 16.075 0.007
3575.57743 16.463 0.008
3576.63172 16.089 0.007
3577.60774 16.078 0.007
3578.56125 16.149 0.007
3579.54491 16.067 0.007
3580.53164 16.085 0.007
3581.57187 16.090 0.007
3582.52039 16.086 0.007
3583.55981 16.088 0.007
3584.54608 16.082 0.007
3585.53665 16.083 0.007
3586.60177 16.083 0.007
3587.66944 16.084 0.007
3589.57527 16.071 0.007
3590.53287 16.094 0.007
3591.58071 16.082 0.007
3593.49800 16.070 0.007
3594.60129 16.107 0.007
3601.51140 16.323 0.008
3602.52620 16.066 0.008
3603.51701 16.082 0.008
3607.53291 16.062 0.007
3608.52470 16.084 0.008
3617.52830 16.066 0.007
3620.60389 16.069 0.007
3629.58776 16.077 0.007
3632.50904 16.072 0.008
3634.56877 16.195 0.007
3640.59607 16.095 0.007
3643.48449 16.103 0.008
3646.52433 16.082 0.009
3651.51513 16.058 0.008
3653.54314 16.091 0.010
3774.85607 16.059 0.007
3780.83569 16.070 0.009
4151.84973 16.072 0.008
4154.85936 16.072 0.008
4157.82965 16.076 0.008
4159.84596 16.069 0.009
4161.89957 16.091 0.008
4164.83547 16.095 0.008
4166.84796 16.068 0.010
4168.88286 16.189 0.009
4170.90191 16.082 0.008
4175.91217 16.090 0.008
4177.80979 16.091 0.008
4178.86305 16.087 0.008
4179.90287 16.072 0.008
4181.83961 16.441 0.009
4182.88798 16.089 0.007
4183.92025 16.097 0.009
4184.77934 16.473 0.010
4185.89793 16.091 0.008
4190.78457 16.100 0.009
4191.88541 16.251 0.010
4192.80281 16.076 0.009
4193.82126 16.081 0.009
4194.84275 16.280 0.009
4196.83133 16.070 0.008
4202.81279 16.078 0.007
4203.80088 16.082 0.007
4204.79300 16.229 0.008
4205.79133 16.063 0.007
4207.78771 16.323 0.009
4208.78474 16.083 0.008
4213.79197 16.076 0.007
4215.79848 16.072 0.008
4216.75619 16.078 0.008
4217.76376 16.293 0.008
4218.81578 16.074 0.009
4219.84155 16.082 0.008
4220.77684 16.081 0.008
4222.74543 16.076 0.008
4224.75237 16.067 0.010
4224.84834 16.067 0.012
4227.86058 16.490 0.012
4228.64433 16.088 0.009
4228.74326 16.081 0.008
4229.72762 16.073 0.008
4230.71746 16.502 0.011
4231.69975 16.077 0.007
4232.71195 16.092 0.009
4233.89861 16.091 0.008
4234.87605 16.077 0.009
4235.63109 16.076 0.008
4235.67350 16.077 0.008
4238.74307 16.079 0.008
4239.69369 16.080 0.008
4240.74657 16.299 0.008
4243.60249 16.236 0.011
4244.67107 16.070 0.008
4245.66440 16.082 0.008
4246.72319 16.064 0.008
4247.75955 16.098 0.008
4250.81040 16.489 0.011
4256.57996 16.500 0.013
4258.59676 16.075 0.010
4267.55588 16.079 0.009
4268.79203 16.074 0.008
4269.53891 16.285 0.010
4272.56233 16.071 0.007
4273.76089 16.288 0.010
4274.62427 16.082 0.009
4275.65316 16.083 0.008
4276.74557 16.340 0.012
4277.66896 16.071 0.008
4278.62637 16.094 0.010
4283.56399 16.083 0.009
4284.55581 16.078 0.009
4285.55920 16.068 0.009
4286.55874 16.082 0.008
4289.59340 16.295 0.010
4290.61602 16.078 0.008
4291.67640 16.076 0.008
4292.54114 16.245 0.008
4293.54741 16.067 0.008
4294.54044 16.062 0.008
4295.55856 16.089 0.008
4296.54490 16.069 0.008
4297.66848 16.080 0.007
4298.50767 16.085 0.009
4299.49412 16.071 0.008
4300.58616 16.082 0.008
4301.76739 16.079 0.007
4302.72366 16.084 0.008
4303.73196 16.088 0.009
4304.50389 16.079 0.011
4310.67006 16.076 0.010
4312.57874 16.297 0.010
4315.58615 16.096 0.008
4316.66891 16.095 0.009
4317.59283 16.083 0.008
4319.56955 16.074 0.009
4320.65639 16.086 0.008
4326.58757 16.084 0.008
4327.54592 16.074 0.009
4328.55176 16.075 0.007
4329.48836 16.088 0.009
4330.55766 16.070 0.008
4331.55338 16.090 0.008
4332.56737 16.089 0.008
4333.48837 16.080 0.010
4338.55511 16.136 0.009
4339.55127 16.069 0.008
4340.48981 16.089 0.011
4341.55569 16.070 0.009
4342.59176 16.088 0.008
4343.57127 16.083 0.007
4344.61260 16.074 0.008
4345.56750 16.170 0.008
4346.57311 16.086 0.010
4347.58696 16.082 0.009
4349.55570 16.074 0.007
4350.61350 16.090 0.008
4351.56102 16.093 0.008
4353.57752 16.079 0.008
4354.59687 16.091 0.009
4355.61318 16.103 0.009
4356.56177 16.080 0.008
4358.58097 16.317 0.011
4361.60716 16.095 0.011
4367.57128 16.079 0.009
4371.57098 16.297 0.010
4377.53596 16.068 0.008
4380.61541 16.081 0.009
4393.58394 16.076 0.008
4505.87242 16.072 0.008
4508.86452 16.085 0.007
4512.85043 16.071 0.007
4514.86876 16.075 0.008
4518.85303 16.066 0.009
4521.88488 16.080 0.008
4523.82572 16.502 0.012
4525.81784 16.070 0.011
4531.89322 16.082 0.008
4534.79424 16.064 0.009
4536.87413 16.093 0.008
4538.79502 16.087 0.008
4539.90851 16.077 0.008
4540.77928 16.088 0.007
4541.87627 16.100 0.007
4542.83971 16.083 0.008
4545.91186 16.086 0.008
4546.83773 16.340 0.010
4547.85715 16.092 0.008
4550.91870 16.097 0.010
4551.83888 16.091 0.008
4556.81148 16.302 0.008
4557.83449 16.084 0.008
4558.80309 16.096 0.007
4559.80172 16.153 0.007
4560.80211 16.075 0.007
4561.79100 16.078 0.007
4564.79514 16.080 0.007
4565.77977 16.098 0.007
4566.78061 16.089 0.007
4567.77952 16.085 0.007
4568.80913 16.070 0.007
4569.79880 16.469 0.009
4570.79242 16.090 0.007
4571.77992 16.081 0.008
4572.80306 16.078 0.009
4573.79070 16.084 0.007
4574.79300 16.085 0.008
4575.80183 16.089 0.008
4577.89082 16.083 0.008
4578.84443 16.071 0.009
4583.79989 16.096 0.009
4585.70752 16.078 0.009
4586.91264 16.101 0.009
4587.66571 16.071 0.010
4588.64963 16.078 0.008
4589.80935 16.167 0.008
4590.65298 16.064 0.008
4590.83647 16.057 0.007
4591.80539 16.084 0.007
4592.71705 16.374 0.009
4593.70609 16.063 0.007
4594.72734 16.092 0.007
4595.71966 16.161 0.008
4596.71164 16.066 0.007
4597.73638 16.083 0.007
4598.71238 16.095 0.007
4599.68493 16.074 0.007
4600.69728 16.088 0.007
4601.69993 16.072 0.007
4602.69232 16.086 0.007
4603.91534 16.085 0.008
4606.70026 16.103 0.007
4610.80363 16.049 0.009
4611.67923 16.076 0.008
4611.87009 16.073 0.008
4612.70367 16.077 0.007
4615.84620 16.119 0.009
4616.66214 16.075 0.008
4617.76457 16.076 0.007
4618.70305 16.174 0.007
4622.58442 16.079 0.009
4622.86179 16.188 0.010
4623.72344 16.077 0.007
4624.66267 16.089 0.008
4625.64781 16.085 0.008
4626.68568 16.079 0.009
4627.61912 16.084 0.007
4628.62117 16.213 0.008
4629.68587 16.081 0.007
4630.62218 16.075 0.008
4631.64438 16.119 0.007
4632.63117 16.080 0.007
4633.62475 16.079 0.007
4638.80867 16.202 0.009
4639.62972 16.075 0.008
4640.64661 16.077 0.008
4641.72915 16.085 0.008
4642.64518 16.076 0.007
4643.61133 16.069 0.007
4644.67270 16.084 0.008
4645.58515 16.077 0.008
4646.58168 16.068 0.007
4647.57531 16.075 0.007
4648.57970 16.083 0.008
4649.58183 16.073 0.007
4650.61454 16.085 0.008
4651.58600 16.152 0.008
4652.55878 16.074 0.008
4653.55275 16.079 0.008
4654.59195 16.211 0.008
4655.55258 16.078 0.008
4656.55456 16.084 0.007
4658.71327 16.085 0.008
4660.66603 16.072 0.008
4661.54267 16.090 0.008
4665.71045 16.065 0.009
4666.61574 16.074 0.008
4670.68059 16.084 0.009
4671.72779 16.221 0.008
4672.56160 16.076 0.007
4674.56747 16.126 0.008
4677.54412 16.296 0.009
4681.49015 16.072 0.007
4682.53384 16.079 0.007
4683.57234 16.068 0.008
4684.59159 16.096 0.008
4685.55600 16.073 0.008
4686.55702 16.083 0.008
4687.55700 16.503 0.010
4688.55022 16.075 0.008
4694.50016 16.087 0.011
4697.55380 16.129 0.008
4698.57991 16.083 0.008
4699.58605 16.095 0.009
4700.57523 16.215 0.008
4701.55814 16.090 0.008
4702.57304 16.078 0.008
4703.64042 16.098 0.009
4705.62440 16.081 0.008
4707.66966 16.493 0.010
4709.56834 16.078 0.009
4710.60889 16.407 0.010
4716.64118 16.076 0.011
4721.55914 16.102 0.009
4724.56596 16.090 0.009
4725.59357 16.097 0.009
4730.63527 16.368 0.010
4739.54305 16.096 0.009
4743.60228 16.311 0.012
4748.54585 16.089 0.009
4754.52125 16.081 0.009
4759.55183 16.116 0.010
4874.87997 16.097 0.008
4878.84003 16.053 0.008
4885.84138 16.524 0.010
4887.87944 16.060 0.007
4891.83594 16.088 0.008
4897.86753 16.084 0.007
4900.83189 16.060 0.007
4902.80892 16.086 0.007
4904.83723 16.077 0.007
4906.85968 16.079 0.008
4910.86628 16.082 0.007
4914.83099 16.079 0.007
4919.77145 16.076 0.007
4925.75009 16.071 0.007
4927.78112 16.091 0.008
4929.76578 16.057 0.008
4930.90518 16.081 0.008
4931.74981 16.234 0.010
4932.88276 16.088 0.008
4933.87749 16.079 0.008
4938.74701 16.093 0.007
4939.77003 16.082 0.008
4941.72645 16.098 0.007
4942.83087 16.073 0.007
4943.84553 16.064 0.007
4944.85479 16.107 0.007
4945.74833 16.071 0.007
4950.83051 16.098 0.007
4953.71312 16.099 0.007
4954.70728 16.105 0.007
4955.71424 16.074 0.007
