2127.55832 16.663 0.014
2130.58201 16.684 0.011
2133.59213 16.705 0.012
2136.71323 16.821 0.016
2141.70381 16.902 0.018
2169.60852 16.678 0.015
2179.56716 16.731 0.023
2189.57685 16.719 0.014
2190.49852 16.662 0.012
2215.51063 16.708 0.019
2337.89014 16.927 0.013
2353.84230 16.677 0.013
2363.82011 16.681 0.013
2373.85594 16.682 0.012
2464.82042 16.698 0.012
2816.71372 16.801 0.013
2852.66894 16.655 0.012
3066.80087 16.701 0.016
3068.86139 16.669 0.012
3072.78053 16.727 0.014
3075.91245 16.687 0.014
3077.83323 16.787 0.026
3081.81537 16.685 0.011
3084.79325 16.695 0.011
3086.85461 16.671 0.010
3088.84399 16.669 0.010
3090.75669 16.684 0.011
3091.90718 16.650 0.010
3097.85541 16.829 0.011
3099.82903 16.701 0.014
3101.85456 16.653 0.013
3102.92334 16.879 0.014
3104.80620 16.682 0.019
3107.80952 16.798 0.013
3108.85927 16.648 0.010
3112.90898 16.864 0.012
3114.89552 16.707 0.012
3115.90738 16.693 0.011
3116.81875 16.678 0.011
3124.83663 16.695 0.013
3126.71905 16.661 0.011
3127.92030 16.766 0.012
3128.90955 16.688 0.012
3130.78731 16.681 0.013
3131.73085 16.667 0.014
3135.74319 16.687 0.010
3138.74473 16.667 0.011
3140.72016 16.691 0.011
3141.78195 16.671 0.010
3142.85607 16.873 0.013
3144.87405 16.684 0.011
3147.69335 16.752 0.012
3151.85024 16.671 0.012
3152.84750 16.830 0.013
3153.85068 16.687 0.013
3156.90353 16.654 0.012
3162.61725 16.811 0.015
3163.87256 16.677 0.014
3164.83561 16.687 0.011
3165.61765 16.676 0.010
3168.77193 16.676 0.010
3169.87763 16.720 0.014
3170.90695 16.747 0.013
3171.74886 16.652 0.010
3171.92600 16.669 0.012
3174.79939 16.680 0.012
3175.90862 16.790 0.014
3177.85598 16.739 0.018
3178.57407 16.664 0.014
3179.81314 16.702 0.012
3180.82033 16.694 0.010
3183.84833 16.691 0.013
3185.58800 16.692 0.011
3193.64547 16.659 0.011
3194.49166 16.721 0.017
3194.83238 16.668 0.012
3195.76568 16.718 0.010
3195.84088 16.757 0.012
3196.56953 16.676 0.014
3197.82006 16.743 0.015
3201.56022 16.720 0.010
3201.57663 16.667 0.009
3202.80133 16.746 0.013
3203.81063 16.688 0.011
3206.68922 16.670 0.010
3211.77497 16.669 0.013
3217.74844 16.740 0.015
3224.51126 16.707 0.011
3231.68797 16.685 0.013
3239.49285 16.727 0.011
3245.67092 16.705 0.013
3247.53293 16.828 0.013
3249.65292 16.686 0.013
3254.63191 16.697 0.012
3257.57194 16.796 0.011
3261.50463 16.666 0.012
3265.56626 16.690 0.011
3267.62389 16.732 0.011
3273.52786 16.692 0.016
3277.48829 16.779 0.014
3280.48727 16.712 0.013
3283.49562 16.687 0.012
3289.54922 16.731 0.012
3294.54408 16.700 0.012
3296.49239 16.656 0.015
3419.86234 16.668 0.010
3424.86592 16.682 0.011
3427.88512 16.660 0.010
3430.85111 16.687 0.010
3436.89584 16.699 0.012
3443.86801 16.762 0.010
3445.89551 16.692 0.009
3448.80213 16.871 0.014
3450.81966 16.699 0.009
3453.86293 16.746 0.011
3457.90792 16.661 0.011
3458.89798 16.721 0.011
3468.89665 16.718 0.010
3472.88932 16.682 0.010
3474.81796 16.680 0.011
3476.91473 16.727 0.010
3479.84152 16.684 0.009
3481.81844 16.726 0.009
3484.76762 16.682 0.013
3500.93739 16.675 0.011
3508.93161 16.741 0.013
3511.94341 16.935 0.015
3520.69149 16.677 0.013
3521.93307 16.918 0.013
3522.83825 16.641 0.012
3528.86091 16.720 0.012
3530.91860 16.688 0.009
3538.88396 16.729 0.014
3544.85551 16.693 0.013
3547.87413 16.700 0.013
3550.85715 16.725 0.011
3551.86304 16.888 0.016
3553.82214 16.680 0.013
3554.87363 16.733 0.015
3556.78254 16.796 0.012
3558.75560 16.705 0.010
3560.50166 16.705 0.011
3560.56479 16.723 0.010
3560.67439 16.709 0.009
3560.73042 16.699 0.010
3560.83072 16.640 0.010
3561.47265 16.660 0.014
3561.63460 16.723 0.010
3561.80981 16.928 0.011
3562.47195 16.704 0.013
3562.68981 16.690 0.010
3562.80122 16.652 0.010
3563.48515 16.814 0.013
3563.67512 16.724 0.010
3563.75788 16.714 0.011
3563.78550 16.727 0.012
3564.79298 16.707 0.011
3568.81167 16.731 0.014
3569.49570 16.681 0.014
3574.78099 16.730 0.014
3575.72329 16.709 0.010
3579.71266 16.702 0.009
3581.77761 16.943 0.012
3582.71143 16.679 0.011
3583.72927 16.729 0.011
3584.73329 16.711 0.010
3585.74174 16.689 0.010
3618.68308 16.678 0.012
3631.59242 16.827 0.014
3635.57013 16.664 0.009
3643.51993 16.750 0.013
3644.61969 16.737 0.012
3649.56956 16.717 0.010
3650.60208 16.723 0.016
3652.57522 16.701 0.015
3778.86458 16.657 0.013
