2127.57861 18.951 0.082
2130.59999 19.152 0.078
2133.61236 19.042 0.068
2137.56272 19.309 0.086
2142.54434 19.238 0.071
2171.65903 19.027 0.086
2190.51675 19.007 0.064
2215.52752 18.986 0.136
2338.83042 19.091 0.112
2353.86113 18.991 0.085
2363.83861 19.248 0.105
2377.78388 18.964 0.089
2384.86613 19.156 0.067
2388.88490 18.956 0.060
2390.90411 19.126 0.079
2393.82621 19.051 0.147
2400.82675 19.103 0.076
2404.70199 19.205 0.071
2406.80514 19.139 0.082
2416.82571 19.050 0.080
2424.91735 19.140 0.154
2431.76250 19.264 0.087
2433.75256 19.009 0.076
2434.92328 18.954 0.100
2436.91004 19.055 0.093
2439.86816 18.950 0.071
2441.82620 19.071 0.075
2444.87858 18.946 0.089
2445.73504 19.100 0.071
2448.78481 19.042 0.187
2454.57430 18.970 0.065
2460.65526 19.057 0.076
2463.64385 18.967 0.056
2466.46595 19.119 0.122
2468.81242 18.987 0.076
2469.64944 18.962 0.046
2471.61140 19.186 0.064
2473.62566 19.045 0.071
2481.76094 18.890 0.082
2484.71777 18.787 0.082
2487.67152 18.982 0.093
2491.55277 18.960 0.094
2496.58421 19.140 0.053
2498.62394 19.101 0.054
2500.64921 19.059 0.057
2502.66765 18.872 0.111
2510.56546 19.112 0.078
2516.67064 18.980 0.105
2519.60195 18.945 0.058
2524.62981 19.116 0.087
2529.55052 19.021 0.074
2538.59974 18.931 0.085
2543.49855 18.984 0.069
2548.55378 18.998 0.078
2552.58975 19.199 0.103
2557.55339 19.020 0.072
2564.55404 19.026 0.108
2583.50107 19.528 0.212
2709.87518 19.036 0.061
2719.90833 19.040 0.071
2730.81906 19.083 0.057
2734.91725 19.054 0.061
2747.79338 19.294 0.118
2754.80111 19.125 0.067
2757.88484 18.972 0.086
2763.84257 19.096 0.068
2767.91371 19.064 0.089
2776.69934 19.291 0.302
2783.90945 19.210 0.082
2785.68791 18.931 0.061
2787.78891 19.058 0.071
2790.58299 18.877 0.054
2793.72514 18.897 0.056
2795.69249 19.189 0.065
2797.69677 19.044 0.057
2802.74747 19.062 0.099
2809.82145 18.945 0.067
2811.73988 18.896 0.069
2812.86581 19.172 0.093
2814.81783 18.981 0.067
2816.72573 19.083 0.068
2818.70273 19.077 0.065
2819.85291 19.077 0.097
2820.82643 18.974 0.074
2829.83056 18.953 0.087
2835.73266 19.366 0.101
2837.74649 18.868 0.093
2838.78787 18.939 0.090
2840.75941 19.001 0.082
2843.75264 19.336 0.099
2845.73821 18.936 0.061
2850.68448 19.026 0.064
2852.68053 19.091 0.080
2854.64899 19.056 0.076
2857.54960 19.053 0.067
2862.48283 18.881 0.104
2862.67593 19.018 0.121
2863.49957 18.992 0.093
2864.54286 18.918 0.092
2865.56518 19.093 0.072
2866.64452 19.053 0.089
2868.58581 19.175 0.068
2868.64908 18.911 0.074
2869.68173 19.060 0.078
2872.51152 19.125 0.076
2877.67495 19.109 0.082
2883.66062 19.089 0.074
2885.65816 19.094 0.118
2890.65306 19.061 0.140
2893.53672 19.225 0.083
2894.52490 19.068 0.080
2895.60200 19.183 0.074
2896.53324 19.009 0.069
2896.65132 19.083 0.090
2897.63521 19.040 0.093
2898.55598 19.099 0.090
2898.63682 18.954 0.094
2899.63877 19.145 0.079
2899.67308 18.995 0.103
2900.49291 18.980 0.089
2902.49217 19.038 0.122
2902.60030 19.208 0.112
2903.49209 20.444 0.401
2905.48511 19.124 0.133
2906.48919 18.954 0.082
2907.48919 18.987 0.105
2907.57437 19.226 0.100
2908.48948 18.809 0.089
2909.49151 19.088 0.090
2910.48206 19.266 0.198
2910.53874 19.137 0.101
2911.49930 19.125 0.110
2911.55385 18.927 0.067
2911.58194 18.938 0.071
2912.49334 18.919 0.089
2912.55572 19.155 0.085
2915.48498 19.032 0.121
2916.52042 19.017 0.083
2917.50754 19.181 0.111
2917.57658 18.936 0.079
2918.49972 19.040 0.117
2918.54713 19.032 0.094
2920.51079 18.896 0.096
2921.49660 18.964 0.111
2921.58636 19.079 0.122
2922.50615 19.024 0.107
2922.57337 19.019 0.112
2923.51543 19.073 0.078
2924.51168 19.128 0.075
2924.58142 19.077 0.093
2925.50718 19.107 0.086
2925.56420 18.828 0.072
2926.53746 19.184 0.090
2927.50428 18.951 0.083
2927.55120 19.086 0.092
2928.51326 18.955 0.078
2928.56735 18.926 0.112
2929.50780 18.896 0.103
2929.58235 18.946 0.096
2930.50627 19.095 0.074
2931.51002 19.206 0.082
2932.52703 19.081 0.087
2933.51343 18.955 0.074
2934.51640 19.055 0.110
2935.52640 19.131 0.122
2937.52331 19.170 0.105
2939.52110 19.067 0.103
2941.53652 18.895 0.111
2944.53616 19.135 0.136
2945.51713 19.080 0.146
2946.51013 19.225 0.141
2947.50079 19.082 0.151
2950.51729 19.460 0.172
2952.50849 18.867 0.105
2953.52003 18.851 0.103
3041.88395 18.997 0.114
3053.82607 18.976 0.076
3066.80661 19.030 0.087
3068.86714 19.011 0.068
3072.78626 19.001 0.086
3076.80480 18.976 0.086
3077.83896 19.234 0.196
3081.82110 19.267 0.078
3084.79898 19.045 0.064
3086.86037 19.099 0.057
3088.84974 19.043 0.051
3090.76294 19.024 0.056
3091.91673 19.223 0.080
3097.86121 18.989 0.057
3099.83478 19.130 0.090
3101.86035 19.188 0.089
3103.82585 19.021 0.067
3104.81193 19.016 0.178
3107.81528 19.282 0.080
3108.86500 19.099 0.062
3112.91476 19.065 0.061
3114.90129 18.985 0.058
3115.91310 19.045 0.056
3116.82446 18.952 0.060
3124.84240 18.949 0.072
3126.72477 19.019 0.058
3127.92607 18.959 0.056
3128.91529 19.072 0.075
3130.79303 18.997 0.080
3131.73661 19.239 0.112
3135.74886 18.984 0.057
3138.75050 19.159 0.075
3140.72587 18.888 0.051
3141.78780 19.036 0.057
3142.86178 19.119 0.069
3144.87977 19.059 0.075
3147.70255 19.061 0.065
3147.74126 18.959 0.075
3147.78379 18.864 0.056
3147.93997 18.963 0.087
3149.83625 19.027 0.065
3149.90986 19.147 0.093
3151.85598 19.065 0.071
3152.85318 19.128 0.075
3153.85788 18.999 0.094
3156.90922 19.161 0.079
3162.62293 19.044 0.108
3163.86006 19.028 0.076
3164.84124 18.986 0.062
3165.62331 19.233 0.071
3167.70468 19.180 0.078
3168.77763 19.064 0.060
3169.88327 18.963 0.075
3170.91265 19.216 0.101
3171.75450 19.102 0.057
3173.79191 18.890 0.065
3174.80506 18.980 0.062
3175.91426 18.926 0.089
3177.86170 19.308 0.143
3178.57972 19.028 0.089
3179.81877 19.116 0.079
3180.82601 18.962 0.051
3182.88313 18.992 0.071
3183.85398 19.086 0.103
3184.80578 19.148 0.082
3185.59360 18.822 0.049
3193.65109 19.118 0.064
3194.49726 19.253 0.133
3194.83799 18.962 0.069
3195.77131 19.196 0.062
3195.84647 18.819 0.068
3196.57515 19.094 0.085
3197.82572 19.129 0.108
3201.56577 19.291 0.080
3201.58229 18.787 0.050
3202.80694 19.246 0.090
3203.81624 19.175 0.082
3204.82027 18.893 0.092
3206.69487 19.089 0.062
3210.74825 18.929 0.068
3211.78055 18.930 0.089
3217.75402 18.851 0.090
3218.76159 18.852 0.114
3224.51684 19.071 0.060
3229.70124 19.127 0.074
3231.69353 19.207 0.107
3239.49841 19.086 0.061
3240.56477 19.170 0.093
3245.67645 19.126 0.097
3247.53859 19.051 0.078
3249.65848 19.451 0.121
3251.55369 19.051 0.075
3254.63745 18.943 0.090
3257.57752 19.097 0.060
3261.51021 19.098 0.082
3265.57180 19.162 0.078
3267.62941 19.016 0.072
3273.53342 19.020 0.115
3277.49386 19.293 0.104
3280.49277 19.005 0.069
3283.50117 18.986 0.064
3289.55477 19.124 0.085
3296.49794 19.440 0.141
3419.86807 18.923 0.056
3424.87162 19.003 0.075
3427.89088 18.892 0.060
3430.85683 19.100 0.062
3436.90156 19.016 0.078
3443.87373 19.061 0.053
3445.90125 18.969 0.044
3448.80789 19.120 0.074
3450.82540 18.839 0.043
3453.86867 18.945 0.060
3457.91374 19.177 0.082
3458.90372 19.116 0.067
3468.90295 18.944 0.050
3469.92913 19.328 0.107
3472.89572 18.997 0.058
3474.82371 19.134 0.068
3476.92050 19.099 0.065
3479.84724 19.036 0.046
3481.82757 18.927 0.049
3484.77335 18.932 0.096
3502.93353 19.254 0.076
3508.93732 19.062 0.093
3512.94398 19.311 0.139
3520.69718 19.223 0.108
3521.94219 19.051 0.083
3522.84394 18.964 0.068
3523.87077 18.959 0.068
3526.91543 18.881 0.064
3528.86656 19.052 0.092
3538.89298 19.231 0.104
3544.86113 19.262 0.114
3547.87974 19.439 0.136
3550.86276 19.151 0.093
3551.86864 19.012 0.101
3552.86399 18.930 0.085
3553.83166 19.246 0.123
3556.76563 19.212 0.083
3558.76124 19.170 0.071
3560.68000 19.031 0.049
3561.81544 19.040 0.057
3562.69543 19.115 0.062
3563.76347 18.981 0.069
3574.79497 19.203 0.121
3575.72885 18.980 0.057
3579.71824 19.119 0.062
3581.78366 19.162 0.079
3582.71698 18.977 0.062
3583.73483 19.085 0.087
3584.73886 19.130 0.067
3585.74732 19.066 0.057
3618.68862 18.979 0.083
3631.59789 19.245 0.104
3635.58192 18.929 0.056
3652.58075 19.465 0.205
3778.87038 19.052 0.085
4153.84611 19.086 0.079
4155.88088 19.082 0.075
4158.84263 19.012 0.069
4161.81047 18.794 0.096
4162.89333 19.136 0.085
4165.87770 18.934 0.078
4167.88135 19.092 0.082
4169.88500 19.076 0.068
4174.88700 19.098 0.071
4176.86435 18.937 0.068
4178.79065 19.256 0.090
4179.81551 19.076 0.067
4180.88407 19.081 0.090
4182.79652 18.959 0.060
4183.82941 19.038 0.068
4185.80522 19.170 0.069
4190.90807 19.039 0.064
4192.90742 19.037 0.064
4193.91900 18.978 0.071
4196.89833 19.038 0.069
4202.90964 18.982 0.064
4203.89783 18.968 0.058
4204.90467 18.925 0.061
4205.89413 19.001 0.065
4207.92122 19.086 0.075
4208.92682 19.156 0.086
4213.89837 19.230 0.080
4216.85697 18.989 0.061
4217.87993 19.023 0.054
4218.92362 18.993 0.067
4220.91334 19.058 0.090
4222.87330 19.021 0.071
4228.87144 18.944 0.082
4229.83740 19.074 0.074
4230.81850 19.184 0.071
4231.86035 19.134 0.083
4232.88128 19.233 0.125
4234.81937 19.053 0.065
4234.85618 18.988 0.068
4235.83984 19.100 0.064
4237.65666 19.063 0.086
4238.84432 19.154 0.094
4240.64238 18.994 0.080
4243.89066 19.058 0.085
4244.90136 19.084 0.089
4245.94046 19.218 0.125
4246.94477 19.061 0.122
4247.60316 18.793 0.078
4250.93106 19.090 0.103
4256.82945 19.230 0.129
4257.71330 18.975 0.090
4258.81524 18.955 0.085
4268.59627 19.303 0.117
4269.73668 18.912 0.068
4272.65790 18.980 0.058
4273.70592 19.064 0.079
4274.68920 18.880 0.060
4275.74599 19.014 0.087
4277.58682 18.908 0.071
4278.72015 19.116 0.096
4283.66712 19.141 0.082
4284.64841 19.018 0.080
4285.65538 19.075 0.085
4286.74908 18.997 0.094
4289.69889 19.057 0.093
4291.59325 18.904 0.076
4292.63374 18.942 0.057
4293.66216 19.008 0.057
4294.70275 19.393 0.110
4295.66340 19.119 0.060
4296.64735 19.069 0.053
4297.57342 18.910 0.056
4298.80561 18.911 0.092
4299.77515 19.113 0.067
4300.71125 19.008 0.060
4301.57439 19.069 0.060
4302.80835 19.057 0.087
4306.56543 18.788 0.082
4311.60863 18.863 0.111
4312.67520 18.940 0.072
4317.66650 19.055 0.079
4319.67131 18.971 0.076
4326.69936 19.139 0.092
4327.71662 19.034 0.099
4328.65139 19.013 0.067
4329.64159 18.932 0.080
4330.65602 18.945 0.060
4331.65144 18.974 0.074
4332.71340 19.061 0.108
4333.65519 19.118 0.085
4334.66870 18.834 0.129
4338.68830 18.947 0.112
4339.65823 19.085 0.092
4340.72145 19.153 0.135
4341.70287 19.043 0.119
4342.69935 19.055 0.125
4343.66916 19.023 0.083
4345.66902 18.905 0.104
4346.67416 18.995 0.083
4347.68832 19.154 0.099
4349.66340 18.945 0.078
4351.65879 19.066 0.083
4354.66753 19.222 0.128
4357.60560 19.064 0.093
4359.57909 18.928 0.065
4365.62717 19.010 0.169
4370.57641 19.084 0.082
4372.61199 19.035 0.085
4377.57269 19.107 0.132
4382.60786 18.729 0.101
4388.52359 19.072 0.118
4519.86571 19.062 0.083
4520.89587 19.088 0.092
4523.87884 19.052 0.087
4525.87352 18.958 0.130
4532.89897 19.007 0.080
4535.86392 18.885 0.069
4537.81381 19.051 0.069
4539.81863 18.998 0.065
4541.85058 19.049 0.056
4543.84028 19.063 0.058
4544.83708 19.097 0.065
4545.85467 19.208 0.079
4547.82853 18.924 0.068
4550.82743 19.046 0.069
4552.81756 19.110 0.089
4556.90932 19.036 0.064
4558.90437 19.004 0.057
4559.89940 19.213 0.071
4560.89957 18.979 0.054
4561.88868 19.104 0.053
4564.89305 19.010 0.053
4565.88234 19.071 0.051
4566.88362 19.152 0.060
4567.88956 19.127 0.065
4569.90743 18.968 0.062
4570.91306 19.030 0.076
4571.87464 19.297 0.072
4572.91324 19.228 0.090
4573.88899 19.197 0.069
4574.89680 18.978 0.074
4575.90801 19.057 0.069
4583.87825 19.158 0.094
4585.86200 19.141 0.072
4586.88076 18.960 0.071
4587.89262 18.944 0.086
4588.78287 19.146 0.065
4589.75225 19.032 0.071
4590.83240 19.246 0.071
4591.74474 18.934 0.058
4592.81820 19.040 0.083
4593.80384 18.924 0.054
4594.83435 19.035 0.065
4595.82339 19.080 0.069
4596.77846 18.979 0.051
4597.84037 19.117 0.076
4598.80987 19.049 0.050
4599.78909 19.059 0.054
4600.81231 19.088 0.054
4601.80051 19.066 0.058
4602.80372 19.022 0.056
4606.86659 18.910 0.068
4611.78262 19.049 0.069
4616.77720 19.002 0.062
4618.67769 19.170 0.085
4622.75714 19.044 0.079
4623.82949 18.933 0.080
4624.76829 19.068 0.074
4625.75185 19.094 0.085
4626.81329 19.061 0.080
4627.79087 19.169 0.065
4628.71952 18.959 0.061
4629.78887 18.974 0.065
4630.72864 18.977 0.064
4631.74391 19.052 0.056
4632.77769 19.062 0.064
4633.91317 18.928 0.107
4642.55372 18.945 0.079
4643.71078 19.165 0.083
4644.80028 19.048 0.074
4645.71289 19.161 0.090
4646.68028 19.031 0.057
4647.70181 19.013 0.078
4649.68640 19.075 0.068
4650.72441 19.322 0.108
4651.72500 19.093 0.094
4652.65754 18.939 0.064
4653.68502 18.908 0.065
4654.68985 18.948 0.069
4655.69047 19.243 0.067
4656.65738 19.083 0.082
4661.64721 19.290 0.115
4666.51776 18.876 0.079
4670.74934 19.104 0.111
4671.70284 19.068 0.072
4672.66264 19.015 0.068
4674.69060 19.176 0.083
4677.73472 19.149 0.096
4681.71862 19.195 0.117
4682.71628 19.155 0.068
4683.67231 19.073 0.074
4684.69108 19.051 0.071
4685.71688 18.977 0.078
4685.76904 19.238 0.114
4687.70512 19.167 0.105
4688.65101 19.138 0.074
4694.73898 18.874 0.117
4697.65990 19.024 0.105
4698.67804 19.006 0.099
4700.67325 19.099 0.092
4701.65656 19.033 0.086
4702.67103 18.986 0.086
4708.69265 18.988 0.083
4715.65372 19.043 0.097
4720.66420 19.460 0.283
4721.66721 19.176 0.141
4722.65741 19.042 0.111
4725.63032 19.243 0.123
4733.61961 19.055 0.093
4739.51231 19.289 0.112
4750.56165 18.977 0.115
4757.56855 19.139 0.087
4763.54483 19.294 0.121
4772.51905 18.980 0.121
4877.88495 18.993 0.065
4883.89885 19.010 0.121
4886.86554 19.095 0.080
4890.83805 18.983 0.079
4894.88906 19.032 0.096
4899.80668 19.108 0.093
4900.86780 19.077 0.067
4902.84497 18.901 0.065
4903.90768 19.118 0.086
4904.87320 19.066 0.078
4911.90842 19.039 0.057
4913.92183 18.982 0.097
4924.91632 19.043 0.072
4926.77720 19.031 0.074
4928.82259 19.105 0.075
4930.75805 18.966 0.075
4931.91562 19.259 0.111
4932.80804 19.012 0.062
4933.75564 19.286 0.111
4934.85391 18.912 0.064
4938.86242 19.053 0.100
4940.80714 19.026 0.074
4941.85916 19.088 0.082
4943.74158 19.041 0.056
4949.82093 19.002 0.057
4951.85241 18.998 0.085
4953.75038 19.040 0.068
