2125.62263 18.149 0.065
2129.69770 18.093 0.032
2132.63925 18.100 0.034
2136.54330 18.176 0.052
2141.55508 18.130 0.035
2144.64466 18.121 0.035
2160.61281 18.196 0.058
2169.52663 18.154 0.061
2211.50713 18.331 0.083
2332.87486 18.260 0.071
2347.83874 18.099 0.037
2357.86625 18.079 0.036
2372.85416 18.011 0.039
2383.82603 18.058 0.031
2388.79677 18.142 0.048
2390.82616 18.157 0.041
2397.70641 18.029 0.034
2401.83554 18.103 0.039
2403.91251 18.072 0.033
2405.89994 18.047 0.037
2414.90496 18.177 0.045
2416.85729 18.108 0.044
2424.82468 18.217 0.048
2428.85327 18.178 0.044
2434.75162 18.111 0.033
2436.80037 18.116 0.039
2438.76112 18.144 0.036
2441.73886 18.052 0.033
2445.64470 18.136 0.038
2448.66638 18.197 0.051
2455.70304 18.111 0.040
2459.62312 18.124 0.034
2463.55442 18.050 0.037
2466.65358 18.088 0.038
2468.68380 18.105 0.032
2470.66625 18.042 0.030
2472.69436 18.048 0.031
2481.57086 18.071 0.049
2484.63340 18.026 0.038
2486.72545 18.201 0.052
2490.69366 18.007 0.038
2493.65520 18.024 0.038
2495.75710 18.033 0.044
2498.52064 18.042 0.027
2500.56515 18.038 0.030
2502.57635 18.045 0.032
2508.67673 18.104 0.048
2512.62308 18.150 0.042
2517.57694 18.051 0.036
2520.59229 18.024 0.036
2528.49757 18.046 0.043
2538.50401 18.131 0.043
2542.53128 18.083 0.048
2552.50525 18.145 0.045
2556.58935 18.163 0.051
2563.50378 18.201 0.043
2575.53194 18.049 0.048
2707.87662 18.091 0.035
2714.91200 18.083 0.037
2729.84592 18.049 0.048
2733.92607 18.159 0.074
2744.92390 18.051 0.035
2753.89807 18.207 0.047
2757.81008 18.105 0.042
2761.82718 18.054 0.032
2767.80529 18.122 0.053
2775.73162 18.150 0.068
2783.83563 18.188 0.037
2785.76127 18.038 0.037
2787.61160 18.080 0.046
2789.76832 18.047 0.034
2791.72473 18.099 0.034
2794.93915 18.109 0.048
2796.83848 18.096 0.032
2797.89970 18.090 0.043
2809.72762 18.276 0.049
2811.65470 18.144 0.060
2812.72646 18.111 0.048
2813.83573 18.126 0.042
2814.75931 18.152 0.040
2816.62400 18.104 0.033
2818.59527 18.124 0.038
2820.80194 18.094 0.037
2826.76543 18.103 0.048
2835.64959 18.176 0.052
2839.71885 18.248 0.045
2841.72816 18.213 0.041
2843.65470 18.026 0.039
2845.66532 18.075 0.039
2850.53334 18.092 0.037
2852.54574 18.090 0.053
2854.54947 18.015 0.036
2856.73981 18.146 0.061
2858.69246 18.082 0.038
2862.60517 18.116 0.054
2865.70875 18.017 0.042
2868.59495 18.162 0.033
2876.59127 18.075 0.034
2879.64154 18.039 0.036
2884.67190 18.139 0.055
2892.66027 18.040 0.059
2895.63398 18.064 0.034
2900.56220 18.125 0.048
2906.51410 18.088 0.048
2911.53826 18.173 0.049
2918.56228 18.040 0.049
2930.58327 18.173 0.054
3059.81875 18.162 0.048
3064.83557 18.113 0.054
3068.78945 18.122 0.053
3070.86804 18.059 0.045
3073.82413 18.130 0.040
3075.86221 18.123 0.041
3079.90709 18.188 0.046
3082.89011 18.193 0.037
3085.82473 18.048 0.033
3086.89711 18.066 0.036
3088.81732 18.105 0.033
3090.73042 18.084 0.034
3096.88561 18.189 0.048
3098.90550 18.126 0.029
3099.91888 18.156 0.050
3101.75755 18.038 0.049
3103.79049 18.240 0.045
3104.84913 18.066 0.105
3106.86242 18.103 0.045
3108.78243 18.152 0.034
3109.84188 18.256 0.038
3110.84823 18.173 0.038
3112.83354 18.076 0.034
3114.79814 18.031 0.030
3116.88608 18.101 0.038
3122.92412 17.963 0.037
3125.88464 18.136 0.051
3127.82792 18.092 0.039
3128.83407 18.112 0.036
3130.71526 18.163 0.045
3131.68181 18.234 0.061
3134.82925 18.123 0.044
3135.91339 18.022 0.032
3138.66768 18.055 0.037
3139.89287 18.106 0.038
3140.89245 18.112 0.037
3142.78144 18.099 0.033
3144.80154 18.072 0.034
3146.83062 17.996 0.033
3151.76440 18.108 0.042
3151.92037 18.072 0.045
3152.76933 18.114 0.035
3153.77267 18.086 0.043
3156.87776 18.153 0.041
3162.58200 18.063 0.054
3163.76858 18.066 0.036
3164.75083 18.091 0.034
3164.88384 18.110 0.044
3165.72439 18.215 0.030
3167.61071 17.972 0.043
3168.87260 18.097 0.037
3169.74055 18.191 0.037
3170.82548 18.079 0.030
3171.79678 18.237 0.030
3172.76774 18.061 0.033
3173.86572 18.090 0.044
3174.72454 18.006 0.027
3175.73326 18.082 0.030
3177.77376 18.015 0.043
3179.51852 18.057 0.036
3179.89780 18.154 0.048
3180.73560 18.069 0.026
3182.80023 18.096 0.035
3183.75518 18.046 0.038
3184.71621 18.106 0.031
3185.71976 18.105 0.037
3193.55117 18.033 0.030
3194.56283 17.990 0.047
3195.69437 18.140 0.030
3195.81493 18.028 0.032
3196.61580 18.119 0.036
3197.53874 18.066 0.035
3197.84400 18.089 0.047
3199.63772 18.081 0.031
3202.53200 18.175 0.037
3202.82178 18.238 0.061
3203.67362 18.036 0.029
3204.66801 18.063 0.029
3205.52694 18.129 0.034
3206.73225 18.125 0.038
3209.65225 18.130 0.034
3210.65231 18.155 0.038
3211.62274 18.120 0.040
3217.66696 18.027 0.047
3218.66525 17.987 0.043
3223.66647 18.145 0.048
3224.71457 18.083 0.036
3226.63646 18.230 0.045
3228.61575 18.139 0.042
3229.64823 18.142 0.034
3230.68173 18.106 0.034
3231.58577 18.008 0.032
3232.62222 18.120 0.046
3238.63407 18.124 0.042
3239.71308 18.031 0.048
3240.48620 18.084 0.036
3245.57006 18.216 0.082
3246.67577 18.171 0.064
3247.59492 18.059 0.038
3249.54245 18.143 0.039
3250.67339 18.140 0.051
3253.64265 18.073 0.048
3256.65261 18.248 0.054
3260.56236 18.077 0.037
3265.49287 18.173 0.055
3267.54650 18.095 0.038
3272.60446 18.183 0.049
3275.49855 18.153 0.053
3278.61438 18.201 0.050
3282.49389 18.225 0.042
3288.56024 18.125 0.039
3293.53082 17.975 0.025
3300.52462 18.187 0.054
3314.52591 18.069 0.064
3417.85975 18.221 0.034
3422.88609 18.170 0.035
3426.87713 18.044 0.035
3429.86217 18.004 0.033
3432.90249 18.096 0.034
3442.90499 18.045 0.032
3445.81800 18.148 0.031
3447.86833 18.100 0.038
3449.88517 18.153 0.034
3452.90234 18.106 0.027
3453.77422 18.210 0.052
3455.84484 18.183 0.050
3456.85594 18.030 0.029
3457.77361 18.155 0.041
3458.81720 17.969 0.031
3459.79177 18.095 0.036
3467.89454 18.183 0.033
3469.80420 18.043 0.028
3470.84430 18.127 0.028
3472.77556 18.025 0.028
3473.87058 18.088 0.039
3474.84182 18.080 0.032
3477.77954 18.121 0.033
3478.89383 18.053 0.031
3480.84579 18.067 0.031
3481.84569 18.105 0.026
3483.79010 18.073 0.030
3496.74398 18.204 0.039
3497.81172 18.198 0.039
3498.93293 18.029 0.034
3499.74040 18.060 0.029
3500.74499 18.210 0.039
3501.83571 17.935 0.024
3502.69132 18.094 0.028
3503.70416 18.117 0.029
3504.71852 18.062 0.034
3506.80393 18.008 0.031
3508.80036 18.088 0.033
3509.70377 18.156 0.039
3511.69048 18.038 0.032
3512.75366 18.160 0.038
3517.79985 18.134 0.035
3520.83510 18.069 0.036
3521.65426 18.218 0.029
3522.76380 18.108 0.032
3523.79913 18.051 0.027
3524.78684 17.947 0.031
3525.76649 18.168 0.033
3526.85182 18.046 0.029
3528.57043 18.182 0.041
3530.79587 18.135 0.027
3537.76371 18.087 0.030
3538.69320 18.022 0.027
3540.66712 18.119 0.032
3544.74139 18.139 0.040
3546.86526 18.111 0.058
3547.82554 18.322 0.055
3550.65195 18.142 0.028
3551.65519 18.279 0.024
3552.68876 18.128 0.029
3553.69150 18.217 0.039
3554.68001 18.202 0.043
3555.71016 18.110 0.032
3556.73846 18.147 0.037
3558.57425 18.110 0.033
3558.85157 18.071 0.037
3559.67014 18.050 0.031
3560.62326 18.030 0.025
3561.56356 18.166 0.034
3561.83012 18.123 0.038
3562.60767 18.137 0.043
3562.83055 18.178 0.040
3563.65715 18.070 0.031
3564.55074 18.100 0.036
3569.60946 18.205 0.045
3573.67810 18.162 0.048
3573.70503 18.063 0.037
3574.70604 18.154 0.041
3575.64492 18.017 0.026
3575.79008 18.167 0.042
3576.70739 18.046 0.029
3577.75566 18.165 0.037
3578.69235 17.993 0.026
3579.63765 18.106 0.029
3580.67420 18.100 0.034
3581.69060 18.072 0.027
3582.61636 18.180 0.028
3583.65294 18.234 0.039
3584.66169 18.161 0.032
3585.65979 18.211 0.029
3586.68418 18.168 0.028
3588.74228 18.263 0.042
3589.70362 18.117 0.030
3590.69969 18.100 0.031
3591.49363 18.106 0.031
3591.63914 18.026 0.025
3591.72133 18.110 0.030
3592.65615 18.042 0.023
3592.71053 18.075 0.027
3597.62977 18.114 0.034
3599.64660 18.272 0.061
3601.67604 18.036 0.035
3602.67624 18.121 0.041
3603.65634 18.143 0.040
3607.65481 18.079 0.034
3608.67075 18.044 0.034
3615.59807 18.156 0.033
3618.60161 18.073 0.032
3620.56488 18.072 0.031
3628.56691 18.112 0.040
3630.58093 18.104 0.043
3632.60841 17.995 0.045
3634.51180 18.045 0.031
3639.51760 18.247 0.031
3641.56433 18.133 0.049
3644.52913 18.063 0.032
3649.50976 17.964 0.036
3651.57063 18.302 0.064
3654.56029 17.993 0.065
3655.53579 18.133 0.041
3657.52897 18.211 0.049
3659.53076 18.232 0.061
3662.53530 18.064 0.046
3665.49272 18.021 0.044
3671.50869 18.205 0.060
3777.84027 18.023 0.050
3782.87626 18.017 0.030
3785.83792 18.096 0.040
3788.85807 18.071 0.043
3791.82557 18.254 0.048
3793.86771 18.200 0.034
3795.85514 18.311 0.058
3798.81833 18.061 0.034
3799.84249 17.995 0.043
3800.83740 18.206 0.050
3801.89691 18.056 0.036
3802.86247 18.107 0.038
3803.89775 18.078 0.034
3805.81420 18.200 0.038
3806.78047 18.122 0.043
3806.79367 18.187 0.038
3806.88222 18.101 0.031
3807.79958 18.030 0.047
3807.86713 18.045 0.034
3808.80726 18.223 0.043
3808.84446 18.110 0.039
3808.90204 18.120 0.037
3809.77007 18.033 0.041
3809.89236 18.089 0.034
3810.76412 18.063 0.040
3810.85897 18.110 0.035
3810.91506 18.062 0.052
3811.78785 18.010 0.040
3811.85057 18.169 0.039
3812.75641 18.180 0.056
3812.82916 18.142 0.047
3812.84665 18.170 0.048
3812.91573 18.080 0.047
3813.75714 18.161 0.048
3813.77514 18.118 0.041
3813.78118 18.030 0.032
3813.79266 18.032 0.031
3813.80688 18.052 0.030
3813.81303 18.069 0.032
3813.81581 18.098 0.035
3813.82813 18.042 0.033
3813.83961 18.027 0.034
3813.87748 18.077 0.033
3813.90909 18.082 0.037
3814.75236 18.078 0.041
3814.76029 18.100 0.038
3814.83848 18.010 0.029
3814.87020 18.120 0.041
3814.90664 18.209 0.039
3815.75305 18.141 0.095
3815.79587 18.089 0.036
3815.81519 18.006 0.032
3815.82551 18.068 0.032
3815.83626 18.034 0.030
3815.84334 18.111 0.033
3815.85012 18.015 0.029
3815.86152 18.054 0.030
3815.86919 18.060 0.030
3815.87896 17.980 0.028
3815.88977 18.049 0.027
3815.89730 18.077 0.030
3815.90460 18.111 0.030
3815.91107 18.089 0.037
3815.91756 18.031 0.041
3815.92052 17.997 0.048
3815.92364 18.043 0.071
3817.80260 18.101 0.044
3817.83822 18.133 0.042
3817.87175 18.042 0.036
3817.91256 18.105 0.039
3817.91996 18.048 0.058
3818.75690 18.246 0.046
3818.82141 18.161 0.036
3818.92013 18.016 0.047
3819.75507 18.230 0.038
3819.79929 18.202 0.029
3820.78349 18.172 0.031
3821.78664 18.237 0.038
3822.82601 18.236 0.041
3823.78620 18.187 0.040
3824.75239 18.034 0.039
3825.81729 18.025 0.039
3826.74578 18.074 0.034
3827.81356 18.066 0.030
3828.78819 18.034 0.042
3829.77034 18.101 0.036
3830.75087 18.090 0.033
3832.75726 18.116 0.031
3833.77043 18.135 0.031
3834.75621 18.148 0.036
3835.74527 18.123 0.039
3836.77633 18.138 0.038
3837.74368 18.145 0.045
3837.91561 18.013 0.031
3838.75546 18.162 0.056
3839.75125 18.021 0.039
3840.71723 18.044 0.037
3840.92221 18.095 0.038
3841.75579 18.104 0.038
3841.90647 18.060 0.034
3842.86041 18.170 0.034
3845.73130 18.114 0.094
3845.92305 18.070 0.042
3846.74202 18.170 0.032
3847.80809 18.031 0.043
3848.76304 18.106 0.034
3849.76221 18.221 0.036
3850.70687 18.197 0.036
3850.88027 18.192 0.042
3851.72150 18.175 0.039
3851.88626 18.098 0.040
3851.93237 18.032 0.039
3852.70998 18.131 0.042
3852.89225 18.025 0.035
3853.69837 18.052 0.026
3853.86669 18.068 0.028
3856.68844 18.065 0.033
3856.85519 18.178 0.031
3857.92612 18.107 0.036
3858.77480 18.100 0.032
3859.81300 18.036 0.029
3860.68250 18.088 0.043
3860.92136 18.323 0.047
3861.68059 18.122 0.036
3861.78421 18.007 0.026
3862.71386 18.179 0.033
3862.87632 18.154 0.037
3863.65134 18.105 0.035
3863.87219 18.073 0.026
3864.68828 18.110 0.036
3864.87832 18.071 0.026
3864.93726 18.161 0.037
3865.69910 18.170 0.039
3865.83582 18.044 0.029
3865.91258 18.117 0.029
3866.69755 18.105 0.032
3866.83705 18.097 0.033
3866.91598 18.051 0.027
3867.64039 18.016 0.035
3867.82795 18.121 0.038
3867.89916 18.036 0.031
3868.72350 18.121 0.043
3868.87518 18.132 0.044
3869.70335 18.000 0.033
3869.88430 18.114 0.046
3872.90828 18.006 0.032
3873.65686 18.125 0.036
3873.79903 18.077 0.030
3873.87165 18.126 0.034
3874.75530 18.128 0.038
3875.66900 18.144 0.025
3875.82487 18.061 0.030
3875.91538 18.153 0.035
3876.64621 18.184 0.030
3877.64436 18.183 0.037
3877.79566 18.045 0.026
3877.86957 18.097 0.031
3880.63512 18.013 0.029
3880.84523 18.030 0.036
3880.92405 17.973 0.032
3881.67445 18.112 0.032
3881.88589 18.135 0.032
3882.58645 18.077 0.038
3882.76274 18.194 0.036
3882.83697 18.083 0.031
3882.90576 18.051 0.028
3883.65212 18.054 0.039
3883.85264 17.999 0.027
3886.61423 18.121 0.035
3886.80702 18.199 0.029
3886.87887 18.232 0.044
3887.58757 18.149 0.040
3887.79017 18.163 0.033
3887.88971 18.017 0.033
3888.60365 18.057 0.035
3889.67001 18.122 0.029
3889.94824 18.001 0.042
3890.65515 18.158 0.033
3891.67967 18.146 0.038
3891.80789 18.075 0.032
3891.88987 18.237 0.039
3892.60487 17.814 0.042
3893.63350 18.107 0.039
3894.68386 18.074 0.040
3894.90665 18.341 0.054
3896.62454 18.037 0.047
3900.54280 18.186 0.078
3900.72919 18.118 0.033
3900.80785 18.105 0.035
3900.87649 18.107 0.041
3901.55296 18.277 0.055
3901.73429 18.101 0.038
3901.81154 18.184 0.043
3901.88048 18.086 0.043
3902.57718 18.115 0.034
3902.75513 18.081 0.034
3902.87798 17.994 0.049
3903.66677 18.024 0.034
3904.56398 18.222 0.032
3904.72695 18.019 0.029
3904.79605 18.204 0.034
3904.89819 18.035 0.035
3905.56071 18.255 0.038
3905.73742 18.025 0.026
3905.80745 18.158 0.026
3905.87600 18.072 0.032
3906.57523 18.274 0.043
3906.71586 18.037 0.030
3906.78820 18.031 0.031
3906.87130 18.193 0.047
3907.60601 18.194 0.041
3907.79643 18.040 0.048
3907.87279 18.090 0.059
3908.54214 18.051 0.039
3908.72777 18.023 0.033
3908.80783 18.017 0.029
3908.89092 18.103 0.037
3909.54401 17.977 0.036
3909.72667 18.085 0.026
3909.81717 18.034 0.029
3910.58894 18.203 0.040
3912.54311 18.025 0.025
3912.73047 18.102 0.024
3912.82440 17.999 0.025
3913.53462 18.096 0.028
3913.74007 18.221 0.037
3913.82895 18.017 0.026
3914.55841 18.060 0.039
3915.53612 18.073 0.037
3915.73812 18.218 0.035
3915.83631 18.055 0.036
3916.57482 18.289 0.045
3916.81875 18.187 0.037
3917.62999 18.072 0.039
3917.82934 18.205 0.047
3918.61690 18.111 0.041
3918.82702 18.215 0.047
3919.55519 18.143 0.057
3919.77379 18.230 0.033
3920.52151 18.190 0.042
3920.71759 18.046 0.035
3920.80302 18.117 0.028
3921.51767 18.116 0.039
3921.73144 18.014 0.047
3922.73361 18.138 0.046
3930.56225 18.049 0.033
3930.79923 18.115 0.061
3931.51028 18.311 0.053
3932.53787 18.230 0.040
3932.80962 18.103 0.037
3933.52428 18.162 0.033
3933.70878 18.109 0.028
3933.78075 18.136 0.037
3934.49825 18.159 0.036
3934.66822 18.055 0.028
3934.73808 18.010 0.027
3935.54806 18.319 0.044
3935.71946 18.125 0.042
3935.81697 18.060 0.035
3936.50149 18.249 0.048
3936.66697 18.123 0.033
3936.74335 18.081 0.042
3937.56968 18.226 0.050
3938.50921 18.036 0.040
3938.70426 18.084 0.035
3938.80942 18.148 0.050
3940.59390 18.171 0.030
3941.72284 18.120 0.048
3944.56183 17.983 0.032
3944.76220 18.210 0.046
3946.52099 18.007 0.040
3946.71318 18.123 0.042
3950.52964 18.126 0.029
3950.74470 18.296 0.042
3950.75217 18.145 0.039
3951.52238 18.134 0.038
3951.75367 17.996 0.052
3956.57559 18.044 0.048
3957.51400 18.078 0.046
3958.58567 18.092 0.038
3959.51759 18.128 0.040
3959.69201 18.072 0.044
3960.50682 18.054 0.034
3960.68593 18.215 0.032
3961.58248 18.015 0.044
3963.53948 18.128 0.033
3963.71684 18.077 0.041
3964.53459 18.082 0.030
3965.51902 18.221 0.033
3965.71791 18.060 0.032
3966.49419 18.271 0.045
3966.69591 18.092 0.037
3967.53262 18.345 0.055
3967.72134 18.068 0.035
3968.50669 18.153 0.041
3968.67665 18.163 0.043
3969.48832 18.080 0.037
3969.68896 17.974 0.032
3970.52255 18.182 0.041
3970.69603 18.028 0.029
3971.56126 18.122 0.044
3973.58751 18.099 0.033
3974.51678 18.055 0.037
3975.51966 18.042 0.030
3975.69635 18.184 0.048
3976.51447 18.008 0.030
3976.69430 18.200 0.054
3979.51649 18.101 0.049
3982.57714 18.073 0.039
3983.53476 18.141 0.056
3986.59159 18.189 0.048
3987.51393 18.006 0.039
3988.52685 18.086 0.030
3989.53746 18.064 0.038
3990.55427 18.083 0.039
3991.51005 18.085 0.042
3993.56173 18.063 0.038
3994.57242 18.080 0.040
3995.58000 18.090 0.033
3999.61735 18.088 0.038
4002.50675 18.199 0.047
4003.50099 18.067 0.031
4004.53506 18.080 0.034
4006.52802 18.009 0.032
4012.50792 18.159 0.049
4016.52356 18.135 0.048
4018.56204 18.437 0.063
4020.54655 17.955 0.036
4023.54692 18.084 0.046
4025.56626 17.944 0.041
4028.50569 18.066 0.046
4031.50579 18.387 0.058
4038.51111 18.220 0.060
4041.51014 18.067 0.051
4043.51790 18.031 0.057
4141.88520 18.124 0.047
4151.86635 18.210 0.048
4153.88827 18.177 0.040
4156.86666 18.084 0.046
4158.88776 18.077 0.037
4161.85420 18.128 0.054
4163.83708 18.169 0.047
4165.83215 18.191 0.070
4168.81566 18.049 0.042
4170.80759 18.025 0.058
4175.79821 18.203 0.048
4176.90957 18.033 0.037
4178.81764 18.180 0.042
4179.85759 18.091 0.034
4181.79403 18.139 0.045
4182.84253 18.176 0.036
4183.87511 18.218 0.045
4184.91934 18.158 0.050
4189.87026 18.065 0.041
4191.82063 18.142 0.062
4193.76666 18.142 0.052
4194.79597 18.067 0.038
4196.78602 18.067 0.046
4202.76760 18.055 0.033
4203.75561 18.089 0.031
4204.74789 18.143 0.042
4204.93018 18.213 0.059
4205.74443 18.186 0.038
4207.73388 18.208 0.044
4208.75600 18.190 0.036
4211.80015 18.344 0.050
4212.88152 18.182 0.056
4213.72050 18.035 0.039
4213.92409 18.094 0.034
4215.75319 18.064 0.043
4216.71099 18.043 0.037
4217.71845 18.079 0.032
4217.92790 18.142 0.036
4218.76808 18.117 0.048
4219.76899 18.098 0.047
4220.71372 18.123 0.049
4222.68245 18.144 0.056
4224.79317 18.118 0.045
4228.68861 18.037 0.044
4228.92218 18.020 0.045
4229.68229 18.153 0.058
4229.87924 18.084 0.038
4230.69201 18.085 0.038
4230.88005 18.090 0.040
4231.63433 18.168 0.046
4231.77856 18.026 0.034
4231.90275 18.057 0.042
4232.68642 18.138 0.050
4232.84741 18.106 0.053
4233.82448 18.120 0.049
4234.72261 18.043 0.037
4235.64788 18.109 0.039
4235.80913 18.015 0.029
4235.90156 18.078 0.036
4238.63382 18.081 0.055
4238.88624 18.083 0.044
4239.64859 18.134 0.043
4240.68797 18.101 0.034
4240.82804 18.083 0.038
4243.65377 18.114 0.048
4243.74651 18.188 0.044
4243.84022 18.183 0.044
4244.62611 18.185 0.051
4244.72237 18.109 0.037
4244.81518 18.143 0.038
4245.61920 18.190 0.041
4245.71314 18.087 0.030
4245.80894 18.197 0.037
4246.67751 18.105 0.038
4246.77039 18.100 0.037
4246.86374 18.178 0.039
4247.69275 18.075 0.038
4250.74093 18.038 0.036
4251.81250 18.014 0.060
4256.62864 18.058 0.053
4256.77469 18.131 0.048
4257.66030 18.060 0.048
4258.64332 18.055 0.040
4258.76583 18.165 0.038
4258.85993 18.046 0.045
4267.60399 18.140 0.048
4268.56717 18.160 0.047
4268.85007 18.053 0.040
4269.58640 18.083 0.038
4269.70693 18.211 0.040
4269.81627 18.010 0.029
4270.57994 18.107 0.043
4272.60828 18.010 0.034
4272.75746 18.224 0.041
4272.81667 18.143 0.042
4273.62540 18.114 0.049
4273.80606 18.141 0.048
4273.86723 18.125 0.068
4274.55809 18.078 0.048
4274.71182 18.166 0.049
4274.77294 18.170 0.044
4274.83135 18.086 0.048
4275.61051 18.095 0.048
4275.78587 18.226 0.049
4275.84697 18.165 0.060
4276.59531 18.123 0.045
4277.53911 18.146 0.057
4277.71607 18.074 0.040
4277.77473 18.282 0.056
4277.84486 18.325 0.070
4278.58398 18.165 0.055
4278.76015 18.104 0.053
4283.51857 18.100 0.047
4283.73886 18.091 0.044
4284.51350 18.161 0.052
4284.70410 18.167 0.044
4284.76640 18.118 0.043
4284.83126 18.080 0.056
4285.51662 18.095 0.060
4285.71006 18.203 0.045
4285.77116 18.094 0.041
4285.83645 18.108 0.047
4286.51631 18.141 0.051
4286.82123 17.869 0.050
4289.52412 18.206 0.049
4289.74266 18.209 0.048
4289.80778 18.094 0.042
4290.57042 18.115 0.051
4291.63305 18.055 0.034
4292.49867 18.109 0.035
4292.67788 18.066 0.031
4292.73648 18.059 0.030
4292.79497 18.204 0.041
4293.49903 18.152 0.042
4293.72365 18.068 0.031
4293.78244 18.090 0.035
4294.49821 18.095 0.043
4295.50532 18.050 0.042
4295.70337 18.035 0.028
4295.76195 18.060 0.033
4296.50235 18.013 0.040
4296.69891 18.061 0.031
4296.83425 18.201 0.051
4297.52192 18.086 0.045
4297.72352 18.023 0.029
4298.55680 18.132 0.042
4298.66253 18.197 0.042
4298.76840 18.106 0.048
4299.53984 18.015 0.030
4299.63329 18.190 0.036
4299.72502 18.112 0.033
4300.53552 18.053 0.036
4300.65557 18.193 0.036
4300.75109 18.086 0.035
4301.52638 18.015 0.031
4301.62213 18.089 0.033
4301.72391 18.108 0.032
4301.82113 18.111 0.040
4302.59938 18.051 0.041
4302.69955 18.173 0.040
4303.68538 18.198 0.046
4304.55951 18.053 0.048
4304.67762 18.093 0.049
4306.64347 18.020 0.039
4306.70042 18.063 0.044
4310.62270 18.087 0.055
4312.55498 18.196 0.048
4312.75342 18.199 0.054
4315.64597 18.170 0.052
4316.71917 18.104 0.045
4317.56725 18.051 0.033
4319.52451 18.140 0.047
4319.77933 18.120 0.044
4320.55130 18.087 0.039
4326.51858 18.142 0.039
4326.71576 18.087 0.046
4327.59758 18.232 0.049
4328.52438 18.265 0.055
4328.70240 18.054 0.041
4329.53376 18.057 0.043
4329.68164 18.078 0.044
4330.50526 18.033 0.034
4330.69856 18.090 0.042
4331.48540 18.136 0.048
4331.69427 18.100 0.045
4332.51521 18.074 0.033
4333.53629 18.065 0.042
4333.69738 18.267 0.064
4334.50967 18.095 0.065
4334.63788 18.112 0.061
4338.50951 18.181 0.049
4339.48685 18.163 0.049
4339.70331 18.052 0.047
4340.60714 18.153 0.046
4341.51015 18.076 0.055
4342.53935 18.148 0.044
4343.51817 18.027 0.028
4344.54644 18.192 0.053
4345.51163 18.026 0.031
4346.52432 18.067 0.045
4347.53904 18.036 0.037
4349.50068 18.034 0.037
4350.54731 18.069 0.034
4351.51321 18.072 0.035
4352.56374 18.150 0.056
4353.51711 18.222 0.044
4354.54582 18.169 0.038
4355.54918 18.087 0.043
4356.51381 18.173 0.042
4357.54293 18.183 0.050
4358.50595 18.171 0.049
4359.54347 18.154 0.041
4360.57284 18.210 0.048
4361.57629 18.265 0.058
4365.56888 18.094 0.050
4367.50215 18.062 0.037
4368.53853 18.054 0.048
4370.50259 18.092 0.039
4371.54100 18.108 0.036
4372.52675 18.104 0.033
4373.51291 18.165 0.051
4376.57765 18.171 0.060
4377.61486 18.227 0.064
4378.52543 18.095 0.043
4379.54047 18.097 0.051
4380.55196 18.027 0.038
4381.53066 18.113 0.052
4382.57319 18.092 0.056
4383.56372 17.990 0.041
4384.53792 18.046 0.044
4388.50106 18.219 0.053
4388.53666 18.397 0.071
4388.54985 18.316 0.073
4388.55740 18.279 0.062
4388.56998 18.166 0.055
4388.58036 18.194 0.059
4388.59449 18.223 0.065
4388.60085 18.159 0.063
4391.49015 18.111 0.048
4392.49944 18.058 0.056
4393.53772 18.091 0.040
4394.55306 18.131 0.060
4395.52449 18.094 0.048
4395.55275 18.168 0.054
4395.57549 18.110 0.049
4396.51652 18.154 0.062
4397.54081 17.995 0.043
4398.54570 18.041 0.045
4399.53841 18.058 0.052
4400.54047 18.115 0.066
4402.55688 18.095 0.058
4403.55594 18.220 0.065
4408.54670 18.230 0.072
4507.87062 18.339 0.063
4510.86713 18.146 0.042
4513.86824 18.160 0.038
4517.86738 18.048 0.058
4519.88831 18.027 0.035
4522.88223 18.087 0.048
4524.81805 18.106 0.046
4530.82570 18.108 0.033
4533.86154 18.089 0.040
4535.84432 18.198 0.050
4536.90196 18.034 0.037
4537.88760 18.079 0.030
4538.82269 18.263 0.048
4539.86078 18.294 0.044
4540.80696 18.082 0.034
4541.79969 18.068 0.032
4542.79438 18.099 0.041
4543.78993 18.059 0.038
4544.78677 18.096 0.042
4545.79311 18.107 0.042
4546.80025 18.065 0.039
4547.79420 18.125 0.038
4548.80515 18.172 0.044
4550.74820 18.096 0.052
4551.77139 18.111 0.039
4552.76736 18.249 0.075
4556.76348 18.061 0.034
4557.78067 18.071 0.038
4558.75761 18.112 0.031
4559.75554 18.109 0.036
4560.75568 18.114 0.039
4561.74572 18.072 0.035
4564.73590 18.228 0.041
4565.73393 18.167 0.031
4565.92485 18.068 0.035
4566.73348 18.212 0.037
4567.72649 18.145 0.035
4568.73505 18.164 0.038
4569.74416 18.139 0.038
4570.73478 18.058 0.042
4571.72945 18.134 0.048
4571.91796 18.103 0.037
4572.75693 18.036 0.034
4573.74533 18.061 0.039
4573.91167 18.136 0.033
4574.74769 18.075 0.039
4575.75678 18.098 0.040
4576.76329 18.077 0.035
4577.84500 18.130 0.044
4578.79605 18.090 0.046
4579.87296 18.106 0.067
4583.73976 18.088 0.047
4583.93255 18.137 0.048
4585.76348 18.205 0.052
4586.79244 18.119 0.051
4587.77642 18.093 0.045
4587.93495 18.011 0.049
4588.69956 18.092 0.043
4588.93315 18.097 0.046
4589.68178 18.079 0.040
4589.83722 18.126 0.039
4589.89921 18.194 0.054
4590.70754 18.091 0.034
4590.90923 18.173 0.039
4590.91789 18.096 0.038
4591.71307 18.090 0.039
4591.83853 18.108 0.041
4591.90511 18.148 0.039
4592.67173 18.199 0.045
4592.86096 18.168 0.048
4593.66086 18.199 0.040
4593.87056 18.060 0.035
4594.68188 18.311 0.047
4594.87689 18.066 0.038
4595.67140 18.164 0.041
4595.86582 18.080 0.035
4595.92767 18.141 0.045
4596.66664 18.249 0.049
4597.69106 18.217 0.039
4597.88257 18.107 0.040
4598.66732 18.103 0.031
4599.63984 18.235 0.048
4600.64908 18.062 0.031
4600.85782 18.131 0.037
4601.65467 18.128 0.035
4601.87093 18.099 0.031
4601.93277 18.050 0.036
4602.64728 18.078 0.032
4602.85672 18.135 0.034
4603.88983 18.119 0.038
4606.60247 18.103 0.053
4606.62862 18.269 0.060
4606.64859 18.108 0.041
4606.71751 18.056 0.036
4606.90693 18.251 0.047
4607.77729 18.026 0.039
4610.74476 18.065 0.034
4611.63407 18.127 0.048
4611.82494 18.064 0.034
4612.65545 18.102 0.038
4615.79721 18.219 0.048
4616.60623 18.132 0.043
4616.82275 18.137 0.038
4616.89272 18.061 0.042
4617.67800 18.073 0.036
4618.61802 18.147 0.043
4621.91972 18.065 0.031
4622.81645 18.113 0.043
4622.93262 18.242 0.063
4623.67377 18.184 0.044
4623.87555 18.115 0.051
4624.59553 18.098 0.048
4624.81968 18.090 0.037
4624.88603 18.124 0.041
4625.60966 18.133 0.048
4625.82906 18.048 0.047
4625.91793 18.221 0.051
4626.60816 18.175 0.047
4626.87884 18.133 0.052
4627.56860 18.050 0.036
4627.85791 18.048 0.029
4627.92516 18.078 0.038
4628.55590 18.045 0.038
4628.76217 18.167 0.044
4628.82760 18.159 0.044
4628.89748 18.053 0.039
4629.63329 18.056 0.029
4629.83592 18.060 0.034
4629.91393 18.054 0.034
4630.56925 18.123 0.044
4630.77507 18.125 0.035
4630.85845 18.134 0.043
4630.92120 18.164 0.044
4631.57062 18.055 0.031
4631.78636 18.148 0.033
4631.87305 18.022 0.038
4632.57443 18.070 0.034
4632.86118 17.996 0.041
4633.57441 18.121 0.040
4633.68591 18.049 0.031
4633.80165 18.190 0.040
4638.75951 18.048 0.043
4638.86969 18.342 0.109
4639.58204 18.128 0.046
4639.67985 18.163 0.042
4640.60153 18.105 0.035
4640.73368 18.022 0.035
4640.83874 18.235 0.057
4641.67554 18.131 0.041
4641.78550 18.023 0.037
4642.59945 18.100 0.041
4642.76198 18.126 0.040
4642.83707 18.088 0.042
4643.55725 18.050 0.038
4644.60461 18.114 0.049
4644.86632 18.082 0.041
4645.52771 18.127 0.050
4645.77615 18.080 0.040
4645.85088 18.106 0.048
4646.52573 18.106 0.036
4646.85811 18.026 0.039
4647.52210 18.201 0.050
4647.74517 18.110 0.041
4647.85617 17.998 0.047
4648.50525 18.171 0.045
4648.72447 18.139 0.039
4648.82277 18.078 0.040
4649.53138 18.211 0.052
4649.81021 18.150 0.042
4649.86646 18.162 0.055
4650.51734 18.278 0.062
4650.78126 18.136 0.039
4650.87498 18.087 0.048
4651.52075 18.238 0.059
4651.81585 18.220 0.050
4652.51172 18.079 0.042
4652.72489 18.071 0.035
4652.79974 18.137 0.049
4652.84947 18.049 0.049
4653.50810 18.090 0.048
4653.72725 18.063 0.037
4654.54690 18.045 0.038
4654.75838 18.024 0.039
4655.50798 18.060 0.055
4655.73243 18.046 0.032
4655.79421 18.053 0.039
4656.50988 18.028 0.031
4656.69968 18.133 0.044
4656.81890 18.097 0.048
4657.73650 18.086 0.046
4658.66839 18.162 0.041
4659.60934 18.040 0.047
4660.62074 18.075 0.045
4661.49798 18.226 0.057
4661.69864 18.110 0.047
4661.76014 18.099 0.048
4661.82734 18.053 0.049
4665.66548 18.050 0.050
4666.57090 18.063 0.041
4666.71396 18.090 0.044
4666.75614 18.149 0.055
4670.65558 18.140 0.044
4671.59116 18.127 0.033
4672.51667 18.079 0.031
4672.70907 18.073 0.033
4672.73138 18.115 0.043
4674.51973 18.067 0.043
4674.71288 18.168 0.043
4675.75755 18.063 0.041
4677.49637 18.221 0.040
4677.64276 18.095 0.044
4678.70532 18.188 0.040
4679.50203 18.268 0.063
4681.53778 18.351 0.049
4681.63779 18.159 0.044
4681.77001 18.150 0.040
4682.50879 18.138 0.035
4682.66613 18.034 0.031
4682.76130 18.034 0.033
4683.52728 18.194 0.051
4683.71423 18.055 0.038
4684.51982 18.095 0.040
4684.73353 18.109 0.034
4685.50482 18.135 0.053
4685.73978 18.064 0.040
4686.50855 18.048 0.035
4687.49232 18.105 0.042
4687.74784 18.065 0.041
4688.50524 18.023 0.040
4688.69509 18.101 0.037
4688.75684 18.021 0.038
4693.55301 18.055 0.048
4694.61419 18.107 0.056
4697.50876 18.144 0.038
4698.51428 18.117 0.035
4699.51042 18.135 0.041
4700.51670 18.050 0.033
4701.51198 18.099 0.039
4702.51052 18.115 0.041
4703.58103 18.124 0.039
4704.65074 18.197 0.043
4705.51416 18.036 0.031
4707.64452 18.113 0.040
4708.54740 18.138 0.052
4709.52354 18.159 0.052
4710.55312 17.972 0.035
4715.59247 18.109 0.050
4716.59487 18.158 0.049
4720.56202 18.022 0.041
4721.49449 18.097 0.060
4722.60689 18.124 0.050
4724.51593 18.071 0.051
4725.49476 18.208 0.057
4726.55567 18.187 0.061
4728.60081 18.094 0.048
4729.55628 18.212 0.059
4730.57498 18.115 0.041
4731.57956 18.192 0.048
4733.53121 18.194 0.045
4734.56057 18.142 0.050
4737.55149 18.057 0.043
4740.56200 18.104 0.045
4741.56971 17.999 0.036
4743.57534 18.206 0.048
4753.55550 18.061 0.050
4756.53436 18.108 0.055
4758.51721 18.219 0.059
4774.51084 18.049 0.052
4775.50824 18.146 0.068
4776.50570 18.183 0.076
4778.49924 18.152 0.120
4779.51305 18.101 0.048
4868.88721 18.143 0.063
4870.85832 18.109 0.048
4873.85990 18.123 0.046
4874.85437 18.044 0.053
4877.85419 18.084 0.037
4884.86172 18.079 0.037
4887.83383 18.032 0.035
4890.88980 18.046 0.034
4896.87801 18.188 0.034
4899.84892 18.162 0.040
4900.89033 18.210 0.038
4901.88873 18.140 0.034
4902.88744 18.095 0.033
4904.81156 18.101 0.037
4910.81752 18.273 0.054
4911.78804 18.123 0.030
4912.78501 18.090 0.027
4914.80205 18.103 0.033
4915.86276 18.102 0.031
4915.89598 18.147 0.033
4915.91943 18.153 0.043
4916.75750 18.102 0.038
4916.77967 18.050 0.032
4916.82001 18.119 0.032
4916.86271 18.074 0.029
4916.90033 18.167 0.031
4917.72379 18.115 0.042
4917.74615 18.057 0.034
4917.76308 18.074 0.035
4917.77166 18.095 0.033
4917.78727 18.040 0.032
4917.88284 18.089 0.034
4917.90189 18.219 0.043
4917.91916 18.120 0.052
4918.72993 18.114 0.039
4918.74682 18.122 0.033
4918.77083 18.099 0.033
4918.81565 18.108 0.038
4918.84593 18.060 0.034
4918.91860 18.201 0.059
4919.72386 18.188 0.037
4919.85445 18.073 0.032
4919.91801 18.090 0.036
4920.72671 18.250 0.036
4920.74279 18.194 0.034
4921.75024 18.194 0.037
4924.88172 18.059 0.038
4925.82374 18.106 0.033
4925.91081 18.082 0.029
4925.92238 18.032 0.041
4927.72349 18.065 0.048
4927.87796 18.147 0.044
4928.73995 18.130 0.044
4929.79623 18.078 0.033
4930.71071 18.066 0.041
4930.82965 18.135 0.048
4931.72556 18.129 0.048
4931.87121 18.168 0.040
4932.72859 18.105 0.039
4932.82927 18.068 0.033
4933.77693 18.067 0.041
4934.77534 18.174 0.045
4934.88014 18.145 0.049
4938.68592 18.126 0.042
4938.89056 18.101 0.046
4939.70483 18.071 0.040
4940.70485 18.144 0.039
4941.68359 18.021 0.036
4941.78159 18.191 0.044
4942.72139 18.162 0.035
4943.67544 18.040 0.030
4943.81492 18.191 0.043
4944.67223 18.065 0.034
4944.82769 18.125 0.035
4945.72072 18.028 0.030
4945.77716 18.059 0.030
4946.67035 18.095 0.037
4947.66406 18.190 0.031
4947.86227 18.155 0.037
4948.84460 18.046 0.028
4950.66682 18.115 0.034
4951.65275 18.174 0.045
4952.65101 18.145 0.040
4953.64462 18.121 0.037
4953.81921 18.067 0.037
4954.64617 18.104 0.038
4954.83904 18.111 0.035
4955.64688 18.106 0.042
4955.78022 18.191 0.040
