2125.68449 17.020 0.024
2129.73667 16.945 0.015
2132.67964 16.919 0.016
2136.58305 16.985 0.020
2141.59817 17.048 0.018
2144.68095 17.010 0.018
2160.63761 16.908 0.020
2170.57853 17.042 0.021
2178.58931 17.104 0.043
2188.53843 16.954 0.025
2211.54196 16.969 0.027
2333.87889 16.953 0.018
2344.84020 16.976 0.016
2355.89104 17.087 0.018
2364.88358 17.030 0.023
2372.89444 17.084 0.018
2391.92455 16.922 0.020
2405.83181 16.928 0.018
2414.88032 16.967 0.019
2416.89296 17.000 0.022
2424.75161 16.931 0.020
2428.73682 17.078 0.018
2432.88836 17.088 0.032
2434.77636 17.090 0.019
2436.82434 16.920 0.017
2438.79800 16.949 0.017
2441.76032 16.933 0.016
2445.67687 17.048 0.017
2448.70017 17.039 0.028
2459.68889 17.068 0.016
2460.70689 17.001 0.021
2463.58818 16.921 0.015
2466.61097 16.933 0.017
2468.73717 17.074 0.017
2470.72098 16.951 0.015
2472.74842 16.949 0.019
2481.60483 16.981 0.024
2484.66815 16.948 0.019
2486.53034 16.998 0.026
2486.76087 17.003 0.029
2490.74403 16.947 0.023
2493.68873 16.955 0.017
2496.53477 16.933 0.014
2498.55539 17.044 0.016
2500.59886 16.907 0.015
2502.61247 17.032 0.018
2508.71070 17.109 0.025
2517.56158 16.910 0.020
2520.62906 16.931 0.017
2529.49492 17.046 0.021
2538.54658 17.068 0.022
2542.57436 16.993 0.017
2548.50286 16.943 0.024
2552.53917 17.062 0.025
2557.50433 16.988 0.020
2564.52576 17.060 0.022
2708.85304 16.939 0.015
2719.85874 16.933 0.018
2729.88069 17.022 0.020
2734.81967 16.967 0.016
2747.74400 16.927 0.027
2753.92904 17.029 0.023
2757.85613 16.955 0.018
2761.90425 17.076 0.017
2767.85120 16.982 0.021
2775.76807 16.955 0.021
2782.68942 17.049 0.024
2784.61208 17.010 0.018
2786.83544 17.062 0.021
2788.64203 17.060 0.020
2790.74647 16.933 0.017
2795.63403 16.887 0.013
2797.64598 16.968 0.015
2802.73837 16.961 0.021
2809.76098 17.050 0.020
2811.68810 17.069 0.023
2812.81738 17.081 0.023
2813.86118 16.925 0.021
2815.84185 17.082 0.020
2816.86281 16.947 0.019
2818.63254 16.960 0.017
2819.80904 16.942 0.019
2821.69489 16.914 0.018
2826.81225 17.080 0.024
2835.68035 16.929 0.019
2837.68806 17.119 0.027
2838.82383 17.024 0.028
2840.74115 17.093 0.023
2843.69244 16.956 0.017
2845.68979 17.083 0.019
2846.51145 17.002 0.027
2847.47567 17.027 0.031
2848.67499 17.070 0.022
2849.64545 16.947 0.018
2850.47654 16.979 0.019
2850.57871 17.096 0.016
2851.66883 17.050 0.018
2852.58646 16.993 0.027
2853.47106 16.945 0.022
2854.59091 16.975 0.017
2855.61160 16.947 0.023
2856.55098 17.064 0.021
2857.50116 16.956 0.017
2858.71348 16.924 0.016
2859.57400 17.025 0.022
2862.47010 16.892 0.029
2862.66060 17.069 0.024
2862.74786 16.977 0.030
2863.49613 16.977 0.022
2864.52891 17.112 0.027
2865.56025 16.988 0.016
2866.61010 16.922 0.020
2866.64122 16.949 0.019
2867.63502 16.989 0.017
2868.58255 16.980 0.016
2868.71191 17.078 0.022
2869.56379 16.955 0.019
2870.65336 17.001 0.018
2871.47012 16.910 0.023
2871.63410 17.015 0.016
2872.55986 16.957 0.016
2875.50434 17.094 0.022
2876.57768 17.060 0.017
2877.51393 16.928 0.018
2877.53213 16.939 0.017
2878.50179 17.077 0.018
2879.58425 17.058 0.020
2880.69742 17.026 0.021
2880.71043 17.061 0.023
2881.65316 16.980 0.011
2881.66743 16.991 0.012
2882.50413 16.941 0.019
2883.59317 16.930 0.015
2883.62680 16.929 0.017
2884.58397 17.041 0.019
2885.55497 16.986 0.021
2890.64984 17.048 0.031
2890.66300 16.994 0.028
2892.55313 16.971 0.019
2893.48848 16.970 0.020
2894.52850 16.922 0.017
2895.61873 16.934 0.015
2896.53658 17.010 0.018
2897.63851 16.943 0.022
2898.55150 17.021 0.020
2899.63518 17.077 0.017
2900.48014 17.020 0.027
2900.63042 16.956 0.021
2902.47961 16.949 0.028
2903.49844 16.965 0.023
2903.57808 16.851 0.012
2904.53824 17.084 0.028
2904.61321 17.000 0.024
2905.48843 16.917 0.022
2905.55277 16.987 0.026
2905.62954 17.064 0.028
2906.49241 17.049 0.023
2906.58665 16.937 0.019
2907.48603 17.032 0.026
2907.60585 17.017 0.024
2908.49276 16.968 0.026
2909.49462 17.030 0.021
2909.57295 16.960 0.023
2909.63884 16.923 0.021
2910.48592 16.994 0.026
2910.54195 17.055 0.021
2911.52623 16.952 0.022
2912.47734 17.093 0.033
2915.48832 17.075 0.025
2916.52469 16.987 0.020
2917.51595 16.933 0.021
2918.50717 17.084 0.026
2920.51776 16.947 0.022
2921.50631 17.068 0.027
2922.51332 16.953 0.023
2923.52228 16.933 0.017
2924.52014 17.051 0.017
2925.53017 16.938 0.017
2926.55208 16.996 0.016
2927.51201 17.052 0.024
2928.52341 16.932 0.019
2930.51729 17.028 0.021
2931.51748 16.921 0.016
2932.52366 17.017 0.018
2933.51685 17.001 0.020
2934.53301 16.915 0.020
2937.52714 16.939 0.021
2939.52852 16.960 0.023
2939.53323 16.972 0.023
2941.50156 17.060 0.024
2943.52479 16.958 0.032
2944.52474 17.091 0.029
2945.51029 16.956 0.026
2946.51642 16.957 0.025
2947.50824 17.048 0.028
2951.50479 16.898 0.024
2953.50688 16.982 0.022
3041.87669 17.069 0.024
3050.87089 17.009 0.020
3052.86027 17.025 0.020
3059.83591 16.917 0.017
3064.85282 17.031 0.024
3068.80659 16.917 0.023
3070.88521 17.066 0.019
3073.84129 17.000 0.018
3075.87941 17.025 0.018
3080.78360 17.091 0.017
3082.91525 16.987 0.017
3085.84189 16.911 0.015
3086.91651 16.961 0.017
3088.83449 16.896 0.013
3090.74759 16.902 0.014
3096.90279 17.036 0.019
3099.79848 16.911 0.020
3101.78411 17.011 0.019
3103.80766 17.056 0.017
3104.86635 17.056 0.028
3106.87959 16.978 0.017
3108.80006 16.939 0.014
3109.85902 17.005 0.015
3110.86540 17.021 0.016
3112.85073 17.043 0.015
3114.81532 16.970 0.015
3116.90346 17.023 0.018
3122.94130 17.055 0.043
3123.79393 17.096 0.012
3125.90585 16.983 0.022
3127.85364 17.033 0.018
3128.85349 16.942 0.018
3130.73250 16.925 0.017
3131.69892 17.047 0.020
3135.93058 16.990 0.017
3138.68484 16.959 0.018
3139.91082 17.015 0.015
3140.91428 16.951 0.017
3142.79870 16.963 0.014
3144.81868 17.045 0.015
3146.85584 17.027 0.020
3151.79079 16.954 0.017
3151.93933 16.997 0.022
3152.78845 17.072 0.018
3153.79109 16.941 0.017
3154.87541 16.957 0.023
3156.89494 17.015 0.019
3162.60480 17.072 0.022
3163.78576 17.081 0.018
3164.76802 16.980 0.014
3164.90101 17.061 0.020
3165.74155 16.984 0.014
3167.62796 16.988 0.022
3168.88674 16.933 0.017
3169.75486 17.119 0.019
3170.84276 17.013 0.015
3171.81098 16.922 0.012
3172.78191 17.070 0.017
3173.88292 17.046 0.025
3174.74175 17.048 0.015
3175.75475 17.034 0.015
3177.79097 17.020 0.023
3179.53570 17.019 0.017
3179.91494 16.973 0.023
3180.75674 17.062 0.014
3182.81738 16.934 0.014
3183.77238 17.063 0.019
3184.73349 16.941 0.013
3185.73693 16.976 0.016
3194.58002 16.981 0.020
3195.71156 16.981 0.014
3195.83207 17.048 0.017
3196.63295 17.036 0.017
3196.80344 16.932 0.016
3197.55775 16.931 0.017
3199.66295 17.000 0.015
3202.54921 17.015 0.015
3203.69433 17.050 0.015
3204.68524 16.921 0.014
3205.54408 17.007 0.015
3206.74943 17.105 0.021
3209.66940 16.974 0.017
3210.66948 16.930 0.015
3211.63995 17.072 0.017
3217.68416 17.064 0.018
3218.68291 16.915 0.020
3219.64860 17.032 0.022
3223.68369 17.006 0.020
3224.73173 16.922 0.019
3226.66011 17.027 0.021
3228.63300 17.088 0.017
3229.66548 16.981 0.015
3230.69896 16.918 0.019
3231.60295 17.041 0.016
3232.63942 16.992 0.021
3238.65124 16.955 0.021
3240.50338 16.951 0.015
3241.68711 16.887 0.024
3245.58730 17.076 0.024
3246.69295 17.099 0.028
3247.63600 16.969 0.018
3249.55960 16.918 0.018
3250.69059 16.932 0.023
3256.66988 16.977 0.021
3260.57964 16.954 0.017
3265.59292 17.042 0.018
3272.62167 16.943 0.017
3275.58227 16.944 0.020
3279.55258 17.085 0.020
3282.51110 17.014 0.017
3288.57741 17.071 0.017
3293.54804 17.164 0.014
3295.55648 16.974 0.011
3300.54180 16.884 0.019
3417.88621 16.930 0.014
3423.84880 16.945 0.016
3426.89425 16.932 0.016
3429.87926 16.947 0.017
3436.83866 16.973 0.021
3443.79390 16.991 0.015
3445.83514 16.927 0.013
3447.88545 17.069 0.018
3449.90244 16.945 0.013
3452.91957 16.952 0.018
3453.79138 16.992 0.019
3455.86196 17.023 0.019
3456.87308 17.032 0.014
3457.79073 16.967 0.016
3458.83434 17.105 0.017
3459.80893 16.947 0.015
3467.91211 17.039 0.014
3469.82136 17.050 0.014
3470.86544 17.076 0.015
3472.79275 17.039 0.016
3473.88777 17.112 0.020
3474.86013 16.967 0.017
3475.92774 16.965 0.016
3477.79665 16.979 0.016
3480.86295 16.896 0.015
3481.87488 17.051 0.014
3483.80722 16.992 0.014
3496.76113 16.940 0.016
3497.83263 16.970 0.016
3499.75754 16.928 0.014
3500.76212 16.978 0.016
3502.71066 16.942 0.013
3503.72129 17.058 0.014
3504.73874 16.952 0.016
3506.84062 16.968 0.019
3508.81782 16.928 0.015
3509.72097 17.056 0.015
3511.70761 16.975 0.017
3512.77656 17.044 0.017
3517.81703 16.924 0.018
3520.85221 16.929 0.014
3521.67144 16.961 0.014
3522.78158 16.895 0.014
3523.81633 16.949 0.014
3524.80397 17.133 0.017
3525.78365 16.911 0.013
3526.86900 16.956 0.016
3528.58760 17.044 0.016
3530.81305 17.014 0.013
3537.78088 16.969 0.013
3538.71032 16.969 0.012
3540.68429 17.073 0.016
3544.76809 17.012 0.017
3546.88532 16.870 0.022
3547.84271 17.059 0.020
3549.79665 16.984 0.016
3550.66918 16.938 0.012
3550.72227 16.930 0.013
3550.75596 16.948 0.011
3550.77576 16.955 0.013
3550.79015 17.013 0.013
3550.80485 17.039 0.014
3550.81950 17.020 0.013
3550.84542 17.046 0.016
3550.87421 17.284 0.026
3551.59485 17.082 0.013
3551.67457 17.039 0.011
3551.73165 16.994 0.011
3551.81086 16.905 0.014
3551.88013 16.973 0.022
3552.59592 16.936 0.014
3552.70603 17.024 0.014
3553.70867 16.946 0.017
3553.78386 16.950 0.017
3554.70427 17.034 0.017
3554.79875 16.913 0.016
3555.65593 17.010 0.018
3555.69507 16.983 0.015
3555.77209 17.108 0.024
3555.82886 17.092 0.027
3556.55428 17.036 0.025
3556.66354 16.966 0.016
3556.75583 16.898 0.016
3556.83791 16.995 0.022
3558.46917 17.094 0.024
3558.59147 16.938 0.015
3558.74248 17.009 0.017
3558.84480 17.037 0.018
3559.52611 17.031 0.020
3559.57038 17.085 0.019
3559.68735 16.940 0.014
3560.47330 16.930 0.020
3560.56099 16.974 0.018
3560.64047 17.037 0.014
3560.73869 17.037 0.015
3560.82062 16.957 0.015
3560.85096 16.941 0.018
3561.46552 17.133 0.030
3561.50927 16.997 0.017
3561.53585 16.986 0.017
3561.57756 16.920 0.014
3561.62432 16.903 0.013
3561.67310 16.940 0.016
3561.71145 16.975 0.013
3561.71472 16.943 0.012
3561.74707 16.999 0.014
3561.76115 17.029 0.014
3561.77681 17.054 0.014
3561.80109 17.056 0.015
3561.84787 17.045 0.016
3562.46533 16.946 0.021
3562.62493 17.050 0.017
3562.79301 16.936 0.015
3562.84776 16.947 0.018
3563.47785 16.970 0.020
3563.67139 17.051 0.014
3563.78203 17.011 0.018
3564.56494 16.959 0.017
3568.80845 16.899 0.018
3569.48983 16.924 0.020
3569.70866 17.082 0.027
3573.69531 16.948 0.017
3573.72956 16.912 0.017
3574.72330 16.982 0.016
3575.66215 16.953 0.012
3576.72456 16.959 0.017
3577.77291 16.988 0.016
3578.70955 16.968 0.013
3579.65486 16.952 0.013
3580.69138 17.059 0.017
3581.70782 16.961 0.014
3582.63359 17.049 0.015
3583.67020 17.061 0.016
3584.67898 16.920 0.013
3585.67699 16.976 0.013
3586.70841 17.038 0.013
3588.75948 16.963 0.018
3589.72078 17.034 0.016
3590.71698 16.928 0.015
3592.68968 17.038 0.015
3601.69324 16.937 0.017
3602.69343 16.960 0.022
3603.67359 17.039 0.018
3607.67209 16.917 0.015
3608.68805 16.963 0.016
3615.61533 16.932 0.014
3618.61886 16.951 0.016
3620.58208 17.006 0.014
3628.58410 17.116 0.018
3630.59818 16.997 0.020
3634.52903 16.996 0.015
3639.53607 17.065 0.014
3641.58164 16.923 0.019
3644.54635 16.992 0.015
3649.53575 16.933 0.013
3651.58783 16.988 0.019
3654.57294 17.033 0.027
3655.52070 16.938 0.018
3655.52443 16.979 0.019
3655.55298 16.952 0.016
3657.54622 16.943 0.018
3659.54799 17.081 0.025
3662.55247 17.097 0.025
3665.52294 17.042 0.019
3674.50548 16.943 0.019
3777.85747 16.958 0.017
3782.89348 17.092 0.019
3785.85506 16.986 0.015
3787.86720 17.086 0.017
3791.84156 16.992 0.022
3793.88576 17.087 0.016
3795.87001 16.967 0.017
3796.90246 17.071 0.017
3798.83333 17.046 0.017
3799.88771 17.153 0.025
3801.84247 17.043 0.017
3802.87685 17.061 0.017
3804.79005 17.066 0.019
3805.82863 16.991 0.016
3806.82534 16.970 0.017
3807.84955 17.098 0.018
3808.85319 16.991 0.016
3809.91006 16.974 0.015
3810.90615 17.054 0.017
3811.79670 16.976 0.022
3812.87418 16.941 0.018
3813.85733 17.068 0.017
3814.85277 16.988 0.014
3818.77043 17.074 0.019
3819.83410 17.005 0.014
3820.79811 16.951 0.013
3821.80132 17.126 0.017
3822.84496 16.995 0.015
3823.80595 16.960 0.014
3824.79240 17.051 0.025
3825.83196 16.944 0.016
3826.79169 16.935 0.017
3827.83213 17.114 0.015
3828.81223 16.948 0.015
3829.74000 17.093 0.018
3830.76860 16.988 0.014
3832.77194 17.058 0.016
3833.79920 17.032 0.014
3834.77112 16.942 0.014
3835.75983 17.064 0.018
3836.72125 16.931 0.019
3837.76195 16.961 0.020
3838.76987 17.080 0.022
3838.88727 16.946 0.017
3839.76576 16.946 0.018
3840.76893 16.962 0.017
3841.72412 16.987 0.019
3841.87411 16.979 0.014
3842.71575 16.914 0.020
3845.74561 16.892 0.030
3846.75655 17.006 0.016
3846.88519 16.949 0.015
3847.82959 17.089 0.020
3848.77961 16.921 0.016
3848.89835 17.016 0.018
3849.77712 17.036 0.016
3850.72234 16.952 0.016
3850.89522 17.041 0.019
3851.73597 16.927 0.016
3851.90073 17.007 0.017
3852.72451 17.093 0.019
3852.84532 16.993 0.017
3852.93000 16.912 0.020
3853.71718 16.933 0.013
3853.88140 17.069 0.015
3856.70310 16.914 0.014
3856.89353 17.084 0.013
3856.91127 17.063 0.014
3858.74233 17.062 0.017
3859.85730 17.038 0.015
3860.69776 17.134 0.019
3861.69515 16.961 0.017
3861.79930 17.106 0.016
3861.89705 16.992 0.013
3862.67702 16.955 0.017
3862.89176 17.073 0.017
3863.68986 17.065 0.016
3863.83365 16.913 0.013
3863.90976 16.954 0.013
3864.70665 16.984 0.015
3864.89287 17.011 0.013
3865.66656 16.978 0.017
3865.80227 16.974 0.014
3865.88079 17.031 0.014
3866.71212 17.111 0.016
3866.85162 16.926 0.014
3867.65806 16.939 0.016
3867.84352 17.064 0.016
3867.91374 16.998 0.015
3868.66585 16.970 0.021
3868.80805 16.923 0.015
3868.88961 17.044 0.018
3869.63765 16.956 0.019
3869.82690 16.948 0.017
3869.89932 16.905 0.016
3873.69943 16.956 0.015
3873.83850 17.100 0.015
3873.90899 17.049 0.016
3874.70070 17.004 0.016
3874.86920 16.969 0.014
3875.63739 16.954 0.014
3875.78466 17.059 0.013
3875.86232 16.932 0.012
3876.66078 16.916 0.012
3877.66527 17.049 0.015
3877.81348 16.913 0.013
3877.88726 16.966 0.015
3880.86881 16.923 0.014
3880.94234 16.983 0.021
3881.68905 16.993 0.015
3881.83181 17.027 0.013
3882.60119 17.016 0.017
3882.80409 16.971 0.015
3882.87426 17.045 0.015
3883.66655 17.068 0.015
3883.89942 16.947 0.014
3886.63183 17.019 0.015
3886.82134 16.943 0.012
3886.89340 16.925 0.014
3886.91942 16.916 0.015
3887.60190 16.888 0.015
3887.80456 17.068 0.016
3887.83235 17.029 0.016
3887.90444 16.989 0.016
3888.63275 17.065 0.015
3889.68436 17.082 0.014
3890.57264 16.926 0.018
3891.70892 16.926 0.015
3891.82595 16.948 0.015
3891.90762 17.043 0.018
3892.61935 16.956 0.020
3893.65359 16.920 0.018
3893.90132 17.073 0.021
3894.70142 16.956 0.017
3896.64517 16.936 0.019
3900.56049 16.968 0.026
3900.74689 16.948 0.014
3900.82229 16.936 0.015
3901.57432 16.959 0.018
3901.74913 17.010 0.019
3901.82595 17.036 0.019
3901.89842 16.945 0.018
3902.59525 17.042 0.014
3902.78038 16.942 0.014
3902.89906 17.107 0.023
3903.68413 17.048 0.016
3904.57829 16.922 0.013
3904.74151 17.007 0.014
3904.81054 17.059 0.015
3904.86331 17.025 0.017
3905.57519 17.103 0.015
3905.74918 16.907 0.012
3905.82182 16.945 0.012
3905.89039 17.047 0.017
3906.51388 16.909 0.021
3906.68372 17.078 0.017
3906.75669 17.044 0.015
3906.82930 16.944 0.015
3907.62034 16.906 0.014
3907.81522 17.089 0.025
3907.88779 17.064 0.023
3908.55655 17.048 0.017
3908.74699 16.902 0.013
3908.82227 16.926 0.013
3909.56168 16.908 0.016
3909.75605 17.046 0.013
3909.83797 16.956 0.015
3910.61038 16.959 0.014
3912.56080 16.937 0.012
3912.57805 16.922 0.012
3912.75758 17.053 0.012
3912.84545 16.949 0.013
3913.55857 17.008 0.013
3913.76078 16.999 0.018
3913.85057 17.088 0.016
3914.57604 17.017 0.015
3915.55656 16.944 0.016
3915.75991 17.047 0.014
3915.85686 16.962 0.016
3916.60444 16.949 0.018
3916.77708 16.996 0.018
3917.64441 17.054 0.018
3917.84732 16.948 0.021
3918.63791 16.962 0.015
3918.84760 16.994 0.019
3919.57277 17.078 0.022
3919.81720 17.021 0.018
3920.54240 16.954 0.014
3920.73868 17.014 0.017
3920.81741 16.930 0.013
3921.53540 16.944 0.016
3921.74585 17.037 0.022
3922.74232 16.895 0.016
3930.58996 16.939 0.015
3931.54102 17.049 0.018
3931.66443 16.993 0.015
3932.55290 16.897 0.016
3933.54186 17.032 0.015
3933.72316 16.903 0.012
3933.79875 17.006 0.017
3934.51260 16.959 0.016
3934.56454 17.026 0.015
3934.63600 17.067 0.014
3934.70641 17.001 0.015
3934.77547 16.922 0.013
3934.79282 16.885 0.014
3934.80927 16.941 0.015
3934.82422 16.926 0.015
3934.83369 16.929 0.015
3935.50769 16.922 0.017
3935.56244 16.910 0.014
3935.73378 17.087 0.020
3935.78552 17.065 0.019
3936.51606 17.095 0.019
3936.68139 16.913 0.015
3936.75893 16.961 0.015
3937.58413 17.063 0.020
3938.52355 16.925 0.018
3938.72521 17.060 0.018
3938.77440 17.056 0.020
3940.62660 17.086 0.013
3941.66994 16.967 0.020
3944.58012 16.921 0.012
3945.52895 17.085 0.016
3945.71701 16.913 0.015
3946.53925 16.939 0.018
3946.72865 17.034 0.016
3950.54721 16.979 0.012
3950.76672 16.963 0.016
3951.54348 17.058 0.019
3956.58987 16.980 0.021
3957.53075 16.970 0.019
3958.60353 16.967 0.016
3959.54348 17.061 0.017
3959.70782 16.922 0.017
3960.52144 16.947 0.013
3960.70135 17.027 0.014
3961.59654 16.938 0.020
3963.48309 16.931 0.018
3963.65763 17.081 0.018
3963.73098 17.068 0.022
3964.55318 16.961 0.014
3965.54247 17.058 0.014
3965.73238 16.903 0.015
3966.53439 16.942 0.014
3966.71621 17.064 0.018
3967.55811 17.008 0.021
3968.52091 17.009 0.016
3968.69242 17.002 0.018
3969.52480 16.931 0.017
3969.70342 17.110 0.019
3970.53664 17.021 0.017
3970.71654 16.979 0.016
3971.57643 17.091 0.020
3973.60156 16.952 0.015
3974.53141 17.034 0.019
3975.53387 16.914 0.014
3976.52866 17.094 0.015
3979.53844 17.066 0.025
3982.60561 17.006 0.017
3986.60564 16.984 0.018
3987.52802 17.001 0.016
3988.54086 17.059 0.016
3989.60257 17.004 0.020
3990.64483 16.885 0.018
3994.49755 16.976 0.020
3995.59517 16.943 0.014
3999.63271 16.983 0.018
4000.53975 16.961 0.017
4001.52949 16.942 0.017
4002.52619 17.086 0.016
4004.54914 16.963 0.020
4005.55184 17.081 0.018
4006.54651 16.992 0.014
4012.52220 16.947 0.021
4016.56413 16.983 0.022
4018.57671 17.020 0.020
4021.56064 16.927 0.020
4024.50839 17.042 0.020
4026.50391 16.947 0.014
4028.51996 17.060 0.020
4031.52003 17.065 0.019
4038.52521 16.914 0.019
4041.52434 17.007 0.023
4142.87523 17.103 0.028
4151.88039 17.030 0.023
4154.82783 16.965 0.019
4156.88084 17.074 0.023
4159.81488 17.026 0.020
4161.86831 16.986 0.020
4163.88431 16.965 0.016
4165.84117 17.022 0.024
4168.83867 16.976 0.021
4170.83886 17.074 0.020
4175.87474 16.913 0.017
4177.77451 16.944 0.018
4178.83184 16.985 0.018
4179.87172 17.094 0.018
4181.80814 17.058 0.020
4182.85669 17.037 0.016
4183.88919 16.965 0.016
4184.75926 17.090 0.023
4185.76565 16.933 0.020
4191.77617 16.955 0.024
4193.78728 17.031 0.024
4194.81014 16.955 0.019
4196.80014 17.039 0.020
4202.78174 16.950 0.015
4203.76952 16.963 0.015
4204.76188 17.043 0.019
4205.76010 16.947 0.016
4205.91151 17.090 0.018
4207.75135 17.053 0.018
4208.70530 16.891 0.018
4211.81661 16.979 0.019
4212.84618 16.930 0.021
4213.75424 16.998 0.018
4215.76726 17.043 0.021
4216.72515 16.970 0.017
4217.73265 16.968 0.015
4217.89395 16.996 0.014
4218.78240 17.057 0.025
4219.78966 17.010 0.018
4220.72858 16.964 0.019
4222.69730 16.933 0.020
4224.81040 17.051 0.018
4228.70275 16.930 0.018
4229.69634 17.068 0.022
4229.89326 16.938 0.017
4230.64454 16.925 0.018
4230.83252 17.100 0.024
4230.89420 17.047 0.022
4231.66850 17.043 0.016
4231.71956 16.924 0.015
4231.87459 16.988 0.019
4232.62287 16.997 0.025
4232.65625 17.126 0.025
4232.78126 16.991 0.019
4232.82067 16.992 0.022
4232.85609 16.972 0.023
4232.88985 16.919 0.022
4232.91882 16.953 0.021
4232.93666 16.949 0.026
4233.64991 16.873 0.028
4233.65630 16.962 0.030
4233.65858 16.938 0.024
4233.66083 16.972 0.029
4233.70088 16.953 0.028
4233.70389 16.954 0.026
4233.70678 16.966 0.027
4233.71420 16.990 0.023
4233.72021 16.982 0.023
4233.72327 16.895 0.027
4233.72595 16.893 0.030
4233.72883 17.012 0.027
4233.73183 17.014 0.023
4233.73476 17.025 0.023
4233.73766 17.023 0.026
4233.74058 16.989 0.023
4233.74348 17.022 0.022
4233.75046 17.067 0.024
4233.75905 17.014 0.029
4233.76791 17.002 0.028
4233.77086 17.036 0.029
4233.77380 17.031 0.026
4233.77675 17.009 0.024
4233.78301 17.040 0.023
4233.78862 17.055 0.023
4233.79445 17.012 0.021
4233.80137 17.124 0.023
4233.81263 17.116 0.023
4233.82161 17.088 0.026
4233.83004 17.084 0.026
4233.84004 17.145 0.026
4233.84899 17.075 0.019
4233.85745 17.127 0.019
4233.86601 17.082 0.023
4233.87899 17.070 0.020
4233.88731 17.077 0.020
4233.89571 17.046 0.021
4233.90399 17.041 0.020
4233.91247 17.052 0.021
4233.92223 17.023 0.024
4233.92822 17.023 0.027
4233.93125 17.000 0.028
4233.93413 17.019 0.026
4233.93704 16.924 0.028
4234.61520 17.033 0.028
4234.61909 17.063 0.029
4234.62650 17.083 0.027
4234.63407 17.066 0.026
4234.64058 17.009 0.020
4234.65400 17.025 0.019
4234.66230 17.009 0.021
4234.67072 17.012 0.023
4234.67910 17.002 0.020
4234.69412 16.977 0.022
4234.71978 16.971 0.018
4234.73251 16.942 0.018
4234.76193 16.936 0.018
4234.78218 16.933 0.017
4234.80483 16.940 0.016
4234.84231 16.955 0.016
4234.88142 17.020 0.022
4234.89891 17.042 0.021
4234.90453 17.048 0.020
4234.92005 17.048 0.021
4234.92861 17.099 0.024
4234.93743 17.107 0.029
4235.62361 16.990 0.021
4235.69290 17.071 0.017
4235.74182 17.067 0.017
4235.75037 17.072 0.018
4235.85395 16.964 0.016
4235.91606 16.959 0.028
4237.61943 17.078 0.028
4238.69080 17.033 0.018
4238.90028 16.989 0.021
4239.66265 16.931 0.017
4240.70232 16.989 0.016
4240.85598 16.939 0.018
4243.66800 17.086 0.022
4243.76143 16.959 0.018
4243.85430 16.945 0.019
4244.64017 16.925 0.024
4244.73655 17.057 0.017
4244.82915 17.051 0.018
4245.63325 17.004 0.019
4245.72756 16.946 0.015
4245.82302 17.027 0.016
4245.87353 17.084 0.020
4246.69196 17.076 0.018
4246.78506 16.959 0.017
4246.87776 16.953 0.017
4247.70700 17.004 0.018
4250.75508 17.000 0.019
4256.64749 16.922 0.023
4256.79295 17.100 0.027
4257.67440 17.023 0.020
4258.65791 17.036 0.023
4258.78073 17.092 0.019
4258.87335 16.975 0.023
4267.61761 16.940 0.019
4268.68710 16.929 0.012
4268.86458 17.014 0.023
4269.59983 17.018 0.017
4269.75009 17.018 0.018
4270.53452 17.013 0.024
4272.58103 16.987 0.020
4272.73092 17.060 0.017
4272.78954 17.007 0.019
4272.86090 16.943 0.023
4273.64139 16.969 0.020
4273.81955 17.115 0.022
4273.88075 17.094 0.027
4274.57248 17.104 0.024
4274.72539 16.953 0.021
4274.78629 16.954 0.017
4274.84582 16.992 0.021
4275.62399 17.012 0.019
4275.79929 17.085 0.026
4275.86039 17.041 0.029
4276.60876 16.974 0.021
4277.55247 17.094 0.025
4277.72954 16.979 0.020
4277.78820 16.926 0.022
4278.59742 16.964 0.023
4278.77372 17.098 0.029
4283.53501 16.977 0.022
4284.52681 16.981 0.021
4284.67642 17.001 0.022
4284.73654 17.076 0.017
4284.79857 17.092 0.022
4284.86357 17.006 0.025
4285.52997 17.079 0.023
4285.72352 16.938 0.019
4285.78480 16.972 0.019
4285.85001 17.066 0.022
4286.52973 16.939 0.021
4289.54064 16.956 0.020
4289.75955 17.042 0.022
4289.82437 16.960 0.019
4290.58692 16.963 0.022
4291.60659 17.052 0.018
4292.51218 16.932 0.016
4292.69119 17.127 0.018
4292.74997 17.054 0.016
4292.81299 16.990 0.022
4293.51294 17.051 0.018
4293.69711 16.955 0.016
4293.75585 17.043 0.018
4293.79610 17.084 0.020
4293.83361 17.082 0.020
4294.51155 17.032 0.018
4295.52172 16.927 0.017
4295.71681 17.123 0.019
4295.77541 17.052 0.018
4295.84081 16.995 0.024
4296.51581 17.061 0.020
4296.72152 16.985 0.019
4297.53561 17.040 0.020
4297.74018 16.975 0.020
4298.57009 16.954 0.021
4298.68173 17.048 0.018
4298.81913 17.076 0.027
4299.55718 17.040 0.015
4299.64710 16.961 0.016
4299.73838 16.983 0.017
4300.55383 17.030 0.019
4300.66900 17.066 0.018
4300.78411 16.972 0.019
4301.53996 16.943 0.016
4301.63622 16.958 0.017
4301.73840 17.117 0.018
4302.61294 16.967 0.018
4302.77804 16.980 0.018
4303.69955 17.059 0.021
4304.57784 16.941 0.019
4304.71420 17.089 0.028
4306.58358 17.028 0.026
4306.72010 17.073 0.026
4310.63721 16.928 0.023
4312.52479 16.958 0.022
4312.76766 17.007 0.019
4314.78225 16.936 0.024
4315.55627 16.964 0.018
4316.58579 16.998 0.017
4317.50843 17.001 0.018
4319.54351 17.052 0.019
4319.68947 16.929 0.023
4320.61082 17.105 0.021
4326.53215 16.952 0.016
4326.73640 17.051 0.024
4327.61171 16.954 0.021
4327.75013 17.050 0.029
4328.47687 16.999 0.022
4328.71651 16.949 0.021
4329.54709 16.993 0.022
4329.69509 17.132 0.025
4330.47721 17.046 0.018
4330.71449 17.017 0.019
4331.51934 17.056 0.018
4332.52935 16.918 0.015
4333.55436 16.962 0.021
4334.52709 17.014 0.021
4334.68279 17.001 0.040
4338.52382 16.959 0.024
4338.70237 17.089 0.027
4339.52062 17.064 0.020
4340.64080 17.097 0.019
4341.52489 16.931 0.021
4342.55693 17.069 0.020
4343.54077 16.993 0.016
4344.57032 16.941 0.019
4345.53246 17.091 0.018
4346.54206 16.970 0.021
4347.55639 16.972 0.020
4349.52210 16.959 0.018
4350.57552 16.963 0.016
4351.52727 17.069 0.018
4352.58359 17.032 0.025
4353.53755 17.025 0.018
4354.56631 17.124 0.021
4355.57413 16.963 0.019
4356.53134 17.043 0.023
4357.50274 17.022 0.024
4358.54618 16.960 0.019
4359.51510 17.099 0.024
4361.52847 16.954 0.028
4365.58409 17.105 0.029
4367.53749 16.985 0.020
4368.51043 17.079 0.025
4369.58960 17.029 0.028
4370.51682 17.020 0.018
4371.48463 17.049 0.020
4372.54102 16.957 0.016
4373.53208 17.019 0.022
4377.50529 17.013 0.018
4378.53966 16.951 0.019
4379.55767 17.110 0.028
4380.49712 17.004 0.019
4381.54476 16.970 0.024
4382.53126 17.105 0.027
4383.53550 17.056 0.023
4384.50989 16.989 0.025
4388.57321 17.135 0.029
4393.55194 16.986 0.019
4394.52508 17.087 0.021
4395.50751 16.958 0.020
4395.56130 16.990 0.023
4396.53111 17.096 0.030
4397.55480 17.096 0.025
4398.56013 16.972 0.023
4399.51007 17.080 0.027
4400.55453 17.032 0.029
4403.50843 17.024 0.027
4409.52586 17.000 0.026
4507.88413 16.937 0.021
4511.85113 17.052 0.018
4511.87094 17.094 0.017
4513.88230 17.024 0.015
4517.88144 17.045 0.024
4521.82076 17.021 0.022
4523.89318 17.009 0.022
4525.83709 17.129 0.031
4530.90266 17.006 0.016
4531.84496 17.109 0.026
4534.85004 17.035 0.022
4536.79862 17.098 0.027
4537.85877 16.994 0.015
4538.89117 16.935 0.017
4539.87725 17.091 0.018
4540.82117 16.940 0.015
4541.81371 17.017 0.015
4542.80847 17.058 0.019
4543.80400 16.935 0.016
4544.80096 17.046 0.022
4545.76510 16.982 0.021
4546.77172 16.980 0.020
4547.74642 17.117 0.023
4548.83875 17.044 0.021
4548.88967 17.081 0.027
4550.76882 17.030 0.025
4551.78542 16.977 0.017
4552.73912 17.061 0.030
4556.77851 17.067 0.018
4557.79968 16.951 0.015
4558.72933 17.075 0.019
4559.77018 17.071 0.016
4560.77058 16.983 0.019
4561.75987 17.069 0.015
4564.75017 17.105 0.018
4565.74818 16.966 0.014
4566.74764 16.977 0.015
4567.74759 17.067 0.018
4568.75020 16.952 0.015
4569.76472 16.984 0.015
4570.75279 17.072 0.020
4571.74442 16.977 0.021
4572.77127 17.005 0.016
4573.75946 17.031 0.017
4574.76204 16.953 0.017
4575.77083 17.054 0.018
4576.78690 17.074 0.016
4576.91234 17.036 0.020
4577.85901 16.995 0.018
4577.91504 17.089 0.020
4578.81337 16.938 0.020
4579.88721 17.056 0.021
4583.75400 16.968 0.021
4585.78438 17.022 0.020
4586.76046 16.952 0.019
4587.79404 17.110 0.021
4588.66921 16.956 0.020
4588.90168 17.081 0.017
4589.71565 17.067 0.019
4589.87096 16.974 0.019
4589.93283 17.047 0.021
4590.72444 17.063 0.019
4590.92640 16.962 0.017
4591.66555 16.993 0.019
4591.87688 17.057 0.019
4592.68577 17.098 0.017
4592.87506 16.958 0.019
4593.67496 16.994 0.016
4593.88477 17.021 0.018
4593.92463 16.975 0.018
4594.69619 16.964 0.017
4594.89099 17.097 0.022
4594.94034 17.075 0.027
4595.68877 17.104 0.019
4595.88001 16.951 0.017
4596.68060 16.941 0.019
4596.93849 16.967 0.022
4597.70523 16.949 0.016
4597.89684 17.031 0.018
4598.68143 17.093 0.015
4599.65395 16.948 0.017
4600.66628 17.035 0.015
4600.87498 17.030 0.016
4601.66885 17.078 0.016
4601.88507 16.968 0.015
4602.66141 16.976 0.014
4602.88571 17.134 0.016
4603.87280 16.983 0.019
4606.66921 17.090 0.017
4606.92445 17.023 0.019
4610.76254 17.109 0.019
4611.64809 16.972 0.018
4611.79686 16.985 0.018
4612.66963 17.116 0.020
4615.81192 16.960 0.019
4616.62358 16.959 0.018
4616.83990 17.090 0.021
4617.72450 16.936 0.017
4618.63220 17.029 0.018
4622.64576 16.952 0.018
4622.83066 17.093 0.023
4622.94862 17.025 0.025
4623.69238 17.035 0.023
4623.89000 17.028 0.025
4624.61094 16.988 0.021
4624.83384 17.013 0.019
4624.90292 16.971 0.020
4625.62424 16.981 0.019
4625.84363 17.136 0.023
4625.93218 17.067 0.023
4626.64489 17.017 0.021
4627.58286 16.955 0.016
4627.87229 16.987 0.016
4628.58982 17.012 0.019
4628.77957 16.985 0.020
4628.84189 17.063 0.020
4628.91611 17.121 0.021
4629.65268 17.077 0.017
4629.86032 16.979 0.017
4630.58772 16.960 0.016
4630.80347 17.107 0.018
4630.87302 17.034 0.017
4631.61324 17.017 0.015
4631.81192 17.011 0.016
4631.88730 17.117 0.020
4632.59237 17.052 0.016
4632.88202 16.973 0.021
4633.58941 16.960 0.018
4633.70036 17.009 0.016
4633.83376 17.101 0.020
4638.77385 17.017 0.022
4638.88460 17.020 0.036
4639.59748 16.984 0.018
4639.69503 16.956 0.018
4640.61566 17.101 0.020
4640.74753 16.981 0.018
4641.69121 17.099 0.020
4641.80328 17.012 0.021
4642.61364 16.982 0.016
4642.77582 17.045 0.018
4642.85498 17.078 0.021
4643.57290 17.132 0.021
4644.62140 17.003 0.021
4644.89475 16.983 0.018
4645.55178 17.054 0.021
4645.79950 17.037 0.020
4645.86498 17.177 0.028
4646.54680 17.026 0.016
4646.87255 16.977 0.020
4647.54313 16.979 0.019
4647.75931 17.107 0.022
4647.78352 17.135 0.021
4647.81609 17.077 0.024
4648.54021 17.090 0.020
4648.79408 16.995 0.020
4648.86871 17.195 0.030
4649.55041 17.009 0.018
4649.77679 16.983 0.017
4650.55156 16.962 0.017
4650.81467 17.132 0.023
4651.53499 17.088 0.022
4652.52646 16.981 0.019
4652.74068 17.027 0.017
4653.52215 17.000 0.026
4653.74137 17.053 0.018
4654.56123 17.113 0.020
4654.77581 16.963 0.019
4655.52197 16.937 0.019
4655.74655 17.058 0.017
4656.52394 17.012 0.018
4656.71378 16.994 0.018
4656.83310 17.148 0.026
4657.75233 16.981 0.023
4658.68255 17.107 0.022
4660.63482 17.072 0.021
4661.51201 16.945 0.019
4661.71272 17.166 0.024
4661.77974 17.052 0.022
4665.67962 16.988 0.026
4666.58498 17.072 0.018
4666.68592 17.020 0.020
4666.72817 16.999 0.024
4666.80051 16.945 0.024
4670.57653 16.930 0.022
4671.60515 17.015 0.016
4671.77726 17.010 0.024
4672.53102 16.969 0.015
4672.68118 17.121 0.018
4672.76638 16.991 0.020
4674.53682 17.099 0.022
4674.72700 16.941 0.019
4675.77618 17.035 0.021
4677.51038 17.065 0.018
4677.59434 17.137 0.021
4677.74990 16.966 0.021
4679.64917 16.952 0.021
4681.55853 16.981 0.018
4681.65180 17.080 0.021
4681.74206 17.089 0.021
4682.57636 16.990 0.018
4682.68011 16.947 0.016
4682.77524 17.058 0.021
4683.54144 17.032 0.022
4683.73007 16.969 0.019
4684.53401 16.968 0.016
4684.70540 17.117 0.019
4685.47663 17.080 0.028
4685.75414 17.034 0.021
4686.52277 17.037 0.020
4687.52610 16.967 0.021
4687.76201 17.148 0.020
4688.51940 17.067 0.019
4688.70909 16.951 0.017
4693.56709 16.942 0.017
4694.62822 17.046 0.028
4697.52286 17.108 0.020
4698.52828 16.930 0.015
4699.52646 17.017 0.016
4699.55387 16.960 0.021
4699.56989 16.967 0.021
4699.57643 16.981 0.023
4699.58330 16.842 0.025
4699.60807 17.035 0.026
4699.64094 17.073 0.027
4700.47980 16.977 0.019
4700.53089 17.074 0.016
4701.47516 16.977 0.023
4701.52613 16.963 0.018
4702.54238 17.044 0.019
4703.60984 17.130 0.023
4704.66524 17.059 0.020
4705.59350 16.984 0.020
4707.62169 16.985 0.016
4708.57358 17.003 0.019
4709.53767 17.009 0.025
4710.57839 16.954 0.017
4715.61268 17.034 0.024
4716.61033 16.944 0.019
4720.52808 17.076 0.024
4721.52835 16.963 0.024
4722.49415 17.061 0.025
4724.53089 16.938 0.021
4725.50954 17.072 0.023
4726.49706 16.967 0.024
4728.62344 17.044 0.023
4729.49112 16.951 0.021
4730.49252 16.999 0.018
4731.59950 17.032 0.021
4733.54797 17.011 0.020
4734.57729 17.046 0.021
4737.56592 17.150 0.027
4740.57881 17.115 0.025
4753.56980 16.975 0.024
4758.53554 16.947 0.018
4869.87118 17.010 0.022
4872.86356 16.964 0.024
4873.88534 16.992 0.020
4875.88518 16.956 0.018
4878.85928 16.946 0.019
4884.87591 16.937 0.018
4887.84834 16.992 0.017
4890.90386 16.919 0.019
4896.89552 17.009 0.019
4899.86328 17.062 0.019
4901.79290 17.034 0.022
4903.78858 16.925 0.017
4905.83684 17.109 0.021
4910.83485 16.996 0.018
4911.87180 17.105 0.015
4913.88536 16.992 0.015
4917.73190 16.960 0.016
4921.73390 17.043 0.020
4925.72070 16.957 0.015
4925.83701 17.122 0.015
4926.71383 16.997 0.018
4927.73684 17.111 0.022
4927.89151 16.973 0.019
4928.78530 17.009 0.018
4929.70501 17.041 0.021
4929.73194 16.812 0.017
4930.72393 17.109 0.021
4930.87178 16.962 0.019
4931.76808 17.031 0.023
4932.70221 17.081 0.019
4932.90103 16.967 0.017
4933.71807 17.053 0.020
4933.89579 16.965 0.019
4934.81673 17.040 0.018
4938.71765 17.089 0.020
4939.67848 16.989 0.019
4940.67847 17.011 0.018
4940.85410 17.035 0.022
4941.87255 16.957 0.020
4942.66808 16.947 0.018
4942.69496 16.966 0.017
4942.76692 17.053 0.015
4943.70732 16.959 0.014
4943.86415 17.003 0.016
4944.71874 17.094 0.016
4944.87331 16.981 0.015
4945.66390 16.964 0.019
4946.68654 17.039 0.015
4947.67735 17.065 0.015
4948.65699 16.964 0.017
4950.64773 17.017 0.018
4951.81145 16.966 0.019
4952.78060 16.945 0.016
4953.68082 17.005 0.015
4954.65955 16.974 0.017
4954.72564 16.972 0.016
4955.82864 16.977 0.018
