2127.55832 19.369 0.141
2130.58201 18.937 0.066
2133.59213 19.144 0.087
2136.71323 19.212 0.130
2141.70381 19.294 0.145
2169.60852 19.115 0.119
2179.56716 18.540 0.118
2189.57685 19.133 0.115
2190.49852 19.313 0.110
2215.51063 19.606 0.248
2337.89014 19.171 0.083
2353.84230 19.254 0.110
2363.82011 19.390 0.136
2373.85594 19.134 0.094
2464.82042 19.002 0.077
2816.71372 19.048 0.084
2852.66894 19.063 0.096
3066.80087 18.961 0.110
3068.86139 19.320 0.107
3072.78053 19.219 0.122
3075.91245 18.978 0.093
3077.83323 19.107 0.203
3081.81537 19.115 0.077
3084.79325 19.124 0.077
3086.85461 19.252 0.073
3088.84399 19.196 0.069
3090.75669 19.529 0.115
3091.90718 18.955 0.059
3097.85541 18.969 0.063
3099.82903 19.207 0.118
3101.85456 19.242 0.113
3102.92334 19.405 0.116
3104.80620 19.270 0.186
3107.80952 19.047 0.082
3108.85927 19.247 0.080
3112.90898 19.272 0.088
3114.89552 18.925 0.068
3115.90738 19.083 0.069
3116.81875 19.293 0.085
3124.83663 19.417 0.137
3126.71905 19.081 0.074
3127.92030 19.318 0.095
3128.90955 18.942 0.077
3130.78731 19.037 0.095
3131.73085 19.237 0.125
3135.74319 19.275 0.079
3138.74473 19.071 0.073
3140.72016 19.087 0.074
3141.78195 19.025 0.069
3142.85607 19.035 0.076
3144.87405 18.940 0.069
3147.69335 19.155 0.087
3151.85024 19.100 0.087
3152.84750 19.035 0.083
3153.85068 19.300 0.119
3156.90353 18.950 0.083
3162.61725 19.290 0.124
3163.87256 18.968 0.083
3164.83561 18.900 0.067
3165.61765 19.177 0.076
3168.77193 18.926 0.062
3169.87763 19.163 0.113
3170.90695 19.189 0.104
3171.74886 19.174 0.070
3171.92600 19.238 0.103
3173.78622 19.204 0.094
3174.79939 19.263 0.092
3175.90862 19.036 0.090
3177.85598 19.109 0.145
3178.57407 19.283 0.138
3179.81314 19.165 0.091
3180.82033 18.993 0.060
3182.87749 19.103 0.079
3183.84833 19.316 0.126
3184.79194 19.488 0.121
3185.58800 19.306 0.096
3193.64547 19.044 0.076
3194.49166 19.096 0.135
3194.83238 18.917 0.071
3195.76568 19.023 0.061
3195.84088 19.219 0.096
3196.56953 19.246 0.130
3197.82006 19.151 0.119
3201.56022 18.818 0.060
3201.57663 19.011 0.069
3202.80133 18.999 0.088
3203.81063 19.134 0.079
3204.81102 18.972 0.102
3206.68922 19.304 0.084
3210.74267 19.160 0.088
3211.77497 19.103 0.108
3217.74844 19.161 0.120
3218.75603 19.318 0.182
3224.51126 19.226 0.082
3229.69573 19.060 0.076
3231.68797 19.005 0.097
3239.49285 19.449 0.092
3245.67092 19.041 0.092
3247.53293 18.946 0.070
3249.65292 19.412 0.123
3254.63191 19.383 0.121
3257.57194 19.096 0.069
3261.50463 19.153 0.095
3265.56626 19.268 0.088
3267.62389 18.880 0.067
3273.52786 19.106 0.128
3277.48829 19.078 0.098
3280.48727 19.150 0.098
3283.49562 19.165 0.094
3289.54922 19.189 0.099
3294.54408 19.053 0.094
3296.49239 19.346 0.159
3419.86234 19.068 0.076
3424.86592 19.287 0.103
3427.88512 19.003 0.072
3430.85111 18.888 0.059
3436.89584 19.212 0.108
3443.86801 19.157 0.064
3445.89551 19.199 0.060
3448.80213 18.875 0.077
3450.81966 18.969 0.056
3453.86293 19.108 0.076
3457.90792 19.004 0.077
3458.89798 19.259 0.085
3468.89665 19.335 0.082
3469.92336 18.952 0.064
3472.88932 19.031 0.062
3474.81796 19.361 0.102
3476.91473 19.110 0.069
3479.84152 19.322 0.067
3481.81844 19.190 0.065
3484.76762 18.853 0.089
3500.93739 18.952 0.081
3508.93161 19.120 0.105
3511.94341 18.927 0.083
3520.69149 18.938 0.095
3521.93307 19.128 0.088
3522.83825 19.021 0.081
3523.86513 19.291 0.091
3526.90978 18.961 0.074
3528.86091 19.525 0.127
3530.91860 19.050 0.062
3538.88396 18.888 0.095
3544.85551 19.134 0.100
3547.87413 19.074 0.107
3550.85715 19.325 0.102
3551.86304 19.283 0.129
3553.82214 19.112 0.111
3554.87363 19.217 0.129
3556.78254 19.177 0.093
3558.75560 19.251 0.085
3560.50166 19.370 0.099
3560.56479 19.003 0.069
3560.67439 18.994 0.055
3560.73042 19.100 0.069
3560.83072 19.109 0.082
3561.47265 19.079 0.122
3561.63460 19.008 0.063
3561.80981 19.294 0.075
3562.47195 19.053 0.098
3562.68981 19.089 0.069
3562.80122 19.247 0.085
3563.48515 19.104 0.098
3563.67512 18.991 0.063
3563.75788 19.079 0.081
3563.78550 19.214 0.096
3564.79298 19.202 0.095
3568.81167 18.912 0.089
3569.49570 19.270 0.145
3574.78099 19.094 0.109
3575.72329 19.046 0.065
3579.71266 19.123 0.068
3581.77761 18.998 0.069
3582.71143 18.948 0.068
3583.72927 19.327 0.098
3584.73329 19.168 0.079
3585.74174 19.269 0.082
3618.68308 19.116 0.094
3631.59242 18.917 0.080
3635.57013 19.193 0.073
3643.51993 19.127 0.104
3644.61969 19.167 0.097
3649.56956 19.122 0.078
3650.60208 19.523 0.180
3652.57522 19.345 0.149
3778.86458 19.036 0.099
