2125.67797 17.414 0.039
2129.73066 17.565 0.027
2132.67366 17.509 0.031
2136.57709 17.402 0.035
2141.59222 17.596 0.029
2144.67555 17.486 0.028
2160.63158 17.496 0.035
2170.57250 17.615 0.031
2178.58328 16.868 0.035
2211.53652 17.065 0.033
2333.87310 17.920 0.043
2344.83443 17.625 0.033
2355.88525 17.610 0.031
2364.87688 17.930 0.047
2372.88866 17.564 0.031
2384.82360 17.642 0.028
2388.82277 17.603 0.032
2390.86077 17.617 0.036
2393.85495 17.519 0.055
2400.80224 17.593 0.034
2402.90893 17.860 0.045
2406.85173 17.570 0.036
2414.87438 17.949 0.047
2416.88999 17.508 0.038
2424.74861 17.646 0.037
2428.73383 17.649 0.030
2432.88536 17.563 0.049
2434.77338 17.643 0.032
2436.82132 17.597 0.034
2438.79499 17.752 0.036
2441.75730 17.641 0.033
2445.67417 17.672 0.034
2448.69420 17.650 0.033
2454.79065 17.814 0.049
2459.68581 17.443 0.023
2460.70387 17.500 0.037
2463.58512 17.580 0.026
2466.60490 17.626 0.029
2468.73120 17.639 0.026
2470.71494 17.533 0.027
2472.74535 17.521 0.029
2481.60173 17.828 0.054
2484.66504 17.361 0.031
2486.75774 17.274 0.040
2490.74094 17.119 0.035
2493.68564 17.309 0.031
2496.53168 17.608 0.027
2498.55229 17.620 0.024
2500.59574 17.912 0.038
2502.60935 17.575 0.030
2508.70756 17.397 0.037
2512.65704 16.572 0.020
2517.55846 17.482 0.037
2520.62593 17.479 0.030
2529.49178 17.487 0.035
2538.54343 17.613 0.037
2542.57120 17.598 0.031
2548.49971 17.295 0.036
2552.53602 17.288 0.032
2557.50120 17.423 0.032
2564.52261 17.446 0.034
2708.85013 17.668 0.028
2719.85581 17.832 0.044
2729.87783 17.454 0.033
2747.74141 17.626 0.053
2753.92643 17.425 0.036
2757.85255 17.860 0.045
2761.90136 17.571 0.033
2767.84833 17.504 0.039
2775.76517 17.502 0.042
2782.68652 17.430 0.040
2782.70091 17.580 0.037
2784.60917 17.623 0.031
2786.82718 17.507 0.032
2788.63909 17.654 0.033
2790.74352 17.601 0.031
2793.85327 17.555 0.039
2793.86462 17.440 0.034
2793.88164 17.773 0.046
2793.88526 17.619 0.032
2793.89568 17.510 0.032
2793.90492 17.553 0.032
2793.91355 17.524 0.034
2793.92231 17.376 0.035
2793.93144 17.448 0.035
2793.93766 17.163 0.031
2793.95112 16.722 0.033
2794.54063 17.475 0.046
2794.58339 17.651 0.047
2794.59339 17.504 0.041
2794.60212 17.460 0.039
2794.61049 17.526 0.043
2794.63441 17.612 0.037
2794.70248 17.566 0.036
2794.76567 17.529 0.036
2794.93062 17.418 0.035
2795.63111 17.648 0.027
2795.66892 17.675 0.027
2795.72439 17.585 0.030
2796.55591 17.638 0.030
2796.68089 17.629 0.028
2796.79845 17.559 0.030
2796.82250 17.598 0.031
2796.85330 17.567 0.028
2796.86727 17.577 0.029
2796.87462 17.534 0.031
2796.88057 17.601 0.033
2796.88671 17.608 0.032
2796.89283 17.634 0.034
2796.90221 17.526 0.031
2796.91151 17.597 0.033
2796.92039 17.596 0.031
2796.94036 17.574 0.036
2797.56578 17.664 0.033
2797.64306 17.640 0.026
2797.84594 17.626 0.028
2802.57117 17.581 0.046
2802.73544 17.423 0.037
2808.79693 17.505 0.038
2809.75800 17.695 0.041
2811.68512 17.521 0.036
2812.81444 17.560 0.040
2813.85823 17.614 0.033
2815.83887 17.591 0.031
2816.85986 17.583 0.033
2818.62954 17.591 0.032
2819.80605 18.032 0.045
2821.69191 17.633 0.033
2835.67732 17.632 0.038
2837.68506 17.404 0.041
2838.82081 17.657 0.055
2840.73813 17.495 0.035
2843.68941 17.769 0.037
2845.68677 17.530 0.031
2850.57566 17.648 0.029
2854.58785 17.570 0.033
2857.49810 17.638 0.036
2858.71046 17.557 0.036
2859.57095 17.526 0.041
2862.65755 17.340 0.038
2866.60703 17.505 0.038
2868.70887 17.597 0.032
2871.62714 17.613 0.030
2877.52907 17.491 0.036
2883.62372 17.504 0.030
2892.55004 17.462 0.035
2895.61565 17.658 0.033
2900.62732 17.362 0.031
2905.62644 17.604 0.041
2909.63576 17.470 0.032
2920.55069 17.293 0.040
2931.54751 17.498 0.028
3052.85736 17.686 0.030
3059.83029 17.684 0.033
3064.84717 17.695 0.043
3068.80096 17.611 0.041
3070.87962 17.690 0.036
3073.83570 17.594 0.028
3075.87380 17.618 0.029
3080.77802 17.623 0.031
3082.90585 17.710 0.033
3085.83628 17.602 0.029
3086.91091 17.580 0.029
3088.82891 17.655 0.026
3090.74198 17.666 0.026
3096.89717 17.412 0.036
3099.79287 17.613 0.031
3101.76911 17.602 0.037
3103.80208 17.713 0.031
3104.86073 17.548 0.074
3106.87399 17.529 0.033
3108.79451 17.670 0.027
3109.85340 17.661 0.029
3110.85983 17.599 0.031
3112.84512 18.010 0.042
3114.80974 17.585 0.026
3116.89782 17.604 0.033
3122.93574 17.415 0.044
3125.90022 17.408 0.036
3127.84443 17.632 0.037
3128.84634 17.504 0.033
3130.72683 17.622 0.035
3131.69331 17.728 0.040
3135.92492 17.607 0.031
3138.67921 17.591 0.033
3139.90441 17.583 0.030
3140.90862 17.516 0.031
3142.79302 17.641 0.030
3144.81301 17.550 0.027
3146.84633 17.513 0.032
3151.77591 17.476 0.033
3151.93363 17.430 0.034
3152.78153 17.633 0.033
3153.78422 17.468 0.035
3154.86971 17.323 0.031
3156.88927 17.422 0.029
3162.59910 17.611 0.037
3163.78007 17.526 0.030
3164.76230 17.528 0.031
3164.89530 17.298 0.035
3165.73589 17.670 0.027
3167.62226 17.691 0.053
3167.80001 17.521 0.033
3167.86256 17.567 0.033
3168.53038 17.614 0.044
3168.58428 17.591 0.027
3168.69466 17.496 0.031
3168.79118 17.528 0.030
3168.91914 17.634 0.036
3169.52892 17.718 0.033
3169.58627 17.651 0.027
3169.68699 17.627 0.032
3169.79938 17.536 0.035
3169.89546 17.842 0.043
3170.58519 17.577 0.022
3170.75965 17.617 0.028
3170.83703 17.611 0.026
3170.89729 17.453 0.029
3171.53108 17.645 0.029
3171.63617 17.609 0.028
3171.73992 17.615 0.027
3171.83782 17.618 0.024
3172.53038 17.667 0.032
3172.73676 17.576 0.024
3173.75752 17.490 0.033
3173.87723 17.242 0.035
3174.50977 17.724 0.036
3174.73602 18.097 0.041
3174.83742 17.743 0.032
3175.53852 17.471 0.033
3175.74480 17.534 0.028
3176.53304 17.507 0.045
3176.69016 17.386 0.032
3177.78526 17.245 0.034
3178.54950 17.617 0.036
3179.53001 18.068 0.042
3179.90925 17.641 0.037
3180.75101 17.548 0.026
3182.81168 17.505 0.029
3183.76662 17.538 0.033
3184.72776 17.573 0.027
3185.73121 17.544 0.031
3193.56263 17.624 0.031
3194.57425 17.538 0.036
3195.70581 17.523 0.025
3195.82635 17.552 0.028
3196.62725 17.608 0.027
3197.55200 17.627 0.031
3197.85541 17.405 0.042
3199.64984 17.606 0.027
3202.54347 17.631 0.032
3203.68854 17.640 0.027
3204.67946 17.602 0.028
3205.53831 17.656 0.028
3206.74368 17.570 0.027
3209.66366 17.586 0.033
3210.66372 17.590 0.025
3211.63416 17.480 0.030
3217.67837 17.919 0.042
3218.67669 17.530 0.037
3219.64184 17.427 0.034
3223.67791 17.392 0.035
3224.72595 17.858 0.040
3226.64961 17.064 0.026
3228.62716 17.547 0.031
3229.65966 17.587 0.027
3230.69314 17.508 0.028
3231.59715 17.598 0.031
3232.63360 17.397 0.033
3238.64543 17.323 0.032
3240.49759 17.713 0.033
3245.58146 17.583 0.046
3246.68715 17.540 0.040
3247.60629 17.416 0.032
3249.55381 17.521 0.031
3250.68477 17.604 0.038
3256.66404 17.255 0.027
3260.57380 17.685 0.035
3265.50420 17.304 0.030
3267.55787 17.734 0.037
3272.61583 17.613 0.035
3279.54675 17.359 0.031
3282.50523 17.425 0.027
3288.57159 17.427 0.023
3293.54218 17.377 0.019
3295.55071 17.493 0.020
3300.53601 17.361 0.034
3305.55791 17.474 0.036
3308.53321 17.132 0.033
3315.50481 16.912 0.027
3417.88062 17.666 0.024
3422.89757 17.591 0.028
3426.88870 17.740 0.031
3429.87368 17.707 0.032
3436.83177 17.788 0.049
3442.91652 17.609 0.040
3445.82954 17.707 0.027
3447.87988 17.681 0.030
3449.89681 17.634 0.027
3452.91396 17.683 0.030
3453.78580 17.690 0.037
3455.85643 17.801 0.045
3456.86750 17.653 0.027
3457.78516 17.631 0.028
3458.82874 17.674 0.030
3459.80331 17.715 0.035
3469.81574 17.668 0.024
3470.85595 17.736 0.027
3472.78715 17.647 0.025
3473.88213 17.558 0.032
3474.85452 18.016 0.043
3475.91833 17.686 0.026
3477.79107 17.648 0.032
3480.85733 17.601 0.032
3481.86136 17.780 0.028
3483.80162 17.645 0.027
3496.75548 17.594 0.030
3497.82447 17.604 0.032
3499.75191 17.639 0.026
3500.75649 17.625 0.031
3501.87006 17.608 0.026
3502.70499 17.726 0.027
3503.71564 17.725 0.028
3504.73003 17.631 0.032
3506.83502 17.443 0.035
3508.81220 17.542 0.032
3509.71528 17.540 0.027
3511.70196 17.604 0.032
3512.77092 17.589 0.031
3517.81137 17.851 0.039
3520.84654 17.589 0.030
3521.66574 17.669 0.028
3522.77593 17.711 0.033
3523.81065 17.591 0.027
3524.79829 17.544 0.033
3525.77798 17.542 0.026
3526.86337 17.589 0.030
3528.58195 17.725 0.030
3530.80734 17.586 0.024
3537.77516 17.503 0.025
3538.70466 17.668 0.026
3540.67860 17.657 0.029
3544.75858 17.777 0.040
3546.87958 17.480 0.034
3547.83699 17.618 0.037
3550.66346 17.641 0.024
3551.66814 17.706 0.021
3552.70026 17.545 0.027
3553.70295 17.327 0.032
3554.69508 17.541 0.033
3555.72922 17.801 0.037
3556.74989 17.487 0.030
3558.58569 17.671 0.029
3559.68159 17.595 0.029
3560.63472 18.186 0.039
3560.72677 17.830 0.033
3560.76311 17.568 0.027
3560.79227 17.639 0.025
3560.81555 17.644 0.030
3560.84105 17.582 0.031
3561.47648 17.613 0.045
3561.63091 17.655 0.028
3561.75009 17.586 0.024
3561.78009 17.601 0.027
3561.84212 17.513 0.028
3562.45994 17.851 0.053
3562.52576 17.768 0.029
3562.57649 17.702 0.029
3562.61917 17.619 0.033
3562.68083 17.607 0.030
3562.73188 17.685 0.030
3562.78939 17.661 0.030
3562.84199 17.619 0.031
3563.47102 17.876 0.052
3563.58013 17.694 0.025
3563.74665 17.553 0.031
3563.81802 17.257 0.029
3564.51139 17.442 0.042
3564.63543 17.705 0.029
3564.78897 17.393 0.031
3565.48809 17.764 0.054
3568.80493 17.699 0.037
3569.48661 17.731 0.051
3569.52491 17.632 0.045
3573.68951 17.614 0.035
3573.71648 17.663 0.036
3574.71748 17.630 0.032
3575.65635 17.673 0.029
3576.71880 17.481 0.031
3577.76713 17.646 0.033
3578.70378 17.596 0.025
3579.64908 18.065 0.041
3580.68561 17.519 0.030
3581.70199 17.686 0.029
3582.62780 17.626 0.028
3583.66442 17.567 0.029
3584.67316 17.485 0.027
3585.67119 17.575 0.025
3586.70260 17.803 0.028
3588.75367 17.600 0.031
3589.71500 17.502 0.029
3590.71113 17.636 0.031
3592.68385 17.625 0.026
3597.67421 17.525 0.039
3601.68744 17.682 0.033
3602.68759 17.624 0.035
3603.66774 17.581 0.029
3607.66625 17.421 0.027
3608.68220 17.603 0.029
3615.60950 17.591 0.028
3618.61300 17.551 0.031
3620.57623 17.692 0.028
3628.57827 17.590 0.035
3630.59231 17.348 0.028
3632.61978 17.361 0.037
3634.52316 17.736 0.030
3639.53020 17.501 0.022
3641.57573 17.918 0.045
3644.54054 17.580 0.029
3649.52992 17.438 0.027
3651.58201 17.451 0.033
3654.56708 17.451 0.039
3655.54719 17.613 0.030
3659.54215 17.138 0.030
3662.54664 17.407 0.037
3665.51715 17.195 0.026
3672.51844 17.160 0.034
3777.85183 17.679 0.036
3782.88781 17.698 0.027
3785.84945 17.737 0.031
3787.87015 17.615 0.025
3791.84453 17.672 0.041
3793.88874 17.673 0.027
3795.87297 17.628 0.029
3796.90541 17.593 0.028
3798.83631 18.152 0.041
3799.89067 17.626 0.034
3801.84545 17.633 0.029
3802.87987 17.658 0.030
3804.79308 17.763 0.037
3805.83159 17.772 0.033
3806.82831 17.673 0.032
3807.85252 17.581 0.027
3808.85616 17.683 0.035
3809.91305 17.659 0.033
3810.90911 17.608 0.029
3811.79967 17.557 0.036
3812.88061 17.672 0.033
3813.86033 17.678 0.029
3814.85576 17.574 0.026
3818.77342 17.663 0.028
3819.83706 17.688 0.024
3820.80110 17.601 0.022
3821.80427 17.675 0.027
3822.84794 17.603 0.025
3823.80893 17.652 0.023
3824.79537 17.627 0.036
3824.80287 17.559 0.032
3825.83496 17.622 0.027
3826.79467 17.650 0.029
3827.83511 17.622 0.023
3828.81518 17.650 0.028
3829.74300 18.025 0.042
3830.77155 17.556 0.024
3832.77489 17.631 0.026
3833.80217 17.674 0.023
3834.77411 17.646 0.025
3835.76281 17.637 0.028
3836.72425 17.713 0.034
3837.76489 17.625 0.032
3838.77283 17.687 0.040
3838.89023 17.614 0.027
3839.76876 17.665 0.031
3840.77190 17.655 0.029
3841.72710 18.088 0.046
3841.87704 17.676 0.029
3842.71872 17.693 0.047
3845.74861 17.586 0.056
3846.75947 17.669 0.028
3846.88820 17.677 0.029
3847.83256 17.534 0.031
3848.78260 17.958 0.043
3848.90576 17.757 0.039
3849.78014 17.588 0.027
3850.72529 17.607 0.028
3850.89816 17.556 0.033
3851.73892 17.668 0.027
3851.90369 17.522 0.030
3852.72746 17.635 0.030
3852.85128 17.554 0.026
3852.93295 17.357 0.040
3853.72018 17.731 0.022
3853.88435 17.665 0.025
3856.70840 17.645 0.028
3856.89647 17.660 0.027
3858.74528 17.651 0.027
3859.86541 17.448 0.029
3860.70070 18.110 0.041
3861.69813 17.621 0.030
3861.80224 17.588 0.024
3861.90115 17.547 0.024
3862.67995 17.594 0.027
3862.89471 17.622 0.033
3863.69281 17.709 0.027
3863.83658 17.627 0.026
3863.91271 17.653 0.025
3864.70959 17.641 0.026
3864.89580 17.633 0.025
3865.66950 17.713 0.031
3865.80519 17.648 0.027
3865.88377 17.606 0.028
3866.64256 17.685 0.031
3866.71506 17.640 0.024
3866.85455 17.633 0.028
3866.92891 17.573 0.022
3867.66099 17.710 0.032
3867.84643 17.937 0.040
3867.91666 17.904 0.036
3868.66877 17.873 0.044
3868.70615 17.681 0.034
3868.81099 17.678 0.031
3868.85097 17.477 0.033
3868.89255 17.659 0.036
3868.92473 17.630 0.037
3869.61933 17.718 0.038
3869.65373 17.651 0.029
3869.68557 17.711 0.032
3869.74703 17.588 0.029
3869.81668 17.639 0.038
3869.86668 17.564 0.032
3869.90306 17.567 0.033
3869.93767 17.610 0.043
3870.69461 17.676 0.062
3870.75441 17.582 0.041
3870.84136 17.555 0.052
3872.74053 17.840 0.035
3872.85179 17.624 0.030
3873.62090 17.688 0.033
3873.70236 17.623 0.027
3873.84143 17.567 0.028
3873.91192 17.562 0.027
3874.70364 17.580 0.028
3874.87212 17.567 0.027
3875.64031 17.573 0.023
3875.78758 17.654 0.022
3875.86628 17.597 0.025
3876.60528 17.683 0.030
3876.66370 17.643 0.023
3877.66820 17.708 0.025
3877.81641 17.588 0.025
3877.89020 17.609 0.029
3877.92864 17.605 0.032
3879.92509 17.522 0.031
3879.93286 17.491 0.033
3880.60132 17.670 0.022
3880.87173 17.603 0.027
3880.94527 17.558 0.043
3881.69198 17.587 0.024
3881.83472 17.589 0.024
3882.60408 17.718 0.033
3882.80700 17.629 0.028
3882.87721 17.653 0.027
3883.66945 17.658 0.026
3883.90527 17.563 0.024
3886.63471 17.638 0.023
3886.82424 17.731 0.027
3886.89630 17.854 0.032
3886.92231 17.844 0.035
3887.60479 17.583 0.026
3887.80747 17.182 0.022
3887.83528 17.562 0.027
3887.90732 17.690 0.031
3888.63562 17.729 0.028
3889.68726 17.656 0.024
3889.78328 17.602 0.024
3889.79502 17.617 0.029
3889.83447 17.566 0.027
3889.85231 17.633 0.026
3889.90479 17.652 0.028
3889.93122 17.592 0.030
3890.56007 17.707 0.039
3890.57553 17.687 0.035
3890.62499 17.641 0.027
3890.63492 17.637 0.026
3890.64373 17.656 0.026
3890.66090 17.677 0.026
3890.66983 17.656 0.024
3890.67879 17.654 0.025
3890.69906 17.637 0.022
3890.72211 17.635 0.022
3891.55443 17.768 0.044
3891.60146 17.845 0.035
3891.63612 17.872 0.036
3891.68852 17.916 0.040
3891.71187 17.866 0.035
3891.75805 17.842 0.039
3891.78727 17.587 0.038
3891.81707 17.601 0.028
3891.82884 17.642 0.026
3891.86943 17.432 0.029
3891.91051 17.645 0.029
3892.55290 17.736 0.044
3892.56387 17.694 0.037
3892.59852 17.505 0.034
3892.62222 17.590 0.033
3892.65818 17.542 0.024
3892.73210 17.656 0.027
3892.82596 17.504 0.026
3892.92709 17.193 0.029
3893.57326 17.579 0.037
3893.61338 17.575 0.032
3893.65649 17.595 0.030
3893.81755 17.435 0.028
3893.90784 17.520 0.033
3894.63321 17.577 0.037
3894.70430 17.457 0.031
3894.75656 17.523 0.031
3894.80182 17.273 0.031
3894.84625 17.393 0.030
3894.87896 17.352 0.028
3896.56367 17.759 0.050
3896.60366 17.642 0.043
3896.61875 17.624 0.046
3896.63311 17.600 0.039
3896.64806 17.623 0.039
3896.66231 17.579 0.035
3896.67870 17.399 0.033
3896.69024 17.678 0.034
3896.70163 17.640 0.030
3896.71711 17.656 0.035
3896.72874 17.665 0.032
3896.74310 17.670 0.035
3896.76117 17.579 0.033
3896.77836 17.577 0.039
3896.79707 17.452 0.039
3896.82703 17.366 0.036
3900.52541 17.685 0.046
3900.56336 17.706 0.037
3900.61408 17.738 0.032
3900.65209 17.670 0.034
3900.70110 17.657 0.041
3900.73811 17.624 0.028
3900.74978 17.639 0.029
3900.76437 17.601 0.029
3900.82516 17.622 0.030
3900.88532 17.705 0.033
3901.56530 17.784 0.044
3901.57720 17.498 0.032
3901.75200 17.340 0.028
3901.76669 17.629 0.029
3901.82881 17.501 0.031
3901.88949 17.618 0.034
3901.90127 17.579 0.033
3902.55449 17.688 0.028
3902.58607 17.567 0.024
3902.59813 17.660 0.026
3902.64393 17.624 0.026
3902.71088 17.634 0.025
3902.73767 17.608 0.027
3902.76384 17.631 0.028
3902.77430 17.580 0.030
3902.78326 17.592 0.029
3902.79262 17.487 0.029
3902.80518 17.564 0.027
3902.82032 17.533 0.030
3902.82971 17.560 0.030
3902.84573 17.535 0.031
3902.85942 17.611 0.030
3902.89016 17.454 0.034
3902.90553 17.531 0.036
3903.68698 17.821 0.032
3904.58114 17.656 0.022
3904.74440 17.565 0.029
3904.81338 17.686 0.028
3904.86620 17.633 0.027
3905.57807 17.722 0.026
3905.75209 17.656 0.024
3905.82469 17.736 0.024
3905.89327 17.837 0.034
3906.51672 17.675 0.041
3906.68657 17.645 0.030
3906.75953 17.666 0.030
3906.83221 17.534 0.029
3906.85017 17.564 0.028
3906.88264 17.603 0.030
3907.62324 17.706 0.029
3907.81809 17.353 0.032
3907.89063 17.363 0.033
3908.55942 17.584 0.025
3908.74987 17.514 0.026
3908.82513 17.578 0.025
3909.56452 17.705 0.031
3909.75891 17.683 0.026
3909.84082 17.635 0.029
3910.61325 17.717 0.026
3912.56365 17.643 0.020
3912.76044 17.596 0.023
3912.84833 17.581 0.024
3913.56143 17.650 0.023
3913.76363 17.567 0.030
3913.85344 17.610 0.025
3914.57888 17.685 0.031
3915.55942 17.929 0.037
3915.76274 17.526 0.025
3915.85975 17.475 0.027
3916.60730 17.637 0.032
3916.77993 17.279 0.029
3917.64726 17.617 0.032
3917.85015 17.870 0.044
3918.64072 17.569 0.030
3918.85044 17.646 0.035
3919.59360 17.675 0.033
3919.82005 17.529 0.031
3920.54523 17.761 0.028
3920.74149 17.601 0.029
3920.82025 17.712 0.026
3921.53824 17.634 0.030
3921.74870 17.053 0.027
3922.74516 17.697 0.040
3930.59277 17.591 0.026
3931.54384 17.606 0.029
3931.66726 17.535 0.029
3932.55570 17.611 0.033
3933.54466 17.709 0.026
3933.72595 17.623 0.025
3933.80161 17.531 0.028
3934.51543 17.898 0.039
3934.63948 17.904 0.030
3934.70925 17.659 0.030
3934.77828 17.666 0.026
3935.56525 17.458 0.031
3935.73656 17.512 0.029
3935.78834 17.590 0.029
3936.51887 17.624 0.033
3936.68419 17.569 0.030
3936.76177 17.598 0.028
3937.59407 17.725 0.029
3938.52640 17.542 0.032
3938.72799 17.378 0.025
3938.77720 17.339 0.026
3940.62940 17.579 0.022
3941.67355 17.747 0.038
3944.58290 17.604 0.026
3945.53178 17.534 0.030
3945.71982 17.565 0.027
3946.54205 17.870 0.039
3946.73145 17.627 0.025
3950.54995 17.647 0.024
3950.76944 17.465 0.026
3951.54619 17.617 0.033
3956.59260 17.576 0.037
3957.53348 17.519 0.033
3958.60625 17.566 0.031
3958.63530 17.551 0.032
3959.54619 17.487 0.028
3959.71058 17.494 0.029
3960.52417 17.569 0.025
3960.70409 18.060 0.034
3961.52381 17.497 0.032
3961.59926 17.377 0.033
3961.66529 17.283 0.032
3963.48578 17.596 0.032
3963.66035 17.600 0.027
3963.73369 17.549 0.030
3964.55587 17.587 0.026
3965.54519 18.170 0.038
3965.73509 17.682 0.027
3966.53710 17.565 0.027
3966.71957 17.555 0.028
3967.56094 17.516 0.038
3968.52363 17.609 0.034
3968.69513 17.605 0.031
3969.52752 17.462 0.030
3969.70614 17.675 0.031
3970.53933 17.417 0.030
3970.71926 17.658 0.027
3971.57912 17.144 0.025
3973.60427 17.447 0.024
3974.53411 17.517 0.033
3975.53660 17.583 0.026
3976.53135 17.591 0.028
3979.54112 17.342 0.039
3982.60829 17.581 0.032
3986.60833 17.555 0.028
3987.53075 17.524 0.028
3988.54357 17.624 0.024
3989.60525 17.295 0.028
3990.64752 17.601 0.029
3994.50024 17.358 0.031
3995.59785 17.570 0.027
3999.63540 17.651 0.028
4000.54244 17.311 0.026
4001.53220 17.436 0.030
4002.52891 17.438 0.026
4004.55183 17.213 0.028
4005.55453 17.379 0.027
4006.54922 17.559 0.026
4012.52492 17.360 0.032
4016.56681 17.333 0.031
4018.57940 17.084 0.024
4021.56336 17.322 0.027
4024.51110 17.175 0.026
4026.50663 17.573 0.028
4028.52265 17.296 0.025
4031.52274 17.254 0.026
4038.52794 16.923 0.024
4041.52708 17.286 0.036
4142.87817 17.602 0.047
4151.88332 17.713 0.042
4154.83075 17.689 0.035
4156.88374 17.664 0.043
4159.81780 17.719 0.039
4161.87123 17.689 0.042
4163.88722 17.640 0.030
4165.84408 17.688 0.049
4168.84161 17.601 0.037
4170.84270 17.614 0.036
4175.87767 17.631 0.031
4177.77740 17.582 0.033
4178.83476 17.566 0.032
4179.87463 18.114 0.045
4181.81103 17.614 0.031
4182.85962 17.639 0.028
4183.89211 17.680 0.034
4185.76854 17.658 0.036
4191.77910 17.910 0.049
4193.79020 17.602 0.040
4194.81305 17.585 0.035
4196.80307 17.659 0.034
4202.78465 17.656 0.030
4203.77242 18.103 0.042
4204.70721 17.663 0.035
4204.73063 17.639 0.032
4204.76479 17.615 0.033
4204.80708 17.670 0.028
4204.84109 17.633 0.027
4204.87522 17.640 0.028
4204.91343 17.660 0.029
4205.70750 17.612 0.038
4205.76301 17.642 0.027
4205.83637 17.626 0.025
4205.91440 17.636 0.032
4207.75426 17.680 0.030
4208.70820 17.648 0.037
4211.81953 17.530 0.038
4212.84908 17.535 0.035
4213.75714 17.611 0.028
4215.77018 17.667 0.038
4216.72805 17.674 0.032
4216.93326 17.617 0.039
4217.73555 17.631 0.027
4217.89684 17.705 0.027
4218.78531 17.567 0.040
4219.79256 17.641 0.030
4220.73435 17.649 0.033
4222.70018 17.905 0.047
4224.81334 17.701 0.035
4228.70564 17.707 0.036
4229.69922 17.622 0.038
4229.89619 17.883 0.040
4230.64742 17.641 0.032
4230.83540 17.627 0.035
4230.89709 17.556 0.039
4231.67138 17.583 0.025
4231.72248 17.636 0.028
4231.87748 17.580 0.034
4232.65913 17.601 0.044
4232.78414 17.597 0.034
4232.92166 17.565 0.039
4233.85187 17.360 0.028
4234.77945 17.794 0.037
4234.90180 17.574 0.033
4235.69577 17.624 0.029
4235.75321 17.645 0.029
4235.85684 17.632 0.032
4235.91895 16.807 0.025
4237.62231 17.636 0.043
4238.69366 17.673 0.034
4239.66553 17.647 0.034
4240.70519 17.666 0.032
4240.86158 17.534 0.035
4243.67085 17.555 0.036
4243.76428 17.625 0.032
4243.85716 17.565 0.035
4244.64304 17.631 0.038
4244.73940 17.597 0.029
4244.83200 17.609 0.033
4245.63612 17.639 0.031
4245.73043 17.649 0.029
4245.82591 17.623 0.031
4245.89851 17.522 0.033
4246.69480 17.861 0.041
4246.78792 17.633 0.030
4246.88062 17.619 0.034
4247.70983 17.622 0.035
4250.75791 17.624 0.033
4256.65032 17.629 0.043
4256.79585 17.492 0.043
4257.67722 17.612 0.033
4258.66056 17.690 0.039
4258.78339 17.664 0.037
4258.87600 17.575 0.038
4267.62024 17.623 0.031
4268.73096 17.546 0.024
4268.86721 17.579 0.036
4269.60246 17.669 0.029
4269.75273 17.635 0.031
4270.53716 17.893 0.049
4272.58363 17.655 0.032
4272.73353 17.869 0.035
4272.79216 17.906 0.044
4272.86352 17.757 0.044
4273.64401 17.610 0.036
4273.82216 17.572 0.036
4273.88337 17.470 0.048
4274.57508 17.631 0.040
4274.72801 17.587 0.036
4274.78892 17.606 0.032
4274.86216 17.569 0.040
4275.62664 17.685 0.036
4275.80189 17.586 0.042
4275.86301 17.558 0.043
4276.61136 17.619 0.040
4277.55508 17.993 0.056
4277.73216 17.664 0.035
4277.79080 17.419 0.038
4278.60002 17.628 0.041
4278.78650 17.285 0.037
4283.53762 17.689 0.041
4284.52940 17.681 0.044
4284.67976 18.017 0.054
4284.73914 18.068 0.048
4284.80118 17.795 0.044
4284.86616 17.355 0.043
4285.53258 17.650 0.040
4285.72610 17.601 0.036
4285.78741 17.757 0.041
4285.85262 17.680 0.041
4286.53234 17.709 0.043
4286.84055 17.527 0.045
4289.54321 17.988 0.051
4289.76212 17.543 0.034
4289.82694 17.504 0.031
4290.58950 17.616 0.039
4291.60919 17.644 0.029
4292.51476 17.704 0.029
4292.69377 17.635 0.030
4292.75257 17.640 0.027
4292.81556 17.465 0.034
4293.51552 17.699 0.031
4293.69968 17.629 0.031
4293.75844 17.669 0.031
4293.79869 17.626 0.032
4293.83620 17.414 0.035
4294.51414 17.723 0.033
4295.52430 17.669 0.033
4295.71940 17.639 0.028
4295.77800 17.637 0.029
4296.51840 17.788 0.038
4296.72411 17.678 0.034
4297.53820 17.667 0.035
4297.74276 17.533 0.028
4298.57267 17.473 0.035
4298.68429 17.519 0.030
4298.82171 17.520 0.037
4299.55976 17.665 0.026
4299.64967 17.671 0.030
4299.74096 17.669 0.030
4300.55641 17.666 0.034
4300.67155 17.617 0.030
4300.81656 17.394 0.031
4301.54253 17.657 0.030
4301.63878 17.610 0.029
4301.74096 17.591 0.029
4302.61552 17.540 0.033
4302.78060 17.468 0.040
4303.70210 17.757 0.040
4304.58039 17.586 0.038
4306.58614 17.490 0.037
4306.72266 17.520 0.038
4310.63975 17.656 0.049
4312.52734 17.640 0.043
4312.77021 17.597 0.036
4314.78479 17.228 0.034
4315.55882 17.592 0.032
4316.58908 17.647 0.029
4317.51098 17.703 0.034
4319.54606 17.663 0.032
4319.69202 17.609 0.042
4320.61337 17.515 0.033
4326.56280 17.609 0.030
4326.73894 17.320 0.033
4327.61443 17.893 0.047
4328.47958 17.655 0.038
4328.71924 17.531 0.039
4329.54960 17.444 0.035
4329.69763 17.586 0.038
4330.47991 17.625 0.032
4330.71720 17.624 0.033
4331.52206 17.664 0.030
4332.53206 17.702 0.028
4333.55706 17.526 0.037
4334.52979 17.631 0.037
4338.52719 17.613 0.040
4338.70508 17.586 0.047
4339.52332 17.956 0.046
4340.64350 17.656 0.036
4341.52757 17.483 0.039
4342.55961 17.484 0.033
4343.54347 17.575 0.029
4344.57304 17.551 0.034
4345.53514 17.670 0.031
4346.54474 17.721 0.043
4347.55908 17.526 0.034
4349.52478 17.612 0.032
4350.57824 17.638 0.029
4351.52995 17.718 0.034
4352.58627 17.267 0.037
4353.54961 17.612 0.037
4354.56899 17.546 0.033
4355.57683 17.526 0.037
4356.53402 17.546 0.037
4357.50542 17.492 0.037
4358.54884 17.851 0.045
4359.51780 17.479 0.039
4361.53114 17.066 0.032
4362.54852 17.419 0.042
4365.58677 17.620 0.041
4367.54018 17.510 0.036
4368.51313 17.451 0.041
4369.59229 17.417 0.044
4370.51949 17.920 0.040
4371.49457 17.489 0.031
4372.54370 17.581 0.030
4373.53475 17.212 0.031
4377.50799 17.668 0.033
4378.54234 17.503 0.031
4379.56433 16.866 0.028
4380.49981 17.558 0.032
4381.54745 17.067 0.031
4382.53397 17.408 0.040
4383.53817 17.520 0.039
4384.51258 17.154 0.035
4388.58362 17.189 0.036
4393.55465 17.574 0.034
4394.52785 17.523 0.033
4395.56402 17.464 0.039
4396.53381 17.108 0.033
4397.55750 17.410 0.039
4398.56284 17.554 0.040
4399.51278 17.397 0.038
4400.55725 17.470 0.048
4403.51114 16.954 0.028
4409.52856 17.123 0.035
4507.88682 17.633 0.046
4511.85403 17.714 0.031
4511.87384 17.694 0.028
4513.88522 17.617 0.030
4517.88434 17.599 0.042
4521.82367 17.731 0.045
4523.89609 17.618 0.036
4525.84000 17.729 0.048
4530.90558 17.725 0.037
4531.84788 17.654 0.032
4534.86950 17.821 0.048
4536.80154 17.640 0.041
4537.86168 17.653 0.027
4538.89408 17.699 0.033
4539.88018 17.669 0.031
4540.82410 17.644 0.029
4541.81663 17.702 0.029
4542.81139 17.680 0.036
4543.80690 17.657 0.030
4544.80386 17.665 0.034
4545.76800 17.669 0.041
4546.77465 18.041 0.053
4547.74937 17.701 0.042
4548.84166 17.743 0.047
4548.89259 17.536 0.040
4550.77172 17.644 0.048
4551.79281 17.718 0.044
4552.74205 17.658 0.058
4556.78144 17.700 0.033
4557.80259 17.666 0.034
4558.73225 17.851 0.038
4559.77311 17.698 0.032
4560.77350 17.678 0.032
4561.76280 17.606 0.026
4564.75306 17.660 0.028
4565.75109 18.082 0.035
4566.75054 17.668 0.027
4567.75048 17.710 0.030
4568.75999 17.686 0.030
4569.76762 17.666 0.034
4570.75568 17.607 0.031
4571.74735 17.675 0.042
4572.77419 17.695 0.031
4573.76234 17.672 0.031
4574.76492 17.804 0.040
4574.91294 17.650 0.033
4575.77372 17.664 0.032
4576.79285 17.616 0.026
4576.88362 17.656 0.033
4576.91524 17.698 0.035
4577.86192 17.620 0.031
4577.91795 17.686 0.030
4578.81626 17.599 0.038
4579.89009 17.600 0.038
4583.76032 17.672 0.038
4585.78727 17.671 0.040
4586.76338 17.695 0.039
4587.79695 17.563 0.033
4588.67211 17.604 0.036
4588.90459 17.670 0.028
4589.71854 17.787 0.036
4589.87384 17.549 0.034
4589.93573 17.534 0.041
4590.72732 17.630 0.033
4590.92927 17.647 0.032
4591.66843 17.589 0.031
4591.87977 17.743 0.033
4592.68864 17.673 0.031
4592.87794 17.665 0.031
4593.67783 17.628 0.031
4593.88766 17.666 0.030
4593.92752 17.634 0.032
4594.69908 17.736 0.036
4594.89391 17.628 0.033
4595.69162 17.628 0.033
4595.88290 17.621 0.032
4596.68346 17.872 0.039
4597.70811 17.650 0.034
4597.89972 17.680 0.032
4598.68431 17.664 0.025
4599.65681 17.715 0.036
4600.66918 17.640 0.027
4600.87786 17.653 0.027
4601.67171 17.697 0.027
4601.88796 17.637 0.026
4602.66427 17.633 0.026
4602.88859 17.622 0.024
4603.87568 18.151 0.048
4606.67211 17.662 0.029
4606.92731 17.626 0.035
4610.77454 17.626 0.038
4611.65095 17.581 0.034
4611.79982 17.644 0.030
4612.67247 17.752 0.034
4615.81477 17.919 0.043
4616.62644 17.609 0.031
4616.84274 17.610 0.035
4617.72735 17.662 0.029
4618.63502 17.628 0.028
4622.64858 17.618 0.034
4622.83351 17.683 0.037
4623.69521 17.637 0.036
4623.89282 17.464 0.039
4624.61669 17.611 0.040
4624.83669 17.593 0.032
4624.90574 17.573 0.039
4625.62709 17.577 0.040
4625.84646 17.463 0.036
4625.93501 17.341 0.037
4626.64770 17.392 0.034
4627.58568 17.693 0.032
4627.87511 17.682 0.030
4628.59265 17.639 0.035
4628.78239 17.562 0.035
4628.84472 17.388 0.029
4628.91894 17.594 0.038
4629.65547 17.640 0.029
4629.86312 17.563 0.033
4630.59053 17.684 0.033
4630.80630 17.627 0.028
4630.87585 17.665 0.032
4631.61606 17.678 0.028
4631.81475 17.682 0.029
4631.89012 17.521 0.039
4632.59518 17.834 0.037
4632.88482 17.578 0.039
4633.59221 17.610 0.030
4633.70316 17.643 0.026
4633.83658 17.612 0.032
4638.77665 17.606 0.032
4639.60031 17.983 0.043
4639.69781 17.813 0.035
4640.61843 17.659 0.033
4640.75034 17.617 0.028
4640.76506 17.638 0.028
4641.69400 17.674 0.028
4641.80609 17.635 0.032
4642.61644 17.683 0.030
4642.77863 17.606 0.034
4642.85775 17.616 0.041
4643.57571 17.658 0.033
4644.62419 17.615 0.033
4645.55455 17.654 0.043
4645.80226 17.677 0.038
4645.86781 17.586 0.045
4646.54960 17.720 0.031
4646.87534 17.745 0.043
4647.54591 17.617 0.034
4647.76210 17.597 0.034
4647.78631 17.581 0.036
4648.54300 17.641 0.038
4648.79687 17.629 0.038
4648.87148 17.485 0.040
4649.55321 17.584 0.036
4649.77959 17.629 0.033
4650.55435 17.675 0.035
4650.81746 17.681 0.040
4651.53778 18.230 0.065
4652.52925 17.676 0.039
4652.74346 17.569 0.029
4653.52490 17.628 0.045
4653.74413 17.581 0.032
4654.56398 17.679 0.039
4654.77857 17.628 0.033
4655.52474 17.729 0.035
4655.74934 17.671 0.029
4656.52668 17.729 0.032
4656.71654 17.699 0.032
4656.83588 17.617 0.037
4657.75510 17.368 0.033
4658.68532 17.854 0.050
4660.63758 17.596 0.032
4661.51478 17.724 0.033
4661.71547 17.679 0.034
4661.78249 17.588 0.035
4665.68241 17.750 0.038
4666.58772 17.584 0.031
4666.68866 17.612 0.036
4666.73091 17.529 0.033
4666.80325 17.233 0.039
4670.58430 17.753 0.046
4671.60790 17.597 0.026
4671.78000 17.464 0.043
4672.53375 17.622 0.027
4672.68393 17.629 0.030
4672.76910 17.471 0.038
4674.53955 17.590 0.033
4674.72976 17.486 0.037
4677.51312 17.630 0.032
4677.59708 17.647 0.036
4677.75264 17.816 0.045
4679.65189 17.392 0.036
4681.56153 17.616 0.032
4681.65453 17.653 0.031
4681.74478 17.607 0.034
4682.57907 17.831 0.043
4682.68282 17.609 0.032
4683.54415 17.514 0.040
4683.73277 17.653 0.038
4684.53674 17.645 0.031
4684.70812 17.627 0.032
4685.47934 17.662 0.044
4685.75684 17.567 0.036
4686.52545 17.661 0.035
4687.52881 17.574 0.037
4687.76471 17.604 0.039
4688.52213 17.707 0.034
4688.71182 17.610 0.035
4693.56977 17.658 0.031
4694.63094 17.456 0.038
4697.52556 17.636 0.037
4698.53099 17.688 0.027
4699.52915 17.646 0.032
4700.53358 17.648 0.028
4701.52884 17.968 0.043
4702.54509 17.719 0.034
4703.61255 17.524 0.034
4704.66792 17.560 0.039
4705.59618 17.618 0.034
4707.62439 17.650 0.028
4708.57629 17.726 0.030
4709.54037 17.425 0.039
4710.58112 17.548 0.029
4715.61538 17.519 0.035
4716.48861 17.693 0.031
4716.61303 17.596 0.039
4720.53078 17.794 0.042
4720.54486 17.797 0.046
4721.53106 17.503 0.042
4722.49685 17.564 0.039
4724.53356 17.586 0.042
4725.51226 17.564 0.034
4726.50837 17.200 0.034
4728.62610 17.055 0.036
4729.49380 17.558 0.037
4729.52906 17.538 0.043
4729.61307 17.563 0.046
4730.49523 17.594 0.032
4731.60219 17.313 0.035
4733.55064 17.374 0.029
4734.57997 17.276 0.028
4737.56860 17.230 0.031
4740.58147 17.410 0.037
4753.57249 17.596 0.043
4758.53825 17.472 0.035
4776.52464 17.612 0.051
4778.52991 17.409 0.043
4869.87405 17.604 0.040
4872.86644 17.721 0.052
4873.88825 17.702 0.044
4875.88807 17.593 0.039
4878.86216 17.650 0.037
4884.87881 17.826 0.034
4887.85122 17.663 0.029
4891.80751 17.644 0.043
4896.89844 17.908 0.043
4899.86618 17.695 0.035
4901.79581 17.802 0.044
4903.79150 17.718 0.035
4905.83975 17.737 0.040
4910.83778 17.731 0.038
4911.87474 17.646 0.024
4913.88824 17.679 0.027
4917.73483 17.609 0.027
4917.91604 17.594 0.033
4921.73663 17.611 0.032
4921.75318 17.698 0.031
4921.78846 17.651 0.029
4925.72342 17.671 0.034
4925.83975 17.657 0.027
4926.71657 17.546 0.037
4927.73958 17.876 0.047
4927.89425 17.909 0.045
4928.78804 17.712 0.036
4929.73467 17.655 0.039
4930.72666 17.601 0.036
4930.87452 17.726 0.038
4931.77082 17.677 0.036
4932.70492 17.862 0.041
4932.90407 17.717 0.032
4933.72080 17.651 0.043
4933.73961 17.642 0.043
4933.89851 17.697 0.037
4934.81945 17.646 0.033
4938.72038 17.630 0.032
4939.68121 17.828 0.043
4940.68120 17.620 0.032
4941.87629 17.715 0.034
4942.69767 17.622 0.030
4942.76962 17.666 0.027
4942.80942 17.637 0.026
4943.71005 17.615 0.028
4943.86688 17.791 0.034
4944.72147 17.583 0.024
4944.87629 17.678 0.026
4945.66662 17.615 0.038
4946.68925 17.653 0.028
4947.68006 17.616 0.028
4948.65971 17.685 0.035
4950.65045 17.653 0.033
4952.78332 17.552 0.028
4953.68354 17.613 0.028
4954.66225 17.595 0.032
4954.72836 17.634 0.033
4955.66299 17.533 0.036
4955.83135 17.727 0.037
