2124.50649 18.608 0.056
2128.53117 18.835 0.030
2131.53058 18.716 0.032
2135.50167 18.740 0.033
2138.52761 19.023 0.054
2142.50675 18.591 0.039
2171.61970 18.923 0.054
2345.85512 18.760 0.033
2356.84826 18.675 0.031
2379.79574 18.586 0.036
2385.80331 18.800 0.031
2389.80640 18.664 0.034
2396.85135 18.675 0.040
2401.89561 18.671 0.038
2403.70343 18.609 0.026
2411.69787 18.570 0.036
2426.62808 18.684 0.042
2432.62192 18.888 0.059
2434.86898 18.671 0.040
2436.86386 18.873 0.048
2438.87411 18.755 0.039
2439.77852 18.885 0.035
2445.87116 19.080 0.066
2453.68772 18.868 0.038
2455.68072 19.139 0.048
2456.57914 18.506 0.032
2458.66660 18.647 0.028
2462.54548 18.818 0.030
2463.74598 18.682 0.025
2464.58222 18.653 0.030
2464.62167 18.662 0.027
2465.53650 18.636 0.033
2466.51454 18.652 0.035
2467.54589 18.522 0.026
2468.65476 18.701 0.025
2469.81119 18.729 0.034
2471.50147 18.815 0.039
2473.75103 18.748 0.039
2484.52612 18.668 0.042
2488.58781 19.018 0.063
2489.59594 18.668 0.030
2489.64853 18.617 0.027
2492.60130 18.719 0.043
2494.64872 19.070 0.047
2496.71042 18.583 0.032
2499.48535 18.746 0.041
2501.51761 18.840 0.043
2516.55391 18.830 0.045
2519.55232 18.765 0.042
2524.59724 18.869 0.039
2528.54288 18.833 0.049
2539.54601 18.722 0.043
2545.50835 18.773 0.043
2554.49993 18.853 0.057
2560.54929 18.647 0.068
2710.91253 18.585 0.042
2725.90692 18.732 0.035
2731.84607 18.597 0.029
2747.90488 18.618 0.044
2758.88335 18.834 0.065
2764.89230 18.607 0.034
2769.71023 18.916 0.038
2783.68256 18.630 0.025
2785.61958 18.745 0.039
2787.67670 18.741 0.033
2789.88265 18.968 0.048
2791.86398 18.882 0.050
2793.92541 18.591 0.050
2796.91752 18.915 0.043
2797.82139 18.725 0.032
2809.61431 18.744 0.036
2811.60336 18.998 0.069
2813.54634 19.016 0.068
2815.55629 18.760 0.043
2817.59631 18.602 0.039
2819.69394 18.736 0.031
2821.76131 18.822 0.044
2834.62481 18.626 0.039
2836.57798 18.610 0.038
2838.59067 18.739 0.042
2840.60573 18.840 0.035
2842.50265 18.838 0.044
2844.56114 18.706 0.029
2847.61478 18.801 0.055
2851.48091 18.672 0.033
2853.48597 18.916 0.042
2855.58243 18.638 0.042
2857.66793 18.732 0.040
2860.54633 19.018 0.079
2861.53046 18.818 0.050
2864.59821 18.669 0.068
2867.53130 18.723 0.041
2870.59151 18.724 0.035
2876.50903 18.618 0.036
2882.53745 18.647 0.030
2885.58886 18.853 0.067
2888.65284 18.757 0.096
2894.50826 18.670 0.038
2897.61446 18.706 0.043
2902.65051 19.037 0.075
2908.51554 18.813 0.056
2923.56132 18.780 0.046
2934.54474 18.896 0.058
3054.88680 18.721 0.037
