2125.53977 18.513 0.081
2129.62312 18.489 0.041
2132.56739 18.467 0.045
2135.70504 18.461 0.042
2140.66302 18.450 0.049
2144.54739 18.438 0.048
2160.53646 18.465 0.059
2168.60389 18.351 0.048
2187.51327 18.455 0.056
2206.50895 18.542 0.086
2331.84956 18.388 0.046
2346.89588 18.437 0.041
2358.81957 18.522 0.048
2365.91969 18.493 0.058
2372.78175 18.354 0.038
2382.90586 18.379 0.044
2386.84916 18.485 0.053
2390.79230 18.393 0.046
2397.75433 18.377 0.038
2401.77911 18.447 0.041
2403.83515 18.315 0.033
2405.80360 18.389 0.041
2414.78053 18.401 0.039
2416.75488 18.501 0.048
2424.84660 18.413 0.059
2428.74891 18.448 0.042
2432.79208 18.477 0.066
2434.65988 18.453 0.041
2436.70550 18.435 0.038
2438.68382 18.410 0.041
2440.78805 18.385 0.039
2443.69061 18.393 0.040
2445.57171 18.279 0.043
2448.54505 18.305 0.082
2453.80721 18.401 0.045
2459.49855 18.537 0.060
2463.47967 18.339 0.055
2464.70977 18.347 0.033
2467.61274 18.443 0.052
2469.62714 18.345 0.029
2471.63895 18.317 0.031
2473.60003 18.324 0.040
2483.66888 18.400 0.049
2486.65225 18.411 0.054
2490.61884 18.433 0.054
2493.57862 18.324 0.038
2495.65268 18.410 0.036
2497.70856 18.297 0.039
2499.75545 18.312 0.040
2502.49907 18.442 0.044
2508.59395 18.336 0.040
2512.55029 18.386 0.047
2517.65101 18.299 0.038
2520.50975 18.380 0.046
2526.60325 18.327 0.034
2537.58592 18.519 0.073
2541.58404 18.392 0.047
2547.52212 18.402 0.057
2556.51306 18.323 0.049
2563.54655 18.371 0.044
2574.52585 18.373 0.060
2705.88942 18.412 0.041
2706.85529 18.459 0.049
2714.83961 18.477 0.044
2728.86949 18.490 0.057
2733.85237 18.436 0.049
2752.89856 18.387 0.048
2756.86960 18.317 0.041
2760.83785 18.363 0.050
2766.86979 18.391 0.043
2770.75743 18.347 0.044
2783.75821 18.366 0.037
2785.86981 18.216 0.040
2786.87187 18.407 0.069
2789.67788 18.453 0.040
2791.64049 18.364 0.041
2794.79412 18.432 0.045
2796.74488 18.396 0.036
2808.88531 18.522 0.088
2809.88968 18.378 0.050
2810.81672 18.466 0.050
2811.85392 18.311 0.039
2815.77233 18.502 0.045
2817.72522 18.313 0.039
2818.78818 18.471 0.057
2820.66047 18.391 0.044
2826.67354 18.304 0.031
2834.71134 18.332 0.074
2835.82877 18.348 0.052
2837.56669 18.561 0.070
2839.60355 18.390 0.042
2841.62090 18.339 0.042
2843.55354 18.331 0.044
2845.58896 18.293 0.046
2849.74146 18.444 0.050
2849.76907 18.462 0.058
2851.75184 18.427 0.054
2853.75469 18.293 0.055
2856.64343 18.394 0.046
2858.61879 18.363 0.057
2859.61280 18.439 0.072
2860.74087 18.394 0.084
2863.57705 18.417 0.048
2866.66907 18.413 0.055
2869.66012 18.394 0.044
2872.65465 18.399 0.034
2877.62387 18.346 0.045
2883.59948 18.328 0.035
2890.65596 18.418 0.080
2892.58940 18.441 0.066
2896.61105 18.450 0.047
2902.57811 18.284 0.062
2907.55249 18.446 0.065
2917.54014 18.406 0.060
2922.51675 18.305 0.056
2923.52895 18.460 0.049
2924.52627 18.327 0.039
2925.51447 18.361 0.047
2926.54505 18.408 0.052
2927.51523 18.395 0.053
2928.52990 18.315 0.049
2929.52747 18.378 0.081
2934.52948 18.400 0.066
2941.52545 18.460 0.070
2943.49773 18.412 0.085
2945.52439 18.259 0.073
2946.49849 18.298 0.074
2947.53105 18.506 0.093
2949.50880 18.257 0.077
2950.50297 18.460 0.084
3051.84676 18.344 0.066
3058.84188 18.360 0.037
3063.83656 18.467 0.044
3067.84045 18.388 0.040
3070.79985 18.301 0.066
3072.87869 18.398 0.036
3075.77561 18.435 0.051
3079.83205 18.311 0.044
3082.79211 18.372 0.039
3084.84890 18.299 0.036
3086.77996 18.333 0.032
3087.89329 18.381 0.045
3089.80158 18.320 0.035
3091.76369 18.404 0.039
3096.79345 18.363 0.045
3098.80497 18.359 0.035
3100.86032 18.355 0.036
3102.81629 18.337 0.043
3103.89160 18.327 0.040
3106.76913 18.410 0.050
3107.91597 18.377 0.042
3109.73758 18.398 0.036
3110.77886 18.299 0.039
3112.74776 18.410 0.039
3113.81697 18.409 0.034
3115.81558 18.348 0.034
3118.87264 18.324 0.043
3125.80366 18.524 0.065
3126.83454 18.357 0.038
3127.74517 18.364 0.041
3128.76756 18.428 0.043
3129.74237 18.469 0.063
3130.92043 18.402 0.053
3131.77631 18.388 0.058
3134.71262 18.377 0.077
3135.80810 18.429 0.045
3137.86019 18.345 0.050
3138.81777 18.356 0.038
3139.81260 18.348 0.032
3140.81915 18.443 0.042
3142.71405 18.429 0.037
3144.73644 18.273 0.034
3146.70618 18.369 0.047
3151.69592 18.499 0.050
3152.70055 18.423 0.039
3152.91332 18.357 0.054
3153.70455 18.344 0.052
3154.75970 18.369 0.054
3156.74613 18.402 0.041
3158.80613 18.366 0.056
3162.75354 18.335 0.040
3162.93983 18.375 0.070
3163.93905 18.251 0.055
3164.67924 18.414 0.041
3165.80104 18.372 0.034
3166.83066 18.563 0.077
3168.71215 18.298 0.039
3168.92840 18.373 0.048
3169.66860 18.436 0.039
3170.74148 18.438 0.039
3171.69291 18.386 0.037
3172.67974 18.420 0.034
3174.65655 18.333 0.033
3175.65842 18.402 0.035
3176.70537 18.522 0.056
3178.72099 18.363 0.048
3179.59891 18.296 0.032
3179.85467 18.444 0.049
3180.64961 18.266 0.027
3182.71977 18.417 0.039
3185.80208 18.312 0.045
3193.81684 18.506 0.047
3194.63565 18.471 0.053
3195.61400 18.295 0.036
3196.68951 18.490 0.059
3196.77841 18.473 0.043
3196.79609 18.500 0.045
3196.85559 18.437 0.051
3197.48697 18.417 0.052
3197.58961 18.341 0.039
3197.65705 18.444 0.043
3197.73699 18.378 0.037
3197.80152 18.407 0.055
3198.66720 18.249 0.034
3199.57517 18.444 0.053
3199.72355 18.442 0.043
3201.49404 18.453 0.045
3202.58682 18.424 0.045
3203.71053 18.366 0.037
3204.70615 18.406 0.037
3205.63115 18.359 0.033
3206.61273 18.429 0.037
3210.60288 18.334 0.044
3211.67490 18.316 0.043
3212.64359 18.477 0.064
3217.59893 18.389 0.041
3218.59821 18.277 0.044
3219.65739 18.430 0.064
3223.59544 18.435 0.069
3224.64517 18.407 0.037
3226.55799 18.317 0.033
3228.51659 18.363 0.038
3229.57473 18.324 0.033
3230.61344 18.410 0.035
3231.51445 18.346 0.047
3232.48826 18.488 0.070
3239.52308 18.341 0.038
3240.60050 18.402 0.051
3241.60475 18.594 0.139
3244.70129 18.582 0.097
3245.48926 18.419 0.056
3246.59720 18.546 0.059
3247.66786 18.476 0.048
3248.66104 18.312 0.046
3250.60046 18.358 0.043
3253.59331 18.379 0.038
3256.57586 18.381 0.051
3259.56847 18.368 0.049
3264.51198 18.403 0.046
3266.59401 18.411 0.061
3272.54325 18.384 0.047
3274.57281 18.346 0.053
3278.54690 18.362 0.045
3281.48854 18.449 0.063
3287.55575 18.268 0.041
3292.54453 18.407 0.042
3415.87928 18.335 0.030
3420.87953 18.394 0.036
3425.85472 18.277 0.047
3428.86049 18.420 0.038
3430.89733 18.354 0.033
3442.83397 18.351 0.039
3444.88782 18.340 0.033
3446.91640 18.314 0.062
3449.81356 18.402 0.036
3452.83452 18.330 0.039
3454.88812 18.494 0.048
3457.82642 18.303 0.042
3459.77161 18.540 0.050
3468.82350 18.309 0.031
3469.83051 18.422 0.032
3471.91078 18.472 0.052
3473.82596 18.304 0.042
3476.71859 18.339 0.030
3478.78423 18.387 0.035
3479.92150 18.458 0.033
3481.76286 18.350 0.033
3483.89647 18.323 0.036
3484.72142 18.295 0.047
3496.79786 18.451 0.047
3497.73557 18.336 0.041
3499.92552 18.338 0.032
3500.79461 18.376 0.035
3501.78838 18.279 0.033
3502.76128 18.400 0.031
3503.73032 18.309 0.030
3504.81998 18.391 0.035
3506.88496 18.499 0.042
3508.83560 18.415 0.045
3509.78531 18.384 0.041
3511.74290 18.331 0.039
3512.78656 18.386 0.052
3517.86001 18.333 0.045
3520.81425 18.462 0.049
3521.62394 18.390 0.033
3522.67828 18.408 0.034
3523.72036 18.387 0.029
3524.70916 18.383 0.043
3525.69105 18.389 0.031
3526.77350 18.329 0.034
3527.77840 18.504 0.038
3528.72119 18.367 0.033
3528.78286 18.478 0.048
3529.61114 18.372 0.032
3529.64325 18.415 0.033
3529.78366 18.483 0.036
3529.85427 18.398 0.035
3529.91247 18.403 0.041
3530.55735 18.384 0.039
3530.63306 18.343 0.027
3530.68629 18.327 0.027
3530.81641 18.434 0.034
3530.88468 18.371 0.032
3536.87733 18.099 0.034
3536.89306 18.148 0.040
3537.68183 18.349 0.043
3538.66494 18.357 0.041
3541.81548 18.340 0.037
3547.70700 18.478 0.052
3550.58104 18.344 0.044
3551.77046 18.323 0.033
3552.60759 18.399 0.034
3553.74012 18.428 0.053
3554.77708 18.436 0.055
3555.75125 18.257 0.032
3556.81699 18.372 0.053
3558.47991 18.270 0.041
3558.77917 18.481 0.045
3559.54762 18.528 0.067
3560.51063 18.516 0.041
3561.48803 18.323 0.043
3562.53457 18.320 0.033
3563.58956 18.256 0.032
3564.61768 18.368 0.043
3569.50574 18.427 0.073
3573.58294 18.478 0.058
3574.63942 18.650 0.059
3575.62445 18.384 0.034
3576.60471 18.422 0.043
3577.66683 18.322 0.035
3578.61387 18.426 0.036
3579.57110 18.374 0.033
3580.59256 18.365 0.037
3581.62088 18.303 0.036
3582.56914 18.413 0.041
3583.58614 18.517 0.039
3584.59513 18.375 0.030
3585.58532 18.400 0.033
3586.63118 18.387 0.034
3589.62397 18.390 0.028
3590.59268 18.316 0.030
3591.65460 18.414 0.033
3593.52756 18.291 0.031
3594.64362 18.286 0.031
3601.57606 18.326 0.036
3602.59301 18.429 0.038
3603.59009 18.257 0.035
3604.59397 18.493 0.053
3606.60967 18.373 0.050
3607.58206 18.557 0.040
3608.59093 18.372 0.042
3615.50372 18.458 0.040
3618.62842 18.342 0.039
3620.51683 18.367 0.031
3622.49584 18.436 0.047
3628.62459 18.478 0.063
3630.50997 18.395 0.058
3631.64017 18.333 0.058
3633.49529 18.405 0.054
3637.58529 18.300 0.049
3639.60258 18.397 0.038
3641.49758 18.321 0.047
3643.57408 18.507 0.080
3648.48999 18.397 0.045
3651.54597 18.361 0.066
3654.49904 18.371 0.067
3656.49583 18.432 0.056
3658.52987 18.496 0.072
3661.52777 18.370 0.070
3668.50082 18.392 0.055
3674.51462 18.390 0.058
3775.85940 18.431 0.051
3780.88419 18.398 0.045
3786.85818 18.367 0.053
3787.83305 18.498 0.059
3790.86369 18.218 0.044
3792.86033 18.352 0.030
3794.81729 18.379 0.045
3795.89659 18.367 0.039
3797.89679 18.305 0.035
3799.85167 18.420 0.050
3800.87801 18.431 0.040
3801.86017 18.304 0.036
3802.82576 18.310 0.035
3803.86100 18.453 0.038
3805.77711 18.504 0.053
3806.79720 18.358 0.038
3807.81093 18.291 0.045
3808.77063 18.494 0.055
3809.77344 18.371 0.044
3810.81804 18.247 0.038
3811.81405 18.392 0.049
3812.80575 18.378 0.050
3813.77835 18.342 0.038
3814.79862 18.368 0.040
3817.82901 18.361 0.042
3818.86080 18.427 0.036
3819.77645 18.289 0.029
3820.74670 18.485 0.041
3820.91417 18.461 0.045
3821.74716 18.462 0.042
3822.78930 18.305 0.040
3823.74815 18.361 0.039
3824.76287 18.421 0.046
3825.77647 18.300 0.049
3826.75637 18.436 0.042
3827.75764 18.266 0.047
3828.73894 18.328 0.052
3829.78779 18.390 0.039
3830.70165 18.307 0.041
3831.70556 18.332 0.033
3832.72655 18.410 0.037
3833.73203 18.339 0.031
3834.70492 18.369 0.051
3835.71074 18.545 0.052
3835.89679 18.378 0.033
3836.73914 18.457 0.047
3836.90675 18.351 0.036
3837.70566 18.439 0.062
3837.87791 18.340 0.031
3838.71312 18.502 0.069
3839.71447 18.382 0.058
3839.90098 18.440 0.055
3840.72645 18.319 0.040
3840.88524 18.367 0.038
3841.68440 18.521 0.070
3841.91577 18.429 0.044
3842.70003 18.385 0.087
3842.81651 18.344 0.036
3845.69410 18.354 0.085
3845.87675 18.548 0.097
3846.67454 18.289 0.041
3847.77131 18.307 0.052
3847.92660 18.476 0.069
3848.72625 18.418 0.042
3849.68998 18.380 0.041
3849.92486 18.358 0.040
3850.66821 18.441 0.041
3850.84119 18.360 0.042
3850.91274 18.552 0.049
3851.68192 18.320 0.040
3851.84769 18.365 0.048
3852.67319 18.317 0.042
3852.90166 18.285 0.043
3853.66146 18.511 0.053
3853.82909 18.400 0.029
3853.90054 18.425 0.032
3854.70124 18.531 0.046
3855.69542 18.287 0.032
3856.65143 18.365 0.037
3856.81783 18.324 0.036
3857.88766 18.384 0.034
3858.67400 18.573 0.049
3859.76565 18.291 0.038
3860.78672 18.434 0.056
3860.93400 18.367 0.047
3861.64032 18.410 0.048
3861.74726 18.275 0.034
3862.63747 18.447 0.046
3862.83336 18.362 0.032
3862.90941 18.314 0.037
3863.66095 18.372 0.041
3863.88121 18.330 0.031
3864.63857 18.283 0.040
3864.84146 18.353 0.030
3865.70888 18.435 0.042
3865.85143 18.471 0.040
3865.92149 18.334 0.031
3866.66054 18.277 0.037
3866.80012 18.334 0.034
3866.87006 18.375 0.038
3867.67542 18.460 0.042
3867.86102 18.339 0.037
3867.93444 18.351 0.040
3868.68335 18.367 0.048
3868.82736 18.384 0.047
3868.90719 18.479 0.055
3869.66025 18.402 0.042
3869.84262 18.349 0.045
3872.74472 18.364 0.035
3873.66643 18.369 0.037
3873.80872 18.390 0.035
3873.88059 18.238 0.038
3874.71828 18.311 0.040
3874.89227 18.471 0.042
3875.67815 18.452 0.032
3875.83386 18.302 0.032
3875.92427 18.401 0.036
3876.59879 18.371 0.034
3877.68285 18.402 0.031
3877.83163 18.498 0.042
3877.90569 18.479 0.051
3879.63883 18.267 0.031
3880.80809 18.414 0.039
3880.88716 18.374 0.038
3881.63358 18.350 0.039
3881.84915 18.309 0.030
3881.89577 18.362 0.033
3882.61855 18.333 0.034
3882.77203 18.446 0.040
3882.84592 18.349 0.036
3882.91469 18.327 0.034
3883.60197 18.350 0.051
3883.80310 18.444 0.039
3886.56511 18.264 0.040
3886.76663 18.380 0.036
3886.84192 18.407 0.036
3886.93984 18.328 0.046
3887.61917 18.419 0.041
3887.74567 18.363 0.036
3887.84977 18.478 0.040
3887.92184 18.431 0.043
3888.92668 18.319 0.044
3889.63320 18.307 0.038
3889.90810 18.403 0.041
3890.67583 18.459 0.035
3891.64258 18.377 0.039
3891.76435 18.338 0.044
3891.84656 18.263 0.034
3892.66149 18.359 0.041
3892.89243 18.351 0.040
3893.57721 18.402 0.054
3893.82076 18.463 0.053
3893.92846 18.417 0.058
3894.63693 18.428 0.046
3894.85277 18.374 0.045
3896.57346 18.249 0.052
3896.83082 18.511 0.072
3900.50128 18.373 0.055
3900.68669 18.368 0.042
3900.77101 18.394 0.042
3900.83951 18.262 0.037
3901.50363 18.463 0.057
3901.51611 18.387 0.054
3901.69226 18.380 0.038
3901.77001 18.408 0.039
3901.84311 18.322 0.046
3902.52764 18.172 0.041
3902.71415 18.341 0.033
3902.81707 18.449 0.047
3903.62499 18.327 0.031
3903.86482 18.412 0.043
3904.52695 18.390 0.046
3904.68943 18.350 0.028
3904.75890 18.410 0.037
3904.83169 18.342 0.034
3905.51702 18.359 0.042
3905.52381 18.341 0.042
3905.63069 18.431 0.036
3905.70018 18.330 0.037
3905.77045 18.364 0.031
3905.83902 18.351 0.031
3906.53168 18.272 0.044
3906.72458 18.397 0.035
3906.75330 18.387 0.036
3906.79414 18.366 0.038
3906.82055 18.330 0.040
3906.84649 18.326 0.040
3906.86471 18.299 0.045
3906.88627 18.222 0.043
3906.90356 18.400 0.044
3907.51382 18.348 0.054
3907.58872 18.309 0.036
3907.75130 18.503 0.063
3907.83573 18.368 0.046
3908.50397 18.315 0.048
3908.69001 18.286 0.032
3908.76775 18.377 0.035
3908.85045 18.316 0.035
3909.50359 18.310 0.057
3909.68202 18.356 0.028
3909.77675 18.333 0.031
3909.85639 18.348 0.039
3910.52132 18.400 0.049
3912.49855 18.357 0.036
3912.68993 18.390 0.026
3912.78128 18.311 0.027
3912.86916 18.357 0.036
3913.49140 18.339 0.033
3913.69330 18.258 0.031
3913.78877 18.397 0.035
3913.87478 18.333 0.042
3914.51740 18.396 0.048
3914.74900 18.269 0.034
3915.49314 18.401 0.046
3915.69745 18.393 0.035
3915.78935 18.446 0.037
3916.53789 18.432 0.052
3916.83375 18.344 0.040
3917.53884 18.385 0.046
3917.78884 18.487 0.054
3918.51613 18.437 0.054
3918.78573 18.389 0.048
3919.49096 18.367 0.048
3919.72342 18.243 0.028
3920.48072 18.457 0.054
3920.67731 18.359 0.043
3920.75935 18.405 0.032
3921.48072 18.340 0.043
3921.67819 18.510 0.061
3921.76646 18.274 0.048
3922.67268 18.578 0.060
3930.47819 18.288 0.042
3930.73724 18.213 0.049
3931.46572 18.353 0.053
3932.49727 18.459 0.049
3932.77258 18.398 0.043
3933.47516 18.391 0.038
3933.66664 18.374 0.029
3933.74362 18.371 0.036
3934.46103 18.349 0.066
3934.67787 18.446 0.036
3934.74686 18.377 0.039
3935.46519 18.472 0.081
3935.50412 18.305 0.042
3935.67790 18.399 0.048
3935.75087 18.401 0.042
3936.46435 18.417 0.072
3936.62965 18.479 0.038
3936.70623 18.253 0.033
3937.47060 18.653 0.070
3937.74763 18.307 0.044
3938.46898 18.355 0.059
3938.65682 18.460 0.044
3938.74584 18.452 0.044
3939.53650 18.196 0.029
3940.65474 18.329 0.033
3940.78554 18.349 0.035
3942.52237 18.368 0.047
3944.50165 18.288 0.037
3945.48517 18.392 0.042
3945.68475 18.343 0.032
3945.74059 18.411 0.042
3946.48651 18.414 0.046
3946.67285 18.499 0.039
3946.75025 18.302 0.037
3950.48459 18.407 0.042
3950.69431 18.358 0.033
3951.48441 18.336 0.043
3951.71693 18.352 0.040
3955.50501 18.645 0.087
3956.51541 18.677 0.084
3957.47758 18.321 0.038
3959.47302 18.440 0.059
3959.65544 18.391 0.042
3960.47038 18.411 0.056
3960.64940 18.354 0.030
3960.72153 18.254 0.035
3961.52685 18.474 0.049
3963.50306 18.302 0.040
3963.67465 18.349 0.034
3964.48737 18.533 0.048
3964.69603 18.254 0.035
3965.47636 18.364 0.039
3965.66892 18.365 0.032
3966.50262 18.300 0.041
3966.65934 18.321 0.037
3967.48788 18.332 0.050
3967.68169 18.421 0.038
3968.46820 18.477 0.066
3968.64004 18.351 0.038
3968.70923 18.333 0.040
3969.49671 18.369 0.047
3969.65049 18.426 0.044
3970.47735 18.379 0.045
3970.65830 18.455 0.043
3971.50014 18.490 0.059
3971.69156 18.622 0.048
3973.54120 18.221 0.042
3974.47706 18.423 0.053
3974.65616 18.387 0.040
3975.47461 18.422 0.063
3975.65124 18.403 0.041
3976.47652 18.353 0.038
3976.64375 18.353 0.047
3979.47100 18.570 0.092
3982.53567 18.379 0.051
3983.48613 18.317 0.060
3986.54928 18.318 0.048
3987.47730 18.353 0.055
3987.63816 18.410 0.041
3988.47977 18.352 0.037
3990.61132 18.308 0.047
3993.58132 18.355 0.044
3995.53799 18.411 0.039
3996.53645 18.294 0.050
3999.55873 18.319 0.039
4003.50933 18.377 0.041
4004.48458 18.285 0.035
4006.49134 18.400 0.054
4011.58807 18.316 0.060
4012.53939 18.425 0.054
4016.48686 18.265 0.045
4018.49425 18.381 0.057
4020.50145 18.352 0.053
4023.51034 18.379 0.065
4025.52980 18.337 0.042
4027.53468 18.384 0.051
4030.52648 18.124 0.044
4036.50772 18.562 0.086
4039.52133 18.240 0.052
4042.51888 18.574 0.081
4140.87575 18.343 0.066
4149.86860 18.446 0.049
4153.85494 18.389 0.042
4155.89092 18.344 0.042
4158.85289 18.313 0.039
4161.81967 18.361 0.055
4162.90220 18.391 0.050
4164.80937 18.355 0.047
4165.88974 18.282 0.066
4167.89376 18.253 0.038
4169.89733 18.386 0.041
4174.89978 18.351 0.040
4176.87327 18.302 0.036
4178.76554 18.435 0.049
4179.82441 18.351 0.038
4180.90373 18.293 0.048
4182.80556 18.342 0.033
4182.90568 18.388 0.033
4183.75055 18.371 0.041
4183.84172 18.443 0.042
4184.75338 18.360 0.046
4184.83752 18.331 0.039
4184.88216 18.384 0.036
4184.91632 18.431 0.045
4185.74994 18.411 0.046
4185.78017 18.423 0.042
4185.81402 18.316 0.036
4185.85510 18.365 0.043
4185.85811 18.334 0.040
4186.90472 18.360 0.051
4187.84643 18.448 0.056
4187.86727 18.483 0.056
4187.87111 18.466 0.056
4187.88133 18.467 0.056
4187.89452 18.411 0.047
4187.90653 18.390 0.049
4187.91987 18.302 0.051
4189.80123 18.456 0.061
4189.83970 18.417 0.048
4189.87909 18.323 0.042
4189.88515 18.301 0.046
4189.91612 18.309 0.045
4190.73787 18.320 0.046
4190.77277 18.339 0.050
4190.80234 18.377 0.057
4190.83623 18.364 0.044
4190.86797 18.443 0.042
4190.89829 18.324 0.037
4190.91708 18.422 0.045
4191.76707 18.290 0.050
4191.79918 18.363 0.051
4191.84784 18.351 0.055
4191.90249 18.334 0.051
4192.76306 18.368 0.057
4192.81814 18.295 0.048
4193.77872 18.350 0.050
4194.76249 18.388 0.048
4196.75276 18.329 0.057
4197.76371 18.272 0.059
4202.73419 18.389 0.051
4203.72234 18.427 0.037
4203.90675 18.449 0.038
4204.71062 18.349 0.047
4205.71109 18.264 0.041
4207.70056 18.358 0.047
4207.87525 18.277 0.032
4208.72270 18.315 0.040
4209.75539 18.336 0.035
4211.73533 18.417 0.057
4212.89665 18.426 0.058
4212.91382 18.481 0.056
4213.72931 18.431 0.044
4215.71928 18.355 0.043
4216.67661 18.354 0.047
4216.86565 18.290 0.029
4217.68222 18.294 0.036
4218.70643 18.423 0.051
4219.72788 18.404 0.054
4220.66484 18.525 0.070
4221.68219 18.396 0.051
4222.88513 18.371 0.040
4223.66917 18.317 0.050
4224.75992 18.333 0.051
4228.65418 18.322 0.055
4228.88586 18.377 0.053
4229.64892 18.370 0.055
4229.84602 18.303 0.040
4229.90760 18.295 0.036
4230.65876 18.423 0.041
4230.84674 18.424 0.046
4230.90849 18.340 0.058
4231.64312 18.275 0.040
4231.81856 18.282 0.035
4231.91148 18.432 0.051
4232.72595 18.469 0.053
4232.89297 18.321 0.051
4233.75358 18.408 0.054
4234.68310 18.353 0.048
4234.92315 18.521 0.056
4235.86817 18.368 0.040
4237.66540 18.402 0.051
4238.70690 18.327 0.038
4238.85287 18.298 0.041
4238.91459 18.192 0.043
4239.59729 18.482 0.070
4240.65432 18.388 0.042
4240.77372 18.308 0.037
4240.91688 18.481 0.053
4243.61686 18.347 0.053
4243.71315 18.392 0.046
4243.80662 18.357 0.043
4243.92442 18.422 0.052
4244.59270 18.231 0.050
4244.68503 18.299 0.042
4244.78161 18.410 0.040
4245.58538 18.341 0.035
4245.67911 18.327 0.035
4245.77228 18.387 0.034
4246.64412 18.337 0.042
4246.73714 18.371 0.045
4246.83041 18.377 0.043
4247.62710 18.291 0.043
4247.78018 18.423 0.040
4250.70744 18.390 0.049
4251.77901 18.426 0.069
4256.59421 18.299 0.059
4256.74072 18.418 0.063
4256.83891 18.376 0.058
4257.62614 18.384 0.055
4258.61024 18.320 0.053
4258.73291 18.257 0.040
4258.82817 18.339 0.047
4267.56960 18.313 0.053
4268.75766 18.298 0.036
4268.87803 18.403 0.054
4269.55256 18.416 0.049
4269.67363 18.298 0.036
4269.76437 18.390 0.041
4270.54808 18.335 0.048
4272.61653 18.291 0.039
4272.76568 18.439 0.046
4272.83718 18.276 0.041
4273.59349 18.349 0.062
4273.77437 18.325 0.042
4273.83415 18.439 0.059
4274.58597 18.291 0.050
4274.74057 18.388 0.046
4274.79966 18.353 0.045
4275.57868 18.351 0.049
4275.75415 18.420 0.052
4275.81261 18.338 0.051
4275.87374 18.340 0.061
4276.55668 18.318 0.058
4277.50731 18.360 0.059
4277.68251 18.443 0.044
4277.74297 18.350 0.048
4277.80160 18.273 0.050
4278.54111 18.444 0.067
4278.72836 18.445 0.066
4278.80134 18.374 0.066
4283.48679 18.379 0.054
4283.68769 18.484 0.099
4283.69344 18.407 0.048
4284.48184 18.289 0.054
4284.71229 18.431 0.044
4284.77451 18.377 0.044
4284.83959 18.296 0.055
4285.48033 18.306 0.058
4285.67218 18.401 0.048
4285.73690 18.352 0.044
4285.80243 18.484 0.056
4286.48061 18.569 0.086
4286.76384 18.313 0.052
4286.77020 18.388 0.050
4286.85138 18.330 0.064
4289.48115 18.338 0.060
4289.50797 18.406 0.058
4289.53237 18.303 0.046
4289.55400 18.388 0.055
4289.58776 18.370 0.053
4289.63610 18.373 0.055
4289.67454 18.457 0.062
4289.70697 18.430 0.052
4289.72651 18.300 0.042
4289.75138 18.364 0.050
4289.77272 18.277 0.040
4289.79172 18.272 0.042
4289.81611 18.320 0.051
4289.83955 18.351 0.049
4290.53819 18.352 0.051
4290.57845 18.291 0.049
4290.75404 18.374 0.052
4291.57188 18.395 0.057
4291.64112 18.357 0.037
4291.76354 18.363 0.048
4292.46684 18.382 0.060
4292.64494 18.391 0.036
4292.70459 18.378 0.036
4292.76330 18.341 0.031
4292.82647 18.305 0.045
4293.46716 18.341 0.050
4293.67309 18.381 0.037
4293.73186 18.458 0.039
4293.80950 18.291 0.040
4294.46646 18.343 0.061
4295.46296 18.374 0.077
4295.67151 18.426 0.037
4295.73018 18.299 0.032
4295.80720 18.324 0.041
4296.46928 18.434 0.060
4296.65671 18.366 0.033
4296.74359 18.354 0.036
4297.46448 18.349 0.062
4297.69193 18.327 0.038
4297.75364 18.292 0.037
4298.52478 18.342 0.037
4298.63009 18.417 0.041
4298.72411 18.356 0.040
4299.50760 18.477 0.047
4299.60095 18.372 0.038
4299.69318 18.382 0.040
4299.78335 18.359 0.041
4300.49862 18.335 0.044
4300.62291 18.355 0.034
4300.71932 18.385 0.040
4301.49354 18.359 0.042
4301.58583 18.356 0.036
4301.68250 18.380 0.038
4301.78102 18.309 0.035
4302.54637 18.311 0.045
4302.66121 18.411 0.049
4303.64038 18.421 0.048
4304.52732 18.354 0.062
4304.63672 18.453 0.048
4305.65251 18.386 0.051
4306.51256 18.326 0.063
4306.65209 18.342 0.042
4307.75266 18.292 0.045
4310.75849 18.369 0.060
4311.72810 18.328 0.058
4312.49792 18.224 0.049
4312.69312 18.354 0.051
4312.79070 18.342 0.048
4314.49148 18.347 0.039
4315.53207 18.396 0.043
4316.56094 18.349 0.036
4317.48334 18.329 0.040
4317.68232 18.533 0.045
4319.49239 18.371 0.053
4319.74686 18.330 0.050
4320.50790 18.290 0.042
4326.47095 18.391 0.059
4327.56358 18.355 0.049
4328.49085 18.343 0.042
4328.66780 18.294 0.043
4329.50182 18.256 0.041
4329.64963 18.432 0.047
4329.70845 18.223 0.046
4330.51358 18.376 0.039
4330.66456 18.358 0.041
4331.49378 18.333 0.045
4331.66028 18.372 0.043
4332.47148 18.425 0.056
4333.50256 18.474 0.056
4333.66363 18.282 0.037
4334.47580 18.057 0.075
4334.57337 18.497 0.091
4338.47426 18.360 0.055
4339.49544 18.420 0.051
4339.66652 18.407 0.054
4340.56403 18.338 0.058
4341.47634 18.267 0.063
4342.47236 18.453 0.096
4342.50517 18.406 0.045
4343.47373 18.285 0.048
4343.68146 18.381 0.052
4344.51239 18.344 0.058
4345.47777 18.500 0.060
4346.48640 18.353 0.050
4347.50521 18.371 0.054
4348.47904 18.434 0.054
4349.67176 18.344 0.045
4350.50081 18.443 0.050
4351.47573 18.396 0.060
4352.48686 18.445 0.058
4353.48341 18.287 0.039
4354.51218 18.350 0.038
4355.50276 18.439 0.048
4356.48026 18.346 0.042
4357.56347 18.331 0.057
4358.52069 18.514 0.062
4359.48072 18.215 0.043
4361.54256 18.346 0.061
4362.47792 18.344 0.058
4365.52535 18.595 0.074
4367.51068 18.420 0.048
4368.54684 18.523 0.061
4369.48512 18.391 0.064
4370.53135 18.316 0.037
4371.50608 18.320 0.042
4372.48186 18.432 0.052
4373.55719 18.338 0.049
4375.50767 18.315 0.059
4377.58132 18.289 0.056
4378.49138 18.350 0.045
4379.50676 18.285 0.063
4380.51826 18.413 0.045
4381.49624 18.331 0.063
4382.58475 18.348 0.054
4383.50977 18.397 0.046
4384.54672 18.392 0.054
4387.52846 18.422 0.054
4393.50404 18.359 0.040
4394.56149 18.284 0.054
4395.53290 18.353 0.062
4396.54540 18.395 0.077
4397.50422 18.315 0.052
4398.51188 18.442 0.056
4399.54750 18.424 0.059
4400.50683 18.348 0.059
4402.52147 18.375 0.062
4403.52242 18.327 0.061
4409.53989 18.384 0.073
4411.52740 18.510 0.077
4505.88583 18.384 0.050
4509.85811 18.626 0.049
4513.83438 18.399 0.047
4517.82843 18.389 0.071
4519.81441 18.307 0.065
4522.84324 18.404 0.066
4524.82690 18.319 0.051
4525.88705 18.308 0.047
4530.78907 18.290 0.037
4532.90778 18.385 0.065
4533.81783 18.451 0.044
4535.87281 18.334 0.049
4537.77242 18.426 0.050
4538.86639 18.344 0.043
4539.82756 18.455 0.041
4540.83746 18.288 0.035
4541.76652 18.477 0.045
4542.76108 18.233 0.048
4543.75668 18.310 0.045
4544.75354 18.436 0.058
4545.74022 18.522 0.076
4546.74690 18.381 0.054
4547.76105 18.352 0.047
4548.81394 18.446 0.048
4550.78617 18.344 0.047
4551.73252 18.339 0.047
4552.77611 18.360 0.094
4556.72802 18.459 0.047
4556.91824 18.415 0.043
4557.74638 18.407 0.049
4558.76659 18.324 0.035
4559.71945 18.446 0.041
4559.90842 18.417 0.040
4560.71574 18.427 0.048
4560.90849 18.374 0.034
4561.71223 18.304 0.039
4561.89780 18.326 0.031
4564.70245 18.295 0.040
4564.90272 18.288 0.032
4565.70059 18.414 0.036
4565.89119 18.382 0.030
4566.69993 18.349 0.039
4566.89245 18.328 0.032
4567.69210 18.402 0.053
4567.89886 18.385 0.037
4568.69766 18.418 0.049
4569.70732 18.360 0.049
4569.91688 18.292 0.037
4570.69525 18.352 0.046
4570.92529 18.447 0.049
4571.68638 18.425 0.060
4571.88437 18.362 0.033
4572.69820 18.308 0.058
4573.71203 18.286 0.046
4573.92049 18.346 0.035
4574.71444 18.432 0.050
4575.71986 18.370 0.045
4576.72755 18.319 0.045
4577.80900 18.292 0.037
4578.76276 18.453 0.054
4579.83948 18.351 0.043
4583.70647 18.389 0.052
4583.88723 18.344 0.040
4585.72696 18.343 0.049
4586.73488 18.412 0.056
4587.73806 18.414 0.055
4587.90156 18.406 0.051
4588.70831 18.383 0.052
4589.69059 18.410 0.047
4589.84592 18.484 0.052
4589.90795 18.337 0.048
4590.66797 18.309 0.041
4590.87367 18.329 0.039
4591.67982 18.321 0.045
4591.85183 18.338 0.039
4591.91393 18.308 0.042
4592.63825 18.429 0.049
4592.82748 18.368 0.047
4592.89088 18.402 0.044
4593.62756 18.363 0.047
4593.83709 18.376 0.039
4593.89915 18.432 0.042
4594.64863 18.360 0.055
4594.84335 18.274 0.039
4594.90551 18.393 0.041
4595.63178 18.481 0.070
4595.83225 18.414 0.043
4595.89433 18.466 0.050
4596.62738 18.274 0.041
4596.90705 18.365 0.043
4597.65786 18.352 0.044
4597.84918 18.318 0.037
4597.92025 18.383 0.048
4598.62762 18.400 0.035
4598.87247 18.370 0.035
4599.60644 18.439 0.056
4599.81050 18.334 0.035
4600.61560 18.244 0.036
4600.82917 18.343 0.035
4600.92224 18.288 0.040
4601.62121 18.410 0.043
4601.83760 18.397 0.035
4601.89949 18.365 0.036
4601.94199 18.334 0.065
4602.60863 18.379 0.042
4602.81932 18.254 0.033
4602.92805 18.392 0.046
4603.74126 18.419 0.041
4606.60901 18.383 0.054
4610.70991 18.415 0.080
4610.91729 18.407 0.072
4611.60081 18.393 0.059
4611.83370 18.365 0.038
4612.62218 18.233 0.046
4615.76387 18.365 0.046
4616.57292 18.375 0.056
4616.78939 18.316 0.036
4616.85914 18.352 0.042
4617.63324 18.383 0.041
4618.58442 18.344 0.048
4620.63788 18.561 0.072
4621.67047 18.422 0.036
4622.76618 18.504 0.048
4622.88442 18.303 0.045
4623.59780 18.487 0.055
4623.83816 18.405 0.050
4623.90907 18.357 0.064
4624.54992 18.374 0.059
4624.78181 18.442 0.046
4624.84840 18.390 0.042
4624.91741 18.352 0.049
4625.57610 18.399 0.051
4625.76425 18.365 0.048
4625.85812 18.382 0.049
4626.55995 18.309 0.053
4626.82647 18.328 0.038
4627.53147 18.379 0.045
4627.79998 18.307 0.030
4627.88663 18.411 0.036
4628.56475 18.431 0.046
4628.72854 18.391 0.038
4628.79412 18.556 0.050
4628.85607 18.350 0.038
4629.57623 18.373 0.050
4629.79765 18.423 0.045
4629.87997 18.376 0.039
4630.53144 18.222 0.045
4630.74150 18.386 0.036
4630.81958 18.325 0.040
4630.88770 18.418 0.043
4631.75278 18.435 0.041
4631.83054 18.387 0.037
4631.90550 18.429 0.060
4632.53428 18.239 0.051
4632.79716 18.382 0.039
4633.54029 18.369 0.045
4633.64217 18.388 0.043
4633.76380 18.359 0.062
4638.72583 18.371 0.050
4638.82353 18.422 0.050
4639.53849 18.364 0.049
4639.64471 18.349 0.040
4639.82407 18.332 0.050
4640.56462 18.368 0.038
4640.69552 18.378 0.043
4640.80282 18.447 0.062
4641.58747 18.301 0.038
4641.74305 18.432 0.047
4642.56321 18.301 0.046
4642.72371 18.358 0.039
4642.80164 18.320 0.041
4642.87312 18.338 0.058
4643.51634 18.517 0.060
4643.84924 18.261 0.046
4644.63582 18.351 0.048
4644.81508 18.446 0.041
4645.49001 18.362 0.051
4645.74069 18.373 0.043
4645.81654 18.413 0.047
4645.88127 18.476 0.060
4646.49186 18.345 0.043
4647.48636 18.369 0.057
4647.71117 18.294 0.044
4647.80457 18.453 0.055
4648.51471 18.339 0.043
4648.60421 18.346 0.043
4648.68036 18.404 0.041
4648.83214 18.302 0.047
4649.49489 18.458 0.052
4649.70535 18.370 0.041
4649.81987 18.301 0.049
4650.52636 18.357 0.054
4650.74387 18.373 0.036
4650.82882 18.454 0.053
4651.48661 18.403 0.053
4651.73370 18.514 0.069
4652.47817 18.382 0.056
4652.68077 18.340 0.042
4652.76232 18.374 0.041
4652.81592 18.277 0.046
4653.47464 18.555 0.075
4653.69372 18.338 0.041
4653.75898 18.337 0.045
4654.50991 18.400 0.056
4654.70773 18.368 0.043
4654.78989 18.341 0.047
4655.47447 18.382 0.058
4655.69883 18.380 0.036
4655.76071 18.395 0.038
4656.47637 18.331 0.042
4656.66624 18.417 0.048
4656.78183 18.510 0.049
4657.55095 18.233 0.044
4658.63474 18.280 0.039
4659.53192 18.509 0.067
4660.52419 18.400 0.057
4661.46456 18.487 0.067
4661.66210 18.488 0.065
4661.72669 18.281 0.044
4661.79376 18.424 0.051
4665.63154 18.275 0.052
4665.75683 18.341 0.063
4666.47603 18.389 0.065
4666.66063 18.451 0.055
4666.76450 18.335 0.067
4666.79026 18.373 0.066
4667.52249 18.340 0.065
4669.58614 18.288 0.050
4670.54639 18.315 0.050
4670.62214 18.277 0.045
4671.54307 18.409 0.044
4671.75000 18.540 0.049
4672.47778 18.394 0.045
4672.74133 18.313 0.046
4672.78025 18.288 0.043
4674.48225 18.276 0.054
4677.46281 18.467 0.106
4677.60922 18.378 0.039
4677.69299 18.425 0.044
4678.65991 18.401 0.039
4679.55556 18.325 0.050
4681.50426 18.366 0.045
4681.60432 18.421 0.045
4682.47528 18.475 0.047
4682.55120 18.317 0.040
4682.72787 18.359 0.039
4683.47182 18.429 0.066
4683.68068 18.311 0.042
4683.74391 18.495 0.048
4684.47750 18.256 0.049
4684.74225 18.338 0.039
4685.51965 18.310 0.045
4686.47490 18.402 0.050
4687.50089 18.371 0.043
4687.71430 18.370 0.055
4688.47147 18.366 0.072
4688.66148 18.394 0.040
4688.72321 18.377 0.046
4693.53566 18.322 0.039
4694.51443 18.386 0.063
4697.47142 18.222 0.050
4697.69661 18.374 0.060
4698.47566 18.442 0.047
4699.47457 18.321 0.053
4700.48288 18.280 0.041
4701.47819 18.408 0.054
4701.66701 18.340 0.044
4702.47658 18.387 0.055
4703.47813 18.300 0.037
4704.56165 18.345 0.040
4705.48044 18.517 0.063
4707.58139 18.410 0.043
4708.51319 18.405 0.043
4709.48919 18.324 0.054
4710.51344 18.412 0.049
4711.49838 18.397 0.053
4715.56165 18.414 0.055
4716.47660 18.372 0.057
4720.50224 18.226 0.073
4721.50315 18.351 0.066
4722.61538 18.341 0.050
4724.48223 18.330 0.060
4725.55609 18.400 0.057
4726.52067 18.350 0.058
4728.56515 18.326 0.051
4729.50568 18.411 0.050
4731.52859 18.370 0.053
4733.48018 18.363 0.063
4734.49596 18.388 0.054
4737.51484 18.323 0.044
4738.55469 18.338 0.052
4739.55860 18.368 0.057
4740.52690 18.286 0.049
4741.49964 18.406 0.052
4743.50808 18.402 0.061
4750.57479 18.177 0.051
4756.49060 18.235 0.059
4765.49232 18.345 0.072
4866.88420 18.291 0.079
4867.86783 18.426 0.052
4870.86754 18.422 0.050
4872.87919 18.349 0.073
4876.84061 18.251 0.049
4883.84218 18.415 0.048
4884.82289 18.282 0.044
4886.87434 18.461 0.046
4890.85655 18.232 0.033
4896.84421 18.287 0.037
4899.81564 18.317 0.042
4900.79536 18.316 0.043
4901.85551 18.401 0.045
4902.85389 18.217 0.034
4904.77827 18.376 0.042
4905.88210 18.431 0.059
4910.78413 18.378 0.049
4911.75478 18.351 0.034
4912.75161 18.285 0.031
4914.75456 18.177 0.034
4918.75146 18.372 0.035
4924.71408 18.267 0.036
4925.76338 18.356 0.033
4925.87946 18.313 0.032
4926.72720 18.163 0.040
4927.79879 18.386 0.043
4928.70289 18.154 0.047
4929.70835 18.455 0.062
4929.84769 18.432 0.041
4930.76631 18.324 0.044
4931.68829 18.332 0.061
4931.81065 18.386 0.045
4932.76587 18.326 0.039
4933.68598 18.532 0.070
4933.81419 18.333 0.044
4934.78959 18.443 0.053
4938.69409 18.221 0.037
4938.79354 18.386 0.044
4939.71310 18.442 0.055
4939.81460 18.423 0.049
4940.71720 18.491 0.045
4941.69187 18.381 0.043
4941.81893 18.334 0.042
4942.67137 18.467 0.047
4942.84428 18.384 0.034
4943.68374 18.326 0.036
4943.74978 18.315 0.033
4944.68911 18.272 0.035
4944.76427 18.473 0.043
4945.68586 18.175 0.034
4945.81733 18.284 0.031
4946.74327 18.413 0.043
4947.69777 18.310 0.031
4948.85316 18.398 0.032
4949.64693 18.261 0.038
4950.68474 18.441 0.039
4951.67526 18.407 0.047
4952.79407 18.290 0.032
4953.65290 18.242 0.035
4953.75862 18.493 0.046
4954.67300 18.418 0.042
4954.77097 18.308 0.036
4955.67367 18.400 0.044
