2125.59317 18.878 0.071
2129.66946 18.848 0.034
2132.61206 18.901 0.043
2136.51675 18.913 0.059
2140.72332 18.933 0.068
2144.59867 18.765 0.044
2160.58276 18.846 0.056
2187.55809 19.143 0.079
2206.55161 19.309 0.145
2355.86799 18.822 0.036
2365.78713 18.786 0.053
2372.82622 19.012 0.040
2403.88130 18.907 0.039
2414.77043 18.984 0.043
2416.79986 18.707 0.042
2424.89520 18.843 0.108
2428.79477 19.008 0.055
2432.83918 18.909 0.058
2434.70507 18.775 0.040
2436.76114 19.085 0.046
2436.76777 19.042 0.044
2438.73095 19.052 0.045
2440.77094 18.759 0.031
2443.73199 18.977 0.048
2445.61303 19.111 0.048
2448.61649 18.884 0.053
2453.85926 18.935 0.058
2456.56713 18.770 0.051
2458.70311 18.745 0.037
2460.77779 19.045 0.068
2463.52471 18.863 0.043
2466.74036 18.735 0.043
2468.61264 18.840 0.038
2470.61605 18.733 0.039
2481.53080 19.052 0.098
2484.60493 18.733 0.043
2486.69769 19.076 0.071
2490.66428 18.783 0.048
2493.62645 18.909 0.048
2495.69783 18.701 0.037
2498.49125 18.691 0.030
2500.52671 19.022 0.052
2502.54873 18.846 0.038
2508.64811 18.619 0.047
2512.59552 18.981 0.050
2517.63743 18.943 0.043
2520.56423 18.761 0.036
2526.65325 18.841 0.040
2542.50027 18.980 0.072
2547.56766 18.740 0.045
2551.60637 18.768 0.056
2556.55872 18.915 0.083
2564.51581 19.027 0.065
2574.54958 18.620 0.047
2706.90429 18.923 0.050
2714.88451 18.945 0.043
2728.91545 18.832 0.049
2733.89660 18.800 0.049
2744.88276 18.752 0.032
2753.86848 19.048 0.045
2756.93947 18.926 0.072
2760.88243 18.810 0.045
2766.93558 18.765 0.055
2770.80787 18.851 0.054
2783.75105 18.846 0.035
2785.86305 19.109 0.070
2786.91642 19.047 0.066
2789.72832 18.973 0.038
2791.70780 19.182 0.050
2794.92637 19.046 0.066
2796.79367 18.812 0.033
2809.69990 18.858 0.038
2810.86678 18.797 0.052
2811.89985 18.745 0.059
2813.69535 19.015 0.049
2814.72317 18.710 0.035
2816.58065 18.903 0.042
2818.56817 18.750 0.037
2820.73327 18.814 0.043
2826.73377 19.059 0.045
2834.83843 18.903 0.191
2836.71477 18.837 0.050
2839.66033 19.090 0.059
2841.68950 18.796 0.043
2843.60864 19.043 0.052
2845.63793 18.737 0.043
2850.49867 19.073 0.053
2852.51544 18.741 0.044
2854.51543 18.807 0.049
2856.69816 18.865 0.065
2858.66350 18.885 0.040
2862.59010 19.027 0.076
2865.69941 18.772 0.045
2868.57923 18.858 0.034
2871.68699 19.040 0.042
2876.57005 18.778 0.038
2879.61421 18.937 0.044
2885.51222 19.111 0.086
2894.61694 18.943 0.056
2898.60181 18.824 0.049
2904.57462 18.915 0.065
2909.56981 18.744 0.049
2917.60903 18.712 0.051
2930.55162 18.707 0.045
3134.86699 18.847 0.104
