2127.65593 17.184 0.020
2130.65446 17.195 0.016
2133.67132 17.153 0.020
2134.52970 17.178 0.015
2137.62673 17.111 0.015
2142.61265 17.258 0.015
2166.51406 17.284 0.019
2172.59292 17.194 0.017
2180.56303 17.146 0.015
2190.57196 17.141 0.014
2216.53763 17.154 0.017
2347.85923 17.192 0.016
2349.85402 17.161 0.015
2358.84776 17.182 0.015
2377.84330 17.245 0.019
2391.88741 17.187 0.017
2416.90238 17.234 0.020
2435.91951 17.268 0.020
2448.86735 17.175 0.022
2464.83303 17.138 0.014
2814.88670 17.154 0.017
