2125.62263 18.462 0.079
2129.69770 18.887 0.059
2132.63925 18.555 0.047
2136.54330 18.500 0.066
2141.55508 18.506 0.044
2144.64466 18.638 0.050
2160.61281 18.649 0.081
2169.52663 18.741 0.096
2211.50713 18.977 0.138
2332.87486 18.612 0.087
2347.83874 18.537 0.048
2357.86625 18.588 0.050
2372.85416 18.537 0.056
2383.82603 18.577 0.043
2388.79677 18.466 0.059
2390.82616 18.725 0.060
2397.70641 18.738 0.057
2401.83554 18.541 0.051
2403.91251 18.705 0.051
2405.89994 18.457 0.048
2414.90496 18.598 0.060
2416.85729 18.469 0.054
2424.82468 18.705 0.067
2428.85327 18.570 0.056
2434.75162 18.459 0.041
2436.80037 18.797 0.063
2438.76112 18.621 0.049
2441.73886 18.469 0.043
2445.64470 18.776 0.059
2448.66638 18.510 0.062
2455.70304 18.701 0.062
2459.62312 18.771 0.055
2463.55442 18.722 0.061
2466.65358 18.556 0.053
2468.68380 18.605 0.045
2470.66625 18.770 0.050
2472.69436 18.474 0.041
2481.57086 18.543 0.070
2484.63340 18.515 0.053
2486.72545 18.414 0.059
2490.69366 18.627 0.059
2493.65520 18.501 0.051
2495.75710 18.460 0.059
2498.52064 18.592 0.039
2500.56515 18.431 0.038
2502.57635 18.728 0.051
2508.67673 18.488 0.064
2512.62308 18.656 0.059
2517.57694 18.649 0.056
2520.59229 18.518 0.050
2528.49757 18.485 0.058
2538.50401 18.530 0.056
2542.53128 18.516 0.063
2552.50525 18.529 0.056
2556.58935 18.522 0.065
2563.50378 18.504 0.050
2575.53194 18.732 0.079
2707.87662 18.881 0.062
2714.91200 18.512 0.048
2729.84592 18.758 0.082
2733.92607 18.652 0.103
2744.92390 18.522 0.047
2753.89807 18.645 0.062
2757.81008 18.423 0.049
2761.82718 18.508 0.043
2767.80529 18.466 0.067
2775.73162 18.639 0.096
2783.83563 18.631 0.048
2785.76127 18.631 0.055
2787.61160 18.430 0.055
2789.76832 18.505 0.045
2791.72473 18.574 0.047
2794.93915 18.498 0.062
2796.83848 18.514 0.041
2797.89970 18.595 0.060
2809.72762 18.559 0.058
2811.65470 18.656 0.088
2812.72646 18.790 0.078
2813.83573 18.499 0.052
2814.75931 18.499 0.049
2816.62400 18.753 0.051
2818.59527 18.517 0.048
2820.80194 18.716 0.057
2826.76543 18.787 0.080
2835.64959 18.815 0.083
2839.71885 18.679 0.060
2841.72816 18.494 0.047
2843.65470 18.533 0.054
2845.66532 18.786 0.065
2850.53334 18.509 0.048
2852.54574 18.807 0.093
2854.54947 18.595 0.053
2856.73981 18.661 0.088
2858.69246 18.606 0.054
2862.60517 18.882 0.097
2865.70875 18.575 0.062
2868.59495 18.512 0.040
2876.59127 18.654 0.050
2879.64154 18.546 0.050
2884.67190 19.009 0.108
2892.66027 18.664 0.095
2895.63398 18.700 0.052
2906.51410 18.598 0.068
2911.53826 18.548 0.063
2918.56228 18.966 0.102
2930.58327 18.528 0.068
3059.81875 18.745 0.075
3064.83557 18.607 0.076
3068.78945 18.761 0.088
3070.86804 18.558 0.062
3073.82413 18.762 0.062
3075.86221 18.512 0.052
3079.90709 18.462 0.051
3082.89011 18.712 0.050
3085.82473 18.715 0.053
3086.89711 18.862 0.063
3088.81732 18.831 0.054
3090.73042 18.663 0.049
3096.88561 18.812 0.076
3098.90550 18.615 0.038
3099.91888 18.449 0.059
3101.75755 18.852 0.091
3103.79049 18.491 0.050
3104.84913 18.591 0.151
3106.86242 18.512 0.056
3108.78243 18.553 0.043
3109.84188 18.803 0.053
3110.84823 18.567 0.048
3112.83354 18.665 0.050
3114.79814 18.771 0.050
3116.88608 18.611 0.053
3122.92412 18.953 0.079
3125.88464 18.562 0.069
3127.82792 18.534 0.052
3128.83407 18.646 0.050
3130.71526 18.571 0.057
3131.68181 18.744 0.088
3134.82925 19.016 0.086
3135.91339 18.666 0.050
3138.66768 18.897 0.069
3139.89287 18.566 0.050
3140.89245 18.509 0.047
3142.78144 18.580 0.045
3144.80154 18.796 0.056
3146.83062 18.526 0.047
3151.76440 19.086 0.090
3151.92037 18.666 0.069
3152.76933 18.671 0.052
3153.77267 18.566 0.059
3156.87776 18.647 0.056
3162.58200 18.807 0.098
3163.76858 18.527 0.048
3164.75083 18.613 0.048
3164.88384 18.862 0.077
3165.72439 18.434 0.033
3167.61071 18.665 0.073
3168.87260 18.853 0.065
3169.74055 18.440 0.042
3170.82548 18.780 0.048
3171.79678 18.882 0.047
3172.76774 18.755 0.053
3173.86572 18.665 0.067
3174.72454 18.477 0.036
3175.73326 18.587 0.041
3177.77376 18.689 0.072
3179.51852 18.677 0.056
3179.89780 18.675 0.070
3180.73560 18.524 0.034
3182.80023 18.603 0.049
3183.75518 18.786 0.065
3184.71621 18.608 0.044
3185.71976 18.709 0.056
3193.55117 18.729 0.049
3194.56283 18.564 0.070
3195.69437 18.691 0.043
3195.81493 18.903 0.062
3196.61580 18.760 0.057
3197.53874 18.807 0.059
3197.84400 18.458 0.058
3199.63772 18.819 0.053
3202.53200 18.745 0.054
3202.82178 18.671 0.082
3203.67362 18.642 0.045
3204.66801 18.897 0.054
3205.52694 18.586 0.045
3206.73225 18.517 0.048
3209.65225 18.851 0.057
3210.65231 18.826 0.061
3211.62274 18.856 0.070
3217.66696 18.534 0.065
3218.66525 18.783 0.078
3223.66647 18.560 0.063
3224.71457 18.697 0.055
3226.63646 18.825 0.069
3228.61575 18.482 0.051
3229.64823 18.808 0.054
3230.68173 18.746 0.054
3231.58577 18.979 0.067
3232.62222 18.724 0.071
3238.63407 18.592 0.057
3239.71308 18.853 0.089
3240.48620 18.894 0.065
3245.57006 18.501 0.096
3246.67577 18.787 0.101
3247.59492 18.701 0.060
3249.54245 18.604 0.053
3250.67339 18.807 0.084
3253.64265 18.481 0.064
3256.65261 18.912 0.090
3260.56236 18.516 0.049
3265.49287 18.771 0.086
3267.54650 18.599 0.052
3272.60446 18.962 0.088
3275.49855 19.162 0.120
3278.61438 18.804 0.077
3282.49389 18.637 0.053
3288.56024 18.797 0.064
3293.53082 18.558 0.038
3300.52462 18.724 0.078
3314.52591 19.678 0.254
3417.85975 18.887 0.056
3422.88609 19.141 0.076
3426.87713 18.685 0.055
3429.86217 18.645 0.052
3432.90249 18.719 0.052
3442.90499 18.781 0.055
3445.81800 18.519 0.040
3447.86833 18.946 0.072
3449.88517 18.538 0.043
3452.90234 18.810 0.044
3453.77422 18.573 0.066
3455.84484 18.613 0.067
3456.85594 18.620 0.044
3457.77361 18.435 0.048
3458.81720 18.735 0.054
3459.79177 18.883 0.064
3467.89454 18.794 0.051
3469.80420 18.826 0.049
3470.84430 18.491 0.034
3472.77556 18.428 0.036
3473.87058 18.774 0.065
3474.84182 18.700 0.049
3477.77954 18.475 0.042
3478.89383 18.806 0.055
3480.84579 18.615 0.046
3481.84569 18.531 0.033
3483.79010 18.591 0.043
3496.74398 18.713 0.055
3497.81172 18.535 0.048
3498.93293 18.622 0.051
3499.74040 18.489 0.039
3500.74499 18.642 0.051
3501.83571 18.538 0.036
3502.69132 18.754 0.045
3503.70416 18.660 0.042
3504.71852 18.548 0.048
3506.80393 18.635 0.048
3508.80036 18.528 0.045
3509.70377 18.620 0.053
3511.69048 18.598 0.048
3512.75366 18.700 0.054
3517.79985 18.531 0.045
3520.83510 18.516 0.048
3521.65426 18.583 0.036
3522.76380 18.673 0.047
3523.79913 18.562 0.037
3524.78684 18.562 0.048
3525.76649 18.872 0.054
3526.85182 18.438 0.037
3528.57043 18.592 0.053
3530.79587 18.847 0.045
3537.76371 18.705 0.046
3538.69320 18.917 0.053
3540.66712 18.543 0.042
3544.74139 18.539 0.051
3546.86526 18.430 0.071
3547.82554 18.547 0.062
3550.65195 18.719 0.043
3551.65519 18.692 0.032
3552.68876 18.589 0.040
3553.69150 19.126 0.078
3554.68001 18.932 0.075
3555.71016 18.687 0.048
3556.73846 18.795 0.060
3558.57425 18.594 0.046
3558.85157 18.775 0.063
3559.67014 18.814 0.055
3560.62326 18.778 0.043
3561.56356 18.760 0.051
3561.83012 18.551 0.051
3562.60767 18.590 0.058
3562.83055 18.507 0.048
3563.65715 18.725 0.049
3564.55074 18.536 0.048
3569.60946 18.601 0.057
3573.67810 18.708 0.070
3573.70503 18.894 0.070
3574.70604 18.702 0.060
3575.64492 18.807 0.048
3575.79008 18.812 0.067
3576.70739 18.520 0.041
3577.75566 18.753 0.055
3578.69235 18.813 0.048
3579.63765 18.752 0.046
3580.67420 18.681 0.052
3581.69060 18.458 0.035
3582.61636 18.606 0.037
3583.65294 18.601 0.049
3584.66169 18.719 0.048
3585.65979 18.942 0.050
3586.68418 18.522 0.035
3588.74228 18.762 0.060
3589.70362 18.788 0.048
3590.69969 18.652 0.046
3591.49363 18.474 0.039
3591.63914 18.617 0.036
3591.72133 18.528 0.039
3592.65615 18.498 0.030
3592.71053 18.679 0.042
3597.62977 18.380 0.039
3599.64660 18.624 0.076
3601.67604 18.443 0.046
3602.67624 18.596 0.056
3603.65634 18.582 0.054
3607.65481 18.604 0.049
3608.67075 18.738 0.056
3615.59807 18.649 0.047
3618.60161 18.493 0.042
3620.56488 18.636 0.046
3628.56691 18.725 0.062
3630.58093 18.558 0.057
3632.60841 18.698 0.076
3634.51180 18.916 0.061
3639.51760 18.849 0.048
3641.56433 18.803 0.081
3644.52913 18.678 0.049
3649.50976 18.992 0.083
3651.57063 18.561 0.074
3654.56029 18.832 0.126
3655.53579 18.584 0.054
3657.52897 18.629 0.064
3659.53076 18.878 0.100
3662.53530 18.549 0.065
3665.49272 18.875 0.085
3671.50869 18.672 0.084
3777.84027 18.813 0.091
3782.87626 18.692 0.048
3785.83792 18.521 0.051
3788.85807 18.675 0.065
3791.82557 18.602 0.059
3793.86771 18.592 0.043
3795.85514 18.542 0.066
3798.81833 18.769 0.056
3799.84249 18.485 0.060
3800.83740 18.462 0.057
3801.89691 18.941 0.069
3802.86247 18.789 0.063
3803.89775 18.530 0.045
3805.81420 18.507 0.045
3806.78047 18.546 0.056
3806.79367 18.499 0.047
3806.88222 18.809 0.051
3807.79958 18.579 0.070
3807.86713 18.973 0.069
3808.80726 18.738 0.060
3808.84446 18.714 0.059
3808.90204 18.519 0.047
3809.77007 18.832 0.076
3809.89236 18.437 0.041
3810.76412 18.857 0.072
3810.85897 18.477 0.043
3810.91506 18.759 0.086
3811.78785 18.521 0.056
3811.85057 18.588 0.050
3812.75641 18.740 0.085
3812.82916 18.601 0.063
3812.84665 18.751 0.072
3812.91573 18.638 0.068
3813.75714 18.603 0.064
3813.77514 18.625 0.058
3813.78118 18.651 0.048
3813.79266 18.740 0.052
3813.80688 18.775 0.050
3813.81303 18.825 0.055
3813.81581 18.946 0.066
3813.82813 18.851 0.059
3813.83961 18.831 0.060
3813.87748 18.561 0.046
3813.90909 18.534 0.049
3814.75236 18.629 0.059
3814.76029 18.638 0.055
3814.83848 18.494 0.040
3814.87020 18.469 0.049
3814.90664 18.473 0.044
3815.75305 19.119 0.210
3815.79587 18.729 0.057
3815.81519 18.619 0.049
3815.82551 18.598 0.047
3815.83626 18.522 0.042
3815.84334 18.459 0.041
3815.85012 18.479 0.039
3815.86152 18.467 0.038
3815.86919 18.506 0.040
3815.87896 18.573 0.041
3815.88977 18.696 0.042
3815.89730 18.585 0.042
3815.90460 18.651 0.043
3815.91107 18.738 0.058
3815.91756 18.728 0.066
3815.92052 18.709 0.081
3815.92364 18.877 0.134
3817.80260 18.484 0.055
3817.83822 18.616 0.056
3817.87175 18.758 0.060
3817.91256 18.515 0.050
3817.91996 18.492 0.076
3818.75690 18.445 0.050
3818.82141 18.989 0.067
3818.92013 18.449 0.061
3819.75507 18.741 0.052
3819.79929 18.764 0.042
3820.78349 18.728 0.045
3821.78664 18.526 0.044
3822.82601 18.613 0.051
3823.78620 18.581 0.051
3824.75239 18.700 0.065
3825.81729 18.624 0.061
3826.74578 18.795 0.060
3827.81356 18.659 0.045
3828.78819 18.593 0.063
3829.77034 18.789 0.061
3830.75087 18.846 0.058
3832.75726 18.655 0.045
3833.77043 18.477 0.038
3834.75621 18.731 0.054
3835.74527 18.828 0.065
3836.77633 18.540 0.048
3837.74368 18.632 0.063
3837.91561 18.624 0.048
3838.75546 18.596 0.076
3839.75125 18.544 0.055
3840.71723 18.604 0.055
3840.92221 18.693 0.057
3841.75579 18.603 0.053
3841.90647 18.768 0.056
3842.86041 18.798 0.052
3845.73130 18.597 0.134
3845.92305 18.689 0.066
3846.74202 18.803 0.050
3847.80809 18.581 0.063
3848.76304 18.423 0.041
3849.76221 18.596 0.046
3850.70687 18.552 0.045
3850.88027 18.533 0.051
3851.72150 18.754 0.058
3851.88626 18.621 0.057
3851.93237 18.911 0.075
3852.70998 18.889 0.076
3852.89225 18.913 0.070
3853.69837 18.536 0.036
3853.86669 18.833 0.048
3856.68844 18.789 0.056
3856.85519 18.474 0.036
3857.92612 18.650 0.052
3858.77480 18.395 0.038
3859.81300 18.942 0.058
3860.68250 18.488 0.056
3860.92136 18.629 0.055
3861.68059 18.557 0.048
3861.78421 18.522 0.037
3862.71386 18.625 0.044
3862.87632 18.794 0.057
3863.65134 18.877 0.063
3863.87219 18.727 0.040
3864.68828 18.597 0.049
3864.87832 18.494 0.034
3864.93726 18.342 0.038
3865.69910 18.436 0.045
3865.83582 18.591 0.042
3865.91258 18.617 0.040
3866.69755 18.609 0.045
3866.83705 18.418 0.039
3866.91598 18.701 0.042
3867.64039 18.466 0.048
3867.82795 18.583 0.051
3867.89916 18.819 0.055
3868.72350 18.516 0.054
3868.87518 18.829 0.072
3869.70335 18.658 0.052
3869.88430 18.575 0.061
3872.90828 18.762 0.054
3873.65686 18.972 0.068
3873.79903 18.488 0.038
3873.87165 18.856 0.057
3874.75530 18.711 0.058
3875.66900 18.457 0.030
3875.82487 18.550 0.041
3875.91538 18.632 0.048
3876.64621 18.501 0.036
3877.64436 18.509 0.045
3877.79566 18.488 0.034
3877.86957 18.772 0.049
3880.63512 18.644 0.047
3880.84523 18.539 0.051
3880.92405 18.687 0.054
3881.67445 18.522 0.041
3881.88589 18.525 0.040
3882.58645 18.497 0.049
3882.76274 18.529 0.043
3882.83697 18.658 0.046
3882.90576 18.848 0.049
3883.65212 18.907 0.075
3883.85264 18.648 0.042
3886.61423 18.546 0.047
3886.80702 18.534 0.035
3886.87887 18.399 0.048
3887.58757 18.526 0.050
3887.79017 18.489 0.040
3887.88971 18.856 0.063
3888.60365 18.448 0.045
3889.67001 18.596 0.039
3889.94824 18.469 0.056
3890.65515 18.528 0.041
3891.67967 18.533 0.048
3891.80789 18.636 0.048
3891.88987 18.541 0.046
3892.60487 18.716 0.085
3893.63350 18.674 0.058
3894.68386 18.621 0.059
3894.90665 18.542 0.059
3896.62454 18.476 0.063
3900.54280 18.797 0.125
3900.72919 18.510 0.041
3900.80785 18.735 0.053
3900.87649 18.367 0.047
3901.55296 18.829 0.082
3901.73429 18.836 0.066
3901.81154 18.487 0.050
3901.88048 18.574 0.060
3902.57718 18.690 0.052
3902.75513 18.570 0.048
3902.87798 18.704 0.086
3903.66677 18.922 0.067
3904.56398 18.514 0.038
3904.72695 18.446 0.037
3904.79605 18.675 0.046
3904.89819 18.538 0.049
3905.56071 18.731 0.052
3905.73742 18.546 0.037
3905.80745 18.780 0.040
3905.87600 18.447 0.039
3906.57523 18.809 0.063
3906.71586 18.560 0.043
3906.78820 18.678 0.049
3906.87130 18.638 0.063
3907.60601 18.541 0.051
3907.79643 18.482 0.065
3907.87279 18.795 0.102
3908.54214 18.466 0.050
3908.72777 18.765 0.057
3908.80783 18.542 0.042
3908.89092 18.689 0.055
3909.54401 18.538 0.053
3909.72667 18.467 0.033
3909.81717 18.927 0.057
3910.58894 18.976 0.072
3912.54311 18.857 0.045
3912.73047 18.744 0.037
3912.82440 18.481 0.034
3913.53462 18.611 0.039
3913.74007 18.636 0.048
3913.82895 18.654 0.040
3914.55841 18.554 0.054
3915.53612 18.543 0.051
3915.73812 18.540 0.042
3915.83631 18.516 0.049
3916.57482 18.754 0.061
3916.81875 18.569 0.047
3917.62999 18.592 0.056
3917.82934 18.514 0.056
3918.61690 18.512 0.052
3918.82702 18.604 0.061
3919.55519 18.733 0.087
3919.77379 18.506 0.038
3920.52151 18.524 0.051
3920.71759 18.563 0.049
3920.80302 18.730 0.044
3921.51767 18.675 0.058
3921.73144 18.833 0.089
3922.73361 18.737 0.072
3930.56225 18.663 0.051
3930.79923 18.848 0.106
3931.51028 18.723 0.070
3932.53787 18.799 0.059
3932.80962 18.308 0.040
3933.52428 18.662 0.047
3933.70878 18.760 0.044
3933.78075 18.518 0.047
3934.49825 18.718 0.053
3934.66822 18.809 0.048
3934.73808 18.505 0.038
3935.54806 18.458 0.045
3935.71946 18.572 0.056
3935.81697 18.718 0.056
3936.50149 18.647 0.061
3936.66697 18.561 0.044
3936.74335 18.735 0.066
3937.56968 18.796 0.076
3938.50921 18.875 0.076
3938.70426 18.973 0.070
3938.80942 18.513 0.064
3940.59390 18.817 0.046
3941.72284 18.650 0.071
3944.56183 18.651 0.052
3944.76220 18.457 0.051
3946.52099 18.607 0.062
3946.71318 18.492 0.054
3950.52964 18.461 0.036
3950.74470 18.565 0.048
3950.75217 18.610 0.052
3951.52238 18.686 0.055
3951.75367 18.597 0.081
3956.57559 18.958 0.100
3957.51400 18.609 0.067
3958.58567 18.514 0.049
3959.51759 18.761 0.063
3959.69201 18.684 0.070
3960.50682 18.621 0.049
3960.68593 18.574 0.039
3961.58248 18.963 0.092
3963.53948 18.818 0.054
3963.71684 18.866 0.075
3964.53459 18.576 0.042
3965.51902 18.498 0.038
3965.71791 18.480 0.042
3966.49419 18.545 0.051
3966.69591 18.550 0.050
3967.53262 18.857 0.079
3967.72134 18.873 0.066
3968.50669 18.875 0.070
3968.67665 18.705 0.064
3969.48832 18.816 0.064
3969.68896 18.704 0.055
3970.52255 18.557 0.051
3970.69603 18.547 0.042
3971.56126 18.769 0.072
3973.58751 18.541 0.045
3974.51678 18.822 0.067
3975.51966 18.538 0.041
3975.69635 18.561 0.059
3976.51447 18.528 0.043
3976.69430 18.446 0.061
3979.51649 18.725 0.078
3982.57714 18.745 0.063
3983.53476 18.905 0.101
3986.59159 18.898 0.083
3987.51393 18.685 0.065
3988.52685 18.893 0.053
3989.53746 18.769 0.063
3990.55427 18.463 0.048
3991.51005 18.626 0.062
3993.56173 18.885 0.072
3994.57242 18.588 0.056
3995.58000 18.521 0.043
3999.61735 18.511 0.049
4002.50675 19.059 0.089
4003.50099 18.685 0.047
4004.53506 18.660 0.050
4006.52802 18.515 0.045
4012.50792 18.665 0.072
4016.52356 18.547 0.064
4018.56204 18.902 0.086
4020.54655 18.350 0.046
4023.54692 18.946 0.087
4025.56626 18.524 0.062
4028.50569 18.644 0.069
4031.50579 18.525 0.060
4038.51111 18.765 0.089
4041.51014 18.658 0.078
4043.51790 19.036 0.129
4141.88520 18.883 0.082
4151.86635 18.923 0.083
4153.88827 18.496 0.048
4156.86666 18.927 0.087
4158.88776 18.529 0.050
4161.85420 18.609 0.076
4163.83708 18.605 0.062
4165.83215 18.544 0.086
4168.81566 18.835 0.076
4170.80759 18.481 0.079
4175.79821 18.534 0.058
4176.90957 18.795 0.065
4178.81764 18.839 0.069
4179.85759 18.458 0.043
4181.79403 18.445 0.054
4182.84253 18.881 0.060
4183.87511 18.424 0.049
4184.91934 18.516 0.063
4189.87026 18.490 0.054
4191.82063 18.497 0.078
4193.76666 18.522 0.067
4194.79597 18.816 0.066
4196.78602 18.400 0.057
4202.76760 18.339 0.039
4203.75561 18.516 0.041
4204.74789 18.555 0.055
4204.93018 18.488 0.068
4205.74443 18.700 0.053
4207.73388 18.542 0.054
4208.75600 18.548 0.045
4211.80015 18.521 0.055
4212.88152 18.666 0.081
4213.72050 18.521 0.055
4213.92409 18.451 0.042
4215.75319 18.765 0.074
4216.71099 18.862 0.069
4217.71845 18.521 0.044
4217.92790 18.590 0.047
4218.76808 18.567 0.066
4219.76899 18.922 0.090
4220.71372 18.630 0.072
4222.68245 18.746 0.088
4224.79317 18.841 0.076
4228.68861 18.668 0.070
4228.92218 18.484 0.060
4229.68229 18.427 0.070
4229.87924 18.567 0.052
4230.69201 18.515 0.049
4230.88005 18.543 0.054
4231.63433 18.483 0.054
4231.77856 18.607 0.050
4231.90275 18.754 0.069
4232.68642 18.729 0.078
4232.84741 18.922 0.102
4233.82448 18.771 0.081
4234.72261 18.430 0.048
4235.64788 18.520 0.050
4235.80913 18.540 0.042
4235.90156 18.608 0.050
4238.63382 18.825 0.101
4238.88624 18.648 0.065
4239.64859 18.472 0.053
4240.68797 18.530 0.046
4240.82804 18.551 0.052
4243.65377 19.041 0.099
4243.74651 18.493 0.053
4243.84022 18.862 0.073
4244.62611 18.719 0.076
4244.72237 18.523 0.048
4244.81518 18.818 0.061
4245.61920 18.701 0.059
4245.71314 18.606 0.043
4245.80894 18.573 0.047
4246.67751 18.532 0.050
4246.77039 18.669 0.055
4246.86374 18.651 0.053
4247.69275 18.748 0.062
4250.74093 18.840 0.066
4251.81250 18.621 0.094
4256.62864 18.460 0.070
4256.77469 18.806 0.079
4257.66030 18.770 0.082
4258.64332 18.765 0.068
4258.76583 18.582 0.049
4258.85993 18.982 0.093
4267.60399 18.488 0.058
4268.56717 18.357 0.050
4268.85007 18.818 0.071
4269.58640 18.713 0.059
4269.70693 18.495 0.048
4269.81627 18.726 0.049
4270.57994 18.805 0.073
4272.60828 18.531 0.048
4272.75746 18.577 0.050
4272.81667 18.695 0.062
4273.62540 18.787 0.082
4273.80606 18.643 0.069
4273.86723 18.937 0.128
4274.55809 18.715 0.078
4274.71182 18.469 0.059
4274.77294 18.604 0.058
4274.83135 18.851 0.086
4275.61051 18.697 0.076
4275.78587 18.767 0.073
4275.84697 18.512 0.075
4276.59531 18.613 0.063
4277.53911 18.706 0.088
4277.71607 18.853 0.070
4277.77473 18.598 0.068
4277.84486 18.631 0.084
4278.58398 18.466 0.067
4278.76015 18.532 0.071
4283.51857 18.689 0.072
4283.73886 18.590 0.061
4284.51350 18.604 0.071
4284.70410 18.487 0.052
4284.76640 18.541 0.055
4284.83126 18.838 0.101
4285.51662 18.460 0.076
4285.71006 18.597 0.058
4285.77116 18.936 0.076
4285.83645 18.654 0.070
4286.51631 18.760 0.082
4286.82123 18.682 0.095
4289.52412 18.529 0.060
4289.74266 18.496 0.056
4289.80778 18.750 0.068
4290.57042 18.696 0.079
4291.63305 18.515 0.047
4292.49867 18.675 0.051
4292.67788 18.801 0.052
4292.73648 18.750 0.048
4292.79497 18.553 0.049
4293.49903 18.804 0.068
4293.72365 18.606 0.045
4293.78244 18.528 0.047
4294.49821 18.626 0.063
4295.50532 18.543 0.060
4295.70337 18.531 0.039
4295.76195 18.825 0.058
4296.50235 18.733 0.069
4296.69891 18.525 0.041
4296.83425 18.555 0.065
4297.52192 18.789 0.076
4297.72352 18.724 0.048
4298.55680 18.603 0.059
4298.66253 18.815 0.065
4298.76840 18.538 0.064
4299.53984 18.491 0.041
4299.63329 18.876 0.059
4299.72502 18.489 0.042
4300.53552 18.558 0.050
4300.65557 18.639 0.048
4300.75109 18.743 0.054
4301.52638 18.708 0.050
4301.62213 18.491 0.044
4301.72391 18.619 0.046
4301.82113 18.568 0.054
4302.59938 18.685 0.066
4302.69955 18.860 0.066
4303.68538 18.982 0.084
4304.55951 18.579 0.070
4304.67762 18.690 0.076
4306.64347 18.539 0.055
4306.70042 18.562 0.062
4310.62270 18.843 0.099
4312.55498 18.680 0.067
4312.75342 18.850 0.089
4315.64597 18.593 0.070
4316.71917 18.630 0.065
4317.56725 18.697 0.051
4319.52451 18.567 0.063
4319.77933 18.567 0.060
4320.55130 18.547 0.053
4326.51858 18.570 0.051
4326.71576 18.698 0.072
4327.59758 18.585 0.062
4328.52438 18.832 0.084
4328.70240 18.856 0.075
4329.53376 18.657 0.067
4329.68164 18.788 0.074
4330.50526 18.445 0.044
4330.69856 18.509 0.055
4331.48540 18.573 0.067
4331.69427 18.587 0.062
4332.51521 18.725 0.051
4333.53629 18.707 0.067
4333.69738 18.778 0.093
4334.50967 18.672 0.099
4334.63788 18.784 0.100
4338.50951 18.970 0.091
4339.48685 18.906 0.087
4339.70331 18.579 0.067
4340.60714 18.848 0.076
4341.51015 18.506 0.076
4342.53935 18.947 0.080
4343.51817 18.860 0.049
4344.54644 18.668 0.075
4345.51163 18.517 0.044
4346.52432 18.567 0.063
4347.53904 18.861 0.069
4349.50068 18.651 0.058
4350.54731 18.484 0.044
4351.51321 18.578 0.048
4352.56374 18.878 0.100
4353.51711 18.860 0.069
4354.54582 18.484 0.046
4355.54918 18.478 0.055
4356.51381 18.464 0.049
4357.54293 18.876 0.085
4358.50595 18.802 0.079
4359.54347 18.493 0.049
4360.57284 18.648 0.065
4361.57629 18.932 0.097
4365.56888 18.678 0.078
4367.50215 18.627 0.055
4368.53853 18.829 0.088
4370.50259 18.588 0.055
4371.54100 18.558 0.048
4372.52675 18.784 0.054
4373.51291 19.001 0.099
4376.57765 18.982 0.115
4377.61486 18.571 0.080
4378.52543 18.847 0.076
4379.54047 18.611 0.075
4380.55196 18.531 0.054
4381.53066 18.615 0.076
4382.57319 19.100 0.127
4383.56372 18.753 0.073
4384.53792 18.622 0.067
4388.50106 18.864 0.087
4388.53666 18.939 0.105
4388.54985 18.824 0.105
4388.55740 18.814 0.093
4388.56998 18.725 0.083
4388.58036 18.618 0.079
4388.59449 18.681 0.091
4388.60085 18.578 0.083
4391.49015 18.483 0.061
4392.49944 18.503 0.076
4393.53772 18.968 0.078
4394.55306 18.446 0.074
4395.52449 18.508 0.063
4395.55275 18.508 0.067
4395.57549 18.596 0.070
4396.51652 18.453 0.074
4397.54081 18.685 0.070
4398.54570 18.789 0.078
4399.53841 18.640 0.080
4400.54047 18.526 0.087
4402.55688 18.816 0.102
4403.55594 18.773 0.098
4408.54670 19.165 0.152
4507.87062 18.584 0.073
4510.86713 18.650 0.059
4513.86824 18.608 0.051
4517.86738 18.700 0.096
4519.88831 18.552 0.050
4522.88223 18.551 0.066
4524.81805 18.482 0.057
4530.82570 18.611 0.047
4533.86154 18.569 0.055
4535.84432 18.868 0.085
4536.90196 18.728 0.061
4537.88760 18.509 0.039
4538.82269 18.809 0.073
4539.86078 18.500 0.048
4540.80696 18.441 0.043
4541.79969 18.433 0.040
4542.79438 18.659 0.062
4543.78993 18.756 0.063
4544.78677 18.615 0.061
4545.79311 18.584 0.058
4546.80025 18.533 0.054
4547.79420 18.697 0.055
4548.80515 18.782 0.069
4550.74820 18.740 0.085
4551.77139 18.491 0.049
4552.76736 18.708 0.103
4556.76348 18.558 0.048
4557.78067 18.744 0.062
4558.75761 18.562 0.041
4559.75554 18.896 0.065
4560.75568 18.803 0.066
4561.74572 18.551 0.049
4564.73590 18.736 0.059
4565.73393 18.913 0.053
4565.92485 18.928 0.067
4566.73348 18.694 0.051
4567.72649 18.463 0.043
4568.73505 18.624 0.050
4569.74416 18.753 0.059
4570.73478 18.743 0.070
4571.72945 18.881 0.087
4571.91796 18.627 0.052
4572.75693 18.577 0.048
4573.74533 18.450 0.049
4573.91167 18.648 0.047
4574.74769 18.988 0.078
4575.75678 18.780 0.065
4576.76329 18.587 0.049
4577.84500 19.119 0.096
4578.79605 18.895 0.085
4579.87296 18.628 0.097
4583.73976 18.456 0.059
4583.93255 18.587 0.065
4585.76348 18.796 0.081
4586.79244 18.602 0.073
4587.77642 18.594 0.063
4587.93495 18.517 0.070
4588.69956 18.529 0.059
4588.93315 18.537 0.061
4589.68178 18.483 0.051
4589.83722 18.701 0.058
4589.89921 18.406 0.060
4590.70754 18.701 0.052
4590.90923 18.734 0.056
4590.91789 18.882 0.068
4591.71307 19.042 0.080
4591.83853 18.546 0.055
4591.90511 18.679 0.055
4592.67173 18.825 0.071
4592.86096 18.890 0.084
4593.66086 18.810 0.062
4593.87056 18.521 0.048
4594.68188 18.501 0.050
4594.87689 18.544 0.052
4595.67140 18.534 0.051
4595.86582 18.511 0.047
4595.92767 19.213 0.106
4596.66664 18.775 0.074
4597.69106 18.766 0.057
4597.88257 18.796 0.068
4598.66732 18.710 0.048
4599.63984 18.541 0.056
4600.64908 18.484 0.042
4600.85782 18.556 0.049
4601.65467 18.613 0.048
4601.87093 18.766 0.050
4601.93277 18.734 0.059
4602.64728 18.795 0.055
4602.85672 18.850 0.057
4603.88983 18.484 0.048
4606.60247 18.468 0.068
4606.62862 18.445 0.063
4606.64859 18.573 0.055
4606.71751 18.846 0.065
4606.90693 18.822 0.069
4607.77729 18.491 0.053
4610.74476 18.847 0.059
4611.63407 18.648 0.070
4611.82494 18.548 0.047
4612.65545 18.854 0.067
4615.79721 18.716 0.069
4616.60623 18.470 0.052
4616.82275 18.552 0.050
4616.89272 18.954 0.083
4617.67800 18.835 0.064
4618.61802 18.863 0.073
4621.91972 18.779 0.051
4622.81645 18.608 0.061
4622.93262 18.592 0.079
4623.67377 18.748 0.067
4623.87555 18.770 0.083
4624.59553 18.917 0.091
4624.81968 18.844 0.065
4624.88603 18.597 0.057
4625.60966 18.789 0.079
4625.82906 18.517 0.065
4625.91793 18.798 0.078
4626.60816 18.465 0.056
4626.87884 18.839 0.090
4627.56860 18.541 0.050
4627.85791 18.779 0.049
4627.92516 18.644 0.056
4628.55590 18.412 0.048
4628.76217 18.579 0.058
4628.82760 18.880 0.076
4628.89748 18.536 0.054
4629.63329 18.673 0.046
4629.83592 18.678 0.052
4629.91393 18.613 0.050
4630.56925 18.808 0.073
4630.77507 18.862 0.061
4630.85845 18.553 0.057
4630.92120 18.784 0.069
4631.57062 18.600 0.044
4631.78636 18.610 0.044
4631.87305 18.816 0.069
4632.57443 18.588 0.048
4632.86118 18.879 0.080
4633.57441 18.517 0.050
4633.68591 18.642 0.046
4633.80165 18.838 0.063
4638.75951 18.669 0.066
4638.86969 18.847 0.153
4639.58204 18.813 0.076
4639.67985 18.496 0.050
4640.60153 18.714 0.054
4640.73368 18.818 0.065
4640.83874 18.594 0.072
4641.67554 18.608 0.056
4641.78550 18.631 0.057
4642.59945 18.526 0.055
4642.76198 18.579 0.054
4642.83707 18.691 0.065
4643.55725 18.465 0.050
4644.60461 18.852 0.087
4644.86632 18.632 0.060
4645.52771 18.594 0.069
4645.77615 18.787 0.068
4645.85088 18.568 0.067
4646.52573 18.774 0.058
4646.85811 18.633 0.060
4647.52210 18.803 0.077
4647.74517 18.647 0.059
4647.85617 18.736 0.081
4648.50525 18.687 0.063
4648.72447 18.562 0.051
4648.82277 18.915 0.076
4649.53138 18.632 0.070
4649.81021 18.842 0.069
4649.86646 18.652 0.078
4650.51734 18.573 0.074
4650.78126 18.846 0.066
4650.87498 18.537 0.065
4651.52075 18.976 0.105
4651.81585 18.530 0.061
4652.51172 18.789 0.071
4652.72489 18.786 0.059
4652.79974 18.557 0.066
4652.84947 18.804 0.088
4653.50810 18.685 0.076
4653.72725 18.667 0.057
4654.54690 18.617 0.058
4654.75838 18.611 0.059
4655.50798 18.483 0.073
4655.73243 18.750 0.052
4655.79421 18.720 0.063
4656.50988 18.846 0.056
4656.69968 18.714 0.067
4656.81890 18.641 0.070
4657.73650 18.719 0.074
4658.66839 18.861 0.069
4659.60934 18.800 0.084
4660.62074 18.660 0.070
4661.49798 18.632 0.076
4661.69864 18.763 0.075
4661.76014 18.767 0.077
4661.82734 18.597 0.071
4665.66548 18.665 0.078
4666.57090 18.802 0.072
4666.71396 18.735 0.070
4666.75614 18.884 0.098
4670.65558 18.601 0.060
4671.59116 18.697 0.048
4672.51667 18.865 0.054
4672.70907 18.889 0.060
4672.73138 18.759 0.068
4674.51973 18.577 0.063
4674.71288 18.493 0.052
4675.75755 18.834 0.073
4677.49637 18.726 0.056
4677.64276 18.602 0.062
4678.70532 18.709 0.057
4679.50203 18.508 0.074
4681.53778 18.910 0.075
4681.63779 18.634 0.060
4681.77001 18.753 0.061
4682.50879 18.999 0.067
4682.66613 18.740 0.051
4682.76130 18.675 0.052
4683.52728 18.644 0.071
4683.71423 18.723 0.062
4684.51982 18.548 0.053
4684.73353 18.579 0.047
4685.50482 18.576 0.073
4685.73978 18.758 0.066
4686.50855 18.696 0.056
4687.49232 18.870 0.075
4687.74784 18.868 0.076
4688.50524 18.874 0.076
4688.69509 18.854 0.065
4688.75684 18.445 0.049
4693.55301 18.558 0.067
4694.61419 18.828 0.100
4697.50876 18.835 0.063
4698.51428 18.759 0.055
4699.51042 18.539 0.053
4700.51670 18.604 0.048
4701.51198 18.685 0.059
4702.51052 18.840 0.071
4703.58103 18.541 0.051
4704.65074 18.948 0.076
4705.51416 18.541 0.044
4707.64452 18.636 0.057
4708.54740 18.604 0.074
4709.52354 18.610 0.072
4710.55312 18.615 0.054
4715.59247 18.950 0.098
4716.59487 18.976 0.093
4720.56202 18.691 0.067
4721.49449 18.763 0.100
4722.60689 18.543 0.066
4724.51593 18.636 0.077
4725.49476 18.562 0.072
4726.55567 19.186 0.136
4728.60081 18.469 0.062
4729.55628 18.554 0.075
4730.57498 18.783 0.068
4731.57956 18.914 0.082
4733.53121 18.833 0.071
4734.56057 18.635 0.072
4737.55149 18.871 0.082
4740.56200 18.624 0.065
4741.56971 18.915 0.074
4743.57534 18.707 0.071
4753.55550 18.612 0.075
4756.53436 18.547 0.076
4758.51721 19.044 0.112
4774.51084 18.823 0.096
4775.50824 18.454 0.081
4776.50570 18.584 0.095
4778.49924 18.794 0.193
4779.51305 18.818 0.082
4868.88721 18.578 0.083
4870.85832 18.762 0.077
4873.85990 18.599 0.063
4874.85437 18.621 0.081
4877.85419 18.609 0.053
4884.86172 18.616 0.053
4887.83383 18.673 0.055
4890.88980 18.777 0.060
4896.87801 18.756 0.050
4899.84892 18.578 0.053
4900.89033 18.889 0.062
4901.88873 18.642 0.048
4902.88744 18.442 0.041
4904.81156 18.551 0.050
4910.81752 18.667 0.069
4911.78804 18.609 0.041
4912.78501 18.745 0.043
4914.80205 18.647 0.048
4915.86276 18.745 0.049
4915.89598 18.887 0.057
4915.91943 18.746 0.064
4916.75750 18.518 0.048
4916.77967 18.653 0.050
4916.82001 18.663 0.047
4916.86271 18.866 0.051
4916.90033 18.602 0.042
4917.72379 18.519 0.055
4917.74615 18.547 0.047
4917.76308 18.623 0.050
4917.77166 18.704 0.051
4917.78727 18.839 0.058
4917.88284 18.582 0.048
4917.90189 18.515 0.050
4917.91916 18.594 0.073
4918.72993 18.493 0.049
4918.74682 18.771 0.053
4918.77083 18.781 0.053
4918.81565 18.572 0.051
4918.84593 18.644 0.051
4918.91860 18.648 0.080
4919.72386 18.796 0.058
4919.85445 18.464 0.041
4919.91801 18.923 0.067
4920.72671 18.627 0.046
4920.74279 18.649 0.045
4921.75024 18.456 0.042
4924.88172 18.619 0.057
4925.82374 18.528 0.043
4925.91081 18.791 0.048
4925.92238 18.725 0.069
4927.72349 18.535 0.067
4927.87796 18.614 0.060
4928.73995 18.764 0.070
4929.79623 18.524 0.044
4930.71071 18.882 0.076
4930.82965 18.499 0.061
4931.72556 18.629 0.069
4931.87121 18.742 0.060
4932.72859 18.632 0.055
4932.82927 18.875 0.060
4933.77693 18.814 0.073
4934.77534 18.779 0.069
4934.88014 18.535 0.064
4938.68592 18.459 0.050
4938.89056 18.603 0.066
4939.70483 18.675 0.061
4940.70485 18.767 0.060
4941.68359 18.872 0.069
4941.78159 18.583 0.056
4942.72139 18.509 0.042
4943.67544 18.536 0.042
4943.81492 18.682 0.060
4944.67223 18.475 0.045
4944.82769 18.510 0.045
4945.72072 18.788 0.052
4945.77716 18.551 0.041
4946.67035 18.892 0.067
4947.66406 18.736 0.046
4947.86227 18.670 0.052
4948.84460 18.550 0.039
4950.66682 18.663 0.050
4951.65275 18.906 0.077
4952.65101 18.853 0.068
4953.64462 18.760 0.059
4953.81921 18.778 0.062
4954.64617 18.456 0.048
4954.83904 18.410 0.042
4955.64688 18.598 0.057
4955.78022 18.634 0.054
