2130.49956 18.134 0.038
2133.51579 18.345 0.051
2136.63707 18.103 0.049
2141.62774 18.030 0.049
2144.70818 18.040 0.046
2170.60940 18.197 0.049
2179.50769 18.510 0.078
2189.50275 18.240 0.065
2212.52896 18.575 0.072
2337.81492 18.466 0.058
2349.83330 18.204 0.051
2357.82644 18.141 0.045
2365.90100 18.078 0.048
2373.78144 18.241 0.045
2405.86133 18.388 0.054
2464.77599 18.619 0.056
2708.90736 18.340 0.050
2850.63977 18.615 0.056
2858.76712 18.296 0.070
3059.85290 18.232 0.051
3064.86806 18.393 0.059
3068.82139 18.182 0.047
3070.90666 18.278 0.059
3073.85910 18.216 0.044
3075.89516 18.297 0.047
3080.80837 18.404 0.056
3083.76049 18.221 0.040
3085.88281 18.275 0.039
3087.78475 18.206 0.045
3089.83415 18.560 0.044
3091.88599 18.192 0.035
3097.81469 18.169 0.046
3099.89747 18.197 0.041
3101.80259 18.166 0.049
3102.89733 18.385 0.052
3104.75302 18.296 0.104
3106.89467 18.458 0.070
3107.88516 18.533 0.055
3109.82335 18.351 0.041
3109.89326 18.112 0.036
3110.81770 18.215 0.041
3110.88880 18.299 0.040
3111.77541 18.314 0.051
3112.75135 18.174 0.041
3112.89028 18.570 0.056
3113.73347 18.179 0.034
3113.89933 18.154 0.035
3114.66956 18.166 0.045
3114.82970 18.258 0.037
3115.89012 18.318 0.039
3115.92482 18.497 0.045
3116.87052 18.348 0.054
3124.76712 18.179 0.059
3126.70182 18.317 0.042
3127.86817 18.207 0.045
3128.86800 18.236 0.056
3130.74696 18.268 0.050
3131.71340 18.134 0.051
3134.88243 18.099 0.084
3137.76758 18.506 0.060
3138.64974 18.237 0.052
3139.93705 18.717 0.073
3142.81775 18.378 0.044
3144.83484 18.189 0.038
3146.89333 18.230 0.039
3151.80609 18.419 0.055
3152.80707 18.212 0.049
3153.80566 18.012 0.046
3154.89332 18.001 0.055
3156.86203 17.888 0.047
3157.91863 18.350 0.058
3158.88479 18.417 0.069
3162.84346 18.070 0.042
3163.80260 18.191 0.038
3164.79125 18.376 0.040
3165.70833 18.196 0.034
3167.65367 18.043 0.050
3168.85575 18.691 0.063
3169.82247 18.527 0.060
3170.64003 18.212 0.032
3171.77810 18.494 0.038
3171.90367 18.403 0.053
3172.80243 18.175 0.039
3173.84447 18.485 0.065
3174.75892 18.349 0.037
3175.76937 18.637 0.047
3177.81599 18.209 0.053
3179.55010 18.652 0.058
3180.77408 18.462 0.040
3182.83420 18.435 0.049
3183.79316 18.329 0.055
3184.74771 18.546 0.051
3185.67884 18.260 0.039
3193.59803 18.294 0.045
3194.54848 18.525 0.070
3194.79097 18.407 0.046
3195.54814 18.169 0.041
3196.74163 18.234 0.043
3197.57227 18.558 0.054
3199.68021 18.369 0.043
3201.54262 18.287 0.041
3202.67138 18.207 0.038
3203.58541 18.239 0.033
3204.62873 18.257 0.033
3205.71035 18.425 0.040
3206.77186 18.529 0.086
3210.50238 18.237 0.048
3211.65761 17.983 0.040
3217.69843 18.355 0.054
3218.69748 18.479 0.072
3223.70148 18.473 0.065
3224.74600 18.248 0.054
3226.67689 18.035 0.044
3228.64734 18.100 0.046
3230.71724 18.291 0.048
3231.62057 18.180 0.045
3232.65409 18.115 0.050
3238.66891 18.562 0.069
3240.51798 18.532 0.059
3241.70161 18.584 0.091
3245.60490 18.407 0.073
3247.49194 18.340 0.050
3249.59831 18.029 0.049
3251.50929 18.035 0.046
3254.59037 17.889 0.041
3257.50344 18.186 0.035
3260.53970 17.851 0.044
3265.52517 18.113 0.051
3267.57588 18.503 0.060
3274.53172 18.279 0.052
3277.54782 18.449 0.062
3279.61069 18.306 0.051
3282.52558 18.444 0.051
3289.50759 18.013 0.047
3294.49862 17.827 0.041
3302.49804 18.343 0.078
3418.88958 18.170 0.037
3423.86316 18.152 0.044
3427.86773 18.284 0.043
3429.89590 18.160 0.053
3436.85301 17.997 0.044
3443.80825 18.118 0.033
3445.85125 18.519 0.042
3447.89974 18.215 0.045
3450.77933 18.551 0.049
3453.81909 18.110 0.046
3455.87897 18.281 0.043
3456.88749 18.309 0.038
3457.88197 18.371 0.044
3459.87293 18.303 0.043
3468.92334 18.255 0.041
3470.91439 18.280 0.043
3472.84378 18.488 0.041
3473.90584 18.155 0.041
3474.91225 18.199 0.038
3475.90338 18.363 0.036
3477.91908 18.223 0.041
3479.78971 18.501 0.040
3480.91867 18.438 0.045
3482.92266 18.213 0.038
3496.77749 18.326 0.052
3497.87872 18.299 0.043
3499.83745 18.255 0.037
3500.85887 18.526 0.043
3502.67628 18.146 0.036
3503.82736 18.095 0.035
3506.78349 18.395 0.047
3508.89099 18.437 0.067
3509.68912 18.475 0.059
3510.93436 18.382 0.046
3511.86822 18.228 0.040
3512.87361 18.204 0.046
3517.76561 18.619 0.097
3520.87726 18.354 0.056
3521.69305 18.302 0.041
3522.79860 18.070 0.038
3523.83280 18.204 0.040
3524.83313 18.448 0.049
3525.90824 18.310 0.046
3526.93904 18.330 0.060
3528.61153 18.497 0.048
3530.83123 18.370 0.033
3537.79899 18.251 0.036
3538.72485 18.181 0.032
3540.78114 18.399 0.042
3544.79249 18.777 0.089
3547.79118 18.189 0.044
3550.80790 18.262 0.038
3551.79925 18.191 0.041
3552.81835 18.325 0.055
3553.80135 18.144 0.064
3554.82030 17.900 0.045
3555.80980 18.033 0.046
3556.72210 18.232 0.042
3558.60618 18.297 0.040
3559.61455 18.134 0.033
3560.65587 18.467 0.034
3561.59232 18.306 0.038
3562.64501 18.199 0.036
3563.69704 18.141 0.039
3564.53138 17.930 0.049
3569.63564 18.047 0.048
3573.74402 18.463 0.061
3574.74109 18.436 0.056
3575.68288 18.305 0.035
3576.74939 18.320 0.049
3577.78728 18.511 0.067
3578.72399 18.648 0.053
3579.66932 18.660 0.049
3580.70893 18.123 0.041
3581.72211 17.969 0.041
3582.67111 18.247 0.033
3583.68922 18.478 0.050
3584.69322 18.376 0.038
3585.69142 18.227 0.030
3586.74588 18.533 0.047
3589.73517 18.253 0.041
3590.73139 18.334 0.044
3591.70647 18.280 0.036
3591.75230 18.745 0.065
3592.47825 18.441 0.051
3592.57704 18.230 0.031
3592.66574 18.351 0.037
3592.73977 18.618 0.061
3593.48901 18.113 0.024
3593.57888 18.204 0.033
3594.50278 18.010 0.042
3594.54096 18.174 0.036
3594.56664 18.302 0.031
3594.58031 18.411 0.034
3594.59178 18.545 0.040
3594.59844 18.554 0.043
3594.60487 18.535 0.043
3594.61275 18.514 0.048
3594.61911 18.613 0.043
3594.63504 18.647 0.047
3594.66833 18.345 0.043
3594.74287 18.210 0.047
3596.63531 17.778 0.038
3596.65689 18.037 0.044
3597.49052 18.646 0.086
3597.55813 18.163 0.039
3599.61339 18.534 0.074
3601.49868 18.586 0.051
3601.70767 18.562 0.065
3602.70797 18.682 0.085
3603.68919 18.497 0.059
3607.68688 18.585 0.059
3609.51472 18.003 0.043
3615.63337 18.162 0.037
3617.66259 18.594 0.065
3619.59557 18.359 0.041
3621.59795 18.159 0.042
3628.66252 18.142 0.061
3629.52065 18.727 0.055
3631.62145 18.565 0.070
3633.54804 18.319 0.064
3634.62710 18.163 0.051
3639.49771 18.509 0.039
3644.58446 18.243 0.049
3649.55786 18.152 0.036
3652.53506 18.457 0.071
3655.57085 18.522 0.068
3659.56862 18.336 0.079
3664.54824 18.528 0.058
3668.53343 18.186 0.053
3676.51242 18.831 0.090
3777.87256 18.296 0.047
3783.85891 18.247 0.038
3785.87442 18.585 0.060
3788.83874 18.157 0.048
3791.89299 18.228 0.049
3794.87041 18.459 0.049
3796.85917 18.336 0.045
3797.86208 18.245 0.039
3799.87448 18.450 0.067
3801.83366 18.219 0.050
3803.82261 18.151 0.040
3804.86991 18.622 0.060
3805.91048 18.208 0.051
3807.90179 18.384 0.041
3809.81315 18.383 0.045
3811.89166 18.106 0.036
3813.77199 18.127 0.045
3818.76117 18.217 0.050
3819.77259 18.289 0.037
3820.87677 18.176 0.034
3821.88680 18.174 0.035
3822.78585 18.189 0.040
3823.89875 18.508 0.048
3824.89162 18.095 0.043
3826.89613 18.327 0.046
3828.89852 18.237 0.041
3829.88520 18.202 0.036
3832.88839 18.532 0.059
3833.86307 18.585 0.050
3834.90432 17.953 0.042
3835.84771 18.257 0.038
3836.86018 18.334 0.042
3837.84280 18.380 0.052
3838.84672 18.518 0.051
3839.85875 18.007 0.050
3840.85002 18.276 0.038
3841.82880 18.308 0.046
3845.83573 18.041 0.041
3846.84172 18.434 0.049
3848.85728 18.386 0.044
3849.87056 18.213 0.034
3850.80654 18.167 0.038
3851.81296 18.245 0.046
3852.80145 18.537 0.055
3853.79411 18.580 0.041
3856.78296 18.119 0.038
3858.84685 17.912 0.038
3860.83760 18.226 0.051
3861.85210 18.570 0.049
3862.79591 18.632 0.048
3863.73622 18.682 0.056
3864.79675 18.152 0.030
3865.76114 18.168 0.043
3866.78961 18.454 0.044
3867.73401 18.403 0.049
3868.79318 18.245 0.046
3869.77953 18.069 0.042
3873.78089 18.159 0.046
3874.82451 18.105 0.037
3875.73949 18.210 0.032
3877.76904 18.543 0.040
3880.76630 18.380 0.042
3881.77446 18.722 0.050
3882.71252 18.518 0.049
3883.75400 18.270 0.036
3886.72491 18.395 0.047
3887.70792 18.650 0.049
3889.86939 18.543 0.046
3891.59512 18.295 0.050
3892.87562 18.381 0.044
3893.76053 18.145 0.043
3894.79444 18.220 0.046
3896.74875 18.527 0.054
3900.64565 18.154 0.051
3901.65747 18.345 0.045
3902.67531 18.592 0.061
3903.80829 18.575 0.054
3904.65504 18.186 0.031
3905.66204 18.249 0.034
3906.64366 18.340 0.044
3907.70905 17.873 0.041
3908.64324 18.395 0.038
3909.64764 18.188 0.032
3912.64804 18.655 0.039
3913.64560 18.245 0.033
3914.67872 18.269 0.032
3915.64252 18.277 0.034
3916.72411 18.284 0.039
3917.73700 18.059 0.041
3918.74131 18.310 0.041
3919.67114 18.085 0.041
3920.62335 17.943 0.034
3921.63684 18.201 0.046
3930.69899 18.450 0.051
3931.61822 18.619 0.055
3931.80664 18.492 0.074
3932.64585 18.157 0.034
3933.62533 18.217 0.029
3934.59596 18.195 0.034
3935.67318 18.320 0.050
3936.62480 18.255 0.039
3936.81307 18.276 0.067
3937.74157 18.309 0.062
3938.60247 18.112 0.035
3940.74707 18.288 0.034
3944.68745 18.566 0.044
3945.63590 18.533 0.049
3946.62953 18.160 0.038
3950.64595 18.367 0.039
3951.66230 18.175 0.042
3957.65120 18.276 0.068
3959.61947 18.568 0.057
3960.61268 18.424 0.036
3963.58072 18.312 0.045
3964.64396 18.409 0.040
3965.62572 18.299 0.034
3966.62060 18.233 0.039
3967.64701 18.334 0.044
3968.60321 18.277 0.042
3969.61081 18.401 0.045
3970.62375 18.157 0.039
3971.65369 18.250 0.046
3973.68329 18.363 0.059
3974.61793 18.425 0.046
3975.61336 18.231 0.039
3976.60738 18.194 0.039
3979.64042 18.131 0.052
3982.66456 18.495 0.073
3987.60361 18.794 0.066
3988.63689 18.386 0.047
3990.60471 18.124 0.048
3994.55465 17.981 0.043
3996.53044 17.954 0.041
4002.60997 18.469 0.048
4003.56446 18.380 0.039
4005.66028 19.110 0.133
4011.54324 18.445 0.064
4015.57255 18.465 0.080
4017.55030 18.634 0.064
4019.55200 18.079 0.048
4021.55477 18.488 0.075
4024.58423 18.181 0.058
4027.50046 18.631 0.081
4029.53848 18.047 0.051
4150.87776 18.115 0.061
4155.85006 18.286 0.056
4158.81194 18.182 0.047
4160.86318 18.479 0.079
4162.86252 18.092 0.052
4164.90242 18.579 0.068
4167.82999 18.243 0.058
4169.83707 18.356 0.051
4174.85163 18.542 0.057
4176.83333 18.200 0.045
4177.88697 18.333 0.052
4179.78477 18.226 0.048
4180.83650 17.986 0.048
4182.75963 18.203 0.049
4183.79866 18.176 0.047
4184.86674 18.388 0.043
4185.84604 18.181 0.044
4190.86440 18.151 0.042
4192.87675 18.621 0.057
4193.88771 18.328 0.049
4194.90927 18.210 0.042
4202.87905 18.517 0.048
4203.86721 18.326 0.042
4204.86634 18.127 0.041
4205.86282 18.287 0.042
4207.86650 18.574 0.049
4208.89620 18.071 0.037
4213.86428 18.226 0.035
4215.90183 18.623 0.060
4216.82266 18.334 0.055
4217.84500 18.510 0.041
4218.88579 18.177 0.044
4219.92949 18.590 0.080
4220.86703 18.418 0.061
4222.83353 18.454 0.047
4228.82150 18.136 0.052
4229.80032 18.203 0.044
4230.78729 18.214 0.038
4231.80940 18.610 0.056
4232.81764 18.178 0.055
4234.76469 18.187 0.042
4235.78670 18.284 0.045
4238.81052 17.947 0.042
4239.91197 17.825 0.049
4243.70427 18.198 0.059
4244.86611 18.662 0.072
4245.85934 18.347 0.053
4246.91404 18.090 0.053
4250.87990 18.068 0.063
4256.72499 18.126 0.065
4258.72189 18.219 0.050
4268.62538 18.557 0.063
4269.66555 18.123 0.039
4272.71682 18.251 0.042
4273.67624 18.167 0.043
4274.65990 18.221 0.048
4275.71677 18.560 0.075
4277.61589 18.556 0.066
4278.69015 18.023 0.050
4283.63555 18.152 0.042
4284.61940 18.095 0.046
4285.62613 18.047 0.050
4286.72000 18.263 0.072
4289.66547 18.279 0.052
4290.74175 17.906 0.048
4291.74367 18.112 0.050
4292.60478 18.395 0.043
4293.63222 18.170 0.039
4294.60401 18.053 0.042
4295.63336 18.581 0.051
4296.61284 18.535 0.049
4297.60660 18.180 0.040
4298.71617 18.489 0.057
4299.68313 18.511 0.061
4300.80795 18.276 0.056
4301.48544 18.137 0.042
4302.76454 18.424 0.059
4307.59963 18.169 0.040
4310.74933 18.250 0.073
4312.64544 18.219 0.044
4317.63275 18.216 0.054
4319.64051 18.473 0.063
4320.74191 17.968 0.049
4326.65148 18.088 0.048
4327.67980 18.385 0.073
4328.62082 18.305 0.055
4328.75325 17.799 0.052
4329.61162 18.117 0.052
4330.59438 18.208 0.046
4331.62082 17.925 0.044
4332.62596 18.388 0.055
4333.62129 18.342 0.066
4334.61554 18.217 0.071
4338.65548 18.272 0.065
4339.62448 18.314 0.052
4340.55127 18.040 0.055
4341.62294 18.040 0.059
4342.65912 18.470 0.076
4343.63850 18.333 0.060
4344.68793 18.236 0.051
4345.63832 18.128 0.049
4346.64364 18.345 0.067
4347.65766 18.525 0.067
4349.62942 18.191 0.047
4351.62810 18.216 0.062
4357.63953 18.243 0.056
4359.61064 18.125 0.058
4367.60975 18.107 0.069
4370.60870 18.515 0.071
4372.58077 18.456 0.065
4380.59050 18.614 0.078
4515.88575 18.474 0.065
4519.85724 18.315 0.058
4520.84969 18.259 0.070
4523.84802 18.074 0.051
4524.89908 18.615 0.065
4530.88858 18.375 0.041
4534.83531 18.313 0.060
4536.84443 18.145 0.048
4538.85335 18.374 0.054
4540.88321 18.230 0.041
4542.90958 18.506 0.054
4543.87100 18.580 0.053
4544.86779 18.368 0.038
4545.88535 18.121 0.037
4547.91146 18.678 0.059
4550.85907 18.212 0.040
4551.91686 18.288 0.065
4552.91381 18.567 0.075
4556.87825 18.320 0.039
4557.90426 18.614 0.048
4558.83930 18.690 0.054
4559.86849 18.160 0.038
4560.86889 18.114 0.034
4561.85778 18.401 0.035
4564.86200 18.135 0.031
4565.85087 18.222 0.031
4566.85294 18.429 0.040
4567.85719 18.555 0.051
4568.88725 18.191 0.043
4569.87315 18.232 0.040
4570.87843 18.384 0.047
4571.84393 18.417 0.044
4572.88170 18.374 0.056
4573.85747 18.260 0.037
4574.85963 18.091 0.042
4575.87132 18.373 0.048
4579.92365 18.500 0.063
4583.84344 18.222 0.051
4586.82392 18.672 0.074
4587.86169 18.371 0.056
4588.75003 18.587 0.059
4589.78377 18.000 0.039
4590.79815 18.165 0.045
4591.77545 18.387 0.053
4592.78756 18.290 0.057
4593.77298 18.268 0.044
4594.80128 18.175 0.040
4595.79180 18.342 0.042
4596.81236 18.618 0.056
4597.80959 18.350 0.045
4598.77898 18.247 0.034
4599.75838 18.228 0.035
4600.76395 18.261 0.034
4601.76861 18.656 0.054
4602.76619 18.421 0.042
4606.81602 18.520 0.069
4610.88907 18.217 0.054
4611.75028 18.485 0.054
4611.93678 18.238 0.055
4616.74252 18.584 0.056
4617.90991 18.320 0.075
4622.71885 18.150 0.046
4623.79871 18.247 0.059
4624.73753 18.216 0.047
4625.71885 18.117 0.051
4626.77376 17.905 0.047
4627.69819 18.409 0.044
4628.68835 18.241 0.042
4629.75402 18.510 0.054
4630.69386 18.418 0.050
4631.71219 18.512 0.045
4632.73486 18.209 0.038
4633.87471 18.340 0.065
4639.81529 18.195 0.063
4640.79080 18.063 0.050
4641.87604 18.609 0.093
4642.71372 18.085 0.046
4643.67980 18.102 0.041
4644.76288 18.371 0.056
4645.68158 18.462 0.059
4646.64929 18.570 0.047
4647.67046 18.201 0.040
4648.66439 18.166 0.035
4648.77668 18.464 0.061
4649.65460 18.276 0.038
4650.68605 18.614 0.063
4651.69738 18.107 0.045
4652.62583 18.254 0.043
4653.61966 18.122 0.036
4654.65882 18.329 0.047
4655.62310 18.577 0.059
4656.62634 18.361 0.052
4658.78356 18.203 0.059
4660.73392 17.911 0.050
4661.61574 18.412 0.050
4666.54852 18.410 0.057
4671.67237 18.238 0.047
4672.63202 17.999 0.044
4674.66001 18.332 0.056
4677.68471 18.230 0.054
4681.68805 18.084 0.051
4682.64373 18.165 0.042
4683.64163 18.291 0.055
4684.66010 18.198 0.050
4685.68624 18.125 0.043
4686.75880 18.576 0.063
4687.67431 18.213 0.054
4688.62044 18.346 0.056
4694.70453 17.952 0.057
4697.62583 18.456 0.070
4698.64739 18.425 0.064
4700.64258 18.079 0.049
4701.62551 18.266 0.053
4702.64033 18.535 0.069
4704.70160 18.245 0.058
4708.66196 18.097 0.046
4710.67987 18.534 0.069
4720.59302 18.196 0.062
4721.62856 18.337 0.083
4724.64530 18.254 0.067
4726.62151 18.251 0.062
4733.58574 18.023 0.053
4738.54592 18.042 0.052
4741.62790 18.067 0.054
4755.57096 18.636 0.093
4763.50917 18.062 0.047
4876.88193 18.258 0.051
4883.86776 18.017 0.046
4886.83469 18.399 0.055
4888.86223 18.299 0.045
4892.85628 18.166 0.050
4898.82657 18.299 0.051
4901.82942 18.145 0.043
4903.87681 18.663 0.062
4905.87318 18.118 0.051
4912.85796 18.420 0.040
4914.90409 18.221 0.039
4924.75345 18.586 0.050
4925.87117 18.274 0.037
4928.76141 18.367 0.056
4930.80551 18.058 0.042
4931.84992 18.411 0.054
4932.85846 18.597 0.056
4933.85335 18.238 0.056
4934.90917 18.147 0.059
4938.83326 18.127 0.047
4940.77478 18.084 0.041
4941.81051 18.303 0.058
4942.75359 18.375 0.044
4944.75592 18.248 0.045
4945.80900 18.337 0.040
4950.86895 18.561 0.067
4953.84860 18.140 0.050
4954.81784 18.200 0.043
4955.80924 18.250 0.048
