2127.49264 17.599 0.036
2130.52548 17.591 0.026
2133.53959 17.558 0.026
2136.66080 17.435 0.029
2141.65157 17.299 0.029
2165.57403 17.528 0.033
2171.64107 17.431 0.027
2179.53142 17.467 0.033
2189.52642 17.379 0.033
2212.55151 17.433 0.036
2214.50881 17.373 0.039
2337.83855 17.339 0.023
2352.85604 17.497 0.027
2361.85051 17.359 0.027
2373.80531 17.544 0.030
2384.84115 17.483 0.023
2388.84047 17.401 0.023
2390.87877 17.293 0.027
2393.87268 17.403 0.033
2400.82005 17.314 0.022
2402.92676 17.373 0.029
2406.86951 17.346 0.027
2411.72756 17.442 0.025
2415.90281 17.361 0.026
2417.87361 17.463 0.026
2425.90547 17.456 0.048
2428.88365 17.533 0.038
2436.84892 17.302 0.027
2438.83028 17.487 0.027
2445.70148 17.465 0.023
2448.73852 17.422 0.043
2454.75937 17.220 0.022
2460.73247 17.558 0.038
2463.61209 17.470 0.023
2466.58608 17.255 0.020
2468.77360 17.547 0.029
2470.75755 17.281 0.023
2481.63002 17.360 0.033
2484.69221 17.365 0.030
2496.55867 17.388 0.020
2498.59676 17.248 0.017
2500.62291 17.496 0.023
2502.64108 17.320 0.025
2510.53823 17.463 0.025
2516.50144 17.288 0.025
2517.54832 17.541 0.036
2520.65706 17.444 0.025
2529.52356 17.289 0.022
2538.57282 17.557 0.035
2542.56177 17.468 0.030
2548.52699 17.317 0.026
2552.56361 17.306 0.027
2557.52859 17.289 0.025
2561.52454 17.234 0.030
2568.55905 17.283 0.036
2708.87664 17.342 0.023
2719.88282 17.483 0.026
2729.90836 17.287 0.025
2734.88191 17.354 0.023
2747.76627 17.390 0.036
2754.77630 17.543 0.027
2757.84134 17.522 0.030
2763.79445 17.336 0.023
2767.88675 17.467 0.038
2775.79219 17.464 0.042
2776.74712 17.556 0.068
2783.88124 17.305 0.020
2785.74758 17.242 0.023
2788.62706 17.293 0.023
2790.77342 17.395 0.026
2793.70035 17.487 0.029
2795.66008 17.224 0.019
2797.67119 17.491 0.022
2809.79129 17.248 0.025
2811.71174 17.297 0.026
2812.84101 17.219 0.022
2813.88477 17.550 0.033
2815.86552 17.256 0.026
2817.76399 17.252 0.023
2819.67439 17.290 0.022
2821.72355 17.495 0.025
2830.69583 17.446 0.036
2835.70531 17.230 0.023
2837.71574 17.639 0.053
2837.72636 17.529 0.036
2839.77552 17.405 0.030
2841.79666 17.250 0.023
2843.72394 17.241 0.023
2845.71360 17.514 0.026
2850.60965 17.280 0.020
2852.62098 17.498 0.035
2854.61447 17.381 0.033
2857.52473 17.511 0.027
2858.73701 17.378 0.025
2862.64805 17.481 0.033
2865.62820 17.310 0.022
2868.62447 17.479 0.023
2871.70514 17.381 0.023
2876.70616 17.331 0.027
2879.67149 17.579 0.035
2884.70266 17.348 0.029
2893.57912 17.578 0.026
2894.68868 17.479 0.043
2900.52069 17.347 0.030
2902.50765 17.518 0.039
2902.56893 17.472 0.035
2911.48851 17.715 0.052
2911.57467 17.270 0.023
2915.50114 17.513 0.038
2916.53807 17.294 0.026
2918.51439 17.499 0.040
2918.61736 17.403 0.036
2920.53590 17.338 0.035
2923.53261 17.503 0.029
2925.51987 17.250 0.025
2928.53355 17.346 0.026
2931.57537 17.390 0.026
2941.53293 17.309 0.030
2943.51756 17.577 0.058
2945.52105 17.360 0.039
2946.53105 17.444 0.043
2947.50418 17.405 0.040
2949.52444 17.374 0.038
2952.51303 17.566 0.040
3052.88528 17.248 0.020
3059.87127 17.507 0.025
3064.88260 17.261 0.019
3068.83566 17.475 0.025
3071.88823 17.515 0.029
3073.89738 17.414 0.022
3077.78752 17.541 0.069
3080.83666 17.560 0.027
3083.78214 17.300 0.020
3085.89478 17.238 0.019
3087.82941 17.343 0.022
3089.84616 17.302 0.017
3091.84716 17.500 0.025
3097.82977 17.428 0.022
3099.85579 17.463 0.026
3101.82508 17.502 0.029
3102.85744 17.352 0.023
3104.77304 17.314 0.039
3106.91961 17.501 0.029
3108.80978 17.418 0.020
3109.92371 17.302 0.023
3110.89960 17.430 0.025
3112.85658 17.577 0.027
3114.85159 17.286 0.020
3116.83917 17.488 0.027
3122.84571 17.339 0.029
3125.91211 17.316 0.029
3126.80864 17.425 0.022
3127.89468 17.500 0.027
3128.88396 17.591 0.033
3130.76155 17.586 0.033
3131.62683 17.298 0.039
3134.89694 17.369 0.052
3135.78184 17.335 0.020
3137.83266 17.549 0.033
3138.71898 17.331 0.023
3140.69072 17.569 0.027
3140.92453 17.458 0.027
3141.75583 17.318 0.022
3142.83011 17.419 0.023
3144.84808 17.445 0.025
3146.91449 17.297 0.022
3147.93011 17.554 0.032
3151.82208 17.350 0.030
3152.82177 17.310 0.025
3153.82032 17.399 0.027
3154.91417 17.282 0.030
3157.89424 17.410 0.026
3158.70679 17.227 0.032
3162.85806 17.325 0.023
3163.82039 17.323 0.020
3164.80613 17.232 0.022
3164.91362 17.546 0.032
3165.65940 17.468 0.020
3167.66895 17.304 0.026
3168.81925 17.282 0.020
3169.84520 17.527 0.027
3170.87472 17.340 0.020
3171.72096 17.375 0.020
3173.80646 17.386 0.025
3174.77372 17.401 0.023
3175.85466 17.267 0.022
3177.83028 17.410 0.033
3177.87045 17.434 0.035
3178.73862 17.313 0.023
3179.57316 17.526 0.027
3179.87501 17.334 0.025
3180.79155 17.302 0.019
3182.85180 17.498 0.026
3183.80760 17.645 0.042
3184.80213 17.339 0.023
3185.62111 17.351 0.020
3193.61639 17.278 0.019
3194.51607 17.333 0.026
3194.80682 17.518 0.026
3195.73994 17.320 0.019
3196.59282 17.439 0.025
3196.83560 17.248 0.022
3197.78129 17.322 0.022
3199.77783 17.592 0.032
3201.82500 17.320 0.025
3202.77239 17.287 0.020
3203.60153 17.547 0.020
3204.74958 17.587 0.026
3205.67988 17.472 0.022
3206.78635 17.288 0.026
3210.56345 17.289 0.025
3211.74340 17.310 0.025
3217.71929 17.614 0.032
3218.73029 17.370 0.033
3223.71933 17.395 0.029
3224.76382 17.516 0.030
3226.70093 17.671 0.042
3228.68484 17.287 0.023
3229.71559 17.525 0.029
3230.73148 17.382 0.025
3231.65872 17.580 0.036
3238.68330 17.598 0.032
3240.53246 17.321 0.022
3241.71615 17.551 0.040
3245.64511 17.251 0.023
3247.50641 17.419 0.025
3249.61883 17.380 0.027
3251.52181 17.391 0.029
3254.58523 17.536 0.042
3254.60337 17.473 0.035
3257.54135 17.400 0.020
3260.58683 17.607 0.043
3265.53978 17.420 0.026
3267.59805 17.417 0.027
3273.49303 17.355 0.036
3277.51639 17.374 0.029
3280.51728 17.353 0.027
3282.58800 17.473 0.020
3289.52213 17.354 0.030
3294.51743 17.466 0.026
3296.51654 17.464 0.027
3302.51368 17.399 0.033
3418.85647 17.458 0.023
3423.88449 17.396 0.017
3427.83821 17.548 0.029
3430.82363 17.280 0.023
3436.87024 17.347 0.025
3443.84135 17.513 0.020
3445.86984 17.274 0.016
3447.91417 17.363 0.023
3450.79379 17.237 0.016
3453.83722 17.296 0.022
3455.90273 17.434 0.026
3458.87243 17.373 0.022
3459.88767 17.569 0.025
3468.87111 17.396 0.019
3469.87383 17.196 0.016
3472.85873 17.522 0.020
3474.79238 17.447 0.027
3476.76889 17.266 0.016
3478.86428 17.373 0.019
3480.87992 17.466 0.023
3483.81316 17.345 0.019
3496.90816 17.363 0.027
3497.89513 17.272 0.020
3500.90419 17.444 0.025
3502.88603 17.309 0.020
3503.86558 17.334 0.017
3506.92865 17.390 0.023
3508.90602 17.543 0.035
3509.88882 17.311 0.020
3511.91239 17.508 0.022
3512.89895 17.511 0.025
3520.66452 17.428 0.023
3521.79522 17.413 0.023
3522.86285 17.329 0.023
3524.85412 17.410 0.020
3527.63741 17.355 0.020
3528.88175 17.597 0.027
3529.92056 17.325 0.020
3530.86006 17.341 0.017
3530.89144 17.246 0.016
3538.84960 17.430 0.022
3541.88376 17.488 0.027
3544.88117 17.447 0.030
3547.84861 17.354 0.025
3550.82541 17.480 0.020
3551.83741 17.308 0.019
3552.83279 17.296 0.023
3553.84921 17.533 0.036
3554.86177 17.542 0.027
3556.84383 17.274 0.027
3558.62075 17.565 0.025
3559.62914 17.412 0.022
3560.70553 17.460 0.022
3561.61274 17.299 0.019
3562.66012 17.499 0.022
3563.72478 17.282 0.019
3569.65276 17.424 0.040
3573.78319 17.335 0.026
3574.75539 17.238 0.022
3575.69734 17.288 0.017
3576.76398 17.561 0.030
3578.73843 17.313 0.019
3579.68698 17.295 0.019
3580.72663 17.465 0.025
3581.73649 17.584 0.032
3582.68542 17.553 0.022
3583.70361 17.345 0.020
3584.70749 17.270 0.016
3585.70614 17.542 0.020
3586.76021 17.262 0.017
3589.74962 17.436 0.026
3590.74584 17.252 0.020
3591.72745 17.262 0.017
3592.69868 17.277 0.017
3602.72243 17.500 0.030
3603.71741 17.261 0.023
3607.70138 17.441 0.032
3608.69401 17.294 0.019
3615.65173 17.518 0.023
3617.61334 17.429 0.027
3619.61046 17.338 0.019
3621.65213 17.265 0.020
3629.53639 17.480 0.023
3631.56527 17.228 0.023
3633.59022 17.503 0.033
3640.52361 17.349 0.026
3644.59942 17.476 0.025
3649.57542 17.494 0.027
3652.54937 17.253 0.027
3656.54217 17.307 0.026
3660.54635 17.235 0.025
3665.52914 17.310 0.026
3670.51476 17.566 0.045
3778.83898 17.517 0.033
3783.87785 17.342 0.019
3785.88885 17.396 0.020
3788.89285 17.285 0.023
3792.88301 17.228 0.017
3794.88217 17.489 0.020
3796.87393 17.270 0.022
3797.87358 17.300 0.019
3800.85466 17.354 0.026
3802.80158 17.264 0.020
3803.83417 17.567 0.025
3804.88134 17.329 0.022
3806.89384 17.542 0.023
3808.87882 17.280 0.020
3810.79480 17.223 0.020
3812.78097 17.460 0.027
3814.77188 17.355 0.023
3818.83681 17.258 0.019
3819.89625 17.424 0.019
3820.88848 17.291 0.017
3821.89985 17.340 0.019
3822.91170 17.568 0.023
3824.90671 17.333 0.026
3825.89881 17.310 0.020
3827.89794 17.475 0.019
3828.91008 17.319 0.022
3829.90596 17.316 0.017
3830.87240 17.458 0.022
3832.90018 17.244 0.020
3833.88858 17.326 0.019
3834.81375 17.265 0.017
3835.86617 17.496 0.019
3836.87564 17.369 0.020
3837.85442 17.253 0.022
3838.85856 17.302 0.022
3839.87761 17.512 0.035
3840.86161 17.491 0.023
3841.84491 17.344 0.020
3842.75882 17.552 0.030
3842.91983 17.535 0.042
3845.84883 17.343 0.025
3846.71510 17.466 0.023
3846.80557 17.359 0.022
3846.85327 17.325 0.019
3846.87629 17.313 0.019
3847.75226 17.435 0.033
3847.82054 17.328 0.025
3847.89514 17.528 0.027
3848.72298 17.372 0.026
3848.86886 17.515 0.026
3849.79450 17.563 0.025
3849.89807 17.317 0.023
3850.77485 17.517 0.025
3850.81814 17.252 0.020
3851.82444 17.308 0.023
3852.81654 17.440 0.022
3853.80577 17.528 0.020
3856.79449 17.392 0.023
3858.85849 17.315 0.023
3859.90354 17.678 0.040
3860.84985 17.572 0.032
3861.86512 17.316 0.020
3862.80831 17.342 0.017
3863.78655 17.256 0.017
3864.80999 17.377 0.019
3865.77276 17.421 0.022
3866.73792 17.525 0.022
3867.74527 17.476 0.025
3868.74068 17.270 0.025
3869.72240 17.309 0.025
3873.72588 17.235 0.019
3874.77265 17.666 0.036
3875.75451 17.438 0.019
3877.71423 17.290 0.019
3880.78102 17.268 0.019
3881.78959 17.416 0.019
3882.72454 17.376 0.023
3883.77631 17.455 0.025
3886.73703 17.307 0.022
3887.71964 17.542 0.022
3889.88139 17.371 0.020
3891.56362 17.584 0.032
3891.61303 17.393 0.030
3891.63945 17.213 0.019
3891.69591 17.345 0.020
3891.76121 17.532 0.026
3891.79042 17.432 0.027
3891.84331 17.252 0.019
3891.87263 17.378 0.023
3891.89888 17.449 0.022
3891.92840 17.681 0.036
3892.55994 17.402 0.030
3892.60171 17.269 0.026
3892.65472 17.410 0.022
3892.70783 17.504 0.023
3892.74826 17.299 0.019
3892.77152 17.268 0.023
3892.78801 17.296 0.020
3892.79952 17.367 0.026
3892.81086 17.313 0.023
3892.81945 17.298 0.020
3892.82926 17.313 0.019
3892.83880 17.412 0.022
3892.84727 17.407 0.019
3892.85576 17.448 0.022
3892.86425 17.384 0.020
3892.87280 17.421 0.020
3892.87877 17.399 0.023
3892.88172 17.543 0.023
3892.88890 17.483 0.027
3892.89802 17.466 0.022
3892.90654 17.451 0.020
3892.91499 17.442 0.023
3892.92344 17.444 0.027
3892.93584 17.344 0.026
3892.94431 17.334 0.025
3892.95031 17.318 0.033
3893.56991 17.283 0.027
3893.58569 17.268 0.022
3893.59690 17.265 0.025
3893.61014 17.371 0.025
3893.62494 17.466 0.025
3893.63634 17.490 0.032
3893.64795 17.452 0.022
3893.65940 17.479 0.026
3893.67057 17.477 0.022
3893.68608 17.498 0.026
3893.70033 17.429 0.029
3893.71440 17.405 0.030
3893.73205 17.413 0.032
3893.74617 17.349 0.027
3893.75753 17.407 0.032
3893.76808 17.406 0.033
3893.77947 17.384 0.027
3893.78808 17.418 0.030
3893.79661 17.434 0.025
3893.80245 17.470 0.032
3893.80847 17.563 0.032
3893.81415 17.579 0.030
3893.82352 17.574 0.030
3893.83208 17.676 0.039
3893.84058 17.624 0.036
3893.85486 17.630 0.035
3893.86397 17.538 0.029
3893.87241 17.488 0.030
3893.88944 17.363 0.025
3893.89846 17.327 0.022
3893.90467 17.339 0.030
3893.91353 17.300 0.026
3893.92196 17.367 0.033
3893.93125 17.242 0.027
3894.62941 17.582 0.035
3894.71865 17.269 0.020
3894.75976 17.430 0.027
3894.79842 17.584 0.033
3894.81652 17.531 0.030
3894.84943 17.405 0.029
3894.88216 17.330 0.025
3896.56699 17.442 0.039
3896.76695 17.340 0.025
3896.81567 17.352 0.038
3900.66370 17.431 0.030
3901.66924 17.493 0.026
3902.68675 17.271 0.019
3903.82755 17.328 0.022
3904.66661 17.346 0.017
3905.67729 17.550 0.022
3906.65513 17.384 0.020
3907.72116 17.491 0.030
3908.66105 17.348 0.017
3909.65918 17.467 0.017
3912.66327 17.291 0.015
3913.66345 17.562 0.020
3914.71120 17.213 0.015
3915.66035 17.233 0.017
3916.74209 17.665 0.038
3917.75925 17.289 0.022
3918.75957 17.356 0.020
3919.68974 17.325 0.017
3920.64343 17.300 0.023
3921.65189 17.573 0.033
3930.71353 17.316 0.020
3931.62970 17.427 0.023
3932.59358 17.359 0.017
3933.64044 17.353 0.016
3934.60747 17.404 0.019
3934.81265 17.484 0.027
3935.58848 17.472 0.022
3936.57355 17.525 0.025
3937.65232 17.398 0.022
3938.61780 17.459 0.020
3940.75860 17.494 0.019
3944.71363 17.434 0.020
3945.64988 17.397 0.022
3946.64570 17.476 0.023
3950.66124 17.500 0.023
3951.67204 17.579 0.043
3957.72126 17.636 0.043
3959.63284 17.493 0.025
3960.62396 17.340 0.019
3963.62937 17.481 0.022
3964.66552 17.285 0.017
3965.64038 17.291 0.016
3966.63486 17.435 0.023
3967.65827 17.502 0.023
3968.61778 17.498 0.025
3969.62825 17.335 0.025
3970.63501 17.396 0.023
3971.66636 17.465 0.022
3973.69459 17.460 0.026
3974.63214 17.376 0.022
3975.62468 17.536 0.023
3976.61864 17.508 0.026
3979.65381 17.561 0.032
3982.68651 17.695 0.052
3986.66715 17.485 0.033
3987.61592 17.429 0.020
3988.64806 17.373 0.020
3989.56620 17.568 0.030
3991.56760 17.396 0.029
3995.51543 17.375 0.023
4001.58578 17.415 0.022
4002.62140 17.253 0.022
4003.57586 17.250 0.016
4011.55918 17.299 0.027
4015.58814 17.276 0.027
4017.56182 17.558 0.027
4019.56318 17.324 0.025
4021.58609 17.562 0.032
4025.50433 17.228 0.022
4027.51210 17.508 0.029
4029.55363 17.475 0.035
4151.89462 17.302 0.030
4155.85862 17.396 0.026
4158.82038 17.355 0.026
4160.87996 17.336 0.033
4162.87113 17.497 0.033
4165.85556 17.268 0.027
4167.84848 17.478 0.039
4169.85083 17.309 0.023
4174.86490 17.540 0.029
4176.84219 17.348 0.023
4177.89909 17.445 0.026
4179.79339 17.387 0.026
4180.84536 17.449 0.033
4182.77029 17.341 0.023
4183.80723 17.392 0.026
4185.78299 17.509 0.029
4190.88106 17.517 0.026
4192.88525 17.267 0.022
4193.89627 17.337 0.025
4196.87591 17.333 0.023
4202.88754 17.436 0.023
4203.87569 17.537 0.023
4204.88251 17.315 0.022
4205.87133 17.222 0.020
4207.89526 17.483 0.023
4208.90473 17.262 0.023
4213.87617 17.228 0.019
4215.91036 17.495 0.026
4216.83484 17.569 0.027
4217.85713 17.303 0.017
4218.90147 17.397 0.022
4220.88284 17.441 0.032
4222.84532 17.287 0.023
4228.84926 17.514 0.032
4229.81471 17.518 0.027
4230.79584 17.390 0.022
4231.83814 17.324 0.023
4232.85909 17.680 0.046
4234.79379 17.435 0.022
4234.83126 17.253 0.020
4235.81766 17.302 0.022
4237.63453 17.500 0.036
4238.82223 17.369 0.029
4240.61593 17.332 0.033
4243.86855 17.406 0.030
4244.87526 17.537 0.030
4245.90971 17.256 0.025
4246.92260 17.416 0.030
4247.57968 17.476 0.023
4250.90891 17.348 0.032
4256.80725 17.389 0.030
4257.69115 17.376 0.029
4258.79426 17.532 0.030
4268.57531 17.381 0.030
4269.71511 17.365 0.022
4272.63695 17.262 0.020
4273.68439 17.453 0.029
4274.66824 17.359 0.026
4275.72502 17.421 0.027
4277.56591 17.268 0.032
4278.69899 17.291 0.027
4283.64600 17.267 0.022
4284.62746 17.309 0.026
4285.63443 17.437 0.032
4286.72817 17.433 0.045
4289.67790 17.647 0.043
4290.75709 17.440 0.033
4291.75529 17.517 0.032
4292.61284 17.267 0.020
4293.64058 17.408 0.022
4294.68184 17.333 0.022
4295.64185 17.355 0.022
4296.62102 17.230 0.020
4297.55254 17.330 0.020
4298.78340 17.528 0.038
4299.75421 17.493 0.023
4300.68421 17.450 0.027
4301.55350 17.302 0.020
4302.78742 17.412 0.030
4306.54448 17.318 0.032
4307.56495 17.491 0.026
4311.58698 17.467 0.032
4312.65423 17.284 0.022
4317.64131 17.302 0.025
4319.65029 17.389 0.027
4326.65949 17.571 0.033
4327.69448 17.345 0.029
4328.62925 17.316 0.023
4329.62066 17.300 0.026
4330.63389 17.420 0.025
4331.62930 17.599 0.030
4332.68398 17.278 0.023
4333.63312 17.272 0.027
4334.64657 17.508 0.042
4338.66618 17.461 0.036
4339.63617 17.523 0.032
4340.69934 17.322 0.030
4341.67691 17.386 0.040
4342.67723 17.536 0.036
4343.64705 17.483 0.027
4345.64690 17.331 0.029
4346.65206 17.504 0.039
4347.66621 17.442 0.026
4348.65230 17.301 0.025
4349.64122 17.274 0.022
4350.66581 17.555 0.029
4351.63668 17.468 0.027
4354.64540 17.377 0.029
4357.58348 17.526 0.038
4359.55225 17.298 0.030
4365.59842 17.446 0.036
4368.60145 17.596 0.045
4370.55708 17.390 0.022
4372.58990 17.476 0.026
4377.55063 17.489 0.030
4381.59301 17.531 0.039
4515.89415 17.248 0.027
4520.87316 17.209 0.027
4523.85670 17.418 0.035
4525.85142 17.271 0.033
4532.87629 17.265 0.022
4534.90067 17.503 0.033
4536.91052 17.346 0.030
4537.79173 17.389 0.030
4538.90513 17.536 0.029
4539.79651 17.466 0.026
4541.82839 17.233 0.026
4543.81809 17.478 0.025
4544.81498 17.450 0.029
4545.83249 17.295 0.023
4547.80632 17.447 0.026
4550.80535 17.285 0.029
4552.79539 17.589 0.038
4556.88713 17.271 0.019
4557.91279 17.433 0.022
4558.87930 17.468 0.026
4559.87723 17.493 0.025
4560.87740 17.289 0.017
4561.86646 17.261 0.017
4564.87058 17.345 0.019
4565.86027 17.203 0.016
4566.86148 17.401 0.020
4567.86705 17.497 0.022
4568.89900 17.214 0.019
4569.88223 17.309 0.020
4570.89077 17.454 0.023
4571.85247 17.527 0.022
4572.89085 17.392 0.029
4573.86609 17.219 0.017
4574.87463 17.352 0.023
4575.88264 17.477 0.022
4583.77483 17.276 0.032
4585.83584 17.338 0.022
4586.85864 17.269 0.022
4587.87053 17.531 0.036
4588.76070 17.252 0.020
4589.73009 17.384 0.025
4590.80974 17.331 0.023
4591.72256 17.482 0.025
4592.79611 17.418 0.026
4593.78156 17.464 0.025
4594.80991 17.272 0.020
4595.80073 17.259 0.019
4596.75640 17.225 0.017
4597.81820 17.530 0.026
4598.78774 17.428 0.019
4599.76696 17.297 0.019
4600.78934 17.327 0.017
4601.77792 17.435 0.020
4602.78159 17.479 0.020
4606.83528 17.295 0.022
4611.75902 17.376 0.025
4616.75119 17.279 0.019
4616.93346 17.267 0.029
4617.93551 17.363 0.035
4618.65557 17.324 0.023
4622.73428 17.404 0.025
4623.80734 17.304 0.026
4624.74608 17.341 0.025
4625.72906 17.299 0.025
4626.79113 17.614 0.035
4627.70838 17.495 0.023
4628.69722 17.535 0.025
4629.76675 17.327 0.019
4630.70592 17.261 0.019
4631.72119 17.526 0.020
4632.75564 17.325 0.020
4633.89110 17.354 0.030
4639.84375 17.310 0.040
4640.84821 17.475 0.039
4641.88578 17.377 0.033
4642.53163 17.274 0.026
4643.68802 17.340 0.023
4644.77814 17.266 0.020
4645.69045 17.485 0.025
4646.65772 17.321 0.017
4647.67912 17.311 0.022
4649.66422 17.548 0.027
4650.70224 17.297 0.020
4652.63544 17.278 0.022
4653.63041 17.406 0.022
4654.66744 17.320 0.025
4655.63866 17.289 0.020
4656.63478 17.288 0.022
4658.79201 17.473 0.033
4661.62443 17.320 0.020
4666.49566 17.339 0.030
4670.72713 17.266 0.025
4671.68075 17.270 0.020
4672.64049 17.288 0.026
4674.66842 17.465 0.026
4675.79331 17.526 0.036
4677.71262 17.492 0.026
4679.67646 17.371 0.030
4681.69650 17.667 0.036
4682.69417 17.382 0.022
4683.65020 17.345 0.026
4684.66895 17.385 0.029
4684.76213 17.594 0.032
4685.69478 17.450 0.025
4686.76734 17.290 0.022
4687.68306 17.343 0.026
4688.62890 17.279 0.020
4694.71302 17.278 0.036
4697.63780 17.283 0.026
4698.65588 17.476 0.030
4700.65113 17.327 0.022
4701.63445 17.272 0.022
4702.64888 17.508 0.027
4708.67055 17.264 0.023
4715.63159 17.580 0.036
4720.63727 17.378 0.039
4721.63747 17.298 0.035
4722.63531 17.413 0.032
4725.60818 17.338 0.032
4726.63643 17.426 0.036
4733.59746 17.391 0.032
4750.53956 17.617 0.039
4756.57260 17.382 0.039
4763.52275 17.454 0.030
4876.89046 17.397 0.030
4883.87669 17.258 0.029
4886.84343 17.555 0.030
4890.81594 17.380 0.030
4892.89878 17.400 0.035
4894.86690 17.567 0.030
4898.85111 17.485 0.025
4900.84568 17.302 0.023
4901.89728 17.501 0.022
4902.82292 17.378 0.023
4903.88557 17.353 0.022
4904.85105 17.251 0.020
4906.90410 17.426 0.026
4911.88629 17.338 0.017
4913.89968 17.478 0.022
4924.89491 17.250 0.019
4926.74570 17.398 0.025
4928.80163 17.687 0.040
4930.73708 17.521 0.033
4931.87923 17.423 0.025
4932.78711 17.460 0.023
4933.73133 17.546 0.033
4934.83292 17.335 0.025
4938.84144 17.282 0.023
4940.78616 17.526 0.026
4941.83801 17.293 0.022
4942.86341 17.393 0.022
4943.72061 17.367 0.020
4944.78550 17.477 0.022
4949.79994 17.455 0.020
4950.70868 17.426 0.026
4951.82490 17.336 0.025
4953.72950 17.350 0.022
4954.84702 17.300 0.020
4955.84517 17.456 0.027
