2117.76789 18.856 0.076
2128.72516 19.091 0.092
2131.58826 19.236 0.085
2135.61199 19.091 0.062
2140.59428 19.390 0.114
2143.70129 19.381 0.098
2165.54578 19.064 0.088
2172.49731 18.891 0.091
2185.52550 19.323 0.124
2200.57316 18.686 0.089
2329.85926 19.162 0.071
2346.84935 19.183 0.082
2351.88112 19.115 0.076
2360.88722 19.351 0.098
2371.86103 19.428 0.103
2381.87356 19.202 0.077
2385.88876 19.042 0.071
2389.89999 19.209 0.089
2391.79138 19.069 0.125
2399.78861 19.032 0.058
2402.88743 19.108 0.092
2405.72461 18.921 0.068
2415.75629 18.957 0.089
2417.82042 19.362 0.128
2432.68343 18.859 0.101
2433.89624 19.003 0.115
2435.69728 19.328 0.098
2437.76330 19.005 0.083
2439.70686 19.140 0.077
2441.66694 19.108 0.065
2444.67881 18.974 0.078
2452.69499 19.261 0.121
2458.81036 18.967 0.076
2462.61740 19.159 0.069
2464.63091 19.108 0.072
2467.52042 19.179 0.080
2469.53017 19.219 0.071
2471.71439 19.183 0.065
2473.51921 19.230 0.127
2483.59915 19.352 0.100
2486.57779 18.181 0.053
2490.54968 19.416 0.114
2493.50791 19.002 0.076
2495.58250 19.113 0.112
2497.63855 19.102 0.068
2499.68449 19.142 0.068
2501.70264 19.132 0.075
2508.52109 19.235 0.114
2511.69962 18.748 0.088
2518.61879 18.857 0.072
2521.63086 19.226 0.101
2535.55818 19.038 0.101
2541.48198 19.222 0.119
2546.57507 18.878 0.084
2551.48686 18.935 0.108
2555.58278 18.445 0.080
2562.53603 19.686 0.198
2573.50466 18.958 0.128
2704.87189 19.489 0.107
2713.85937 19.054 0.085
2727.90738 19.078 0.068
2732.91958 19.203 0.092
2743.91251 19.139 0.068
2752.82017 18.994 0.085
2755.92973 19.078 0.081
2759.92160 19.319 0.103
2766.79211 19.575 0.100
2770.67722 19.448 0.122
2782.91819 18.545 0.088
2784.89795 18.914 0.076
2786.75619 18.952 0.112
2789.62870 19.072 0.089
2791.58824 19.071 0.091
2794.74512 19.067 0.094
2796.69003 19.302 0.074
2802.77770 18.925 0.102
2808.80857 19.048 0.095
2810.71641 19.109 0.076
2812.67854 19.097 0.076
2813.76838 19.095 0.083
2815.70311 19.092 0.067
2816.83885 19.250 0.103
2817.84748 18.903 0.092
2818.64762 19.226 0.092
2819.64172 19.251 0.080
2821.61186 19.343 0.098
2830.65302 19.384 0.118
2835.57860 18.544 0.096
2836.80990 18.896 0.149
2838.70460 18.937 0.085
2840.68242 19.331 0.090
2842.74893 19.038 0.087
2844.74561 19.350 0.083
2849.66004 19.011 0.080
2851.67782 19.053 0.083
2853.68331 19.445 0.107
2856.56424 19.214 0.095
2858.53365 19.175 0.088
2859.50691 19.227 0.184
2860.68724 19.007 0.120
2862.70512 19.148 0.125
2865.64002 19.397 0.112
2867.67732 19.199 0.083
2869.69118 19.483 0.130
2872.57811 19.263 0.101
2877.55029 19.602 0.129
2882.60803 19.443 0.095
2889.55557 18.963 0.116
2894.62791 18.928 0.096
2898.61431 19.270 0.108
2903.55732 18.793 0.060
2907.61488 18.329 0.067
2916.55063 19.585 0.148
2925.57768 19.215 0.126
2937.53884 18.867 0.091
3049.87887 19.208 0.080
3057.89462 19.665 0.141
3061.86926 19.150 0.094
3067.80588 19.203 0.080
3069.87940 19.530 0.107
3072.84069 19.170 0.075
3074.87614 19.594 0.112
3081.76169 19.175 0.099
3083.86201 18.998 0.066
3085.81587 19.078 0.072
3087.76580 19.180 0.111
3089.75316 19.631 0.121
3090.91121 19.456 0.095
3096.75475 19.231 0.110
3098.75684 19.066 0.076
3099.75529 19.171 0.121
3101.74887 19.182 0.124
3103.75722 19.017 0.085
3107.75045 19.151 0.069
3108.90664 19.285 0.089
3109.72562 19.129 0.070
3110.74050 19.317 0.094
3111.79718 19.318 0.095
3112.73618 19.327 0.097
3113.77943 19.132 0.065
3114.71898 19.077 0.064
3115.77818 19.465 0.093
3118.83484 19.014 0.077
3122.78815 19.148 0.098
3125.76565 19.021 0.112
3126.77191 19.190 0.074
3127.70541 19.262 0.085
3128.72473 19.578 0.136
3129.70314 19.531 0.150
3130.87934 19.295 0.132
3134.67627 19.765 0.278
3137.72454 18.778 0.083
3138.88130 19.171 0.088
3139.74388 19.578 0.096
3140.77995 19.171 0.072
3141.88087 19.627 0.105
3144.69893 19.284 0.087
3146.66051 19.395 0.139
3151.65858 18.993 0.106
3152.66395 19.564 0.116
3153.66633 19.086 0.082
3154.74755 18.946 0.085
3156.65791 19.175 0.092
3158.69432 19.214 0.184
3162.71136 19.516 0.120
3163.67748 19.437 0.096
3163.90158 19.313 0.123
3164.64001 19.314 0.083
3166.70326 19.034 0.095
3167.85627 18.906 0.080
3168.65946 19.644 0.115
3169.62998 19.617 0.101
3169.92325 19.006 0.122
3170.86325 19.269 0.080
3171.65746 19.154 0.067
3172.63600 19.021 0.062
3174.62218 19.381 0.074
3175.62072 19.511 0.101
3176.65313 18.926 0.065
3178.68303 19.125 0.086
3179.71349 19.121 0.079
3180.60562 19.465 0.080
3182.66311 18.819 0.068
3183.62699 19.072 0.085
3184.59772 19.139 0.067
3185.70807 19.139 0.090
3192.74372 19.132 0.090
3193.77456 19.346 0.107
3194.69791 19.236 0.094
3195.57695 19.083 0.064
3196.65475 19.517 0.114
3196.82362 18.770 0.075
3197.64795 19.396 0.106
3199.60292 19.117 0.077
3202.65086 19.533 0.118
3203.78109 19.357 0.082
3205.58756 19.168 0.061
3206.56943 19.083 0.063
3207.57630 19.251 0.114
3210.80387 19.666 0.181
3211.56300 19.094 0.077
3212.56795 18.923 0.092
3217.56427 18.964 0.128
3218.56335 19.074 0.092
3223.55691 18.692 0.076
3224.56858 19.140 0.071
3226.52351 19.108 0.100
3229.53218 19.030 0.067
3230.57250 19.180 0.085
3239.68088 19.004 0.092
3244.66669 19.293 0.147
3246.61762 18.884 0.092
3248.57739 19.213 0.118
3250.56254 19.017 0.078
3253.50358 19.022 0.068
3255.67376 18.100 0.053
3258.59828 18.887 0.092
3262.54500 18.953 0.079
3266.55243 18.620 0.085
3268.62059 18.984 0.076
3274.51372 19.001 0.095
3278.53163 18.681 0.068
3280.58992 19.040 0.080
3287.52140 19.099 0.091
3292.50883 18.662 0.062
3308.51938 18.296 0.070
3311.52357 18.896 0.105
3432.83406 19.456 0.131
3442.79915 19.437 0.115
3444.85326 19.083 0.067
3446.88177 19.443 0.105
3448.91254 19.037 0.065
3452.79656 19.202 0.087
3454.85368 18.954 0.077
3468.81200 19.162 0.064
3470.78162 19.758 0.111
3473.81013 19.155 0.080
3475.73195 19.144 0.069
3477.81734 19.144 0.079
3479.87994 19.582 0.080
3481.69411 19.093 0.086
3483.76900 19.354 0.082
3496.87904 19.791 0.166
3497.69438 18.925 0.094
3499.91197 19.041 0.063
3500.83822 19.153 0.065
3501.72170 19.003 0.077
3502.87665 19.399 0.110
3503.79415 19.604 0.094
3504.76255 19.549 0.101
3508.68061 19.049 0.094
3509.66796 18.919 0.065
3512.74464 19.074 0.087
3520.61947 19.048 0.092
3521.78484 19.315 0.084
3522.64138 19.186 0.074
3523.67270 19.434 0.096
3524.65678 19.253 0.094
3525.83539 19.481 0.089
3526.84238 19.013 0.059
3527.85358 18.878 0.077
3528.81758 18.949 0.080
3529.90484 19.580 0.104
3530.76146 19.137 0.058
3538.77779 19.141 0.067
3541.85228 19.504 0.109
3547.67093 18.756 0.089
3550.75003 19.050 0.059
3551.69579 19.201 0.058
3552.80112 18.795 0.085
3553.65425 19.076 0.080
3554.63794 19.088 0.096
3556.61819 19.410 0.095
3558.68139 18.960 0.056
3559.76133 19.378 0.081
3560.78367 19.304 0.071
3561.69352 19.595 0.086
3562.49663 19.278 0.071
3563.55040 19.252 0.077
3564.69227 18.641 0.066
3569.79367 19.542 0.144
3573.54850 19.024 0.096
3574.60304 19.495 0.132
3575.59190 19.365 0.074
3576.64612 19.148 0.071
3577.62212 19.210 0.077
3578.57562 19.157 0.062
3579.55937 19.385 0.074
3580.54607 19.313 0.076
3581.58628 19.369 0.089
3582.53472 19.236 0.086
3583.57420 19.141 0.076
3584.56045 19.099 0.061
3585.55103 19.233 0.074
3586.61612 19.080 0.067
3587.68385 18.959 0.076
3589.58959 19.123 0.049
3590.54725 19.187 0.071
3591.62590 19.326 0.070
3593.51237 19.862 0.114
3594.62755 19.312 0.080
3601.52574 19.151 0.069
3602.54051 19.540 0.137
3603.53142 19.483 0.120
3607.54725 19.300 0.081
3608.53912 19.322 0.103
3617.54273 18.989 0.085
3620.61826 19.016 0.066
3629.60221 19.490 0.141
3632.52344 19.333 0.116
3634.58544 18.961 0.072
3640.61046 19.437 0.124
3643.53155 19.251 0.129
3651.52948 18.870 0.070
3653.55755 19.353 0.184
3774.87035 19.326 0.086
3780.85003 19.372 0.122
3815.76254 19.588 0.313
3815.77193 19.323 0.234
3815.78916 19.169 0.089
3815.79256 19.181 0.087
3815.81208 19.063 0.075
3815.82224 19.193 0.089
3815.83289 19.013 0.070
3815.87279 19.135 0.070
3882.93810 19.518 0.110
3890.59060 19.431 0.107
3890.62821 19.520 0.104
3890.64665 19.366 0.088
3890.66383 19.196 0.071
3890.67287 19.230 0.071
3890.68170 19.300 0.076
3890.69038 19.152 0.061
3890.70204 19.123 0.056
3890.71354 19.453 0.074
3890.72503 19.127 0.053
3894.66020 19.027 0.098
3894.69263 19.204 0.097
3894.72170 19.228 0.083
3894.76284 19.224 0.097
3894.80501 18.877 0.079
3894.84295 19.048 0.099
3894.87559 19.067 0.090
3896.57015 19.369 0.177
3896.63636 19.078 0.094
3896.70823 19.184 0.079
3896.75228 19.373 0.119
3900.55180 19.336 0.130
3900.76762 19.037 0.074
3901.56202 19.638 0.153
3901.79403 19.255 0.083
4154.87829 19.406 0.100
4157.84649 19.352 0.106
4159.86532 19.242 0.102
4162.81174 19.768 0.196
4164.85245 19.095 0.075
4166.86832 19.336 0.168
4168.90432 19.240 0.101
4174.79036 19.784 0.177
4176.78336 19.137 0.083
4177.83292 19.444 0.105
4178.87987 19.323 0.094
4180.76334 19.874 0.221
4181.86237 19.166 0.073
4182.91458 19.672 0.113
4184.79726 19.890 0.152
4185.91819 19.133 0.104
4190.80840 19.522 0.132
4191.90852 19.141 0.100
4192.82713 19.080 0.103
4193.83806 19.369 0.103
4194.85967 19.723 0.130
4196.84813 19.282 0.101
4202.82943 19.165 0.071
4203.81759 19.259 0.079
4204.81303 19.291 0.086
4205.80810 19.339 0.083
4207.81019 19.633 0.103
4208.83371 19.070 0.075
4213.80890 19.422 0.092
4215.81516 19.204 0.085
4216.77288 19.168 0.086
4217.78073 19.391 0.078
4218.83568 19.072 0.096
4219.86282 19.020 0.080
4220.80002 19.203 0.095
4222.76859 19.420 0.120
4224.88505 19.140 0.092
4228.76582 19.339 0.120
4229.75049 19.351 0.110
4230.73429 19.210 0.108
4231.73667 19.490 0.114
4232.74815 19.125 0.105
4234.63747 19.370 0.126
4235.70990 19.367 0.089
4238.75985 19.228 0.116
4239.71129 19.046 0.071
4240.87977 19.000 0.092
4243.77854 18.818 0.087
4244.75367 19.159 0.083
4245.74451 19.337 0.077
4246.80216 19.477 0.097
4250.82755 19.793 0.181
4256.66449 19.193 0.105
4258.67432 19.315 0.108
4267.63960 19.313 0.089
4268.80821 19.477 0.110
4269.61686 19.167 0.076
4272.66863 19.427 0.084
4273.71778 19.349 0.096
4274.51441 19.593 0.195
4275.66922 19.485 0.137
4277.62662 19.613 0.126
4278.64260 19.014 0.097
4283.58346 19.976 0.233
4284.57188 19.878 0.204
4285.57525 19.204 0.114
4286.57477 19.104 0.088
4289.60962 19.544 0.141
4290.63220 18.850 0.082
4291.69589 19.489 0.115
4292.55727 19.282 0.082
4293.56349 19.215 0.082
4294.55643 19.401 0.098
4295.57828 19.595 0.116
4296.56520 19.439 0.098
4297.62678 19.159 0.071
4298.60324 19.247 0.085
4299.57360 19.451 0.093
4300.47209 19.375 0.115
4301.65234 19.352 0.091
4302.63464 19.443 0.112
4303.75369 18.978 0.092
4304.59947 19.315 0.144
4306.60036 19.513 0.189
4310.70113 19.034 0.116
4312.59515 19.340 0.099
4315.60544 19.251 0.100
4316.62652 19.516 0.123
4317.52493 19.425 0.106
4319.58796 19.090 0.078
4320.68096 19.394 0.117
4326.48977 19.140 0.088
4326.60387 19.293 0.087
4327.62853 19.199 0.107
4328.57076 19.639 0.110
4329.56376 19.122 0.096
4330.60569 19.105 0.076
4331.57038 19.032 0.079
4332.49358 19.125 0.071
4332.54364 19.239 0.073
4332.58161 19.318 0.090
4332.61301 19.608 0.119
4332.63696 19.761 0.134
4332.65818 19.578 0.125
4332.67661 19.251 0.098
4332.70609 19.054 0.094
4332.72175 18.977 0.086
4332.73462 19.236 0.105
4333.57105 19.354 0.114
4334.57003 19.770 0.277
4338.60150 19.492 0.142
4339.57058 19.763 0.148
4340.66770 19.026 0.097
4341.57261 19.115 0.107
4342.60890 19.134 0.087
4343.58814 19.309 0.088
4344.63331 19.571 0.132
4345.58797 19.478 0.124
4346.59003 19.124 0.092
4347.60392 18.948 0.087
4349.57581 19.370 0.084
4350.48171 18.618 0.083
4350.52996 19.416 0.101
4350.55972 19.561 0.107
4350.59378 19.526 0.114
4350.63761 19.110 0.084
4351.57788 19.175 0.097
4353.59774 19.065 0.096
4354.61726 19.464 0.141
4355.63020 19.684 0.168
4356.58186 19.556 0.127
4358.60438 19.051 0.085
4359.62348 18.781 0.092
4361.62415 18.877 0.110
4368.57315 18.939 0.114
4371.58918 19.272 0.124
4373.57969 19.335 0.103
4378.56168 19.116 0.108
4381.56491 18.770 0.086
4396.57438 18.930 0.122
4506.85294 19.086 0.106
4512.86720 19.286 0.082
4514.88548 19.393 0.124
4518.86974 19.246 0.141
4521.84004 19.531 0.143
4524.84938 19.065 0.105
4530.83742 19.243 0.076
4533.87322 19.256 0.096
4535.89589 19.284 0.112
4537.82554 19.436 0.106
4539.76879 19.698 0.198
4540.89595 19.139 0.074
4541.89320 19.323 0.082
4542.85660 19.595 0.134
4543.88268 19.632 0.114
4544.88029 19.167 0.072
4545.80490 19.447 0.112
4546.85803 19.253 0.118
4547.87422 19.288 0.096
4550.87396 19.149 0.090
4551.85568 18.999 0.101
4552.86031 19.257 0.188
4556.82822 19.173 0.087
4557.85456 19.204 0.096
4558.85099 19.384 0.090
4559.81865 19.172 0.073
4560.81895 19.754 0.119
4561.80785 19.798 0.113
4564.81217 19.299 0.076
4565.80109 19.388 0.071
4566.80314 19.644 0.096
4567.80351 19.713 0.112
4568.82589 19.189 0.078
4569.81974 19.136 0.081
4570.81040 19.282 0.091
4571.79412 19.247 0.081
4572.83201 19.399 0.102
4573.80768 19.317 0.103
4574.80984 19.060 0.095
4575.81862 19.108 0.083
4578.86124 19.055 0.110
4583.67148 19.091 0.128
4585.88284 19.201 0.090
4586.68131 19.295 0.139
4587.81133 19.476 0.121
4588.79433 19.433 0.095
4589.63649 18.920 0.083
4590.74462 19.564 0.132
4591.62881 19.102 0.119
4592.73776 19.233 0.090
4593.72299 19.167 0.096
4594.75156 19.272 0.092
4595.73930 19.609 0.129
4596.72849 19.627 0.113
4597.75973 19.169 0.082
4598.72914 19.058 0.061
4599.70490 19.157 0.079
4600.71401 19.345 0.073
4601.71867 19.527 0.093
4602.71278 19.634 0.107
4603.93623 19.619 0.146
4606.72662 19.296 0.093
4610.82045 19.551 0.147
4611.70035 19.065 0.080
4611.88685 19.261 0.103
4612.72054 19.671 0.141
4615.87698 19.148 0.118
4616.68235 19.264 0.081
4617.79129 19.777 0.175
4618.72313 19.963 0.173
4622.66443 19.038 0.081
4623.74427 19.328 0.131
4624.67972 19.370 0.101
4625.66480 19.323 0.118
4626.71486 19.028 0.103
4627.63794 19.275 0.076
4628.63822 18.988 0.090
4629.70340 19.517 0.107
4630.64024 19.226 0.097
4631.66179 19.804 0.122
4632.65961 19.425 0.115
4633.71870 19.161 0.082
4639.76413 19.303 0.116
4640.66414 19.270 0.092
4641.82069 18.734 0.081
4642.66257 19.662 0.130
4643.62855 19.595 0.131
4644.69564 19.044 0.072
4645.61821 19.113 0.075
4646.59887 19.312 0.080
4647.60924 19.363 0.089
4649.60341 19.534 0.105
4650.63170 19.212 0.095
4651.64666 19.180 0.079
4652.57575 19.239 0.094
4653.56970 19.299 0.116
4654.60883 19.716 0.141
4655.57312 19.518 0.128
4656.57142 19.399 0.096
4658.73351 18.891 0.093
4660.68301 19.219 0.094
4661.56563 19.581 0.121
4665.72737 18.822 0.083
4666.63283 19.206 0.098
4670.69757 18.949 0.092
4671.62230 19.471 0.095
4672.58189 19.381 0.093
4674.58835 19.147 0.101
4677.56085 19.692 0.123
4681.57624 19.185 0.081
4682.59372 19.650 0.138
4683.59072 19.394 0.136
4684.60872 19.255 0.089
4685.57641 19.129 0.087
4686.69318 18.821 0.083
4687.62363 19.684 0.135
4688.56730 19.710 0.153
4694.64510 18.632 0.096
4697.57105 19.331 0.097
4698.59730 19.517 0.112
4700.59235 19.302 0.103
4701.57522 18.973 0.101
4702.59015 19.178 0.089
4703.65746 19.209 0.110
4708.59095 19.086 0.087
4710.62613 19.225 0.094
4716.66289 19.045 0.107
4720.60838 19.360 0.155
4721.57727 19.117 0.134
4724.58931 18.903 0.101
4726.56855 17.832 0.042
4731.61809 18.692 0.073
4738.49399 19.148 0.103
4740.59820 19.111 0.112
4748.56293 18.607 0.076
4754.53845 18.978 0.121
4755.51675 19.285 0.124
4759.50712 18.179 0.052
4875.84614 19.729 0.194
4878.87638 19.327 0.105
4885.85815 19.297 0.100
4887.89646 19.160 0.089
4891.90205 19.720 0.174
4897.88425 19.456 0.109
4900.90200 19.316 0.101
4903.82680 19.529 0.107
4904.88502 19.272 0.092
4906.87651 19.047 0.080
4910.88305 19.191 0.097
4912.86957 19.130 0.059
4914.85095 20.045 0.155
4921.75911 19.322 0.087
4925.78453 19.208 0.068
4927.83836 19.404 0.110
4929.80708 18.999 0.073
4930.84043 19.378 0.130
4931.78428 19.361 0.114
4932.73949 19.093 0.089
4933.78780 19.282 0.098
4938.76283 19.749 0.149
4939.78815 19.247 0.092
4941.74225 19.087 0.078
4942.78305 19.291 0.077
4943.77094 19.542 0.098
4945.86324 19.216 0.069
4950.78822 19.347 0.097
4952.81518 19.309 0.091
4953.77981 19.064 0.077
4954.74163 19.142 0.083
4954.76818 19.552 0.106
4955.73748 18.997 0.079
