2128.71010 19.790 0.097
2131.62790 19.818 0.105
2135.59913 20.054 0.099
2140.58201 19.592 0.076
2143.68433 19.380 0.059
2162.65457 19.372 0.084
2170.56117 19.399 0.065
2173.63474 19.433 0.068
2183.57876 19.448 0.111
2185.51280 19.513 0.094
2200.53611 19.474 0.105
2328.84981 19.459 0.074
2344.90327 19.213 0.057
2351.86520 19.347 0.055
2360.87468 19.961 0.103
2371.84852 19.529 0.069
2381.85587 19.723 0.083
2385.87638 19.503 0.067
2389.88688 19.623 0.075
2391.77342 19.374 0.114
2400.79001 20.067 0.110
2402.87506 19.330 0.068
2404.92563 19.439 0.074
2406.91247 19.435 0.073
2414.84735 19.647 0.085
2416.73556 19.405 0.075
2424.79136 19.487 0.074
2428.82151 19.936 0.113
2431.75338 20.685 0.215
2433.72690 19.548 0.083
2435.67983 19.177 0.051
2437.74194 19.575 0.088
2439.67844 19.338 0.050
2441.65195 19.567 0.060
2444.65616 19.413 0.070
2446.75080 19.385 0.067
2452.66102 19.467 0.100
2458.79708 19.456 0.077
2462.65700 19.319 0.047
2464.61538 19.324 0.050
2467.50824 19.855 0.097
2469.51795 19.580 0.063
2471.75355 19.143 0.042
2473.50619 20.058 0.166
2483.58639 19.338 0.066
2486.56526 19.473 0.069
2490.53748 19.507 0.082
2492.77631 19.361 0.098
2495.56811 19.959 0.112
2497.62620 19.312 0.052
2499.67230 19.466 0.059
2501.69051 19.440 0.067
2508.50905 19.810 0.112
2511.68604 19.365 0.087
2518.60256 19.380 0.070
2521.61612 19.996 0.102
2535.54564 19.360 0.085
2541.52105 19.444 0.063
2546.56304 20.314 0.178
2555.57070 19.211 0.080
2562.52364 19.364 0.099
2573.55423 20.589 0.363
2713.84684 19.688 0.094
2727.88908 19.764 0.082
2732.90707 19.306 0.064
2743.89441 19.319 0.052
2752.80791 19.181 0.063
2755.91719 19.251 0.060
2759.90883 19.592 0.086
2765.93571 19.508 0.118
2770.66478 19.326 0.079
2782.90560 19.395 0.104
2784.88541 19.448 0.080
2786.73754 20.020 0.168
2789.60893 19.329 0.060
2791.56994 19.155 0.065
2794.72726 19.364 0.072
2796.67005 19.465 0.055
2802.72168 19.225 0.085
2808.76653 19.373 0.100
2810.70048 19.426 0.081
2812.66622 20.091 0.117
2813.75460 20.373 0.198
2815.69077 19.395 0.055
2816.82602 19.829 0.100
2817.83536 19.378 0.078
2819.62933 19.468 0.069
2821.59956 19.560 0.102
2830.63873 19.151 0.106
2835.56660 19.757 0.148
2836.79797 19.865 0.185
2838.69121 19.781 0.094
2840.66695 19.540 0.069
2842.73047 20.010 0.107
2844.73013 20.220 0.113
2849.62327 19.569 0.091
2851.65961 20.238 0.139
2853.66909 19.805 0.081
2856.54450 19.534 0.082
2858.52176 19.345 0.066
2860.67517 19.219 0.122
2863.66893 20.044 0.171
2867.62846 19.275 0.055
2870.70657 19.179 0.065
2876.68194 19.397 0.065
2879.62674 19.347 0.056
2882.58009 19.399 0.063
2893.68992 19.312 0.070
2896.56026 19.255 0.054
2907.51664 19.303 0.082
2925.55423 19.271 0.071
2935.57241 19.338 0.095
3049.86676 19.401 0.069
4686.64773 19.596 0.071
