2125.53682 15.950 0.010
2129.62016 15.921 0.008
2132.56445 15.933 0.008
2135.70205 15.959 0.007
2140.66006 15.889 0.009
2144.54468 15.910 0.009
2160.53352 15.970 0.010
2168.60095 15.936 0.009
2187.51029 15.991 0.010
2206.50621 15.994 0.013
2331.84670 15.926 0.009
2346.89306 15.924 0.008
2358.81675 15.956 0.009
2365.91684 15.929 0.009
2372.77892 16.001 0.009
2382.90302 16.022 0.012
2386.84627 15.996 0.010
2390.78940 15.934 0.009
2397.75145 15.929 0.008
2401.77621 15.961 0.009
2403.83224 15.949 0.008
2405.80072 16.004 0.009
2414.77763 16.022 0.009
2416.75199 15.925 0.009
2424.84367 15.936 0.010
2428.74599 15.927 0.008
2432.78915 15.992 0.011
2434.65697 15.966 0.009
2436.70258 15.952 0.009
2438.68089 16.002 0.009
2440.78511 15.936 0.008
2443.68793 15.918 0.009
2445.56902 15.936 0.009
2448.53641 16.009 0.014
2453.80427 15.987 0.010
2459.49562 15.985 0.009
2463.47673 15.962 0.010
2464.70683 15.901 0.008
2467.60978 15.958 0.009
2469.62420 15.932 0.008
2471.63598 15.923 0.008
2473.59709 16.004 0.009
2483.66591 15.932 0.009
2486.64926 16.023 0.009
2490.61587 15.931 0.010
2493.57569 15.986 0.009
2495.64973 15.985 0.009
2497.70555 15.956 0.009
2499.75248 15.938 0.009
2502.49607 15.895 0.010
2508.59098 15.912 0.009
2512.54732 15.992 0.010
2517.64804 15.996 0.009
2520.50677 15.967 0.009
2526.60024 15.949 0.008
2537.58294 15.918 0.010
2541.58105 15.985 0.010
2541.60551 15.962 0.010
2547.51914 15.976 0.011
2551.55469 15.989 0.011
2556.51008 15.974 0.010
2563.54358 15.960 0.009
2574.52293 15.923 0.010
2705.88678 15.934 0.008
2706.85243 15.948 0.008
2714.83673 15.926 0.008
2728.86668 15.971 0.010
2733.84956 15.922 0.009
2744.81989 15.950 0.009
2752.89592 16.018 0.010
2756.86678 15.828 0.008
2760.83501 15.977 0.010
2766.86695 15.940 0.009
2770.75458 15.931 0.009
2783.75536 15.999 0.009
2785.86695 15.937 0.009
2786.86901 15.919 0.010
2789.67503 16.010 0.009
2791.63763 15.930 0.009
2794.79146 15.918 0.009
2794.80504 15.951 0.009
2796.74204 15.949 0.008
2808.88247 15.952 0.012
2809.88681 15.956 0.009
2810.81382 15.946 0.009
2811.85105 15.989 0.009
2813.64776 15.939 0.010
2815.76945 16.012 0.009
2817.72233 15.931 0.009
2818.78529 15.969 0.009
2820.65760 15.974 0.009
2826.67067 15.944 0.007
2834.70842 15.933 0.018
2835.82587 15.951 0.012
2837.56378 15.916 0.010
2839.60063 15.906 0.009
2841.61696 15.917 0.009
2843.55061 16.010 0.008
2845.58608 16.016 0.010
2849.73857 15.915 0.009
2849.76615 15.918 0.010
2851.74889 15.933 0.010
2853.75176 16.009 0.010
2856.64054 15.998 0.009
2858.61589 15.971 0.011
2859.60988 15.946 0.011
2860.73798 15.943 0.011
2863.57413 16.004 0.010
2866.66614 15.943 0.010
2869.65717 16.028 0.009
2872.65170 15.922 0.008
2877.62092 15.997 0.010
2883.59654 15.985 0.009
2892.58647 15.977 0.013
2896.60814 15.997 0.009
2902.57519 15.993 0.010
2907.54954 15.936 0.010
2917.53718 15.911 0.010
3051.84395 16.030 0.011
3058.83913 15.962 0.008
3063.83383 15.976 0.008
3067.83767 15.962 0.008
3070.79712 15.975 0.011
3072.87594 15.996 0.008
3075.77287 16.013 0.010
3076.81181 15.976 0.009
3076.88891 15.956 0.009
3076.90742 15.998 0.009
3077.81935 15.942 0.015
3077.86658 15.910 0.012
3077.90332 15.969 0.010
3079.82295 16.018 0.009
3079.87347 15.959 0.010
3079.91463 15.919 0.011
3080.82416 16.010 0.008
3080.86939 15.985 0.008
3080.91301 15.910 0.009
3081.78407 15.941 0.008
3081.87431 16.025 0.009
3081.90959 15.961 0.009
3082.78933 15.927 0.008
3082.83999 15.984 0.008
3082.87912 16.023 0.008
3082.90944 15.979 0.008
3083.77596 15.941 0.008
3083.83830 15.961 0.008
3083.89623 16.015 0.008
3084.78137 15.948 0.008
3084.84001 15.939 0.008
3084.84613 15.941 0.008
3084.90545 16.007 0.008
3085.79161 15.953 0.008
3085.85497 15.944 0.008
3086.77723 16.003 0.008
3087.89056 15.930 0.008
3089.79880 15.991 0.008
3091.76095 15.937 0.008
3096.79071 16.009 0.009
3098.80222 16.023 0.008
3100.85282 16.019 0.008
3102.81352 15.965 0.008
3103.88888 16.017 0.009
3106.76639 16.020 0.010
3107.91324 15.993 0.008
3109.73484 15.926 0.008
3110.77611 15.924 0.008
3112.74499 15.972 0.008
3113.81421 15.937 0.008
3115.81283 15.947 0.008
3118.86988 15.925 0.009
3122.82044 15.982 0.009
3125.80088 15.968 0.009
3126.83177 15.937 0.008
3127.74097 15.954 0.008
3128.76475 15.984 0.008
3129.73961 15.924 0.009
3130.91767 15.919 0.010
3131.77354 15.915 0.010
3134.70987 16.022 0.012
3135.80533 15.946 0.008
3137.85741 15.936 0.009
3138.81499 16.010 0.009
3139.80912 16.039 0.008
3140.81637 16.024 0.009
3142.67073 15.990 0.008
3144.73364 16.000 0.008
3146.70339 15.936 0.008
3151.69315 16.019 0.008
3152.69776 16.041 0.009
3152.91054 15.981 0.010
3153.70052 16.034 0.009
3154.75691 16.006 0.010
3156.74334 16.015 0.008
3158.80332 16.026 0.010
3162.75059 15.944 0.008
3163.71269 16.021 0.008
3163.93625 15.942 0.010
3164.67645 15.936 0.008
3165.79823 15.950 0.007
3166.82786 15.959 0.010
3167.89185 15.990 0.011
3168.70935 15.936 0.008
3168.92564 15.990 0.009
3169.66580 16.007 0.008
3170.73659 15.926 0.008
3171.69012 16.008 0.008
3172.67479 16.027 0.008
3174.65374 15.942 0.008
3175.65561 15.931 0.008
3176.70255 15.964 0.009
3178.71817 15.934 0.009
3179.59609 15.949 0.008
3179.85187 15.979 0.009
3180.64684 16.007 0.008
3182.71696 16.000 0.008
3183.66164 15.965 0.009
3184.64130 15.921 0.008
3185.79927 15.966 0.009
3193.47682 15.923 0.011
3193.81402 15.930 0.009
3194.63284 15.945 0.009
3195.61119 15.976 0.008
3196.68666 15.946 0.009
3196.77560 16.007 0.009
3197.58677 16.001 0.009
3199.72072 15.940 0.008
3202.58397 15.935 0.008
3203.70768 16.004 0.008
3204.70332 15.995 0.008
3205.62832 15.943 0.008
3206.60990 16.000 0.008
3210.60003 15.948 0.008
3211.67207 16.037 0.009
3212.64075 15.971 0.009
3217.59610 16.009 0.009
3218.59537 16.002 0.009
3219.65457 16.019 0.010
3223.59261 15.949 0.010
3224.64235 15.914 0.008
3226.55515 15.999 0.008
3228.51373 15.949 0.009
3229.57186 15.954 0.008
3230.61060 15.968 0.008
3231.51159 15.970 0.009
3232.48543 15.987 0.010
3239.52022 15.925 0.008
3240.59765 15.943 0.008
3241.60190 15.951 0.013
3244.69844 15.976 0.011
3245.48643 15.917 0.009
3246.59435 16.004 0.009
3247.66499 15.930 0.008
3248.65820 15.969 0.009
3250.59758 15.957 0.008
3253.59043 15.943 0.008
3256.56951 16.014 0.009
3259.56560 15.939 0.009
3266.59114 16.013 0.010
3272.54041 15.993 0.009
3274.56993 16.006 0.010
3278.54049 15.924 0.009
3281.48568 16.039 0.011
3287.55291 15.969 0.009
3292.54166 15.982 0.008
3415.87653 16.005 0.008
3420.87682 15.923 0.008
3425.85201 15.985 0.009
3428.85778 15.937 0.008
3430.89459 15.925 0.007
3442.83122 16.008 0.008
3444.88504 16.000 0.008
3446.91368 16.013 0.010
3449.81081 15.974 0.008
3452.83179 15.999 0.008
3454.88538 15.984 0.009
3457.82369 15.921 0.008
3459.76888 15.999 0.009
3468.82076 15.935 0.008
3469.82771 15.962 0.007
3471.90804 15.925 0.009
3473.82323 15.974 0.008
3476.71582 15.986 0.008
3478.78145 15.998 0.008
3479.91876 15.953 0.008
3481.76011 15.935 0.008
3483.89373 15.943 0.008
3484.70957 15.976 0.010
3496.79511 15.926 0.008
3497.73280 15.992 0.009
3499.92274 15.978 0.008
3500.79187 16.005 0.008
3501.78559 15.965 0.007
3502.75854 15.920 0.007
3503.72757 15.942 0.007
3504.81721 15.948 0.007
3506.88215 15.991 0.008
3508.83282 15.937 0.009
3509.78252 15.997 0.008
3511.74013 15.918 0.009
3512.78375 15.947 0.009
3517.85724 15.901 0.010
3520.81145 16.001 0.008
3521.62114 15.986 0.008
3522.67549 15.979 0.008
3523.71757 15.963 0.007
3524.70634 15.992 0.008
3525.68827 15.980 0.008
3526.77072 15.946 0.008
3527.77560 15.972 0.008
3528.71839 15.949 0.008
3529.60835 16.006 0.008
3530.63027 15.996 0.007
3538.66214 15.925 0.008
3540.80667 15.998 0.009
3541.81061 16.007 0.009
3547.70320 15.970 0.009
3550.57825 15.959 0.009
3551.76765 15.948 0.008
3552.60409 15.955 0.007
3553.73731 15.927 0.009
3554.77427 15.909 0.009
3555.74841 15.963 0.008
3556.81417 15.949 0.010
3558.47710 15.949 0.009
3558.77632 15.983 0.008
3559.54482 15.925 0.009
3560.50780 15.932 0.008
3560.84785 15.934 0.008
3561.48520 15.990 0.009
3562.53173 15.951 0.008
3563.58674 15.898 0.007
3564.61483 15.901 0.008
3569.50291 15.943 0.013
3573.58004 15.907 0.009
3574.63660 15.930 0.009
3575.62164 15.905 0.008
3576.60188 15.950 0.009
3577.66397 15.911 0.007
3578.61104 15.969 0.008
3579.56826 15.944 0.008
3580.58629 15.947 0.008
3581.61806 15.977 0.008
3582.56625 15.893 0.007
3583.58333 15.897 0.008
3584.59229 15.904 0.007
3585.58248 15.960 0.008
3585.72942 15.955 0.007
3585.76091 15.929 0.008
3585.77092 15.919 0.007
3586.50697 15.932 0.008
3586.52235 15.973 0.008
3586.55339 16.001 0.008
3586.59571 15.961 0.008
3586.62227 15.917 0.008
3586.62835 15.910 0.008
3586.67189 15.917 0.007
3586.73413 15.975 0.008
3587.59009 15.990 0.009
3587.66003 15.919 0.008
3587.72150 15.967 0.009
3588.55425 15.982 0.007
3588.61402 15.978 0.007
3589.62112 15.991 0.007
3590.58982 15.977 0.008
3591.65175 15.997 0.008
3593.52471 15.978 0.008
3594.64078 15.926 0.008
3601.57323 15.909 0.008
3602.59018 15.911 0.008
3603.58724 15.912 0.008
3604.59112 15.916 0.009
3606.60685 15.954 0.009
3607.57919 16.011 0.008
3608.58809 16.003 0.009
3615.50080 15.946 0.008
3618.62558 15.940 0.008
3620.51389 15.922 0.007
3622.49301 16.018 0.008
3628.62172 15.972 0.010
3630.50711 15.934 0.010
3631.63730 15.984 0.010
3633.48191 15.976 0.010
3637.56657 15.977 0.009
3639.59972 15.960 0.008
3641.49472 15.978 0.009
3643.57125 15.895 0.009
3648.48708 15.910 0.009
3651.54314 15.932 0.010
3654.49620 15.978 0.010
3656.49298 15.924 0.009
3658.52694 15.929 0.010
3661.52489 15.920 0.010
3668.49797 15.923 0.009
3674.51179 15.992 0.010
3775.85572 15.998 0.009
3780.88144 15.907 0.008
3786.86669 15.993 0.009
3787.88751 16.005 0.008
3791.86566 15.921 0.008
3794.84528 15.989 0.008
3796.83303 15.925 0.008
3797.83695 15.918 0.007
3798.88492 15.966 0.008
3801.80851 15.999 0.008
3803.79755 16.002 0.008
3804.84488 16.006 0.008
3805.88530 15.980 0.008
3807.87356 15.997 0.008
3808.90831 15.994 0.008
3811.86656 15.910 0.008
3812.89822 15.916 0.008
3817.88495 15.979 0.008
3818.90562 15.987 0.008
3820.85169 15.908 0.007
3821.86170 15.911 0.007
3822.76070 15.972 0.009
3823.86998 15.949 0.007
3824.86656 15.976 0.008
3826.87103 16.000 0.008
3828.87336 15.972 0.008
3829.86010 15.929 0.007
3832.86036 15.944 0.008
3833.83028 15.982 0.007
3834.87919 15.971 0.008
3835.82251 15.959 0.007
3836.82813 15.935 0.008
3837.81751 15.917 0.008
3838.82152 15.902 0.008
3839.83367 15.912 0.008
3840.82468 15.937 0.008
3841.80353 16.000 0.008
3845.80542 15.966 0.009
3846.81660 15.928 0.007
3848.83206 15.928 0.008
3849.84537 15.917 0.007
3850.78139 15.989 0.008
3852.77622 15.967 0.008
3853.76890 15.941 0.007
3856.75769 15.943 0.008
3858.82160 15.911 0.008
3860.81240 15.957 0.008
3861.82303 15.968 0.007
3862.77067 15.981 0.007
3863.71040 15.937 0.007
3864.77151 15.940 0.007
3865.73473 15.946 0.008
3866.76433 15.938 0.007
3867.70122 15.987 0.008
3868.76666 15.968 0.008
3869.75365 15.988 0.009
3873.75380 15.922 0.008
3874.79906 15.953 0.008
3875.71407 15.980 0.007
3877.74369 15.981 0.007
3880.74095 15.981 0.008
3881.74911 15.971 0.007
3882.68720 15.937 0.007
3883.72863 15.908 0.007
3886.69943 15.986 0.007
3887.68254 15.960 0.007
3891.56980 15.959 0.009
3892.83599 15.932 0.007
3893.72362 15.929 0.008
3894.76899 15.913 0.008
3896.71415 15.993 0.008
3900.62015 15.962 0.010
3901.63207 15.978 0.008
3902.64994 15.984 0.008
3903.77175 15.951 0.008
3904.62960 15.962 0.007
3905.63658 15.938 0.007
3906.61812 15.905 0.008
3907.67922 15.963 0.009
3908.61774 15.926 0.007
3909.62217 15.958 0.007
3912.61861 16.006 0.007
3913.62006 15.979 0.007
3914.63414 15.977 0.007
3915.61693 15.928 0.007
3916.69867 15.994 0.007
3917.51273 15.953 0.008
3917.71139 16.005 0.008
3918.71237 15.994 0.008
3919.64563 15.929 0.008
3920.59774 16.004 0.008
3921.61118 16.016 0.009
3930.65848 15.935 0.008
3931.59257 16.000 0.008
3931.73004 15.942 0.008
3932.62003 15.999 0.007
3933.59977 15.953 0.007
3934.57041 15.923 0.007
3935.64758 15.982 0.008
3936.59916 15.942 0.008
3936.78742 15.936 0.008
3937.71590 16.020 0.009
3938.57684 15.980 0.008
3940.71694 15.937 0.007
3944.66175 15.983 0.007
3945.61015 15.920 0.008
3946.60392 15.925 0.008
3950.60891 15.983 0.008
3951.63702 15.976 0.008
3956.64388 15.973 0.010
3957.59789 15.939 0.009
3958.66381 15.932 0.008
3959.59413 15.972 0.008
3960.58241 16.001 0.008
3960.59405 15.987 0.007
3960.64630 15.934 0.007
3961.51686 15.941 0.010
3961.53849 15.916 0.009
3961.57905 15.969 0.009
3961.65812 15.950 0.009
3961.67523 15.905 0.011
3963.47380 16.009 0.010
3963.50006 15.986 0.008
3963.55141 15.914 0.008
3963.57162 15.909 0.007
3963.60330 15.962 0.007
3964.48036 16.008 0.008
3964.50845 15.993 0.008
3964.54090 15.946 0.008
3964.59966 15.921 0.007
3964.61464 15.960 0.007
3964.64688 15.994 0.008
3964.65916 16.001 0.007
3964.68299 15.990 0.008
3964.71307 15.941 0.007
3964.73129 15.927 0.008
3964.73789 15.919 0.008
3965.47016 15.983 0.009
3965.49878 16.001 0.008
3965.52750 16.006 0.007
3965.56013 15.947 0.007
3965.60033 15.911 0.007
3965.62847 15.951 0.007
3965.66277 15.997 0.007
3965.71429 15.965 0.007
3966.59133 15.934 0.007
3967.62063 15.919 0.007
3968.57788 15.994 0.008
3969.58551 15.997 0.008
3970.59838 16.016 0.008
3971.62839 16.004 0.009
3973.65789 15.996 0.008
3974.59259 15.923 0.008
3975.58411 15.911 0.007
3976.58200 15.907 0.011
3982.63697 15.979 0.009
3987.57817 15.947 0.008
3988.59538 15.951 0.007
3990.56573 15.997 0.009
3994.52934 15.946 0.008
3995.65705 15.986 0.009
3996.50509 16.000 0.009
4000.59062 15.989 0.009
4001.61404 16.003 0.008
4002.58464 15.961 0.007
4003.53910 15.911 0.007
4005.63493 15.977 0.008
4006.60384 15.920 0.008
4011.51791 15.909 0.008
4015.54723 15.944 0.009
4017.52492 16.002 0.008
4019.52666 15.954 0.008
4021.52932 15.947 0.010
4024.55890 15.927 0.008
4026.55447 15.972 0.008
4029.51316 15.940 0.009
4143.86107 15.911 0.012
4149.85726 15.949 0.009
4154.89485 15.925 0.009
4157.87449 15.984 0.009
4159.88194 15.985 0.009
4162.82929 15.933 0.010
4164.86909 15.934 0.009
4166.88485 15.954 0.010
4169.79937 15.920 0.009
4174.80697 15.993 0.010
4176.79992 15.943 0.009
4177.85363 16.006 0.011
4178.89641 15.987 0.009
4180.79383 15.956 0.012
4181.88342 15.937 0.009
4183.76544 15.975 0.009
4184.81381 15.994 0.009
4187.90360 15.952 0.009
4190.82491 15.916 0.009
4192.84368 15.918 0.009
4193.85456 15.915 0.009
4194.87620 15.928 0.009
4196.86472 15.976 0.009
4202.84599 15.912 0.008
4203.83412 15.944 0.008
4204.82958 15.993 0.008
4205.82468 16.016 0.011
4207.82679 15.977 0.009
4208.85026 16.000 0.009
4213.82550 15.970 0.008
4215.83173 15.996 0.009
4216.78949 15.939 0.009
4217.79730 15.921 0.008
4218.85222 15.990 0.009
4219.88525 15.999 0.009
4220.82218 15.924 0.009
4222.78803 15.989 0.010
4224.90740 15.919 0.009
4228.78235 15.913 0.010
4229.76709 15.961 0.013
4230.75082 15.986 0.009
4231.75318 16.000 0.009
4232.76469 15.994 0.009
4234.66527 15.975 0.011
4235.72644 15.914 0.008
4238.77642 15.924 0.009
4239.75555 15.967 0.010
4240.90213 15.999 0.009
4243.79536 15.996 0.009
4244.77024 15.965 0.010
4245.76104 15.930 0.008
4246.81874 15.988 0.009
4250.84411 15.924 0.009
4256.68101 15.991 0.010
4258.69009 15.994 0.009
4267.65537 15.978 0.008
4268.82604 15.940 0.009
4269.63382 15.900 0.012
4272.68437 15.911 0.008
4273.73353 15.939 0.009
4274.53015 15.924 0.010
4275.68492 15.965 0.010
4277.64235 15.959 0.009
4278.65831 15.958 0.009
4283.60360 15.992 0.009
4284.58759 15.959 0.010
4285.59427 15.941 0.010
4286.59046 15.903 0.008
4289.62534 15.902 0.010
4290.65680 15.913 0.009
4291.71157 15.965 0.009
4292.57298 16.001 0.008
4293.60026 16.005 0.008
4294.57211 15.933 0.009
4295.59732 15.947 0.008
4296.58090 15.913 0.008
4297.64553 15.974 0.008
4298.61898 15.919 0.008
4299.58929 15.948 0.008
4300.48776 15.912 0.009
4301.66803 15.906 0.008
4302.65033 15.930 0.009
4304.62511 15.994 0.009
4306.61602 15.951 0.013
4310.71682 15.986 0.011
4312.61098 15.990 0.009
4315.62113 15.993 0.010
4316.64219 16.003 0.010
4317.54063 15.965 0.009
4319.60372 15.921 0.009
4320.69664 15.989 0.010
4326.61952 15.943 0.008
4327.64503 15.958 0.010
4328.58723 15.927 0.008
4329.57960 15.957 0.010
4330.62213 15.915 0.009
4331.58680 16.000 0.009
4332.66508 15.918 0.009
4333.58752 15.989 0.010
4334.55495 15.920 0.013
4338.61794 15.920 0.010
4339.58712 15.951 0.010
4340.68416 15.951 0.010
4341.58903 15.992 0.010
4342.62534 15.967 0.009
4343.60460 15.993 0.009
4344.65407 15.974 0.010
4345.60447 15.955 0.009
4346.60648 15.925 0.009
4347.62035 15.928 0.010
4349.59226 15.947 0.008
4350.65403 15.911 0.009
4351.59434 15.994 0.009
4353.61418 15.986 0.010
4354.63370 15.994 0.010
4355.64668 15.987 0.010
4356.63576 15.989 0.010
4358.62081 15.918 0.009
4359.63994 15.922 0.010
4362.56874 15.993 0.011
4368.58962 15.910 0.011
4371.60846 15.952 0.010
4373.60220 16.016 0.010
4381.58131 15.997 0.011
4391.50446 15.936 0.011
4392.51601 15.912 0.010
4394.51636 15.924 0.009
4506.86867 15.932 0.010
4512.88371 15.967 0.008
4514.90207 15.967 0.010
4518.88624 15.960 0.010
4521.85658 15.942 0.009
4524.86593 15.894 0.008
4530.85528 15.983 0.008
4533.89292 15.960 0.008
4536.78118 15.944 0.010
4537.84210 15.988 0.008
4539.78540 15.894 0.008
4540.91301 15.938 0.009
4541.90972 15.986 0.008
4542.87317 15.934 0.008
4543.89926 15.949 0.008
4544.89684 15.911 0.008
4545.82147 15.975 0.008
4546.87995 15.888 0.008
4547.89076 15.905 0.009
4550.89052 15.994 0.009
4551.88362 16.007 0.009
4552.87685 15.990 0.011
4556.84478 15.959 0.008
4557.87106 15.946 0.008
4558.86756 15.964 0.008
4559.83524 15.965 0.008
4560.83554 15.923 0.008
4561.82443 15.903 0.008
4564.82875 15.921 0.007
4565.81768 15.982 0.007
4566.81972 16.000 0.008
4567.82005 15.998 0.008
4568.84240 16.010 0.008
4569.83631 15.996 0.008
4570.82701 15.952 0.008
4571.81071 15.912 0.008
4572.84857 15.937 0.008
4573.82423 15.914 0.008
4574.82640 15.927 0.008
4574.87049 15.923 0.008
4574.90557 15.965 0.008
4574.91968 15.987 0.009
4575.71683 15.898 0.008
4575.74585 15.939 0.008
4575.83514 15.948 0.008
4575.84643 15.937 0.008
4575.88002 15.921 0.008
4575.88890 15.929 0.008
4575.91657 15.962 0.008
4576.72085 15.884 0.008
4576.74683 15.898 0.008
4576.77188 15.952 0.008
4576.78448 15.968 0.008
4576.79028 15.982 0.008
4576.79572 15.971 0.008
4576.79773 15.990 0.008
4576.79981 15.987 0.008
4576.80187 15.977 0.008
4576.80401 15.999 0.008
4576.80620 15.971 0.008
4576.80816 15.978 0.008
4576.81014 15.998 0.008
4576.81223 15.996 0.008
4576.81436 15.993 0.008
4576.81653 15.990 0.008
4576.81878 16.001 0.008
4576.82088 15.969 0.008
4576.82318 15.979 0.008
4576.82529 15.985 0.008
4576.82753 15.982 0.008
4576.83242 15.979 0.008
4576.83487 15.971 0.008
4576.83747 15.969 0.008
4576.84012 15.963 0.008
4576.84303 15.963 0.008
4576.84549 15.959 0.009
4576.84797 15.977 0.009
4576.85053 15.952 0.008
4576.85313 15.944 0.008
4576.85567 15.958 0.008
4576.85816 15.942 0.008
4576.86051 15.938 0.008
4576.86283 15.940 0.008
4576.86485 15.931 0.008
4576.86693 15.939 0.008
4576.86885 15.925 0.008
4576.87091 15.929 0.008
4576.87294 15.912 0.008
4576.87537 15.931 0.009
4576.87767 15.929 0.009
4576.88084 15.919 0.009
4576.89466 15.927 0.008
4576.89685 15.924 0.008
4576.89915 15.931 0.008
4576.90727 15.926 0.009
4576.90973 15.931 0.009
4576.91825 15.947 0.009
4576.92049 15.954 0.009
4576.92283 15.945 0.009
4576.92521 15.950 0.009
4577.80597 15.980 0.008
4577.81737 15.987 0.009
4577.90697 15.927 0.009
4578.75821 15.924 0.010
4579.83675 15.946 0.009
4579.93225 15.922 0.010
4583.69529 15.947 0.010
4585.89937 15.909 0.008
4586.84727 15.957 0.008
4587.82789 16.016 0.010
4588.81093 15.966 0.013
4589.65655 15.972 0.010
4590.76114 15.935 0.008
4591.64893 15.909 0.009
4592.75428 15.992 0.009
4593.73959 15.984 0.009
4594.76815 15.987 0.008
4595.75586 15.961 0.008
4596.74503 15.918 0.008
4597.77626 15.926 0.008
4598.74564 15.911 0.007
4599.72144 15.971 0.008
4600.73065 15.989 0.008
4601.73520 16.006 0.008
4602.72937 16.009 0.008
4606.74312 15.925 0.008
4610.83699 15.967 0.010
4611.71683 15.983 0.009
4611.90339 15.985 0.009
4615.89348 15.929 0.010
4616.70233 15.918 0.008
4617.82265 15.998 0.010
4618.74401 15.917 0.007
4622.68099 15.926 0.008
4623.76100 16.003 0.009
4624.69626 15.915 0.009
4625.68136 15.930 0.009
4626.78762 15.991 0.010
4627.66050 15.995 0.008
4628.65482 15.983 0.009
4629.71995 15.972 0.008
4630.65679 15.956 0.008
4631.67830 15.951 0.008
4632.67824 15.916 0.008
4633.73531 15.991 0.009
4639.78069 15.913 0.009
4640.68066 15.990 0.009
4641.83718 15.933 0.009
4642.67908 15.937 0.008
4643.64505 15.909 0.008
4644.71218 15.940 0.008
4645.64364 15.976 0.008
4646.61539 15.995 0.008
4647.62577 15.981 0.008
4649.61990 15.916 0.008
4650.64827 15.931 0.008
4651.66318 15.938 0.009
4652.59232 15.980 0.009
4653.58622 16.002 0.009
4654.62536 15.988 0.009
4655.58959 15.985 0.009
4656.59267 15.975 0.008
4658.75003 15.904 0.009
4660.69958 15.999 0.009
4661.58216 15.971 0.009
4665.74391 15.959 0.010
4666.64929 15.988 0.009
4670.71490 15.987 0.009
4671.63882 15.906 0.008
4672.59834 15.969 0.008
4674.60516 15.988 0.009
4677.57737 15.931 0.009
4681.59297 15.948 0.009
4682.61022 15.948 0.009
4683.60720 15.982 0.010
4684.62522 15.973 0.009
4685.59287 15.982 0.009
4686.72170 15.913 0.009
4687.64015 15.990 0.009
4688.58632 15.913 0.009
4694.66159 15.916 0.010
4697.58754 15.931 0.009
4698.61373 15.950 0.008
4700.60883 15.922 0.008
4701.59168 15.944 0.009
4702.60664 15.945 0.009
4703.67390 15.910 0.009
4708.60743 15.918 0.009
4710.64262 15.932 0.008
4720.62488 15.930 0.010
4721.59376 15.939 0.010
4724.60816 15.979 0.010
4726.58496 15.958 0.010
4731.63450 15.910 0.009
4738.51047 15.969 0.009
4748.57937 15.893 0.010
4755.53317 15.920 0.010
4759.52759 15.981 0.011
4875.86269 15.908 0.009
4878.89293 15.899 0.008
4885.87466 15.905 0.008
4888.82641 15.984 0.009
4892.82206 15.925 0.009
4897.90079 15.923 0.008
4901.84398 15.970 0.008
4903.84335 15.908 0.010
4904.90157 15.963 0.009
4906.89306 15.916 0.009
4910.89957 15.918 0.008
4912.88612 16.017 0.012
4914.86746 15.928 0.011
4925.80027 15.949 0.008
4927.85418 15.918 0.009
4929.82287 15.979 0.009
4930.85621 15.986 0.011
4931.80002 15.931 0.009
4932.75527 15.945 0.008
4933.80357 15.909 0.008
4938.77859 15.967 0.008
4939.80398 15.975 0.009
4941.75801 15.943 0.010
4942.79882 15.898 0.008
4943.79135 15.918 0.008
4950.80399 15.962 0.008
4952.83099 15.938 0.008
4953.79555 15.905 0.008
4954.75740 15.996 0.008
4955.75325 15.988 0.009
