2127.60853 17.055 0.013
2130.62970 16.929 0.009
2133.64211 16.982 0.011
2137.60079 16.923 0.009
2142.57411 16.950 0.009
2169.62993 16.975 0.014
2190.54656 16.976 0.009
2216.50997 16.945 0.014
2338.85965 16.939 0.011
2357.88754 16.968 0.011
2365.85973 17.023 0.012
2377.81331 17.040 0.012
2384.89815 16.951 0.009
2389.77821 17.034 0.011
2391.72311 16.947 0.013
2400.86151 16.973 0.009
2404.73908 16.958 0.009
2406.77346 17.021 0.012
2415.92713 17.046 0.014
2417.89500 16.951 0.012
2431.79248 16.932 0.009
2433.78244 17.026 0.010
2435.89170 16.936 0.012
2437.92019 16.987 0.014
2439.91750 17.023 0.015
2441.85855 16.958 0.010
2445.76637 17.042 0.009
2448.82672 16.947 0.015
2454.50010 17.033 0.015
2460.63313 16.967 0.012
2463.67466 16.979 0.008
2465.83777 16.961 0.011
2467.64054 16.916 0.009
2469.68319 17.052 0.009
2471.59143 17.046 0.009
2473.65755 16.915 0.009
2481.79490 16.948 0.011
2485.49983 16.977 0.014
2488.62924 17.017 0.012
2491.59332 16.966 0.013
2493.77290 16.963 0.014
2496.61434 16.918 0.008
2498.65786 17.012 0.009
2500.68056 16.959 0.009
2502.69806 17.013 0.011
2510.59594 17.008 0.012
2516.64875 17.051 0.012
2519.63219 16.929 0.009
2524.65999 16.913 0.011
2529.58304 16.971 0.010
2538.63283 17.058 0.014
2543.52883 16.912 0.009
2544.51099 16.965 0.011
2548.58480 16.949 0.011
2553.48718 17.039 0.018
2557.58364 17.004 0.011
2561.59101 17.078 0.019
2564.58477 16.973 0.015
2565.56995 16.949 0.012
2579.51529 16.992 0.017
2709.90898 16.927 0.009
2720.87011 16.938 0.011
2730.85352 17.066 0.010
2735.83226 16.995 0.010
2754.83043 17.023 0.009
2757.91428 17.013 0.011
2761.85054 16.925 0.010
2768.79463 16.907 0.008
2776.66589 16.919 0.016
2784.65421 16.999 0.009
2787.76794 17.013 0.010
2790.61816 17.037 0.008
2793.81070 17.013 0.010
2795.74706 17.007 0.010
2797.73019 16.917 0.008
2809.85532 17.011 0.010
2810.90263 16.999 0.013
2811.77504 17.065 0.012
2814.85429 16.954 0.012
2816.75538 16.980 0.009
2817.87215 16.977 0.014
2818.86948 16.921 0.011
2820.86841 17.005 0.013
2821.82797 17.030 0.012
2830.73727 16.977 0.011
2835.76290 16.996 0.011
2837.77621 16.908 0.015
2838.76377 16.958 0.011
2840.79006 16.994 0.014
2843.78487 16.944 0.009
2853.79254 16.923 0.015
2854.68793 16.932 0.012
2857.58047 16.928 0.009
2863.52744 16.926 0.012
2866.58441 16.982 0.013
2872.54125 17.005 0.009
2878.59521 16.950 0.008
2883.71123 16.937 0.011
2892.62667 17.085 0.017
2895.54396 17.005 0.011
2900.58946 16.990 0.011
2906.54181 17.015 0.011
2911.61142 16.993 0.012
2928.58122 17.033 0.016
3053.86295 16.925 0.011
