2112.79631 16.667 0.010
2113.78483 16.640 0.012
2115.75367 16.654 0.011
2128.60731 16.679 0.011
2131.70556 16.673 0.012
2134.70595 16.653 0.012
2138.58629 16.664 0.011
2143.55269 16.650 0.014
2157.48195 16.660 0.012
2162.54614 16.646 0.012
2168.57234 16.666 0.014
2173.53043 16.704 0.014
2180.52904 16.701 0.012
2184.53369 16.650 0.014
2195.51895 16.665 0.013
2323.87546 16.680 0.012
2326.84109 16.648 0.013
2341.85068 16.656 0.012
2350.86460 16.657 0.011
2359.83023 16.685 0.012
2370.86915 16.658 0.012
2391.85902 16.648 0.014
2404.87436 16.675 0.011
2464.73359 16.671 0.010
2474.64593 16.640 0.012
2503.52989 16.630 0.024
2518.51113 16.701 0.012
2765.82537 16.648 0.012
2769.85226 16.596 0.008
2782.74667 16.635 0.012
2784.74079 16.662 0.010
2786.63104 16.664 0.014
2790.72020 16.648 0.010
2792.62641 16.640 0.012
2794.64942 16.683 0.012
2797.54608 16.654 0.012
2810.58416 16.662 0.012
2814.55835 16.686 0.012
3057.82133 16.655 0.011
3060.84842 16.635 0.011
3066.84270 16.653 0.011
3068.90007 16.642 0.011
3071.79455 16.636 0.015
3074.80550 16.667 0.011
3076.83035 16.684 0.011
3078.84522 16.650 0.012
3081.88153 16.650 0.012
3083.87873 16.670 0.010
3085.73649 16.630 0.012
3087.80196 16.665 0.011
3088.88445 16.665 0.010
3090.80546 16.689 0.010
3092.74525 16.657 0.013
3097.71729 16.685 0.012
3099.70481 16.644 0.014
3100.71140 16.642 0.015
3102.70756 16.654 0.012
3104.71171 16.652 0.028
3105.74347 16.654 0.018
3106.71590 16.613 0.018
3108.68126 16.665 0.012
3109.86614 16.660 0.011
3111.74728 16.684 0.011
3113.68983 16.662 0.011
3114.67617 16.674 0.011
3116.71718 16.646 0.012
3122.66248 16.671 0.015
3124.87990 16.660 0.014
3126.60416 16.633 0.013
3127.61023 16.643 0.013
3128.63919 16.665 0.012
3129.60840 16.678 0.016
3130.61467 16.640 0.017
3131.79985 16.668 0.012
3134.58757 16.657 0.014
3135.65413 16.668 0.012
3137.67611 16.674 0.012
3138.61011 16.684 0.012
3139.75297 16.690 0.010
3140.60539 16.638 0.013
3141.70183 16.633 0.009
3142.59340 16.674 0.012
3144.60101 16.660 0.012
3145.67696 16.640 0.011
3147.76179 16.688 0.012
3151.56954 16.679 0.014
3152.57869 16.682 0.012
3153.57806 16.667 0.014
3154.64828 16.693 0.013
3156.55611 16.674 0.017
3156.62428 16.671 0.012
3156.92083 16.650 0.012
3156.93945 16.634 0.013
3157.67199 16.676 0.016
3157.76878 16.659 0.012
3157.87178 16.634 0.014
3158.57594 16.654 0.019
3158.61571 16.675 0.016
3158.66402 16.666 0.014
3158.72732 16.658 0.012
3158.73521 16.657 0.012
3158.74136 16.671 0.015
3158.74443 16.644 0.013
3158.74746 16.655 0.014
3158.75767 16.671 0.012
3158.79709 16.673 0.016
3158.82551 16.673 0.016
3158.84569 16.680 0.015
3158.90984 16.647 0.015
3158.94219 16.662 0.019
3160.58253 16.675 0.026
3162.60836 16.652 0.012
3162.69083 16.651 0.011
3162.77383 16.665 0.012
3162.82884 16.669 0.012
3162.87847 16.689 0.012
3162.89957 16.695 0.012
3162.92597 16.714 0.015
3162.94586 16.675 0.017
3162.94880 16.669 0.019
3162.95172 16.682 0.024
3163.53245 16.671 0.012
3163.58175 16.674 0.011
3163.64846 16.646 0.010
3163.76185 16.657 0.011
3163.84101 16.667 0.011
3163.87893 16.656 0.012
3163.92995 16.653 0.015
3163.94541 16.665 0.017
3164.53355 16.647 0.011
3164.60872 16.659 0.010
3164.72052 16.662 0.010
3164.82646 16.682 0.012
3164.85288 16.654 0.011
3164.87425 16.648 0.014
3164.90727 16.649 0.014
3165.53327 16.635 0.012
3165.60742 16.641 0.010
3165.69898 16.648 0.010
3165.79215 16.664 0.009
3166.65220 16.679 0.013
3166.88689 16.664 0.015
3167.55174 16.662 0.016
3167.59586 16.692 0.013
3167.71750 16.698 0.011
3168.52370 16.631 0.013
3168.81302 16.689 0.011
3169.52449 16.680 0.012
3169.80792 16.666 0.012
3170.57804 16.676 0.010
3170.81560 16.642 0.010
3171.51865 16.654 0.011
3172.51906 16.670 0.012
3174.51929 16.665 0.012
3174.84636 16.674 0.011
3175.50662 16.631 0.012
3176.54545 16.645 0.014
3178.59708 16.672 0.012
3179.62026 16.645 0.010
3180.48895 16.685 0.012
3180.87772 16.655 0.010
3183.48772 16.661 0.011
3184.50708 16.668 0.012
3185.47425 16.651 0.012
3191.78711 16.651 0.012
3193.68408 16.656 0.012
3194.85557 16.661 0.012
3195.46777 16.673 0.015
3196.49059 16.652 0.014
3197.46648 16.676 0.015
3199.49069 16.643 0.014
3201.47323 16.693 0.012
3202.71734 16.687 0.012
3203.46617 16.675 0.012
3205.46740 16.665 0.012
3206.50140 16.658 0.011
3207.48627 16.659 0.013
3211.46800 16.660 0.013
3212.48333 16.669 0.016
3218.47367 16.670 0.014
3222.61551 16.680 0.014
3223.48359 16.674 0.014
3224.48486 16.655 0.011
3228.48604 16.657 0.012
3230.48250 16.678 0.011
3241.49214 16.638 0.015
3244.58135 16.689 0.016
3246.48328 16.645 0.012
3248.50025 16.654 0.012
3250.47550 16.662 0.015
3251.60439 16.678 0.011
3253.54105 16.647 0.011
3254.67775 16.665 0.012
3255.62574 16.689 0.015
3257.61104 16.649 0.011
3261.59227 16.667 0.011
3265.64164 16.684 0.013
3268.55877 16.678 0.011
3270.48770 16.685 0.020
3271.55410 16.667 0.015
3275.58800 16.656 0.012
3279.48481 16.685 0.012
3283.53361 16.662 0.010
3409.89467 16.675 0.014
3411.88674 16.526 0.012
3431.83394 16.621 0.010
3438.83207 16.647 0.012
3443.88880 16.690 0.010
3445.91623 16.642 0.012
3448.82302 16.653 0.010
3450.88605 16.689 0.009
3453.88355 16.658 0.010
3456.77683 16.702 0.011
3468.74536 16.660 0.010
3471.75028 16.712 0.012
3474.74235 16.659 0.010
3477.72871 16.693 0.010
3480.74465 16.641 0.009
3484.68553 16.679 0.015
3499.63875 16.668 0.011
3502.63717 16.657 0.010
3503.89573 16.680 0.008
3509.61742 16.664 0.012
3511.61813 16.697 0.013
3520.72852 16.696 0.012
3521.88246 16.663 0.011
3522.89203 16.651 0.012
3523.88560 16.657 0.012
3524.91073 16.620 0.012
3528.82865 16.690 0.011
3538.53345 16.681 0.013
3544.64019 16.672 0.021
3550.55447 16.637 0.011
3552.71643 16.669 0.009
3554.50866 16.688 0.016
3556.79100 16.709 0.013
3558.72058 16.673 0.010
3560.53272 16.677 0.010
3561.77068 16.652 0.009
3562.71115 16.691 0.010
3563.79133 16.704 0.012
3574.49319 16.684 0.012
3578.48964 16.656 0.009
3579.73571 16.655 0.010
3581.48975 16.683 0.011
3583.46958 16.662 0.012
3584.47412 16.660 0.012
3585.46510 16.661 0.014
3586.48458 16.653 0.010
3587.56642 16.641 0.012
3588.49843 16.647 0.009
3618.65134 16.683 0.012
3633.56220 16.656 0.014
3650.49543 16.651 0.013
3652.51382 16.693 0.017
3772.86412 16.637 0.012
3779.83145 16.662 0.014
4891.87493 16.651 0.010
4911.84971 16.660 0.009
