2117.77963 18.456 0.043
2128.73768 18.718 0.048
2131.60093 18.954 0.045
2135.62449 18.709 0.032
2140.60608 18.830 0.048
2143.71210 18.798 0.043
2165.55762 19.240 0.066
2172.50909 18.599 0.052
2185.53731 18.712 0.049
2200.58399 18.786 0.073
2329.87060 18.729 0.038
2346.86073 18.787 0.038
2351.89694 18.668 0.033
2360.89990 18.823 0.039
2371.87236 18.997 0.047
2381.88490 18.869 0.041
2385.90030 18.540 0.032
2389.91153 19.125 0.056
2391.80283 18.660 0.070
2402.89897 19.086 0.053
2405.73618 18.628 0.035
2415.81087 18.742 0.044
2417.83803 18.558 0.042
2433.90791 19.221 0.113
2435.71763 19.041 0.052
2437.78090 19.087 0.057
2439.72352 18.635 0.027
2441.67869 18.985 0.039
2444.69496 18.670 0.040
2446.77341 18.692 0.043
2452.70675 18.576 0.060
2458.82486 18.727 0.043
2462.62915 19.057 0.043
2464.64268 18.893 0.036
2467.53225 18.609 0.032
2469.54285 18.748 0.034
2471.72623 18.984 0.036
2473.53105 18.840 0.049
2483.61101 19.074 0.053
2486.58965 19.249 0.071
2490.56157 18.635 0.037
2493.51977 18.609 0.034
2495.59591 18.679 0.043
2497.65042 18.633 0.032
2499.69639 18.669 0.029
2501.71592 18.685 0.037
2508.53301 18.614 0.043
2511.71397 18.792 0.073
2518.63073 18.658 0.037
2521.64280 18.846 0.042
2535.57015 19.107 0.078
2541.49394 18.920 0.046
2546.58705 18.916 0.061
2551.49875 18.768 0.052
2555.59477 18.869 0.067
2562.54799 18.758 0.064
2573.51658 18.755 0.063
2704.88897 18.648 0.032
2713.87083 19.027 0.048
2727.91864 18.628 0.035
2733.81852 18.694 0.039
2752.83207 18.777 0.047
2757.79696 18.676 0.040
2759.93292 18.690 0.085
2766.80338 18.996 0.040
2770.68856 18.989 0.060
2782.92951 19.058 0.093
2784.90933 18.528 0.037
2786.77208 18.655 0.042
2789.64340 18.774 0.038
2791.59965 18.879 0.049
2794.75944 18.700 0.041
2796.70970 18.781 0.032
2802.78915 19.105 0.090
2808.82010 18.713 0.077
2810.73828 18.801 0.038
2812.69336 18.637 0.036
2813.77980 19.111 0.063
2815.71464 18.600 0.032
2816.85034 18.591 0.040
2817.85963 19.002 0.069
2818.65909 18.598 0.033
2819.65323 18.914 0.040
2821.62341 18.690 0.039
2830.66709 18.819 0.051
2835.59018 18.760 0.073
2836.82300 18.737 0.103
2838.71623 18.645 0.038
2840.69399 18.967 0.047
2842.76053 18.782 0.043
2844.75723 19.056 0.046
2849.67163 18.641 0.039
2851.68948 18.685 0.041
2853.69494 18.893 0.040
2856.57587 18.832 0.048
2858.54529 18.661 0.037
2862.71679 18.801 0.061
2865.65169 18.567 0.031
2867.68900 18.566 0.029
2869.70286 18.682 0.046
2872.58978 19.051 0.043
2877.56202 18.916 0.051
2882.61972 19.075 0.045
2890.67598 18.627 0.073
2894.63961 18.825 0.065
2898.62602 18.676 0.055
2903.56903 19.241 0.052
2916.56234 18.928 0.062
2937.55044 19.002 0.079
3049.89007 18.523 0.039
