2124.56185 16.457 0.007
2129.50354 16.429 0.007
2132.47829 16.581 0.007
2136.47918 16.880 0.010
2140.49056 16.484 0.007
2166.57968 16.477 0.007
2171.55467 16.507 0.007
2178.54362 16.413 0.007
2192.56731 16.554 0.007
2343.87498 16.459 0.007
2354.91304 16.430 0.007
2364.85847 16.423 0.008
2378.88222 16.764 0.009
2385.74169 16.434 0.007
2389.70495 16.438 0.007
2392.70916 16.441 0.009
2396.90485 16.466 0.007
2400.87746 16.476 0.007
2402.72257 16.438 0.007
2404.76361 16.476 0.007
2406.74008 16.466 0.007
2414.70638 16.560 0.007
2416.64193 16.913 0.011
2424.64088 16.464 0.007
2426.64747 16.431 0.007
2431.85669 16.417 0.007
2433.81345 16.449 0.007
2435.60298 16.501 0.006
2437.82785 16.444 0.007
2440.67715 16.497 0.007
2443.79567 16.461 0.007
2445.80256 16.450 0.007
2453.49785 16.411 0.008
2458.58777 16.450 0.007
2460.78138 16.467 0.008
2462.81591 16.470 0.007
2463.80115 16.435 0.006
2465.73744 16.434 0.007
2467.67112 16.457 0.007
2469.71112 16.412 0.006
2471.55964 16.463 0.007
2473.68943 16.434 0.007
2483.69059 16.495 0.007
2488.74510 16.427 0.007
2491.63744 16.489 0.008
2494.58698 16.438 0.006
2496.64186 16.453 0.006
2498.68567 16.699 0.007
2500.70822 16.570 0.007
2502.72508 16.527 0.008
2510.62332 16.478 0.007
2516.61555 16.415 0.007
2519.48696 16.507 0.007
2524.52846 16.449 0.007
2528.60555 16.497 0.008
2539.48415 16.395 0.007
2543.54649 16.432 0.006
2544.51584 16.479 0.007
2548.61498 16.388 0.008
2560.48368 16.441 0.009
2568.48847 16.547 0.012
2710.85034 16.430 0.006
2725.84597 16.415 0.007
2730.91059 16.460 0.007
2735.87744 16.829 0.008
2747.84797 16.468 0.008
2754.85930 16.491 0.007
2758.77796 16.460 0.008
2764.78775 16.452 0.007
2768.82481 16.424 0.007
2783.62024 16.432 0.007
2785.67262 16.452 0.007
2787.74620 16.418 0.007
2789.79831 16.425 0.007
2791.78404 16.479 0.007
2793.83055 16.492 0.007
2795.77298 16.532 0.007
2797.76038 16.531 0.007
2809.55247 16.547 0.007
2811.54167 16.692 0.008
2812.75656 16.768 0.008
2814.62773 16.455 0.007
2815.79343 16.434 0.007
2817.53335 16.414 0.007
2818.80918 16.422 0.007
2820.52955 16.537 0.008
2826.51529 16.505 0.007
2834.55235 16.427 0.008
2836.47556 16.445 0.007
2837.47722 16.536 0.007
2839.47143 16.510 0.007
2841.49496 16.814 0.008
2844.48832 16.419 0.007
2847.51068 16.428 0.009
2850.72049 16.482 0.007
2852.71502 16.408 0.007
2854.71847 16.469 0.008
2857.60731 16.449 0.007
2861.48428 16.412 0.011
2863.47921 16.480 0.007
2866.51188 16.428 0.007
2869.50997 16.549 0.008
2874.58920 16.449 0.007
2878.50544 16.449 0.007
2883.48981 16.414 0.007
2888.49457 16.473 0.011
2894.53135 16.431 0.007
2898.51255 16.440 0.008
2904.63827 16.569 0.008
2921.54724 16.494 0.007
2932.53728 16.476 0.008
3053.88954 16.906 0.008
3134.80600 16.479 0.007
