2115.78760 18.196 0.027
2128.64105 18.162 0.022
2131.67048 18.132 0.029
2135.52020 18.150 0.020
2138.67433 18.216 0.028
2143.59654 18.405 0.040
2162.58864 18.130 0.025
2170.49510 18.235 0.027
2173.56819 18.136 0.031
2183.50477 18.222 0.034
2184.56808 18.163 0.040
2195.55002 18.139 0.035
2324.89398 18.150 0.031
2341.88615 18.188 0.030
2350.90335 18.139 0.022
2359.86367 18.195 0.024
2370.90464 18.210 0.030
2388.74509 18.185 0.031
2390.71478 18.182 0.037
2397.92484 18.188 0.032
2401.67550 18.154 0.025
2403.73658 18.204 0.021
2410.75262 18.159 0.019
2415.67450 18.170 0.035
2417.73922 18.163 0.028
2425.63526 18.575 0.069
2431.68468 18.135 0.028
2433.66086 18.181 0.024
2435.78178 18.131 0.023
2439.60300 18.178 0.023
2441.61161 18.424 0.027
2444.60258 18.140 0.025
2446.62082 18.214 0.025
2452.59281 18.181 0.036
2458.71252 18.158 0.025
2462.69823 18.148 0.019
2464.51383 18.197 0.027
2466.83435 18.226 0.036
2468.54772 18.136 0.020
2470.55469 18.144 0.026
2474.70043 18.270 0.039
2483.49223 18.186 0.023
2485.68863 18.080 0.033
2489.75788 18.208 0.036
2492.70605 18.111 0.031
2495.49878 18.346 0.031
2497.55929 18.178 0.022
2499.59681 18.192 0.021
2501.62286 18.162 0.023
2503.57092 18.287 0.069
2511.60318 18.170 0.033
2518.55373 18.111 0.023
2521.54991 18.186 0.024
2529.67028 18.156 0.028
2537.54079 18.187 0.040
2540.55299 18.166 0.031
2545.55636 18.170 0.029
2550.54187 18.205 0.030
2555.50416 18.123 0.033
2560.57993 18.161 0.047
2566.55707 18.133 0.033
2700.88484 18.200 0.026
2712.85557 18.161 0.027
2727.82435 18.174 0.021
2732.83810 18.229 0.027
2743.82989 18.128 0.021
2748.84924 18.133 0.028
2755.84898 18.191 0.025
2759.84313 18.182 0.024
2765.87016 18.181 0.022
2769.91135 18.140 0.025
2782.77998 18.387 0.037
2784.77398 18.217 0.022
2786.66729 18.169 0.029
2788.77569 18.137 0.021
2790.85578 18.094 0.028
2795.58700 18.340 0.025
2797.57478 18.167 0.024
2802.64607 18.169 0.030
2808.69031 18.189 0.035
2810.61718 18.175 0.029
2812.59164 18.179 0.024
2814.59130 18.177 0.025
2815.62608 18.149 0.026
2817.65663 18.194 0.029
2819.54455 18.159 0.026
2821.52199 18.170 0.030
2830.56480 18.168 0.036
2836.63280 18.118 0.050
2838.62319 18.199 0.026
2840.54462 18.149 0.024
2842.59814 18.156 0.023
2844.65823 18.245 0.024
2849.48035 18.183 0.029
2853.60199 18.151 0.022
2855.65171 18.189 0.035
2857.77730 18.185 0.035
2860.62012 18.060 0.030
2863.70743 18.203 0.037
2867.56067 18.122 0.026
2870.63409 18.202 0.026
2872.68465 18.187 0.021
2876.62972 18.163 0.024
2879.56598 18.189 0.023
2884.59346 18.167 0.023
2888.56955 18.078 0.069
2894.65526 18.214 0.034
2897.66460 18.428 0.042
2906.62432 18.175 0.031
2910.61681 18.169 0.044
2912.60336 18.202 0.031
2923.58331 18.081 0.030
2933.57745 18.350 0.034
3047.86893 18.213 0.029
3056.87642 18.214 0.028
4911.82035 18.200 0.019
