2118.75580 13.404 0.005
2125.52452 13.413 0.005
2129.60735 13.390 0.005
2132.55198 13.408 0.005
2135.68727 13.447 0.005
2140.64741 13.448 0.005
2144.53372 13.452 0.005
2158.57653 13.455 0.005
2167.53175 13.417 0.005
2172.54750 13.518 0.005
2187.49824 13.386 0.005
2330.87117 13.401 0.005
2344.86674 13.380 0.005
2355.83206 13.513 0.005
2371.91217 13.447 0.005
2382.89044 13.424 0.005
2386.84250 13.580 0.005
2390.77243 13.380 0.005
2397.85001 13.391 0.005
2401.76308 13.511 0.005
2403.81915 13.452 0.005
2405.78751 13.396 0.005
2415.85538 13.490 0.005
2424.73232 13.497 0.005
2428.69661 13.416 0.005
2432.76720 13.573 0.005
2434.64429 13.511 0.005
2435.86331 13.388 0.005
2437.80777 13.345 0.005
2439.74848 13.340 0.005
2441.70131 13.583 0.005
2444.83102 13.360 0.005
2446.83462 13.352 0.005
2453.79176 13.345 0.005
2458.84651 13.371 0.005
2462.57301 13.346 0.005
2464.69429 13.626 0.005
2467.59742 13.393 0.005
2469.61188 13.348 0.005
2471.67165 13.423 0.005
2473.57274 13.622 0.005
2483.65349 13.386 0.005
2486.63677 13.495 0.005
2490.60377 13.421 0.005
2491.50131 13.494 0.005
2492.55597 13.364 0.005
2493.49858 13.483 0.005
2493.56301 13.486 0.005
2495.47914 13.483 0.005
2495.63756 13.582 0.005
2497.69224 13.412 0.005
2499.74011 13.359 0.005
2501.75853 13.474 0.005
2508.57878 13.377 0.005
2512.53489 13.561 0.005
2517.70502 13.572 0.005
2520.49171 13.524 0.005
2526.58788 13.688 0.005
2535.58890 13.463 0.005
2541.56706 13.456 0.005
2547.50708 13.438 0.005
2551.54153 13.436 0.005
2556.49527 13.442 0.005
2563.53090 13.428 0.005
2574.50851 13.416 0.005
2705.87101 13.448 0.005
2713.91316 13.435 0.005
2728.85421 13.462 0.005
2733.83632 13.435 0.005
2744.80857 13.459 0.005
2752.88014 13.425 0.005
2756.85371 13.440 0.005
2760.81968 13.466 0.005
2766.85326 13.440 0.005
2770.73293 13.433 0.005
2783.79387 13.478 0.005
2786.85646 13.648 0.005
2789.66277 13.450 0.005
2791.62364 13.396 0.005
2794.77953 13.614 0.005
2796.72846 13.444 0.005
2808.87028 13.585 0.005
2810.79844 13.437 0.005
2811.83890 13.453 0.005
2813.63540 13.474 0.005
2815.75709 13.477 0.005
2817.70998 13.535 0.005
2818.77214 13.479 0.005
2820.64248 13.470 0.005
2826.63455 13.537 0.005
2834.69249 13.486 0.005
2835.81304 13.451 0.005
2837.54780 13.440 0.005
2839.58411 13.470 0.005
2841.59427 13.577 0.005
2843.52974 13.520 0.005
2845.56930 13.460 0.005
2849.71974 13.458 0.005
2851.73404 13.459 0.005
2853.73986 13.455 0.005
2856.62847 13.450 0.005
2858.60384 13.446 0.005
2859.64253 13.468 0.005
2863.74027 13.536 0.005
2866.70167 13.472 0.005
2869.64232 13.463 0.005
2872.61640 13.538 0.005
2877.60639 13.410 0.005
2883.57370 13.451 0.005
2892.57422 13.474 0.005
2896.59596 13.570 0.005
2902.54194 13.436 0.005
2907.53448 13.425 0.005
2916.60858 13.427 0.005
2928.55206 13.455 0.005
3050.88626 13.470 0.005
3058.83604 13.421 0.005
3063.83074 13.533 0.005
3067.83456 13.429 0.005
3070.79399 13.477 0.005
3072.87283 13.412 0.005
3074.91235 13.429 0.005
3079.81983 13.434 0.005
3082.78619 13.448 0.005
3084.84301 13.426 0.005
3086.77408 13.543 0.005
3087.88744 13.461 0.005
3089.79568 13.450 0.005
3091.75781 13.435 0.005
3096.78758 13.465 0.005
3098.79911 13.439 0.005
3100.84969 13.438 0.005
3102.81040 13.475 0.005
3103.88526 13.459 0.005
3106.76329 13.410 0.005
3107.90757 13.444 0.005
3109.73174 13.485 0.005
3110.77301 13.511 0.005
3112.74191 13.444 0.005
3113.81115 13.420 0.005
3115.80972 13.436 0.005
3118.86683 13.433 0.005
3122.81737 13.435 0.005
3125.79781 13.528 0.005
3126.82869 13.459 0.005
3127.73789 13.427 0.005
3128.75805 13.464 0.005
3129.73655 13.434 0.005
3130.65973 13.456 0.005
3130.67334 13.450 0.005
3130.68016 13.456 0.005
3130.68312 13.459 0.005
3130.70927 13.462 0.005
3130.85100 13.450 0.005
3130.91457 13.440 0.005
3131.77049 13.439 0.005
3134.70683 13.431 0.005
3135.80225 13.456 0.005
3137.85438 13.450 0.005
3138.81196 13.435 0.005
3139.80609 13.443 0.005
3140.81334 13.715 0.005
3142.66770 13.479 0.005
3144.73064 13.466 0.005
3146.70038 13.454 0.005
3151.69014 13.485 0.005
3152.69478 13.410 0.005
3152.90759 13.427 0.005
3153.69754 13.469 0.005
3154.75391 13.438 0.005
3156.74037 13.699 0.005
3158.80037 13.473 0.005
3162.74765 13.441 0.005
3162.93355 13.527 0.005
3163.70971 13.499 0.005
3163.93331 13.468 0.005
3164.67351 13.538 0.005
3165.79527 13.467 0.005
3166.82491 13.415 0.005
3167.88890 13.468 0.005
3168.70642 13.414 0.005
3168.92272 13.432 0.005
3169.66287 13.463 0.005
3170.73352 13.438 0.005
3171.68720 13.490 0.005
3172.67187 13.707 0.005
3174.65084 13.474 0.005
3175.65271 13.383 0.005
3176.69968 13.460 0.005
3178.71525 13.434 0.005
3179.59320 13.443 0.005
3179.84897 13.469 0.005
3180.64394 13.517 0.005
3182.71408 13.394 0.005
3183.65876 13.474 0.005
3184.63843 13.403 0.005
3185.79640 13.433 0.005
3193.81118 13.567 0.005
3194.63001 13.417 0.005
3195.60836 13.687 0.005
3196.68379 13.392 0.005
3196.77277 13.389 0.005
3197.58397 13.479 0.005
3199.71794 13.427 0.005
3202.58117 13.470 0.005
3203.70489 13.406 0.005
3204.70052 13.467 0.005
3205.62509 13.386 0.005
3206.60710 13.445 0.005
3210.59724 13.417 0.005
3211.66927 13.509 0.005
3212.63800 13.413 0.005
3217.59289 13.411 0.005
3218.59215 13.595 0.005
3219.65184 13.407 0.005
3223.58976 13.442 0.005
3224.63962 13.402 0.005
3226.55239 13.462 0.005
3228.51105 13.415 0.005
3229.56919 13.418 0.005
3230.60787 13.439 0.005
3231.50889 13.393 0.005
3232.48272 13.455 0.005
3239.51750 13.446 0.005
3240.59499 13.394 0.005
3241.59921 13.573 0.005
3244.69577 13.445 0.005
3245.48377 13.397 0.005
3246.59169 13.440 0.005
3247.66230 13.416 0.005
3248.65553 13.470 0.005
3250.59493 13.484 0.005
3253.58775 13.434 0.005
3256.56682 13.430 0.005
3259.56293 13.406 0.005
3266.58848 13.406 0.005
3272.53773 13.445 0.005
3274.56729 13.435 0.005
3278.53786 13.418 0.005
3281.48304 13.574 0.005
3287.55025 13.417 0.005
3292.53896 13.425 0.005
3415.87349 13.492 0.005
3420.87375 13.444 0.005
3425.84895 13.425 0.005
3428.85469 13.421 0.005
3430.89149 13.403 0.005
3442.82812 13.467 0.005
3444.88191 13.402 0.005
3446.91057 13.511 0.005
3449.80772 13.490 0.005
3452.82870 13.496 0.005
3454.88227 13.607 0.005
3457.82056 13.469 0.005
3459.76578 13.492 0.005
3468.81765 13.508 0.005
3469.82461 13.384 0.005
3471.90495 13.481 0.005
3473.82014 13.496 0.005
3476.71276 13.359 0.005
3478.77837 13.589 0.005
3479.91565 13.441 0.005
3481.75702 13.417 0.005
3483.89066 13.383 0.005
3484.70652 13.501 0.005
3496.79205 13.506 0.005
3497.72975 13.385 0.005
3499.91975 13.441 0.005
3500.78881 13.496 0.005
3501.78254 13.584 0.005
3502.75552 13.555 0.005
3503.72454 13.506 0.005
3504.81417 13.387 0.005
3506.87914 13.415 0.005
3508.82981 13.488 0.005
3509.77949 13.559 0.005
3511.73715 13.412 0.005
3512.78028 13.528 0.005
3517.85426 13.581 0.005
3520.80849 13.393 0.005
3521.61817 13.513 0.005
3522.67255 13.399 0.005
3523.71465 13.441 0.005
3524.70336 13.460 0.005
3525.68533 13.526 0.005
3526.76779 13.531 0.005
3527.77267 13.399 0.005
3528.71544 13.501 0.005
3529.60540 13.399 0.005
3530.62738 13.458 0.005
3538.65927 13.410 0.005
3540.80376 13.743 0.005
3541.80774 13.412 0.005
3547.70013 13.496 0.005
3550.57541 13.512 0.005
3551.76478 13.454 0.005
3552.60052 13.392 0.005
3553.73446 13.436 0.005
3554.77144 13.491 0.005
3555.73535 13.439 0.005
3556.81136 13.537 0.005
3558.47428 13.742 0.005
3558.77353 13.463 0.005
3559.53073 13.421 0.005
3560.50499 13.478 0.005
3560.84504 13.434 0.005
3561.48239 13.413 0.005
3562.52895 13.430 0.005
3563.58392 13.502 0.005
3564.61203 13.485 0.005
3569.50014 13.432 0.005
3573.57724 13.517 0.005
3574.63384 13.478 0.005
3575.61866 13.421 0.005
3576.59915 13.417 0.005
3577.66117 13.488 0.005
3578.60826 13.404 0.005
3579.56550 13.522 0.005
3580.58328 13.528 0.005
3581.61532 13.495 0.005
3582.56353 13.426 0.005
3583.58058 13.426 0.005
3584.58907 13.453 0.005
3585.57976 13.389 0.005
3586.62562 13.514 0.005
3589.61837 13.435 0.005
3590.58710 13.433 0.005
3591.64905 13.459 0.005
3593.52200 13.475 0.005
3594.63806 13.425 0.005
3601.57052 13.407 0.005
3602.58002 13.503 0.005
3603.58459 13.556 0.005
3604.58115 13.525 0.005
3606.60415 13.409 0.005
3607.57651 13.459 0.005
3608.58543 13.408 0.005
3615.49814 13.395 0.005
3618.62291 13.719 0.005
3620.51125 13.500 0.005
3622.49036 13.403 0.005
3628.61908 13.461 0.005
3630.50447 13.457 0.005
3631.63465 13.436 0.005
3633.47928 13.461 0.005
3637.56393 13.452 0.005
3639.59708 13.436 0.005
3641.49212 13.442 0.005
3643.56056 13.434 0.005
3648.48445 13.424 0.005
3651.54050 13.452 0.005
3654.49354 13.426 0.005
3656.49031 13.457 0.005
3658.52427 13.578 0.005
3661.52221 13.449 0.005
3668.49531 13.449 0.005
3674.50912 13.423 0.005
3775.85268 13.443 0.005
3780.87840 13.422 0.005
