2125.67487 18.612 0.095
2129.72762 18.754 0.055
2132.67057 18.705 0.057
2136.57402 18.683 0.082
2141.58621 18.763 0.060
2144.67284 18.643 0.059
2160.62853 18.627 0.086
2170.56941 18.665 0.059
2178.58019 18.637 0.129
2211.53382 18.818 0.129
2333.87013 18.662 0.072
2344.83146 18.710 0.072
2355.88227 18.683 0.062
2364.87390 18.722 0.077
2372.88569 18.762 0.065
2384.82062 18.681 0.059
2388.81978 18.770 0.065
2390.85775 18.753 0.079
2393.85195 18.764 0.154
2400.79919 18.716 0.060
2402.90590 18.711 0.062
2406.84870 18.715 0.065
2414.87136 18.708 0.060
2416.88694 18.819 0.077
2424.74557 18.738 0.075
2428.73079 18.670 0.063
2432.88232 18.656 0.095
2434.77032 18.716 0.060
2436.81825 18.740 0.065
2438.79194 18.689 0.062
2441.75426 18.710 0.063
2445.67150 18.685 0.062
2448.69113 18.755 0.075
2454.78171 18.870 0.106
2459.68274 18.624 0.051
2460.70080 18.681 0.065
2463.58203 18.767 0.055
2466.60184 18.794 0.063
2468.72811 18.733 0.051
2470.71188 18.707 0.049
2472.73932 19.206 0.091
2481.59864 18.952 0.103
2484.66194 18.809 0.071
2486.75466 18.546 0.088
2493.68254 18.781 0.083
2496.52854 18.756 0.052
2498.54920 18.793 0.051
2500.59261 18.826 0.062
2502.60623 18.717 0.059
2508.70444 18.616 0.091
2512.65394 18.873 0.089
2517.55534 18.768 0.092
2520.62280 18.936 0.068
2529.48867 18.816 0.085
2538.54028 18.783 0.079
2542.56809 18.725 0.059
2548.49662 18.488 0.071
2552.53292 18.856 0.074
2557.49807 18.620 0.063
2564.51948 18.712 0.085
2708.84713 19.097 0.075
2719.85280 18.685 0.069
2729.87488 18.805 0.080
2734.81385 18.793 0.059
2747.73877 18.592 0.111
2753.92379 18.767 0.085
2757.84961 18.679 0.068
2761.89839 18.774 0.060
2767.84536 18.607 0.072
2775.76223 18.659 0.092
2784.60621 18.816 0.068
2786.82421 18.923 0.083
2788.63612 19.156 0.095
2790.74053 18.783 0.063
2795.62814 18.629 0.055
2797.64004 18.804 0.060
2802.73244 18.722 0.094
2809.75499 18.783 0.075
2811.68212 18.864 0.099
2812.81147 18.688 0.072
2813.85521 18.717 0.068
2815.83589 18.726 0.065
2816.85684 18.866 0.092
2818.62251 18.689 0.059
2819.79084 18.715 0.080
2821.68889 18.838 0.072
2826.79530 18.713 0.094
2835.67431 18.798 0.077
2837.68203 18.500 0.105
2840.73511 18.680 0.072
2843.68641 19.182 0.100
2845.68375 18.751 0.068
2850.57262 18.792 0.063
2852.58038 18.836 0.123
2854.58479 18.651 0.063
2857.49508 18.712 0.077
2858.70741 18.737 0.088
2859.56791 18.813 0.111
2862.65448 18.659 0.089
2866.60398 18.740 0.075
2868.70583 18.875 0.085
2871.62410 18.820 0.066
2877.52602 18.732 0.071
2883.62067 18.721 0.066
2892.54699 18.732 0.077
2895.61257 18.762 0.063
2900.62424 18.591 0.079
2905.62340 18.639 0.089
2909.63272 18.821 0.094
2920.54763 18.832 0.131
2931.54445 18.826 0.072
3052.85445 18.740 0.065
3059.82741 18.838 0.071
3064.84429 18.532 0.083
3068.79809 18.635 0.079
3070.87673 19.052 0.091
3073.83283 18.724 0.065
3075.87093 18.817 0.082
3080.77516 18.907 0.079
3082.90296 18.630 0.060
3085.83342 18.719 0.057
3086.90684 18.872 0.069
3088.82601 18.779 0.057
3090.73910 18.698 0.057
3096.89429 18.725 0.080
3098.92140 18.701 0.063
3100.90819 18.735 0.060
3101.76622 18.763 0.079
3103.79917 18.785 0.071
3104.85783 18.795 0.215
3106.87112 18.834 0.095
3108.79164 18.893 0.063
3109.85056 19.044 0.074
3110.85693 18.800 0.068
3112.84223 18.738 0.057
3114.80685 18.685 0.054
3116.89493 18.713 0.065
3122.93284 18.639 0.099
3125.89734 19.067 0.106
3127.84155 18.822 0.088
3128.84347 18.772 0.072
3130.72393 18.673 0.071
3131.69041 18.487 0.069
3135.92203 18.762 0.069
3135.93375 18.745 0.071
3138.67632 18.648 0.063
3139.90151 18.723 0.060
3140.90573 18.764 0.066
3142.79013 18.825 0.060
3144.81013 18.760 0.055
3146.84343 18.705 0.063
3151.77302 18.720 0.071
3151.93073 18.747 0.085
3152.77862 18.786 0.065
3153.78130 18.737 0.068
3154.84562 18.592 0.085
3156.88634 18.755 0.079
3162.59619 18.855 0.089
3163.77714 18.662 0.060
3164.75939 18.757 0.059
3164.89239 18.987 0.102
3165.73298 18.842 0.055
3167.61934 18.766 0.094
3168.88112 18.732 0.068
3169.74926 18.746 0.062
3170.83411 18.744 0.051
3171.80536 18.764 0.048
3172.77632 18.621 0.052
3173.87431 18.588 0.068
3175.74188 18.687 0.054
3177.78234 18.743 0.080
3179.52706 18.724 0.062
3179.90633 18.686 0.080
3180.74807 18.785 0.049
3182.80874 18.808 0.066
3183.76370 18.817 0.071
3184.72480 18.838 0.054
3185.72827 18.758 0.059
3193.55969 18.709 0.057
3194.57131 18.606 0.072
3195.70287 18.744 0.052
3195.82343 18.726 0.063
3196.62432 18.703 0.055
3197.54903 18.710 0.057
3197.85248 18.869 0.119
3199.64689 18.705 0.048
3202.54051 18.770 0.066
3203.68559 18.643 0.048
3204.67654 18.671 0.051
3205.53538 18.626 0.049
3206.74075 18.696 0.069
3209.66071 18.858 0.065
3210.66076 18.726 0.057
3211.63122 18.681 0.059
3217.67541 18.782 0.074
3218.67372 18.729 0.083
3219.63754 18.689 0.079
3223.67491 18.723 0.082
3224.72298 18.560 0.062
3226.64595 18.526 0.066
3228.62420 18.812 0.057
3229.65669 18.793 0.059
3230.69016 18.828 0.075
3231.59417 18.759 0.063
3238.64245 18.810 0.092
3240.49463 18.819 0.069
3241.67729 18.567 0.082
3245.59041 18.615 0.080
3246.68416 18.575 0.082
3247.60332 18.696 0.079
3249.55081 18.645 0.069
3250.68180 18.704 0.097
3256.66106 18.723 0.088
3260.57080 18.775 0.066
3265.50123 18.630 0.079
3267.55489 18.732 0.066
3272.61283 18.520 0.066
3279.54377 18.788 0.074
3282.50221 18.664 0.059
3288.56860 18.629 0.060
3293.53922 18.687 0.045
3295.54773 18.526 0.029
3300.53302 18.681 0.089
3315.50001 18.658 0.137
3410.89047 18.658 0.097
3417.86836 18.852 0.057
3422.89470 18.929 0.077
3426.88583 18.647 0.057
3429.87083 18.574 0.055
3442.91365 18.800 0.077
3445.82668 18.739 0.052
3447.87700 18.667 0.054
3449.89395 18.680 0.054
3452.91109 18.703 0.057
3453.78292 18.770 0.083
3455.85355 18.589 0.072
3456.86460 18.880 0.062
3457.78230 19.306 0.115
3458.82588 18.677 0.060
3458.86367 18.778 0.065
3459.80045 18.724 0.063
3467.90322 18.706 0.051
3469.81286 18.723 0.049
3470.85304 18.789 0.046
3472.78424 18.726 0.051
3473.87926 18.697 0.063
3474.85166 18.789 0.057
3475.91547 18.653 0.045
3477.78822 18.635 0.057
3478.90247 18.771 0.060
3480.85445 19.251 0.094
3481.85848 18.710 0.045
3483.79875 18.771 0.059
3496.75262 19.146 0.083
3497.82039 18.789 0.066
3499.74904 18.716 0.057
3500.75362 18.698 0.054
3501.86716 18.787 0.059
3502.69991 18.680 0.048
3503.71277 18.761 0.054
3504.72714 18.602 0.055
3506.81744 18.781 0.062
3508.80929 18.788 0.065
3509.71237 18.701 0.052
3511.69907 18.641 0.063
3512.76804 19.219 0.100
3517.80849 18.715 0.060
3520.84365 18.791 0.065
3521.66282 19.487 0.099
3522.77304 18.764 0.057
3523.80775 18.666 0.049
3524.79538 18.533 0.051
3525.77508 18.738 0.049
3526.86044 18.773 0.065
3528.57901 18.777 0.062
3530.80446 18.728 0.048
3537.77226 18.837 0.060
3538.70172 18.851 0.059
3540.67567 18.671 0.051
3544.75568 18.937 0.082
3546.87664 18.748 0.092
3547.83406 18.786 0.085
3550.66052 18.697 0.051
3551.66481 18.806 0.042
3552.69733 18.768 0.048
3553.70002 18.856 0.083
3554.69214 18.725 0.063
3555.72629 18.676 0.055
3556.74697 18.714 0.059
3558.58277 18.668 0.057
3558.86009 19.090 0.106
3559.67864 18.664 0.052
3560.63176 19.108 0.068
3561.57208 18.710 0.054
3561.83917 18.649 0.059
3562.61624 18.676 0.057
3562.83906 18.614 0.063
3563.66566 18.794 0.051
3564.55922 18.677 0.065
3569.61795 19.081 0.140
3573.68656 18.646 0.066
3573.71353 18.489 0.057
3574.71453 18.765 0.063
3575.65340 18.689 0.045
3575.79856 18.723 0.074
3576.71583 18.964 0.086
3577.76417 18.739 0.062
3578.70081 18.699 0.051
3579.64613 18.692 0.052
3580.68267 18.741 0.060
3581.69903 18.776 0.060
3582.62484 18.653 0.054
3583.66144 18.793 0.055
3584.67020 18.750 0.062
3585.66823 18.633 0.039
3586.69964 18.788 0.052
3588.75071 18.796 0.068
3589.71203 18.765 0.059
3590.70814 18.752 0.062
3592.68089 19.045 0.065
3597.66957 18.601 0.079
3601.68446 18.751 0.071
3602.68462 18.797 0.082
3603.66477 18.668 0.063
3607.66325 18.889 0.069
3608.67925 18.954 0.074
3615.60650 18.859 0.057
3618.61005 18.698 0.057
3620.57326 18.666 0.049
3628.57527 18.702 0.071
3630.58933 18.691 0.077
3632.61681 18.868 0.117
3634.52021 18.737 0.052
3639.52601 18.736 0.049
3641.57274 18.796 0.085
3644.53755 18.680 0.055
3649.51816 18.774 0.062
3651.57903 18.773 0.092
3654.56411 18.961 0.151
3655.54423 18.832 0.080
3657.53740 18.708 0.092
3659.53917 19.442 0.206
3662.54369 18.946 0.126
3665.51416 18.977 0.105
3672.51159 18.900 0.115
3777.84895 18.605 0.071
3782.88492 18.702 0.060
3785.84661 18.866 0.075
3787.86173 19.194 0.094
3791.83609 18.709 0.075
3793.88033 18.687 0.059
3795.86453 18.715 0.089
3796.89703 18.668 0.062
3798.82786 18.711 0.057
3799.87775 18.776 0.079
3801.83701 18.827 0.072
3802.87138 18.706 0.059
3804.78463 18.695 0.069
3805.82316 18.736 0.063
3806.81986 18.600 0.060
3807.84408 18.623 0.066
3808.84776 18.661 0.068
3809.90463 18.769 0.063
3810.90068 19.254 0.105
3811.79122 18.748 0.082
3812.86872 18.669 0.071
3813.84845 18.762 0.065
3814.84733 18.750 0.059
3818.76496 18.722 0.066
3819.82867 19.245 0.080
3820.79264 18.730 0.052
3821.79586 18.767 0.057
3822.83949 18.765 0.060
3823.80044 18.678 0.051
3824.78694 18.777 0.077
3825.82651 18.672 0.062
3826.78622 18.697 0.057
3827.82670 18.719 0.052
3828.80676 18.719 0.063
3829.72541 18.699 0.071
3830.76033 18.739 0.059
3832.76643 18.656 0.054
3833.79373 18.766 0.052
3834.76561 18.856 0.063
3835.75433 19.164 0.094
3835.92491 18.808 0.068
3836.71577 18.765 0.082
3837.75646 18.705 0.060
3838.76440 18.768 0.075
3838.88186 18.686 0.062
3839.76031 18.867 0.074
3840.76345 18.810 0.072
3840.93118 18.824 0.086
3841.71869 18.846 0.085
3841.86865 18.726 0.059
3842.71026 18.894 0.152
3845.74020 18.668 0.134
3845.93379 18.597 0.126
3846.75107 18.642 0.054
3846.87975 18.641 0.048
3847.82409 18.633 0.068
3848.77417 18.643 0.057
3848.89288 18.703 0.079
3849.77164 18.752 0.059
3850.71623 18.699 0.060
3850.88974 18.829 0.072
3851.73047 19.240 0.099
3851.89523 18.737 0.065
3852.71901 18.843 0.065
3852.83987 18.703 0.062
3852.92452 18.678 0.065
3853.71098 18.710 0.048
3853.87590 18.764 0.048
3856.69761 18.770 0.066
3856.88803 18.774 0.057
3858.73096 18.752 0.062
3859.85182 18.706 0.055
3860.69225 19.055 0.088
3861.68964 18.776 0.065
3861.79378 18.674 0.052
3861.89153 18.690 0.049
3862.67150 18.725 0.066
3862.88626 18.676 0.049
3863.68434 18.755 0.068
3863.82816 18.852 0.059
3863.90427 18.793 0.054
3864.70119 18.790 0.060
3864.88732 18.646 0.043
3865.66106 18.746 0.066
3865.79672 18.719 0.059
3865.87525 18.952 0.065
3866.70658 18.654 0.051
3866.84609 18.816 0.063
3866.93214 18.737 0.057
3867.65251 19.093 0.108
3867.83737 18.842 0.068
3867.90820 18.796 0.065
3868.65984 18.694 0.079
3868.79985 18.720 0.068
3868.88409 18.791 0.074
3869.62655 18.883 0.091
3869.82137 18.623 0.071
3869.89382 18.797 0.079
3873.69218 18.703 0.055
3873.83239 18.876 0.063
3873.90346 18.861 0.066
3874.69513 18.646 0.065
3874.86368 19.112 0.086
3875.63183 18.792 0.059
3875.77911 18.801 0.051
3875.85679 18.810 0.052
3876.65521 19.053 0.071
3877.65972 18.810 0.055
3877.80791 18.781 0.055
3877.88171 18.722 0.060
3880.64424 18.886 0.066
3880.86322 18.710 0.055
3880.93681 18.864 0.086
3881.68350 18.768 0.062
3881.82629 19.014 0.063
3882.59562 18.756 0.069
3882.79852 18.740 0.057
3882.86871 18.772 0.055
3883.66100 19.212 0.085
3883.88829 18.788 0.052
3886.62626 18.753 0.065
3886.81579 18.748 0.046
3886.88781 18.825 0.065
3886.91386 18.813 0.068
3887.59632 18.700 0.055
3887.79897 18.643 0.051
3887.82677 18.697 0.059
3887.89886 18.796 0.075
3889.67880 18.750 0.049
3890.56705 18.765 0.083
3891.70334 18.770 0.060
3891.82035 18.807 0.060
3891.90202 18.759 0.063
3892.61376 19.081 0.109
3893.64517 18.570 0.051
3893.89289 18.636 0.074
3894.69583 18.835 0.072
3896.63956 18.727 0.079
3900.55491 18.862 0.094
3900.74127 18.702 0.060
3900.81667 18.756 0.068
3901.56872 18.664 0.072
3901.74353 18.676 0.072
3901.82032 18.675 0.072
3901.89276 18.660 0.088
3902.58963 18.798 0.068
3902.76702 18.815 0.065
3902.89343 18.592 0.080
3903.67852 18.632 0.062
3904.57268 18.775 0.054
3904.73592 18.804 0.060
3904.80491 18.722 0.052
3904.85776 18.763 0.065
3905.56959 18.744 0.052
3905.74357 18.687 0.046
3905.81620 18.830 0.051
3905.88476 18.908 0.077
3906.50824 18.796 0.100
3906.67808 18.954 0.072
3906.74751 19.352 0.099
3906.82364 18.922 0.083
3907.61470 18.825 0.066
3907.80953 18.873 0.097
3907.88215 18.584 0.082
3908.55088 19.170 0.095
3908.74007 18.723 0.057
3908.81663 18.790 0.057
3909.55602 18.801 0.065
3909.75045 18.748 0.043
3909.83235 18.847 0.062
3910.60478 18.753 0.055
3912.55516 18.759 0.048
3912.75106 18.737 0.042
3912.83981 18.633 0.046
3913.55292 18.747 0.048
3913.75513 18.822 0.071
3913.84493 19.294 0.088
3914.57039 18.663 0.057
3915.55095 18.992 0.095
3915.75423 18.766 0.049
3915.85122 18.823 0.071
3916.59874 18.673 0.069
3916.77140 18.744 0.068
3917.63875 18.715 0.063
3917.85341 18.832 0.082
3918.63224 18.700 0.055
3918.66393 18.758 0.055
3918.84194 18.778 0.075
3919.56708 18.827 0.074
3919.81153 18.816 0.075
3920.53670 18.689 0.054
3920.73301 18.731 0.065
3920.81175 18.695 0.049
3921.52971 18.706 0.065
3921.74022 18.686 0.082
3922.73664 19.145 0.108
3930.58427 18.721 0.065
3930.80801 18.547 0.105
3931.53532 18.966 0.082
3931.65867 19.181 0.095
3932.54719 18.612 0.065
3933.53614 18.779 0.059
3933.71749 18.754 0.059
3933.79304 18.655 0.060
3934.50690 18.881 0.068
3934.63029 18.841 0.057
3934.70072 18.680 0.049
3934.76978 18.813 0.055
3935.55676 18.686 0.062
3935.72808 18.709 0.068
3935.77983 18.914 0.074
3936.51036 18.656 0.063
3936.67568 18.721 0.055
3936.75318 18.780 0.072
3937.57842 18.621 0.057
3938.51788 18.764 0.079
3938.71953 19.178 0.102
3938.76871 18.994 0.100
3940.62087 18.804 0.049
3941.66230 18.674 0.072
3944.57437 18.811 0.060
3945.52316 18.637 0.071
3945.71128 18.858 0.074
3946.53350 18.621 0.069
3946.72289 18.773 0.063
3950.54158 18.816 0.055
3950.76108 18.905 0.080
3951.53782 18.769 0.066
3956.58419 18.741 0.085
3957.52508 18.613 0.069
3958.59787 18.757 0.069
3959.53779 18.770 0.065
3959.70216 18.854 0.088
3960.51578 18.769 0.054
3960.69569 18.803 0.055
3961.59086 18.694 0.080
3963.47744 18.939 0.095
3963.65196 18.794 0.065
3963.72529 18.804 0.086
3964.54714 18.650 0.051
3965.53364 18.854 0.052
3965.72674 18.828 0.068
3966.52870 18.724 0.052
3966.71049 18.835 0.077
3967.55243 18.600 0.068
3968.51520 18.652 0.060
3968.68671 18.791 0.069
3969.51911 18.744 0.069
3969.69769 18.701 0.072
3970.53098 18.794 0.072
3970.71083 18.966 0.079
3971.57075 18.684 0.072
3973.59587 18.550 0.057
3974.52570 18.685 0.066
3975.52820 18.677 0.052
3976.52296 18.680 0.052
3979.53276 18.991 0.148
3982.59993 18.824 0.072
3986.59992 19.413 0.148
3987.52233 18.704 0.069
3988.53516 18.721 0.049
3989.59684 18.683 0.077
3990.63912 18.735 0.075
3994.49185 18.752 0.080
3995.58945 18.936 0.072
3999.62699 18.582 0.068
4000.53406 18.581 0.063
4001.52379 18.654 0.066
4002.52043 18.944 0.080
4004.54342 19.050 0.083
4005.54614 18.691 0.072
4006.54072 18.835 0.066
4012.51649 18.773 0.086
4016.55140 18.464 0.083
4018.57102 19.445 0.165
4020.56591 19.064 0.129
4023.57512 18.778 0.108
4026.49821 18.873 0.071
4028.51425 18.650 0.071
4031.51438 18.672 0.077
4038.51955 18.769 0.086
4041.51867 18.559 0.091
4142.86980 18.876 0.117
4151.87498 18.863 0.086
4153.89694 18.701 0.071
4156.87546 18.805 0.082
4158.90363 18.747 0.075
4161.86299 18.683 0.072
4163.84581 18.765 0.079
4165.83578 19.402 0.194
4168.82788 18.646 0.075
4170.83219 18.718 0.069
4175.86525 18.670 0.065
4177.76755 18.786 0.072
4178.82650 18.784 0.065
4179.86637 18.821 0.066
4181.80279 19.149 0.094
4182.85136 18.746 0.057
4183.88386 18.743 0.068
4185.76034 18.654 0.072
4185.82386 18.654 0.060
4185.87780 18.667 0.059
4185.91220 18.809 0.065
4186.90824 18.743 0.080
4187.87793 18.707 0.080
4189.80999 18.816 0.095
4189.85255 18.826 0.079
4189.86742 18.747 0.086
4189.88199 18.706 0.066
4189.90292 18.702 0.079
4189.91913 18.761 0.089
4190.74416 19.228 0.145
4190.79893 18.942 0.091
4190.91998 18.768 0.066
4191.77019 18.723 0.085
4191.89937 18.796 0.082
4192.78284 18.662 0.082
4192.82117 18.717 0.086
4193.78192 18.698 0.089
4194.80477 18.792 0.068
4196.79478 18.724 0.072
4202.77640 18.766 0.060
4203.76420 18.798 0.062
4204.75654 18.842 0.077
4205.75476 18.754 0.062
4205.90615 18.733 0.059
4207.74600 18.659 0.068
4208.69995 18.769 0.069
4211.81126 18.882 0.088
4212.84081 18.676 0.080
4213.74888 19.175 0.095
4215.76190 18.620 0.079
4216.71975 18.779 0.065
4216.83178 18.783 0.069
4216.93020 18.766 0.083
4217.70172 18.805 0.066
4217.72726 18.755 0.062
4217.81207 18.745 0.049
4217.84819 18.760 0.051
4217.88858 18.736 0.049
4217.92214 18.741 0.052
4218.70139 18.727 0.085
4218.77704 18.700 0.077
4218.82986 18.776 0.085
4218.89453 18.798 0.062
4218.92940 18.859 0.077
4219.70803 18.557 0.086
4219.71445 18.556 0.082
4219.71750 18.729 0.089
4219.72410 18.764 0.086
4219.74742 18.744 0.071
4219.76079 18.788 0.082
4219.77191 18.747 0.077
4219.78019 18.701 0.071
4219.78428 18.813 0.082
4219.79551 18.659 0.062
4219.80643 18.737 0.060
4219.82433 18.677 0.063
4219.83864 18.684 0.066
4219.85574 18.716 0.069
4219.86855 18.751 0.075
4219.87965 18.710 0.069
4219.89074 18.701 0.079
4219.90200 18.761 0.086
4219.91305 18.869 0.086
4219.92692 18.802 0.085
4219.93792 18.614 0.148
4220.65396 18.730 0.095
4220.66113 18.622 0.099
4220.67315 18.832 0.092
4220.68409 18.736 0.082
4220.69727 18.804 0.088
4220.70824 18.815 0.083
4220.71951 18.733 0.079
4220.73153 18.741 0.074
4220.74270 18.828 0.075
4220.75698 18.805 0.075
4220.76835 18.844 0.072
4220.77971 18.785 0.066
4220.79096 18.932 0.080
4220.80275 18.928 0.082
4220.81378 18.905 0.080
4220.82486 19.044 0.100
4220.83595 19.023 0.100
4220.84773 19.284 0.122
4220.85877 19.248 0.128
4220.86999 19.076 0.115
4220.88574 19.021 0.115
4220.89684 19.316 0.139
4220.90790 19.211 0.139
4220.91896 19.058 0.119
4220.92794 19.115 0.142
4220.93416 18.952 0.152
4221.64168 18.943 0.149
4221.64997 18.902 0.135
4221.65351 18.820 0.117
4221.65914 18.734 0.099
4221.66739 18.855 0.100
4221.67326 18.858 0.095
4221.67885 18.814 0.089
4221.68461 18.779 0.091
4221.70767 18.839 0.088
4221.71352 18.811 0.089
4221.71843 18.713 0.086
4221.72302 18.721 0.086
4221.72765 18.893 0.108
4221.73225 18.874 0.099
4221.73750 18.739 0.082
4221.74007 18.912 0.100
4221.74494 18.838 0.088
4221.74729 18.860 0.088
4221.75134 18.811 0.085
4221.75537 18.942 0.091
4221.75949 18.760 0.086
4221.76362 18.878 0.109
4221.76772 18.566 0.080
4221.77212 18.720 0.092
4221.77376 18.909 0.100
4221.77549 18.978 0.114
4221.77959 18.835 0.086
4221.79475 18.761 0.091
4221.79647 18.808 0.097
4221.79819 18.853 0.074
4221.80267 18.752 0.062
4221.80433 18.723 0.063
4221.80606 18.760 0.074
4221.81020 18.680 0.063
4221.81186 18.891 0.074
4221.81357 18.890 0.074
4221.81827 18.968 0.082
4221.82044 18.585 0.062
4221.82270 18.834 0.071
4221.82426 18.742 0.068
4221.82586 18.770 0.068
4221.82747 18.762 0.069
4221.82907 19.177 0.097
4221.85409 18.735 0.091
4221.85570 18.883 0.086
4221.85732 18.742 0.080
4221.85884 18.574 0.089
4221.86047 18.581 0.065
4221.86439 18.736 0.088
4221.86600 18.756 0.077
4221.86761 18.840 0.092
4221.86923 18.901 0.095
4221.87082 18.752 0.080
4221.87459 18.804 0.079
4221.87622 18.722 0.075
4221.87786 18.996 0.083
4221.87947 18.683 0.072
4221.88106 18.837 0.077
4221.88524 18.763 0.069
4221.88710 18.702 0.068
4221.88859 19.036 0.089
4221.89009 18.765 0.082
4221.89164 18.572 0.068
4221.89318 18.621 0.075
4221.89465 18.790 0.079
4221.89843 18.792 0.089
4221.89997 18.556 0.060
4221.90153 18.720 0.074
4221.90307 18.597 0.063
4221.90463 18.888 0.086
4221.90610 18.596 0.074
4221.90984 18.519 0.065
4221.91138 18.685 0.072
4221.91288 18.814 0.072
4221.91443 18.863 0.083
4221.91598 18.821 0.083
4221.91752 18.433 0.057
4221.92143 18.824 0.082
4221.92290 18.836 0.097
4221.92444 18.561 0.068
4221.92598 18.777 0.079
4221.92754 19.004 0.105
4221.92908 18.669 0.075
4221.93301 18.517 0.066
4222.65511 19.592 0.235
4222.65993 19.197 0.175
4222.66874 19.161 0.151
4222.67699 19.368 0.174
4222.69131 19.055 0.111
4222.70313 19.232 0.122
4222.71411 19.140 0.109
4222.73410 19.038 0.102
4222.74825 18.895 0.080
4222.76209 18.867 0.082
4222.77962 18.754 0.077
4222.79913 18.846 0.074
4222.81984 18.789 0.068
4222.83647 18.788 0.065
4222.85407 18.746 0.065
4222.87068 18.851 0.072
4222.88212 18.826 0.066
4222.89350 18.776 0.068
4222.90719 18.734 0.068
4222.91899 18.777 0.066
4222.92788 18.745 0.063
4223.65926 18.875 0.155
4223.66361 18.843 0.102
4223.73998 18.717 0.083
4224.74785 18.711 0.097
4224.80499 18.718 0.080
4224.86990 18.777 0.085
4227.84928 18.762 0.071
4227.90345 18.932 0.088
4227.91344 18.972 0.092
4227.92307 19.020 0.103
4228.64768 18.691 0.080
4228.69737 18.798 0.071
4229.69095 18.955 0.100
4229.88787 18.807 0.065
4230.63913 18.822 0.079
4230.82714 18.731 0.062
4230.88880 18.727 0.071
4231.66310 18.700 0.080
4231.71416 18.760 0.071
4231.86924 18.835 0.077
4232.64930 18.798 0.103
4232.77587 18.742 0.079
4232.91344 18.681 0.069
4233.84359 18.661 0.071
4234.77387 18.748 0.066
4234.89346 18.784 0.077
4235.68751 18.787 0.066
4235.74499 18.670 0.057
4235.84854 18.790 0.062
4235.91066 18.750 0.066
4237.61402 18.747 0.088
4238.68540 19.113 0.106
4238.89487 18.753 0.075
4239.65725 18.721 0.068
4240.69694 18.811 0.071
4240.84770 18.694 0.068
4243.66257 18.753 0.077
4243.75599 18.773 0.072
4243.84886 18.803 0.085
4244.63474 18.778 0.092
4244.73115 18.716 0.062
4244.82373 18.799 0.062
4245.62784 18.726 0.065
4245.72214 19.239 0.089
4245.81762 18.957 0.066
4245.86812 18.736 0.075
4246.68656 18.775 0.069
4246.77964 18.748 0.071
4246.87230 18.772 0.075
4247.70155 18.749 0.068
4250.74961 18.802 0.072
4250.93952 18.774 0.074
4251.82120 18.715 0.120
4256.63736 18.806 0.106
4256.78333 18.785 0.092
4257.66895 18.704 0.074
4258.65273 18.828 0.088
4258.77553 18.777 0.068
4258.86817 18.590 0.082
4267.61239 18.727 0.086
4268.63366 18.756 0.074
4268.85936 19.154 0.123
4269.59458 18.742 0.066
4269.74487 18.782 0.075
4270.52932 19.127 0.119
4272.57582 18.868 0.080
4272.72569 18.760 0.060
4272.78429 18.737 0.068
4272.85568 18.775 0.086
4273.63615 18.744 0.080
4273.81431 18.819 0.075
4273.87552 18.715 0.100
4274.56722 18.748 0.095
4274.72015 18.788 0.083
4274.78106 18.759 0.063
4274.84058 19.265 0.146
4275.61878 18.689 0.062
4275.79404 18.733 0.077
4275.85516 18.972 0.126
4276.60350 18.663 0.079
4277.54723 18.678 0.091
4277.72432 19.113 0.097
4277.78293 18.990 0.112
4278.59217 18.652 0.089
4278.76850 18.680 0.088
4283.52974 18.748 0.085
4284.52155 18.744 0.086
4284.67113 18.735 0.083
4284.73127 19.178 0.095
4284.79333 19.188 0.115
4284.85828 18.713 0.095
4285.52473 18.626 0.077
4285.71828 18.663 0.069
4285.77951 18.791 0.071
4285.84474 18.668 0.074
4286.52445 19.244 0.134
4286.83266 18.669 0.106
4289.53536 18.796 0.095
4289.75427 18.831 0.089
4289.81909 18.858 0.091
4290.58164 18.694 0.083
4291.60129 18.763 0.069
4292.50687 18.766 0.069
4292.68590 18.738 0.060
4292.74470 18.766 0.057
4292.80771 18.754 0.068
4293.50767 18.772 0.065
4293.69180 19.236 0.088
4293.75057 18.896 0.065
4293.79083 18.798 0.068
4293.82834 18.704 0.066
4294.50627 18.813 0.079
4295.51643 18.826 0.072
4295.71152 18.769 0.054
4295.77010 18.888 0.065
4295.83193 18.781 0.086
4296.51049 18.707 0.077
4296.71623 18.776 0.057
4297.53031 18.761 0.068
4297.73488 18.726 0.063
4298.56479 18.727 0.069
4298.67643 18.791 0.065
4298.81383 18.760 0.102
4299.55188 18.679 0.052
4299.64178 18.707 0.054
4299.73307 18.786 0.057
4300.54853 18.829 0.069
4300.66371 18.706 0.062
4300.77881 19.169 0.091
4301.53464 18.786 0.066
4301.63089 18.901 0.069
4301.73306 18.724 0.055
4302.60764 19.067 0.091
4302.77273 18.813 0.069
4303.69420 18.739 0.072
4304.57252 18.777 0.094
4304.70195 18.705 0.088
4306.57825 18.722 0.079
4306.71476 18.811 0.083
4310.63187 18.701 0.092
4312.51947 18.927 0.115
4312.76232 18.828 0.074
4314.77690 18.810 0.099
4315.55091 18.685 0.071
4316.58046 18.839 0.066
4317.50310 18.789 0.069
4319.53814 18.760 0.071
4319.68410 18.791 0.083
4320.60548 18.654 0.066
4326.52679 18.901 0.075
4326.73105 18.653 0.071
4327.60606 18.861 0.088
4327.74448 18.683 0.095
4328.47123 18.734 0.089
4328.71085 18.655 0.071
4329.54174 18.725 0.072
4329.68975 18.622 0.075
4330.47155 18.804 0.091
4330.70884 18.737 0.069
4331.51369 18.695 0.063
4332.52367 18.744 0.063
4332.72887 19.205 0.125
4333.54868 18.799 0.079
4334.52140 19.030 0.152
4338.51816 18.790 0.102
4338.69671 18.851 0.117
4339.51497 18.713 0.068
4340.63515 18.742 0.068
4341.51922 18.978 0.106
4342.55124 18.837 0.075
4343.53513 18.752 0.052
4344.56467 18.691 0.069
4345.52678 18.811 0.062
4346.53638 18.771 0.088
4347.55073 18.719 0.069
4349.51645 18.742 0.068
4350.56985 18.783 0.057
4351.52157 18.685 0.057
4352.57793 18.678 0.080
4353.53189 18.749 0.063
4353.54355 18.766 0.069
4354.56063 18.827 0.072
4355.56844 18.828 0.085
4356.52567 18.806 0.068
4357.49703 19.038 0.115
4358.54046 18.767 0.071
4359.50938 18.843 0.074
4360.58130 18.712 0.075
4361.52276 18.886 0.123
4362.53977 18.759 0.083
4365.57839 18.695 0.095
4367.53121 18.701 0.068
4368.49849 18.761 0.094
4369.58392 18.694 0.106
4370.51111 18.786 0.071
4371.47895 18.809 0.100
4372.53537 18.806 0.057
4373.52638 19.169 0.114
4377.49963 18.783 0.066
4378.53395 18.799 0.071
4379.55200 18.693 0.086
4380.49143 18.719 0.075
4381.53909 18.734 0.100
4382.49765 18.731 0.097
4383.52979 18.677 0.083
4384.50422 18.736 0.099
4388.56043 18.717 0.092
4393.54629 18.750 0.068
4394.51941 18.669 0.072
4395.55563 18.687 0.102
4396.52545 18.706 0.103
4397.54919 18.710 0.092
4398.55446 18.946 0.108
4399.50444 18.715 0.086
4400.54888 18.696 0.112
4403.50277 18.850 0.119
4409.52023 18.775 0.106
4507.87900 18.526 0.075
4511.84578 18.733 0.068
4511.86559 18.939 0.072
4513.87693 18.781 0.062
4517.87608 18.626 0.091
4519.89734 18.821 0.086
4521.81540 18.787 0.086
4523.88784 18.780 0.088
4525.83174 18.657 0.115
4530.89735 18.732 0.057
4531.83492 18.690 0.066
4534.84470 18.789 0.077
4536.79328 19.394 0.174
4537.85341 18.762 0.059
4538.88583 18.788 0.071
4539.87191 18.797 0.080
4540.81582 18.809 0.065
4541.80836 18.762 0.063
4542.80315 18.684 0.069
4543.79867 18.794 0.068
4544.79561 18.725 0.071
4545.75977 18.844 0.099
4546.76636 18.726 0.079
4547.74108 18.821 0.085
4548.83344 18.769 0.077
4548.88432 18.452 0.083
4550.76350 18.685 0.089
4550.78317 18.799 0.083
4550.86799 18.730 0.065
4551.72650 18.706 0.079
4551.78007 18.757 0.071
4552.72984 18.988 0.192
4556.77316 18.785 0.068
4557.79434 18.741 0.066
4558.72397 19.078 0.103
4559.76482 18.788 0.065
4560.76522 18.810 0.068
4561.75453 18.760 0.059
4564.74480 18.818 0.068
4565.74282 18.726 0.054
4566.74230 18.822 0.063
4567.74225 18.748 0.063
4568.74486 19.467 0.106
4569.75940 18.785 0.062
4570.74741 18.771 0.079
4571.73903 18.890 0.097
4572.76592 18.897 0.069
4573.75407 18.779 0.077
4574.75665 18.819 0.077
4575.76547 18.845 0.077
4576.77846 18.776 0.066
4576.90175 18.698 0.072
4577.85365 18.827 0.074
4577.90965 18.796 0.079
4578.80801 18.661 0.083
4579.88181 18.729 0.088
4583.74862 18.809 0.077
4585.77575 19.160 0.131
4586.75507 18.780 0.072
4587.78866 18.741 0.071
4588.66379 18.657 0.082
4588.89633 18.735 0.059
4589.71021 18.638 0.063
4589.86557 18.795 0.080
4589.92745 18.681 0.069
4590.71903 18.773 0.068
4590.92101 18.977 0.079
4591.66021 18.868 0.079
4591.87151 19.178 0.105
4591.93350 18.998 0.108
4592.68040 18.827 0.075
4592.86967 18.651 0.068
4593.66958 18.947 0.082
4593.87937 18.785 0.071
4593.91924 18.753 0.065
4594.69076 18.662 0.065
4594.88564 18.758 0.074
4595.68337 18.785 0.068
4595.87462 18.832 0.071
4595.93915 18.799 0.119
4596.67523 18.656 0.075
4596.93307 18.830 0.079
4597.69982 18.742 0.062
4597.89142 18.769 0.066
4598.67603 18.799 0.055
4599.64857 18.701 0.069
4599.93373 18.596 0.065
4600.66092 19.197 0.088
4600.86959 18.754 0.057
4601.66345 18.846 0.068
4601.87967 18.797 0.055
4602.65603 18.693 0.054
4602.87193 18.827 0.059
4603.86736 18.700 0.074
4606.66379 18.794 0.074
4606.91557 18.940 0.085
4610.75709 18.705 0.062
4611.64266 18.800 0.077
4611.79144 18.755 0.071
4612.66417 18.711 0.072
4615.80649 18.729 0.071
4616.61815 19.229 0.099
4616.83443 18.837 0.077
4617.69205 18.741 0.054
4618.62675 18.785 0.069
4622.64030 18.841 0.071
4622.82516 18.639 0.069
4623.68691 18.921 0.082
4623.88451 18.860 0.115
4624.60543 18.702 0.082
4624.82837 18.645 0.065
4624.89744 18.657 0.071
4625.61874 19.013 0.102
4625.83815 18.601 0.072
4625.92672 18.815 0.097
4626.63943 18.660 0.074
4626.90759 18.696 0.075
4627.57741 18.843 0.072
4627.86682 18.933 0.062
4628.58432 18.726 0.069
4628.77410 18.726 0.072
4628.83641 18.564 0.065
4628.91062 18.788 0.077
4629.64717 18.779 0.060
4629.85485 18.681 0.063
4630.58224 18.734 0.066
4630.79801 18.980 0.075
4630.86752 19.298 0.115
4631.60774 18.790 0.063
4631.80643 18.838 0.065
4631.88179 18.804 0.069
4632.58688 18.962 0.077
4633.58392 18.883 0.079
4633.69488 18.696 0.057
4633.81989 18.684 0.060
4638.76835 18.786 0.080
4638.87909 18.631 0.092
4639.59194 18.821 0.077
4639.68953 19.019 0.089
4640.61014 18.828 0.075
4640.74199 18.733 0.065
4641.68567 18.766 0.079
4641.79775 18.807 0.079
4642.60816 18.706 0.062
4642.77030 18.702 0.066
4642.84947 18.801 0.083
4643.56739 18.701 0.072
4644.61588 18.835 0.077
4644.88546 18.721 0.071
4645.54626 18.841 0.097
4645.79397 18.764 0.080
4645.85945 18.657 0.082
4646.54127 18.779 0.065
4646.86701 19.295 0.120
4647.53758 18.785 0.079
4647.75380 18.785 0.077
4647.77799 18.895 0.080
4648.53465 18.834 0.088
4648.78854 18.764 0.071
4648.86317 18.675 0.082
4649.54489 18.877 0.082
4649.77122 18.654 0.054
4650.54604 18.728 0.072
4650.80915 18.692 0.066
4651.52947 18.675 0.072
4652.52092 18.782 0.079
4652.73514 18.771 0.066
4652.85892 18.830 0.094
4653.51660 18.692 0.082
4653.73581 18.708 0.068
4654.55569 18.810 0.082
4654.77025 18.767 0.077
4655.51643 18.663 0.079
4655.74101 19.300 0.099
4656.51836 18.774 0.065
4656.70825 18.711 0.066
4656.82751 18.685 0.085
4657.74677 18.674 0.085
4658.67697 18.901 0.089
4660.62926 18.746 0.075
4661.50644 18.905 0.085
4661.70714 18.727 0.089
4661.77414 18.749 0.082
4665.67404 18.846 0.100
4666.57939 18.795 0.072
4666.68033 18.721 0.072
4666.72258 18.885 0.092
4666.79491 18.696 0.091
4667.51324 18.703 0.102
4670.54967 18.718 0.086
4671.59953 18.890 0.062
4671.77166 18.840 0.085
4672.52540 18.765 0.059
4672.67558 18.641 0.054
4672.76077 18.735 0.079
4674.53121 18.643 0.068
4674.72137 18.625 0.063
4675.77055 18.741 0.074
4677.50477 18.771 0.066
4677.58870 18.770 0.069
4677.74426 18.700 0.085
4679.64358 18.721 0.074
4681.54615 18.804 0.074
4681.64618 18.681 0.062
4681.73644 18.730 0.062
4682.57075 18.863 0.077
4682.67447 18.813 0.063
4682.76962 18.743 0.071
4683.53582 18.748 0.079
4683.72443 18.669 0.071
4684.52837 18.699 0.060
4684.69979 18.691 0.062
4685.47100 18.528 0.102
4685.74853 18.722 0.074
4686.51713 18.777 0.068
4687.52043 18.677 0.068
4687.75638 18.793 0.079
4688.51376 18.953 0.083
4688.70349 18.688 0.062
4693.56145 18.746 0.079
4694.62257 18.805 0.102
4697.51720 18.798 0.065
4698.52262 18.788 0.057
4699.52083 18.730 0.066
4700.52523 18.769 0.059
4701.52048 18.770 0.074
4702.53671 18.681 0.063
4703.60420 19.183 0.099
4704.65957 18.857 0.074
4705.56735 18.738 0.071
4707.61603 18.759 0.068
4708.56789 18.804 0.079
4709.53200 18.593 0.080
4710.57272 18.683 0.071
4715.60703 18.713 0.091
4716.60465 18.764 0.100
4720.52242 18.794 0.092
4721.52266 18.702 0.094
4722.48816 18.524 0.080
4724.52520 18.805 0.095
4725.50386 18.672 0.080
4726.48404 18.690 0.097
4728.61773 18.888 0.106
4729.48545 18.739 0.089
4730.48684 18.801 0.080
4731.59378 18.644 0.071
4733.54226 18.687 0.068
4734.57159 18.689 0.071
4740.57312 18.619 0.079
4753.56415 18.852 0.106
4758.52988 18.663 0.072
4869.86582 18.622 0.066
4872.85819 18.587 0.099
4873.87995 18.655 0.068
4875.87980 19.021 0.100
4878.85390 18.629 0.079
4884.87058 18.782 0.072
4887.84299 18.702 0.062
4890.89848 18.838 0.077
4896.89018 18.750 0.063
4899.85794 18.829 0.072
4901.78752 18.748 0.080
4903.78321 18.709 0.077
4905.83153 18.992 0.097
4910.82950 18.727 0.079
4911.86644 18.835 0.065
4913.88003 18.720 0.059
4916.92097 18.919 0.102
4921.72882 18.748 0.079
4924.92455 18.720 0.115
4925.83193 18.869 0.066
4926.70878 18.762 0.075
4927.73179 18.694 0.077
4927.88646 18.594 0.068
4928.78022 18.832 0.074
4929.72687 18.708 0.082
4930.71886 18.993 0.091
4930.86671 19.055 0.111
4931.76301 18.720 0.075
4932.69714 18.881 0.079
4932.89595 18.698 0.072
4933.71299 18.722 0.085
4933.89071 18.784 0.082
4934.81166 18.783 0.092
4938.71258 18.669 0.065
4939.67341 19.261 0.126
4940.67339 18.708 0.075
4940.85107 18.555 0.072
4941.86749 18.725 0.075
4942.68989 18.598 0.062
4942.76186 18.754 0.059
4943.70220 18.750 0.062
4943.85907 18.805 0.066
4944.71364 18.887 0.068
4944.86825 18.762 0.055
4945.65882 18.654 0.068
4946.68144 18.843 0.063
4947.67227 18.789 0.059
4948.65189 19.086 0.109
4949.83215 18.934 0.069
4950.64266 18.741 0.066
4951.80633 18.760 0.072
4952.66233 18.777 0.065
4953.67574 18.714 0.062
4954.65441 18.641 0.063
4954.72054 18.742 0.062
4955.65517 19.358 0.129
4955.82356 18.703 0.068
