2127.56736 18.076 0.033
2130.59103 17.771 0.018
2133.60121 17.789 0.018
2136.72227 17.350 0.020
2141.71287 17.705 0.025
2179.57626 18.410 0.051
2189.58593 17.603 0.026
2190.50757 17.758 0.018
2215.51875 17.859 0.036
2337.89887 17.817 0.019
2353.85103 17.647 0.020
2363.82881 17.929 0.026
2373.86463 17.784 0.019
2384.85909 17.782 0.017
2388.87815 17.847 0.018
2390.89705 18.184 0.026
2397.69066 17.810 0.021
2401.87838 17.975 0.021
2404.69377 17.882 0.020
2406.84187 17.846 0.020
2416.81913 17.821 0.019
2433.62763 17.736 0.021
2434.91627 17.966 0.030
2436.90346 17.724 0.020
2438.85260 17.832 0.022
2440.87674 17.850 0.025
2441.81610 17.708 0.018
2444.86889 18.063 0.029
2445.72413 17.930 0.018
2448.77146 17.719 0.023
2454.69324 17.928 0.020
2460.69445 17.714 0.019
2463.63751 17.748 0.016
2466.55252 18.253 0.026
2468.80191 18.128 0.025
2470.78547 17.717 0.017
2484.71083 17.665 0.024
2487.66118 17.901 0.027
2491.54042 17.938 0.027
2496.57729 18.333 0.021
2498.61805 17.842 0.016
2500.64154 17.756 0.016
2502.65967 18.453 0.054
2510.55917 18.089 0.034
2516.71294 17.541 0.026
2518.69756 17.938 0.024
2521.68904 18.334 0.035
2529.54372 18.006 0.025
2538.59356 17.745 0.021
2543.49241 17.861 0.020
2552.58355 17.981 0.023
2557.54721 17.809 0.020
2564.54767 17.752 0.021
2584.51547 17.800 0.027
2709.86839 18.036 0.019
2719.90150 17.816 0.020
2730.81207 18.143 0.020
2734.89992 17.753 0.017
2747.78291 17.744 0.027
2754.79431 17.756 0.017
2757.87737 17.949 0.026
2763.82684 17.853 0.019
2767.90654 17.799 0.022
2775.84898 18.033 0.037
2783.90246 17.729 0.017
2785.72607 17.746 0.017
2787.82454 17.830 0.020
2790.65625 17.952 0.018
2793.71806 17.852 0.019
2795.68398 17.795 0.017
2797.68924 18.055 0.020
2809.81502 17.770 0.019
2811.73196 17.632 0.020
2812.85940 17.934 0.021
2814.79721 17.846 0.020
2816.68695 18.178 0.022
2818.69567 17.759 0.018
2819.83415 18.036 0.026
2821.74892 18.209 0.029
2829.82407 17.782 0.023
2835.72497 18.259 0.030
2837.73869 17.754 0.023
2839.79898 17.741 0.020
2843.74616 18.358 0.030
2845.73191 17.778 0.019
2850.67822 17.776 0.017
2852.63918 17.738 0.025
2854.63949 17.852 0.020
2857.54346 18.099 0.024
2862.73693 17.757 0.029
2865.60737 18.141 0.023
2868.64289 17.731 0.018
2871.72690 17.811 0.020
2877.49214 18.282 0.027
2879.69310 17.829 0.027
2885.54801 17.785 0.022
2894.56343 18.248 0.029
2898.57167 18.193 0.031
2904.63252 17.567 0.021
2910.56109 17.731 0.020
2929.57264 17.635 0.024
