2125.54864 18.664 0.098
2129.63195 18.729 0.042
2132.57623 18.710 0.053
2135.71389 18.680 0.049
2140.67188 18.410 0.055
2144.55552 18.693 0.058
2160.54532 18.662 0.056
2168.61281 18.489 0.055
2187.52210 19.137 0.103
2206.51708 18.589 0.082
2331.85808 18.651 0.057
2346.90444 18.490 0.044
2358.83006 18.559 0.050
2372.79027 19.377 0.087
2382.91443 18.704 0.054
2386.85784 18.522 0.055
2390.80099 18.623 0.056
2397.76300 18.661 0.047
2401.78776 18.577 0.048
2403.84382 18.694 0.044
2405.81231 18.603 0.044
2414.79597 18.548 0.047
2416.76361 18.694 0.050
2424.85624 18.336 0.061
2428.75790 18.623 0.050
2432.80085 18.304 0.053
2434.66867 18.525 0.048
2436.71432 18.697 0.044
2438.69258 18.603 0.044
2440.83415 18.725 0.064
2443.69867 18.470 0.049
2445.57975 18.613 0.054
2448.55695 18.635 0.098
2453.81602 18.641 0.058
2459.51381 18.536 0.064
2463.48849 18.671 0.072
2464.71867 18.969 0.053
2467.62164 18.785 0.049
2469.63607 18.696 0.037
2471.64782 18.687 0.040
2473.61289 18.805 0.056
2483.67780 18.506 0.046
2486.66111 18.165 0.049
2490.62776 18.610 0.048
2493.59003 18.660 0.057
2495.66160 18.733 0.047
2497.74108 18.610 0.049
2499.76438 18.910 0.065
2502.50804 18.637 0.053
2508.60293 18.628 0.051
2508.61041 18.572 0.054
2512.55922 18.751 0.072
2517.68095 18.565 0.062
2520.51910 18.539 0.054
2526.61482 18.639 0.044
2537.59530 18.332 0.066
2541.59331 18.887 0.068
2547.53141 18.569 0.061
2551.56759 18.228 0.056
2556.52239 18.673 0.060
2563.55589 18.668 0.057
2574.53493 19.089 0.105
2705.89734 18.623 0.047
2706.86430 18.542 0.053
2714.84859 18.646 0.048
2728.87828 18.591 0.057
2733.86118 18.556 0.057
2744.84213 19.212 0.233
2752.91385 18.623 0.075
2756.87840 18.751 0.054
2760.84667 18.669 0.061
2766.87870 18.666 0.050
2770.76626 18.619 0.051
2783.76707 18.772 0.047
2785.87872 18.687 0.071
2786.88078 18.561 0.062
2789.68676 19.239 0.082
2791.65046 18.622 0.048
2794.81306 18.634 0.053
2796.75377 18.698 0.042
2808.89421 18.536 0.091
2809.89866 18.852 0.071
2810.82564 18.617 0.051
2811.86291 18.662 0.055
2813.65963 18.588 0.054
2815.78128 18.701 0.056
2817.73421 18.685 0.050
2818.79718 18.938 0.077
2820.66943 18.733 0.056
2826.69813 18.630 0.060
2834.72037 18.416 0.089
2835.83775 18.615 0.073
2837.57574 18.674 0.084
2839.61257 18.532 0.047
2841.63195 18.605 0.051
2843.56716 18.721 0.063
2845.59805 18.563 0.053
2849.75054 18.528 0.054
2849.77812 18.582 0.068
2851.76091 18.625 0.071
2853.76381 18.537 0.060
2856.65254 18.587 0.053
2858.62787 18.598 0.055
2859.62191 18.568 0.070
2863.73725 18.562 0.093
2866.67822 18.823 0.069
2869.66923 18.731 0.058
2872.66371 18.873 0.049
2877.63299 18.471 0.047
2883.60857 18.702 0.046
2892.59851 18.379 0.064
2896.62019 18.710 0.056
2898.49622 18.475 0.061
2899.61110 18.687 0.051
2899.65002 18.498 0.049
2900.47379 18.292 0.096
2900.52689 18.567 0.062
2900.57697 18.569 0.054
2900.61825 18.616 0.064
2901.49794 18.210 0.060
2902.47487 18.578 0.105
2902.56248 18.594 0.075
2902.58723 18.643 0.076
2904.53200 18.431 0.070
2905.49447 18.936 0.094
2906.49830 18.449 0.064
2907.47999 18.440 0.073
2907.56159 18.455 0.060
2908.49952 18.738 0.085
2909.50061 18.594 0.057
2910.49262 18.676 0.070
2912.49961 18.498 0.056
2916.53088 18.648 0.065
2917.52852 18.627 0.068
2917.54929 18.691 0.072
2920.52882 18.568 0.072
2921.51425 18.458 0.068
2922.50259 18.444 0.070
2924.52329 18.783 0.055
2926.55544 18.545 0.056
2928.52684 18.532 0.058
2929.58708 18.582 0.078
2931.54117 18.643 0.049
2933.52038 18.883 0.073
2939.54358 18.499 0.065
2941.52923 18.624 0.071
2943.50549 18.599 0.092
2946.52769 18.553 0.090
2949.52011 18.968 0.121
2950.51041 18.498 0.077
3051.85555 18.587 0.154
3058.85051 18.593 0.046
3063.86968 19.051 0.058
3067.84906 18.642 0.048
3070.80846 18.596 0.069
3072.88727 18.902 0.054
3075.78418 18.688 0.079
3079.84065 18.657 0.054
3082.80174 18.608 0.047
3084.85750 18.768 0.044
3086.78853 18.705 0.041
3087.90609 18.663 0.053
3089.81014 18.600 0.040
3091.77227 18.667 0.046
3096.81008 18.706 0.056
3098.81356 18.604 0.041
3100.86889 18.794 0.053
3102.82488 18.523 0.046
3103.90021 18.742 0.055
3106.78318 18.667 0.072
3107.92535 18.797 0.066
3109.74619 18.682 0.044
3110.78750 18.647 0.053
3112.76226 18.671 0.043
3113.82560 18.594 0.042
3115.82417 18.829 0.051
3118.88128 18.588 0.053
3122.83381 18.553 0.057
3125.81228 18.331 0.056
3126.84347 18.601 0.050
3127.75786 18.733 0.054
3128.77618 18.643 0.049
3129.75098 18.611 0.062
3130.92906 18.530 0.055
3131.78493 18.520 0.058
3134.72126 18.550 0.119
3135.81732 18.676 0.044
3137.89480 18.738 0.071
3138.82643 18.591 0.044
3139.82123 18.642 0.039
3140.82776 18.968 0.068
3142.72273 18.744 0.047
3144.74514 18.513 0.041
3146.71846 18.505 0.047
3151.70515 18.296 0.054
3152.70922 18.645 0.048
3152.92247 18.412 0.061
3153.71330 18.354 0.048
3154.76840 18.530 0.055
3156.75578 18.659 0.046
3158.81484 18.884 0.087
3162.76229 18.492 0.066
3163.72420 18.644 0.042
3164.68794 18.700 0.047
3165.80977 18.711 0.037
3166.84348 18.211 0.055
3167.90830 18.208 0.057
3168.72088 18.557 0.044
3169.67731 18.620 0.042
3170.75020 18.987 0.057
3171.70161 18.623 0.040
3172.68845 18.566 0.036
3174.66533 18.619 0.034
3175.67104 18.624 0.035
3176.71416 18.903 0.073
3178.72972 18.604 0.056
3179.60764 18.644 0.041
3179.86343 18.552 0.054
3180.66176 18.696 0.036
3182.72849 18.842 0.049
3183.67325 18.572 0.054
3184.65288 18.645 0.037
3185.81083 18.578 0.047
3193.48884 18.487 0.075
3193.82566 18.622 0.061
3194.64447 19.119 0.083
3195.62275 18.600 0.036
3196.69830 18.321 0.050
3196.78726 18.668 0.044
3197.59844 19.099 0.064
3199.73237 18.313 0.049
3203.71934 18.694 0.044
3204.71500 18.692 0.041
3205.63996 18.654 0.035
3206.62154 19.118 0.060
3210.61174 18.509 0.048
3211.68376 18.325 0.043
3217.60779 18.617 0.064
3218.60708 18.662 0.061
3219.66627 18.595 0.065
3223.60432 18.364 0.056
3224.65404 18.635 0.040
3226.56692 18.572 0.042
3228.52547 18.532 0.047
3229.58360 18.655 0.036
3230.62232 18.632 0.037
3231.52331 18.510 0.057
3232.49713 18.387 0.058
3239.53198 18.729 0.050
3240.60940 18.704 0.051
3241.61367 18.491 0.072
3245.49816 18.586 0.064
3246.60614 18.415 0.060
3247.67678 19.240 0.091
3248.66998 18.531 0.050
3250.60939 18.667 0.055
3253.60218 18.696 0.057
3256.58481 18.417 0.050
3259.57736 18.428 0.055
3261.58075 18.671 0.044
3266.60544 18.381 0.058
3272.55219 18.584 0.057
3274.58177 19.171 0.106
3278.55582 18.660 0.054
3281.50469 18.460 0.054
3287.56466 18.498 0.049
3292.55344 18.424 0.048
3415.88787 18.748 0.046
3420.88812 18.288 0.030
3425.87315 18.734 0.069
3428.86904 18.818 0.058
3432.84057 18.642 0.053
3442.84254 18.521 0.046
3444.89639 18.896 0.055
3447.80486 18.398 0.044
3449.82212 18.726 0.043
3452.84311 18.629 0.041
3454.89669 18.642 0.054
3457.86668 18.580 0.043
3459.78021 18.621 0.069
3468.83213 19.296 0.061
3469.83909 18.653 0.039
3471.91936 18.529 0.054
3473.83459 18.631 0.053
3476.72717 18.709 0.036
3478.79286 18.542 0.036
3479.93659 18.626 0.061
3481.77141 18.669 0.041
3483.90508 18.555 0.040
3484.73000 18.735 0.072
3496.80647 18.750 0.051
3497.74419 18.607 0.051
3499.93416 18.547 0.042
3500.81012 18.620 0.046
3501.80412 18.837 0.046
3502.76991 18.726 0.040
3503.73893 18.692 0.035
3504.82863 18.621 0.042
3506.89363 18.804 0.066
3508.84424 18.442 0.049
3509.79393 18.631 0.046
3511.75155 18.687 0.056
3512.79517 18.754 0.063
3520.82297 18.502 0.042
3521.63265 18.640 0.039
3522.68700 18.625 0.037
3523.73156 18.802 0.037
3524.76804 18.570 0.043
3525.69979 18.641 0.037
3526.78217 18.689 0.042
3527.78708 18.640 0.044
3528.72987 18.565 0.034
3529.62344 18.618 0.036
3530.64383 18.662 0.035
3538.67379 18.804 0.051
3541.82434 18.570 0.042
3547.71579 18.440 0.050
3550.58981 18.682 0.049
3551.77928 19.055 0.063
3552.61845 18.656 0.041
3553.74895 18.391 0.053
3554.78991 18.982 0.062
3555.76006 18.628 0.048
3556.82579 18.292 0.057
3558.48871 19.107 0.092
3558.78796 18.618 0.044
3559.55643 18.499 0.058
3560.51955 18.807 0.053
3561.49679 19.021 0.089
3562.54340 18.649 0.040
3563.59839 18.637 0.037
3564.62646 18.612 0.042
3569.51507 18.529 0.054
3573.59173 18.339 0.060
3574.64826 18.277 0.042
3575.63327 18.908 0.050
3576.61357 18.656 0.043
3577.71409 18.623 0.041
3578.62265 18.944 0.051
3579.57995 18.631 0.037
3580.60252 18.586 0.041
3581.62980 19.284 0.078
3582.57795 18.590 0.036
3583.59502 18.584 0.042
3584.60402 18.973 0.049
3585.59428 18.571 0.032
3586.64003 18.561 0.039
3589.63284 18.580 0.029
3590.60157 19.266 0.072
3591.66355 18.694 0.036
3593.53641 18.676 0.039
3594.65252 18.675 0.040
3601.58496 18.784 0.050
3602.60188 18.938 0.057
3603.59899 18.595 0.047
3606.61860 18.302 0.049
3607.59091 18.649 0.037
3608.59987 18.511 0.049
3615.53509 18.641 0.042
3618.63733 18.702 0.055
3620.52576 19.042 0.051
3622.50478 18.517 0.047
3628.63344 18.733 0.076
3630.51891 18.672 0.069
3631.64906 18.442 0.072
3633.50420 18.628 0.065
3637.59419 18.417 0.053
3639.61146 18.572 0.043
3641.50660 18.627 0.058
3643.58310 18.411 0.062
3648.49890 18.810 0.055
3651.55484 18.541 0.060
3654.50799 18.714 0.108
3656.50469 18.467 0.054
3658.53883 18.276 0.062
3661.53665 18.753 0.087
3668.50970 18.708 0.069
3674.52346 18.451 0.056
3775.86797 19.006 0.078
3781.85511 18.299 0.061
