2127.48967 16.692 0.018
2136.65785 16.697 0.015
2141.64861 16.698 0.016
2212.54880 16.704 0.016
2400.81712 16.671 0.013
2411.72465 16.677 0.012
2460.72951 16.692 0.015
2468.76771 16.685 0.013
2470.75152 16.703 0.013
2484.68924 16.704 0.015
2500.61994 16.685 0.012
2529.52056 16.680 0.012
2542.55879 16.676 0.016
2783.87840 16.682 0.013
2795.65720 16.677 0.012
2797.66831 16.671 0.012
2811.70885 16.684 0.015
2812.83812 16.667 0.015
2817.76113 16.686 0.013
2830.69221 16.690 0.015
2835.70240 16.684 0.015
2837.71284 16.674 0.022
2839.77261 16.695 0.015
2843.72102 16.690 0.012
2854.61158 16.692 0.016
2858.73412 16.697 0.015
2862.64512 16.711 0.016
2865.62527 16.688 0.012
2868.62155 16.693 0.013
2876.70321 16.679 0.013
2879.66858 16.705 0.016
2884.69970 16.730 0.016
2893.57620 16.695 0.012
2894.68574 16.705 0.020
2900.51140 16.679 0.016
2918.61444 16.689 0.019
2931.56848 16.699 0.013
3064.87983 16.665 0.012
3071.88545 16.662 0.013
3073.89462 16.670 0.012
3077.78477 16.655 0.029
3080.83076 16.664 0.013
3081.83746 16.692 0.012
3082.84637 16.679 0.012
3084.82889 16.689 0.010
3085.87459 16.692 0.012
3088.81384 16.682 0.010
3089.76810 16.779 0.012
3090.79847 16.684 0.010
3091.84442 16.674 0.012
3092.88272 16.713 0.016
3097.82700 16.693 0.012
3098.82740 16.674 0.010
3099.85302 16.684 0.012
3100.78267 16.691 0.013
3101.82232 16.694 0.012
3102.85466 16.706 0.013
3106.91682 16.704 0.013
3109.77757 16.682 0.010
3110.89684 16.685 0.012
3112.85385 16.709 0.012
3113.91128 16.684 0.010
3122.84293 16.700 0.018
3124.76438 16.690 0.015
3124.87354 16.694 0.015
3125.70826 16.704 0.018
3125.79429 16.732 0.016
3125.85561 16.698 0.015
3125.90932 16.711 0.015
3126.68621 16.684 0.012
3126.90743 16.679 0.012
3127.89191 16.702 0.013
3128.75383 16.693 0.012
3128.88116 16.700 0.015
3128.92694 16.697 0.013
3129.70937 16.697 0.015
3129.78335 16.720 0.016
3130.75880 16.674 0.013
3130.91154 16.710 0.015
3131.62403 16.698 0.020
3134.89419 16.822 0.026
3137.82990 16.725 0.013
3138.71240 16.698 0.013
3139.80181 16.686 0.012
3139.91445 16.690 0.012
3140.68534 16.696 0.012
3141.75308 16.687 0.012
3142.82731 16.684 0.013
3144.84531 16.695 0.012
3146.91171 16.694 0.010
3147.92732 16.669 0.013
3151.81928 16.716 0.015
3151.94315 16.714 0.018
3152.81896 16.701 0.012
3153.81756 16.697 0.013
3154.90730 16.680 0.016
3156.92425 16.698 0.013
3158.70396 16.704 0.020
3162.85524 16.702 0.013
3163.81760 16.674 0.010
3164.80332 16.801 0.012
3164.91080 16.892 0.018
3165.65661 16.687 0.010
3166.91669 16.671 0.019
3167.66616 16.710 0.015
3168.81643 16.687 0.012
3169.84237 16.698 0.016
3170.87192 16.696 0.012
3171.71814 16.679 0.010
3172.82036 16.714 0.010
3173.80366 16.690 0.013
3174.77092 16.708 0.012
3175.85183 16.694 0.013
3177.82748 16.710 0.015
3179.87220 16.696 0.013
3180.78873 16.679 0.010
3182.84899 16.708 0.012
3183.80480 16.701 0.013
3184.76342 16.697 0.012
3185.61829 16.715 0.012
3193.61357 16.680 0.010
3194.80250 16.695 0.012
3195.73709 16.689 0.010
3196.58997 16.696 0.012
3196.83274 16.691 0.013
3197.77845 16.692 0.012
3199.77499 16.706 0.015
3201.82216 16.669 0.016
3202.76956 16.706 0.012
3203.59868 16.670 0.009
3204.74673 16.695 0.012
3205.67704 16.686 0.010
3206.78352 16.712 0.016
3210.56059 16.732 0.018
3217.71643 16.675 0.013
3218.72742 16.700 0.016
3223.71649 16.701 0.016
3224.76097 16.697 0.015
3226.69809 16.729 0.015
3228.68197 16.657 0.013
3229.71272 16.704 0.013
3230.72863 16.706 0.013
3231.65585 16.708 0.015
3232.67134 16.685 0.015
3238.68044 16.681 0.015
3240.52960 16.686 0.013
3241.71326 16.711 0.020
3245.64225 16.697 0.015
3247.50355 16.694 0.013
3249.61595 16.682 0.013
3254.58236 16.694 0.016
3265.53691 16.673 0.013
3267.59515 16.719 0.013
3277.51353 16.703 0.016
3294.51456 16.680 0.013
3302.51085 16.670 0.015
3423.88176 16.668 0.009
3429.90756 16.681 0.015
3436.86746 16.714 0.013
3445.86708 16.661 0.009
3447.91141 16.684 0.012
3456.92071 16.663 0.015
3459.88489 16.711 0.012
3468.86838 16.680 0.010
3469.87110 16.695 0.010
3472.85597 16.680 0.010
3474.78964 16.717 0.015
3476.76616 16.696 0.010
3478.86152 16.724 0.010
3483.81044 16.708 0.010
3496.90538 16.680 0.013
3497.89238 16.664 0.012
3500.90144 16.697 0.012
3502.88328 16.706 0.010
3503.86280 16.707 0.009
3506.92586 16.679 0.012
3508.90323 16.704 0.015
3509.88605 16.698 0.010
3512.89617 16.709 0.013
3520.66173 16.700 0.012
3521.76396 16.700 0.012
3521.79245 16.725 0.012
3522.86005 16.699 0.012
3524.85136 16.695 0.010
3527.63461 16.717 0.010
3528.87894 16.665 0.012
3529.91777 16.733 0.015
3530.85726 16.666 0.009
3530.88862 16.701 0.010
3538.84683 16.676 0.010
3541.88100 16.701 0.013
3544.87733 16.674 0.015
3550.82260 16.726 0.010
3551.83459 16.685 0.012
3552.82996 16.697 0.013
3556.84100 16.692 0.018
3573.78035 16.669 0.013
3603.71456 16.650 0.015
3665.52629 16.697 0.013
3859.89434 16.701 0.012
3861.88832 16.679 0.010
3863.64228 16.696 0.013
3864.64531 16.712 0.013
3869.93404 16.700 0.016
3917.75644 16.784 0.013
3918.75673 16.690 0.010
3930.71071 16.674 0.012
3932.58534 16.674 0.010
3933.63759 16.654 0.009
3936.82182 16.727 0.015
3957.68576 16.730 0.018
3975.62185 16.699 0.010
3976.61581 16.677 0.010
3987.61310 16.664 0.010
3988.64529 16.682 0.015
3989.56339 16.718 0.013
3991.56478 16.694 0.012
4017.55902 16.707 0.012
4025.50154 16.712 0.015
4205.86840 16.663 0.015
4228.82705 16.687 0.016
4229.80586 16.700 0.013
4234.77024 16.673 0.013
4269.67079 16.664 0.015
4272.72205 16.680 0.013
4283.64080 16.680 0.013
4286.72520 16.703 0.018
4300.77586 16.703 0.013
4326.65666 16.707 0.018
4327.68525 16.694 0.018
4340.55668 16.698 0.018
4561.86335 16.643 0.012
4586.82950 16.704 0.013
4587.86738 16.703 0.016
4588.75766 16.697 0.012
4591.78094 16.684 0.013
4647.67600 16.672 0.013
4649.66007 16.661 0.012
4650.69155 16.699 0.013
4767.52040 16.728 0.019
4768.50178 16.708 0.019
4771.51130 16.692 0.020
4892.86185 16.683 0.013
4903.88238 16.695 0.012
4912.86352 16.684 0.010
4914.90971 16.696 0.012
4925.87647 16.680 0.010
4930.81081 16.716 0.013
4941.81581 16.693 0.013
4945.81431 16.678 0.010
