2124.55572 19.132 0.215
2129.49072 19.201 0.074
2132.50958 19.557 0.096
2136.50984 19.570 0.128
2140.52733 19.211 0.099
2143.51005 19.479 0.142
2166.61228 19.262 0.101
2171.58511 19.850 0.171
2178.53756 19.244 0.131
2192.59518 19.165 0.084
2193.51476 19.219 0.096
2349.88541 19.231 0.069
2356.89884 19.143 0.064
2365.80661 19.584 0.205
2378.92269 19.096 0.075
2385.77193 19.052 0.066
2389.73667 19.218 0.101
2392.69870 19.352 0.215
2396.89769 19.422 0.107
2400.90822 19.205 0.089
2402.79557 19.282 0.081
2404.79477 19.263 0.061
2406.73327 19.187 0.082
2414.69332 19.226 0.088
2416.67224 19.093 0.092
2424.63115 19.231 0.097
2431.89033 19.367 0.123
2433.84373 19.182 0.090
2435.64230 19.093 0.068
2437.87754 19.363 0.130
2440.72208 19.262 0.069
2445.84287 19.417 0.092
2446.86931 19.220 0.100
2458.61866 19.477 0.111
2460.81917 19.248 0.134
2462.80981 19.378 0.101
2463.79327 19.179 0.060
2465.71831 19.420 0.075
2467.70170 19.397 0.068
2469.74178 19.292 0.064
2471.55207 19.159 0.072
2473.72020 19.050 0.067
2484.49119 19.237 0.098
2489.61764 19.226 0.059
2492.57022 19.307 0.081
2494.61780 19.381 0.099
2496.67754 19.130 0.059
2498.71808 19.403 0.105
2500.74323 19.391 0.092
2510.65704 19.331 0.118
2516.60338 19.371 0.128
2519.51812 19.351 0.093
2524.56626 19.521 0.135
2528.59782 19.302 0.115
2539.51486 19.200 0.081
2544.56422 19.211 0.085
2560.51451 19.312 0.177
2568.51914 19.045 0.112
2710.88050 19.430 0.087
2725.87579 19.413 0.078
2731.81515 19.513 0.083
2735.90743 19.244 0.076
2747.87599 19.206 0.115
2754.89146 19.056 0.062
2758.86470 19.062 0.107
2764.85983 19.332 0.087
2769.76077 19.491 0.098
2783.65018 19.369 0.076
2785.66583 19.215 0.071
2787.72833 19.126 0.069
2789.83999 19.396 0.082
2791.82943 19.415 0.088
2793.87600 19.119 0.089
2795.80287 19.322 0.067
2797.79020 19.260 0.070
2809.58234 19.078 0.079
2811.57156 19.228 0.114
2812.78654 19.441 0.108
2814.66551 19.118 0.055
2815.82876 19.340 0.086
2817.56323 19.322 0.099
2818.83903 19.175 0.078
2820.57461 19.153 0.093
2826.54914 19.205 0.073
2834.58573 19.224 0.141
2836.50812 19.140 0.085
2838.51642 19.289 0.097
2839.50493 19.297 0.082
2841.54288 19.186 0.076
2844.52464 19.406 0.093
2847.56851 19.354 0.106
2850.75060 19.185 0.080
2852.74512 19.307 0.111
2855.54469 19.368 0.104
2857.63741 19.174 0.072
2860.52628 19.007 0.140
2866.50653 19.176 0.088
2869.55710 19.164 0.070
2875.56815 19.426 0.091
2882.52297 19.250 0.102
2885.57631 19.255 0.111
2892.49518 19.163 0.089
2895.51764 19.187 0.090
2900.65418 19.149 0.119
2906.57981 19.090 0.097
2912.52800 19.221 0.084
2922.54443 19.287 0.130
2933.56163 19.246 0.121
3054.85664 19.426 0.102
3057.84463 19.038 0.067
3060.87529 19.194 0.064
3066.86888 19.183 0.060
3069.82145 19.184 0.084
3071.82716 19.377 0.122
3074.77652 19.355 0.118
3076.85377 19.283 0.097
3080.86329 19.476 0.086
3083.81933 19.192 0.060
3085.76880 19.355 0.083
3087.72944 19.853 0.165
3088.90959 19.093 0.054
3090.86032 19.283 0.066
3092.78359 19.371 0.095
3097.75069 19.141 0.086
3098.71201 19.280 0.098
3100.74733 19.452 0.118
3102.73984 19.385 0.110
3107.71406 19.219 0.075
3108.71184 19.112 0.057
3110.67516 18.970 0.106
3112.67800 19.259 0.084
3113.71609 19.405 0.066
3115.70075 19.342 0.103
3116.76022 19.348 0.092
3122.72976 19.258 0.103
3124.90621 19.211 0.098
3126.64525 19.260 0.092
3127.64599 19.511 0.116
3128.66568 19.237 0.089
3129.63788 19.389 0.140
3130.64143 19.169 0.136
3134.61415 19.448 0.184
3135.68053 19.082 0.072
3137.78563 19.788 0.160
3139.67170 19.136 0.069
3140.63975 19.513 0.116
3141.72580 19.567 0.106
3142.62660 19.326 0.084
3144.62877 19.512 0.094
3145.70734 19.463 0.089
3147.79776 19.127 0.071
3151.59610 19.253 0.123
3152.60517 19.238 0.078
3153.60494 19.161 0.095
3154.68290 19.252 0.090
3156.58727 19.154 0.118
3158.60959 19.036 0.131
3162.64883 19.197 0.080
3163.55998 19.257 0.084
3164.56062 19.096 0.062
3165.56022 19.566 0.123
3166.76658 19.302 0.107
3167.78095 19.439 0.085
3168.59604 19.255 0.063
3169.56612 19.265 0.075
3170.66538 19.236 0.059
3171.55957 19.356 0.069
3172.56932 19.292 0.071
3174.56040 19.129 0.069
3174.87951 19.448 0.116
3175.55415 19.201 0.073
3176.58761 19.687 0.119
3178.62334 19.211 0.079
3179.64765 19.417 0.064
3180.52237 19.414 0.094
3182.55589 19.446 0.127
3183.52930 19.125 0.081
3184.53334 19.438 0.090
3185.56166 19.178 0.073
3191.83896 19.235 0.093
3193.71060 19.168 0.085
3194.73683 19.253 0.110
3195.49427 19.131 0.090
3196.46673 19.078 0.132
3197.69240 19.262 0.068
3199.52870 19.508 0.134
3202.47060 19.147 0.086
3203.50986 19.288 0.061
3204.78745 19.497 0.097
3205.50137 19.243 0.071
3206.47396 19.149 0.082
3207.51321 19.365 0.102
3210.53015 19.619 0.115
3211.50064 19.096 0.067
3217.50614 19.255 0.082
3218.50000 19.449 0.118
3219.56382 19.500 0.161
3224.62170 19.236 0.071
3228.54020 19.176 0.066
3230.51316 19.304 0.067
3232.53085 19.353 0.088
3239.59191 19.240 0.066
3239.61898 19.293 0.078
3240.64710 19.129 0.083
3244.60841 19.411 0.154
3245.62413 19.482 0.121
3246.51034 19.522 0.138
3247.57397 19.670 0.131
3248.61910 19.320 0.083
3250.50278 19.095 0.071
3251.63143 19.205 0.074
3254.50362 19.488 0.112
3257.63916 19.225 0.076
3268.58508 19.235 0.077
3271.53335 19.211 0.152
3272.50449 19.600 0.099
3279.51117 19.397 0.094
3283.56110 19.321 0.065
3291.51861 19.825 0.184
3431.86014 19.192 0.078
3438.85816 19.251 0.100
3443.91503 19.310 0.123
3446.81223 19.094 0.058
3448.84969 19.245 0.064
3450.84352 19.325 0.057
3453.91518 19.155 0.068
3456.80313 19.295 0.088
3468.77386 19.288 0.075
3470.74674 19.442 0.075
3473.72771 19.168 0.086
3475.74803 19.387 0.075
3478.73104 19.408 0.073
3480.78098 19.144 0.052
3483.84591 19.100 0.069
3496.66028 19.051 0.090
3497.85000 19.428 0.089
3499.67309 19.327 0.076
3501.64261 19.247 0.109
3502.82039 19.157 0.060
3503.62443 19.280 0.083
3504.64319 19.313 0.103
3508.77616 19.064 0.064
3509.86822 19.093 0.052
3510.85551 19.609 0.092
3511.88669 19.178 0.083
3512.61690 19.585 0.158
3517.64958 19.047 0.111
3520.89611 19.148 0.102
3521.85984 19.395 0.095
3522.59827 19.220 0.062
3523.61677 19.352 0.077
3524.59230 19.142 0.083
3525.58147 19.082 0.080
3527.60713 19.385 0.088
3528.90926 19.545 0.124
3530.70013 19.386 0.055
3539.57227 19.386 0.090
3547.51357 19.149 0.101
3550.68368 19.245 0.058
3551.71227 19.124 0.049
3552.74346 19.259 0.076
3553.59909 19.234 0.093
3554.54821 19.404 0.117
3556.56329 19.337 0.106
3558.69377 19.549 0.086
3559.79360 19.777 0.110
3560.48380 19.278 0.073
3561.73536 19.286 0.059
3562.74129 19.185 0.064
3563.49485 19.061 0.062
3573.48209 19.855 0.239
3574.53992 19.220 0.079
3575.48681 19.500 0.087
3576.48773 19.143 0.071
3577.54368 19.230 0.058
3578.51619 19.306 0.056
3579.47533 19.255 0.066
3580.48622 19.106 0.065
3581.52072 19.107 0.061
3582.47464 19.240 0.083
3583.51922 19.212 0.068
3584.50532 19.368 0.078
3585.49602 19.141 0.058
3586.51614 19.409 0.072
3587.61003 19.339 0.078
3588.53248 19.228 0.077
3589.50536 19.194 0.053
3590.48560 19.250 0.066
3591.50757 19.137 0.052
3592.49348 19.265 0.068
3593.55752 19.337 0.062
3594.51778 19.106 0.071
3600.48353 19.109 0.085
3601.59959 19.152 0.068
3602.47903 19.238 0.106
3603.47595 19.538 0.108
3604.53646 19.203 0.069
3606.48363 19.232 0.089
3607.48013 19.092 0.061
3608.48320 19.292 0.095
3617.58914 19.336 0.087
3621.53396 19.609 0.114
3630.60759 19.187 0.116
3632.55557 19.488 0.118
3635.52106 19.170 0.060
3640.55149 19.341 0.102
3644.55504 19.179 0.072
3650.52148 19.170 0.076
3653.49715 19.500 0.169
3773.85682 19.362 0.143
3779.86382 19.467 0.135
