2130.54846 18.010 0.035
2166.49751 18.034 0.046
2337.85662 17.878 0.032
2352.87889 17.958 0.041
2361.87258 17.996 0.038
2373.82350 17.946 0.040
2384.84752 17.978 0.035
2388.86638 17.973 0.036
2397.67884 17.921 0.036
2401.86658 17.937 0.034
2404.68190 17.962 0.033
2424.89865 17.925 0.065
2433.61554 18.012 0.045
2438.84049 17.935 0.034
2440.85309 17.888 0.040
2444.85540 17.836 0.040
2445.71339 17.905 0.032
2454.65616 17.983 0.035
2460.68219 18.026 0.040
2463.62212 18.000 0.034
2466.53410 17.898 0.031
2468.78359 17.980 0.035
2470.76702 17.994 0.035
2481.63640 18.041 0.090
2484.69842 17.913 0.040
2487.64871 17.922 0.040
2491.52797 17.985 0.048
2496.56482 17.956 0.026
2500.62905 17.900 0.028
2502.64715 18.010 0.038
2516.70040 17.882 0.050
2518.68497 17.845 0.038
2521.67652 17.942 0.039
2538.58099 17.936 0.040
2543.47984 17.996 0.039
2548.53496 17.902 0.040
2552.57100 17.856 0.042
2557.53469 17.942 0.036
2564.53512 18.001 0.046
2709.85663 17.928 0.027
2719.88977 17.981 0.036
2729.91511 17.968 0.038
2734.88842 17.951 0.030
2747.77252 17.959 0.051
2754.78277 17.846 0.031
2757.86577 17.949 0.040
2763.81522 17.977 0.032
2767.89495 18.064 0.053
2775.80179 17.995 0.061
2783.89082 17.915 0.032
2785.71432 17.969 0.033
2787.81284 17.887 0.033
2790.64452 17.836 0.024
2793.70742 18.002 0.039
2795.67216 17.953 0.027
2797.67748 17.920 0.028
2809.80319 17.944 0.037
2811.72009 17.876 0.037
2812.84754 17.907 0.040
2814.78533 17.913 0.033
2816.67500 17.973 0.031
2818.68373 17.954 0.030
2819.82225 17.937 0.040
2821.73316 17.861 0.032
2829.81215 17.867 0.040
2837.72275 18.003 0.053
2839.78689 17.937 0.039
2841.80979 17.932 0.040
2843.73407 18.006 0.036
2845.71979 18.028 0.036
2850.66611 17.952 0.034
2851.47217 18.030 0.042
2851.74608 17.926 0.040
2852.48373 17.912 0.052
2852.62701 18.004 0.045
2854.62405 17.963 0.040
2857.53125 17.941 0.034
2862.72472 18.015 0.053
2865.59511 17.964 0.034
2868.63069 17.927 0.032
2871.71462 17.937 0.038
2877.47983 17.857 0.036
2879.68083 18.042 0.046
2885.53567 17.886 0.046
2894.55110 17.911 0.033
2898.55936 17.935 0.041
2904.61635 17.966 0.048
2910.54876 17.911 0.041
2929.56030 17.832 0.046
3059.87719 17.894 0.030
3064.88843 17.991 0.035
3068.84150 17.950 0.038
3071.89406 17.938 0.032
3073.90319 17.938 0.032
3080.84255 17.857 0.032
3083.78950 17.878 0.027
3085.90062 17.992 0.028
3087.83522 17.915 0.030
3089.85197 17.924 0.026
3091.85686 17.968 0.032
3097.83564 17.870 0.029
3099.86166 17.871 0.033
3101.83091 17.872 0.034
3102.86328 17.965 0.032
3104.77886 18.071 0.097
3107.78595 17.913 0.029
3108.81559 17.918 0.029
3110.90541 17.966 0.032
3112.86243 17.955 0.029
3114.85735 17.930 0.029
3116.84500 17.904 0.031
3122.86079 17.910 0.039
3125.91794 17.954 0.050
3126.81443 17.905 0.028
3127.90049 17.914 0.031
3128.88976 17.886 0.040
3130.76731 17.942 0.038
3131.63263 17.897 0.058
3135.78763 17.881 0.029
3137.84006 17.920 0.034
3138.72475 18.002 0.038
3140.69650 17.899 0.031
3141.76160 17.901 0.028
3142.83588 18.011 0.032
3146.92024 17.980 0.041
3147.93670 17.854 0.039
3151.82913 17.882 0.035
3154.91993 18.051 0.051
3157.93173 17.891 0.046
3158.71684 17.923 0.045
3162.86381 17.900 0.033
3163.82616 17.970 0.031
3165.66511 17.857 0.024
3167.67469 17.937 0.040
3168.82494 17.893 0.030
3169.85090 17.979 0.036
3170.88044 17.878 0.029
3171.72782 17.912 0.025
3173.81214 17.912 0.036
3175.86033 17.978 0.035
3177.83596 18.021 0.050
3179.57883 18.011 0.035
3179.88067 17.996 0.040
3180.79724 17.961 0.027
3182.85748 17.941 0.031
3183.81328 17.895 0.043
3184.77190 18.005 0.033
3185.62676 17.996 0.029
3193.62199 18.009 0.029
3194.52172 17.939 0.040
3194.81244 17.892 0.029
3195.74556 17.946 0.027
3196.59845 17.979 0.038
3196.84124 17.930 0.036
3197.78697 17.942 0.035
3199.78345 17.965 0.042
3201.83064 18.009 0.046
3202.77801 17.893 0.030
3203.60712 17.889 0.022
3204.75519 17.885 0.029
3205.68552 17.972 0.025
3210.57381 18.000 0.037
3211.74899 17.944 0.036
3217.72488 17.856 0.037
3218.73588 17.983 0.048
3223.72492 17.847 0.039
3226.71788 17.975 0.047
3228.69037 17.943 0.040
3229.72114 17.883 0.039
3230.73701 18.022 0.041
3231.66425 17.932 0.043
3238.68884 17.908 0.040
3240.53871 17.911 0.033
3241.72167 17.916 0.063
3245.65065 17.995 0.044
3247.51270 17.856 0.029
3249.62436 17.893 0.034
3251.52746 17.962 0.041
3257.54690 17.878 0.025
3260.60649 17.907 0.046
3267.60356 17.945 0.035
3273.50255 17.958 0.052
3277.52198 17.944 0.040
3280.52280 17.892 0.040
3282.59352 17.789 0.024
3289.52765 17.901 0.041
3294.52293 17.968 0.033
3296.52208 17.859 0.034
3418.86222 18.020 0.032
3424.84596 17.905 0.040
3427.84395 17.929 0.033
3430.82943 17.891 0.032
3436.87610 17.858 0.033
3443.84718 17.950 0.026
3445.87564 17.944 0.024
3448.78224 17.998 0.040
3450.79960 17.948 0.025
3453.84302 17.882 0.033
3455.90892 17.874 0.031
3456.84734 17.966 0.027
3458.87829 17.964 0.031
3459.89349 17.889 0.028
3468.87696 17.905 0.028
3469.87963 17.903 0.023
3472.86453 17.903 0.026
3474.79816 17.865 0.030
3476.77480 17.864 0.025
3478.87012 17.891 0.026
3480.88596 17.851 0.028
3483.82062 17.997 0.031
3496.92768 17.867 0.039
3500.90995 17.894 0.030
3502.89419 17.935 0.028
3506.93444 17.941 0.035
3508.91176 17.983 0.046
3509.89456 17.860 0.026
3511.91810 17.837 0.028
3512.90797 17.921 0.033
3520.67022 17.915 0.033
3521.80094 17.991 0.034
3524.85985 17.875 0.036
3527.64311 17.857 0.028
3527.72857 17.875 0.021
3528.88751 17.882 0.046
3530.86579 17.840 0.021
3530.89717 17.877 0.026
3544.88684 17.805 0.041
3558.62636 17.861 0.026
3559.63481 17.987 0.026
3560.71113 17.853 0.027
3561.61836 17.869 0.024
3562.66599 17.924 0.027
3563.73040 17.953 0.030
3578.74398 17.982 0.030
3579.69256 17.937 0.027
3580.74272 18.044 0.043
3581.74207 17.821 0.049
3582.69099 17.966 0.029
3583.70918 17.980 0.033
3584.71315 17.960 0.040
3585.71170 17.907 0.025
3586.76576 17.942 0.029
3589.75522 17.828 0.033
3590.75145 17.979 0.040
3592.70424 17.901 0.025
3621.65766 17.851 0.032
3652.55486 18.282 0.105
3783.88372 17.935 0.028
3785.89461 17.910 0.035
3788.89867 17.984 0.044
3794.88797 17.866 0.025
3796.87976 17.858 0.026
3797.87941 17.952 0.027
3800.86044 17.841 0.034
3802.80736 17.876 0.031
3803.83997 17.911 0.029
3804.88716 17.883 0.034
3806.89967 17.866 0.025
3808.88464 17.880 0.025
3810.80068 17.986 0.041
3812.78680 17.935 0.040
3814.77773 17.972 0.034
3818.84264 17.990 0.030
3819.90205 17.928 0.023
3820.89432 17.954 0.026
3821.90567 17.954 0.064
3823.90253 17.855 0.024
3824.91256 17.970 0.041
3825.90459 17.876 0.028
3826.90369 17.973 0.032
3827.90378 17.902 0.028
3828.91591 17.987 0.033
3829.91178 17.898 0.025
3830.87819 17.937 0.028
3832.90599 17.994 0.041
3833.89438 17.885 0.026
3834.81959 17.853 0.024
3835.87201 17.907 0.022
3836.88149 17.897 0.027
3837.86025 17.931 0.028
3842.76466 17.979 0.054
3845.85605 17.974 0.046
3846.85905 17.838 0.024
3847.90096 17.995 0.034
3848.87490 17.850 0.034
3849.90386 18.017 0.031
3850.82393 17.954 0.032
3851.83023 17.878 0.032
3852.82234 17.975 0.031
3853.81163 17.852 0.023
3856.80025 18.015 0.031
3858.88146 18.017 0.037
3860.85563 17.987 0.043
3862.81456 17.975 0.026
3863.79231 17.901 0.026
3864.81624 17.949 0.023
3865.77860 17.931 0.030
3866.74366 17.905 0.026
3867.75517 17.989 0.033
3868.74643 17.921 0.037
3869.72894 17.988 0.037
3873.73160 17.960 0.029
3874.77841 17.894 0.032
3877.72002 17.915 0.028
3880.78740 17.884 0.026
3881.79531 17.954 0.026
3882.73028 17.898 0.028
3886.74561 17.940 0.029
3887.72537 17.900 0.025
3891.61872 17.942 0.042
3892.75441 17.963 0.027
3893.78523 17.902 0.036
3900.66939 17.913 0.030
3901.67490 17.904 0.028
3902.69245 17.938 0.028
3904.67226 17.901 0.022
3905.68297 17.930 0.024
3906.66080 17.893 0.030
3907.72682 18.059 0.054
3908.66675 17.875 0.022
3909.66486 17.980 0.023
3912.66891 17.824 0.019
3913.66915 18.007 0.025
3914.71688 17.947 0.023
3915.66599 17.981 0.026
3916.74772 17.862 0.030
3918.76522 17.888 0.031
3919.69537 17.945 0.023
3920.64905 17.934 0.032
3921.65753 17.988 0.042
3931.63533 17.954 0.037
3934.61311 17.974 0.026
3934.81826 17.923 0.036
3935.59408 17.916 0.026
3936.57913 17.926 0.030
3937.65795 17.896 0.028
3938.62407 17.968 0.028
3940.76813 17.932 0.025
3944.71643 17.917 0.028
3945.66048 17.935 0.028
3950.66674 17.827 0.024
3951.67753 17.806 0.037
4152.88109 18.012 0.054
4155.86435 17.990 0.040
4158.82611 17.903 0.036
4160.89312 17.899 0.045
4162.87687 17.822 0.035
4165.86123 17.942 0.042
4167.85417 17.917 0.041
4174.87059 17.934 0.033
4176.84789 17.985 0.035
4179.79907 17.897 0.031
4180.86764 17.991 0.042
4182.77601 17.935 0.031
4183.81296 17.901 0.035
4185.78871 17.950 0.033
4190.88673 18.017 0.034
4192.89093 17.924 0.033
4193.90199 17.861 0.031
4196.88157 17.916 0.032
4202.89320 17.922 0.031
4203.88136 17.974 0.029
4204.88819 17.863 0.027
4205.87701 17.996 0.034
4207.83570 17.943 0.028
4207.90093 17.978 0.031
4208.69682 17.982 0.037
4208.87040 17.838 0.028
4208.91042 17.841 0.031
4209.75199 17.922 0.028
4213.88190 17.911 0.025
4216.84052 17.996 0.033
4217.86340 17.911 0.025
4218.90713 17.901 0.032
4220.89125 17.963 0.039
4222.85119 18.028 0.035
4228.85494 17.953 0.041
4229.82034 17.969 0.034
4230.80150 17.900 0.030
4231.84384 17.917 0.031
4232.86476 17.987 0.058
4234.79942 17.890 0.029
4234.83688 17.903 0.029
4235.82331 17.975 0.030
4237.64017 17.863 0.044
4238.82783 17.909 0.040
4240.62157 17.950 0.050
4245.91533 17.929 0.038
4247.58530 17.965 0.036
4256.81286 17.966 0.046
4257.69672 17.901 0.040
4268.58057 17.895 0.038
4269.72098 17.935 0.029
4274.67350 17.889 0.032
4277.57111 17.886 0.040
4278.70447 17.814 0.038
4283.65127 17.930 0.032
4284.63268 17.915 0.039
4285.63967 17.870 0.040
4286.73338 18.094 0.056
4289.68319 17.873 0.038
4292.61805 18.002 0.033
4293.64578 17.904 0.027
4294.68702 17.993 0.031
4295.64763 17.873 0.028
4296.62620 17.951 0.030
4297.55771 17.929 0.030
4301.55866 17.974 0.033
4311.59215 17.954 0.043
4342.68265 18.039 0.049
4343.65242 17.888 0.035
4345.65231 17.943 0.046
4349.64664 17.954 0.036
4350.67124 17.907 0.038
4351.64209 17.958 0.036
4372.59532 17.982 0.039
4377.55600 17.901 0.039
4381.59843 17.830 0.050
4515.89982 17.941 0.049
4520.87884 17.930 0.040
4523.86240 17.904 0.040
4525.85710 17.995 0.055
4532.88528 17.893 0.035
4534.90638 17.924 0.041
4537.79742 17.848 0.033
4538.91079 17.942 0.046
4539.80223 17.829 0.031
4543.82380 17.903 0.030
4544.82067 17.893 0.033
4545.83819 17.867 0.030
4547.81203 17.928 0.034
4550.81102 17.897 0.042
4552.80108 17.910 0.045
4556.89285 17.870 0.024
4557.91848 17.900 0.028
4558.88501 17.874 0.031
4559.88294 17.960 0.031
4560.88311 17.907 0.027
4561.87215 17.977 0.027
4564.87631 17.835 0.025
4565.86593 18.031 0.026
4566.86714 17.869 0.025
4567.87275 17.981 0.029
4568.90488 17.889 0.028
4569.88789 17.962 0.037
4570.89657 17.890 0.030
4571.85818 17.957 0.029
4572.89677 17.945 0.040
4573.87177 17.972 0.028
4574.88031 17.913 0.033
4575.89157 17.956 0.031
4586.86429 17.980 0.040
4587.87620 17.889 0.043
4589.73575 17.933 0.033
4590.81540 17.921 0.032
4592.80177 17.907 0.037
4593.78722 17.957 0.031
4594.81556 17.881 0.031
4595.80638 17.955 0.030
4596.76203 17.910 0.026
4597.82389 17.960 0.033
4598.79338 17.851 0.024
4599.77261 17.980 0.027
4600.79498 17.879 0.024
4601.78357 17.972 0.028
4602.78721 17.857 0.026
4611.76462 17.877 0.032
4616.75677 17.974 0.029
4618.66116 17.951 0.035
4622.73988 17.959 0.034
4623.81297 17.894 0.039
4624.75172 17.927 0.033
4625.73467 17.916 0.035
4626.79674 17.962 0.034
4627.71397 17.942 0.026
4628.70280 17.854 0.028
4629.77230 17.887 0.029
4630.71149 17.862 0.026
4631.72736 17.980 0.028
4632.76118 17.908 0.031
4633.89663 17.893 0.040
4639.84929 17.920 0.054
4643.69415 17.946 0.033
4645.69629 17.888 0.033
4646.66322 17.965 0.027
4647.68520 17.867 0.034
4649.66969 17.890 0.030
4650.70779 17.924 0.034
4652.64096 17.980 0.031
4653.65476 17.858 0.029
4654.67321 18.003 0.036
4654.71381 17.943 0.035
4654.72330 17.984 0.039
4654.72961 17.990 0.036
4654.74138 17.910 0.035
4654.76717 17.942 0.037
4655.64416 17.884 0.026
4656.64027 17.927 0.034
4656.80172 17.888 0.038
4661.62990 17.903 0.029
4666.50109 17.886 0.045
4672.64601 17.882 0.035
4674.67387 17.899 0.033
4681.70199 17.965 0.044
4682.69960 17.865 0.033
4685.70024 17.966 0.037
4694.71845 17.921 0.055
4725.61357 17.893 0.043
4733.60285 17.858 0.038
4739.49562 17.948 0.039
4750.54497 17.849 0.052
4876.89615 17.829 0.052
4883.88237 17.993 0.042
4886.84911 17.878 0.033
4898.86591 17.989 0.033
4900.85138 18.004 0.034
4901.90299 17.841 0.027
4902.82860 17.933 0.030
4903.89127 17.809 0.028
4904.85675 17.931 0.032
4906.90981 17.963 0.042
4911.89200 17.903 0.025
4913.90541 17.832 0.028
4924.90029 17.853 0.028
4926.75109 17.946 0.037
4928.80706 17.883 0.037
4930.74251 17.949 0.037
4931.88464 17.936 0.033
4932.79249 17.948 0.031
4933.73674 17.870 0.037
4934.83831 17.930 0.033
4938.84682 17.956 0.036
4940.79154 17.911 0.033
4941.84338 17.884 0.035
4942.86939 17.982 0.033
4943.72599 17.911 0.026
4944.79086 17.946 0.029
4949.80531 17.872 0.028
4951.83031 17.883 0.038
4953.73486 17.975 0.033
4954.85237 17.929 0.034
