2116.77994 18.143 0.037
2128.66587 18.164 0.031
2131.64411 18.209 0.036
2135.55171 18.218 0.031
2143.62038 18.122 0.034
2162.61272 18.829 0.056
2170.51899 18.435 0.039
2173.59293 18.551 0.055
2183.53584 18.290 0.059
2195.57353 18.446 0.065
2200.54776 18.226 0.055
2326.87931 18.182 0.045
2346.82236 18.205 0.032
2351.82401 18.311 0.032
2360.83267 18.170 0.029
2371.78937 18.145 0.029
2380.79389 18.118 0.039
2384.76587 18.172 0.030
2388.76951 18.743 0.064
2390.73939 18.251 0.041
2397.89772 18.196 0.037
2401.70010 18.201 0.030
2403.76135 18.310 0.031
2405.69720 18.219 0.042
2410.79637 18.994 0.062
2415.69866 18.186 0.041
2417.77910 18.253 0.039
2425.86294 18.157 0.044
2431.71010 18.106 0.033
2433.68501 18.184 0.036
2434.83086 18.207 0.032
2436.62016 18.210 0.037
2438.63578 18.257 0.032
2440.61716 19.015 0.060
2443.65179 18.158 0.034
2445.54691 18.145 0.040
2452.61897 18.191 0.040
2458.75495 18.227 0.033
2462.67141 18.192 0.027
2464.53881 18.244 0.038
2467.46476 18.211 0.054
2469.47533 18.218 0.034
2471.76578 18.176 0.032
2473.46397 18.226 0.053
2483.51873 18.182 0.028
2490.49542 18.270 0.037
2495.52292 18.239 0.043
2497.58395 18.257 0.032
2499.62122 18.138 0.031
2501.64812 18.198 0.031
2511.62717 18.197 0.051
2518.57798 18.111 0.037
2521.57387 18.183 0.032
2535.50290 18.170 0.045
2539.59937 18.530 0.055
2540.57744 18.212 0.056
2545.52934 18.164 0.037
2550.56599 18.909 0.092
2555.52843 18.171 0.043
2561.55279 18.965 0.101
2571.49526 18.115 0.053
2701.88826 18.129 0.031
2712.88890 18.128 0.037
2727.84796 18.149 0.027
2732.86572 18.195 0.040
2743.85358 18.201 0.028
2748.88530 18.236 0.051
2755.87607 18.263 0.040
2759.86742 18.283 0.039
2765.89382 18.128 0.032
2769.93542 18.184 0.039
2782.80740 18.149 0.046
2784.80059 18.162 0.030
2786.69120 18.153 0.038
2788.84312 18.279 0.033
2790.88972 18.400 0.040
2792.54198 18.183 0.055
2794.68321 18.172 0.036
2796.62080 18.150 0.027
2802.67795 18.325 0.043
2808.72546 18.151 0.037
2810.64418 18.167 0.031
2812.62115 18.142 0.028
2813.71008 18.235 0.036
2815.64966 18.168 0.035
2816.78480 18.726 0.060
2817.79418 18.091 0.043
2819.56893 18.191 0.034
2821.55792 18.191 0.033
2830.59360 18.162 0.070
2835.52554 18.209 0.052
2836.75363 18.254 0.048
2838.64992 18.136 0.037
2840.57461 18.157 0.028
2844.68539 18.233 0.031
2849.51429 18.204 0.039
2851.61489 18.189 0.035
2853.62556 18.347 0.033
2856.50335 18.199 0.037
2858.47498 18.162 0.040
2860.59378 18.087 0.043
2863.68078 18.141 0.051
2867.58710 18.141 0.040
2870.66534 18.161 0.033
2874.65386 18.145 0.038
2878.54592 18.127 0.027
2884.61737 18.203 0.034
2893.64513 18.182 0.032
2896.50797 18.237 0.038
2906.64808 18.264 0.043
2912.62745 18.276 0.048
2924.55068 18.219 0.035
2934.56757 18.893 0.082
2942.52829 18.155 0.040
3048.86758 18.184 0.035
3057.86289 18.782 0.048
3066.89502 18.278 0.032
3069.84765 18.161 0.036
3071.85525 18.169 0.033
3074.84284 18.154 0.030
3076.88012 18.133 0.042
3078.88970 18.197 0.060
3081.79011 18.251 0.030
3083.91309 18.178 0.031
3086.73596 18.164 0.028
3088.73960 18.192 0.029
3090.83910 18.847 0.047
3092.81429 18.301 0.045
3097.77705 18.154 0.037
3099.77135 18.196 0.037
3101.71351 18.175 0.063
3103.72232 18.161 0.049
3107.85667 18.166 0.037
3109.69333 18.743 0.050
3110.70399 18.095 0.036
3112.70447 18.144 0.030
3113.74766 18.127 0.024
3114.92189 18.144 0.032
3115.74480 18.171 0.035
3118.72985 18.252 0.043
3122.75593 18.133 0.037
3125.64259 18.115 0.052
3126.67147 18.165 0.030
3127.67348 18.294 0.037
3128.69192 18.184 0.030
3129.67135 18.335 0.042
3130.83380 18.481 0.059
3131.83327 18.172 0.044
3134.64057 18.223 0.054
3135.70684 18.206 0.034
3139.70270 18.169 0.029
3140.67019 18.277 0.032
3141.83386 18.443 0.035
3144.66690 18.247 0.032
3145.73394 18.260 0.036
3151.62291 18.244 0.049
3152.63185 18.104 0.028
3153.63324 18.745 0.059
3153.92375 18.130 0.037
3154.70942 18.108 0.037
3156.61757 18.116 0.035
3158.65800 18.192 0.050
3162.67518 18.325 0.034
3163.59342 18.148 0.029
3163.91479 18.301 0.047
3164.58686 18.292 0.033
3165.58659 18.266 0.040
3166.79736 18.165 0.044
3167.81205 18.698 0.063
3168.62768 18.292 0.032
3169.59797 18.125 0.027
3170.69285 18.190 0.027
3171.61082 18.176 0.027
3172.60053 18.234 0.027
3174.58654 18.118 0.026
3174.90565 18.328 0.037
3175.58781 18.293 0.031
3176.61373 18.122 0.033
3178.64959 18.282 0.043
3179.67399 18.135 0.029
3180.54854 18.174 0.032
3182.58296 18.183 0.036
3182.62216 18.186 0.035
3182.63002 18.121 0.039
3183.55571 18.184 0.028
3183.58584 18.154 0.025
3184.56582 18.146 0.027
3184.83630 18.174 0.032
3185.64952 18.145 0.030
3191.86518 18.224 0.042
3193.73677 18.563 0.051
3194.71552 18.180 0.031
3195.52109 18.208 0.032
3196.51945 18.239 0.048
3197.75519 18.146 0.032
3199.56015 18.223 0.032
3202.61494 18.126 0.030
3203.55899 18.210 0.024
3205.55558 18.203 0.024
3206.53754 18.142 0.024
3207.54055 18.130 0.042
3210.76817 18.211 0.040
3211.52700 18.120 0.028
3212.52196 18.664 0.071
3217.53244 18.216 0.038
3218.52983 18.186 0.041
3223.52120 18.722 0.063
3224.53663 18.200 0.031
3226.49156 18.180 0.033
3229.50013 18.158 0.032
3230.54016 18.148 0.027
3239.64874 18.272 0.034
3241.53615 18.201 0.038
3244.63465 18.185 0.052
3246.53682 18.183 0.036
3248.54448 18.267 0.036
3250.52936 18.165 0.031
3251.67306 18.168 0.032
3254.53165 18.181 0.038
3257.66915 18.165 0.032
3262.51275 18.202 0.046
3266.49416 18.168 0.044
3268.52954 18.116 0.032
3270.56087 18.212 0.068
3273.58386 18.072 0.041
3277.56966 18.167 0.037
3279.56423 18.056 0.038
3287.48848 18.297 0.048
3305.56122 18.227 0.044
3431.88646 18.143 0.027
3438.88462 18.171 0.032
3444.82129 18.163 0.024
3446.84623 18.189 0.032
3448.87584 18.473 0.033
3450.91493 18.197 0.030
3454.82179 18.414 0.044
3456.82942 18.267 0.033
3467.79284 18.522 0.047
3469.90325 18.167 0.024
3471.77995 18.158 0.043
3474.92750 18.203 0.040
3477.89319 18.248 0.031
3480.69198 18.297 0.032
3483.68687 18.146 0.035
3496.89075 18.195 0.042
3497.65407 18.294 0.042
3499.69641 18.088 0.022
3500.88299 18.144 0.030
3501.68953 18.220 0.037
3502.84490 18.089 0.026
3503.84656 18.386 0.036
3504.68235 18.932 0.057
3508.69647 18.222 0.044
3509.83443 18.167 0.025
3511.71958 18.765 0.046
3512.67069 18.246 0.041
3520.57092 18.110 0.039
3521.82168 18.245 0.033
3522.81720 18.114 0.030
3523.64023 18.145 0.028
3524.62441 18.287 0.029
3525.85576 18.833 0.050
3526.88886 18.165 0.031
3527.80203 18.169 0.032
3528.63238 18.298 0.031
3529.58962 18.073 0.026
3530.72417 18.151 0.022
3538.79249 18.193 0.027
3544.70147 18.804 0.057
3547.73141 18.147 0.037
3550.70714 18.191 0.024
3551.81968 18.443 0.034
3553.62240 18.151 0.033
3554.57788 18.219 0.041
3556.58641 18.138 0.030
3558.55626 18.104 0.028
3559.77291 18.267 0.028
3560.74491 18.248 0.027
3561.70550 18.154 0.024
3562.77107 18.774 0.047
3563.51856 18.498 0.043
3564.72232 18.240 0.037
3569.80597 18.372 0.052
3573.50526 18.283 0.050
3574.56773 18.842 0.054
3575.55622 18.153 0.023
3576.51448 18.248 0.031
3577.56686 18.111 0.025
3578.54020 18.349 0.025
3579.49857 18.141 0.025
3580.51423 18.181 0.025
3581.54395 18.144 0.028
3582.50275 18.218 0.029
3583.54244 18.274 0.028
3584.52858 18.233 0.024
3585.51916 18.486 0.032
3586.57752 18.133 0.023
3587.63358 18.239 0.039
3588.57011 18.258 0.027
3589.52883 18.419 0.030
3590.50892 18.157 0.025
3591.55382 18.178 0.022
3592.52021 18.118 0.026
3593.61574 18.136 0.025
3594.55111 18.206 0.026
3601.48029 18.203 0.032
3602.50533 18.155 0.037
3603.49928 18.109 0.034
3607.51544 18.614 0.040
3608.50699 18.094 0.035
3617.56054 18.212 0.032
3620.66419 18.129 0.027
3632.53484 18.166 0.034
3634.59808 18.259 0.039
3640.57853 18.306 0.032
3646.50606 18.029 0.036
3651.49769 18.756 0.059
3653.52559 18.280 0.049
3773.88193 18.187 0.042
3779.88715 18.153 0.040
4151.84419 18.179 0.042
4154.85378 18.560 0.041
4157.82409 18.129 0.033
4159.84043 18.127 0.033
4161.89402 18.245 0.037
4164.82995 18.156 0.031
4166.84241 18.208 0.053
4168.87735 18.164 0.034
4170.89499 18.160 0.034
4175.90668 18.104 0.031
4177.80427 18.166 0.032
4178.85755 18.241 0.033
4179.89733 18.146 0.032
4181.83408 18.125 0.028
4182.88246 18.162 0.025
4183.91472 18.587 0.045
4184.77379 18.370 0.037
4185.89238 18.237 0.033
4190.77903 18.187 0.037
4191.87988 18.112 0.041
4192.79729 18.138 0.039
4193.81572 18.114 0.033
4194.83725 18.195 0.030
4196.82575 18.161 0.035
4202.80726 18.724 0.043
4203.79535 18.117 0.026
4204.78748 18.176 0.027
4205.78579 18.132 0.027
4207.78218 18.131 0.027
4208.77920 18.184 0.027
4213.78642 19.018 0.059
4215.79290 18.154 0.032
4216.75066 18.137 0.029
4217.75824 18.312 0.027
4218.81020 18.172 0.039
4219.83307 18.154 0.032
4220.77129 18.214 0.035
4221.66342 18.612 0.059
4222.73989 18.168 0.038
4224.83939 18.172 0.075
4228.73771 18.496 0.046
4229.72208 18.164 0.032
4230.71190 18.144 0.033
4231.69418 18.186 0.027
4232.70638 18.331 0.048
4233.89027 18.078 0.038
4234.87051 18.174 0.037
4235.66794 18.176 0.031
4235.94219 18.094 0.045
4238.73754 18.079 0.030
4239.68813 18.978 0.057
4240.73792 18.184 0.027
4242.68150 18.182 0.040
4244.66551 18.138 0.034
4245.65883 18.133 0.028
4246.71761 18.437 0.039
4247.74752 18.134 0.034
4250.78154 18.180 0.043
4256.57441 18.144 0.058
4258.58112 18.476 0.061
4267.55062 18.282 0.045
4268.78678 18.517 0.045
4269.53367 19.093 0.109
4272.55708 18.166 0.032
4273.75566 18.162 0.039
4274.61510 18.201 0.037
4275.64791 18.189 0.036
4276.74031 18.201 0.052
4277.66372 18.167 0.033
4278.62111 18.192 0.044
4283.55873 18.183 0.037
4284.55055 18.251 0.040
4285.55395 18.143 0.037
4286.55349 18.151 0.043
4289.56894 18.262 0.045
4290.61080 18.122 0.035
4291.67114 18.138 0.031
4292.53587 18.152 0.026
4293.54213 18.182 0.027
4294.53518 18.199 0.033
4295.54946 18.152 0.031
4295.80302 18.210 0.034
4296.53964 18.110 0.028
4297.66322 18.184 0.028
4298.50243 18.213 0.037
4299.48486 18.182 0.032
4300.58090 18.257 0.034
4301.76213 18.525 0.043
4302.71839 18.199 0.036
4303.72665 18.244 0.040
4304.49862 18.249 0.057
4307.69794 18.199 0.043
4310.66480 18.084 0.051
4312.57348 18.149 0.040
4315.58088 18.178 0.032
4316.66368 18.851 0.068
4317.58747 18.173 0.032
4319.56431 18.195 0.038
4320.65107 18.181 0.036
4326.58228 18.149 0.032
4327.54034 18.206 0.039
4328.54604 18.168 0.028
4329.48309 18.166 0.038
4330.55210 18.133 0.031
4331.54780 18.546 0.048
4332.56179 18.128 0.028
4333.48279 18.196 0.048
4338.54951 18.172 0.044
4339.54566 18.161 0.032
4340.48420 18.084 0.048
4341.55008 18.180 0.037
4342.58619 18.652 0.051
4343.56569 18.158 0.031
4344.59577 18.228 0.043
4344.60700 18.161 0.038
4345.56189 18.106 0.032
4346.56748 18.264 0.047
4347.58139 18.124 0.036
4349.55009 18.185 0.030
4350.60790 18.190 0.033
4351.55541 18.261 0.034
4353.57193 18.872 0.070
4354.59127 18.151 0.035
4355.60761 18.157 0.041
4356.55619 18.163 0.033
4358.57541 18.180 0.039
4361.60159 18.207 0.052
4367.56573 18.164 0.044
4371.56490 18.266 0.041
4377.53037 18.204 0.038
4380.60982 18.251 0.042
4383.60557 18.044 0.052
4393.57801 18.506 0.057
4505.86721 18.413 0.048
4508.85932 18.092 0.026
4512.84488 18.142 0.029
4514.86303 18.189 0.035
4518.84752 18.241 0.043
4521.87937 18.086 0.032
4523.82019 18.125 0.043
4525.81232 18.112 0.055
4531.86899 18.357 0.032
4534.78872 18.110 0.037
4536.86858 18.230 0.033
4538.78949 18.156 0.034
4539.90299 18.175 0.028
4540.77376 18.178 0.030
4541.87076 18.166 0.028
4542.83420 18.841 0.060
4545.90634 18.344 0.033
4546.83222 18.153 0.036
4547.85159 18.172 0.031
4548.91742 18.154 0.049
4550.91318 18.210 0.037
4551.83335 18.339 0.038
4552.83864 18.055 0.058
4556.80596 18.194 0.027
4557.82893 18.226 0.033
4558.79755 18.178 0.027
4559.79616 18.188 0.030
4560.79657 18.138 0.027
4561.78549 18.182 0.026
4564.78965 18.875 0.043
4565.77425 18.122 0.023
4566.77510 18.265 0.031
4567.77404 18.192 0.027
4568.80361 18.207 0.029
4569.79328 18.136 0.026
4570.78687 18.142 0.029
4571.77440 18.141 0.037
4572.79750 18.180 0.038
4573.78513 18.200 0.026
4574.78747 18.143 0.035
4575.79628 19.019 0.065
4577.88524 18.144 0.034
4578.83892 18.129 0.038
4583.79107 18.177 0.038
4585.70202 18.157 0.034
4586.90710 18.205 0.038
4587.66017 18.206 0.046
4588.64009 18.129 0.032
4589.80381 18.130 0.032
4590.64091 18.169 0.047
4591.79983 18.184 0.027
4592.71151 18.200 0.032
4593.70055 18.160 0.033
4594.72182 18.205 0.032
4595.71412 18.174 0.028
4596.70611 18.163 0.028
4597.73081 18.272 0.032
4598.70683 18.169 0.022
4599.67939 18.178 0.031
4600.69173 18.097 0.023
4601.69440 18.708 0.038
4602.68677 18.142 0.028
4603.90979 18.167 0.033
4606.69472 18.103 0.027
4610.79805 18.198 0.038
4611.67369 18.119 0.030
4611.86455 18.333 0.043
4612.69813 18.914 0.060
4615.84064 18.882 0.074
4616.65655 18.608 0.039
4617.75904 18.228 0.032
4618.69753 18.114 0.028
4622.57887 18.247 0.053
4622.85624 18.217 0.041
4623.59078 18.158 0.039
4623.68356 18.805 0.060
4623.71788 18.712 0.051
4623.90474 18.229 0.056
4624.65709 18.108 0.035
4625.64224 18.228 0.041
4626.68010 18.128 0.032
4627.61357 18.874 0.067
4628.61560 18.127 0.032
4629.68030 18.143 0.027
4630.61661 18.164 0.027
4631.63882 18.185 0.027
4632.62560 18.190 0.030
4632.65410 18.143 0.027
4632.69902 18.176 0.030
4632.72368 18.221 0.032
4632.79329 18.127 0.028
4632.83258 18.136 0.031
4632.87310 18.146 0.039
4632.89654 18.063 0.041
4633.61921 18.181 0.029
4638.80309 18.179 0.035
4639.62415 18.225 0.035
4640.64105 18.180 0.033
4641.72357 18.443 0.039
4642.63961 18.193 0.032
4643.60578 18.167 0.032
4644.66713 18.112 0.030
4645.57960 18.164 0.032
4646.57611 18.209 0.027
4647.56975 18.163 0.033
4648.57415 18.094 0.031
4649.57627 18.468 0.039
4650.60894 18.135 0.031
4651.58043 18.277 0.038
4652.55323 18.125 0.032
4653.54721 18.862 0.075
4654.58638 18.194 0.034
4655.54702 18.148 0.036
4656.54898 18.164 0.029
4658.70770 18.189 0.041
4660.66042 18.325 0.038
4661.53707 18.221 0.033
4665.70485 18.262 0.045
4666.61013 18.183 0.037
4670.67501 18.188 0.045
4671.72222 18.226 0.033
4672.55599 18.196 0.027
4674.56193 18.134 0.032
4677.53852 18.130 0.029
4681.48460 18.188 0.031
4682.52824 18.219 0.033
4683.56674 18.123 0.034
4684.58599 18.277 0.034
4685.55043 18.209 0.035
4686.55143 18.545 0.044
4687.55142 18.194 0.035
4688.54465 18.117 0.030
4694.49456 18.194 0.047
4697.54822 18.528 0.044
4698.57433 18.179 0.030
4699.57293 18.154 0.034
4700.56967 18.185 0.030
4701.55259 18.241 0.041
4702.56745 18.130 0.035
4703.63485 18.101 0.040
4705.61883 18.135 0.035
4707.66400 18.232 0.033
4709.56277 18.161 0.043
4710.60330 18.140 0.036
4716.63558 18.154 0.067
4721.55356 18.126 0.040
4724.56040 18.267 0.040
4725.58799 18.095 0.043
4734.60419 18.220 0.043
4743.59669 18.117 0.043
4748.54029 18.792 0.089
4754.51567 18.169 0.044
4759.54627 19.038 0.107
4874.87446 18.162 0.037
4878.83452 18.185 0.041
4884.90155 18.158 0.037
4887.87394 18.179 0.024
4891.83046 18.206 0.042
4897.86200 18.234 0.035
4900.82639 18.184 0.036
4902.80341 18.142 0.033
4904.83173 18.935 0.049
4906.85413 18.128 0.039
4910.86078 18.164 0.030
4912.91613 18.158 0.030
4914.82547 18.134 0.027
4919.74218 18.879 0.051
4925.74487 18.140 0.028
4927.77126 18.153 0.034
4929.76056 18.200 0.037
4930.89984 18.166 0.034
4931.74461 18.138 0.037
4932.87754 18.105 0.029
4933.87228 18.825 0.063
4938.74178 18.136 0.027
4939.76480 18.273 0.034
4941.72121 18.800 0.048
4942.82564 18.136 0.025
4943.84032 18.123 0.027
4944.84956 18.603 0.034
4945.74311 18.163 0.025
4950.82528 18.192 0.027
4953.70789 18.134 0.030
4954.70204 18.239 0.031
4955.70902 18.175 0.029
