2117.78907 18.622 0.058
2125.48552 18.644 0.081
2129.57477 18.426 0.044
2132.51950 18.449 0.043
2135.64564 18.613 0.041
2140.61496 18.453 0.041
2143.72083 18.630 0.052
2158.54682 18.535 0.045
2167.50226 18.640 0.050
2172.51787 18.503 0.060
2185.54616 18.555 0.059
2205.52709 18.373 0.092
2329.87990 18.645 0.042
2346.87237 18.417 0.032
2352.82670 18.462 0.057
2361.82103 18.545 0.052
2371.88174 18.485 0.039
2381.90029 18.533 0.037
2385.91010 18.428 0.036
2389.92103 18.596 0.046
2397.86720 18.451 0.041
2401.72721 18.661 0.044
2403.78595 18.570 0.035
2405.74768 18.468 0.041
2415.82090 18.662 0.054
2424.69961 18.498 0.039
2428.66314 18.395 0.046
2432.72123 18.559 0.065
2433.91718 18.481 0.070
2434.59092 18.459 0.050
2436.64418 18.579 0.043
2438.65982 18.538 0.046
2440.65251 18.486 0.046
2444.77429 18.516 0.045
2446.78589 18.619 0.053
2453.75904 18.476 0.043
2456.52025 18.460 0.053
2458.63487 18.472 0.038
2462.58902 18.459 0.032
2464.65811 18.411 0.032
2467.56470 18.623 0.043
2469.55195 18.460 0.034
2471.68694 18.497 0.031
2473.53998 18.625 0.054
2483.62059 18.387 0.037
2486.60369 18.412 0.045
2490.57068 18.326 0.039
2493.52889 18.470 0.043
2495.60504 18.454 0.038
2497.65940 18.504 0.041
2499.70734 18.542 0.037
2501.72520 18.602 0.043
2508.54206 18.392 0.044
2511.72306 18.600 0.085
2518.64000 18.650 0.049
2521.65476 18.474 0.047
2524.49376 18.371 0.039
2529.61794 18.490 0.049
2537.56201 18.551 0.062
2541.53025 18.470 0.044
2546.59607 18.710 0.060
2551.50765 18.353 0.047
2555.60408 18.517 0.064
2562.55779 18.466 0.060
2704.89859 18.394 0.031
2713.88050 18.424 0.038
2728.82231 18.576 0.046
2733.79510 18.444 0.046
2744.77863 18.483 0.035
2752.84227 18.614 0.057
2756.82166 18.450 0.042
2760.78685 18.435 0.044
2766.81460 18.430 0.034
2770.70091 18.461 0.044
2782.93902 18.342 0.064
2784.91748 18.594 0.046
2785.89575 18.592 0.059
2786.78185 18.641 0.047
2787.59522 18.447 0.057
2787.63160 18.527 0.042
2787.74230 18.519 0.042
2787.83141 18.412 0.046
2788.60458 18.622 0.054
2788.76025 18.396 0.029
2789.57143 18.564 0.057
2789.74605 18.558 0.037
2789.79424 18.632 0.041
2790.69231 18.549 0.036
2790.90856 18.542 0.047
2791.76511 18.372 0.041
2792.67079 18.421 0.039
2793.58933 18.255 0.060
2795.60761 18.477 0.038
2797.59572 18.461 0.038
2802.80282 18.450 0.052
2808.82960 18.373 0.052
2810.75125 18.419 0.037
2811.80684 18.369 0.039
2813.60321 18.547 0.046
2815.72388 18.472 0.037
2817.67752 18.538 0.061
2818.74004 18.455 0.039
2820.60849 18.380 0.039
2821.63671 18.625 0.044
2826.60247 18.415 0.041
2830.70517 18.650 0.112
2835.60011 18.399 0.060
2837.51554 18.412 0.059
2839.54896 18.466 0.059
2840.70635 18.455 0.041
2843.48548 18.647 0.061
2844.76671 18.581 0.046
2849.68076 18.439 0.042
2851.70187 18.643 0.061
2853.70377 18.471 0.042
2856.58799 18.495 0.044
2858.55413 18.402 0.038
2860.70516 18.525 0.070
2863.62770 18.408 0.050
2866.71651 18.564 0.054
2869.61001 18.432 0.038
2872.63124 18.416 0.030
2877.57091 18.552 0.046
2882.63396 18.588 0.036
2892.52377 18.430 0.043
2895.67410 18.453 0.044
2900.53564 18.470 0.049
2905.58955 18.452 0.054
2911.50542 18.681 0.076
2916.57384 18.570 0.051
2929.53409 18.619 0.080
3050.84843 18.445 0.050
3058.81372 18.364 0.045
3061.87814 18.569 0.047
3067.81453 18.376 0.039
3069.88823 18.387 0.034
3072.85305 18.421 0.035
3074.89254 18.470 0.037
3079.79944 18.417 0.042
3081.90343 18.457 0.043
3084.75907 18.570 0.039
3086.75392 18.473 0.036
3087.85819 18.401 0.034
3089.77481 18.457 0.038
3091.73681 18.484 0.042
3096.76376 18.552 0.047
3098.76818 18.421 0.037
3100.88441 18.520 0.038
3102.76370 18.650 0.051
3103.91687 18.562 0.058
3107.76363 18.384 0.032
3108.83374 18.448 0.034
3109.90337 18.569 0.038
3110.75292 18.314 0.035
3111.81044 18.582 0.044
3113.78963 18.523 0.032
3114.72793 18.533 0.035
3115.78986 18.380 0.030
3118.84651 18.450 0.044
3122.79686 18.470 0.047
3125.77433 18.474 0.055
3126.78452 18.617 0.038
3127.71424 18.638 0.043
3128.73384 18.389 0.039
3129.71668 18.455 0.044
3130.88812 18.532 0.053
3134.68694 18.489 0.084
3137.73317 18.578 0.066
3138.84069 18.487 0.037
3139.77651 18.491 0.036
3140.78868 18.381 0.031
3142.64730 18.463 0.038
3142.90345 18.518 0.046
3144.71091 18.413 0.034
3146.69738 18.508 0.043
3151.66776 18.447 0.053
3152.67292 18.607 0.044
3152.88583 18.566 0.055
3153.67582 18.462 0.045
3154.61851 18.456 0.061
3156.66698 18.353 0.038
3158.75169 18.429 0.052
3162.72246 18.402 0.053
3163.68628 18.477 0.036
3164.65356 18.601 0.041
3165.82156 18.601 0.034
3167.86882 18.579 0.051
3168.66973 18.473 0.041
3169.63866 18.371 0.032
3170.71171 18.544 0.041
3171.66667 18.484 0.032
3172.64649 18.355 0.031
3174.63091 18.544 0.034
3175.63271 18.409 0.035
3176.66686 18.615 0.052
3178.69531 18.435 0.043
3179.72553 18.524 0.038
3180.62087 18.557 0.030
3182.68655 18.626 0.042
3183.65564 18.534 0.043
3184.60647 18.428 0.030
3185.77178 18.434 0.039
3192.75232 18.434 0.054
3193.78999 18.608 0.052
3194.65623 18.483 0.050
3195.58741 18.553 0.038
3196.66340 18.370 0.037
3197.66630 18.571 0.046
3199.69794 18.416 0.035
3202.68570 18.434 0.042
3203.73090 18.580 0.036
3205.60500 18.476 0.028
3206.58207 18.393 0.029
3210.69314 18.559 0.047
3211.59812 18.488 0.037
3212.58366 18.347 0.050
3217.57291 18.621 0.072
3218.57212 18.313 0.045
3223.56840 18.670 0.067
3224.57726 18.445 0.035
3226.53236 18.519 0.047
3228.66158 18.631 0.050
3229.54548 18.551 0.038
3230.58433 18.445 0.032
3231.48528 18.488 0.044
3238.71001 18.347 0.058
3240.69390 18.559 0.067
3241.57822 18.571 0.089
3244.67565 18.388 0.060
3246.56224 18.509 0.065
3247.69029 18.525 0.080
3248.58704 18.417 0.046
3250.57430 18.608 0.050
3253.56613 18.538 0.039
3255.68357 18.751 0.082
3259.54240 18.535 0.060
3262.55400 18.480 0.044
3266.56762 18.611 0.064
3268.63283 18.513 0.051
3271.49428 18.637 0.143
3274.54707 18.536 0.054
3278.49742 18.647 0.055
3281.51964 18.901 0.074
3287.53010 18.662 0.051
3292.51886 18.410 0.042
3414.88230 18.501 0.041
3419.88965 18.593 0.042
3424.88658 18.387 0.035
3428.82829 18.477 0.052
3430.87159 18.424 0.034
3442.80791 18.474 0.044
3444.86202 18.636 0.045
3446.89068 18.503 0.039
3449.78041 18.540 0.045
3452.80531 18.363 0.035
3454.86253 18.388 0.041
3456.85038 18.544 0.037
3457.76318 18.585 0.050
3457.79718 18.560 0.046
3458.76095 18.501 0.046
3458.79128 18.408 0.037
3458.84051 18.417 0.041
3458.86681 18.391 0.034
3458.91880 18.508 0.044
3459.75991 18.244 0.055
3459.90784 18.562 0.041
3467.84862 18.372 0.036
3469.75430 18.519 0.036
3471.84421 18.574 0.061
3472.91154 18.353 0.032
3473.74889 18.500 0.043
3475.77206 18.583 0.041
3477.85919 18.559 0.043
3479.80843 18.458 0.030
3481.70784 18.466 0.039
3483.86742 18.673 0.045
3496.83075 18.614 0.050
3497.70483 18.423 0.051
3500.76894 18.559 0.041
3501.76264 18.532 0.035
3502.79336 18.517 0.031
3503.75491 18.538 0.035
3504.77132 18.397 0.035
3506.90608 18.380 0.045
3508.85888 18.546 0.051
3509.80620 18.492 0.032
3510.81807 18.393 0.035
3511.77021 18.496 0.036
3512.64343 18.362 0.051
3517.92701 18.414 0.044
3520.63469 18.524 0.052
3521.74044 18.585 0.037
3522.65199 18.464 0.034
3523.69211 18.461 0.034
3524.73522 18.558 0.045
3525.71268 18.591 0.034
3525.78996 18.335 0.034
3526.79925 18.562 0.037
3527.88968 18.311 0.047
3528.75136 18.508 0.035
3529.87620 18.587 0.041
3530.57423 18.539 0.045
3538.82082 18.522 0.046
3539.60079 18.579 0.052
3541.86096 18.628 0.046
3547.67986 18.539 0.052
3550.76692 18.371 0.027
3551.74198 18.474 0.030
3552.76402 18.492 0.042
3553.66333 18.580 0.049
3554.74037 18.399 0.037
3556.62691 18.516 0.039
3558.64359 18.395 0.031
3559.72379 18.410 0.034
3560.79831 18.600 0.042
3561.65069 18.348 0.029
3562.50577 18.410 0.035
3563.55963 18.498 0.037
3564.64697 18.416 0.036
3569.74520 18.413 0.043
3573.55715 18.427 0.049
3574.61212 18.436 0.038
3575.60079 18.569 0.036
3576.57551 18.411 0.034
3577.64106 18.504 0.038
3578.58774 18.635 0.037
3579.51625 18.521 0.034
3580.55498 18.391 0.035
3581.59527 18.613 0.044
3582.54335 18.608 0.042
3583.49311 18.476 0.041
3584.56901 18.569 0.035
3585.55976 18.404 0.031
3586.54081 18.402 0.034
3587.69303 18.404 0.046
3589.59838 18.406 0.023
3590.56687 18.513 0.035
3592.58279 18.423 0.026
3593.58807 18.553 0.031
3601.55030 18.336 0.030
3602.54962 18.511 0.047
3603.55584 18.661 0.051
3607.55635 18.372 0.030
3608.55340 18.344 0.051
3615.67442 18.286 0.044
3619.52363 18.450 0.038
3620.63204 18.625 0.038
3629.56286 18.364 0.041
3632.48585 18.348 0.053
3634.54390 18.453 0.037
3640.48883 18.611 0.062
3643.54030 18.496 0.062
3646.57120 18.525 0.066
3649.48669 18.578 0.064
3653.56641 18.417 0.068
3658.50271 18.660 0.069
3661.49855 18.605 0.074
3666.50993 18.407 0.044
3774.87899 18.566 0.039
3780.85876 18.493 0.050
3786.84969 18.459 0.050
3790.85029 18.694 0.062
3793.84033 18.571 0.045
3795.83098 18.460 0.045
3797.82517 18.500 0.039
3798.87338 18.465 0.034
3801.79574 18.424 0.041
3803.78595 18.662 0.045
3804.82875 18.352 0.041
3805.86616 18.505 0.037
3806.86290 18.521 0.039
3808.83589 18.566 0.041
3809.83959 18.519 0.037
3810.88764 18.410 0.036
3811.91483 18.425 0.050
3813.90046 18.436 0.035
3814.89802 18.617 0.038
3818.80792 18.580 0.044
3819.87157 18.309 0.027
3820.83529 18.433 0.030
3821.83949 18.538 0.032
3822.88985 18.415 0.031
3823.85382 18.524 0.032
3824.85145 18.570 0.050
3825.87330 18.287 0.034
3826.85115 18.485 0.038
3827.87409 18.436 0.030
3828.84954 18.356 0.038
3829.82778 18.393 0.031
3830.82304 18.639 0.039
3832.81184 18.420 0.031
3832.84793 18.437 0.034
3833.72303 18.402 0.035
3834.86032 18.382 0.031
3835.81079 18.414 0.030
3836.81565 18.607 0.044
3837.80571 18.503 0.044
3838.80987 18.290 0.042
3839.82199 18.574 0.046
3840.81297 18.472 0.039
3841.79115 18.421 0.037
3845.79244 18.550 0.053
3846.79640 18.488 0.038
3847.87679 18.580 0.042
3848.82018 18.572 0.037
3849.83175 18.490 0.034
3850.76620 18.420 0.034
3851.77608 18.554 0.051
3852.76465 18.592 0.043
3853.75733 18.439 0.026
3856.74623 18.487 0.038
3858.80639 18.588 0.057
3859.75473 18.494 0.042
3859.79577 18.344 0.032
3860.89658 18.491 0.047
3861.73847 18.594 0.049
3862.75573 18.447 0.032
3863.76744 18.402 0.031
3864.75664 18.520 0.032
3865.64751 18.464 0.045
3866.65163 18.541 0.046
3867.79495 18.597 0.044
3868.65068 18.584 0.066
3869.80755 18.527 0.060
3873.63271 18.425 0.039
3874.85467 18.421 0.037
3875.62281 18.664 0.042
3877.61808 18.441 0.036
3880.72918 18.596 0.038
3881.72894 18.423 0.031
3882.66399 18.408 0.031
3883.71654 18.746 0.043
3886.67818 18.458 0.031
3887.67089 18.574 0.036
3889.82565 18.364 0.036
3890.61626 18.584 0.046
3891.74900 18.508 0.043
3892.80800 18.372 0.036
3893.70594 18.493 0.055
3894.74759 18.351 0.034
3896.69590 18.481 0.045
3900.60378 18.583 0.047
3901.62041 18.471 0.047
3902.63502 18.560 0.038
3903.73721 18.483 0.039
3904.61807 18.426 0.031
3905.61829 18.523 0.031
3906.60642 18.658 0.045
3907.66763 18.372 0.043
3908.60296 18.507 0.032
3909.60238 18.506 0.036
3910.66355 18.374 0.034
3912.60383 18.531 0.028
3912.74746 18.420 0.026
3913.60139 18.456 0.029
3914.61943 18.431 0.034
3915.59925 18.639 0.041
3916.67510 18.467 0.034
3917.69088 18.576 0.041
3918.69351 18.367 0.030
3919.63069 18.325 0.038
3920.58265 18.396 0.036
3920.86025 18.541 0.043
3921.59475 18.885 0.088
3930.64487 18.577 0.045
3931.58084 18.379 0.046
3931.71842 18.502 0.041
3932.67136 18.494 0.041
3933.58498 18.595 0.036
3934.55567 18.521 0.036
3935.63386 18.430 0.035
3936.55617 18.491 0.038
3937.63180 18.426 0.036
3938.56485 18.542 0.047
3940.70510 18.410 0.029
3944.64661 18.501 0.036
3945.58625 18.540 0.041
3946.58350 18.577 0.052
3950.59583 18.297 0.031
3951.62437 18.628 0.049
3956.63249 18.592 0.060
3957.57030 18.444 0.054
3958.65073 18.380 0.042
3959.58275 18.399 0.041
3960.57098 18.443 0.030
3963.61234 18.546 0.037
3964.59540 18.515 0.036
3965.58895 18.366 0.030
3966.57689 18.466 0.035
3967.60928 18.522 0.042
3968.56332 18.411 0.038
3969.57087 18.420 0.031
3970.58402 18.611 0.051
3971.61574 18.334 0.042
3973.64544 18.392 0.037
3974.58121 18.533 0.054
3975.57280 18.457 0.035
3976.57033 18.547 0.037
3979.58911 18.724 0.073
3982.52166 18.523 0.057
3986.64695 18.518 0.061
3987.56690 18.453 0.038
3988.58417 18.553 0.031
3989.64958 18.477 0.057
3991.54266 18.521 0.045
3994.61122 18.459 0.046
3995.63882 18.421 0.037
3999.54524 18.347 0.044
4001.56869 18.545 0.039
4002.56959 18.478 0.035
4004.58831 18.595 0.069
4005.60378 18.446 0.039
4006.58939 18.669 0.044
4011.50648 18.469 0.050
4015.53306 18.506 0.061
4017.50772 18.445 0.038
4019.51193 18.491 0.046
4021.51790 18.436 0.058
4024.54751 18.402 0.045
4026.54308 18.355 0.036
4029.49519 18.548 0.068
4146.88893 18.404 0.052
4154.88379 18.659 0.044
4157.85200 18.498 0.039
4159.87083 18.378 0.044
4162.81726 18.393 0.054
4164.85797 18.548 0.044
4166.87381 18.549 0.062
4168.91323 18.511 0.067
4174.79586 18.526 0.052
4176.78886 18.589 0.050
4177.84260 18.409 0.036
4178.88535 18.512 0.039
4180.76885 18.584 0.057
4181.86786 18.468 0.036
4182.92007 18.426 0.045
4184.80277 18.399 0.036
4187.88505 18.551 0.054
4190.81387 18.292 0.038
4191.91400 18.448 0.049
4192.83259 18.402 0.044
4193.84352 18.392 0.038
4194.86516 18.568 0.046
4196.85362 18.346 0.037
4202.83493 18.326 0.030
4203.82307 18.503 0.034
4204.81852 18.522 0.036
4205.81360 18.365 0.034
4207.81570 18.581 0.036
4208.83920 18.391 0.032
4213.81440 18.506 0.034
4215.82065 18.491 0.038
4216.77842 18.526 0.044
4217.78623 18.454 0.030
4218.84117 18.567 0.050
4219.87131 18.417 0.044
4220.80830 18.390 0.038
4222.77411 18.528 0.050
4224.89053 18.594 0.057
4228.77129 18.569 0.047
4229.75600 18.568 0.049
4230.73979 18.360 0.038
4231.74217 18.288 0.036
4232.75364 18.523 0.044
4234.64861 18.388 0.042
4235.71539 18.613 0.038
4238.76535 18.433 0.046
4239.74448 18.389 0.039
4240.88818 18.435 0.045
4243.78405 18.476 0.043
4244.75918 18.482 0.042
4245.74998 18.369 0.031
4246.80769 18.598 0.044
4250.83304 18.390 0.050
4256.66996 18.411 0.047
4258.67959 18.348 0.038
4267.64484 18.581 0.046
4268.81345 18.457 0.038
4269.62331 18.448 0.031
4272.67389 18.591 0.038
4273.72301 18.396 0.037
4274.51965 18.612 0.070
4275.67445 18.538 0.046
4277.63187 18.351 0.039
4278.64781 18.514 0.053
4283.59311 18.508 0.046
4284.57711 18.346 0.041
4285.58047 18.458 0.052
4286.58001 18.601 0.047
4289.61487 18.399 0.050
4290.64631 18.468 0.051
4291.70113 18.441 0.043
4292.56253 18.606 0.038
4293.56876 18.261 0.028
4294.56167 18.426 0.036
4295.58352 18.574 0.043
4296.57044 18.390 0.036
4297.63314 18.582 0.037
4298.60849 18.503 0.041
4299.57885 18.395 0.030
4300.47732 18.495 0.051
4301.65758 18.366 0.032
4302.63987 18.394 0.039
4303.77336 18.382 0.046
4304.60469 18.460 0.055
4306.60561 18.504 0.052
4310.70639 18.488 0.065
4312.60038 18.437 0.038
4315.61068 18.511 0.044
4316.63176 18.438 0.041
4317.53018 18.558 0.044
4319.59329 18.588 0.045
4320.68620 18.515 0.047
4326.60910 18.392 0.035
4327.63401 18.581 0.054
4328.57625 18.554 0.036
4329.56901 18.275 0.041
4330.61116 18.475 0.042
4331.57585 18.560 0.050
4332.64688 18.369 0.036
4333.57655 18.375 0.042
4334.54397 18.440 0.096
4338.60700 18.407 0.051
4339.57609 18.384 0.039
4340.67317 18.432 0.051
4341.57807 18.454 0.053
4342.61436 18.470 0.046
4343.59365 18.641 0.045
4344.63883 18.407 0.044
4345.59347 18.423 0.042
4346.59549 18.662 0.058
4347.60940 18.454 0.049
4349.58129 18.557 0.041
4350.64308 18.387 0.041
4351.58336 18.338 0.043
4353.60322 18.446 0.053
4354.62273 18.447 0.045
4355.63566 18.525 0.055
4356.58735 18.470 0.051
4358.60984 18.581 0.065
4359.62895 18.422 0.052
4361.62965 18.615 0.076
4368.57867 18.568 0.060
4371.59463 18.515 0.055
4373.59125 18.604 0.055
4378.56716 18.472 0.055
4381.57038 18.463 0.070
4392.51943 18.513 0.058
4393.49759 18.577 0.052
4394.50571 18.423 0.045
4397.56906 18.499 0.066
4506.85816 18.522 0.060
4512.87268 18.477 0.035
4514.89098 18.398 0.038
4518.87518 18.595 0.061
4521.84551 18.460 0.046
4524.85486 18.470 0.044
4530.84290 18.471 0.031
4533.88022 18.502 0.044
4535.90138 18.427 0.043
4537.83103 18.457 0.035
4539.77429 18.399 0.050
4540.90195 18.477 0.034
4541.89868 18.346 0.029
4542.86208 18.444 0.036
4543.88819 18.544 0.036
4544.88580 18.336 0.030
4545.81039 18.343 0.037
4546.86354 18.572 0.050
4547.87970 18.328 0.034
4550.87945 18.442 0.037
4551.86116 18.483 0.060
4552.86578 18.543 0.044
4556.83371 18.468 0.034
4557.86003 18.321 0.031
4558.85650 18.596 0.041
4559.82415 18.508 0.041
4560.82443 18.351 0.029
4561.81335 18.396 0.026
4564.81766 18.429 0.030
4565.80660 18.621 0.032
4566.80861 18.352 0.027
4567.80900 18.368 0.029
4568.83137 18.534 0.037
4569.82524 18.310 0.035
4570.81590 18.404 0.039
4571.79960 18.575 0.044
4572.83751 18.386 0.035
4573.81317 18.402 0.032
4574.81530 18.593 0.046
4575.82409 18.331 0.038
4583.68390 18.283 0.053
4585.88830 18.510 0.047
4586.83620 18.598 0.045
4587.81681 18.452 0.042
4588.79984 18.365 0.030
4589.64197 18.497 0.047
4590.75011 18.526 0.044
4591.63429 18.560 0.055
4592.74322 18.390 0.037
4593.72850 18.578 0.044
4594.75707 18.301 0.034
4595.74480 18.452 0.038
4596.73400 18.516 0.035
4597.76521 18.417 0.037
4598.73461 18.335 0.027
4599.71037 18.443 0.036
4600.71952 18.508 0.028
4601.72416 18.380 0.031
4602.71829 18.489 0.032
4603.94173 18.436 0.061
4606.73209 18.433 0.038
4610.82595 18.619 0.068
4611.70584 18.468 0.044
4611.89236 18.351 0.042
4615.88246 18.389 0.054
4616.68784 18.346 0.034
4617.79961 18.543 0.057
4618.72863 18.562 0.043
4622.66994 18.424 0.042
4623.74978 18.514 0.044
4624.68522 18.530 0.043
4625.67029 18.564 0.054
4626.72035 18.408 0.038
4627.64345 18.410 0.031
4628.64373 18.551 0.043
4629.70892 18.401 0.038
4630.64575 18.487 0.044
4631.66726 18.532 0.032
4632.66511 18.401 0.030
4633.72416 18.556 0.042
4639.76964 18.386 0.046
4640.66962 18.495 0.041
4641.82616 18.575 0.065
4642.66801 18.526 0.043
4643.63402 18.571 0.044
4644.70110 18.336 0.039
4645.62372 18.330 0.035
4646.60437 18.495 0.031
4647.61475 18.405 0.032
4649.60889 18.444 0.035
4650.63722 18.436 0.037
4651.65216 18.343 0.037
4652.58126 18.419 0.039
4653.57520 18.532 0.049
4654.61430 18.345 0.034
4655.57858 18.377 0.039
4656.57692 18.664 0.044
4658.73900 18.470 0.050
4660.68852 18.481 0.043
4661.57112 18.426 0.037
4661.65597 18.609 0.073
4661.68169 18.482 0.047
4665.73288 18.269 0.050
4666.63831 18.361 0.039
4670.70305 18.431 0.042
4671.62778 18.493 0.037
4672.58740 18.373 0.035
4674.59383 18.692 0.060
4677.56637 18.509 0.041
4681.58174 18.369 0.036
4682.59920 18.414 0.039
4683.59619 18.640 0.057
4684.61418 18.435 0.039
4685.58192 18.354 0.038
4686.71073 18.393 0.044
4687.62911 18.432 0.044
4688.57283 18.337 0.061
4694.65056 18.600 0.079
4697.57655 18.362 0.042
4698.60277 18.511 0.042
4700.59785 18.326 0.038
4701.58070 18.579 0.061
4702.59565 18.451 0.041
4703.66293 18.565 0.053
4708.59643 18.490 0.049
4710.63163 18.593 0.047
4716.66835 18.677 0.087
4720.61389 18.469 0.055
4721.58274 18.394 0.057
4724.59479 18.337 0.050
4726.57401 18.661 0.074
4731.62359 18.692 0.060
4738.49947 18.312 0.044
4740.60365 18.572 0.062
4748.56838 18.541 0.067
4754.54391 18.572 0.067
4755.52222 18.447 0.054
4759.51257 18.335 0.053
4768.51104 18.242 0.060
4769.50446 18.575 0.081
4771.52368 18.326 0.070
4772.52954 18.571 0.083
4773.51430 18.510 0.059
4774.49959 18.309 0.080
4778.52664 18.704 0.083
4779.52241 18.533 0.061
4875.85165 18.522 0.054
4878.88189 18.417 0.038
4885.86361 18.429 0.037
4887.90193 18.362 0.053
4892.81099 18.532 0.061
4897.88973 18.427 0.039
4900.90748 18.435 0.039
4903.83228 18.365 0.036
4904.89049 18.560 0.044
4906.88200 18.460 0.039
4910.88853 18.655 0.047
4912.87504 18.423 0.027
4914.85642 18.419 0.031
4925.78977 18.380 0.028
4927.84360 18.336 0.037
4929.81232 18.525 0.042
4930.84570 18.303 0.037
4931.78952 18.388 0.043
4932.74474 18.439 0.043
4933.79305 18.545 0.044
4938.76807 18.472 0.039
4939.79339 18.496 0.041
4941.74751 18.375 0.039
4942.78830 18.545 0.034
4943.78083 18.348 0.034
4945.86850 18.307 0.031
4950.79346 18.403 0.038
4952.82042 18.437 0.036
4953.78504 18.442 0.035
4954.74689 18.503 0.037
4955.74272 18.541 0.050
