2127.52477 18.935 0.088
2130.55734 19.090 0.076
2133.56703 19.022 0.067
2136.68829 19.011 0.082
2141.67827 19.187 0.127
2172.56858 19.246 0.131
2179.55803 19.047 0.146
2189.55319 19.259 0.140
2214.53608 19.215 0.171
2337.86521 19.003 0.064
2352.88741 19.015 0.086
2361.88118 18.962 0.070
2373.83204 19.037 0.082
2464.80297 19.055 0.075
2816.69894 18.910 0.064
2852.65422 19.181 0.118
2859.66823 18.872 0.096
3059.88549 19.209 0.079
3068.84982 18.961 0.070
3071.90232 19.108 0.076
3074.79435 18.908 0.077
3077.80311 19.284 0.254
3080.85077 18.927 0.067
3083.79775 19.012 0.060
3085.90885 18.981 0.059
3087.84448 18.951 0.059
3089.86519 18.935 0.053
3091.86516 19.000 0.061
3097.84393 18.941 0.058
3099.86989 19.031 0.069
3101.84299 18.954 0.081
3102.87151 19.005 0.073
3104.78712 19.074 0.134
3107.79420 19.006 0.063
3108.82385 18.931 0.058
3110.91366 18.963 0.068
3112.87077 18.920 0.062
3114.86564 19.032 0.067
3116.85329 18.934 0.065
3122.86912 18.929 0.096
3125.92987 18.836 0.078
3126.82273 18.986 0.060
3127.90876 19.057 0.072
3128.89811 18.986 0.084
3130.77561 18.942 0.083
3131.64099 18.926 0.143
3134.91110 18.995 0.217
3135.79600 19.081 0.072
3137.84838 19.039 0.089
3138.73313 18.955 0.067
3140.70485 18.968 0.060
3140.93866 19.171 0.130
3141.76992 18.936 0.057
3142.84421 18.955 0.064
3144.86217 18.899 0.059
3146.93193 18.989 0.069
3151.83749 18.946 0.070
3152.83586 18.949 0.069
3153.83441 18.830 0.073
3153.84188 18.931 0.082
3153.86935 19.222 0.115
3153.89117 19.014 0.085
3153.91474 18.947 0.075
3153.93881 19.029 0.122
3154.65748 19.007 0.093
3154.72615 19.071 0.098
3154.77849 19.038 0.084
3154.87868 18.879 0.092
3154.91063 18.904 0.099
3154.93759 19.142 0.151
3156.57771 19.002 0.138
3156.73467 18.971 0.066
3156.80548 19.036 0.130
3156.92703 19.005 0.083
3157.76554 19.071 0.096
3157.94013 19.179 0.133
3158.60009 19.009 0.119
3158.70110 18.825 0.124
3161.61072 19.261 0.320
3162.57510 19.097 0.117
3162.63541 19.075 0.090
3162.87225 19.031 0.085
3163.60855 18.886 0.066
3163.83454 18.930 0.061
3164.60557 18.997 0.065
3164.82026 18.822 0.069
3165.63515 18.948 0.063
3165.67648 18.882 0.050
3166.65630 19.292 0.128
3167.60279 19.042 0.086
3167.68310 18.950 0.072
3168.57903 18.958 0.061
3168.83337 19.018 0.067
3169.53740 19.036 0.086
3169.86343 19.082 0.087
3170.58963 18.857 0.062
3170.65454 19.006 0.051
3170.89056 19.159 0.078
3171.52229 19.083 0.087
3171.71180 19.037 0.055
3172.53429 18.937 0.074
3173.74678 18.877 0.069
3173.82058 18.992 0.081
3173.85816 19.121 0.086
3174.78783 19.026 0.064
3174.86129 18.869 0.065
3174.90903 19.038 0.082
3175.54508 18.951 0.068
3175.77626 18.987 0.061
3175.78314 18.947 0.058
3175.78970 19.057 0.073
3175.79269 19.138 0.069
3175.79567 19.048 0.068
3175.79857 19.023 0.068
3175.80147 19.003 0.061
3175.80456 19.017 0.064
3175.81101 19.071 0.066
3175.83081 19.097 0.075
3175.84880 19.077 0.083
3175.86876 18.912 0.077
3175.89983 19.034 0.091
3175.91746 18.928 0.084
3176.52222 18.857 0.103
3176.57859 18.966 0.094
3176.63071 19.058 0.091
3177.63485 19.036 0.105
3177.70930 19.459 0.153
3177.80043 18.770 0.088
3177.84442 19.323 0.164
3178.53727 18.908 0.087
3178.59120 19.046 0.097
3178.68918 19.063 0.079
3178.76823 19.007 0.070
3179.51536 19.139 0.080
3179.56578 19.042 0.066
3179.58732 18.978 0.071
3179.71962 18.949 0.064
3179.80447 18.936 0.066
3179.88914 18.860 0.074
3180.49579 19.737 0.192
3180.61461 19.067 0.055
3180.70594 18.991 0.051
3180.78569 18.996 0.057
3180.80571 18.986 0.050
3180.89328 18.931 0.068
3182.50688 18.923 0.117
3182.60176 18.981 0.082
3182.67605 18.944 0.071
3182.79140 18.925 0.065
3182.86593 18.941 0.067
3183.57406 18.910 0.067
3183.72643 19.003 0.082
3183.83627 18.918 0.079
3184.49460 19.036 0.096
3184.63246 19.046 0.054
3184.78038 19.057 0.072
3185.51873 19.112 0.101
3185.63521 18.987 0.061
3185.87586 18.992 0.082
3193.63051 18.937 0.063
3194.53018 19.051 0.092
3194.82091 18.990 0.069
3195.75409 18.984 0.059
3196.60695 18.804 0.092
3196.84976 18.865 0.071
3197.52517 19.081 0.070
3197.79548 18.894 0.075
3201.84277 18.807 0.087
3202.78656 19.005 0.071
3203.61563 18.947 0.045
3204.76376 19.034 0.067
3205.69405 18.964 0.054
3210.59127 19.006 0.070
3211.75752 18.912 0.076
3217.73345 19.046 0.103
3218.74443 18.881 0.101
3226.72854 18.982 0.091
3228.69896 19.056 0.089
3229.72972 19.021 0.089
3230.74556 18.906 0.078
3231.67286 18.861 0.071
3238.69741 19.008 0.088
3240.54734 19.028 0.078
3245.65925 18.858 0.079
3247.52132 19.072 0.067
3249.64059 18.923 0.083
3251.53606 18.901 0.080
3254.61762 18.974 0.092
3257.55551 18.977 0.052
3265.58457 19.044 0.076
3267.61218 18.864 0.064
3273.51615 19.031 0.119
3277.53058 19.100 0.102
3280.53245 18.832 0.071
3289.53626 19.080 0.091
3294.53155 18.891 0.064
3296.53070 18.806 0.068
3302.52781 18.954 0.124
3418.87054 18.948 0.064
3424.85420 18.897 0.080
3427.85608 19.004 0.082
3430.83770 18.989 0.068
3436.88432 18.965 0.075
3443.85545 19.033 0.057
3445.88387 19.077 0.052
3448.79050 18.994 0.076
3450.80784 18.937 0.050
3453.85127 18.940 0.071
3458.88653 18.906 0.062
3459.90171 19.097 0.071
3468.88521 18.924 0.056
3469.88792 18.948 0.048
3472.87276 18.947 0.053
3474.80646 19.127 0.067
3476.78306 19.019 0.057
3478.87840 18.926 0.058
3480.89427 18.920 0.065
3483.82886 18.984 0.070
3496.93598 19.113 0.104
3497.90923 18.989 0.077
3500.91828 18.814 0.056
3502.90248 19.022 0.064
3503.88400 18.771 0.043
3506.94277 19.164 0.112
3508.92008 18.971 0.105
3509.90290 18.964 0.053
3511.92642 19.044 0.061
3512.91960 18.888 0.078
3520.67864 18.881 0.068
3521.80934 18.964 0.066
3522.87703 18.976 0.071
3524.86824 18.921 0.067
3527.73696 18.920 0.043
3528.89584 18.837 0.063
3530.87418 18.908 0.045
3530.90555 19.010 0.056
3538.86370 18.949 0.070
3541.89786 19.084 0.104
3544.89528 19.217 0.138
3547.86264 18.930 0.083
3550.83945 19.128 0.080
3551.85151 18.967 0.063
3552.84685 18.880 0.092
3554.85339 18.925 0.079
3556.85794 19.111 0.127
3558.63484 19.136 0.068
3559.64329 18.933 0.057
3560.71962 19.077 0.070
3561.64115 18.914 0.054
3562.67447 18.906 0.054
3563.73893 18.884 0.063
3569.66688 18.709 0.117
3573.79728 19.027 0.099
3574.76948 19.218 0.115
3575.71144 18.960 0.057
3576.77807 19.250 0.103
3579.70111 18.983 0.052
3581.75059 18.882 0.060
3582.69950 18.885 0.054
3583.71773 19.227 0.088
3584.72171 19.198 0.079
3585.72026 19.007 0.052
3586.77428 18.982 0.061
3590.76002 19.140 0.086
3591.74510 19.022 0.064
3592.71939 18.879 0.055
3603.73152 19.001 0.083
3608.70809 19.165 0.079
3615.66584 18.770 0.066
3617.62744 18.981 0.080
3619.62458 18.929 0.074
3621.66621 18.954 0.078
3629.55050 19.021 0.067
3631.57932 19.074 0.087
3634.53512 19.048 0.066
3640.53829 19.010 0.085
3644.61360 18.978 0.082
3649.58952 18.960 0.068
3652.56348 18.968 0.107
3656.55622 18.955 0.097
3660.56041 18.956 0.098
3665.54670 19.001 0.088
3671.49959 19.052 0.129
3778.85309 18.928 0.084
3783.89201 18.974 0.069
3786.87929 18.989 0.096
3792.89709 18.979 0.069
3794.89622 18.839 0.058
3796.88806 18.945 0.060
3797.88769 19.043 0.059
3800.86873 19.068 0.079
3802.81561 19.049 0.072
3803.84827 19.124 0.071
3804.89542 18.754 0.078
3806.90790 19.020 0.067
3808.89288 18.974 0.062
3810.80895 19.082 0.083
3812.79508 18.789 0.069
3814.78601 19.101 0.076
3818.85083 18.913 0.059
3819.91029 18.992 0.049
3820.90254 19.004 0.059
3821.91390 19.070 0.060
3823.91080 18.925 0.053
3824.92082 18.947 0.115
3825.91286 19.110 0.086
3826.91198 18.955 0.065
3827.91206 19.023 0.085
3829.92013 18.906 0.056
3830.88937 18.834 0.050
3832.92065 18.973 0.077
3833.91077 18.905 0.060
3834.82782 18.911 0.050
3835.88715 18.999 0.051
3836.88975 18.945 0.058
3837.86850 18.932 0.052
3838.87267 18.914 0.066
3839.89167 18.968 0.086
3840.87568 18.991 0.066
3841.85905 19.045 0.064
3842.77292 19.023 0.083
3845.86604 18.902 0.173
3846.86734 18.978 0.052
3847.91382 19.089 0.116
3848.88322 18.879 0.068
3849.91214 18.956 0.066
3850.83222 18.908 0.061
3851.83855 18.936 0.074
3852.83064 19.043 0.069
3853.81991 18.923 0.044
3856.80854 19.004 0.065
3860.86398 18.998 0.084
3861.87926 18.952 0.059
3862.82284 18.887 0.065
3863.80064 19.018 0.058
3864.82451 18.968 0.045
3865.78694 18.944 0.064
3866.75257 19.046 0.060
3867.76348 19.000 0.081
3868.75473 19.065 0.082
3869.73727 19.112 0.081
3873.73993 18.978 0.058
3874.78677 19.058 0.082
3875.77002 18.912 0.048
3877.72838 18.963 0.056
3880.79575 18.976 0.055
3881.80366 19.347 0.074
3882.73862 18.842 0.057
3883.79063 19.034 0.060
3886.75396 18.965 0.063
3887.73380 18.946 0.062
3889.89550 18.848 0.051
3891.62711 18.896 0.069
3892.76280 19.291 0.088
3893.79943 18.946 0.078
3894.83058 18.801 0.081
3896.78408 19.108 0.119
3900.67783 19.159 0.107
3901.68330 18.978 0.059
3902.70089 19.185 0.073
3903.84917 19.019 0.068
3904.68065 19.060 0.048
3905.69142 18.959 0.053
3906.66924 19.123 0.077
3907.73524 18.979 0.088
3908.67520 18.848 0.046
3909.67327 18.888 0.042
3912.67733 18.971 0.039
3913.67758 18.980 0.053
3914.73701 19.418 0.089
3915.67444 19.060 0.055
3916.75617 18.979 0.078
3917.77340 18.837 0.069
3918.77365 18.939 0.059
3919.70385 19.125 0.061
3920.65750 18.952 0.070
3921.66600 19.167 0.098
3930.72766 18.871 0.064
3931.64381 18.949 0.067
3932.60763 18.969 0.048
3933.65515 18.940 0.048
3934.62156 18.952 0.052
3934.83049 19.013 0.076
3935.60261 18.844 0.048
3936.58768 18.880 0.062
3937.66642 18.988 0.064
3938.63263 18.943 0.070
3940.77669 18.906 0.061
3944.74042 19.016 0.059
3945.66903 18.870 0.054
3946.65982 18.942 0.062
3950.67511 18.916 0.050
3951.69754 18.946 0.078
3959.64683 19.099 0.077
3960.63790 18.961 0.054
3963.64326 18.955 0.062
3964.68645 18.993 0.059
3965.65425 18.907 0.053
3966.64867 19.007 0.060
3967.67218 18.862 0.050
3968.63172 18.938 0.064
3969.64214 18.978 0.065
3970.64892 19.014 0.061
3971.68019 18.942 0.058
3974.64599 18.936 0.063
3975.63853 19.008 0.065
3976.63248 18.979 0.066
3987.62981 19.131 0.077
3989.58008 18.968 0.078
3991.58152 18.839 0.069
3995.52933 18.971 0.063
4001.59965 18.902 0.061
4002.63523 18.930 0.068
4003.58967 18.907 0.061
4011.57303 18.963 0.085
4016.54286 19.386 0.143
4017.57570 18.824 0.069
4019.58383 19.030 0.118
4023.56665 18.983 0.098
4025.51818 18.959 0.074
4027.52592 19.371 0.122
4030.51797 18.811 0.082
4153.83775 18.995 0.086
4155.87250 18.948 0.072
4158.83425 18.975 0.085
4162.88500 19.024 0.086
4165.86931 18.872 0.091
4167.86226 19.051 0.083
4169.86470 18.948 0.063
4174.87866 18.943 0.062
4176.85598 19.058 0.076
4177.91290 18.815 0.100
4179.80718 19.019 0.074
4180.87571 18.936 0.074
4182.78409 18.996 0.061
4183.82101 18.980 0.072
4185.79685 18.936 0.065
4190.89484 19.040 0.074
4192.89904 19.008 0.068
4193.91005 19.113 0.070
4196.88968 19.047 0.073
4202.90131 18.848 0.057
4203.88948 18.982 0.056
4204.89629 19.021 0.064
4205.88511 18.954 0.066
4207.91284 19.021 0.065
4208.91848 18.963 0.065
4213.89000 18.970 0.055
4216.84865 18.953 0.065
4217.87153 18.890 0.050
4218.91525 19.011 0.069
4220.90215 18.902 0.100
4222.86215 18.961 0.071
4228.86307 18.916 0.092
4229.82900 18.930 0.063
4230.80965 18.872 0.054
4231.85196 18.975 0.062
4232.87290 19.072 0.102
4234.81033 18.997 0.059
4234.84781 18.955 0.064
4235.83144 18.963 0.059
4237.64831 18.947 0.079
4238.83596 19.061 0.082
4240.63405 18.983 0.090
4243.88232 18.873 0.075
4244.89302 18.995 0.075
4245.93212 18.948 0.080
4246.93642 18.940 0.092
4247.59351 19.167 0.087
4250.92271 19.051 0.112
4256.82109 18.797 0.097
4257.70498 19.029 0.082
4258.80736 18.909 0.080
4268.58839 19.028 0.094
4269.72880 18.934 0.066
4272.65004 19.035 0.063
4273.69746 18.977 0.073
4274.68132 19.052 0.076
4275.73810 18.959 0.089
4277.57896 18.979 0.091
4278.71232 19.166 0.112
4283.65914 18.978 0.073
4284.64057 18.956 0.078
4285.64753 18.878 0.089
4286.74127 18.793 0.081
4289.69106 18.993 0.084
4291.58542 19.312 0.128
4292.62594 18.921 0.054
4293.65433 18.994 0.056
4294.69491 19.079 0.072
4295.65554 19.111 0.062
4296.63839 18.960 0.055
4297.56560 18.980 0.057
4298.79777 19.068 0.114
4299.76730 19.371 0.084
4300.70345 18.925 0.058
4301.56656 18.942 0.061
4302.80052 18.961 0.083
4306.55757 18.995 0.091
4311.60009 18.943 0.108
4312.66737 18.915 0.070
4317.65446 19.034 0.077
4319.66340 19.020 0.083
4326.67257 18.967 0.071
4327.70831 18.971 0.088
4328.64309 19.056 0.071
4329.63376 19.037 0.084
4330.64772 19.028 0.070
4331.64313 18.874 0.060
4332.69777 19.010 0.085
4333.64692 18.919 0.078
4334.66040 18.931 0.136
4338.68001 18.968 0.113
4339.64994 18.967 0.118
4340.71315 18.978 0.110
4341.69460 18.993 0.127
4342.69107 18.826 0.097
4343.66086 19.086 0.082
4345.66071 18.856 0.110
4346.66590 19.093 0.095
4347.68003 18.912 0.080
4349.65509 19.094 0.087
4350.67967 19.177 0.096
4351.65053 18.970 0.075
4354.65928 19.003 0.085
4357.59729 19.077 0.106
4359.57079 18.900 0.062
4365.61573 19.212 0.142
4368.61527 18.942 0.125
4370.57090 19.016 0.073
4372.60370 18.944 0.078
4377.56443 18.930 0.093
4381.60683 18.784 0.116
4517.89818 19.019 0.123
4520.89032 18.975 0.084
4523.87047 18.930 0.079
4525.86519 18.937 0.108
4532.89339 19.019 0.076
4535.85554 19.068 0.090
4537.80549 18.913 0.065
4539.81028 18.896 0.068
4541.84218 19.134 0.073
4543.83189 18.926 0.059
4544.82873 19.264 0.092
4545.84633 18.886 0.062
4547.82011 19.018 0.070
4550.81909 18.984 0.088
4552.80920 19.477 0.172
4556.90096 18.989 0.066
4558.89600 19.027 0.061
4559.89104 19.003 0.070
4560.89119 19.018 0.057
4561.88026 18.968 0.048
4564.88440 18.959 0.053
4565.87402 18.982 0.046
4566.87524 19.041 0.052
4567.88082 18.972 0.057
4568.91301 18.859 0.056
4569.89907 19.055 0.071
4570.90466 18.983 0.068
4571.86626 19.027 0.058
4572.90486 18.987 0.070
4573.87989 18.996 0.051
4574.88840 18.898 0.066
4575.89968 19.009 0.063
4583.86990 18.912 0.069
4585.85363 19.116 0.069
4586.87241 18.931 0.070
4587.88430 18.938 0.082
4588.77454 18.933 0.061
4589.74387 18.947 0.070
4590.82352 18.894 0.059
4591.73636 19.021 0.070
4592.80988 18.927 0.077
4593.79537 19.114 0.069
4594.82369 19.064 0.074
4595.81451 18.909 0.063
4596.77013 19.228 0.065
4596.89448 18.887 0.061
4596.92973 18.938 0.067
4597.75360 18.975 0.063
4597.83202 18.875 0.064
4598.65026 18.981 0.056
4598.80152 18.974 0.046
4599.78073 18.957 0.051
4600.80314 18.971 0.046
4601.79171 19.000 0.055
4602.79535 18.923 0.052
4606.85721 18.914 0.070
4611.77278 18.886 0.104
4616.76493 18.975 0.052
4618.66936 18.874 0.070
4622.74812 18.877 0.059
4623.82114 18.872 0.072
4624.75992 18.972 0.077
4625.74351 18.969 0.080
4626.80495 19.093 0.092
4627.72218 19.033 0.052
4628.71101 18.994 0.060
4629.78053 19.365 0.086
4630.71973 18.965 0.054
4631.73556 18.985 0.051
4632.76938 18.904 0.059
4633.90481 19.061 0.110
4639.85755 19.084 0.182
4641.89964 18.884 0.106
4642.54539 18.904 0.070
4643.70246 19.024 0.076
4644.79197 19.003 0.073
4645.70457 19.075 0.085
4646.67151 18.930 0.053
4647.69349 18.935 0.073
4649.67798 18.990 0.063
4650.71611 18.953 0.075
4651.71666 18.971 0.069
4652.64922 19.006 0.072
4653.66304 18.942 0.057
4654.68150 18.882 0.066
4655.68216 18.944 0.051
4656.64855 18.819 0.065
4661.63824 18.901 0.055
4666.50944 18.997 0.091
4670.74100 19.035 0.110
4671.69452 19.006 0.070
4672.65433 18.976 0.074
4674.68231 18.818 0.059
4677.72642 19.045 0.085
4681.71037 19.088 0.087
4682.70798 18.974 0.062
4683.66402 19.149 0.092
4684.68279 18.878 0.062
4684.77595 19.443 0.149
4685.70857 19.015 0.072
4687.69683 19.044 0.093
4688.64274 18.946 0.066
4694.72686 18.892 0.118
4697.65160 18.976 0.087
4698.66974 19.081 0.092
4700.66495 19.041 0.079
4701.64828 19.041 0.086
4702.66274 19.068 0.089
4708.68434 18.849 0.068
4715.64542 19.022 0.111
4720.65110 18.965 0.165
4721.65889 18.884 0.105
4722.64912 18.738 0.078
4725.62202 18.933 0.101
4726.65023 18.956 0.109
4733.61132 18.979 0.084
4739.50404 18.844 0.071
4750.55338 18.993 0.109
4757.56025 19.017 0.081
4763.53657 19.033 0.095
4877.87659 19.057 0.067
4883.89048 18.921 0.096
4886.85719 19.103 0.083
4890.82970 18.950 0.090
4894.88069 18.828 0.086
4898.89832 19.062 0.073
4900.85945 19.186 0.082
4902.83666 18.924 0.062
4903.89934 19.052 0.069
4904.86482 19.209 0.081
4911.90004 18.936 0.048
4913.91349 18.855 0.060
4924.90796 18.844 0.057
4926.76933 19.103 0.079
4928.81470 18.936 0.073
4930.75018 19.139 0.095
4931.89231 19.025 0.071
4932.80015 19.094 0.071
4933.74775 19.217 0.109
4934.84605 19.052 0.081
4938.85451 18.922 0.074
4940.79926 19.017 0.078
4941.85104 18.957 0.071
4942.87710 19.024 0.070
4943.73368 19.031 0.062
4944.79855 19.076 0.064
4949.81303 18.872 0.057
4951.83800 18.848 0.073
4953.74254 18.963 0.065
