2115.77201 15.996 0.009
2128.62539 15.998 0.008
2131.69443 16.004 0.008
2134.72684 15.979 0.010
2138.61049 15.968 0.008
2143.57056 15.979 0.010
2162.57253 16.018 0.009
2168.59048 16.003 0.009
2173.54853 15.999 0.010
2184.55190 16.002 0.011
2195.53601 15.993 0.010
2323.89335 15.975 0.009
2326.85893 16.009 0.010
2341.87042 15.983 0.009
2350.88829 15.991 0.008
2359.84811 16.004 0.009
2370.88922 16.006 0.009
2391.87101 15.961 0.010
2404.90119 15.987 0.008
2464.74576 15.958 0.008
2474.66442 15.979 0.008
2503.54206 15.992 0.016
2518.52331 15.977 0.009
2765.83712 15.974 0.009
2769.86411 15.986 0.007
2782.75845 15.965 0.010
2784.75261 15.983 0.008
2786.64282 15.975 0.009
2790.73205 16.005 0.008
2792.63718 15.973 0.009
2794.66019 15.983 0.009
2797.55790 15.967 0.008
2810.59604 15.986 0.009
2814.57029 15.987 0.009
3057.83304 15.987 0.008
3060.86268 16.001 0.008
3066.85696 16.005 0.008
3069.80974 15.987 0.008
3071.81508 16.017 0.010
3074.81980 15.981 0.008
3076.84461 16.019 0.008
3078.86034 15.994 0.009
3081.89390 15.981 0.008
3083.89025 16.007 0.008
3085.75078 15.987 0.009
3087.81701 16.001 0.008
3088.89594 16.026 0.008
3090.81980 15.975 0.008
3092.76508 15.991 0.009
3097.73419 15.995 0.009
3099.72967 16.008 0.009
3100.72736 15.986 0.010
3102.72699 15.997 0.009
3104.73277 16.001 0.015
3105.75500 16.011 0.013
3108.69548 16.001 0.007
3109.88955 15.992 0.008
3111.77214 16.000 0.008
3113.70410 15.974 0.007
3114.69042 16.001 0.007
3116.74374 15.989 0.009
3122.70012 15.993 0.010
3124.89422 15.984 0.009
3126.61926 15.998 0.009
3127.62656 15.979 0.009
3128.65346 15.968 0.009
3129.62274 15.984 0.010
3130.62899 15.996 0.011
3131.81417 15.988 0.009
3134.60196 15.958 0.009
3135.66845 15.972 0.008
3137.69039 15.999 0.009
3138.62445 15.991 0.008
3139.76726 16.004 0.008
3140.62767 15.968 0.009
3141.71325 15.981 0.008
3142.60773 16.002 0.008
3144.61606 15.995 0.008
3145.69129 15.992 0.009
3147.77612 15.975 0.008
3151.58386 15.960 0.010
3152.59300 15.988 0.008
3153.59236 16.017 0.008
3154.66666 16.009 0.009
3156.57103 15.982 0.011
3158.59034 15.992 0.011
3162.56655 15.971 0.010
3163.54681 16.015 0.009
3164.54789 16.008 0.008
3165.54763 16.008 0.008
3166.73042 16.014 0.009
3167.58955 15.994 0.010
3168.54963 15.967 0.009
3169.55417 15.989 0.008
3170.62037 15.979 0.007
3171.54733 16.000 0.008
3172.55292 15.995 0.008
3174.53366 15.969 0.008
3174.86757 16.004 0.008
3175.52102 16.010 0.009
3176.57240 16.022 0.011
3178.61148 15.990 0.009
3179.63469 15.974 0.007
3180.51041 15.990 0.008
3183.50213 16.008 0.009
3184.52153 15.969 0.008
3185.52768 15.962 0.009
3191.82612 15.996 0.008
3193.69855 15.969 0.009
3194.77166 15.986 0.008
3195.48222 15.987 0.010
3196.50504 15.988 0.011
3197.48092 16.000 0.010
3199.51321 16.002 0.010
3201.48761 15.973 0.008
3202.73179 16.005 0.009
3203.49549 15.996 0.008
3205.48840 16.001 0.008
3206.51586 15.981 0.007
3207.50075 15.991 0.009
3211.48248 16.001 0.009
3212.50757 15.985 0.010
3218.48810 15.967 0.009
3223.49811 15.982 0.009
3224.49934 15.977 0.008
3228.50050 15.992 0.008
3230.49701 15.986 0.008
3241.50659 15.977 0.009
3246.49777 15.987 0.011
3248.51473 15.988 0.009
3250.49007 16.004 0.009
3251.61890 16.008 0.008
3253.55555 15.977 0.008
3255.64714 15.993 0.010
3257.62552 16.019 0.009
3261.60678 16.009 0.009
3262.49780 16.000 0.010
3263.63197 16.005 0.009
3264.50899 15.987 0.008
3268.57325 16.010 0.008
3270.50222 15.969 0.012
3275.60249 15.983 0.009
3279.49927 16.008 0.008
3283.54806 15.968 0.007
3291.49895 15.970 0.010
3305.51575 15.975 0.010
3307.54648 16.012 0.013
3431.84812 16.009 0.008
3438.84632 15.981 0.008
3443.90299 15.988 0.007
3446.80024 16.002 0.008
3448.83730 15.999 0.007
3450.90035 15.973 0.007
3453.89780 16.014 0.007
3456.79111 15.980 0.008
3468.75966 16.015 0.008
3471.76458 15.967 0.009
3474.75658 16.021 0.008
3477.74297 15.979 0.007
3480.75893 15.998 0.007
3484.69977 15.970 0.010
3499.65538 15.968 0.007
3502.65645 16.013 0.007
3503.91007 15.950 0.007
3509.64467 15.981 0.008
3520.74283 16.025 0.008
3521.89682 16.012 0.008
3522.90636 16.003 0.008
3523.89993 16.008 0.008
3525.88795 15.983 0.007
3528.84303 15.992 0.008
3538.54785 15.955 0.008
3539.54644 15.993 0.009
3544.67057 15.977 0.008
3550.56887 15.994 0.009
3552.73084 15.991 0.007
3556.80537 16.000 0.008
3558.73498 16.008 0.008
3560.54711 15.972 0.007
3561.79487 15.990 0.007
3562.72555 15.969 0.007
3563.80575 15.964 0.009
3574.50759 16.002 0.008
3578.50413 15.985 0.007
3579.75010 15.984 0.008
3581.50417 15.993 0.007
3583.48399 15.968 0.007
3584.48859 15.995 0.007
3585.47962 16.006 0.007
3586.49901 16.014 0.008
3586.59253 16.024 0.007
3586.67795 15.990 0.007
3587.58298 16.024 0.008
3587.59665 16.004 0.009
3587.65204 16.025 0.008
3587.71784 16.020 0.008
3588.52030 15.998 0.007
3588.56126 15.982 0.007
3588.62069 16.017 0.007
3618.66580 15.980 0.007
3633.58096 16.011 0.010
3650.50982 16.002 0.009
3652.52822 15.999 0.010
3772.87952 16.003 0.010
3779.84570 15.978 0.009
4891.88645 15.954 0.008
4911.86126 15.992 0.007
