2072.60390 18.082 0.047
2072.61385 18.030 0.042
2072.62520 18.060 0.042
2072.63380 18.039 0.039
2072.64243 18.025 0.038
2072.65786 18.050 0.040
2072.66651 18.067 0.038
2072.67516 18.113 0.038
2072.68381 17.997 0.036
2072.69247 18.012 0.040
2072.70112 18.095 0.041
2072.73121 18.103 0.038
2072.73982 18.121 0.037
2072.74842 18.030 0.036
2072.75703 18.084 0.040
2072.76565 18.042 0.037
2072.77427 18.114 0.040
2072.78329 18.059 0.038
2072.79189 18.098 0.041
2072.80052 18.065 0.041
2072.80915 18.134 0.039
2072.81776 18.069 0.041
2072.82639 18.047 0.041
2072.83592 18.127 0.041
2072.84479 18.100 0.042
2072.85392 18.079 0.048
2072.86477 18.039 0.043
2072.87336 18.127 0.048
2072.88731 18.131 0.062
2072.89614 18.112 0.052
2072.90474 18.213 0.065
2072.91329 18.046 0.058
2073.58520 18.005 0.044
2073.60056 18.049 0.040
2073.60916 18.202 0.045
2073.61777 18.110 0.040
2073.62639 18.130 0.043
2073.63500 18.110 0.039
2073.64361 18.218 0.041
2073.65242 18.206 0.045
2073.66102 18.189 0.037
2073.67158 18.138 0.036
2073.68050 18.264 0.043
2073.68916 18.197 0.041
2073.69778 18.233 0.042
2073.70640 18.235 0.039
2073.71505 18.241 0.039
2073.72367 18.193 0.038
2073.73313 18.140 0.041
2073.74170 18.157 0.042
2073.75026 18.140 0.037
2073.75886 18.196 0.037
2073.76745 18.159 0.034
2073.77607 18.081 0.034
2073.78931 18.078 0.037
2073.81198 18.118 0.043
2073.82778 17.981 0.040
2073.83681 18.037 0.057
2073.85200 18.040 0.039
2073.86058 18.044 0.038
2073.86917 18.092 0.044
2073.87777 18.010 0.039
2073.88637 18.090 0.049
2073.89988 18.099 0.051
2073.90844 18.266 0.064
2074.57918 18.034 0.037
2074.58778 18.108 0.040
2074.59640 18.071 0.042
2074.60501 18.063 0.041
2074.61365 18.072 0.039
2074.62228 18.023 0.041
2074.63139 18.072 0.046
2074.64000 17.982 0.047
2074.64859 18.102 0.047
2074.65720 18.043 0.049
2074.66587 18.043 0.042
2074.67452 18.078 0.040
2074.68339 18.089 0.039
2074.70572 18.078 0.037
2074.71438 18.076 0.039
2074.72503 18.068 0.037
2074.73419 18.063 0.036
2074.74277 18.105 0.040
2074.76654 18.010 0.035
2074.77515 18.078 0.042
2074.78375 18.091 0.047
2074.79234 18.181 0.052
2074.80221 18.046 0.041
2074.81086 18.101 0.039
2074.81967 18.093 0.037
2074.82828 18.078 0.034
2074.83689 18.062 0.047
2074.84551 18.076 0.031
2074.85412 18.086 0.033
2074.86272 18.146 0.041
2074.87175 18.021 0.035
2074.88032 18.016 0.042
2074.88896 18.082 0.040
2074.89756 18.102 0.041
2074.90619 18.076 0.041
2074.91218 18.048 0.046
2075.61394 18.075 0.048
2075.62251 18.078 0.046
2075.63115 18.055 0.044
2075.63976 18.176 0.054
2075.65359 18.116 0.049
2075.66800 18.407 0.062
2075.67660 18.398 0.055
2075.68520 18.456 0.057
2075.69384 18.593 0.063
2075.70244 18.663 0.068
2075.71108 18.923 0.085
2075.72012 18.978 0.099
2075.72935 19.329 0.137
2075.73794 19.112 0.113
2075.74651 19.073 0.114
2075.77331 18.775 0.093
2075.78191 18.658 0.083
2075.79051 18.439 0.067
2075.79939 18.531 0.072
2075.80798 18.286 0.055
2075.81659 18.239 0.052
2075.82519 18.265 0.052
2075.83376 18.143 0.049
2075.84641 18.112 0.042
2075.85504 18.083 0.045
2075.86365 18.086 0.047
2075.87222 18.030 0.048
2075.88079 18.104 0.048
2075.88938 18.167 0.051
2076.69245 18.065 0.046
2076.70107 18.092 0.048
2076.70970 18.136 0.057
2076.72323 18.074 0.042
2076.73320 18.098 0.042
2076.74201 18.137 0.048
2076.75076 18.126 0.054
2076.75951 18.070 0.044
2076.76829 18.149 0.043
2076.77706 18.147 0.050
2076.79295 18.083 0.044
2076.80430 18.079 0.045
2076.81705 18.079 0.058
2076.82955 18.050 0.044
2076.83824 18.093 0.046
2076.84700 18.152 0.054
2076.85575 18.079 0.048
2076.86447 18.072 0.045
2076.87323 18.160 0.052
2076.88252 18.149 0.057
2076.89126 18.104 0.050
2077.58922 18.029 0.055
2077.60982 18.035 0.045
2077.62049 18.001 0.039
2077.63143 18.068 0.041
2077.64017 18.122 0.036
2077.65307 18.049 0.034
2077.66182 18.101 0.034
2077.67057 18.103 0.032
2077.67930 18.132 0.034
2077.69151 18.083 0.034
2077.70029 18.201 0.039
2077.70908 18.136 0.039
2077.71782 18.119 0.038
2077.72654 18.207 0.041
2077.73531 18.142 0.042
2077.74510 18.134 0.044
2077.75387 18.179 0.043
2077.76266 18.144 0.039
2077.77141 18.194 0.038
2077.78014 18.271 0.042
2077.79228 18.183 0.041
2077.80099 18.149 0.039
2077.80975 18.193 0.040
2077.81850 18.134 0.038
2077.82727 18.231 0.044
2077.83604 18.129 0.048
2077.84513 18.142 0.049
2077.85388 18.099 0.054
2077.86264 18.120 0.052
2077.87136 18.118 0.052
2077.88007 18.164 0.051
2077.88880 18.046 0.046
2077.89782 18.059 0.050
2077.90658 18.194 0.062
2078.59509 18.117 0.046
2078.60384 18.160 0.051
2078.61259 18.109 0.046
2078.62139 18.171 0.049
2078.63011 18.092 0.042
2078.63891 18.153 0.045
2078.65927 18.089 0.031
2078.66802 18.114 0.035
2078.67676 18.128 0.035
2078.68554 18.069 0.036
2078.69429 18.108 0.038
2078.70303 18.129 0.039
2078.71269 18.114 0.037
2078.72163 18.048 0.032
2078.73035 18.129 0.033
2078.73908 18.105 0.036
2078.74782 18.113 0.040
2078.75655 18.097 0.042
2078.77392 18.042 0.037
2078.78848 18.062 0.040
2078.79727 18.074 0.042
2078.80601 18.040 0.038
2078.81477 18.084 0.042
2078.84082 18.021 0.042
2078.84959 18.067 0.045
2078.86785 18.153 0.050
2078.87656 17.924 0.049
2078.88532 18.087 0.057
2079.62512 18.134 0.052
2079.63390 18.127 0.052
2079.64265 18.097 0.048
2079.65141 18.104 0.042
2079.66016 18.147 0.041
2079.66894 18.113 0.039
2079.67873 18.190 0.039
2079.68748 18.136 0.039
2079.69620 18.123 0.045
2079.70492 18.175 0.042
2079.71368 18.149 0.049
2079.72241 18.164 0.041
2079.73656 18.185 0.042
2079.74531 18.308 0.054
2079.75405 18.339 0.053
2079.76278 18.345 0.052
2079.77152 18.456 0.056
2079.78683 18.636 0.068
2079.79892 18.772 0.079
2079.80769 18.863 0.096
2079.81764 19.146 0.139
2080.55851 18.144 0.035
2080.57293 18.163 0.036
2080.58163 18.194 0.037
2080.59038 18.160 0.033
2080.59911 18.081 0.032
2080.60783 18.114 0.037
2080.61658 18.097 0.036
2080.63130 18.033 0.035
2080.64006 18.065 0.035
2080.64882 18.057 0.034
2080.65760 18.025 0.035
2080.66635 17.976 0.034
2080.68099 18.074 0.036
2080.70263 18.110 0.039
2080.71138 18.056 0.038
2080.72347 18.104 0.038
2080.75389 18.169 0.037
2080.76635 18.107 0.036
2080.78065 18.095 0.036
2080.80604 18.101 0.040
2080.81641 18.105 0.044
2080.82518 18.110 0.046
2080.83388 18.108 0.044
2080.84260 18.101 0.047
2080.85136 18.062 0.057
2080.86016 18.065 0.060
2081.57211 18.092 0.037
2081.58199 18.063 0.035
2081.59073 18.056 0.036
2081.60137 18.035 0.038
2081.62093 18.096 0.041
2081.66368 18.104 0.041
2081.70519 18.066 0.038
2081.71393 18.167 0.042
2081.72273 18.095 0.039
2081.73147 18.099 0.041
2081.74022 18.067 0.039
2081.74896 18.140 0.041
2081.75979 18.050 0.039
2081.76856 18.091 0.042
2081.77734 18.115 0.041
2081.78606 18.181 0.045
2081.80415 18.181 0.046
2081.81290 18.094 0.038
2081.82167 18.222 0.045
2081.83367 18.118 0.042
2081.84242 18.112 0.040
2081.87125 18.178 0.039
2081.88250 18.237 0.057
2082.64570 18.223 0.046
2082.68803 18.146 0.043
2082.69879 18.123 0.038
2082.70815 18.136 0.046
2082.71691 18.023 0.039
2082.72941 18.116 0.043
2082.74114 18.104 0.041
2082.74984 18.102 0.040
2082.75855 18.119 0.037
2082.77081 18.086 0.035
2082.78639 18.127 0.038
2082.79513 18.065 0.036
2082.80387 18.158 0.041
2082.81264 18.091 0.038
2082.82138 18.096 0.039
2082.83014 18.059 0.039
2082.84264 18.102 0.043
2082.85142 18.087 0.044
2082.86020 18.050 0.042
2082.86894 17.992 0.043
2082.87770 18.131 0.049
2082.88648 17.998 0.045
2082.89913 18.051 0.048
2085.63364 18.129 0.055
2085.64221 18.071 0.045
2085.65085 18.096 0.048
2085.65948 18.090 0.048
2085.66805 18.005 0.041
2085.67669 18.118 0.047
2085.68791 18.106 0.049
2085.69647 18.096 0.052
2085.70507 18.109 0.052
2085.71370 18.029 0.049
2085.72238 18.124 0.060
2085.73099 18.084 0.051
2085.74080 18.089 0.056
2085.74941 18.027 0.054
2085.76163 18.110 0.046
2085.77828 18.119 0.052
2085.78762 18.046 0.051
2085.79781 18.073 0.051
2085.81009 18.058 0.056
2085.82883 18.164 0.059
2085.83740 18.016 0.054
2085.84600 18.036 0.058
2085.85460 18.145 0.064
2085.86324 18.118 0.067
2086.55766 18.203 0.045
2086.56630 18.257 0.047
2086.57488 18.262 0.044
2086.59464 18.459 0.054
2086.60323 18.528 0.056
2086.61185 18.659 0.060
2086.63116 18.960 0.071
2086.63976 19.210 0.089
2086.64837 19.216 0.095
2086.65696 19.200 0.101
2086.66557 19.191 0.094
2086.67418 19.020 0.076
2086.68590 18.696 0.053
2086.69445 18.644 0.055
2086.70303 18.587 0.054
2086.71162 18.385 0.050
2086.72087 18.309 0.050
2086.73376 18.285 0.054
2086.74241 18.230 0.045
2086.75100 18.172 0.042
2086.75961 18.156 0.041
2086.76820 18.114 0.042
2086.78153 18.018 0.041
2086.79014 18.104 0.040
2086.79877 18.066 0.045
2086.81112 18.120 0.045
2086.81973 18.190 0.046
2086.82833 18.141 0.048
2086.84080 18.158 0.061
2086.84944 18.147 0.061
2086.85806 18.098 0.054
2086.86662 18.086 0.072
2087.56335 18.021 0.033
2087.60498 18.114 0.033
2087.61372 18.038 0.032
2087.62247 18.036 0.033
2087.63118 18.082 0.035
2087.63993 18.080 0.036
2087.64868 18.166 0.035
2087.65768 18.077 0.036
2087.66644 18.064 0.037
2087.67850 18.048 0.035
2087.68725 18.143 0.039
2087.69661 18.108 0.036
2087.71407 18.133 0.036
2087.72284 18.082 0.032
2087.73163 18.091 0.033
2087.74044 18.114 0.033
2087.74918 18.088 0.035
2087.75792 18.197 0.037
2087.76842 18.075 0.033
2087.77714 18.079 0.032
2087.78592 18.073 0.031
2087.79468 18.092 0.034
2087.80339 18.101 0.035
2087.81215 18.173 0.039
2087.82140 18.078 0.038
2087.83013 18.080 0.040
2087.83889 18.169 0.044
2087.84764 18.043 0.038
2087.85636 18.104 0.043
2087.86511 18.226 0.054
2088.56079 18.005 0.042
2088.57267 18.076 0.043
2088.58143 18.115 0.043
2088.59022 18.093 0.041
2088.59900 18.059 0.037
2088.60792 18.059 0.038
2088.61669 18.100 0.039
2088.62547 18.091 0.039
2088.63425 18.123 0.041
2088.64452 18.172 0.042
2088.65334 18.175 0.042
2088.66210 18.257 0.045
2088.67088 18.172 0.041
2088.68203 18.200 0.042
2088.69132 18.229 0.040
2088.70004 18.262 0.050
2088.70878 18.196 0.041
2088.71755 18.206 0.053
2088.72761 18.204 0.047
2088.74150 18.191 0.042
2088.75025 18.197 0.044
2088.75897 18.171 0.047
2088.76772 18.109 0.049
2088.77960 18.095 0.042
2088.78839 18.104 0.044
2088.79714 18.071 0.047
2088.80593 18.163 0.057
2088.81469 18.049 0.044
2088.82345 18.065 0.056
2088.83262 18.016 0.043
2088.84138 18.021 0.048
2088.85014 18.106 0.058
2089.61326 18.175 0.051
2089.62197 18.125 0.046
2089.63072 18.099 0.044
2089.63945 18.084 0.039
2089.64821 18.117 0.042
2089.65733 18.087 0.037
2090.64537 18.247 0.054
2090.65507 18.216 0.052
2090.66412 18.321 0.049
2090.67287 18.402 0.059
2090.68179 18.527 0.074
2090.71006 18.709 0.080
2090.71878 18.950 0.113
2090.72752 19.005 0.120
2090.73621 19.225 0.136
2090.74496 19.289 0.140
2090.75379 19.157 0.131
2090.76333 18.960 0.084
2090.77202 18.852 0.083
2090.78077 18.665 0.066
2090.78956 18.570 0.056
2090.79838 18.459 0.051
2090.80713 18.430 0.066
2090.81917 18.531 0.078
2090.83313 18.207 0.060
2090.84812 18.044 0.059
2091.58968 18.163 0.044
2091.59844 18.105 0.037
2091.60723 18.117 0.039
2091.61796 18.040 0.034
2091.63406 18.077 0.035
2091.65560 18.099 0.036
2091.66519 18.116 0.036
2091.67388 18.099 0.034
2091.68327 18.098 0.040
2091.69208 18.098 0.038
2091.70080 18.099 0.037
2091.70958 18.075 0.036
2091.71855 18.045 0.037
2091.72726 18.118 0.037
2091.73602 18.067 0.035
2091.74476 18.072 0.033
2091.75352 18.093 0.036
2091.76716 18.025 0.038
2091.77757 18.104 0.040
2091.78632 18.152 0.038
2091.79508 18.125 0.038
2091.80385 18.054 0.034
2091.81261 18.029 0.036
2091.82140 18.127 0.041
2091.83060 18.056 0.037
2091.83954 18.118 0.039
2091.84827 18.124 0.045
2091.85704 18.088 0.043
2091.86577 18.113 0.046
2091.87452 18.124 0.048
2092.64709 18.123 0.039
2092.65589 18.088 0.037
2092.66464 18.126 0.041
2092.67621 18.104 0.044
2092.68496 18.092 0.040
2092.69375 18.055 0.037
2092.70251 18.146 0.041
2092.71128 18.197 0.043
2092.72006 18.123 0.044
2092.73531 18.196 0.040
2092.74537 18.183 0.048
2092.75466 18.097 0.044
2092.76338 18.248 0.049
2092.77212 18.222 0.052
2092.78090 18.228 0.052
2092.78964 18.170 0.055
2092.80015 18.293 0.060
2092.80889 18.293 0.058
2092.81760 18.276 0.060
2092.83280 18.091 0.068
2101.55462 18.212 0.051
2101.56335 18.197 0.046
2101.57210 18.315 0.047
2101.58083 18.392 0.054
2101.58955 18.389 0.060
2101.59833 18.425 0.059
2101.61287 18.640 0.092
2101.62167 18.713 0.063
2101.63043 18.885 0.073
2101.63919 19.156 0.098
2101.64790 19.076 0.087
2101.65731 19.411 0.118
2101.66628 18.963 0.088
2101.67500 18.959 0.088
2101.68376 18.744 0.082
2101.69250 18.683 0.076
2101.70125 18.668 0.069
2101.70997 18.431 0.059
2101.72721 18.297 0.056
2101.74256 18.237 0.053
2101.76112 18.136 0.052
2101.76989 18.164 0.052
2101.77862 18.087 0.053
2102.53903 18.090 0.033
2102.54911 18.055 0.037
2102.55836 18.054 0.037
2102.56712 18.120 0.042
2102.58288 18.124 0.039
2102.59164 18.097 0.036
2102.60038 18.224 0.043
2102.60914 18.091 0.036
2102.61791 18.205 0.045
2102.62664 18.095 0.037
2102.63600 18.088 0.039
2102.64476 18.091 0.035
2102.65411 18.193 0.036
2103.50294 18.091 0.043
2103.51165 18.050 0.039
2103.52213 18.139 0.042
2103.53091 18.112 0.041
2103.53962 18.039 0.038
2103.54837 18.131 0.039
2103.55709 18.079 0.035
2103.56579 18.153 0.039
2103.57773 18.142 0.037
2103.58651 18.113 0.034
2103.59528 18.078 0.032
2103.60403 18.119 0.030
2103.61346 18.105 0.031
2103.62222 18.126 0.031
2103.63096 18.165 0.031
2103.63966 18.197 0.031
2103.64899 18.191 0.031
2103.65773 18.201 0.032
2103.66766 18.232 0.034
2103.67644 18.244 0.036
2103.71673 18.185 0.041
2103.72621 18.154 0.041
2103.73497 18.179 0.041
2103.74375 18.104 0.050
2103.76126 18.109 0.038
2103.76997 18.160 0.039
2103.77871 18.172 0.045
2103.78748 18.144 0.035
2103.79617 18.096 0.033
2105.50920 18.087 0.045
2105.52288 18.044 0.044
2105.53194 18.058 0.042
2105.54069 18.094 0.041
2105.54941 18.046 0.042
2105.55817 18.079 0.041
2105.56937 18.052 0.036
2105.57812 18.129 0.035
2105.58686 18.088 0.034
2105.59562 18.145 0.034
2105.61445 18.119 0.032
2105.62354 18.094 0.031
2105.63644 18.173 0.031
2105.64617 18.172 0.033
2105.65843 18.281 0.035
2105.66747 18.258 0.038
2105.67623 18.315 0.040
2105.68496 18.439 0.043
2105.69372 18.566 0.047
2105.70248 18.664 0.052
2105.71850 19.002 0.069
2105.72762 19.060 0.074
2105.73634 19.154 0.088
2105.74509 19.124 0.081
2105.75385 19.184 0.094
2105.76259 18.903 0.081
2105.77135 18.888 0.081
2105.78050 18.616 0.081
2105.78924 18.528 0.068
2105.79804 18.581 0.078
2105.80686 18.479 0.072
2106.59840 18.038 0.040
2106.60803 18.120 0.041
2106.61725 18.091 0.038
2106.62601 18.128 0.045
2106.63479 18.107 0.042
2106.64427 18.150 0.043
2106.65303 18.076 0.045
2106.66180 18.121 0.041
2106.67090 18.078 0.039
2106.67965 18.056 0.037
2106.68839 18.117 0.043
2106.69708 18.082 0.043
2106.70587 18.060 0.039
2106.72125 18.027 0.037
2106.73000 18.142 0.038
2106.73877 18.063 0.043
2106.74750 18.114 0.042
2106.75623 18.100 0.047
2106.76496 18.077 0.045
2111.51506 18.011 0.044
2111.52380 17.975 0.043
2111.53260 18.102 0.056
2111.54131 18.158 0.060
2111.55012 18.076 0.055
2111.55887 18.150 0.046
2111.56812 18.096 0.050
2111.57685 18.061 0.045
2111.58561 18.073 0.044
2111.59440 18.054 0.051
2111.60313 18.119 0.048
2111.61182 18.130 0.050
2111.62095 18.108 0.049
2111.63036 18.095 0.056
2111.64787 18.218 0.061
2111.65662 18.131 0.052
2111.66534 18.038 0.042
2111.67456 18.077 0.046
2111.68333 18.036 0.042
2111.69207 18.213 0.066
2111.70081 18.065 0.054
2111.70956 18.094 0.049
2111.71831 18.187 0.058
2111.72761 18.063 0.052
2111.73635 18.027 0.058
2111.74512 18.088 0.052
2111.75384 17.968 0.042
2112.50763 18.648 0.071
2112.51726 18.636 0.063
2112.53026 18.863 0.098
2112.53904 18.940 0.087
2112.55858 19.238 0.121
2112.56730 19.054 0.102
2112.58162 19.023 0.099
2112.59036 18.841 0.068
2112.60371 18.736 0.064
2112.61243 18.556 0.047
2112.62120 18.551 0.052
2112.62993 18.371 0.044
2112.63867 18.287 0.043
2112.64747 18.269 0.039
2112.66934 18.130 0.035
2112.67811 18.108 0.037
2112.68685 18.113 0.035
2112.69562 18.124 0.038
2112.70572 18.149 0.039
2112.71476 18.120 0.039
2112.73227 18.145 0.037
2112.74104 18.084 0.037
2112.74981 18.038 0.035
2112.75922 18.058 0.036
2113.51878 18.077 0.058
2113.52757 18.039 0.052
2113.53628 18.033 0.052
2113.54561 18.167 0.055
2113.55437 18.088 0.046
2113.56309 18.188 0.056
2113.57179 18.091 0.048
2113.58053 18.113 0.044
2113.58928 18.050 0.041
2113.59856 18.058 0.044
2113.60730 18.019 0.048
2113.61606 18.100 0.046
2113.62510 18.166 0.052
2113.63385 18.139 0.053
2113.64260 18.095 0.051
2113.65213 18.125 0.053
2113.66089 18.183 0.061
2113.71830 18.074 0.045
2113.72705 17.987 0.046
2113.73579 18.105 0.052
2113.74455 18.070 0.059
2113.75330 18.202 0.053
2113.76205 18.092 0.048
2113.77125 18.123 0.053
2113.77999 18.152 0.056
2114.69672 18.133 0.047
2114.70546 18.070 0.049
2114.71425 18.047 0.049
2114.72440 18.064 0.048
2114.73371 18.087 0.048
2114.74349 18.059 0.047
2114.75407 18.093 0.061
2114.76321 18.068 0.048
2114.77201 18.087 0.047
2114.78078 18.104 0.045
2114.80089 18.071 0.055
2115.55621 18.040 0.048
2115.56571 18.081 0.050
2115.57529 18.043 0.047
2115.58971 18.042 0.046
2115.59846 18.126 0.048
2115.60721 18.118 0.050
2115.62112 18.044 0.050
2115.62985 18.122 0.054
2115.63873 18.041 0.051
2115.64975 18.072 0.044
2115.65900 18.156 0.047
2115.66776 18.049 0.044
2115.67647 18.038 0.048
2115.68522 18.073 0.050
2115.69398 18.002 0.041
2115.70273 18.124 0.049
2115.73712 18.083 0.044
2115.74822 18.094 0.043
2116.51245 18.077 0.054
2116.56545 18.235 0.052
2116.57422 18.336 0.065
2116.58356 18.378 0.067
2116.59440 18.355 0.059
2116.60398 18.461 0.056
2116.61330 18.573 0.069
2116.62207 18.807 0.076
2116.63084 18.885 0.088
2116.63959 19.014 0.081
2116.65969 19.220 0.111
2116.66844 19.146 0.095
2116.67722 19.027 0.099
2116.68598 18.744 0.067
2116.69470 18.717 0.069
2116.70343 18.546 0.062
2116.71342 18.511 0.060
2116.72219 18.392 0.054
2116.73095 18.306 0.051
2116.73969 18.245 0.054
2116.74843 18.179 0.051
2116.76053 18.206 0.055
2116.76929 18.185 0.052
2117.49319 18.170 0.041
2117.50194 18.063 0.038
2117.51109 18.128 0.039
2117.51985 18.095 0.036
2117.52862 18.120 0.038
2117.55998 18.082 0.041
2117.56873 18.102 0.043
2117.57749 18.114 0.041
2117.58691 18.026 0.037
2117.59566 18.082 0.037
2117.60442 18.086 0.037
2117.61644 18.065 0.035
2117.62522 18.099 0.036
2117.63399 18.039 0.034
2117.64275 18.100 0.038
2117.65153 18.054 0.036
2117.66029 18.120 0.038
2117.66950 18.155 0.051
2117.68706 18.153 0.043
2117.69581 18.161 0.047
2117.70453 18.083 0.039
2117.71490 18.106 0.038
2117.72365 18.082 0.041
2117.73244 18.036 0.041
2117.74120 18.088 0.041
2117.74990 18.060 0.040
2117.75864 18.086 0.047
2118.50079 18.096 0.040
2118.50957 18.044 0.045
2118.51835 18.068 0.044
2118.52710 18.065 0.050
2118.65886 18.125 0.038
2118.66761 18.210 0.040
2118.67639 18.190 0.042
2118.68515 18.160 0.042
2118.69389 18.237 0.041
2118.70378 18.165 0.038
2118.71282 18.251 0.049
2118.72156 18.151 0.044
2118.73033 18.222 0.044
2118.73915 18.172 0.040
2125.64444 17.986 0.062
2128.57483 18.123 0.041
2131.56969 18.238 0.039
2134.67355 18.197 0.060
2138.55016 18.314 0.061
2155.65016 18.190 0.077
2156.48926 18.100 0.045
2158.49758 18.072 0.044
2158.54059 18.071 0.038
2162.50709 18.060 0.045
2168.54179 18.393 0.070
2173.49982 18.132 0.060
2180.49846 18.117 0.052
2184.50305 18.125 0.061
2194.55717 18.048 0.049
2321.87593 18.247 0.067
2324.87803 18.090 0.043
2341.83451 18.110 0.052
2350.84760 18.101 0.037
2358.88707 18.079 0.048
2370.81535 18.050 0.043
2381.81073 18.118 0.041
2384.79319 18.104 0.044
2388.85311 18.102 0.040
2391.69565 18.080 0.068
2399.77684 18.072 0.031
2399.78569 18.084 0.031
2399.92776 18.038 0.037
2399.93076 18.053 0.038
2399.93365 18.062 0.039
2399.93660 18.052 0.038
2399.93974 18.014 0.041
2400.69352 18.026 0.043
2402.80844 18.116 0.038
2404.84541 18.102 0.035
2414.86438 18.050 0.038
2415.72643 18.085 0.053
2416.74862 18.410 0.060
2417.72417 18.074 0.047
2424.76653 18.209 0.046
2426.67781 18.024 0.037
2431.81215 18.206 0.040
2433.73934 18.186 0.049
2434.81238 18.091 0.039
2436.58511 18.070 0.044
2437.57362 18.058 0.063
2437.57670 18.032 0.057
2437.57934 17.968 0.055
2437.58196 18.025 0.063
2437.58458 18.135 0.069
2437.58718 18.043 0.063
2437.59571 18.163 0.068
2437.59832 18.111 0.068
2437.60095 18.193 0.063
2437.60357 18.099 0.056
2437.60618 18.141 0.070
2437.60880 18.115 0.067
2437.61873 18.077 0.059
2437.62848 18.132 0.061
2437.63754 18.212 0.064
2437.64761 18.071 0.055
2437.65661 18.180 0.055
2437.66659 18.271 0.069
2437.69751 18.105 0.053
2437.70639 18.162 0.067
2437.71759 18.109 0.053
2437.72671 18.151 0.053
2437.73579 18.175 0.050
2437.74531 18.234 0.051
2437.75749 18.183 0.052
2437.76634 18.293 0.057
2437.77511 18.229 0.052
2437.78391 18.194 0.052
2437.79318 18.261 0.063
2437.80198 18.269 0.054
2437.81079 18.181 0.046
2437.81961 18.170 0.048
2437.83385 18.182 0.051
2437.84311 18.167 0.054
2437.85638 18.220 0.060
2437.86531 18.404 0.069
2437.87444 18.083 0.062
2437.89072 18.041 0.062
2437.90277 18.089 0.066
2437.92338 18.076 0.069
2438.61729 18.192 0.043
2439.61425 18.037 0.037
2439.64705 18.050 0.033
2439.65316 18.107 0.035
2439.67545 18.080 0.034
2439.71185 18.095 0.035
2439.72999 18.108 0.034
2439.74557 18.130 0.035
2439.76107 18.093 0.036
2439.77542 18.230 0.042
2439.79468 18.284 0.040
2439.80498 18.411 0.050
2439.82101 18.549 0.056
2439.83329 18.695 0.069
2439.84904 19.013 0.095
2439.86112 19.255 0.111
2439.87114 19.187 0.124
2439.88000 19.152 0.120
2439.88953 19.067 0.110
2439.89850 18.776 0.090
2439.90543 18.743 0.097
2439.91441 18.634 0.105
2439.92386 18.376 0.077
2440.59852 18.224 0.048
2440.64529 18.125 0.042
2440.67410 18.101 0.041
2440.69282 18.075 0.047
2440.71253 18.081 0.033
2440.72815 18.135 0.040
2440.74608 18.097 0.034
2440.75814 18.103 0.034
2440.77410 18.111 0.034
2440.82826 18.079 0.047
2440.84056 18.079 0.050
2440.84939 18.121 0.057
2440.88179 17.979 0.056
2440.89139 18.059 0.061
2440.89825 18.035 0.056
2440.91082 17.963 0.060
2442.61611 18.873 0.082
2444.57469 18.137 0.051
2444.58280 18.155 0.046
2444.59123 18.224 0.047
2444.60539 18.227 0.054
2444.61617 18.220 0.052
2444.62427 18.197 0.044
2444.63471 18.251 0.049
2444.64278 18.150 0.049
2444.65085 18.282 0.054
2444.65894 18.277 0.055
2444.66810 18.147 0.048
2444.67619 18.121 0.054
2444.68427 18.180 0.050
2444.69234 18.132 0.048
2444.70044 18.196 0.052
2444.70874 18.087 0.049
2444.71583 18.070 0.044
2444.72388 18.129 0.048
2444.73060 18.175 0.050
2444.73892 18.126 0.050
2444.74495 18.155 0.053
2444.75321 18.040 0.048
2444.76037 18.072 0.042
2444.76585 18.093 0.045
2444.77166 18.120 0.048
2444.78036 18.078 0.045
2444.79173 18.114 0.045
2444.79979 18.112 0.049
2444.80784 18.048 0.048
2444.81769 17.988 0.051
2444.82572 18.056 0.059
2444.83377 18.092 0.056
2444.85002 18.084 0.051
2444.86082 18.125 0.057
2444.87164 18.109 0.057
2444.88398 18.118 0.055
2444.89478 18.151 0.068
2446.64653 18.612 0.067
2448.53031 18.017 0.076
2453.73962 18.141 0.046
2454.52766 18.083 0.057
2454.55153 18.041 0.042
2454.56050 18.092 0.039
2454.56946 18.151 0.042
2454.58016 18.059 0.033
2454.58901 18.114 0.034
2454.59788 18.070 0.038
2454.60682 18.119 0.039
2454.61927 18.099 0.040
2454.63361 18.248 0.044
2454.64263 18.161 0.042
2454.65158 18.095 0.041
2454.66204 18.047 0.039
2454.67117 18.097 0.041
2454.68003 18.050 0.040
2454.68976 18.177 0.038
2454.69951 18.098 0.037
2454.70831 18.098 0.038
2454.71899 18.097 0.039
2454.72789 18.017 0.035
2454.73683 18.059 0.040
2454.74756 18.079 0.040
2454.75642 18.101 0.041
2454.76527 18.093 0.045
2454.77405 18.320 0.068
2454.78763 18.434 0.077
2458.73688 18.123 0.044
2462.72567 18.149 0.034
2463.82277 18.107 0.039
2465.46804 18.179 0.072
2465.47702 18.141 0.063
2465.48621 18.189 0.065
2465.49519 18.189 0.056
2465.50422 18.158 0.047
2465.51321 18.084 0.047
2465.52328 18.084 0.043
2465.53353 18.160 0.052
2465.54247 18.145 0.047
2465.55150 18.103 0.040
2465.56049 18.142 0.042
2465.56943 18.145 0.042
2465.58392 18.149 0.041
2465.59298 18.186 0.047
2465.60220 18.173 0.041
2465.61124 18.168 0.039
2465.62159 18.169 0.040
2465.63121 18.116 0.037
2465.64094 18.157 0.038
2465.65093 18.132 0.036
2465.66020 18.130 0.042
2465.66910 18.146 0.041
2465.67898 18.191 0.042
2465.68792 18.150 0.039
2465.69697 18.242 0.043
2465.70599 18.316 0.047
2465.71516 18.428 0.050
2465.72441 18.514 0.055
2465.73340 18.675 0.066
2465.74366 18.701 0.063
2465.75259 18.955 0.077
2465.76854 19.096 0.135
2465.77752 19.268 0.148
2465.78893 19.210 0.158
2465.79779 19.112 0.128
2465.80665 18.923 0.109
2465.81575 18.761 0.106
2465.82552 18.532 0.080
2465.83450 18.558 0.076
2465.84545 18.416 0.087
2466.75276 18.080 0.049
2468.45903 19.104 0.277
2468.46778 18.777 0.109
2468.47755 18.936 0.129
2468.48821 19.112 0.108
2468.49703 19.199 0.110
2468.50704 19.304 0.122
2468.51629 19.200 0.101
2468.52620 19.074 0.086
2468.53520 18.696 0.066
2468.54491 18.747 0.059
2468.55375 18.648 0.054
2468.56267 18.508 0.049
2468.57153 18.451 0.049
2468.58249 18.303 0.038
2468.59148 18.323 0.039
2468.60056 18.274 0.042
2468.60949 18.226 0.041
2468.62033 18.130 0.037
2468.62912 18.175 0.038
2468.63801 18.160 0.035
2468.64867 18.093 0.033
2468.65802 18.111 0.034
2468.66797 18.144 0.033
2468.67782 18.113 0.033
2468.68670 18.194 0.039
2468.69554 18.170 0.039
2468.70433 18.136 0.036
2468.71433 18.069 0.032
2468.72347 18.091 0.032
2468.73419 18.108 0.033
2468.74299 18.103 0.036
2468.75270 18.132 0.038
2468.76160 18.081 0.037
2468.77057 18.132 0.041
2468.77948 18.147 0.043
2468.78949 18.091 0.045
2468.79858 18.088 0.041
2468.80783 18.132 0.043
2468.81823 18.073 0.049
2468.82704 18.143 0.055
2468.83594 18.157 0.054
2470.46813 18.188 0.071
2474.46843 18.124 0.063
2482.62514 18.097 0.046
2485.63512 18.167 0.062
2489.70596 18.116 0.037
2492.65064 18.075 0.039
2494.70501 18.162 0.047
2497.50757 18.160 0.047
2499.54335 18.197 0.044
2501.57111 18.097 0.039
2503.49462 18.153 0.132
2511.55130 18.220 0.066
2521.52055 18.161 0.042
2526.54989 18.161 0.043
2537.48108 18.116 0.063
2540.49766 18.085 0.058
2546.50825 18.161 0.056
2550.48952 18.184 0.057
2554.56141 18.100 0.048
2558.49794 19.177 0.148
2693.89508 18.097 0.042
2698.89301 18.270 0.049
2711.87605 18.245 0.042
2721.88350 18.110 0.090
2730.89673 18.012 0.035
2743.77314 18.107 0.039
2748.79167 18.253 0.056
2755.78159 18.072 0.037
2758.93298 18.414 0.092
2765.78972 18.997 0.076
2769.77432 18.270 0.041
2782.71288 18.058 0.052
2784.70184 18.141 0.036
2786.59189 18.109 0.063
2788.68920 18.090 0.033
2790.79429 18.190 0.044
2792.53122 18.251 0.076
2794.55734 18.214 0.080
2796.56624 18.201 0.044
2802.56461 18.405 0.090
2808.63366 18.129 0.046
2810.57192 18.117 0.045
2810.63534 18.164 0.041
2810.66493 18.131 0.041
2810.69467 18.141 0.045
2810.70696 18.131 0.048
2810.72318 18.212 0.040
2810.73549 18.320 0.041
2810.74845 18.389 0.051
2810.76275 18.511 0.054
2810.77423 18.646 0.059
2810.79275 19.075 0.088
2810.81026 19.070 0.098
2810.83773 18.965 0.086
2810.87029 18.439 0.062
2812.57375 18.121 0.044
2813.81751 18.100 0.038
2815.59612 18.157 0.044
2816.66155 18.117 0.037
2817.77620 18.138 0.046
2818.67105 18.137 0.041
2819.76515 18.129 0.045
2821.66344 18.424 0.056
2826.65410 18.063 0.048
2830.78431 18.147 0.056
2835.48072 18.223 0.071
2837.49953 18.195 0.068
2838.73005 18.177 0.048
2840.50159 18.185 0.052
2842.53805 18.117 0.043
2844.61419 18.122 0.038
2848.54942 18.077 0.060
2851.53666 18.121 0.044
2853.54357 18.142 0.045
2854.75743 18.073 0.055
2857.72037 18.100 0.054
2862.49667 18.144 0.068
2864.50369 18.247 0.073
2867.65893 18.112 0.045
2868.51719 18.121 0.039
2869.59148 18.210 0.045
2871.47977 18.250 0.057
2875.61836 18.164 0.063
2877.65395 19.233 0.107
2879.55623 18.128 0.042
2881.66023 18.328 0.047
2882.49650 18.093 0.051
2883.58961 18.102 0.037
2884.47929 18.955 0.106
2885.55802 18.106 0.050
2886.54646 18.234 0.095
2890.64567 17.849 0.064
2892.51710 18.153 0.054
2893.56091 18.111 0.037
2893.60246 18.089 0.036
2893.60978 18.070 0.032
2893.61258 18.099 0.033
2894.49744 18.099 0.054
2894.54748 18.067 0.042
2894.64610 18.106 0.061
2895.47930 18.157 0.068
2895.59426 18.135 0.041
2895.66739 18.107 0.041
2896.47694 18.073 0.065
2896.57063 18.170 0.041
2896.57348 18.079 0.037
2896.64434 18.216 0.047
2896.64809 18.223 0.051
2897.58008 18.039 0.043
2897.64167 18.154 0.061
2898.48451 18.151 0.063
2898.52991 18.057 0.051
2898.60483 18.080 0.048
2898.64873 17.971 0.050
2899.60735 18.175 0.042
2899.61415 18.153 0.044
2899.65292 18.109 0.044
2900.47663 18.060 0.069
2900.52970 18.075 0.048
2900.57982 18.058 0.050
2900.62115 17.994 0.046
2902.47152 18.086 0.091
2902.51448 18.158 0.061
2902.55931 17.974 0.062
2902.62342 18.090 0.061
2903.48807 18.768 0.111
2903.51942 18.789 0.073
2903.59878 18.456 0.044
2904.52879 17.902 0.061
2904.57842 17.957 0.049
2904.60835 18.089 0.055
2904.64523 17.934 0.053
2905.49133 18.134 0.061
2905.52244 18.155 0.055
2905.54726 18.229 0.073
2905.55556 18.168 0.062
2905.61083 18.218 0.063
2906.49519 18.138 0.054
2906.52858 18.166 0.056
2906.56238 18.120 0.051
2906.58942 18.049 0.046
2907.48277 18.086 0.068
2907.54656 18.186 0.067
2907.60266 18.600 0.084
2908.49559 17.995 0.060
2908.52767 18.064 0.064
2908.61000 18.142 0.068
2909.49743 18.062 0.049
2909.51807 18.061 0.053
2909.54226 17.996 0.049
2910.48939 18.194 0.064
2910.52248 18.189 0.060
2910.58010 18.162 0.071
2911.48488 18.040 0.065
2911.52930 18.072 0.054
2911.55696 18.219 0.047
2912.49649 18.172 0.056
2912.54067 18.093 0.042
2912.54357 18.060 0.042
2912.58268 18.091 0.048
2915.47632 18.079 0.087
2915.49109 18.172 0.065
2916.48454 18.139 0.058
2916.52748 18.196 0.053
2916.56804 18.120 0.047
2917.50299 18.048 0.050
2917.53351 17.978 0.047
2917.57314 18.207 0.051
2918.49613 18.316 0.083
2918.52337 18.668 0.096
2918.58192 18.751 0.098
2920.50720 18.163 0.064
2920.54363 18.155 0.075
2921.49291 17.975 0.064
2921.53170 18.164 0.053
2921.58281 18.151 0.062
2922.49862 18.164 0.068
2922.56976 18.231 0.068
2923.51166 18.096 0.042
2923.53901 18.140 0.049
2923.57432 18.031 0.044
2924.50846 18.088 0.040
2924.57833 18.113 0.048
2925.50343 18.170 0.058
2925.56018 18.157 0.049
2926.53332 18.058 0.046
2926.57891 18.093 0.056
2927.50096 18.123 0.057
2927.57786 18.102 0.054
2928.50956 18.035 0.051
2928.56406 18.182 0.066
2929.50420 18.409 0.095
2929.57875 18.106 0.057
2930.50304 18.057 0.041
2930.55453 18.107 0.049
2931.50582 18.143 0.045
2931.58143 18.151 0.048
2932.52041 18.040 0.041
2932.57170 18.034 0.047
2933.50956 18.653 0.075
2933.56828 18.986 0.115
2934.51272 18.007 0.060
2934.55815 18.022 0.050
2935.51496 18.095 0.063
2936.49613 18.055 0.068
2937.51839 18.121 0.062
2939.50679 18.012 0.055
2941.51167 18.041 0.072
2942.50036 18.174 0.057
2943.54598 18.012 0.070
2944.53943 18.167 0.084
2945.49631 18.043 0.083
2946.50629 18.309 0.076
2947.52722 18.041 0.074
2949.51213 18.066 0.070
2950.49937 18.174 0.087
2951.49939 17.995 0.081
2952.50421 18.039 0.076
2952.51611 18.078 0.065
2953.49871 18.067 0.067
2957.49978 18.010 0.102
2958.50040 18.090 0.117
3040.87630 18.084 0.048
3041.88099 18.081 0.051
3042.88085 18.085 0.056
3043.86538 18.154 0.048
3044.86100 18.090 0.057
3045.86011 18.081 0.051
3046.87092 18.097 0.063
3047.85966 18.144 0.045
3048.85818 18.186 0.047
3049.84332 18.147 0.041
3050.83649 19.118 0.125
3051.84065 18.045 0.098
3052.83937 18.251 0.051
3053.82316 18.146 0.044
3054.83895 18.400 0.065
3055.83515 18.059 0.044
3055.87732 18.171 0.051
3056.84894 18.206 0.062
3057.83580 18.306 0.052
3058.83339 18.123 0.040
3058.89545 18.097 0.043
3059.83889 18.122 0.044
3060.81814 18.048 0.052
3061.84736 18.328 0.059
3064.81598 18.080 0.047
3064.83012 18.169 0.055
3067.78582 18.058 0.045
3067.88943 18.242 0.037
3069.80106 18.221 0.060
3070.85093 18.032 0.051
3073.80640 18.088 0.043
3075.84508 18.096 0.040
3076.89507 18.206 0.053
3079.88960 18.089 0.050
3081.77121 18.063 0.045
3082.86291 18.164 0.045
3083.80387 18.116 0.032
3084.90219 18.797 0.052
3085.86512 18.096 0.034
3086.83455 18.092 0.032
3087.89913 18.091 0.048
3088.79203 18.098 0.031
3088.80610 18.153 0.033
3089.90130 18.126 0.037
3091.82147 18.342 0.044
3091.83519 18.176 0.041
3093.89685 18.136 0.052
3096.85960 18.011 0.047
3097.88053 18.298 0.038
3098.84703 18.048 0.031
3100.80057 18.093 0.036
3101.87709 17.999 0.043
3101.91414 18.190 0.047
3103.77188 18.141 0.042
3104.88639 18.023 0.099
3106.83118 18.167 0.063
3106.85656 18.242 0.061
3108.76441 18.233 0.037
3108.80681 18.242 0.039
3109.78801 18.119 0.033
3110.74735 18.194 0.040
3110.83103 19.103 0.082
3111.86220 17.994 0.030
3112.77986 18.076 0.035
3113.73635 18.151 0.031
3113.86961 18.130 0.036
3114.78114 18.110 0.033
3115.86397 18.107 0.036
3116.92008 18.156 0.042
3122.90713 18.163 0.044
3125.86742 18.923 0.128
3126.89311 18.128 0.038
3127.80393 18.125 0.042
3128.81693 18.113 0.039
3130.69488 18.203 0.052
3131.88642 18.176 0.068
3135.89626 18.044 0.042
3137.93528 18.107 0.047
3138.69800 18.180 0.051
3138.83513 18.319 0.049
3139.87521 18.098 0.035
3140.87505 19.032 0.090
3142.76332 18.100 0.037
3144.78426 18.152 0.045
3146.78409 18.123 0.042
3151.74688 19.129 0.123
3151.89955 18.080 0.045
3152.75097 18.121 0.042
3153.75489 18.174 0.050
3153.89781 18.122 0.047
3154.81642 18.086 0.047
3156.83614 18.009 0.039
3158.90680 18.036 0.066
3162.81114 18.103 0.045
3163.62405 18.157 0.038
3163.64288 18.101 0.036
3164.73273 18.199 0.040
3165.75355 18.135 0.031
3166.74110 19.004 0.114
3166.89870 18.190 0.067
3167.75157 18.072 0.051
3168.74674 18.144 0.040
3169.72263 18.182 0.044
3170.80016 18.628 0.050
3171.82287 18.069 0.031
3172.74986 18.065 0.031
3174.70617 18.104 0.032
3175.71610 18.147 0.033
3177.75325 18.064 0.056
3178.77983 18.103 0.036
3179.78954 18.196 0.046
3180.71792 18.081 0.033
3182.76941 18.083 0.038
3183.73807 18.231 0.050
3184.69582 18.088 0.032
3185.48520 18.162 0.059
3185.53363 18.092 0.045
3185.57921 18.152 0.041
3185.61509 18.124 0.033
3185.66442 18.096 0.038
3185.71390 18.091 0.041
3185.74850 18.151 0.045
3185.83318 19.020 0.085
3185.86109 19.120 0.104
3185.88236 19.074 0.119
3186.63018 18.008 0.047
3190.64003 18.255 0.060
3191.80061 18.148 0.046
3193.53404 18.163 0.042
3194.59270 18.077 0.044
3195.64001 18.110 0.031
3195.79765 18.067 0.037
3196.54308 18.146 0.048
3197.51064 18.166 0.039
3199.62045 18.146 0.043
3201.51226 18.244 0.044
3202.56669 18.123 0.041
3203.65621 18.374 0.045
3204.64944 18.199 0.038
3205.75804 18.087 0.036
3206.71506 18.152 0.044
3207.66360 19.123 0.123
3210.54248 18.091 0.051
3211.58088 18.092 0.043
3217.47219 18.181 0.052
3217.64947 18.143 0.041
3218.64783 18.370 0.060
3219.60272 18.103 0.059
3223.64905 18.067 0.056
3224.69460 18.219 0.040
3226.61191 18.003 0.048
3228.59832 18.144 0.044
3229.63079 18.142 0.045
3230.66438 18.131 0.039
3231.56771 18.210 0.044
3231.60599 18.095 0.040
3232.59561 18.137 0.054
3238.61675 18.043 0.046
3239.69548 18.208 0.054
3240.67660 18.133 0.058
3241.65152 18.220 0.063
3245.55139 18.139 0.045
3246.65508 18.100 0.051
3247.62127 18.116 0.046
3249.52320 18.128 0.053
3250.65595 18.169 0.053
3253.52022 18.063 0.036
3256.63298 18.026 0.046
3259.62245 18.031 0.055
3264.52996 18.087 0.043
3267.52908 18.080 0.044
3272.58449 18.117 0.049
3275.56745 18.099 0.057
3278.59637 18.961 0.103
3282.57038 18.070 0.030
3288.54293 18.112 0.033
3293.51351 18.221 0.037
3295.52371 17.976 0.026
3305.54481 18.119 0.048
3309.53356 18.033 0.049
3314.51334 17.949 0.065
3408.88738 18.170 0.054
3410.88749 19.337 0.158
3413.88832 18.152 0.054
3421.89456 18.208 0.036
3422.86444 18.113 0.038
3426.86004 18.123 0.039
3429.84208 18.198 0.060
3432.88547 18.027 0.032
3442.88789 18.220 0.038
3445.80069 18.071 0.030
3447.85131 18.191 0.043
3449.86397 18.170 0.038
3452.88459 18.050 0.030
3455.81879 18.438 0.063
3457.85232 18.142 0.035
3459.84750 18.169 0.038
3467.87738 18.135 0.038
3469.78327 18.170 0.034
3470.79620 18.360 0.040
3472.75866 18.152 0.038
3473.77846 18.090 0.042
3474.77509 18.194 0.047
3475.80069 18.148 0.035
3477.76250 18.407 0.045
3479.76136 18.272 0.033
3480.72150 18.077 0.031
3481.73944 18.472 0.050
3482.71620 18.133 0.041
3496.71902 18.326 0.049
3497.79054 18.061 0.045
3498.91487 18.221 0.055
3499.86170 18.138 0.040
3500.72790 18.198 0.039
3501.82433 18.052 0.028
3502.72020 18.086 0.030
3503.68935 18.383 0.043
3504.70410 18.233 0.044
3506.74789 18.126 0.032
3508.75750 18.103 0.041
3509.73058 18.144 0.039
3510.80035 18.183 0.036
3511.83949 18.764 0.062
3512.70918 18.146 0.043
3512.72354 18.226 0.052
3512.75911 18.066 0.044
3512.80676 18.047 0.041
3512.82404 18.056 0.041
3512.84158 18.183 0.045
3512.85946 18.149 0.046
3512.87964 18.132 0.046
3512.90212 18.140 0.041
3512.91106 18.066 0.045
3512.92556 18.269 0.058
3512.93818 18.086 0.038
3517.68500 18.082 0.049
3520.76028 18.089 0.039
3521.71751 18.175 0.031
3522.74553 18.763 0.047
3522.93675 18.117 0.042
3523.75000 18.121 0.027
3524.89520 18.134 0.045
3525.74840 18.085 0.032
3526.75183 18.620 0.061
3528.67275 18.087 0.032
3529.69504 18.171 0.027
3529.86940 18.119 0.037
3530.61015 18.157 0.031
3530.77230 18.086 0.029
3530.85411 18.759 0.047
3530.88081 19.255 0.077
3536.86852 18.229 0.043
3536.88544 18.120 0.044
3537.67546 18.949 0.089
3538.52440 18.261 0.066
3538.59711 18.233 0.050
3538.75285 18.240 0.035
3538.86915 18.090 0.037
3539.55571 18.021 0.045
3539.74246 18.252 0.033
3540.52377 18.455 0.081
3540.65000 18.176 0.038
3540.69161 18.042 0.031
3541.62437 18.136 0.043
3541.78322 19.479 0.123
3542.56226 18.092 0.072
3542.83049 18.305 0.074
3544.60930 18.439 0.061
3544.80767 18.173 0.054
3546.72349 18.151 0.051
3547.74612 18.233 0.048
3549.80163 18.317 0.053
3550.63483 18.286 0.040
3551.63477 18.193 0.031
3552.67011 18.784 0.059
3553.72018 18.237 0.058
3554.65872 18.212 0.055
3555.66762 18.168 0.038
3556.67536 18.171 0.036
3558.53014 18.166 0.039
3558.82889 18.304 0.048
3559.69885 18.145 0.039
3560.60019 18.132 0.037
3561.54791 18.276 0.041
3562.58860 18.186 0.040
3563.63933 19.051 0.064
3564.57710 18.062 0.048
3569.56243 18.152 0.041
3572.81792 17.945 0.070
3573.64887 18.184 0.053
3574.68880 18.179 0.040
3575.53628 18.181 0.033
3575.77288 18.120 0.043
3576.69016 17.936 0.043
3577.59028 18.065 0.036
3578.67488 18.513 0.050
3579.62032 18.093 0.032
3580.65357 18.226 0.034
3581.67344 18.159 0.031
3582.64530 18.351 0.044
3583.63572 18.112 0.033
3583.75564 17.878 0.042
3584.64440 18.140 0.031
3584.75899 18.300 0.052
3585.63473 18.160 0.033
3586.71980 18.258 0.032
3589.67337 18.192 0.031
3590.65731 18.146 0.031
3591.68087 18.101 0.030
3593.74779 18.204 0.051
3594.71002 18.160 0.040
3601.65856 18.086 0.036
3602.61914 18.202 0.041
3603.63921 18.056 0.039
3607.63755 18.050 0.035
3608.65292 18.765 0.069
3615.58068 18.108 0.039
3618.58229 18.065 0.040
3620.54549 18.053 0.029
3622.52335 18.225 0.047
3628.59953 18.034 0.049
3630.53885 18.139 0.062
3632.58901 18.257 0.060
3634.48962 18.610 0.083
3639.54848 18.061 0.031
3641.54692 18.151 0.050
3641.58705 18.122 0.049
3644.50726 18.092 0.042
3648.53906 18.149 0.051
3650.58466 18.003 0.039
3654.54309 18.073 0.057
3656.52434 18.094 0.041
3658.55616 18.071 0.063
3660.52877 18.233 0.057
3664.50560 18.646 0.069
3669.53117 18.070 0.053
3675.51087 18.256 0.065
3776.86944 18.123 0.045
3782.85414 18.106 0.057
3784.87943 18.082 0.033
3786.89903 18.118 0.053
3788.84959 18.152 0.049
3790.89202 18.083 0.037
3793.85932 18.085 0.031
3795.84674 18.232 0.052
3798.80994 18.241 0.043
3799.83411 18.091 0.042
3800.82904 18.290 0.049
3801.88851 18.050 0.038
3802.85410 18.175 0.040
3803.88937 18.162 0.035
3805.80584 18.180 0.045
3806.77211 18.123 0.047
3807.79120 18.622 0.075
3808.79888 18.182 0.047
3809.88399 18.095 0.040
3810.85060 18.136 0.034
3811.84223 18.906 0.080
3812.83832 18.097 0.044
3813.83115 18.298 0.040
3814.83011 18.170 0.036
3817.86165 18.052 0.039
3818.89073 18.084 0.033
3819.80845 18.147 0.029
3820.77509 18.104 0.033
3821.77824 18.037 0.032
3822.81764 18.380 0.044
3823.77785 18.128 0.049
3824.74404 18.338 0.061
3825.80887 18.054 0.040
3826.73741 18.376 0.045
3827.80521 18.084 0.031
3828.77984 18.168 0.050
3829.76202 18.092 0.042
3830.73833 18.124 0.036
3831.90748 18.035 0.032
3832.71646 18.072 0.036
3833.76212 18.125 0.035
3834.74756 18.152 0.040
3834.91875 18.254 0.049
3835.73693 18.218 0.048
3836.76797 18.173 0.058
3837.73533 19.155 0.125
3837.90709 18.162 0.033
3838.74712 18.155 0.055
3838.91442 18.195 0.046
3839.74289 18.297 0.057
3840.70888 18.059 0.047
3840.91383 18.137 0.038
3841.74740 18.368 0.050
3841.89797 18.358 0.047
3842.85039 18.108 0.034
3845.72293 18.213 0.077
3845.91313 19.235 0.115
3846.73358 18.088 0.031
3846.92554 18.028 0.037
3847.79972 18.199 0.052
3848.75468 18.225 0.043
3849.75379 18.103 0.033
3850.69785 18.277 0.041
3850.86957 18.112 0.038
3851.71300 18.110 0.041
3851.87786 18.165 0.042
3851.92400 18.088 0.043
3852.70156 18.694 0.073
3852.87280 18.149 0.040
3853.68999 18.148 0.034
3853.85829 18.097 0.033
3853.92906 18.152 0.033
3856.68002 18.064 0.034
3856.84678 19.195 0.081
3857.91768 18.170 0.039
3858.76642 18.103 0.030
3859.80460 18.192 0.033
3860.67413 18.211 0.047
3860.91296 19.170 0.107
3861.67120 18.132 0.040
3861.77578 18.072 0.032
3862.70488 18.113 0.033
3862.86788 18.125 0.036
3863.63932 19.101 0.104
3863.85701 18.127 0.031
3863.93625 18.117 0.043
3864.67984 18.162 0.044
3864.86991 18.165 0.032
3865.69067 18.258 0.045
3865.82738 18.077 0.031
3865.90416 18.093 0.032
3866.68911 18.061 0.032
3866.82859 18.111 0.031
3866.90748 18.144 0.031
3867.63197 18.103 0.044
3867.81763 18.283 0.047
3867.89070 18.077 0.033
3868.71508 18.125 0.046
3868.86676 18.131 0.049
3869.69490 18.119 0.038
3869.87586 18.082 0.043
3872.89224 18.099 0.045
3873.64779 18.164 0.041
3873.78988 18.106 0.035
3873.86260 18.159 0.039
3873.93224 18.149 0.042
3874.74686 18.183 0.044
3875.66057 18.179 0.031
3875.80804 18.147 0.032
3875.90697 19.048 0.076
3876.63779 18.256 0.035
3877.63592 18.136 0.035
3877.78724 18.091 0.030
3877.86113 18.113 0.033
3879.66736 18.126 0.029
3880.83679 18.141 0.040
3880.91557 18.105 0.036
3881.66593 18.159 0.034
3881.87747 18.100 0.031
3881.92421 18.086 0.032
3882.75427 19.292 0.104
3882.82850 18.196 0.041
3882.89735 18.136 0.035
3883.64367 18.147 0.049
3883.84130 18.153 0.031
3886.60576 18.132 0.040
3886.79852 18.738 0.056
3886.87035 18.792 0.072
3887.57908 18.151 0.046
3887.78162 18.051 0.030
3887.88129 18.065 0.035
3889.66155 18.118 0.033
3889.93975 18.139 0.047
3890.64080 18.133 0.034
3891.67117 18.171 0.045
3891.79941 18.128 0.038
3891.88140 18.104 0.039
3892.57275 18.192 0.061
3893.62215 18.818 0.079
3893.86681 18.099 0.048
3894.67539 18.073 0.045
3896.61301 18.101 0.060
3900.53430 18.345 0.072
3900.71998 18.077 0.055
3900.79931 18.066 0.037
3900.86798 18.138 0.041
3901.54443 18.120 0.041
3901.72575 18.223 0.051
3901.80303 18.686 0.069
3901.87198 18.825 0.079
3902.56710 18.204 0.042
3902.74663 18.035 0.032
3902.86560 18.141 0.046
3903.65479 18.136 0.038
3903.90421 18.284 0.059
3904.55538 19.334 0.097
3904.71847 18.053 0.031
3904.78751 18.094 0.035
3904.88966 18.045 0.039
3905.55219 18.097 0.034
3905.72883 18.119 0.030
3905.79888 18.160 0.030
3905.86745 18.612 0.059
3906.56670 18.206 0.042
3906.70652 18.167 0.037
3906.77964 18.058 0.036
3906.85890 18.008 0.035
3907.59747 18.086 0.036
3907.63765 18.085 0.044
3907.77970 18.105 0.055
3907.83260 18.091 0.051
3907.86425 17.991 0.054
3908.53358 18.107 0.040
3908.71921 18.391 0.048
3908.73706 18.242 0.041
3908.76450 18.168 0.035
3908.79931 18.103 0.035
3908.87888 18.114 0.040
3909.53537 18.207 0.046
3909.71816 18.089 0.029
3909.80863 18.136 0.031
3909.88489 18.073 0.041
3910.56482 18.128 0.041
3912.53459 18.172 0.029
3912.72192 18.952 0.054
3912.81580 18.412 0.039
3913.52606 18.153 0.032
3913.73150 18.118 0.039
3913.82042 18.091 0.031
3914.54986 18.076 0.042
3915.52758 18.650 0.066
3915.72958 18.101 0.040
3915.82778 18.124 0.034
3916.56628 18.111 0.047
3916.81019 18.896 0.083
3917.61498 18.100 0.048
3917.82070 18.143 0.046
3918.60829 18.172 0.044
3918.81847 18.159 0.051
3919.54523 19.441 0.187
3919.75524 18.086 0.031
3920.51294 18.172 0.041
3920.70904 18.140 0.043
3920.79438 18.164 0.036
3921.50911 18.092 0.037
3921.70835 18.172 0.059
3921.72284 18.105 0.057
3922.71277 18.120 0.051
3930.54603 18.347 0.047
3930.78784 18.383 0.072
3931.50165 18.122 0.045
3932.52926 18.309 0.046
3932.80100 18.109 0.042
3933.51569 18.077 0.033
3933.70012 18.059 0.031
3933.77213 18.180 0.036
3934.48958 18.319 0.043
3934.65962 18.146 0.031
3934.72945 18.097 0.032
3935.53946 18.086 0.036
3935.71079 18.041 0.042
3935.80835 18.085 0.047
3936.49286 18.087 0.045
3936.65834 18.243 0.040
3936.73474 18.076 0.041
3937.55713 18.063 0.053
3938.50065 18.276 0.055
3938.69566 18.664 0.054
3938.80080 18.193 0.052
3940.58529 18.076 0.033
3941.70190 17.999 0.044
3944.55321 18.040 0.036
3944.75357 18.270 0.044
3945.78145 18.166 0.045
3946.51231 18.113 0.047
3946.70451 18.194 0.048
3950.52113 18.117 0.037
3950.73618 18.173 0.047
3951.51387 18.120 0.042
3951.74514 18.227 0.055
3956.60687 18.098 0.049
3957.50549 17.998 0.046
3958.57628 18.164 0.041
3959.50904 18.149 0.043
3959.68349 18.131 0.041
3960.49830 19.065 0.079
3960.67738 18.154 0.031
3961.56962 18.033 0.042
3963.53092 18.061 0.034
3963.70831 18.095 0.043
3964.52601 18.627 0.055
3964.73474 18.187 0.046
3965.51047 18.055 0.031
3965.70175 18.115 0.032
3966.48564 18.151 0.042
3966.68738 18.139 0.041
3967.52002 18.197 0.051
3967.71281 18.056 0.037
3968.49814 18.177 0.047
3968.66806 18.827 0.073
3969.47977 18.080 0.039
3969.68043 17.991 0.039
3970.50887 17.982 0.041
3970.68747 18.195 0.037
3971.55274 18.098 0.047
3973.57893 18.094 0.038
3974.50822 18.134 0.042
3974.69477 18.081 0.051
3975.51113 18.920 0.072
3975.68297 18.167 0.049
3976.50568 18.131 0.034
3976.68168 18.227 0.054
3979.50792 18.317 0.080
3982.56856 18.132 0.042
3982.58587 18.162 0.041
3983.52619 18.231 0.072
3986.58300 18.210 0.050
3987.50536 18.077 0.043
3988.51485 18.137 0.034
3989.52886 18.117 0.038
3990.54570 18.343 0.056
3991.50143 18.069 0.051
3993.55318 18.114 0.047
3994.56382 18.999 0.096
3995.57142 18.149 0.033
3999.58668 18.029 0.038
4002.49491 18.053 0.039
4003.49239 18.249 0.042
4004.52649 18.086 0.033
4006.51944 18.087 0.037
4012.49937 18.123 0.057
4016.51497 18.174 0.054
4018.55207 17.898 0.040
4020.53801 18.745 0.087
4023.53833 17.991 0.044
4025.55772 18.073 0.044
4028.49714 18.043 0.054
4031.49721 18.257 0.059
4038.50256 18.035 0.057
4040.51694 17.982 0.054
4041.49912 17.944 0.061
4043.50934 18.254 0.069
4141.87697 19.128 0.109
4150.89212 18.070 0.049
4153.88004 18.098 0.045
4156.85844 19.322 0.151
4158.87801 18.298 0.055
4161.84598 18.103 0.054
4163.82886 18.170 0.046
4165.81026 18.137 0.066
4168.80744 18.090 0.046
4170.79941 18.128 0.075
4175.79002 18.297 0.059
4176.90138 18.152 0.040
4178.80512 18.154 0.045
4179.84946 18.042 0.035
4181.78584 18.197 0.053
4182.83082 18.494 0.049
4183.86695 18.102 0.043
4184.90756 18.125 0.032
4189.84278 18.138 0.048
4191.80787 18.129 0.057
4193.74224 18.532 0.104
4194.78775 18.138 0.047
4196.77787 18.104 0.050
4202.75939 18.115 0.039
4203.74739 18.120 0.031
4204.73969 18.164 0.048
4204.92198 18.059 0.038
4205.73622 18.140 0.042
4207.72568 18.100 0.044
4208.74776 18.481 0.057
4211.79194 18.110 0.047
4212.86910 18.196 0.061
4212.89050 18.102 0.055
4212.91084 18.060 0.053
4213.71231 18.059 0.047
4213.77199 18.153 0.039
4213.91586 18.108 0.035
4215.74501 18.143 0.051
4216.70279 18.222 0.048
4216.92718 18.484 0.070
4217.71024 18.104 0.038
4217.91388 18.107 0.032
4218.75985 18.079 0.052
4219.75803 18.110 0.043
4219.80957 18.180 0.042
4220.65774 18.241 0.075
4220.70277 18.123 0.052
4220.92493 18.710 0.108
4220.93101 18.639 0.129
4221.65638 18.274 0.074
4222.67149 18.079 0.058
4222.91622 18.147 0.042
4224.78495 18.091 0.045
4227.88062 18.183 0.054
4228.64118 18.141 0.057
4228.68037 18.104 0.043
4228.91396 18.173 0.058
4229.67404 18.124 0.051
4229.87101 18.121 0.040
4229.93821 18.092 0.049
4230.68377 18.157 0.040
4230.87180 18.041 0.043
4230.93669 17.986 0.063
4231.62610 18.139 0.050
4231.77031 18.181 0.040
4231.89450 18.986 0.109
4231.93761 18.479 0.094
4232.62919 18.239 0.063
4232.67816 18.214 0.065
4232.83918 18.099 0.062
4233.80996 18.058 0.052
4234.71162 18.078 0.045
4235.63965 18.148 0.045
4235.80087 18.120 0.035
4235.89331 18.365 0.050
4238.62554 18.545 0.085
4238.87799 18.111 0.047
4239.62644 18.157 0.061
4240.67966 18.202 0.050
4240.81692 18.089 0.041
4243.64549 18.108 0.052
4243.73820 18.120 0.044
4243.83196 18.118 0.050
4244.61786 18.081 0.054
4244.71408 18.122 0.043
4244.80690 18.260 0.048
4245.61093 18.269 0.049
4245.70484 18.155 0.041
4245.80068 18.126 0.036
4246.66926 18.130 0.042
4246.76211 18.205 0.047
4246.85543 19.076 0.113
4247.68446 18.110 0.043
4247.82805 18.090 0.043
4250.73262 18.129 0.043
4251.80421 18.134 0.069
4256.62034 18.170 0.064
4256.76634 18.162 0.061
4257.65198 18.146 0.053
4258.63554 18.146 0.056
4258.75800 18.166 0.047
4258.85213 18.121 0.050
4267.59612 18.189 0.059
4268.55933 18.184 0.050
4268.84219 18.129 0.040
4269.57854 18.062 0.040
4269.69908 18.115 0.040
4269.78832 18.153 0.039
4270.57209 18.226 0.052
4272.60044 18.101 0.040
4272.74959 18.837 0.068
4272.80883 18.662 0.070
4272.88037 18.188 0.061
4273.61756 18.105 0.057
4273.79821 18.124 0.051
4273.85935 18.003 0.062
4274.55020 18.146 0.055
4274.70397 18.112 0.052
4274.76509 18.143 0.049
4274.82349 18.078 0.044
4275.60265 18.248 0.047
4275.77799 18.141 0.048
4275.83648 18.054 0.053
4276.58742 18.110 0.054
4277.53122 18.253 0.073
4277.70813 18.065 0.039
4277.76682 18.061 0.049
4277.82546 17.976 0.060
4278.57551 18.127 0.060
4278.75228 18.149 0.060
4283.51065 18.222 0.056
4283.73096 18.780 0.107
4284.50559 18.194 0.056
4284.69575 18.113 0.044
4284.75852 18.157 0.043
4284.82335 17.980 0.050
4285.50869 18.130 0.059
4285.69681 18.210 0.051
4285.76327 18.180 0.047
4285.82856 18.177 0.051
4286.50838 18.210 0.056
4286.80556 18.175 0.056
4289.51621 18.197 0.058
4289.73474 18.131 0.046
4289.79987 18.186 0.052
4290.56252 18.725 0.100
4291.62513 18.156 0.042
4291.78783 18.144 0.065
4292.49078 18.116 0.038
4292.66997 18.087 0.036
4292.72854 18.113 0.036
4292.78709 18.154 0.037
4293.49112 18.173 0.047
4293.71571 18.118 0.037
4293.77451 18.093 0.041
4294.49029 18.230 0.051
4295.49742 18.108 0.047
4295.69543 18.050 0.032
4295.75400 18.127 0.034
4296.49438 18.137 0.051
4296.69097 18.211 0.043
4296.82385 18.012 0.052
4297.51399 18.208 0.053
4297.71559 18.182 0.037
4298.54886 18.189 0.055
4298.65458 18.708 0.073
4298.75420 18.509 0.071
4299.53187 18.132 0.034
4299.62489 18.142 0.034
4299.71707 18.069 0.031
4299.81164 18.111 0.050
4300.52756 18.162 0.048
4300.64762 18.108 0.040
4300.74316 18.146 0.042
4301.51844 18.234 0.042
4301.61421 18.103 0.035
4301.71484 18.060 0.036
4301.80516 18.083 0.039
4302.59141 18.096 0.047
4302.69159 18.178 0.048
4303.67746 18.126 0.057
4304.55156 18.124 0.054
4304.66967 18.066 0.058
4306.63551 18.163 0.048
4306.68915 18.159 0.053
4310.61471 18.147 0.060
4311.76339 18.118 0.075
4312.54700 18.143 0.058
4312.74544 18.135 0.044
4316.71118 18.123 0.051
4317.55926 18.080 0.036
4319.77136 18.127 0.051
4320.54332 18.856 0.076
4326.51058 18.136 0.044
4326.70776 18.120 0.049
4327.58909 18.188 0.062
4327.73037 18.059 0.056
4328.51589 18.186 0.053
4328.69392 19.156 0.114
4329.52576 18.042 0.042
4329.67363 18.082 0.047
4330.49678 18.127 0.045
4330.69004 18.152 0.043
4331.47689 18.579 0.087
4331.68575 18.020 0.049
4332.50667 18.120 0.036
4333.52775 18.150 0.049
4333.68888 18.095 0.050
4334.50112 18.050 0.070
4334.62934 18.151 0.088
4338.50097 18.144 0.049
4339.47835 18.153 0.055
4339.69478 18.197 0.075
4340.59863 18.062 0.045
4341.50166 18.159 0.063
4342.53086 18.188 0.050
4343.50967 18.145 0.034
4344.53790 18.060 0.055
4345.50311 18.153 0.037
4346.51578 18.296 0.061
4347.53048 18.110 0.047
4349.49170 18.195 0.053
4350.53879 19.071 0.090
4351.50468 18.082 0.041
4352.55522 18.179 0.065
4353.50858 18.126 0.040
4354.53729 18.381 0.049
4355.53892 18.113 0.047
4356.50530 18.115 0.043
4357.53437 18.133 0.055
4358.49741 18.146 0.055
4359.53497 18.135 0.046
4360.55947 18.046 0.050
4361.56772 18.134 0.062
4362.50947 18.082 0.052
4365.56028 18.575 0.094
4367.48637 18.107 0.043
4368.53000 18.115 0.060
4370.48728 18.063 0.052
4371.53245 18.116 0.041
4372.51821 18.139 0.035
4373.50438 17.984 0.049
4376.56910 18.028 0.062
4377.60635 18.085 0.054
4378.51689 18.154 0.048
4379.53194 18.074 0.060
4380.54343 18.807 0.081
4381.52211 18.085 0.064
4382.56466 18.156 0.060
4383.55519 18.041 0.050
4384.52937 18.203 0.060
4387.58608 18.067 0.047
4393.52922 18.184 0.048
4394.54456 18.044 0.049
4395.51598 19.069 0.121
4396.50797 18.063 0.063
4397.53227 18.161 0.058
4398.53721 18.071 0.051
4399.52987 18.098 0.058
4400.53194 18.128 0.067
4402.54837 18.123 0.068
4403.54741 18.102 0.063
4408.53819 18.097 0.062
4507.85354 18.221 0.066
4510.85891 18.129 0.050
4513.86004 18.228 0.045
4517.85915 18.132 0.069
4519.88012 18.088 0.038
4522.87402 18.108 0.062
4524.80991 18.129 0.049
4530.81751 18.079 0.034
4533.85111 18.048 0.042
4535.83536 18.128 0.056
4536.89378 18.115 0.041
4537.87943 18.147 0.035
4538.81454 18.194 0.048
4539.85261 18.139 0.044
4540.79876 18.221 0.037
4541.79148 18.158 0.037
4542.78618 19.199 0.132
4543.78170 18.147 0.043
4544.77861 18.159 0.048
4545.78492 18.171 0.045
4546.79206 18.152 0.044
4547.78601 18.133 0.041
4548.79700 18.103 0.054
4550.74003 18.208 0.061
4551.76322 18.095 0.040
4552.75915 18.115 0.074
4556.75525 18.160 0.036
4557.77249 18.616 0.061
4558.74944 18.114 0.036
4558.91923 18.178 0.042
4559.74734 18.151 0.038
4560.74745 18.094 0.036
4561.73752 18.179 0.043
4561.92370 19.025 0.099
4564.72770 18.279 0.046
4564.92819 18.104 0.051
4565.72580 18.138 0.031
4565.91663 18.290 0.034
4566.72526 18.171 0.038
4566.92246 18.156 0.036
4567.71824 18.146 0.042
4567.92413 18.084 0.040
4568.72687 19.333 0.129
4569.73595 18.111 0.046
4570.72660 18.207 0.052
4571.72121 18.166 0.056
4571.90979 18.161 0.037
4572.74871 18.452 0.049
4573.73712 18.100 0.042
4573.90347 18.120 0.032
4574.73949 18.168 0.048
4575.74856 18.151 0.042
4576.75508 18.190 0.040
4577.83677 18.132 0.044
4578.80499 18.109 0.048
4579.86474 18.109 0.058
4583.73154 19.445 0.162
4583.91768 18.090 0.039
4585.75524 18.328 0.056
4586.78046 18.099 0.052
4587.76816 18.648 0.077
4587.92672 18.142 0.059
4588.69068 18.185 0.051
4588.92153 18.119 0.037
4589.67358 18.120 0.044
4589.82898 18.198 0.046
4589.89100 18.291 0.052
4590.69638 18.161 0.047
4590.89885 18.159 0.038
4591.70485 18.137 0.042
4591.82976 18.288 0.044
4591.89686 19.054 0.088
4592.66348 18.085 0.045
4592.85275 18.099 0.051
4592.93109 18.078 0.042
4593.65262 18.117 0.045
4593.86231 18.135 0.037
4594.67368 18.732 0.072
4594.86868 18.161 0.044
4594.93417 18.143 0.049
4595.66316 18.111 0.042
4595.85756 18.121 0.040
4595.91944 18.285 0.056
4596.65836 18.225 0.050
4597.68282 18.198 0.044
4597.87433 18.076 0.040
4598.65913 18.453 0.041
4598.92778 18.166 0.046
4599.63157 18.148 0.053
4599.92213 18.201 0.051
4600.64085 18.151 0.037
4600.84954 18.122 0.035
4601.64640 18.180 0.039
4601.86265 18.163 0.037
4601.92452 18.012 0.039
4602.63905 18.147 0.037
4602.84847 18.896 0.068
4603.76650 18.106 0.044
4606.64031 18.022 0.042
4606.89541 19.337 0.122
4610.73649 18.093 0.034
4610.94368 18.511 0.079
4611.62583 18.254 0.056
4611.81668 18.110 0.036
4612.64720 18.114 0.048
4615.78893 18.330 0.054
4616.59794 18.159 0.059
4616.81445 18.123 0.047
4616.88445 18.135 0.046
4617.66694 18.117 0.040
4618.60970 18.122 0.046
4620.63471 18.319 0.072
4621.90921 19.173 0.089
4621.93037 18.906 0.078
4622.56953 18.418 0.079
4622.80814 18.110 0.043
4622.91879 18.048 0.062
4623.63246 18.176 0.063
4623.86725 18.095 0.051
4624.58721 18.469 0.068
4624.81137 18.157 0.048
4624.87773 18.201 0.046
4625.60130 18.223 0.060
4625.79168 18.320 0.060
4625.90763 18.136 0.063
4626.59981 18.181 0.052
4626.85511 18.065 0.050
4627.56027 18.173 0.050
4627.83363 18.154 0.033
4627.91682 18.120 0.038
4628.54681 18.174 0.048
4628.75383 19.011 0.094
4628.81928 18.246 0.055
4628.88916 18.045 0.042
4629.62497 18.136 0.037
4629.82761 18.110 0.044
4629.90561 18.083 0.042
4630.56090 18.176 0.054
4630.76674 18.320 0.045
4630.85011 18.177 0.040
4630.91288 18.085 0.049
4631.56231 18.218 0.037
4631.77805 18.088 0.033
4631.86472 18.205 0.046
4632.56608 18.121 0.038
4632.85283 18.696 0.073
4633.56608 18.158 0.039
4633.67758 18.123 0.036
4633.79335 18.057 0.038
4638.75111 18.115 0.046
4638.86133 18.102 0.055
4639.57367 18.308 0.056
4639.67146 18.947 0.083
4640.59319 18.108 0.039
4640.72536 18.160 0.043
4640.83037 18.147 0.049
4641.66718 18.269 0.046
4641.77714 18.130 0.045
4642.59107 18.116 0.038
4642.75361 18.207 0.048
4642.82866 18.047 0.043
4643.54888 18.210 0.055
4644.59625 18.139 0.058
4644.85522 18.108 0.042
4645.51932 18.174 0.055
4645.76778 18.223 0.048
4645.84250 18.256 0.057
4646.51734 18.411 0.052
4646.84974 18.081 0.045
4647.51371 18.175 0.053
4647.73676 18.212 0.052
4647.84780 18.841 0.102
4648.49689 18.379 0.062
4648.71052 18.151 0.046
4648.81438 18.090 0.048
4649.52297 18.150 0.059
4649.73167 18.188 0.036
4649.85806 18.384 0.063
4650.50894 18.770 0.091
4650.77288 18.200 0.043
4650.86657 18.139 0.051
4651.51229 18.184 0.068
4651.80745 18.010 0.048
4652.50335 18.143 0.050
4652.71647 18.168 0.040
4652.79138 18.104 0.043
4652.84111 18.112 0.052
4653.49969 18.175 0.065
4653.71888 18.193 0.045
4653.78407 18.115 0.051
4654.53850 18.231 0.054
4654.74997 18.173 0.046
4654.81506 18.100 0.067
4655.49954 18.183 0.062
4655.72405 18.172 0.036
4655.78584 18.076 0.041
4656.50153 18.069 0.033
4656.69127 18.241 0.048
4656.81051 18.233 0.058
4657.72648 18.089 0.052
4658.65986 18.295 0.053
4659.59398 18.208 0.065
4660.61229 18.105 0.047
4661.48957 18.789 0.086
4661.69025 18.122 0.046
4661.75174 18.147 0.046
4661.81894 18.136 0.052
4665.65702 18.124 0.055
4666.56248 18.126 0.044
4666.70555 18.171 0.047
4666.74769 18.133 0.048
4670.64716 18.101 0.048
4671.58268 18.210 0.040
4672.50818 18.176 0.036
4672.70066 18.076 0.038
4672.72293 18.089 0.045
4674.51128 18.278 0.060
4674.70441 18.089 0.041
4675.67876 18.094 0.038
4677.48789 18.080 0.040
4677.63431 18.172 0.046
4677.77679 18.496 0.066
4678.69129 18.129 0.040
4679.49351 18.100 0.058
4681.52929 18.140 0.046
4681.62931 18.146 0.045
4681.76152 18.131 0.045
4682.50029 18.165 0.041
4682.65762 18.133 0.040
4682.75285 18.129 0.042
4683.51883 18.159 0.056
4683.70573 18.124 0.055
4684.51138 18.235 0.049
4684.72506 18.219 0.041
4685.49630 18.085 0.054
4685.73128 18.074 0.043
4686.50006 18.118 0.044
4687.48384 18.168 0.046
4687.73934 18.151 0.047
4688.49677 18.152 0.051
4688.68660 18.554 0.062
4688.74841 18.933 0.105
4693.54434 18.224 0.042
4694.53961 18.182 0.066
4697.50023 18.107 0.040
4698.50576 18.191 0.038
4699.50193 18.192 0.048
4700.50819 18.105 0.041
4701.50347 18.152 0.044
4702.50197 18.168 0.039
4703.57249 18.137 0.044
4704.64223 18.082 0.037
4705.50567 18.166 0.042
4707.63600 18.117 0.036
4708.53888 18.330 0.066
4709.51499 18.123 0.055
4710.54461 19.367 0.129
4715.58394 18.231 0.063
4715.60096 18.173 0.056
4716.48542 18.101 0.038
4716.58634 18.112 0.050
4720.55350 18.091 0.047
4721.48504 19.002 0.152
4722.51759 18.105 0.043
4724.50739 18.059 0.051
4724.54495 18.072 0.046
4724.58350 18.039 0.053
4724.61978 18.043 0.056
4724.65368 17.997 0.057
4725.48621 18.441 0.083
4726.54711 18.006 0.056
4728.59223 17.959 0.052
4729.54772 18.159 0.063
4730.56408 18.077 0.041
4731.57097 18.086 0.047
4733.52266 18.160 0.046
4734.55204 18.044 0.047
4737.54294 18.159 0.052
4740.55345 19.114 0.129
4741.56114 18.067 0.041
4743.53609 18.175 0.050
4753.54700 18.183 0.058
4756.52584 18.067 0.053
4758.50867 18.068 0.052
4868.87897 18.193 0.044
4869.86286 18.110 0.043
4873.85169 18.002 0.044
4874.84617 18.251 0.066
4877.84599 18.085 0.039
4884.85353 18.098 0.039
4886.90008 18.185 0.083
4890.88158 18.161 0.041
4896.86981 18.183 0.042
4899.84073 18.114 0.041
4900.88216 18.125 0.039
4901.88058 18.116 0.035
4902.87927 18.912 0.069
4904.80337 18.086 0.038
4905.90735 18.127 0.044
4910.80926 18.145 0.045
4911.77987 18.161 0.033
4912.77680 18.131 0.030
4914.79386 18.136 0.040
4917.75492 18.277 0.038
4920.73509 18.179 0.037
4924.77614 18.218 0.038
4925.81607 18.107 0.033
4925.90313 18.142 0.031
4927.71579 18.104 0.054
4927.87026 18.264 0.051
4928.73225 18.824 0.084
4929.78851 18.142 0.040
4930.70301 18.173 0.052
4930.82195 18.174 0.048
4931.71785 18.235 0.055
4931.86352 18.123 0.042
4932.72090 18.255 0.046
4932.82156 18.959 0.070
4933.76923 18.139 0.049
4934.76763 18.169 0.068
4934.87248 18.096 0.063
4938.67822 18.035 0.043
4938.88288 18.126 0.043
4939.69714 18.974 0.090
4940.69714 18.102 0.041
4941.67590 18.134 0.049
4941.77390 18.244 0.046
4942.71367 18.151 0.036
4943.66772 18.180 0.038
4943.80722 18.827 0.069
4944.66453 18.170 0.043
4944.81997 18.124 0.034
4945.71300 18.140 0.036
4945.76944 18.261 0.038
4946.66265 18.199 0.046
4947.65632 18.162 0.040
4947.85427 19.406 0.095
4948.83688 18.110 0.031
4951.64502 18.103 0.045
4952.64326 18.357 0.060
4953.63690 18.100 0.046
4953.81147 18.124 0.039
4954.63843 18.801 0.087
4954.83130 18.090 0.037
4955.63914 18.060 0.051
4955.77250 18.160 0.051
