2115.77507 14.497 0.004
2131.69745 14.418 0.004
2134.72989 14.432 0.004
2138.61353 14.418 0.004
2162.57561 14.412 0.004
2168.59359 14.422 0.004
2173.55161 14.533 0.004
2180.55027 14.473 0.004
2184.55497 14.427 0.004
2195.53871 14.421 0.004
2324.88200 14.418 0.004
2326.86190 14.581 0.004
2341.87338 14.417 0.004
2350.89124 14.412 0.004
2359.85106 14.559 0.004
2370.89217 14.422 0.004
2384.73000 14.420 0.004
2388.73144 14.416 0.004
2390.70219 14.424 0.004
2400.73053 14.423 0.004
2402.84783 14.424 0.004
2404.89468 14.425 0.004
2410.74028 14.404 0.004
2415.65742 14.408 0.004
2417.69273 14.584 0.004
2425.62230 14.418 0.004
2431.67206 14.413 0.004
2433.64860 14.419 0.004
2435.76716 14.423 0.004
2437.65346 14.434 0.004
2439.59087 14.419 0.004
2441.59961 14.415 0.004
2444.58540 14.428 0.004
2446.59816 14.423 0.004
2452.58042 14.411 0.004
2458.54864 14.434 0.004
2462.85933 14.418 0.004
2464.50164 14.413 0.004
2466.81553 14.414 0.004
2468.52909 14.434 0.004
2474.68090 14.418 0.004
2485.67581 14.422 0.004
2489.74565 14.422 0.004
2495.48644 14.604 0.004
2497.54717 14.420 0.004
2499.58460 14.423 0.004
2501.61078 14.419 0.004
2503.55878 14.424 0.004
2518.53964 14.430 0.004
2521.53192 14.437 0.004
2526.55940 14.429 0.004
2529.65787 14.447 0.004
2540.54074 14.421 0.004
2545.58057 14.423 0.004
2550.52984 14.414 0.004
2555.49067 14.423 0.004
2561.50316 14.464 0.004
2699.90096 14.429 0.004
2712.84331 14.416 0.004
2732.82595 14.434 0.004
2743.81750 14.411 0.004
2748.83718 14.426 0.004
2755.82539 14.417 0.004
2756.89742 14.412 0.004
2759.82504 14.426 0.004
2765.84664 14.421 0.004
2769.89247 14.425 0.004
2782.76778 14.409 0.004
2784.76185 14.421 0.004
2786.65230 14.423 0.004
2788.75400 14.428 0.004
2790.83748 14.432 0.004
2792.64896 14.419 0.004
2792.66386 14.423 0.004
2794.66920 14.407 0.004
2796.60685 14.414 0.004
2802.63408 14.427 0.004
2808.67336 14.416 0.004
2810.60513 14.419 0.004
2812.56174 14.413 0.004
2814.57941 14.404 0.004
2814.78177 14.419 0.004
2814.80876 14.422 0.004
2815.61410 14.424 0.004
2817.64477 14.410 0.004
2821.54568 14.412 0.004
2829.80501 14.412 0.004
2834.66170 14.391 0.005
2836.54680 14.412 0.004
2838.57399 14.412 0.004
2839.81494 14.433 0.004
2841.75508 14.420 0.004
2844.48174 14.431 0.004
2848.73332 14.421 0.004
2851.57909 14.419 0.004
2853.59006 14.419 0.004
2855.64015 14.428 0.004
2857.76534 14.422 0.004
2860.64823 14.424 0.004
2863.73096 14.409 0.004
2866.74411 14.422 0.004
2869.60073 14.424 0.004
2871.54058 14.412 0.004
2875.67984 14.406 0.004
2878.64462 14.411 0.004
2884.52706 14.424 0.004
2886.56404 14.419 0.005
2894.57552 14.422 0.004
2897.65182 14.462 0.004
2906.61249 14.420 0.004
2910.59614 14.426 0.004
2912.59160 14.418 0.004
2922.59014 14.428 0.004
2932.58075 14.425 0.004
3045.88296 14.419 0.004
3046.88316 14.406 0.004
3056.86303 14.428 0.004
3060.82736 14.410 0.004
3066.82494 14.417 0.004
3068.88246 14.423 0.004
3072.80158 14.421 0.004
3076.78416 14.424 0.004
3077.89097 14.423 0.004
3081.84762 14.409 0.004
3084.81400 14.417 0.004
3086.87738 14.424 0.004
3088.86490 14.412 0.004
3090.77822 14.422 0.004
3097.88999 14.410 0.004
3099.80548 14.416 0.004
3101.88272 14.432 0.004
3103.84074 14.429 0.004
3104.82685 14.409 0.004
3107.83026 14.413 0.004
3108.91573 14.435 0.004
3114.87495 14.422 0.004
3116.78094 14.410 0.004
3124.85855 14.448 0.004
3126.73948 14.423 0.004
3128.61833 14.407 0.004
3130.80800 14.419 0.004
3131.75477 14.438 0.004
3135.76397 14.408 0.004
3138.77241 14.438 0.004
3140.74087 14.431 0.004
3141.80371 14.500 0.004
3142.87682 14.415 0.004
3144.89863 14.422 0.004
3147.73158 14.561 0.004
3151.87077 14.425 0.004
3152.86802 14.442 0.004
3153.87537 14.425 0.004
3154.94394 14.438 0.004
3156.94831 14.427 0.004
3158.92807 14.417 0.004
3162.88463 14.420 0.004
3163.88181 14.423 0.004
3164.85927 14.433 0.004
3165.64133 14.415 0.004
3167.72371 14.421 0.004
3168.79749 14.427 0.004
3169.76949 14.421 0.004
3170.92708 14.412 0.004
3171.58520 14.431 0.004
3173.76575 14.445 0.004
3174.82158 14.454 0.004
3175.88483 14.433 0.004
3178.53101 14.436 0.004
3179.83306 14.423 0.004
3180.84032 14.439 0.004
3182.89763 14.441 0.004
3183.86830 14.436 0.004
3184.47688 14.427 0.004
3185.53960 14.485 0.004
3193.66581 14.437 0.004
3194.47123 14.431 0.004
3195.72076 14.418 0.004
3196.75761 14.427 0.004
3197.71701 14.419 0.004
3201.79677 14.423 0.004
3202.74073 14.421 0.004
3203.78976 14.427 0.004
3205.65179 14.424 0.004
3206.66837 14.448 0.004
3210.67523 14.440 0.004
3211.72549 14.418 0.004
3217.77130 14.451 0.004
3218.71176 14.415 0.004
3224.60093 14.451 0.004
3229.67476 14.438 0.004
3231.71743 14.454 0.004
3239.57104 14.405 0.004
3240.57956 14.432 0.004
3245.69341 14.518 0.004
3247.55302 14.433 0.004
3249.67960 14.429 0.004
3251.57495 14.513 0.004
3254.65800 14.445 0.004
3257.59221 14.437 0.004
3258.57711 14.484 0.004
3261.53098 14.432 0.004
3267.64372 14.416 0.004
3270.51481 14.418 0.004
3273.54787 14.442 0.004
3276.57344 14.434 0.004
3289.56896 14.443 0.004
3778.88512 14.423 0.004
3938.60567 14.417 0.004
3938.64899 14.418 0.004
3938.74248 14.428 0.004
3938.78868 14.428 0.004
3940.56301 14.420 0.004
3940.58125 14.422 0.004
3940.61287 14.422 0.004
3940.65140 14.420 0.004
3940.69300 14.416 0.004
3940.73135 14.415 0.004
3940.76167 14.415 0.004
3940.80850 14.421 0.004
3944.49148 14.421 0.004
3944.59774 14.427 0.004
3944.69546 14.431 0.004
3944.77494 14.431 0.004
3945.63919 14.429 0.004
3945.76387 14.429 0.004
3946.46652 14.429 0.004
3946.63367 14.424 0.004
3946.77786 14.420 0.004
3950.46915 14.430 0.004
3950.68383 14.419 0.004
4911.84340 14.427 0.004
