2125.56420 18.365 0.075
2129.64762 18.207 0.029
2132.59101 18.284 0.042
2135.72855 18.036 0.029
2140.69098 18.333 0.052
2144.57345 18.219 0.041
2160.55996 18.401 0.054
2168.62773 18.340 0.056
2187.53684 18.320 0.047
2206.53264 18.310 0.077
2331.87317 18.193 0.039
2345.90164 18.292 0.045
2355.84756 18.267 0.037
2364.90507 18.223 0.041
2372.80569 18.320 0.033
2403.86029 18.284 0.034
2414.73752 18.269 0.035
2416.77893 18.338 0.041
2424.87211 18.446 0.066
2428.77374 18.323 0.046
2432.81625 18.262 0.061
2434.68414 18.287 0.039
2436.73246 18.360 0.040
2438.70995 18.254 0.038
2440.73996 18.289 0.039
2443.71323 18.306 0.040
2445.59416 18.271 0.035
2448.58338 18.335 0.091
2453.83352 18.332 0.047
2456.54501 18.242 0.044
2458.68197 18.290 0.035
2460.75428 18.353 0.047
2463.50349 18.307 0.047
2466.70863 18.385 0.039
2468.57948 18.239 0.030
2470.58273 18.332 0.042
2481.48434 18.278 0.062
2484.58365 18.267 0.045
2493.60508 18.352 0.044
2495.67646 18.249 0.034
2497.76044 18.267 0.045
2498.46980 18.137 0.038
2500.49460 18.284 0.045
2502.52737 18.344 0.038
2508.62665 18.347 0.045
2512.57408 18.275 0.046
2517.61594 18.256 0.037
2520.54078 18.326 0.039
2526.63176 18.301 0.039
2537.61144 18.207 0.060
2542.47876 18.198 0.061
2547.54620 18.334 0.053
2556.53713 18.271 0.047
2564.49433 18.339 0.067
2575.49243 18.253 0.061
2706.87963 18.300 0.041
2714.86386 18.258 0.033
2728.89320 18.346 0.048
2733.87629 18.322 0.046
2744.86438 18.199 0.032
2753.85001 18.250 0.043
2756.90851 18.301 0.044
2760.86210 18.336 0.047
2766.91526 18.288 0.042
2783.73060 18.249 0.032
2785.83551 18.283 0.048
2786.89596 18.276 0.051
2789.70616 18.237 0.032
2791.68536 18.293 0.038
2794.89192 18.200 0.039
2796.77315 18.404 0.037
2797.93584 18.331 0.045
2809.67927 18.291 0.041
2810.84616 18.336 0.044
2811.87790 18.219 0.040
2813.67469 18.296 0.041
2814.69675 18.317 0.037
2816.55997 18.226 0.035
2818.54748 18.298 0.046
2820.68504 18.280 0.040
2826.71304 18.337 0.037
2834.74947 18.383 0.093
2837.59124 18.195 0.063
2839.63945 18.347 0.050
2841.65283 18.327 0.044
2843.58556 18.136 0.037
2845.61370 18.253 0.043
2849.79305 18.392 0.068
2852.48996 18.250 0.056
2854.48419 18.320 0.056
2856.67723 18.210 0.049
2858.64263 18.353 0.058
2862.56915 18.393 0.052
2865.67843 18.216 0.035
2868.55822 18.298 0.034
2871.66546 18.264 0.033
2876.54906 18.314 0.041
2879.59322 18.276 0.041
2885.48806 18.321 0.056
2894.59592 18.421 0.058
2898.58077 18.204 0.046
2904.55355 18.287 0.053
2908.61640 18.403 0.074
2909.54809 18.321 0.049
2917.58697 18.316 0.049
2930.53067 18.318 0.045
3051.86594 18.367 0.067
3058.85943 18.333 0.039
3062.89433 18.141 0.029
3063.88304 18.413 0.041
3067.85793 18.326 0.036
3070.81786 18.445 0.073
3072.89668 18.316 0.035
3075.79359 18.308 0.052
3079.85003 18.285 0.045
3082.81288 18.294 0.034
3082.83644 18.283 0.035
3082.87561 18.270 0.035
3082.89961 18.289 0.036
3083.77264 18.235 0.031
3083.87165 18.317 0.036
3084.75267 18.319 0.045
3085.87157 18.266 0.031
3086.80248 18.267 0.032
3087.82318 18.355 0.038
3088.75821 18.256 0.034
3089.76334 18.272 0.039
3090.82604 18.410 0.040
3091.78666 18.293 0.034
3092.87883 18.235 0.045
3093.89080 18.360 0.051
3096.82416 18.358 0.048
3097.79269 18.271 0.051
3097.87705 18.232 0.031
3097.89617 18.222 0.031
3097.91547 18.233 0.032
3098.75097 18.242 0.035
3098.86797 18.226 0.029
3099.78987 18.351 0.043
3100.82195 18.252 0.036
3102.78472 18.433 0.046
3103.85855 18.281 0.041
3106.79298 18.241 0.075
3108.73060 18.332 0.035
3109.75719 18.291 0.034
3110.79666 18.281 0.036
3111.83069 18.298 0.036
3112.80394 18.249 0.035
3113.83778 18.248 0.032
3114.74794 18.335 0.033
3118.89196 18.202 0.039
3122.87544 18.322 0.056
3125.83203 18.359 0.049
3126.86134 18.295 0.036
3127.76690 18.218 0.037
3128.78527 18.248 0.037
3129.75998 18.407 0.049
3131.64756 18.141 0.064
3134.72772 18.331 0.068
3135.82813 18.316 0.034
3137.90373 18.406 0.051
3138.78799 18.257 0.032
3139.83215 18.195 0.031
3140.83957 18.350 0.039
3142.73177 18.285 0.033
3144.75233 18.369 0.036
3146.72588 18.368 0.043
3151.71460 18.345 0.048
3152.71836 18.308 0.040
3152.93173 18.301 0.057
3153.72235 18.469 0.063
3154.78243 18.227 0.044
3156.76583 18.349 0.043
3158.83638 18.344 0.056
3162.77732 18.227 0.041
3163.73865 18.232 0.033
3164.69690 18.361 0.037
3165.76820 18.324 0.029
3166.85609 18.370 0.061
3168.55581 18.406 0.046
3168.89407 18.177 0.042
3169.69068 18.268 0.037
3170.76326 18.381 0.035
3171.84111 18.389 0.033
3172.70279 18.226 0.029
3174.67439 18.345 0.032
3175.68374 18.238 0.029
3176.72672 18.378 0.058
3178.74489 18.208 0.039
3179.75787 18.417 0.040
3180.67061 18.313 0.029
3182.73777 18.339 0.034
3183.69624 18.204 0.040
3184.66377 18.251 0.029
3185.81975 18.285 0.039
3193.49749 18.246 0.058
3194.60693 18.298 0.042
3195.66342 18.243 0.031
3196.70712 18.363 0.047
3197.49303 18.276 0.042
3197.60708 18.293 0.035
3197.66013 18.360 0.040
3197.74030 18.264 0.036
3197.80477 18.386 0.049
3197.83745 18.334 0.052
3198.70176 18.283 0.038
3199.57912 18.235 0.044
3199.75189 18.344 0.051
3201.49717 18.368 0.045
3202.50268 18.222 0.036
3203.62369 18.294 0.028
3204.58457 18.227 0.031
3205.72626 18.282 0.028
3206.63384 18.328 0.033
3209.67564 18.389 0.050
3210.62194 18.267 0.039
3211.71959 18.421 0.053
3217.61639 18.321 0.039
3218.61570 18.281 0.050
3219.68205 18.214 0.058
3223.61311 18.313 0.051
3224.66281 18.272 0.032
3226.57609 18.406 0.043
3228.55863 18.235 0.036
3229.59234 18.323 0.031
3230.63093 18.294 0.030
3231.53194 18.286 0.043
3232.56063 18.402 0.059
3238.58155 18.317 0.043
3239.54126 18.373 0.041
3240.61801 18.312 0.045
3241.61700 18.424 0.085
3245.51118 18.294 0.051
3246.66947 18.274 0.062
3247.63899 18.333 0.049
3249.49051 18.315 0.043
3250.61810 18.328 0.049
3253.61142 18.409 0.041
3256.59428 18.485 0.059
3259.58648 18.345 0.050
3267.49346 18.258 0.051
3271.57904 18.487 0.113
3274.59059 18.355 0.057
3278.56459 18.220 0.053
3281.54536 18.249 0.042
3293.48183 18.232 0.078
3294.51107 18.360 0.048
3295.48624 18.451 0.068
3296.50923 18.268 0.037
3299.48962 18.308 0.044
3305.51062 18.259 0.056
3308.52960 18.221 0.070
3309.54783 18.305 0.061
3312.49660 18.325 0.093
3416.86609 18.215 0.037
3421.85535 18.266 0.038
3425.88232 18.347 0.053
3428.87837 18.253 0.036
3432.85198 18.272 0.059
3442.85261 18.264 0.038
3444.90550 18.308 0.041
3447.81868 18.373 0.041
3449.83155 18.351 0.041
3452.85212 18.295 0.033
3454.90559 18.202 0.040
3458.76473 18.293 0.041
3459.81237 18.313 0.043
3468.84117 18.282 0.030
3469.84807 18.230 0.028
3471.87559 18.343 0.046
3473.84355 18.338 0.042
3474.86700 18.246 0.036
3474.88798 18.247 0.033
3476.73615 18.412 0.031
3478.75547 18.250 0.033
3479.89266 18.336 0.029
3481.78338 18.222 0.029
3484.73913 18.235 0.056
3496.68754 18.173 0.035
3497.75497 18.349 0.044
3498.90069 18.223 0.036
3499.71252 18.193 0.029
3500.69539 18.266 0.034
3501.73154 18.235 0.039
3502.73195 18.243 0.032
3503.65698 18.342 0.034
3504.83760 18.238 0.032
3506.84924 18.284 0.036
3508.71568 18.272 0.053
3509.74626 18.341 0.030
3510.88161 18.279 0.030
3511.79838 18.295 0.031
3512.81779 18.166 0.039
3517.82145 18.359 0.040
3520.77867 18.275 0.036
3522.70466 18.255 0.026
3523.76577 18.337 0.031
3523.90827 18.284 0.049
3524.66793 18.303 0.038
3525.66200 18.174 0.030
3526.71478 18.318 0.031
3527.74855 18.338 0.033
3528.68942 18.206 0.031
3529.64742 18.267 0.029
3530.65545 18.332 0.028
3538.62554 18.344 0.035
3540.61956 18.314 0.042
3544.82063 18.234 0.046
3547.75215 18.325 0.043
3550.59900 18.335 0.043
3551.60130 18.432 0.030
3552.62999 18.253 0.031
3553.75769 18.399 0.049
3554.70736 18.313 0.040
3556.68744 18.362 0.032
3558.49823 18.311 0.045
3558.79691 18.208 0.034
3559.57979 18.227 0.042
3560.56814 18.386 0.037
3561.51231 18.225 0.040
3562.55296 18.336 0.035
3562.80430 18.452 0.045
3563.60712 18.352 0.031
3564.58886 18.184 0.041
3568.81542 18.222 0.052
3569.47884 18.464 0.102
3572.80594 18.184 0.063
3573.61601 18.246 0.049
3574.65704 18.437 0.048
3575.50455 18.295 0.034
3576.65851 18.254 0.033
3577.72618 18.328 0.043
3578.63139 18.288 0.031
3579.58867 18.237 0.030
3579.75641 18.323 0.039
3580.61848 18.358 0.034
3581.64195 18.275 0.031
3582.58995 18.269 0.028
3583.60403 18.391 0.041
3584.61277 18.226 0.027
3585.60298 18.263 0.031
3586.64877 18.305 0.030
3589.64141 18.292 0.027
3590.61033 18.256 0.029
3592.61716 18.444 0.034
3593.63833 18.223 0.029
3594.67158 18.277 0.036
3601.61742 18.331 0.040
3601.71898 18.369 0.054
3602.46982 18.158 0.060
3602.52032 18.138 0.043
3602.63347 18.174 0.037
3603.60753 18.327 0.036
3606.63433 18.404 0.051
3607.60585 18.410 0.040
3608.61276 18.289 0.033
3615.54422 18.314 0.033
3616.55593 18.400 0.049
3618.53256 18.384 0.036
3619.55716 18.337 0.040
3621.55679 18.291 0.045
3628.53068 18.503 0.051
3629.61537 18.217 0.047
3631.50029 18.398 0.055
3633.51333 18.222 0.040
3637.60950 18.390 0.053
3639.56312 18.281 0.029
3641.51523 18.209 0.045
3643.59163 18.282 0.057
3648.50744 18.324 0.038
3650.54487 18.240 0.037
3654.51670 18.427 0.066
3655.49014 18.306 0.049
3657.50284 18.365 0.056
3660.49698 18.293 0.052
3662.50224 18.271 0.045
3666.52971 18.331 0.043
3775.87869 18.240 0.043
3781.86413 18.305 0.057
3784.84806 18.337 0.042
3787.83872 18.255 0.043
3790.86941 18.254 0.046
3790.90130 18.257 0.052
3791.85947 18.395 0.047
3792.86601 18.403 0.033
3793.87699 18.267 0.034
3794.82301 18.347 0.048
3795.90224 18.353 0.048
3796.86272 18.213 0.033
3797.90246 18.298 0.033
3798.80132 18.273 0.037
3799.85735 18.365 0.048
3799.90542 18.376 0.058
3800.88368 18.303 0.035
3801.78413 18.348 0.043
3801.86589 18.256 0.034
3801.90589 18.205 0.046
3802.78982 18.266 0.038
3802.83147 18.278 0.035
3802.91188 18.272 0.063
3803.78004 18.355 0.041
3803.86674 18.354 0.034
3803.90678 18.326 0.042
3804.78153 18.332 0.048
3804.90458 18.317 0.049
3805.78281 18.199 0.043
3805.87941 18.320 0.036
3806.80291 18.492 0.045
3807.78232 18.316 0.059
3807.81663 18.247 0.044
3808.77632 18.201 0.043
3809.77914 18.366 0.043
3810.76809 18.409 0.051
3810.82375 18.250 0.039
3811.81975 18.263 0.047
3812.81149 18.337 0.042
3813.78729 18.331 0.040
3814.80431 18.299 0.038
3815.80831 18.375 0.041
3817.80766 18.309 0.039
3818.86652 18.391 0.035
3819.78212 18.305 0.030
3820.75242 18.224 0.031
3820.91992 18.313 0.050
3821.75288 18.303 0.038
3822.79501 18.277 0.038
3823.75105 18.238 0.034
3824.76855 18.463 0.055
3825.78216 18.292 0.052
3826.76211 18.363 0.039
3827.78179 18.360 0.038
3828.75538 18.249 0.047
3829.79071 18.271 0.034
3830.71243 18.230 0.038
3831.70888 18.389 0.039
3832.72337 18.305 0.036
3833.74173 18.364 0.038
3834.71103 18.325 0.051
3835.71640 18.237 0.043
3835.90247 18.360 0.031
3836.74482 18.355 0.054
3836.91245 18.293 0.031
3837.71135 18.333 0.051
3837.88358 18.206 0.029
3838.71882 18.212 0.051
3839.72017 18.211 0.049
3839.90667 18.303 0.048
3840.73216 18.269 0.046
3840.89094 18.239 0.033
3841.69011 18.226 0.049
3841.92150 18.399 0.041
3842.82346 18.317 0.036
3845.69983 18.410 0.091
3845.88357 18.361 0.067
3846.68027 18.272 0.045
3847.77696 18.327 0.046
3848.73196 18.350 0.045
3849.72769 18.277 0.036
3849.93054 18.327 0.044
3850.67431 18.299 0.039
3850.72852 18.314 0.037
3850.84686 18.395 0.041
3850.91841 18.367 0.042
3851.68810 18.319 0.043
3851.85334 18.318 0.041
3852.67886 18.269 0.044
3852.90736 18.191 0.041
3853.66714 18.288 0.039
3853.83477 18.312 0.028
3853.90627 18.388 0.030
3854.66152 18.357 0.058
3855.76268 18.150 0.026
3856.65711 18.354 0.043
3856.82348 18.445 0.044
3857.89376 18.205 0.031
3858.68574 18.276 0.036
3859.77616 18.338 0.035
3860.79238 18.338 0.052
3861.64599 18.285 0.044
3861.75295 18.316 0.034
3862.65104 18.200 0.038
3862.83902 18.297 0.029
3862.91507 18.379 0.037
3863.66663 18.337 0.043
3863.88688 18.282 0.030
3864.65471 18.290 0.044
3864.84715 18.270 0.028
3865.71462 18.340 0.037
3865.85819 18.301 0.039
3865.92717 18.318 0.032
3866.66621 18.333 0.039
3866.80586 18.277 0.033
3866.88406 18.276 0.034
3867.68110 18.168 0.037
3867.86672 18.291 0.035
3868.68902 18.390 0.053
3868.83309 18.340 0.048
3868.91295 18.502 0.055
3869.66652 18.311 0.042
3869.84830 18.343 0.051
3872.86366 18.203 0.031
3873.67210 18.177 0.032
3873.81440 18.252 0.031
3873.88626 18.274 0.035
3874.72393 18.276 0.040
3874.89795 18.450 0.041
3875.68448 18.318 0.032
3875.83952 18.252 0.029
3875.93761 18.250 0.036
3876.61160 18.220 0.032
3877.68855 18.386 0.031
3877.83728 18.300 0.033
3877.91135 18.268 0.048
3879.64452 18.251 0.029
3880.81378 18.363 0.039
3880.89283 18.350 0.037
3881.63930 18.353 0.041
3881.85480 18.192 0.029
3881.90141 18.281 0.030
3882.62423 18.184 0.035
3882.77772 18.242 0.030
3882.85158 18.275 0.034
3882.92037 18.315 0.033
3883.61176 18.335 0.048
3883.80885 18.391 0.041
3886.57109 18.382 0.047
3886.77231 18.371 0.035
3886.84758 18.383 0.031
3886.94553 18.435 0.075
3887.62486 18.326 0.040
3887.75131 18.251 0.033
3887.85544 18.250 0.037
3887.92752 18.292 0.039
3889.63890 18.279 0.034
3889.91372 18.320 0.044
3891.64827 18.236 0.039
3891.76999 18.271 0.045
3891.85218 18.326 0.038
3892.90092 18.296 0.036
3893.58287 18.389 0.048
3893.82924 18.200 0.040
3894.64312 18.254 0.044
3894.85844 18.325 0.046
3896.57913 18.260 0.057
3900.50691 18.263 0.060
3900.69232 18.260 0.036
3900.77666 18.257 0.037
3900.84516 18.286 0.038
3901.52177 18.254 0.048
3901.69796 18.365 0.036
3901.77569 18.365 0.038
3901.84879 18.333 0.044
3902.53330 18.445 0.057
3902.72034 18.234 0.031
3902.83319 18.160 0.043
3903.87423 18.394 0.051
3904.53264 18.280 0.041
3904.69510 18.343 0.029
3904.76457 18.377 0.033
3904.83729 18.381 0.036
3905.52947 18.269 0.038
3905.70582 18.277 0.033
3905.77609 18.224 0.028
3905.84469 18.300 0.030
3906.53734 18.202 0.045
3906.73019 18.248 0.029
3906.80337 18.284 0.033
3906.89196 18.343 0.046
3907.57162 18.345 0.041
3907.75696 18.404 0.059
3907.84140 18.395 0.055
3908.50963 18.293 0.050
3908.69570 18.247 0.031
3908.77341 18.262 0.032
3908.85610 18.313 0.035
3909.50923 18.292 0.063
3909.68769 18.280 0.027
3909.69997 18.271 0.028
3909.74372 18.304 0.028
3909.76212 18.267 0.028
3909.78242 18.294 0.028
3909.82598 18.277 0.033
3909.86203 18.257 0.039
3910.52972 18.356 0.050
3912.50415 18.312 0.039
3912.69556 18.716 0.033
3912.78691 18.318 0.029
3912.87481 18.352 0.039
3913.49704 18.296 0.034
3913.69893 18.385 0.032
3913.79441 18.321 0.030
3913.88042 18.278 0.040
3914.52304 18.305 0.043
3914.75460 18.290 0.032
3915.49878 18.248 0.042
3915.51593 18.208 0.036
3915.54482 18.215 0.039
3915.57381 18.212 0.033
3915.60800 18.278 0.037
3915.64564 18.208 0.029
3915.68430 18.234 0.030
3915.69432 18.281 0.034
3915.70309 18.268 0.032
3915.75111 18.349 0.034
3915.77711 18.329 0.035
3915.79499 18.339 0.033
3915.81205 18.259 0.032
3915.84500 18.359 0.045
3915.87428 18.359 0.043
3916.51427 18.399 0.049
3916.53479 18.323 0.049
3916.54350 18.307 0.047
3916.58679 18.519 0.056
3916.62171 18.463 0.046
3916.68951 18.442 0.035
3916.72728 18.457 0.042
3916.76501 18.428 0.051
3916.79783 18.261 0.048
3916.82744 18.286 0.039
3917.49061 18.330 0.049
3917.52165 18.363 0.056
3917.54204 18.332 0.044
3917.62364 18.324 0.042
3917.66187 18.301 0.042
3917.70226 18.215 0.029
3917.74014 18.223 0.036
3917.78239 18.407 0.060
3917.79448 18.244 0.038
3918.50369 18.248 0.044
3918.51293 18.222 0.041
3918.52240 18.323 0.049
3918.53510 18.168 0.043
3918.56295 18.326 0.049
3918.60482 18.200 0.036
3918.62574 18.218 0.036
3918.65390 18.255 0.031
3918.67901 18.272 0.035
3918.70231 18.244 0.032
3918.72680 18.270 0.040
3918.74443 18.270 0.033
3918.78254 18.362 0.040
3918.80640 18.309 0.041
3918.83583 18.211 0.043
3918.86805 18.434 0.064
3919.48461 18.341 0.054
3919.49657 18.352 0.053
3919.56389 18.289 0.046
3919.63954 18.333 0.040
3919.67472 18.273 0.036
3919.72910 18.423 0.034
3919.79320 18.282 0.030
3919.84527 18.246 0.050
3920.47445 18.378 0.050
3920.48637 18.289 0.045
3920.50422 18.262 0.040
3920.53028 18.251 0.034
3920.59162 18.281 0.035
3920.68293 18.292 0.042
3920.76493 18.238 0.029
3920.83467 18.246 0.033
3921.47445 18.202 0.041
3921.48635 18.266 0.043
3921.56911 18.283 0.042
3921.64019 18.250 0.045
3921.68380 18.343 0.049
3921.77209 18.456 0.059
3921.80543 18.287 0.051
3922.68356 18.425 0.056
3922.73034 18.398 0.054
3930.48647 18.246 0.041
3930.76065 18.288 0.053
3931.47136 18.378 0.061
3932.50289 18.303 0.046
3932.77819 18.323 0.039
3933.48393 18.213 0.038
3933.67376 18.319 0.028
3933.74927 18.339 0.030
3934.46669 18.417 0.052
3934.68345 18.374 0.035
3934.75249 18.289 0.034
3935.51663 18.291 0.037
3935.68783 18.257 0.048
3935.75647 18.314 0.036
3936.46998 18.196 0.054
3936.63528 18.332 0.032
3936.71184 18.285 0.033
3937.47622 18.377 0.058
3937.75326 18.304 0.046
3938.47460 18.279 0.053
3938.66244 18.238 0.037
3938.75145 18.261 0.042
3939.54206 18.315 0.034
3940.66033 18.271 0.029
3940.79117 18.316 0.037
3942.52799 18.302 0.053
3944.50774 18.241 0.033
3944.57108 18.299 0.031
3944.61022 18.266 0.029
3944.65586 18.264 0.031
3945.46987 18.154 0.037
3945.51612 18.261 0.033
3945.54658 18.360 0.038
3945.65690 18.346 0.036
3945.69039 18.286 0.031
3945.74623 18.422 0.044
3945.79034 18.356 0.050
3946.47325 18.350 0.051
3946.55445 18.335 0.038
3946.67844 18.335 0.038
3946.75587 18.312 0.039
3950.49010 18.327 0.044
3950.69984 18.245 0.034
3951.48993 18.261 0.042
3951.72245 18.283 0.043
3955.51206 18.363 0.064
3956.52096 18.210 0.057
3957.48308 18.252 0.040
3959.47964 18.242 0.043
3959.66092 18.354 0.043
3960.47587 18.211 0.040
3960.65492 18.346 0.031
3960.72705 18.350 0.043
3961.53238 18.258 0.043
3963.50856 18.324 0.039
3963.68015 18.337 0.035
3964.49288 18.304 0.040
3964.70156 18.264 0.035
3965.48188 18.240 0.036
3965.67441 18.254 0.029
3966.51187 18.301 0.037
3966.66487 18.351 0.037
3967.49338 18.428 0.056
3967.69025 18.292 0.033
3968.47369 18.273 0.046
3968.64555 18.347 0.036
3968.71470 18.274 0.044
3969.50228 18.364 0.043
3969.65609 18.362 0.040
3970.48284 18.371 0.047
3970.66376 18.253 0.039
3971.52097 18.334 0.053
3971.69702 18.315 0.037
3973.54768 18.335 0.045
3974.48257 18.117 0.038
3974.66163 18.281 0.040
3975.48530 18.299 0.051
3975.65676 18.374 0.042
3976.48205 18.380 0.034
3976.64923 18.296 0.043
3979.48508 18.469 0.064
3982.54117 18.441 0.063
3983.49160 18.271 0.068
3986.55483 18.193 0.049
3987.48273 18.309 0.047
3987.64370 18.291 0.044
3988.48566 18.287 0.033
3990.61682 18.353 0.051
3993.58679 18.326 0.052
3995.54349 18.282 0.034
3996.54195 18.355 0.048
3999.56423 18.318 0.046
4001.49450 18.289 0.047
4003.51478 18.257 0.031
4004.49006 18.316 0.034
4006.49686 18.294 0.044
4011.59357 18.326 0.056
4012.54488 18.348 0.054
4016.49235 18.306 0.049
4018.51759 18.292 0.050
4020.50697 18.304 0.051
4023.51584 18.286 0.052
4025.53525 18.405 0.044
4027.54017 18.285 0.048
4030.53197 18.272 0.050
4036.51320 18.340 0.071
4040.49435 18.412 0.095
4042.52439 18.296 0.066
4140.88499 18.267 0.071
4143.88227 18.293 0.058
4149.87419 18.222 0.045
4153.86054 18.320 0.040
4155.89649 18.225 0.046
4158.85847 18.215 0.041
4161.82644 18.250 0.042
4162.90779 18.304 0.062
4164.81498 18.277 0.045
4165.89537 18.319 0.063
4167.89933 18.267 0.038
4169.90291 18.308 0.040
4174.90536 18.390 0.043
4175.85648 18.346 0.046
4176.87886 18.275 0.036
4178.77116 18.344 0.042
4179.82996 18.232 0.034
4180.90933 18.435 0.056
4183.84731 18.322 0.043
4184.88777 18.248 0.030
4185.86368 18.277 0.039
4189.89071 18.358 0.053
4191.85341 18.309 0.056
4192.76866 18.333 0.058
4194.76808 18.271 0.046
4196.75834 18.291 0.051
4202.73976 18.301 0.040
4203.72793 18.287 0.032
4203.91234 18.294 0.034
4204.71622 18.299 0.044
4205.71665 18.277 0.038
4207.70612 18.350 0.047
4207.88135 18.346 0.036
4208.72824 18.298 0.037
4209.76097 18.244 0.032
4211.74090 18.329 0.046
4212.90224 18.376 0.055
4213.73487 18.376 0.043
4215.72486 18.276 0.043
4216.68217 18.371 0.046
4216.87558 18.383 0.028
4217.68781 18.287 0.037
4218.71201 18.256 0.050
4219.73346 18.333 0.050
4220.67039 18.343 0.056
4221.71112 18.282 0.044
4222.89075 18.283 0.040
4223.67476 18.287 0.057
4224.76546 18.316 0.052
4228.65972 18.384 0.058
4228.89142 18.312 0.049
4229.65452 18.262 0.053
4229.85159 18.228 0.041
4229.91317 18.305 0.040
4230.66434 18.244 0.036
4230.85233 18.310 0.042
4230.91404 18.340 0.061
4231.64869 18.329 0.044
4231.82412 18.309 0.042
4231.91707 18.286 0.050
4232.73150 18.246 0.047
4232.89854 18.298 0.050
4233.76198 18.341 0.069
4234.68868 18.378 0.051
4235.87376 18.207 0.039
4237.67483 18.563 0.057
4238.71245 18.271 0.038
4238.85841 18.310 0.042
4238.92015 18.386 0.060
4239.61765 18.369 0.063
4240.65989 18.416 0.044
4240.78207 18.316 0.041
4240.92248 18.240 0.041
4243.62245 18.314 0.055
4243.71870 18.380 0.053
4243.81227 18.354 0.045
4243.93000 18.197 0.043
4244.59824 18.294 0.061
4244.69058 18.237 0.041
4244.78717 18.241 0.033
4245.59097 18.295 0.033
4245.68467 18.222 0.032
4245.77784 18.327 0.033
4246.64967 18.393 0.045
4246.74267 18.354 0.044
4246.83594 18.383 0.045
4247.63267 18.248 0.046
4247.79116 18.266 0.034
4250.71300 18.238 0.044
4251.78453 18.288 0.066
4256.59982 18.249 0.059
4256.74667 18.226 0.044
4256.84447 18.260 0.063
4257.63170 18.281 0.051
4258.61548 18.346 0.059
4258.73817 18.293 0.040
4258.83345 18.278 0.045
4267.57549 18.377 0.054
4268.76291 18.296 0.044
4268.88330 18.374 0.060
4269.55784 18.273 0.041
4269.67889 18.267 0.036
4269.76961 18.398 0.041
4270.55334 18.382 0.050
4272.62176 18.267 0.035
4272.77089 18.314 0.039
4272.84240 18.316 0.044
4273.59874 18.376 0.059
4273.77960 18.258 0.047
4273.83940 18.212 0.044
4274.59123 18.219 0.047
4274.74578 18.197 0.036
4274.80490 18.302 0.047
4275.58394 18.321 0.048
4275.75939 18.290 0.048
4275.81785 18.367 0.061
4275.87901 18.354 0.072
4276.56874 18.401 0.064
4277.51254 18.304 0.060
4277.68775 18.212 0.037
4277.74820 18.302 0.044
4277.80682 18.350 0.058
4278.54635 18.287 0.059
4278.73361 18.306 0.060
4278.80658 18.429 0.078
4283.49203 18.211 0.051
4283.70178 18.255 0.051
4284.48706 18.201 0.052
4284.71754 18.309 0.038
4284.77974 18.372 0.050
4284.84482 18.367 0.067
4285.48555 18.571 0.069
4285.67743 18.251 0.048
4285.74212 18.304 0.044
4285.80767 18.256 0.046
4286.48584 18.275 0.067
4286.77540 18.349 0.051
4289.48636 18.337 0.062
4289.71290 18.261 0.047
4289.77794 18.426 0.054
4289.84476 18.351 0.056
4290.54398 18.361 0.048
4291.64634 18.301 0.036
4291.76874 18.210 0.047
4292.47206 18.209 0.045
4292.65018 18.246 0.035
4292.70980 18.273 0.034
4292.76853 18.287 0.034
4292.83169 18.337 0.056
4293.47238 18.314 0.049
4293.73710 18.301 0.034
4293.81470 18.315 0.043
4294.47169 18.379 0.048
4295.47323 18.231 0.057
4295.67671 18.292 0.032
4295.73541 18.290 0.032
4295.81244 18.374 0.046
4296.47450 18.311 0.049
4296.66192 18.346 0.034
4296.75068 18.333 0.037
4297.49530 18.466 0.059
4297.69504 18.339 0.038
4297.79779 18.304 0.047
4298.52998 18.278 0.042
4298.63580 18.294 0.041
4298.72931 18.319 0.042
4299.51282 18.311 0.040
4299.60617 18.322 0.033
4299.69838 18.307 0.039
4299.78856 18.311 0.049
4300.50385 18.360 0.048
4300.62813 18.278 0.030
4300.72456 18.263 0.038
4301.49876 18.240 0.039
4301.59104 18.275 0.032
4301.68769 18.326 0.034
4301.78624 18.326 0.036
4302.55953 18.425 0.051
4302.66643 18.376 0.047
4303.64645 18.357 0.051
4304.53254 18.204 0.061
4304.64193 18.291 0.046
4305.65775 18.355 0.055
4306.51947 18.381 0.063
4306.65729 18.294 0.045
4307.75784 18.357 0.052
4310.76369 18.294 0.062
4311.73333 18.374 0.067
4312.50314 18.280 0.062
4312.69831 18.221 0.048
4312.79590 18.215 0.053
4314.49668 18.340 0.051
4315.53727 18.238 0.038
4316.56613 18.275 0.035
4317.48854 18.298 0.039
4319.49759 18.232 0.042
4319.75205 18.349 0.054
4320.51311 18.372 0.048
4326.47613 18.398 0.050
4327.56922 18.408 0.055
4328.49634 18.233 0.043
4328.67329 18.415 0.052
4329.50698 18.359 0.041
4329.65482 18.311 0.044
4329.71362 18.271 0.052
4330.51904 18.310 0.037
4330.67003 18.271 0.038
4331.49923 18.242 0.040
4331.66575 18.386 0.048
4332.47697 18.323 0.041
4333.50804 18.275 0.046
4333.66911 18.228 0.039
4334.48126 18.443 0.109
4334.51815 18.263 0.083
4334.57890 18.356 0.089
4338.48065 18.370 0.053
4339.50089 18.312 0.049
4339.67203 18.311 0.059
4340.56952 18.391 0.058
4341.48181 18.384 0.066
4342.47783 18.282 0.054
4342.51113 18.351 0.048
4343.47919 18.261 0.038
4343.68692 18.460 0.059
4344.51786 18.427 0.059
4345.48324 18.254 0.038
4346.49188 18.297 0.044
4347.51084 18.422 0.054
4348.49430 18.297 0.042
4348.50141 18.222 0.036
4350.50644 18.316 0.043
4351.48167 18.285 0.042
4352.49236 18.291 0.054
4353.48907 18.314 0.039
4354.51764 18.191 0.033
4355.50822 18.341 0.047
4356.48572 18.328 0.038
4357.56892 18.315 0.053
4358.52617 18.408 0.059
4359.49500 18.346 0.048
4361.54798 18.379 0.066
4362.48340 18.322 0.055
4365.54039 18.321 0.067
4367.51668 18.313 0.048
4368.55230 18.295 0.060
4369.50996 18.425 0.077
4370.53920 18.342 0.042
4371.51155 18.281 0.039
4372.49660 18.226 0.034
4373.56265 18.372 0.047
4375.51692 18.292 0.064
4377.58680 18.362 0.063
4378.49684 18.252 0.043
4379.51219 18.313 0.059
4380.52373 18.278 0.040
4381.50169 18.244 0.059
4382.59022 18.408 0.060
4383.51521 18.270 0.040
4384.55218 18.340 0.055
4387.53949 18.295 0.052
4393.50956 18.271 0.040
4394.56696 18.307 0.063
4395.53839 18.217 0.054
4396.55087 18.249 0.063
4397.50972 18.396 0.061
4398.51734 18.240 0.053
4399.55295 18.279 0.061
4400.51229 18.252 0.057
4402.52693 18.376 0.071
4403.52791 18.273 0.061
4411.53287 18.276 0.071
4506.87947 18.181 0.054
4510.87867 18.381 0.049
4513.83994 18.007 0.042
4517.83405 18.430 0.081
4519.81994 18.307 0.059
4522.84884 18.349 0.059
4524.83249 18.269 0.045
4530.79464 18.268 0.035
4533.82343 18.258 0.042
4535.87837 18.214 0.041
4537.77802 18.276 0.045
4538.87197 18.194 0.038
4539.83315 18.294 0.037
4540.84304 18.326 0.038
4541.77213 18.268 0.039
4542.76665 18.257 0.051
4543.76228 18.400 0.052
4544.75913 18.412 0.065
4545.74582 18.285 0.063
4546.75246 18.336 0.054
4547.76662 18.229 0.040
4548.81952 18.264 0.042
4550.79176 18.323 0.051
4551.73810 18.136 0.045
4552.78173 18.298 0.087
4556.73440 18.313 0.037
4556.92433 18.270 0.051
4557.75199 18.270 0.038
4558.77218 18.384 0.037
4559.72503 18.256 0.035
4559.91398 18.266 0.037
4560.72131 18.265 0.046
4560.91458 18.275 0.034
4561.71781 18.375 0.041
4561.90340 18.274 0.030
4564.70805 18.331 0.042
4564.90827 18.230 0.034
4565.70617 18.265 0.033
4565.89678 18.287 0.029
4566.70551 18.300 0.037
4566.89858 18.322 0.032
4566.90996 18.364 0.035
4566.92548 18.303 0.046
4567.69771 18.420 0.050
4567.79754 18.340 0.035
4567.90443 18.276 0.036
4568.70324 18.286 0.045
4569.71291 18.266 0.045
4569.92247 18.337 0.044
4570.70080 18.425 0.052
4571.69198 18.258 0.051
4571.88997 18.225 0.031
4572.70376 18.239 0.052
4573.71758 18.324 0.043
4573.92605 18.285 0.042
4574.72000 18.255 0.041
4575.72542 18.301 0.044
4576.73311 18.329 0.046
4577.81455 18.282 0.040
4578.76837 18.296 0.068
4579.84506 18.236 0.043
4583.71205 18.252 0.052
4583.79685 18.206 0.036
4583.83225 18.241 0.041
4583.86149 18.230 0.034
4583.89280 18.280 0.036
4583.92076 18.286 0.038
4585.69323 18.360 0.057
4585.71261 18.274 0.040
4585.73255 18.328 0.049
4585.74670 18.331 0.046
4585.76700 18.328 0.045
4585.77888 18.408 0.061
4585.79887 18.301 0.054
4585.83989 18.252 0.035
4585.87092 18.228 0.036
4585.92114 18.301 0.048
4586.72187 18.302 0.051
4586.74045 18.129 0.044
4586.89295 18.225 0.040
4586.92719 18.312 0.062
4587.74870 18.308 0.047
4587.90712 18.372 0.052
4588.71388 18.480 0.050
4589.69618 18.216 0.040
4589.85151 18.336 0.042
4589.91354 18.363 0.045
4590.67355 18.271 0.043
4590.87923 18.339 0.043
4591.68537 18.334 0.045
4591.85740 18.225 0.039
4591.91953 18.255 0.042
4592.64384 18.275 0.043
4592.83303 18.299 0.047
4592.89642 18.323 0.044
4593.63314 18.192 0.044
4593.84264 18.344 0.038
4593.90474 18.330 0.043
4594.65417 18.309 0.052
4594.84889 18.308 0.042
4594.91462 18.302 0.046
4595.63966 18.252 0.049
4595.83782 18.264 0.039
4595.89991 18.274 0.041
4596.63296 18.245 0.042
4596.91267 18.300 0.043
4597.66344 18.335 0.041
4597.85476 18.185 0.035
4597.92586 18.191 0.043
4598.63320 18.240 0.033
4598.87803 18.289 0.034
4599.61203 18.384 0.054
4599.81607 18.328 0.034
4600.62121 18.275 0.037
4600.92779 18.211 0.041
4601.62682 18.245 0.039
4601.84314 18.283 0.031
4601.90509 18.288 0.036
4602.61421 18.267 0.036
4602.82880 18.325 0.038
4603.74682 18.304 0.039
4606.61456 18.289 0.055
4610.75376 18.258 0.034
4610.92373 18.379 0.051
4611.60634 18.298 0.058
4611.83927 18.394 0.039
4612.62773 18.151 0.049
4615.76941 18.333 0.047
4616.57842 18.303 0.056
4616.79493 18.258 0.035
4616.86469 18.376 0.046
4617.63875 18.377 0.041
4618.58998 18.362 0.055
4621.67600 18.248 0.034
4622.77172 18.337 0.048
4622.88996 18.396 0.051
4623.60334 18.298 0.051
4623.84371 18.326 0.053
4623.91460 18.350 0.063
4624.55544 18.367 0.059
4624.78734 18.332 0.043
4624.85394 18.297 0.039
4625.58165 18.225 0.045
4625.76978 18.306 0.047
4625.86365 18.364 0.046
4626.57743 18.358 0.052
4626.83204 18.316 0.042
4627.53699 18.337 0.044
4627.80552 18.251 0.031
4627.89220 18.294 0.034
4628.57030 18.262 0.041
4628.73406 18.302 0.036
4628.79967 18.372 0.042
4628.86165 18.316 0.037
4629.58353 18.336 0.042
4629.80322 18.291 0.038
4629.81232 18.292 0.038
4629.85146 18.302 0.039
4629.87476 18.190 0.032
4629.88549 18.302 0.037
4629.92301 18.357 0.052
4630.52767 18.352 0.056
4630.53697 18.246 0.055
4630.57899 18.261 0.038
4630.61384 18.280 0.033
4630.66850 18.231 0.031
4630.70277 18.247 0.033
4630.73814 18.291 0.036
4630.74702 18.193 0.033
4630.82512 18.251 0.037
4630.89321 18.332 0.043
4631.54250 18.270 0.037
4631.75831 18.381 0.042
4631.83608 18.357 0.044
4631.91104 18.338 0.055
4632.53983 18.377 0.062
4632.80272 18.229 0.036
4633.54585 18.325 0.042
4633.64771 18.277 0.039
4633.76932 18.235 0.039
4638.73136 18.251 0.051
4638.82906 18.256 0.043
4639.54405 18.321 0.054
4639.65024 18.305 0.041
4639.82960 18.229 0.057
4640.57015 18.252 0.036
4640.70105 18.306 0.035
4640.80833 18.436 0.060
4641.59296 18.329 0.042
4641.74857 18.320 0.041
4642.56873 18.329 0.042
4642.72922 18.225 0.036
4642.80715 18.235 0.041
4643.52188 18.235 0.049
4644.64134 18.390 0.046
4644.82062 18.347 0.041
4645.49552 18.347 0.051
4645.74620 18.278 0.042
4645.82204 18.197 0.039
4645.88680 18.372 0.065
4646.49738 18.193 0.038
4646.82948 18.397 0.047
4647.49186 18.453 0.060
4647.71671 18.365 0.048
4647.81011 18.263 0.052
4648.48728 18.403 0.056
4648.52026 18.258 0.041
4648.60975 18.178 0.036
4648.62503 18.267 0.037
4648.62983 18.242 0.037
4648.63927 18.280 0.037
4648.64758 18.215 0.033
4648.65596 18.250 0.033
4648.66712 18.223 0.031
4648.67656 18.211 0.036
4648.68591 18.271 0.038
4648.70080 18.283 0.042
4648.71328 18.203 0.038
4648.72159 18.244 0.040
4648.73003 18.271 0.039
4648.73593 18.241 0.036
4648.74871 18.181 0.036
4648.75703 18.222 0.035
4648.76534 18.231 0.036
4648.77381 18.261 0.040
4648.78213 18.198 0.039
4648.83765 18.209 0.042
4649.50041 18.233 0.048
4649.54102 18.264 0.042
4649.59725 18.230 0.035
4649.69673 18.330 0.041
4649.71088 18.385 0.038
4649.82538 18.257 0.048
4650.49973 18.274 0.049
4650.53190 18.384 0.060
4650.74936 18.297 0.037
4650.83434 18.259 0.048
4651.49213 18.351 0.053
4652.48372 18.239 0.052
4652.68630 18.347 0.047
4652.76786 18.386 0.045
4652.82145 18.401 0.055
4653.48016 18.233 0.056
4653.69924 18.283 0.042
4653.76448 18.274 0.043
4654.51544 18.331 0.048
4654.72005 18.267 0.040
4654.79542 18.260 0.043
4655.47996 18.333 0.061
4655.70431 18.320 0.035
4655.76623 18.289 0.039
4656.48195 18.397 0.041
4656.67174 18.366 0.047
4656.78735 18.236 0.042
4657.55649 18.320 0.052
4658.64026 18.303 0.041
4659.57328 18.421 0.055
4660.52971 18.253 0.056
4661.47005 18.272 0.052
4661.66759 18.333 0.060
4661.73218 18.445 0.058
4661.79929 18.314 0.063
4665.63727 18.364 0.060
4666.48153 18.332 0.063
4666.66615 18.271 0.045
4669.59162 18.254 0.050
4670.62760 18.453 0.051
4671.54860 18.400 0.041
4671.75554 18.242 0.040
4672.48330 18.285 0.036
4672.74680 18.304 0.043
4672.78577 18.347 0.043
4674.48774 18.383 0.057
4677.46831 18.364 0.057
4677.61473 18.292 0.044
4677.69851 18.358 0.047
4678.66542 18.286 0.037
4679.56106 18.372 0.053
4681.50976 18.264 0.043
4681.60981 18.298 0.040
4682.48079 18.364 0.038
4682.55672 18.297 0.038
4682.73337 18.327 0.037
4683.47730 18.376 0.058
4683.68619 18.241 0.042
4683.74940 18.359 0.056
4684.48296 18.165 0.043
4684.74775 18.332 0.042
4685.52515 18.393 0.046
4686.48039 18.299 0.046
4687.50638 18.247 0.043
4687.71976 18.337 0.052
4688.47699 18.315 0.058
4688.66701 18.380 0.040
4688.72868 18.353 0.052
4693.52145 18.218 0.043
4694.51990 18.356 0.065
4697.47690 18.352 0.054
4697.70211 18.350 0.064
4698.48113 18.283 0.038
4699.48005 18.197 0.042
4700.48835 18.318 0.042
4701.48367 18.277 0.044
4701.67248 18.229 0.042
4702.48205 18.229 0.043
4703.59000 18.327 0.043
4704.56814 18.256 0.041
4705.48593 18.300 0.044
4705.66395 18.336 0.052
4707.58686 18.311 0.043
4708.51865 18.223 0.037
4709.49466 18.368 0.052
4710.52217 18.278 0.045
4711.50424 18.376 0.051
4715.55841 18.392 0.057
4715.60386 18.382 0.060
4716.48207 18.330 0.047
4716.49208 18.325 0.048
4716.55512 18.212 0.048
4716.57773 18.318 0.059
4716.65701 18.328 0.078
4720.50772 18.347 0.062
4720.60253 18.341 0.050
4721.50861 18.433 0.070
4722.62085 18.282 0.052
4724.48766 18.271 0.055
4725.56155 18.263 0.047
4726.52613 18.298 0.058
4728.57061 18.221 0.045
4729.51113 18.324 0.048
4730.59698 18.372 0.043
4731.53406 18.191 0.043
4733.48565 18.448 0.053
4734.53208 18.286 0.048
4737.52029 18.248 0.049
4738.56022 18.285 0.053
4739.56406 18.372 0.061
4740.53236 18.346 0.058
4741.50512 18.239 0.043
4743.51359 18.277 0.047
4750.58025 18.391 0.064
4756.49608 18.325 0.063
4765.49778 18.408 0.056
4867.87339 18.297 0.048
4870.88202 18.403 0.047
4872.88477 18.334 0.070
4876.84616 18.282 0.044
4884.82923 18.330 0.052
4886.87993 18.244 0.037
4890.86210 18.352 0.036
4896.84978 18.295 0.036
4899.82126 18.301 0.043
4900.80095 18.298 0.045
4901.86110 18.204 0.035
4902.85949 18.335 0.036
4904.78387 18.199 0.040
4905.88769 18.360 0.053
4910.78974 18.276 0.043
4911.76037 18.310 0.031
4912.75720 18.255 0.031
4914.76014 18.314 0.037
4918.75706 18.285 0.034
4924.71938 18.328 0.036
4925.76868 18.257 0.032
4925.88472 18.300 0.031
4926.73250 18.345 0.046
4927.80411 18.333 0.042
4928.71371 18.244 0.047
4929.71364 18.406 0.059
4929.86592 18.243 0.034
4930.77162 18.326 0.043
4931.81594 18.236 0.040
4932.77116 18.376 0.041
4933.69129 18.235 0.054
4933.81948 18.244 0.042
4938.69939 18.307 0.041
4938.79930 18.342 0.043
4939.72496 18.318 0.045
4939.81989 18.189 0.042
4940.72249 18.260 0.036
4941.69718 18.321 0.045
4941.82423 18.242 0.041
4942.67668 18.270 0.042
4942.84957 18.232 0.032
4943.68902 18.248 0.029
4943.75508 18.280 0.036
4944.69442 18.358 0.038
4944.76959 18.346 0.036
4945.69114 18.240 0.035
4945.82261 18.276 0.032
4946.74855 18.310 0.035
4947.70305 18.345 0.034
4948.85844 18.240 0.032
4949.65385 18.252 0.035
4950.69004 18.362 0.040
4951.68056 18.316 0.039
4952.79935 18.375 0.038
4953.65820 18.305 0.037
4953.76390 18.354 0.044
4954.67829 18.225 0.033
4954.77625 18.227 0.033
4955.68225 18.247 0.046
