2118.77509 16.185 0.007
2125.53347 16.400 0.012
2129.61709 16.440 0.007
2132.56095 16.439 0.008
2135.69757 16.264 0.007
2140.65637 16.158 0.007
2144.54179 16.156 0.007
2158.58563 16.187 0.007
2167.54082 16.443 0.007
2172.55651 16.322 0.009
2187.50730 16.247 0.008
2330.87988 16.242 0.007
2344.87536 16.231 0.007
2355.84069 16.209 0.007
2371.92082 16.239 0.007
2382.89916 16.524 0.009
2390.78554 16.373 0.008
2397.85885 16.176 0.007
2401.77188 16.164 0.007
2403.82794 16.488 0.008
2405.79634 16.484 0.008
2415.86421 16.219 0.008
2424.74122 16.450 0.011
2428.70554 16.292 0.007
2432.78560 16.280 0.008
2434.65323 16.233 0.007
2435.87224 16.424 0.009
2437.82255 16.443 0.008
2439.75795 16.375 0.007
2441.71023 16.317 0.007
2444.85266 16.449 0.009
2446.84272 16.277 0.008
2453.80066 16.314 0.008
2458.85549 16.281 0.007
2462.58204 16.162 0.007
2464.70326 16.167 0.007
2467.60644 16.218 0.007
2469.62091 16.192 0.007
2471.68068 16.271 0.007
2473.58172 16.442 0.009
2483.66254 16.197 0.007
2486.64583 16.356 0.009
2490.61278 16.478 0.008
2493.57209 16.337 0.007
2495.64659 16.365 0.007
2497.70134 16.163 0.007
2499.74915 16.454 0.008
2501.76761 16.231 0.008
2508.58781 16.450 0.008
2512.54401 16.252 0.008
2517.71416 16.412 0.009
2520.50088 16.427 0.008
2526.59699 16.234 0.007
2535.59799 16.221 0.008
2541.57619 16.391 0.008
2547.51618 16.197 0.008
2551.55124 16.484 0.010
2556.50443 16.261 0.008
2563.54001 16.141 0.007
2574.51730 16.176 0.007
2705.88257 16.128 0.007
2714.83289 16.292 0.007
2733.84489 16.156 0.007
2744.81652 16.141 0.007
2752.89169 16.426 0.016
2756.86244 16.173 0.007
2760.82832 16.122 0.007
2766.86191 16.126 0.007
2770.74158 16.156 0.007
2783.80253 16.210 0.007
2786.86514 16.420 0.009
2789.67149 16.293 0.007
2791.63407 16.311 0.007
2794.78757 16.137 0.007
2796.73718 16.167 0.007
2808.87905 16.180 0.009
2810.80719 16.129 0.007
2811.84767 16.289 0.007
2813.64416 16.304 0.009
2815.76583 16.278 0.007
2817.71881 16.231 0.007
2818.78096 16.184 0.007
2820.65123 16.197 0.007
2826.64336 16.113 0.006
2834.70133 16.216 0.014
2835.82184 16.105 0.007
2837.56041 16.295 0.008
2839.59295 16.149 0.007
2841.60831 16.413 0.009
2843.53860 16.253 0.008
2845.57817 16.221 0.008
2849.72859 16.162 0.007
2851.74288 16.403 0.009
2853.74872 16.203 0.007
2856.63738 16.394 0.009
2858.61274 16.378 0.011
2863.62177 16.171 0.008
2866.71054 16.112 0.007
2869.65121 16.117 0.007
2872.62529 16.224 0.007
2877.61530 16.200 0.007
2883.58265 16.299 0.007
2892.58320 16.352 0.009
2896.60490 16.133 0.007
2902.55086 16.413 0.011
2907.54344 16.129 0.009
2916.61748 16.397 0.011
2928.56101 16.377 0.009
3050.89486 16.148 0.011
