2125.58780 17.450 0.019
2129.66646 17.468 0.011
2132.60906 17.720 0.016
2135.74728 17.478 0.013
2144.59599 17.726 0.018
2160.57967 17.479 0.015
2187.55491 17.544 0.017
2206.54888 17.530 0.026
2355.86491 17.550 0.013
2365.78408 17.457 0.016
2372.82316 17.634 0.014
2403.87819 17.648 0.014
2414.76435 17.470 0.012
2416.79676 17.466 0.016
2424.89210 17.653 0.025
2428.79162 17.485 0.016
2432.83606 17.574 0.017
2434.70195 17.486 0.013
2436.75801 17.511 0.012
2438.72784 17.510 0.013
2440.76779 17.520 0.012
2443.72931 17.711 0.017
2445.61034 17.530 0.013
2448.61039 17.682 0.022
2453.85611 17.475 0.016
2456.56396 17.550 0.019
2458.69994 17.490 0.013
2460.77461 17.580 0.020
2463.52154 17.478 0.014
2466.73718 17.675 0.020
2468.60655 17.495 0.013
2470.60992 17.554 0.015
2484.60176 17.727 0.020
2490.66109 17.664 0.020
2493.62325 17.491 0.015
2495.69464 17.494 0.012
2498.48806 17.466 0.012
2500.52349 17.519 0.015
2502.54556 17.506 0.013
2508.64490 17.564 0.019
2512.59233 17.564 0.016
2517.63422 17.517 0.014
2520.56102 17.747 0.016
2526.65005 17.616 0.014
2542.49704 17.696 0.023
2547.57103 17.599 0.018
2551.60317 17.500 0.018
2556.55538 17.752 0.021
2564.51256 17.643 0.020
2575.51111 17.556 0.019
2706.90121 17.792 0.016
2714.88143 17.552 0.013
2728.91238 17.610 0.018
2733.89355 17.620 0.018
2744.88015 17.667 0.014
2753.86585 17.755 0.017
2756.93642 17.786 0.020
2760.87941 17.501 0.015
2766.93254 17.594 0.018
2770.80483 17.473 0.015
2783.74799 17.744 0.014
2785.85998 17.511 0.018
2786.91335 17.461 0.015
2789.72452 17.488 0.013
2791.70475 17.622 0.015
2794.92371 17.684 0.020
2796.79062 17.628 0.013
2809.69682 17.594 0.013
2810.86369 17.577 0.017
2811.89680 17.529 0.020
2813.69226 17.524 0.016
2814.72009 17.488 0.014
2814.72680 17.527 0.014
2814.74979 17.512 0.014
2814.77893 17.535 0.014
2814.80593 17.611 0.015
2814.84491 17.681 0.018
2814.87019 17.740 0.019
2814.89600 17.673 0.020
2815.53343 17.523 0.019
2816.57757 17.538 0.014
2818.56507 17.487 0.016
2820.73019 17.743 0.018
2826.73064 17.493 0.013
2834.77180 17.678 0.050
2837.60891 17.715 0.021
2839.65721 17.683 0.020
2841.68637 17.657 0.016
2843.60551 17.502 0.013
2845.63482 17.467 0.015
2850.49557 17.513 0.015
2852.51229 17.474 0.016
2854.51229 17.538 0.018
2856.69505 17.654 0.020
2858.66040 17.522 0.014
2862.58699 17.717 0.025
2865.69628 17.701 0.020
2868.57610 17.484 0.012
2871.68368 17.506 0.013
2876.56694 17.588 0.016
2879.61107 17.482 0.014
2885.50873 17.588 0.020
2894.61380 17.482 0.016
2898.59867 17.731 0.020
2904.57146 17.496 0.018
2909.56670 17.762 0.021
2917.60590 17.507 0.018
2930.54848 17.594 0.017
3134.86398 17.530 0.021
