2130.48399 19.546 0.117
2133.50987 19.602 0.123
2136.63112 19.240 0.116
2141.62182 19.440 0.132
2144.70274 19.386 0.113
2170.60342 19.504 0.135
2179.50168 19.354 0.164
2189.49678 19.484 0.179
2212.52351 19.932 0.272
2333.90252 19.692 0.171
2337.80920 20.162 0.235
2349.82758 19.455 0.128
2357.82071 19.796 0.163
2365.89526 19.647 0.150
2373.77572 19.317 0.111
2405.85550 19.775 0.165
2464.76687 19.590 0.104
2708.90155 19.537 0.123
2850.63392 19.619 0.104
2858.76123 19.389 0.137
3059.84734 20.124 0.231
3064.86252 20.063 0.219
3068.81587 19.434 0.131
3070.90110 19.524 0.118
3073.85355 19.692 0.134
3075.88815 19.880 0.166
3080.80070 19.783 0.185
3083.75495 19.742 0.137
3085.85157 19.640 0.110
3087.77924 19.637 0.147
3089.82623 19.679 0.097
3091.88045 19.929 0.137
3097.80536 19.903 0.187
3099.89192 19.667 0.164
3101.79705 19.578 0.141
3102.89177 19.717 0.140
3104.74746 19.048 0.202
3106.88914 20.072 0.223
3107.87958 20.080 0.221
3109.81657 19.747 0.111
3110.88321 19.484 0.093
3112.88248 19.857 0.130
3113.89379 19.453 0.100
3114.82414 20.075 0.163
3115.88457 19.602 0.105
3116.86497 19.590 0.111
3124.75670 19.383 0.132
3126.69626 19.683 0.117
3127.86261 19.649 0.128
3128.86244 19.630 0.155
3130.74140 19.325 0.111
3131.70778 19.604 0.185
3134.87683 19.834 0.333
3137.75883 20.008 0.209
3138.64417 19.737 0.161
3139.93148 19.543 0.109
3142.81219 19.481 0.093
3144.82921 19.795 0.126
3146.87494 19.428 0.097
3151.79988 19.695 0.145
3152.80143 19.877 0.170
3153.80006 19.522 0.131
3154.88770 19.648 0.171
3156.85638 19.634 0.152
3157.86833 19.372 0.114
3158.87916 19.409 0.151
3162.83784 19.503 0.122
3163.79701 19.789 0.133
3164.78560 19.512 0.091
3165.70271 20.159 0.158
3168.85011 19.484 0.101
3169.81683 19.413 0.109
3170.63438 19.510 0.086
3171.77243 19.409 0.078
3171.89800 19.757 0.152
3172.79678 20.083 0.200
3173.83422 19.457 0.126
3174.75326 20.096 0.155
3175.76371 19.539 0.090
3175.84003 19.732 0.125
3177.80874 19.607 0.152
3179.54444 20.062 0.180
3180.76839 19.751 0.098
3182.82853 19.715 0.129
3183.78748 19.389 0.113
3184.74205 19.730 0.125
3185.67319 19.467 0.099
3193.59234 19.676 0.118
3193.63654 19.954 0.135
3194.54275 19.648 0.165
3194.78526 19.899 0.150
3195.54246 19.874 0.142
3196.73592 20.109 0.186
3197.56656 19.477 0.105
3199.67452 19.817 0.121
3201.53546 20.110 0.185
3202.66316 19.766 0.161
3203.57970 19.606 0.090
3204.61346 19.872 0.116
3205.70463 19.667 0.100
3206.57612 19.895 0.117
3206.76210 20.535 0.378
3210.49666 19.642 0.151
3211.65190 19.198 0.094
3217.69271 19.770 0.159
3218.69176 19.689 0.180
3223.69572 19.475 0.128
3224.74026 19.671 0.160
3226.67115 19.138 0.104
3228.64158 19.385 0.105
3230.71148 19.621 0.124
3231.61481 19.622 0.142
3232.64834 19.196 0.104
3238.66313 19.898 0.181
3240.51224 19.821 0.155
3241.69583 19.376 0.150
3245.59912 19.403 0.143
3247.48618 19.354 0.109
3249.59252 19.543 0.154
3251.50174 19.204 0.107
3254.55324 19.175 0.118
3257.49767 19.415 0.099
3260.53394 19.632 0.177
3265.59008 19.247 0.102
3267.57007 19.633 0.133
3272.63070 19.369 0.151
3277.54207 19.526 0.127
3279.60193 19.957 0.193
3282.51983 20.113 0.186
3289.50180 19.350 0.123
3295.51222 19.361 0.090
3295.56506 19.598 0.084
3296.53972 19.655 0.105
3300.55327 19.502 0.198
3418.88345 19.585 0.104
3423.85768 19.766 0.154
3427.86223 20.204 0.211
3429.89036 19.214 0.113
3436.84750 19.227 0.106
3443.80272 19.663 0.120
3445.84572 19.588 0.092
3447.89422 20.029 0.190
3449.91139 19.497 0.107
3453.81357 19.496 0.146
3455.87345 19.588 0.122
3456.88195 19.618 0.112
3457.87647 19.561 0.099
3459.86741 19.593 0.108
3468.91782 20.075 0.164
3470.90886 19.453 0.097
3472.81870 19.477 0.090
3473.90030 20.021 0.201
3474.90230 20.131 0.183
3475.89784 19.922 0.111
3477.91359 19.667 0.117
3479.78418 19.650 0.092
3480.91311 19.676 0.140
3482.91601 19.590 0.115
3496.77188 19.190 0.103
3497.87312 19.868 0.171
3499.76636 19.772 0.109
3500.85330 19.600 0.101
3502.66910 19.669 0.115
3503.82181 19.494 0.101
3506.76908 19.446 0.086
3508.88541 19.097 0.112
3509.68282 19.671 0.135
3510.92871 19.936 0.164
3511.85785 19.672 0.121
3512.86802 19.852 0.171
3517.73057 19.612 0.218
3520.87162 19.261 0.116
3521.68449 20.664 0.257
3522.79301 19.652 0.130
3523.82714 20.168 0.177
3524.82754 19.935 0.168
3525.90262 19.936 0.175
3526.93343 19.703 0.182
3528.60594 19.761 0.125
3530.82558 19.598 0.083
3537.79334 19.775 0.129
3538.71921 19.597 0.095
3540.77555 20.386 0.211
3544.78467 19.790 0.146
3547.78552 19.660 0.149
3550.79887 19.950 0.135
3551.79359 19.790 0.148
3552.81274 19.200 0.103
3553.79574 19.153 0.133
3554.81459 19.461 0.124
3555.80414 19.309 0.133
3556.71643 19.445 0.105
3558.60048 19.427 0.097
3559.60890 19.459 0.100
3560.65019 20.214 0.145
3561.58667 19.979 0.152
3562.63937 19.561 0.106
3563.69138 19.549 0.098
3564.52574 19.435 0.173
3564.79712 19.299 0.112
3568.80160 19.603 0.135
3569.48313 19.416 0.193
3569.62996 18.959 0.106
3573.73831 19.610 0.143
3574.73537 19.360 0.110
3575.67716 20.201 0.151
3576.73326 19.545 0.118
3577.78158 19.532 0.121
3578.71829 19.406 0.087
3579.66363 19.647 0.103
3580.70322 19.960 0.165
3581.71644 19.868 0.149
3582.66538 19.885 0.118
3583.68358 19.692 0.117
3584.68752 19.503 0.084
3585.68572 19.680 0.114
3586.74019 19.730 0.130
3588.76649 19.438 0.128
3589.72943 19.753 0.141
3590.72572 19.682 0.132
3591.70073 19.958 0.134
3592.73407 19.386 0.091
3601.70190 20.050 0.217
3602.70223 20.022 0.240
3603.68343 19.687 0.139
3607.68115 19.557 0.152
3609.50897 19.009 0.079
3615.62642 19.655 0.132
3617.65687 19.495 0.123
3619.58982 19.635 0.109
3621.59221 19.970 0.190
3628.65681 19.325 0.155
3629.51492 19.540 0.096
3631.61570 19.801 0.189
3633.54234 19.526 0.150
3634.62137 19.287 0.106
3639.49196 20.060 0.136
3644.57874 19.887 0.160
3649.55214 19.841 0.148
3651.59638 19.294 0.123
3655.56504 19.627 0.150
3659.56288 19.274 0.161
3662.56120 20.467 0.472
3668.52771 19.434 0.129
3676.50674 19.726 0.182
3777.86706 19.685 0.127
3783.85342 20.708 0.318
3785.86892 19.630 0.112
3787.87855 19.913 0.165
3791.85291 19.688 0.158
3793.89715 20.459 0.284
3795.88582 19.599 0.125
3797.79852 19.595 0.148
3798.84472 19.595 0.116
3799.89908 19.637 0.153
3801.85385 19.955 0.163
3802.88833 19.618 0.111
3804.80152 19.215 0.122
3805.84007 20.030 0.197
3806.83678 20.282 0.239
3807.86091 19.386 0.112
3808.86456 19.793 0.149
3810.77961 19.791 0.157
3811.80810 19.677 0.148
3812.88906 19.642 0.133
3813.87155 19.604 0.128
3814.86421 19.600 0.116
3818.78186 20.201 0.217
3819.84545 19.615 0.091
3820.80948 19.658 0.100
3821.81272 19.976 0.142
3822.85643 19.927 0.147
3823.81735 19.540 0.097
3824.81131 19.302 0.112
3825.84337 19.515 0.115
3826.81255 19.787 0.165
3827.84349 19.621 0.099
3828.82363 19.666 0.136
3829.75142 19.498 0.137
3830.78274 19.640 0.112
3832.78569 19.660 0.111
3833.81055 20.024 0.148
3834.78355 19.780 0.129
3835.77123 19.793 0.142
3836.73268 19.567 0.149
3837.77329 19.302 0.111
3838.78128 19.982 0.228
3838.89934 19.261 0.110
3840.78035 19.723 0.138
3841.73553 20.049 0.228
3841.88547 20.078 0.179
3842.73391 20.056 0.269
3845.75926 19.476 0.149
3846.76788 19.425 0.113
3846.90013 19.953 0.149
3847.84099 19.986 0.181
3848.79100 19.376 0.097
3848.92185 19.871 0.192
3849.78857 20.321 0.209
3850.73735 19.867 0.144
3850.90662 19.849 0.211
3851.74737 19.250 0.118
3851.91220 20.277 0.219
3852.73589 19.697 0.136
3852.86000 19.875 0.142
3853.72856 19.770 0.100
3853.89400 19.704 0.096
3856.71742 19.884 0.151
3856.90493 20.087 0.180
3858.75373 19.416 0.091
3859.87387 19.639 0.123
3860.77318 19.778 0.195
3861.70659 19.875 0.153
3861.81067 19.612 0.098
3861.90959 19.960 0.150
3862.68842 20.248 0.226
3862.90315 20.090 0.166
3863.70126 19.406 0.093
3863.84520 19.884 0.137
3863.92114 19.482 0.085
3864.71961 19.629 0.114
3864.90422 19.789 0.110
3865.67875 19.511 0.119
3865.81363 19.875 0.139
3865.89226 19.684 0.104
3866.72351 19.655 0.114
3866.86298 19.477 0.101
3867.66942 19.619 0.146
3867.85483 19.309 0.107
3867.92511 20.121 0.190
3868.67725 19.827 0.207
3868.82103 19.199 0.106
3868.90100 20.098 0.271
3869.64694 20.189 0.247
3869.83610 20.695 0.387
3869.91154 19.635 0.163
3873.71082 19.953 0.147
3873.84989 19.639 0.114
3873.92035 19.589 0.117
3874.71211 19.233 0.103
3874.88446 19.908 0.155
3875.64880 20.086 0.160
3875.79602 19.901 0.107
3875.89530 19.594 0.102
3877.67665 19.739 0.108
3877.82546 19.639 0.098
3877.89870 19.692 0.142
3880.88019 19.520 0.109
3881.62751 19.710 0.163
3881.70046 19.602 0.110
3881.84320 19.605 0.089
3882.61252 19.905 0.163
3882.81556 19.756 0.119
3882.88566 19.754 0.125
3883.67789 20.032 0.163
3883.92223 19.898 0.154
3886.64605 19.698 0.120
3886.83274 19.702 0.131
3886.90477 19.587 0.113
3886.93078 19.481 0.115
3887.61323 19.646 0.140
3887.81591 19.557 0.108
3887.84374 19.472 0.097
3887.91581 19.594 0.134
3888.64408 19.428 0.103
3889.78898 19.537 0.094
3890.58406 19.591 0.158
3891.72032 19.493 0.103
3891.83730 19.551 0.115
3891.91899 19.567 0.140
3892.63070 19.572 0.149
3893.66779 19.629 0.109
3893.91916 20.043 0.289
3894.71278 19.957 0.183
3896.65651 20.092 0.259
3900.57181 19.885 0.258
3900.75826 19.734 0.130
3900.83358 19.419 0.117
3901.59200 19.615 0.154
3901.76048 19.645 0.123
3901.83724 20.367 0.290
3901.90976 19.737 0.195
3902.60663 19.882 0.136
3902.80181 20.295 0.222
3903.69901 19.544 0.129
3904.58965 19.700 0.102
3904.75294 19.864 0.134
3904.82191 19.640 0.106
3904.87471 19.684 0.128
3905.58653 19.560 0.095
3905.76056 19.738 0.101
3905.83319 19.645 0.088
3905.90180 20.022 0.213
3906.52518 19.836 0.215
3906.69508 19.650 0.118
3906.76808 19.477 0.090
3906.84068 19.850 0.156
3907.63173 19.474 0.118
3907.82661 19.758 0.179
3908.56791 20.105 0.185
3908.75834 19.968 0.149
3908.83360 19.642 0.101
3909.57304 19.616 0.105
3909.77093 19.883 0.112
3909.84932 19.567 0.115
3910.62924 19.683 0.112
3912.57216 19.816 0.105
3912.76896 19.462 0.072
3912.85683 19.731 0.114
3913.56994 20.154 0.152
3913.77213 19.916 0.150
3913.86195 19.808 0.159
3914.58740 19.944 0.163
3915.56792 19.810 0.130
3915.77125 19.829 0.112
3915.86829 19.737 0.145
3916.61576 19.713 0.154
3916.78846 19.100 0.098
3917.65582 19.822 0.174
3917.86204 19.839 0.208
3918.64922 19.716 0.135
3918.85893 19.572 0.136
3919.60206 19.686 0.154
3919.83913 20.249 0.331
3920.55373 19.907 0.137
3920.74999 19.842 0.119
3920.82879 19.585 0.100
3921.54682 19.676 0.137
3921.75719 19.064 0.107
3922.75369 19.071 0.117
3930.60123 19.583 0.116
3931.49863 20.002 0.224
3931.55233 19.765 0.145
3931.67900 19.808 0.140
3932.56415 19.377 0.110
3933.55314 19.595 0.100
3933.73448 19.618 0.101
3933.81014 19.330 0.121
3934.52391 19.543 0.115
3934.64801 19.586 0.091
3934.71774 19.631 0.096
3934.78679 20.391 0.213
3935.57382 20.083 0.169
3935.74511 19.823 0.159
3935.79686 19.548 0.125
3936.52737 20.229 0.229
3936.69272 19.585 0.113
3936.77031 19.432 0.125
3937.60259 19.584 0.099
3938.53494 19.942 0.204
3938.73652 19.089 0.084
3938.78569 19.632 0.156
3940.63793 19.746 0.100
3941.68706 19.215 0.114
3944.59141 19.701 0.120
3945.54030 19.583 0.109
3945.72834 19.200 0.122
3946.55060 19.804 0.154
3946.74001 19.902 0.159
3950.55842 19.864 0.132
3950.78496 20.044 0.220
3951.55461 19.701 0.149
3956.60098 19.837 0.189
3957.54185 19.924 0.199
3958.61464 19.754 0.160
3959.55457 19.655 0.115
3959.71894 19.387 0.112
3960.53259 19.558 0.100
3960.71250 19.852 0.135
3961.60767 19.648 0.178
3963.49422 19.580 0.126
3963.66879 19.613 0.117
3963.74209 19.653 0.178
3964.48409 20.063 0.199
3964.56742 19.552 0.097
3965.55431 19.683 0.108
3966.54544 19.654 0.121
3966.72797 19.610 0.146
3967.56927 19.271 0.112
3968.53199 20.031 0.193
3968.70354 19.977 0.177
3969.53976 19.472 0.116
3969.71452 19.553 0.163
3970.54773 19.382 0.100
3971.58752 19.986 0.219
3973.61268 19.355 0.101
3974.54249 19.638 0.158
3975.54500 19.479 0.094
3976.54026 19.826 0.133
3979.55336 19.484 0.190
3982.62619 20.011 0.218
3986.61675 19.621 0.134
3987.53916 19.536 0.107
3988.55196 19.959 0.127
3989.61368 18.971 0.097
3990.65597 19.421 0.134
3994.50866 19.283 0.114
3995.60628 19.544 0.119
3999.64384 19.399 0.127
4000.55087 19.688 0.169
4001.54058 19.485 0.113
4002.53728 19.751 0.134
4004.56023 19.790 0.159
4005.56292 19.485 0.176
4006.56119 19.398 0.085
4012.53332 19.217 0.105
4016.57838 19.466 0.145
4018.58782 19.040 0.103
4021.57184 19.074 0.113
4024.51950 19.558 0.149
4026.51499 19.865 0.146
4028.53103 19.610 0.144
4031.53116 19.605 0.148
4039.51561 18.737 0.097
4042.50380 19.256 0.163
4142.88650 19.674 0.251
4151.89162 19.430 0.134
4154.83904 19.602 0.137
4156.89204 19.576 0.175
4159.82606 19.779 0.166
4161.87949 20.158 0.248
4163.89551 19.729 0.136
4165.85234 19.505 0.182
4168.84993 19.805 0.182
4170.86880 19.680 0.146
4175.88592 19.751 0.132
4177.78565 19.296 0.100
4178.84299 20.117 0.201
4179.88288 19.495 0.113
4181.81928 19.718 0.136
4182.86787 19.869 0.136
4183.90035 19.458 0.112
4185.77681 19.841 0.187
4191.78736 19.812 0.217
4193.79852 19.515 0.157
4194.82132 20.008 0.201
4196.81131 19.541 0.127
4202.79286 19.632 0.100
4203.78068 19.593 0.103
4204.77305 19.539 0.119
4205.77124 19.776 0.124
4205.92266 19.652 0.133
4207.76251 20.061 0.178
4208.71648 20.337 0.238
4211.82780 19.498 0.115
4212.85733 19.261 0.119
4213.76542 19.676 0.129
4215.77846 19.738 0.161
4216.73626 19.764 0.126
4217.74381 20.010 0.142
4217.90508 19.668 0.101
4218.79356 19.415 0.135
4219.80359 19.621 0.129
4220.74533 19.779 0.173
4222.71127 20.038 0.248
4224.82161 19.476 0.115
4228.71391 19.705 0.160
4229.70752 19.935 0.221
4229.90447 20.031 0.193
4230.65568 20.067 0.201
4230.84368 19.821 0.157
4230.90534 19.595 0.183
4231.67964 20.021 0.213
4231.73074 19.773 0.144
4231.88573 19.548 0.140
4232.66739 19.110 0.132
4232.79243 19.828 0.181
4232.92996 19.658 0.186
4233.86300 19.568 0.148
4234.79046 19.735 0.132
4234.91284 20.041 0.239
4235.70407 20.371 0.223
4235.76153 19.767 0.141
4235.86510 19.811 0.159
4235.92765 19.640 0.169
4237.63062 19.913 0.236
4238.70195 19.568 0.123
4238.91143 19.495 0.174
4239.67382 19.678 0.126
4240.71347 19.499 0.138
4240.87334 19.799 0.191
4243.67914 19.604 0.132
4243.77258 19.905 0.182
4243.86546 19.369 0.138
4244.65131 19.623 0.156
4244.74770 20.071 0.167
4244.84031 19.577 0.121
4245.64439 19.505 0.106
4245.73873 19.913 0.128
4245.83419 19.534 0.096
4245.90679 19.736 0.160
4246.70306 19.870 0.151
4246.79620 19.606 0.113
4246.88890 19.941 0.189
4247.71813 19.645 0.146
4250.76624 19.791 0.175
4256.65864 19.518 0.159
4256.80419 19.219 0.134
4257.68556 19.823 0.188
4258.66841 19.754 0.186
4258.79122 19.829 0.180
4258.88384 19.636 0.184
4267.62806 19.860 0.162
4268.75462 19.519 0.103
4268.87505 19.730 0.193
4269.61030 19.948 0.166
4269.76057 19.772 0.144
4270.54503 19.966 0.229
4272.59147 19.399 0.115
4272.74138 19.648 0.120
4272.80000 19.605 0.149
4272.87143 19.663 0.177
4273.65186 19.963 0.199
4273.83002 19.491 0.158
4273.89121 19.763 0.253
4274.58294 19.782 0.198
4274.73585 19.707 0.139
4274.79674 19.884 0.183
4275.63445 19.633 0.170
4275.80976 19.932 0.252
4275.87083 19.545 0.220
4276.72599 19.606 0.155
4277.56295 19.270 0.155
4277.73998 19.783 0.183
4277.79865 19.539 0.170
4278.60788 19.281 0.144
4278.79835 19.433 0.188
4283.54547 19.527 0.143
4284.53725 19.451 0.147
4284.68761 19.576 0.148
4284.75008 19.805 0.165
4284.80902 19.577 0.186
4285.54044 19.551 0.179
4285.73398 19.241 0.114
4285.79943 19.657 0.155
4285.86047 19.518 0.179
4286.54022 19.182 0.134
4286.84839 19.425 0.229
4289.55107 19.355 0.130
4289.76999 19.538 0.135
4289.83668 19.710 0.182
4290.59739 19.684 0.165
4291.61708 19.918 0.189
4292.52262 19.910 0.170
4292.70164 19.679 0.125
4292.76044 19.914 0.151
4292.82343 19.561 0.159
4293.52338 20.160 0.201
4293.70754 20.090 0.174
4293.76627 19.530 0.126
4293.80659 19.651 0.143
4294.52202 19.706 0.154
4295.53219 19.650 0.143
4295.72727 19.472 0.095
4295.78588 19.645 0.143
4295.78895 19.748 0.158
4295.81632 19.934 0.206
4295.83758 20.232 0.303
4296.52624 19.601 0.147
4296.73730 19.791 0.146
4297.54607 19.939 0.160
4297.75063 19.853 0.164
4298.59763 19.242 0.099
4298.69213 19.653 0.147
4299.56761 19.547 0.101
4299.65758 19.687 0.114
4299.74881 19.533 0.114
4300.56427 19.302 0.105
4300.67943 19.807 0.144
4301.55041 19.768 0.129
4301.64668 19.735 0.125
4301.74884 19.561 0.110
4302.62339 19.399 0.116
4302.82221 19.558 0.158
4303.71342 19.889 0.185
4304.58827 19.394 0.138
4306.59402 19.857 0.196
4312.53522 19.383 0.146
4312.77811 19.567 0.141
4314.79271 19.097 0.143
4315.56670 19.570 0.139
4316.59697 19.592 0.125
4317.51889 19.614 0.128
4319.55394 19.871 0.191
4319.69992 19.438 0.141
4320.62127 19.384 0.123
4326.56900 19.625 0.116
4326.74683 19.315 0.138
4327.62280 19.590 0.163
4328.48790 19.522 0.150
4328.72756 19.425 0.154
4329.55824 19.479 0.154
4329.70554 19.346 0.144
4330.48827 19.530 0.130
4330.72557 19.849 0.178
4331.53044 19.763 0.153
4332.54042 19.698 0.116
4333.56541 19.560 0.144
4334.53843 19.581 0.211
4334.69388 18.881 0.203
4338.53557 19.541 0.152
4338.71346 19.274 0.193
4339.53170 19.689 0.152
4340.65187 19.681 0.145
4341.53598 19.640 0.179
4342.56799 19.397 0.134
4343.55180 19.753 0.123
4344.58143 19.740 0.170
4345.54348 19.900 0.152
4346.55314 19.479 0.156
4347.56745 19.557 0.145
4349.53311 19.616 0.120
4350.58661 20.017 0.185
4351.53832 20.139 0.205
4353.55797 19.696 0.170
4354.57739 19.494 0.143
4355.58520 19.823 0.228
4356.54237 20.134 0.246
4357.52594 19.697 0.194
4358.55722 19.917 0.221
4359.52620 19.523 0.142
4361.53951 19.639 0.210
4365.59513 19.908 0.240
4367.54850 20.437 0.317
4368.52146 19.682 0.195
4369.60062 19.464 0.176
4370.52851 19.681 0.130
4371.50298 19.553 0.141
4372.55209 19.472 0.113
4373.54311 19.573 0.181
4377.51633 19.507 0.131
4378.55070 19.777 0.197
4380.50816 19.516 0.130
4381.55582 19.586 0.174
4382.54690 19.406 0.164
4383.54655 19.856 0.225
4384.52100 19.855 0.195
4392.51257 19.673 0.224
4393.56304 20.372 0.287
4394.53621 20.081 0.234
4395.57240 19.419 0.176
4396.54216 19.624 0.227
4397.56585 19.109 0.139
4398.57122 19.466 0.208
4399.52113 19.845 0.243
4403.51946 19.411 0.165
4409.53689 19.657 0.225
4508.88030 19.841 0.132
4511.86227 19.720 0.144
4511.88212 20.105 0.182
4513.89347 19.899 0.209
4517.89259 19.744 0.217
4521.83193 19.454 0.163
4523.90432 19.670 0.227
4525.84827 19.645 0.282
4531.86495 19.777 0.168
4534.89489 19.312 0.128
4536.80974 19.544 0.166
4537.86990 19.602 0.111
4538.90232 20.115 0.206
4539.88841 19.885 0.153
4540.83233 20.027 0.172
4541.82485 19.770 0.167
4542.81964 19.434 0.118
4543.81515 19.686 0.114
4544.81210 19.354 0.110
4545.77619 19.605 0.170
4546.78291 19.866 0.175
4547.75762 19.963 0.219
4548.87350 19.252 0.131
4548.90083 19.680 0.191
4550.78000 19.339 0.134
4551.81888 19.983 0.183
4552.75031 19.619 0.212
4556.78971 19.806 0.132
4557.81088 19.928 0.170
4558.74049 20.074 0.179
4559.78136 19.456 0.100
4560.78178 19.392 0.120
4561.77106 19.453 0.084
4564.76129 19.782 0.136
4565.75933 19.538 0.102
4566.75878 19.559 0.102
4567.75872 19.539 0.113
4568.76827 19.666 0.121
4569.77867 19.791 0.132
4570.76394 19.542 0.117
4571.75559 19.645 0.169
4572.78242 20.011 0.186
4573.77060 19.735 0.138
4574.77318 19.828 0.156
4574.92253 19.701 0.145
4575.78197 19.424 0.121
4576.89190 20.090 0.233
4577.87019 19.847 0.186
4577.92620 19.652 0.150
4578.82451 19.546 0.148
4579.89833 19.817 0.231
4583.76856 19.302 0.124
4585.79557 19.598 0.174
4586.77167 19.589 0.152
4587.80524 19.590 0.129
4588.68039 19.704 0.181
4588.91288 19.573 0.125
4589.72682 19.506 0.109
4589.88213 19.139 0.107
4590.73559 19.861 0.176
4591.67673 19.475 0.125
4591.88803 19.598 0.138
4592.69696 20.365 0.236
4592.88621 20.842 0.493
4593.68608 19.597 0.115
4593.89592 19.833 0.176
4593.93582 19.523 0.160
4594.70733 19.476 0.121
4594.90216 19.804 0.166
4595.62891 19.464 0.151
4595.65386 19.528 0.142
4595.67992 19.408 0.103
4595.69955 19.541 0.114
4595.73350 19.624 0.121
4595.76691 19.945 0.151
4595.89123 19.441 0.121
4595.93621 19.146 0.130
4596.64688 19.335 0.113
4596.64996 19.390 0.108
4596.69177 19.726 0.142
4596.78720 19.824 0.117
4597.65457 19.443 0.129
4597.71637 19.881 0.153
4597.90801 19.673 0.141
4598.69258 19.718 0.109
4599.66510 19.799 0.149
4600.67747 19.826 0.129
4600.88612 19.619 0.123
4601.68000 19.619 0.104
4601.89627 19.660 0.134
4602.67256 19.505 0.098
4602.89692 19.672 0.141
4603.88398 19.680 0.171
4606.68042 19.666 0.131
4606.93867 20.401 0.445
4610.91101 19.511 0.153
4611.65925 19.532 0.123
4611.80810 19.793 0.156
4612.68071 19.715 0.157
4615.82307 19.772 0.196
4616.63472 19.486 0.135
4616.85101 19.278 0.113
4617.73842 19.427 0.146
4618.64328 19.421 0.115
4622.65687 19.217 0.102
4622.84184 19.196 0.115
4623.70354 19.716 0.143
4623.90107 19.903 0.264
4624.62500 19.473 0.156
4624.84497 19.644 0.142
4624.91408 19.392 0.166
4625.63540 19.545 0.145
4625.85477 19.793 0.170
4626.66030 19.497 0.142
4627.59396 19.953 0.187
4627.88344 19.456 0.102
4628.60095 19.645 0.131
4628.79072 19.450 0.126
4628.85304 19.552 0.120
4628.92725 19.806 0.202
4629.66378 19.819 0.130
4629.87138 19.944 0.156
4630.59883 19.517 0.120
4630.81460 19.443 0.124
4630.88415 19.598 0.136
4631.62440 20.184 0.187
4631.82307 19.812 0.129
4631.89849 19.224 0.109
4632.60652 20.030 0.195
4632.89315 19.571 0.172
4633.60053 19.432 0.115
4633.71146 19.762 0.126
4633.84487 19.391 0.135
4638.78495 19.423 0.134
4639.60866 19.514 0.116
4639.75801 19.561 0.153
4640.62674 19.854 0.156
4640.75866 19.465 0.104
4641.70231 19.490 0.127
4641.81440 19.575 0.175
4642.62475 19.840 0.146
4642.78700 19.861 0.186
4642.86606 20.057 0.265
4643.58399 19.606 0.145
4644.63250 19.328 0.113
4645.56289 19.518 0.140
4645.81059 19.446 0.125
4645.87617 19.534 0.164
4646.55789 19.674 0.128
4646.88364 19.372 0.147
4647.55425 19.395 0.117
4647.77042 19.596 0.151
4647.79463 19.354 0.143
4648.55133 19.531 0.140
4648.80516 19.257 0.124
4649.56156 19.896 0.158
4649.78791 19.475 0.123
4650.56271 19.557 0.153
4650.82583 19.157 0.109
4651.54614 19.486 0.126
4652.53762 19.348 0.129
4652.75180 19.388 0.112
4653.53320 19.511 0.156
4653.75246 19.451 0.140
4654.57235 19.805 0.161
4654.78690 19.563 0.148
4655.53306 19.879 0.196
4655.75765 19.599 0.129
4656.53501 19.569 0.127
4656.72487 19.465 0.125
4656.84424 19.629 0.207
4657.76342 19.373 0.131
4658.69364 19.189 0.113
4660.64591 19.566 0.126
4661.52311 20.417 0.325
4661.72377 19.519 0.157
4661.79083 19.092 0.105
4665.69075 19.235 0.143
4666.59605 19.536 0.133
4666.69706 19.965 0.230
4666.73927 19.441 0.146
4666.81160 19.435 0.204
4670.61812 19.397 0.124
4671.61624 19.413 0.094
4672.54207 19.714 0.124
4672.69227 20.094 0.171
4672.77744 19.372 0.120
4674.54791 19.672 0.176
4674.73813 19.317 0.126
4675.78603 19.373 0.142
4677.52147 19.965 0.178
4677.60617 19.314 0.100
4677.76096 19.160 0.126
4679.66028 19.497 0.143
4681.57037 19.689 0.149
4681.66287 19.270 0.105
4681.75317 19.978 0.215
4682.58743 19.540 0.123
4682.69120 19.779 0.140
4683.55255 19.284 0.127
4683.74109 19.577 0.130
4684.54512 19.465 0.109
4684.71648 19.537 0.124
4685.48771 19.459 0.153
4685.76520 19.573 0.165
4686.53381 19.700 0.177
4687.53718 19.655 0.165
4688.53048 19.845 0.154
4688.72020 19.624 0.157
4693.58951 19.784 0.226
4694.63929 19.621 0.215
4697.53397 20.036 0.222
4698.53937 19.906 0.147
4699.53753 19.445 0.104
4700.54202 19.468 0.129
4701.53805 19.273 0.125
4702.55349 20.187 0.270
4703.62090 19.463 0.154
4704.67629 19.849 0.189
4705.60454 19.433 0.137
4707.63273 19.335 0.106
4708.58462 19.653 0.158
4709.54876 19.076 0.113
4710.58947 19.717 0.168
4715.62834 19.454 0.160
4716.62135 19.472 0.183
4720.54168 19.462 0.144
4721.53942 19.114 0.124
4722.50520 19.571 0.173
4724.54193 19.907 0.204
4725.52064 19.661 0.170
4726.51768 19.042 0.114
4729.50216 19.422 0.139
4730.50360 19.891 0.169
4731.61055 19.273 0.126
4733.55902 19.527 0.144
4734.58838 19.242 0.123
4737.57699 19.181 0.111
4740.58981 19.308 0.145
4758.54662 19.251 0.121
4869.88235 19.701 0.229
4872.87606 20.124 0.353
4875.87675 19.969 0.208
4878.87043 19.478 0.129
4884.88706 20.088 0.214
4887.85947 19.862 0.164
4891.81574 19.490 0.153
4896.90670 19.566 0.217
4899.88051 19.545 0.127
4901.80404 19.812 0.192
4903.79975 20.089 0.239
4905.84801 19.627 0.144
4910.84601 19.537 0.161
4911.88303 20.058 0.150
4913.89650 19.535 0.106
4917.74308 19.902 0.172
4921.74443 19.556 0.127
4925.73119 19.733 0.135
4925.84755 19.836 0.140
4926.72432 20.022 0.208
4927.74737 19.365 0.128
4927.90204 19.857 0.195
4928.79582 19.170 0.116
4929.74245 19.381 0.133
4930.73444 19.607 0.146
4930.88231 19.398 0.113
4931.77864 20.002 0.215
4932.71272 20.481 0.303
4933.72861 19.286 0.120
4933.90630 19.375 0.144
4934.82726 20.120 0.223
4938.72817 19.574 0.146
4939.68898 19.797 0.191
4940.68896 19.610 0.134
4940.86041 19.079 0.097
4941.88409 19.320 0.124
4942.70547 19.864 0.164
4942.77741 19.684 0.120
4942.81216 19.540 0.110
4943.71786 20.118 0.167
4943.87467 19.637 0.133
4944.68339 19.804 0.145
4944.72928 19.693 0.125
4945.67707 19.994 0.204
4946.70479 19.665 0.147
4947.68785 19.663 0.113
4948.66751 19.704 0.143
4950.65828 20.063 0.197
4951.82197 19.749 0.187
4952.79115 20.203 0.184
4953.69131 19.565 0.122
4954.67006 19.990 0.167
4954.73615 19.584 0.114
4955.67078 20.060 0.210
4955.83953 20.121 0.206
