2118.75289 18.010 0.037
2125.52161 18.087 0.055
2129.60441 18.079 0.031
2132.54905 17.947 0.028
2135.68062 18.113 0.028
2140.64447 18.192 0.034
2144.53101 18.156 0.046
2158.57357 18.113 0.037
2167.52881 18.295 0.034
2172.54455 17.955 0.037
2187.49529 17.946 0.034
2330.86835 18.025 0.030
2344.86388 17.917 0.028
2355.82923 18.277 0.034
2371.90936 17.972 0.027
2382.88685 18.158 0.037
2386.83963 18.193 0.039
2390.76952 17.971 0.039
2397.84712 18.083 0.038
2401.76022 18.234 0.038
2405.78463 17.930 0.028
2415.85251 17.978 0.037
2424.72940 18.127 0.063
2428.69371 18.067 0.031
2432.76428 18.261 0.059
2434.63375 18.176 0.041
2435.86040 18.138 0.038
2437.80485 17.942 0.034
2441.69842 17.953 0.024
2446.83195 18.016 0.037
2453.78883 17.935 0.030
2458.84075 18.128 0.034
2462.57008 17.979 0.027
2464.69138 17.973 0.025
2467.59447 18.140 0.030
2469.60895 17.960 0.023
2471.66873 18.016 0.024
2483.65053 18.224 0.034
2486.63382 17.974 0.037
2490.60083 18.322 0.042
2493.56006 17.907 0.028
2495.63462 17.909 0.027
2496.49136 17.969 0.027
2497.49527 17.971 0.031
2498.57524 18.169 0.027
2499.73714 17.937 0.025
2501.75558 17.949 0.030
2508.57189 17.911 0.028
2512.53192 18.184 0.042
2517.70204 18.273 0.052
2520.48873 17.986 0.034
2526.58491 17.911 0.025
2535.58594 17.976 0.042
2541.56407 17.904 0.031
2547.50410 17.931 0.034
2551.53855 18.339 0.052
2556.49229 18.082 0.045
2563.52792 17.875 0.028
2574.50560 18.227 0.046
2705.86838 18.261 0.037
2713.91027 17.939 0.027
2728.85142 17.922 0.034
2733.83350 17.979 0.034
2744.80594 18.063 0.028
2752.87750 17.891 0.031
2756.85087 18.242 0.035
2760.81685 17.968 0.037
2766.85041 17.976 0.030
2770.73009 17.937 0.034
2783.79102 18.030 0.027
2786.85361 18.140 0.038
2789.65992 18.198 0.035
2791.62078 17.947 0.030
2794.77686 18.092 0.035
2796.72563 17.991 0.024
2808.86743 17.900 0.049
2810.79557 18.192 0.035
2811.83600 18.252 0.037
2813.63252 17.972 0.037
2815.75424 18.240 0.031
2817.70713 17.921 0.030
2818.76927 18.030 0.032
2820.63960 18.169 0.038
2826.63166 18.223 0.038
2834.68963 17.876 0.063
2835.81018 18.170 0.045
2837.54490 17.875 0.032
2839.58119 18.091 0.039
2841.59140 18.222 0.039
2843.52684 17.904 0.038
2845.56642 17.964 0.034
2849.71684 17.912 0.028
2851.73114 17.893 0.034
2853.73695 18.008 0.037
2856.62556 17.962 0.034
2858.60093 18.247 0.058
2859.63962 18.229 0.055
2863.61000 17.963 0.035
2866.69878 17.906 0.034
2869.63941 17.974 0.030
2872.61348 18.042 0.027
2877.60347 17.932 0.031
2883.54999 17.899 0.023
2892.57129 17.884 0.034
2896.59307 18.140 0.032
2902.53320 18.244 0.058
2907.53153 17.930 0.037
2916.60568 18.030 0.053
2928.54913 18.255 0.046
3050.88348 18.003 0.037
3058.83045 18.266 0.042
3061.89489 18.226 0.037
3067.83133 18.277 0.038
3072.86980 17.911 0.023
3074.90924 17.885 0.028
3079.81616 17.927 0.031
3082.78262 18.083 0.028
3084.77775 17.945 0.025
3086.77063 18.022 0.025
3087.88406 17.940 0.030
3089.79206 18.289 0.034
3091.75362 17.927 0.027
3096.78052 18.222 0.046
3098.78974 18.114 0.031
3100.90121 18.140 0.031
3102.78050 17.966 0.030
3107.78040 17.963 0.025
3108.85052 18.177 0.028
3109.92026 18.188 0.032
3110.76975 17.954 0.031
3111.82723 17.908 0.025
3113.80639 18.275 0.030
3114.74471 17.895 0.024
3115.80659 18.095 0.027
3118.86348 18.030 0.032
3122.81362 18.224 0.044
3125.79110 17.909 0.035
3126.80128 17.943 0.027
3127.73106 18.268 0.037
3128.75066 18.247 0.035
3129.73343 18.001 0.035
3130.90831 17.890 0.032
3134.70378 18.256 0.077
3137.74996 18.121 0.037
3138.85749 18.119 0.031
3139.79330 18.014 0.025
3140.80633 17.995 0.025
3142.66413 18.005 0.027
3142.92026 18.297 0.034
3144.72767 18.059 0.027
3146.69111 17.935 0.030
3151.68629 17.982 0.034
3152.69114 17.938 0.028
3152.90267 18.009 0.046
3153.69270 17.893 0.032
3154.64202 18.128 0.049
3156.73129 17.988 0.030
3158.78141 18.047 0.044
3162.74404 17.967 0.052
3163.70316 18.028 0.027
3164.67038 18.274 0.035
3166.67685 18.110 0.044
3167.88570 18.019 0.041
3168.68390 17.931 0.027
3169.65942 17.992 0.027
3170.72963 17.883 0.021
3171.68354 17.980 0.023
3172.66880 18.265 0.030
3174.64780 17.943 0.023
3175.64968 17.931 0.024
3176.68373 17.958 0.035
3178.71221 17.886 0.028
3179.74926 17.886 0.024
3180.64085 18.187 0.024
3182.70343 18.270 0.035
3183.65254 17.869 0.027
3184.62333 17.989 0.024
3185.78866 18.266 0.038
3193.46632 18.042 0.058
3193.80701 18.315 0.042
3194.67316 18.006 0.030
3195.60437 18.080 0.027
3196.68051 18.258 0.041
3197.68318 18.237 0.034
3199.71486 18.172 0.030
3202.70270 18.001 0.030
3203.74781 17.899 0.023
3204.74353 17.922 0.024
3205.62195 17.970 0.023
3206.59899 17.914 0.024
3210.71011 17.968 0.030
3211.61507 18.162 0.032
3212.62741 18.088 0.041
3217.58988 18.186 0.087
3218.58906 18.153 0.039
3223.58575 18.068 0.042
3224.59501 18.166 0.030
3226.54931 17.948 0.025
3228.67862 18.248 0.038
3229.56244 17.973 0.027
3230.60137 17.926 0.021
3231.50226 18.036 0.034
3239.51406 18.139 0.031
3240.71088 18.018 0.046
3241.59526 18.284 0.083
3244.69267 18.196 0.066
3246.57921 17.934 0.035
3248.60404 18.104 0.035
3250.59138 18.138 0.034
3253.58316 17.914 0.025
3256.56250 18.353 0.049
3259.55941 17.925 0.032
3262.57100 17.933 0.030
3266.58465 18.066 0.042
3272.53427 18.118 0.034
3274.56409 17.996 0.038
3278.51444 18.341 0.044
3281.54213 18.005 0.031
3287.54716 18.310 0.045
3292.53585 17.940 0.030
3305.57184 18.275 0.058
3415.87029 17.910 0.023
3420.87045 18.299 0.039
3424.90327 17.958 0.030
3428.85152 18.159 0.037
3430.88828 18.080 0.027
3442.82470 18.264 0.041
3444.87872 18.241 0.027
3446.90743 18.275 0.041
3449.79715 18.269 0.032
3452.82561 18.075 0.030
3454.87918 17.991 0.030
3457.81386 18.290 0.038
3458.80799 18.320 0.039
3458.85729 18.121 0.031
3467.86533 18.184 0.027
3469.77103 17.937 0.024
3471.87212 17.924 0.030
3472.92827 18.029 0.027
3473.76566 18.115 0.031
3475.78881 17.991 0.027
3477.87995 18.225 0.031
3479.82512 17.980 0.021
3481.72461 17.949 0.030
3483.88419 18.195 0.031
3496.85767 17.941 0.028
3497.72668 17.848 0.032
3500.78566 17.915 0.023
3501.77934 17.932 0.021
3502.81011 17.929 0.023
3503.77165 18.197 0.028
3504.78817 18.271 0.031
3506.92280 17.889 0.027
3508.87572 18.240 0.038
3509.82295 17.948 0.023
3510.83838 18.005 0.027
3511.79446 18.080 0.025
3512.66157 17.935 0.039
3520.65154 17.920 0.025
3521.75725 18.088 0.032
3522.66880 18.070 0.025
3523.70884 18.033 0.023
3524.75202 17.904 0.024
3525.72953 18.190 0.028
3525.80686 17.928 0.023
3526.81611 17.917 0.023
3528.76823 18.289 0.039
3530.59108 18.122 0.027
3538.83762 18.247 0.032
3541.87785 18.236 0.041
3550.78701 17.985 0.024
3551.76135 18.349 0.028
3552.78085 18.232 0.039
3560.82348 18.094 0.030
3561.66952 17.973 0.024
3569.77273 18.189 0.042
3620.64900 18.253 0.031
3643.55732 17.920 0.034
3658.51973 17.891 0.041
3666.52690 17.975 0.031
3775.84853 18.012 0.044
3780.87551 18.242 0.042
