2116.78882 17.050 0.018
2128.67479 17.064 0.016
2135.56069 17.003 0.013
2143.62853 17.009 0.016
2162.62172 17.031 0.016
2170.52799 17.071 0.017
2173.60194 17.100 0.018
2183.54479 17.057 0.024
2195.58168 17.054 0.021
2200.55587 16.974 0.024
2346.83150 17.102 0.017
2351.83257 17.094 0.016
2360.84124 17.071 0.017
2371.81384 17.023 0.016
2380.80254 17.010 0.018
2384.77446 17.045 0.017
2388.77824 17.024 0.020
2390.74819 17.139 0.025
2397.90647 17.026 0.017
2401.70885 17.064 0.016
2403.77014 17.091 0.014
2405.70601 17.031 0.016
2415.70753 17.030 0.020
2417.79117 17.088 0.020
2425.87176 17.036 0.020
2431.71896 17.020 0.016
2433.69384 17.008 0.017
2434.83969 17.114 0.017
2436.62904 17.053 0.016
2438.64464 17.054 0.016
2440.62601 17.106 0.017
2443.65984 17.058 0.017
2445.55691 17.025 0.020
2452.62791 17.138 0.023
2458.76392 17.009 0.016
2462.68035 17.088 0.014
2464.54776 17.018 0.017
2467.47436 17.067 0.023
2469.48480 17.065 0.016
2471.77476 17.016 0.016
2473.47295 17.082 0.021
2483.52772 17.045 0.016
2490.50441 17.101 0.020
2492.74097 17.080 0.021
2495.48211 17.047 0.018
2495.53194 17.105 0.017
2496.48821 17.072 0.016
2497.49215 17.064 0.017
2497.59296 16.989 0.014
2498.57211 17.034 0.013
2499.47295 17.039 0.018
2499.63024 17.009 0.014
2500.48354 17.043 0.017
2501.47813 17.039 0.020
2501.65713 16.999 0.014
2502.48946 17.057 0.016
2503.47016 17.048 0.041
2508.48061 17.016 0.017
2511.63627 17.047 0.021
2521.58296 17.102 0.017
2535.51194 17.045 0.023
2539.60849 17.075 0.020
2540.58651 17.063 0.024
2545.53839 16.976 0.017
2550.57506 17.040 0.023
2555.53747 17.020 0.018
2561.56183 17.010 0.020
2571.50385 17.080 0.027
2701.89703 17.084 0.017
2712.89762 17.115 0.018
2727.85650 16.999 0.014
2732.87428 17.015 0.017
2743.86208 16.999 0.014
2748.89386 17.017 0.021
2755.88465 17.001 0.016
2759.87602 17.004 0.014
2765.90233 16.997 0.016
2770.63194 17.059 0.023
2782.81602 17.091 0.021
2784.80927 17.037 0.016
2786.70489 17.016 0.020
2788.85176 17.081 0.013
2790.90064 17.090 0.017
2794.69123 17.037 0.018
2796.62947 17.090 0.016
2802.68662 17.084 0.024
2808.73418 17.054 0.018
2810.65289 17.077 0.016
2812.62986 17.057 0.017
2813.71881 17.121 0.017
2815.65843 17.077 0.017
2816.79355 17.003 0.016
2817.80295 17.008 0.018
2819.57771 16.992 0.016
2821.56665 16.991 0.017
2830.60320 16.991 0.018
2835.53430 17.131 0.024
2836.76243 17.084 0.021
2838.65873 17.011 0.020
2840.58339 17.024 0.016
2844.69417 17.032 0.016
2849.52311 17.086 0.020
2849.53546 17.061 0.018
2849.65139 16.975 0.016
2849.73567 17.034 0.017
2851.62374 17.001 0.016
2853.63440 17.030 0.014
2856.51218 17.028 0.018
2858.48802 17.025 0.017
2860.60263 17.069 0.023
2863.68962 17.006 0.020
2867.59597 17.118 0.020
2870.67421 17.027 0.017
2874.66275 17.048 0.020
2878.55477 17.017 0.014
2884.62625 17.094 0.017
2893.65400 17.060 0.016
2896.51685 17.017 0.017
2906.65698 17.053 0.018
2912.63634 17.058 0.020
2924.55957 17.031 0.017
2934.57639 17.080 0.021
2942.53711 17.062 0.021
3048.87613 17.058 0.016
3057.87119 17.052 0.014
3066.90333 17.101 0.018
3069.85600 17.026 0.017
3071.86360 17.013 0.016
3074.85128 17.007 0.014
3076.89789 17.078 0.020
3078.90295 17.028 0.025
3081.80329 17.022 0.014
3084.74608 17.100 0.016
3086.74429 17.074 0.014
3088.74794 17.076 0.014
3090.84748 17.025 0.016
3092.82262 17.049 0.020
3097.78540 17.098 0.017
3099.78353 17.102 0.018
3101.72188 17.086 0.027
3103.73068 17.051 0.018
3107.86734 17.067 0.018
3109.70166 17.004 0.014
3110.71236 16.973 0.016
3112.71280 16.991 0.014
3113.75605 17.033 0.013
3115.75470 17.018 0.014
3118.76890 17.032 0.016
3122.76429 17.013 0.017
3125.74210 17.005 0.018
3126.67983 17.024 0.014
3127.68188 17.005 0.016
3128.70029 17.008 0.016
3129.67977 17.031 0.017
3130.84223 17.131 0.020
3131.84167 17.142 0.027
3134.64895 17.055 0.025
3135.71524 17.007 0.016
3139.71112 17.033 0.014
3140.67862 17.082 0.016
3141.84228 17.059 0.014
3144.67532 17.073 0.016
3146.62981 17.080 0.018
3151.63132 17.054 0.020
3152.64030 17.097 0.016
3153.64253 17.101 0.018
3153.93220 17.143 0.025
3154.71783 17.074 0.018
3156.63285 17.037 0.016
3158.67057 17.121 0.021
3162.68366 17.089 0.016
3163.60185 16.988 0.014
3163.92326 17.048 0.018
3164.59535 17.002 0.014
3165.59507 16.999 0.016
3166.81004 17.042 0.023
3167.83027 16.980 0.016
3168.63616 17.013 0.016
3169.60642 17.013 0.014
3170.70132 17.050 0.011
3171.61932 17.012 0.014
3172.60899 17.018 0.013
3174.59505 17.005 0.013
3175.59632 17.004 0.014
3176.62227 17.079 0.013
3178.65816 16.969 0.014
3179.68658 17.011 0.014
3180.55712 17.035 0.014
3182.59148 17.045 0.016
3182.63852 17.002 0.016
3183.56425 17.062 0.014
3183.59433 17.010 0.014
3184.57437 17.035 0.013
3184.84480 17.015 0.016
3185.65807 17.005 0.014
3191.87378 17.006 0.018
3193.74530 17.054 0.020
3194.72406 17.076 0.017
3195.52969 17.097 0.016
3196.52798 17.115 0.021
3197.76830 17.084 0.016
3199.56876 17.108 0.018
3202.62356 17.053 0.018
3203.56757 17.101 0.014
3205.56424 17.094 0.014
3206.54612 17.045 0.014
3207.54916 17.036 0.017
3210.77680 17.041 0.020
3211.53557 17.056 0.016
3217.54100 17.016 0.020
3218.53845 17.000 0.018
3223.52978 17.016 0.018
3224.54529 17.021 0.014
3226.50020 17.006 0.016
3229.50878 16.999 0.013
3230.54882 17.019 0.014
3239.65745 17.120 0.018
3241.54481 17.001 0.023
3244.64332 17.069 0.023
3246.54548 17.019 0.018
3248.55313 16.988 0.017
3250.53801 17.009 0.014
3254.54030 17.070 0.018
3257.68227 17.056 0.016
3262.52142 17.073 0.018
3266.50281 17.112 0.023
3268.53822 17.090 0.016
3272.51353 17.089 0.016
3273.59766 17.011 0.021
3277.59321 17.205 0.027
3279.57291 17.104 0.020
3287.49713 17.061 0.018
3431.89477 16.999 0.013
3438.89290 17.028 0.014
3444.82956 17.013 0.013
3446.85453 16.988 0.014
3448.88912 17.002 0.013
3452.77303 17.059 0.014
3454.83007 17.047 0.017
3456.83773 17.059 0.014
3467.83944 17.072 0.014
3469.91163 17.056 0.013
3477.90157 17.081 0.014
3480.70032 17.003 0.013
3483.69527 17.029 0.013
3496.89910 17.085 0.017
3497.66248 17.131 0.020
3499.70599 17.049 0.013
3500.89138 17.022 0.014
3501.69793 17.061 0.014
3502.85334 17.009 0.013
3503.85496 17.023 0.010
3504.69075 17.109 0.014
3508.70489 17.085 0.018
3509.84337 16.998 0.011
3511.72795 17.097 0.016
3512.67906 17.045 0.016
3520.57934 17.022 0.014
3521.83014 17.030 0.014
3522.82563 17.013 0.014
3523.64869 17.010 0.014
3524.63282 16.992 0.013
3525.86421 16.985 0.013
3526.89731 16.988 0.016
3527.81044 17.102 0.018
3528.64078 17.017 0.013
3529.59810 17.048 0.013
3530.73266 17.051 0.011
3538.80096 17.073 0.013
3544.70997 16.971 0.014
3547.73989 17.010 0.014
3550.71569 16.983 0.011
3551.82821 17.049 0.013
3553.63092 17.116 0.020
3554.58985 17.139 0.021
3556.59491 17.094 0.014
3558.56479 17.024 0.014
3559.78145 17.026 0.013
3560.75617 16.976 0.013
3561.72304 17.031 0.013
3562.77962 17.029 0.013
3563.52710 16.988 0.014
3569.81456 17.060 0.020
3573.51386 17.080 0.020
3574.57639 16.996 0.016
3575.56477 17.009 0.011
3576.52305 16.986 0.013
3577.57541 17.013 0.013
3578.54877 16.991 0.011
3579.50719 17.016 0.011
3580.52279 17.022 0.014
3581.55253 17.003 0.013
3582.51134 17.010 0.014
3583.55104 17.021 0.013
3584.53721 17.009 0.011
3585.52774 17.012 0.011
3586.58614 17.012 0.011
3587.64219 17.069 0.014
3588.57872 17.000 0.011
3589.53742 17.017 0.011
3590.51753 17.021 0.011
3591.56245 17.000 0.011
3592.53588 16.988 0.011
3593.62432 16.993 0.011
3594.57666 16.999 0.011
3601.48890 17.088 0.014
3602.51397 17.138 0.021
3603.50795 17.085 0.017
3607.52408 17.079 0.013
3608.51561 17.130 0.018
3617.56919 17.067 0.017
3620.67283 17.022 0.013
3632.54350 17.060 0.017
3634.60672 17.081 0.017
3640.58721 17.102 0.016
3646.51472 17.042 0.020
3651.50629 16.997 0.016
3653.53425 17.017 0.020
3774.84196 16.980 0.014
3780.82644 17.067 0.021
