2127.52182 17.087 0.020
2130.55443 17.033 0.015
2133.56410 17.036 0.014
2136.68533 17.136 0.016
2141.67533 17.030 0.021
2165.60452 17.002 0.017
2166.50345 16.996 0.017
2172.56565 17.036 0.018
2189.55020 17.064 0.020
2214.53339 16.975 0.023
2337.86234 17.006 0.014
2352.88458 17.089 0.018
2361.87832 17.002 0.015
2373.82921 17.060 0.017
2464.79999 17.106 0.016
2816.69606 17.040 0.015
2852.65132 17.071 0.021
2859.66533 17.080 0.021
3059.88273 17.137 0.025
3064.89401 17.080 0.015
3068.84704 17.037 0.014
3071.89957 17.017 0.014
3073.90873 17.064 0.016
3077.80037 17.054 0.042
3080.84805 17.049 0.015
3083.79500 17.054 0.015
3085.90613 17.017 0.013
3087.84074 17.016 0.014
3089.85753 17.053 0.013
3091.86242 17.087 0.015
3097.84116 17.039 0.014
3099.86715 17.073 0.016
3101.84023 17.040 0.018
3102.86879 16.996 0.014
3104.78440 16.957 0.028
3107.79145 17.071 0.014
3108.82111 17.071 0.013
3110.91092 17.004 0.014
3112.86799 16.989 0.014
3114.86289 17.037 0.014
3116.85055 17.082 0.020
3122.86636 17.082 0.018
3125.92712 17.092 0.017
3126.81995 17.031 0.013
3127.90602 17.002 0.014
3128.89537 17.031 0.016
3130.77287 17.037 0.016
3131.63822 17.090 0.027
3134.90835 17.052 0.033
3135.79321 16.987 0.013
3137.84562 17.050 0.016
3138.73034 17.043 0.015
3140.70207 17.104 0.014
3140.93590 17.138 0.017
3141.76716 17.092 0.013
3142.84147 17.040 0.014
3144.85940 17.016 0.014
3146.92915 17.042 0.014
3151.83470 17.010 0.015
3152.83310 17.017 0.014
3153.83164 17.031 0.016
3154.92653 17.081 0.018
3157.93734 17.099 0.022
3158.72241 17.082 0.017
3162.86946 17.032 0.015
3163.83177 17.032 0.013
3164.81749 17.061 0.015
3165.67370 17.129 0.023
3167.68030 17.016 0.015
3168.83060 16.987 0.013
3169.86063 17.000 0.014
3170.88606 17.021 0.013
3171.73343 17.047 0.012
3173.81779 17.081 0.015
3174.78504 17.091 0.014
3175.86597 17.017 0.015
3177.84162 17.061 0.020
3179.58450 17.042 0.019
3179.88632 17.058 0.017
3180.80288 17.033 0.012
3180.85898 17.022 0.013
3180.88101 17.073 0.013
3180.89619 17.039 0.016
3182.50331 17.086 0.022
3182.59802 17.068 0.017
3182.67912 17.054 0.014
3182.78838 17.074 0.014
3182.86314 17.068 0.014
3183.57103 17.024 0.012
3183.72349 17.014 0.016
3183.81892 17.075 0.021
3184.49165 17.021 0.016
3184.62951 17.001 0.012
3184.77758 17.014 0.013
3185.63240 16.999 0.013
3191.79440 17.057 0.015
3193.62767 16.992 0.013
3194.52737 16.994 0.016
3194.81811 17.004 0.014
3195.75129 17.013 0.012
3196.60414 17.083 0.020
3196.84693 17.068 0.016
3197.79266 17.044 0.015
3199.79290 17.052 0.019
3201.83993 17.020 0.021
3202.78375 16.996 0.013
3203.61283 16.998 0.011
3204.76092 17.084 0.014
3205.69122 17.112 0.013
3210.58845 17.001 0.013
3211.75469 17.009 0.015
3217.73062 17.019 0.017
3218.74159 17.021 0.019
3226.72528 16.976 0.016
3228.69611 17.029 0.015
3229.72686 17.048 0.015
3230.74273 17.072 0.017
3231.67002 17.042 0.016
3238.69456 17.102 0.020
3240.54449 17.104 0.016
3245.65639 17.051 0.017
3247.51848 17.044 0.013
3249.63773 17.045 0.016
3251.53321 17.001 0.017
3254.61474 17.060 0.017
3257.55265 17.045 0.012
3260.61225 17.026 0.019
3265.55109 17.075 0.016
3267.60931 17.060 0.014
3273.50830 17.050 0.021
3277.52772 16.978 0.016
3280.52958 17.057 0.017
3282.59931 17.044 0.012
3289.53343 17.065 0.019
3294.52868 16.996 0.012
3296.52783 17.063 0.016
3302.52498 17.062 0.020
3418.86777 17.066 0.014
3424.85146 17.007 0.023
3427.85336 17.046 0.020
3430.83493 17.006 0.013
3436.88159 17.112 0.016
3443.85270 17.057 0.012
3445.88115 17.093 0.012
3448.78776 17.032 0.015
3450.80511 17.037 0.011
3453.84854 17.089 0.015
3455.91831 17.025 0.015
3458.88378 17.016 0.018
3459.89900 17.049 0.013
3468.88247 17.055 0.012
3469.88515 17.079 0.011
3472.87002 17.023 0.012
3474.80369 17.016 0.013
3476.78031 17.072 0.011
3478.87566 17.105 0.012
3480.89151 17.013 0.012
3483.82614 17.008 0.012
3496.93322 17.038 0.016
3497.90647 17.007 0.013
3500.91549 17.055 0.013
3502.89973 17.067 0.013
3503.88058 17.083 0.011
3506.94002 16.979 0.025
3508.91733 17.039 0.016
3509.90012 17.077 0.012
3511.92367 17.055 0.013
3512.91683 17.080 0.017
3520.67585 17.030 0.014
3521.80657 17.021 0.013
3522.87424 16.998 0.014
3524.86545 16.938 0.013
3527.64873 17.071 0.012
3527.73418 17.057 0.011
3528.89310 17.056 0.015
3530.87138 16.909 0.010
3530.90277 17.025 0.011
3538.86092 16.981 0.012
3541.89505 17.049 0.017
3544.89247 17.096 0.020
3547.85984 16.990 0.014
3550.83667 17.025 0.015
3551.84870 17.071 0.013
3552.84403 17.099 0.015
3554.84705 17.027 0.015
3558.63203 17.054 0.012
3559.64047 17.063 0.012
3560.71679 17.078 0.013
3561.63836 17.070 0.012
3562.67165 17.036 0.013
3563.73612 17.025 0.013
3569.66407 17.118 0.029
3573.79447 17.001 0.027
3574.76667 17.006 0.016
3575.70861 17.050 0.012
3576.77526 17.093 0.017
3579.69826 17.030 0.013
3580.75993 16.971 0.019
3581.74778 17.015 0.015
3582.69669 16.996 0.012
3583.71489 17.030 0.014
3584.71888 17.116 0.013
3585.71741 17.094 0.013
3586.77145 17.072 0.012
3590.75717 17.016 0.014
3591.74225 17.081 0.013
3592.71651 17.082 0.012
3602.73370 17.044 0.023
3603.72869 17.061 0.016
3608.70528 17.102 0.014
3615.66297 17.043 0.014
3617.62458 17.079 0.016
3619.62173 17.065 0.014
3621.66338 17.026 0.016
3629.54765 16.978 0.012
3631.57650 17.002 0.016
3634.53225 17.083 0.014
3640.53543 16.997 0.017
3644.61073 17.040 0.015
3649.58665 17.035 0.014
3652.56061 17.077 0.020
3656.55338 17.045 0.018
3660.55757 17.063 0.019
3665.54385 17.051 0.016
3671.49676 16.961 0.020
3778.85032 16.996 0.017
3783.88926 17.078 0.013
3786.87495 17.010 0.020
3792.89437 17.024 0.014
3794.89347 16.997 0.013
3796.88530 17.027 0.014
3797.88493 17.056 0.013
3800.86598 17.090 0.016
3802.81287 16.980 0.013
3803.84552 16.980 0.013
3804.89270 17.019 0.015
3806.90517 17.064 0.013
3808.89013 17.024 0.013
3810.80619 16.974 0.015
3812.79231 16.974 0.016
3814.78326 17.068 0.014
3818.84811 16.988 0.013
3819.90755 16.966 0.011
3820.89981 16.983 0.012
3821.91117 17.033 0.012
3823.90806 17.036 0.012
3824.91808 17.054 0.018
3825.91011 17.036 0.014
3826.90922 16.992 0.013
3827.90931 16.987 0.013
3829.91741 17.028 0.012
3830.88663 17.050 0.012
3832.91154 17.060 0.014
3833.90804 17.026 0.013
3834.82511 17.000 0.012
3835.88440 16.977 0.011
3836.88699 16.990 0.012
3837.86577 17.028 0.013
3838.86992 17.059 0.014
3839.88894 17.063 0.016
3840.87294 17.073 0.013
3841.85633 17.046 0.013
3842.77018 17.045 0.015
3845.86269 17.010 0.029
3846.86459 17.040 0.012
3847.91074 17.095 0.016
3848.88045 17.093 0.017
3849.90939 17.093 0.014
3850.82945 17.027 0.013
3851.83578 17.007 0.015
3852.82788 16.953 0.013
3853.81716 17.001 0.011
3856.80578 17.057 0.013
3860.86121 16.987 0.015
3861.87649 17.000 0.012
3862.82008 17.010 0.013
3863.79787 17.086 0.013
3864.82178 17.063 0.011
3865.78417 17.082 0.014
3866.74984 17.058 0.013
3867.76071 17.007 0.014
3868.75197 16.960 0.015
3869.73452 16.989 0.014
3873.73716 17.083 0.013
3874.78400 17.051 0.015
3875.76728 17.010 0.011
3877.72559 16.990 0.012
3880.79298 17.088 0.013
3881.80089 17.100 0.013
3882.73586 17.049 0.014
3883.78784 17.047 0.014
3886.75118 17.002 0.012
3887.73100 17.050 0.013
3889.89272 17.049 0.013
3891.62434 17.036 0.018
3892.76004 17.015 0.014
3893.79382 17.012 0.015
3894.82780 17.007 0.016
3896.78128 17.099 0.019
3900.67503 16.994 0.017
3901.68052 16.990 0.013
3902.69809 17.003 0.012
3903.84613 17.031 0.013
3904.67786 17.042 0.011
3905.68865 17.062 0.012
3906.66641 17.065 0.014
3907.73244 17.061 0.018
3908.67241 17.009 0.012
3909.67045 16.992 0.011
3912.67453 17.058 0.011
3914.73421 17.090 0.012
3915.67164 17.084 0.012
3916.75335 17.023 0.015
3917.77057 16.979 0.015
3918.77084 16.981 0.014
3919.70105 16.982 0.011
3920.65468 17.039 0.014
3921.66318 17.126 0.018
3930.52131 17.030 0.013
3930.72483 17.103 0.016
3931.64099 17.070 0.014
3932.60484 17.024 0.011
3933.65231 17.013 0.011
3934.61876 17.002 0.012
3934.82768 17.004 0.014
3935.59977 16.991 0.013
3936.58482 16.935 0.013
3937.66362 17.037 0.013
3938.62981 17.082 0.014
3940.77386 17.032 0.013
3944.72213 16.989 0.011
3945.66621 17.033 0.012
3946.65699 17.077 0.013
3950.67233 16.991 0.011
3951.69471 17.003 0.014
3959.64400 16.994 0.013
3960.63510 16.989 0.011
3963.64047 17.072 0.013
3964.67666 17.073 0.013
3965.65142 17.053 0.012
3966.64587 17.009 0.012
3967.66934 16.966 0.012
3968.62889 16.988 0.013
3969.63931 17.034 0.014
3970.64609 17.043 0.013
3971.67739 17.065 0.013
3974.64321 17.022 0.014
3975.63575 17.001 0.013
3976.62969 16.964 0.013
3979.66664 17.111 0.023
3986.67824 17.016 0.020
3987.62702 17.095 0.019
3988.66084 17.056 0.016
3989.57726 17.049 0.016
3991.57871 17.010 0.014
3995.52653 17.058 0.014
4001.59684 16.972 0.013
4002.63245 17.046 0.014
4003.58689 17.044 0.013
4011.57021 17.058 0.016
4016.54005 16.981 0.018
4017.57291 16.991 0.015
4019.58104 17.072 0.020
4023.56382 17.015 0.017
4025.51537 16.992 0.016
4027.52311 17.053 0.016
4030.51518 17.027 0.019
4152.88992 17.079 0.023
4155.86980 17.028 0.016
4158.83154 17.005 0.016
4160.89856 17.085 0.022
4162.88231 17.058 0.017
4165.86663 16.980 0.017
4167.85959 17.030 0.016
4169.86200 17.055 0.016
4174.87598 16.984 0.015
4176.85329 17.061 0.016
4177.91022 17.084 0.018
4179.80447 17.041 0.015
4180.87303 16.997 0.018
4182.78140 17.019 0.014
4183.81835 17.036 0.015
4185.79415 17.065 0.015
4190.89215 16.992 0.014
4192.89635 17.062 0.015
4193.90738 17.065 0.015
4196.88698 17.025 0.015
4202.89862 17.077 0.015
4203.88678 17.051 0.014
4204.89358 17.011 0.014
4205.88243 17.013 0.014
4207.90632 17.009 0.014
4208.91580 17.036 0.014
4213.88730 16.989 0.015
4216.84595 17.031 0.015
4217.86884 17.070 0.013
4218.91254 17.075 0.015
4220.89947 17.043 0.020
4222.85946 17.001 0.015
4228.86038 17.040 0.018
4229.82629 16.990 0.014
4230.80696 16.974 0.013
4231.84926 16.978 0.014
4232.87020 17.035 0.020
4234.80764 17.052 0.014
4234.84510 17.080 0.015
4235.82872 17.070 0.014
4237.64561 17.053 0.017
4238.83326 17.017 0.019
4240.62703 16.989 0.020
4243.87962 17.105 0.019
4244.89029 17.072 0.018
4245.92940 17.018 0.014
4246.93370 16.972 0.019
4247.59078 16.994 0.013
4256.81834 17.012 0.021
4257.70224 17.017 0.016
4258.80476 17.055 0.018
4268.58579 17.076 0.017
4269.72620 17.066 0.014
4272.64743 16.984 0.014
4273.69485 17.018 0.016
4274.67869 17.028 0.015
4275.73547 17.092 0.017
4277.57635 17.071 0.018
4278.70971 17.057 0.019
4283.65653 17.043 0.015
4284.63794 17.064 0.016
4285.64491 17.065 0.018
4286.73863 17.084 0.025
4289.68844 16.993 0.017
4291.57820 17.075 0.020
4292.62331 17.058 0.014
4293.65171 17.093 0.014
4294.69227 17.030 0.014
4295.65292 17.002 0.013
4296.63575 16.983 0.013
4297.56297 16.969 0.013
4299.76468 17.038 0.013
4300.70081 17.072 0.015
4301.56393 17.042 0.014
4302.79789 17.040 0.017
4306.55494 17.013 0.018
4311.59744 17.065 0.022
4312.66472 17.005 0.014
4317.65179 17.081 0.017
4319.66074 17.076 0.017
4326.66991 17.087 0.016
4327.70554 17.061 0.019
4328.64031 17.050 0.015
4329.63111 16.996 0.017
4330.64494 16.995 0.014
4331.64036 17.007 0.015
4332.69499 17.048 0.017
4333.64414 17.072 0.020
4334.65762 17.063 0.031
4338.67722 16.988 0.020
4339.64716 16.991 0.018
4340.71036 17.056 0.020
4341.69183 17.058 0.023
4342.68828 17.086 0.019
4343.65807 17.049 0.018
4345.65794 16.974 0.019
4346.66311 16.964 0.018
4347.67724 16.981 0.016
4349.65228 17.066 0.016
4350.67685 17.071 0.017
4351.64773 17.049 0.017
4354.65648 16.999 0.017
4357.59450 17.053 0.018
4359.56800 17.083 0.016
4365.61294 17.030 0.020
4368.61248 17.087 0.024
4370.56810 17.000 0.014
4372.60092 17.004 0.016
4377.56164 17.034 0.019
4381.60405 17.028 0.025
4517.89550 17.034 0.019
4520.88763 17.019 0.017
4523.86779 17.100 0.017
4525.86249 17.008 0.021
4532.89069 17.077 0.016
4535.85285 17.002 0.017
4537.80281 17.007 0.014
4539.80762 17.067 0.014
4541.83948 17.022 0.014
4543.82921 16.981 0.013
4544.82605 16.958 0.015
4545.84363 16.986 0.014
4547.81744 17.056 0.015
4547.83714 17.055 0.015
4547.90204 17.042 0.015
4548.79001 17.097 0.021
4548.88075 17.121 0.022
4550.75693 17.017 0.020
4550.81641 17.041 0.017
4551.72938 16.975 0.016
4552.80650 17.001 0.016
4556.89825 17.069 0.013
4557.92424 17.044 0.017
4558.89331 17.006 0.013
4559.88835 16.986 0.013
4560.88852 16.982 0.012
4561.87757 16.990 0.011
4564.88173 17.066 0.013
4565.87132 17.049 0.011
4566.87257 17.046 0.013
4567.87812 17.022 0.013
4568.91031 16.990 0.013
4569.89638 16.989 0.013
4570.90200 17.039 0.015
4571.86358 17.054 0.013
4572.90217 17.075 0.015
4573.87721 17.067 0.012
4574.88571 17.044 0.015
4575.89699 16.980 0.013
4583.86722 17.034 0.015
4585.85094 16.995 0.013
4586.86973 17.018 0.015
4587.88161 17.042 0.018
4588.77185 17.086 0.015
4589.74117 17.072 0.015
4590.82083 17.082 0.014
4591.73365 17.012 0.014
4592.80719 16.962 0.014
4593.79267 16.963 0.013
4594.82099 16.984 0.013
4594.93730 17.021 0.018
4595.81181 17.024 0.014
4596.76744 17.060 0.013
4596.89127 17.064 0.015
4596.92675 17.033 0.014
4597.75045 17.067 0.014
4597.82933 17.051 0.014
4598.64715 17.062 0.013
4598.79883 17.073 0.012
4599.77802 17.035 0.013
4600.80043 17.000 0.012
4601.78901 16.993 0.012
4602.79266 17.008 0.012
4606.85449 17.077 0.016
4611.77005 17.021 0.018
4616.76221 17.033 0.013
4618.66662 16.978 0.014
4622.74537 17.083 0.015
4623.81842 17.045 0.016
4624.75720 17.020 0.015
4625.56975 17.001 0.018
4625.74018 17.019 0.016
4626.80221 16.987 0.015
4627.71944 17.010 0.012
4628.70829 17.037 0.014
4629.77781 17.071 0.014
4630.71698 17.071 0.013
4631.73283 17.067 0.013
4632.76666 17.032 0.014
4633.90209 17.008 0.020
4639.85479 17.128 0.027
4641.89691 17.018 0.020
4642.54266 16.981 0.016
4643.69970 16.970 0.014
4644.78923 17.019 0.014
4645.70183 17.037 0.016
4646.66875 17.053 0.013
4647.69073 17.072 0.015
4649.67521 17.013 0.013
4650.71337 17.027 0.015
4651.71391 17.008 0.015
4652.64649 17.025 0.014
4653.66030 17.071 0.014
4654.67873 17.085 0.015
4655.67939 17.091 0.013
4656.64578 17.066 0.015
4658.80309 16.996 0.020
4661.63547 17.021 0.014
4666.50668 17.013 0.017
4671.69175 17.104 0.016
4672.65157 17.063 0.017
4674.67948 16.988 0.015
4677.72365 17.037 0.016
4681.70759 17.065 0.016
4682.70520 17.042 0.014
4683.66125 17.007 0.015
4684.68001 16.999 0.015
4684.77316 17.020 0.018
4685.70581 17.011 0.014
4687.69405 17.081 0.018
4688.63997 17.085 0.015
4694.72405 16.992 0.022
4697.64881 17.065 0.019
4698.66695 17.076 0.018
4700.66217 16.994 0.016
4701.64549 17.017 0.016
4702.65994 17.025 0.016
4708.68156 16.963 0.015
4715.64264 17.021 0.018
4720.64829 17.051 0.026
4721.65607 17.096 0.023
4722.64632 17.072 0.019
4725.61922 16.954 0.018
4726.64744 16.996 0.018
4733.60851 17.027 0.017
4739.50125 17.024 0.016
4750.55059 17.021 0.021
4757.55744 16.972 0.015
4763.53378 17.074 0.017
4877.87391 17.072 0.014
4883.88779 17.038 0.019
4886.85451 17.071 0.016
4890.82704 17.005 0.014
4894.87801 17.066 0.019
4898.89003 16.964 0.014
4900.85678 17.091 0.015
4901.90841 17.083 0.015
4902.83400 17.090 0.015
4903.89667 17.056 0.015
4904.86216 16.985 0.014
4911.89737 17.066 0.012
4913.91081 17.013 0.014
4924.90541 17.035 0.013
4928.81216 17.056 0.018
4930.74763 17.009 0.016
4931.88974 16.993 0.014
4932.79759 17.015 0.015
4933.74520 17.078 0.017
4934.84345 17.081 0.015
4938.85195 16.957 0.015
4940.79668 17.010 0.014
4941.84849 17.071 0.016
4942.87453 17.066 0.014
4943.73110 17.067 0.013
4944.79600 17.101 0.013
4949.81047 17.043 0.014
4950.71168 17.064 0.014
4951.79441 17.097 0.017
4951.83544 17.080 0.016
4953.73998 17.034 0.014
