2130.49587 18.946 0.075
2133.51285 18.623 0.061
2136.63407 19.025 0.106
2141.62477 18.501 0.062
2144.70549 18.568 0.063
2170.60642 18.996 0.096
2179.50468 18.845 0.122
2189.49977 18.621 0.092
2212.52624 18.490 0.063
2333.90537 18.939 0.109
2337.81206 18.644 0.070
2349.83045 19.068 0.091
2357.82358 18.923 0.071
2365.89816 18.600 0.063
2373.77858 19.028 0.099
2405.85844 18.782 0.069
2464.77300 18.670 0.057
2708.90446 18.646 0.058
2850.63683 18.917 0.070
2858.76417 18.694 0.080
3059.85012 18.867 0.078
3064.86529 18.695 0.069
3068.81863 18.915 0.086
3070.90389 18.997 0.087
3073.85633 18.565 0.056
3075.89240 18.815 0.077
3080.80560 19.027 0.093
3083.75774 18.596 0.055
3085.88005 18.765 0.057
3087.78199 18.722 0.077
3089.83138 18.687 0.048
3091.88321 18.667 0.055
3097.80815 18.695 0.071
3099.89470 18.461 0.082
3101.79982 18.795 0.085
3102.89456 18.708 0.070
3104.75024 19.002 0.199
3106.89188 18.710 0.087
3107.88240 18.530 0.068
3109.82057 18.878 0.067
3110.88600 18.745 0.064
3112.88557 19.056 0.085
3113.89657 18.720 0.066
3114.82693 18.935 0.073
3115.88736 18.757 0.065
3116.86775 18.783 0.082
3124.76153 18.685 0.082
3126.69905 18.593 0.048
3127.86542 18.791 0.075
3128.86521 19.017 0.113
3130.74420 18.873 0.087
3131.71062 19.089 0.134
3134.87964 18.560 0.135
3137.76478 18.941 0.090
3138.64696 18.588 0.068
3139.93426 18.779 0.069
3142.81499 18.577 0.060
3144.83203 18.951 0.077
3146.88098 18.783 0.065
3151.80270 18.705 0.073
3152.80426 18.837 0.078
3153.80286 18.941 0.109
3154.89052 18.951 0.126
3156.85920 18.825 0.093
3157.91583 18.965 0.096
3158.88198 18.926 0.110
3162.84066 18.804 0.079
3163.81427 18.813 0.066
3164.78842 19.025 0.073
3165.70551 18.719 0.056
3167.65086 19.071 0.115
3168.85293 18.623 0.058
3169.81965 18.575 0.061
3170.63722 18.722 0.052
3171.77527 18.846 0.057
3171.90084 18.658 0.059
3172.79964 18.772 0.072
3173.83707 18.615 0.066
3174.75609 18.609 0.052
3175.80788 19.002 0.079
3177.81317 18.432 0.065
3179.54727 18.741 0.061
3180.77125 18.955 0.061
3182.83136 19.158 0.101
3183.79032 18.898 0.087
3183.83186 18.966 0.106
3184.55123 19.019 0.080
3184.74491 18.906 0.077
3185.49235 19.085 0.130
3185.67603 18.943 0.076
3185.86720 18.841 0.080
3190.64318 19.292 0.134
3191.78143 19.239 0.124
3193.59518 18.638 0.054
3194.54562 18.458 0.059
3194.78812 18.830 0.068
3195.54531 18.819 0.064
3196.73877 18.993 0.084
3197.56943 18.562 0.057
3199.67737 18.487 0.047
3201.53979 18.725 0.062
3202.66852 18.605 0.061
3203.58256 18.873 0.055
3204.61633 18.598 0.047
3205.70752 18.682 0.046
3206.76900 18.785 0.083
3210.49952 18.476 0.063
3211.65476 18.604 0.066
3217.69558 18.604 0.064
3218.69463 18.663 0.084
3223.69859 19.006 0.100
3224.74314 18.634 0.071
3226.67403 18.426 0.071
3228.64446 19.028 0.093
3230.71437 18.891 0.070
3231.61770 18.554 0.062
3232.65123 18.878 0.099
3238.66604 18.721 0.069
3240.51511 18.746 0.067
3241.69873 18.774 0.114
3245.60202 18.744 0.091
3247.48905 18.966 0.087
3249.59542 19.044 0.119
3251.50640 18.769 0.088
3254.56812 18.523 0.078
3255.62002 18.798 0.114
3255.63507 19.003 0.126
3256.54029 18.648 0.090
3256.67611 18.636 0.077
3257.50057 18.781 0.068
3258.57332 18.552 0.072
3260.53684 18.867 0.110
3261.52471 19.063 0.099
3265.52231 18.882 0.095
3267.57299 18.715 0.075
3274.52355 18.563 0.074
3277.54495 18.640 0.066
3279.60780 19.149 0.107
3282.52271 18.578 0.059
3289.50469 18.947 0.104
3294.49573 18.454 0.065
3301.50487 18.499 0.095
3305.56866 18.707 0.094
3418.88682 19.097 0.074
3423.86043 19.119 0.085
3427.86499 18.926 0.071
3429.89314 19.046 0.096
3436.85026 18.659 0.079
3443.80548 19.029 0.068
3445.84850 18.755 0.051
3447.89698 18.561 0.060
3449.91414 18.740 0.067
3453.81632 18.772 0.079
3455.87622 18.602 0.062
3456.88472 19.019 0.078
3457.87920 18.752 0.064
3459.87016 18.585 0.053
3468.92060 18.832 0.067
3470.91163 18.746 0.061
3472.84101 18.879 0.062
3473.90308 18.680 0.069
3474.90947 18.871 0.073
3475.90061 18.918 0.057
3477.91635 18.642 0.059
3479.78695 18.679 0.045
3480.91589 18.846 0.073
3482.91990 19.096 0.088
3496.77468 18.847 0.093
3497.87593 18.571 0.056
3499.76913 18.445 0.048
3500.85608 18.826 0.062
3502.67188 18.714 0.054
3503.82460 19.008 0.082
3506.78071 18.569 0.068
3508.88820 18.516 0.079
3509.61051 18.740 0.099
3509.63855 18.688 0.063
3509.68633 18.634 0.061
3509.74284 19.164 0.076
3509.76988 18.806 0.063
3509.85474 18.620 0.046
3509.85861 18.647 0.048
3509.91403 18.945 0.061
3510.76459 18.649 0.062
3510.78582 18.980 0.075
3510.81138 18.572 0.049
3510.82615 18.656 0.051
3510.84680 19.060 0.066
3510.87457 19.030 0.061
3510.88661 19.039 0.063
3510.89961 19.124 0.077
3510.90167 19.142 0.079
3510.91509 19.032 0.068
3510.92624 18.958 0.078
3510.93158 18.755 0.063
3510.93682 18.816 0.065
3511.60073 19.087 0.149
3511.65335 18.952 0.085
3511.71115 18.738 0.070
3511.76072 19.056 0.085
3511.83103 19.224 0.095
3511.86068 18.998 0.073
3511.89222 18.735 0.063
3511.93625 18.556 0.054
3512.60224 18.960 0.127
3512.69240 18.659 0.062
3512.81047 18.791 0.092
3512.87083 18.760 0.076
3512.93505 18.880 0.073
3517.76283 18.745 0.111
3520.87443 18.527 0.068
3521.69026 18.975 0.072
3522.79581 18.811 0.076
3523.82997 18.876 0.064
3524.83034 18.738 0.066
3525.90544 18.944 0.080
3526.93625 18.580 0.075
3528.60872 18.806 0.061
3530.82841 19.044 0.060
3537.79616 18.830 0.075
3538.72203 18.551 0.047
3540.77835 18.686 0.059
3544.78843 18.716 0.082
3547.78834 18.863 0.085
3550.80172 19.071 0.080
3551.79643 18.682 0.057
3552.81554 18.619 0.069
3553.79854 18.518 0.091
3554.81743 18.979 0.116
3555.80699 18.442 0.076
3556.71925 18.933 0.080
3558.60332 19.134 0.086
3559.61171 18.704 0.055
3560.65304 18.912 0.050
3561.58949 18.870 0.066
3562.64218 18.633 0.054
3563.69420 18.998 0.075
3569.63279 18.901 0.106
3573.74115 18.588 0.067
3574.73822 19.022 0.090
3575.68002 19.115 0.073
3576.74651 18.475 0.057
3577.78442 18.832 0.077
3578.72113 18.934 0.063
3579.66649 18.966 0.069
3580.70607 18.609 0.064
3581.71926 18.766 0.064
3582.66825 18.783 0.057
3583.68641 19.045 0.075
3584.69036 18.625 0.047
3585.68855 18.748 0.053
3586.74303 19.009 0.069
3588.76970 18.971 0.095
3589.73231 18.857 0.072
3590.72856 19.034 0.089
3591.70359 18.667 0.046
3592.73691 18.784 0.083
3601.70478 19.055 0.102
3602.70510 18.797 0.089
3603.68630 18.657 0.060
3607.68400 18.691 0.069
3609.51185 19.140 0.112
3615.63050 19.000 0.077
3617.65976 19.071 0.088
3619.59269 19.017 0.068
3621.59509 18.715 0.068
3628.65965 18.733 0.095
3629.51778 18.832 0.067
3631.61857 18.915 0.094
3633.54517 18.463 0.068
3634.62424 19.113 0.107
3639.49482 18.834 0.056
3644.58160 18.753 0.061
3649.55499 18.554 0.050
3651.59924 18.529 0.073
3655.56792 18.939 0.096
3659.56576 18.661 0.094
3664.54538 18.616 0.061
3668.53058 18.713 0.077
3676.50956 18.674 0.078
3777.86981 18.892 0.069
3783.85615 18.770 0.056
3785.87166 18.929 0.072
3787.88131 18.616 0.057
3791.85569 18.729 0.074
3793.89992 18.875 0.078
3795.88858 18.568 0.051
3797.80128 18.842 0.074
3798.84747 18.810 0.064
3799.90184 18.601 0.071
3801.85660 18.905 0.068
3802.89106 18.713 0.060
3804.80429 18.650 0.076
3805.84283 19.146 0.094
3806.83956 18.704 0.065
3807.86365 18.549 0.058
3808.86732 19.010 0.078
3810.78234 19.104 0.085
3811.81087 18.855 0.085
3812.89181 19.153 0.104
3813.87432 18.889 0.069
3814.86698 18.601 0.060
3818.78462 19.062 0.083
3819.84820 18.612 0.045
3820.81222 18.781 0.049
3821.81546 19.097 0.076
3822.85919 18.699 0.062
3823.82012 18.572 0.046
3824.81406 18.935 0.098
3825.84612 18.905 0.070
3826.81531 18.706 0.055
3827.84624 18.675 0.048
3828.82642 19.038 0.092
3829.75416 18.812 0.071
3830.78551 18.882 0.067
3832.78843 18.894 0.066
3833.81329 18.975 0.061
3834.78627 18.702 0.049
3835.77398 18.687 0.056
3836.73545 18.558 0.065
3837.77603 19.029 0.080
3838.78401 18.743 0.090
3838.90209 19.026 0.106
3839.77993 18.616 0.057
3840.78309 18.834 0.071
3841.73829 18.978 0.087
3841.88822 18.699 0.062
3842.73664 19.164 0.103
3845.76251 18.941 0.099
3846.77061 18.575 0.053
3846.90695 18.984 0.071
3847.84377 18.924 0.075
3848.79376 18.898 0.079
3848.92505 18.645 0.073
3849.79132 18.620 0.052
3850.74008 18.763 0.060
3850.90937 19.013 0.093
3851.75013 18.627 0.070
3851.91498 18.707 0.063
3852.73863 18.767 0.070
3852.86274 18.690 0.061
3853.73132 19.026 0.051
3853.89702 18.970 0.059
3856.72016 18.785 0.063
3856.90770 18.758 0.060
3858.75647 18.685 0.050
3860.77594 18.740 0.089
3861.70936 18.990 0.080
3861.81345 18.592 0.044
3861.91238 19.068 0.087
3862.69118 19.035 0.077
3862.90590 18.777 0.060
3863.70404 18.579 0.047
3863.84795 18.765 0.061
3863.92394 18.769 0.053
3864.72237 18.841 0.062
3864.90697 18.852 0.058
3865.68152 18.925 0.075
3865.81641 18.596 0.056
3865.89501 18.994 0.070
3866.72629 18.661 0.046
3866.86574 18.940 0.072
3867.67219 18.730 0.063
3867.85762 18.791 0.074
3867.92789 18.734 0.063
3868.68002 18.702 0.077
3868.82382 18.702 0.074
3868.90379 18.793 0.092
3869.64970 18.668 0.064
3869.83886 18.783 0.076
3869.91430 18.867 0.093
3873.71360 19.031 0.069
3873.85264 19.016 0.084
3873.92320 18.870 0.075
3874.71487 18.528 0.068
3874.88723 18.725 0.065
3875.65160 18.781 0.050
3875.79907 19.006 0.065
3875.89807 18.722 0.064
3876.69466 18.886 0.064
3877.67944 19.009 0.056
3877.82827 18.775 0.060
3877.90149 18.898 0.075
3880.88296 18.996 0.071
3881.63029 18.744 0.066
3881.70323 18.891 0.066
3881.84599 18.924 0.060
3882.61531 19.145 0.087
3882.81832 19.147 0.085
3882.88843 18.562 0.051
3883.68069 18.707 0.054
3883.92781 18.919 0.076
3886.64885 18.860 0.065
3886.83557 18.903 0.067
3886.90754 18.613 0.050
3886.93356 18.686 0.063
3887.61603 18.733 0.062
3887.81868 18.723 0.062
3887.84653 18.653 0.057
3887.91859 19.165 0.090
3888.64685 18.869 0.071
3889.79175 18.712 0.054
3890.58685 19.240 0.113
3891.72310 19.106 0.083
3891.84009 18.562 0.052
3891.92181 19.162 0.109
3892.63348 18.641 0.067
3893.67336 19.107 0.082
3893.92476 18.430 0.064
3894.71559 18.805 0.079
3896.65933 18.898 0.103
3900.57461 18.597 0.088
3900.76105 18.606 0.059
3900.83637 18.873 0.082
3901.59479 19.028 0.092
3901.76328 18.596 0.058
3901.84005 18.962 0.094
3901.91256 18.508 0.070
3902.60942 19.067 0.075
3903.70181 18.888 0.087
3904.59245 18.665 0.045
3904.75575 18.643 0.054
3904.82471 18.841 0.056
3904.87753 19.111 0.082
3905.58933 18.839 0.053
3905.76338 18.653 0.048
3905.83599 18.997 0.058
3905.90461 18.513 0.055
3906.52797 18.746 0.084
3906.54605 18.894 0.085
3906.69788 18.563 0.050
3906.77089 19.023 0.076
3906.84347 18.546 0.056
3907.63453 18.646 0.063
3907.82942 18.759 0.085
3908.57072 18.770 0.055
3908.76114 18.621 0.055
3908.83642 18.991 0.066
3909.57583 18.835 0.057
3909.77374 18.929 0.059
3909.85216 18.642 0.061
3910.63204 18.608 0.047
3912.57497 18.578 0.037
3912.77179 18.655 0.044
3912.85964 19.132 0.076
3913.57274 18.887 0.055
3913.77494 18.908 0.067
3913.86477 18.520 0.055
3914.59021 18.913 0.071
3915.57073 18.607 0.051
3915.77408 18.593 0.047
3915.87109 19.103 0.084
3916.61858 18.851 0.078
3916.79126 19.035 0.106
3917.65865 18.669 0.069
3917.86485 18.575 0.065
3918.65733 18.630 0.053
3918.86175 18.604 0.067
3919.60488 18.822 0.079
3919.84195 19.316 0.157
3920.55655 18.493 0.043
3920.75284 18.643 0.048
3920.83161 18.957 0.062
3921.56362 18.843 0.080
3921.76000 18.858 0.108
3922.75649 19.153 0.122
3930.60404 18.742 0.063
3931.55516 18.804 0.073
3931.68184 18.986 0.080
3932.56697 18.909 0.075
3933.55594 18.902 0.059
3933.73730 18.955 0.069
3933.81296 18.421 0.068
3934.52676 19.024 0.088
3934.65083 18.808 0.053
3934.72059 18.855 0.057
3934.78962 18.699 0.056
3935.57665 18.706 0.055
3935.74797 18.472 0.050
3935.79968 18.846 0.079
3936.53023 18.658 0.067
3936.69555 18.629 0.055
3936.77315 19.047 0.101
3937.60543 18.747 0.058
3938.53777 18.887 0.089
3938.73938 18.661 0.068
3938.79199 18.468 0.058
3940.64077 18.752 0.053
3941.68989 18.743 0.079
3944.59427 18.892 0.069
3945.54315 18.969 0.072
3945.73118 18.989 0.105
3946.55781 18.677 0.062
3946.74284 18.672 0.057
3950.56125 18.689 0.054
3950.78804 18.681 0.066
3951.55740 18.692 0.068
3956.60379 18.808 0.092
3957.54467 18.748 0.069
3958.61744 19.035 0.102
3959.55736 18.686 0.061
3959.72176 18.793 0.074
3960.53540 19.014 0.070
3960.71531 19.085 0.074
3961.61048 18.732 0.094
3963.49703 18.616 0.062
3963.67160 18.628 0.049
3963.74489 18.734 0.079
3964.57022 18.924 0.066
3965.55709 18.609 0.051
3966.54826 18.639 0.060
3966.73282 18.442 0.054
3967.57207 18.955 0.098
3968.53482 18.847 0.079
3968.70634 18.844 0.074
3969.54257 18.723 0.067
3969.71734 18.688 0.069
3970.55055 18.658 0.065
3971.59034 18.975 0.098
3973.61550 18.847 0.074
3974.54529 18.724 0.089
3975.54780 19.057 0.074
3976.54307 18.905 0.084
3979.55619 18.812 0.114
3982.62897 18.800 0.075
3986.61960 18.906 0.088
3987.54196 18.913 0.074
3988.55478 18.716 0.054
3989.61654 18.761 0.086
3990.65879 18.764 0.076
3994.51148 18.548 0.087
3995.60911 18.622 0.056
3999.64661 18.664 0.064
4000.55369 18.598 0.082
4001.54343 18.724 0.066
4002.54009 18.925 0.079
4004.56305 18.551 0.072
4005.56576 19.008 0.130
4006.56400 18.875 0.065
4012.53615 18.643 0.080
4016.58121 18.950 0.103
4019.52088 18.640 0.066
4021.57464 18.953 0.115
4024.52231 18.706 0.070
4026.51782 19.081 0.096
4028.53387 18.736 0.072
4031.53399 18.561 0.068
4039.51841 18.672 0.088
4042.51598 18.874 0.127
4142.88921 18.804 0.153
4150.87502 18.567 0.083
4155.84733 18.609 0.069
4158.80922 18.798 0.076
4160.83721 18.983 0.117
4162.85984 18.678 0.082
4164.89971 18.728 0.069
4167.82729 18.556 0.076
4169.83436 18.850 0.077
4174.84892 18.616 0.066
4176.83062 18.948 0.076
4177.88429 18.611 0.064
4179.78203 18.533 0.059
4180.82877 19.180 0.125
4181.91696 18.852 0.100
4183.79596 18.617 0.068
4184.86401 18.743 0.061
4185.84334 18.684 0.069
4190.86172 18.920 0.073
4192.87406 18.618 0.061
4193.88500 18.765 0.067
4194.90655 18.981 0.071
4196.92693 18.708 0.078
4202.87633 19.054 0.075
4203.86447 18.724 0.058
4204.86363 18.580 0.054
4205.86013 18.833 0.063
4207.86380 18.753 0.053
4208.89346 18.682 0.064
4213.86155 19.000 0.070
4215.89911 18.724 0.072
4216.81994 18.683 0.066
4217.84228 18.803 0.053
4218.88306 18.780 0.065
4219.92401 18.860 0.092
4220.86429 18.804 0.104
4222.83078 18.968 0.077
4228.81880 18.597 0.078
4229.79761 18.685 0.064
4230.78457 18.980 0.068
4231.80667 18.738 0.059
4232.81491 18.738 0.095
4234.75910 18.945 0.087
4235.78398 18.789 0.072
4238.80778 19.065 0.093
4239.90599 18.897 0.098
4243.70154 19.065 0.109
4244.86339 18.957 0.082
4245.85662 18.983 0.084
4246.91132 18.710 0.075
4250.87717 18.691 0.107
4256.72225 18.648 0.088
4258.71930 18.885 0.090
4268.62277 19.108 0.117
4269.66292 18.624 0.061
4272.71382 18.547 0.049
4273.67364 18.687 0.066
4274.65730 18.847 0.071
4275.71417 18.690 0.076
4277.61328 18.693 0.085
4278.68754 19.147 0.114
4283.63294 19.100 0.095
4284.61676 18.901 0.087
4285.62353 18.666 0.080
4286.71739 18.918 0.113
4289.66285 18.705 0.077
4290.72038 18.640 0.087
4291.74105 18.673 0.073
4292.60214 18.860 0.066
4293.62960 18.649 0.054
4294.60138 18.657 0.060
4295.63071 19.056 0.076
4296.61019 18.726 0.052
4297.60398 18.580 0.048
4298.71353 18.726 0.066
4299.68048 18.717 0.060
4300.80532 18.812 0.088
4301.48281 19.031 0.094
4302.76191 18.664 0.064
4307.59699 19.025 0.087
4310.74670 18.475 0.099
4312.64278 18.549 0.057
4315.67661 18.508 0.077
4317.63009 18.923 0.082
4319.63786 18.664 0.069
4320.73927 18.833 0.099
4326.64882 18.797 0.077
4327.67699 18.741 0.084
4328.61802 18.625 0.062
4328.75044 18.606 0.102
4329.60897 18.890 0.099
4330.59157 19.023 0.090
4331.61800 18.581 0.074
4332.62313 18.715 0.066
4333.61849 18.959 0.098
4334.61272 18.786 0.108
4338.65268 18.554 0.083
4339.62167 18.711 0.070
4340.54242 18.699 0.108
4341.62012 19.222 0.140
4342.65632 18.701 0.089
4343.63568 18.696 0.065
4344.68510 18.782 0.078
4345.63550 18.770 0.089
4346.64080 18.772 0.087
4347.65484 18.898 0.087
4349.62660 18.806 0.065
4351.62526 18.511 0.082
4357.63671 18.620 0.083
4359.60782 18.845 0.096
4367.60695 18.913 0.128
4370.60588 18.695 0.079
4372.57794 19.039 0.092
4380.58767 19.048 0.096
4515.88301 19.060 0.112
4519.85452 18.987 0.098
4520.84696 18.924 0.112
4523.84531 19.027 0.112
4524.89637 18.663 0.066
4530.88588 18.955 0.070
4534.83260 18.693 0.077
4536.84173 18.833 0.090
4538.85065 18.850 0.074
4540.88051 18.704 0.060
4542.90688 18.880 0.066
4543.86828 18.855 0.069
4544.86508 18.670 0.056
4545.88264 18.898 0.078
4547.90874 18.664 0.070
4550.85639 19.153 0.106
4551.91418 18.703 0.077
4552.91111 18.708 0.069
4556.87554 18.760 0.060
4557.90154 18.967 0.065
4558.83657 18.955 0.074
4559.86573 18.683 0.063
4560.86619 18.634 0.050
4561.85508 18.983 0.066
4564.85928 18.739 0.057
4565.84818 19.017 0.061
4566.85019 18.920 0.062
4567.85449 18.647 0.054
4568.88453 19.065 0.094
4569.87043 19.019 0.073
4570.87572 18.706 0.059
4571.84123 18.647 0.053
4572.87900 18.887 0.115
4573.85476 19.147 0.072
4574.85692 18.722 0.067
4575.86861 18.648 0.058
4579.92092 19.037 0.101
4583.84072 18.592 0.066
4586.82120 18.945 0.095
4587.85897 18.695 0.064
4588.74731 18.693 0.064
4589.78107 18.793 0.076
4590.79545 18.934 0.084
4591.77271 18.756 0.064
4592.78485 18.668 0.069
4593.77025 18.859 0.082
4594.79857 18.841 0.065
4595.78909 18.560 0.056
4596.80962 18.849 0.068
4597.80687 18.903 0.077
4598.77626 18.901 0.058
4599.75566 18.743 0.057
4600.76123 18.636 0.049
4601.76590 19.043 0.067
4602.76347 19.008 0.064
4606.81329 18.628 0.069
4610.88635 18.921 0.077
4611.74754 18.744 0.072
4611.93406 18.634 0.072
4616.73632 18.703 0.057
4617.90717 18.705 0.095
4622.71611 19.223 0.115
4623.79597 18.737 0.083
4624.73478 18.836 0.068
4625.71609 18.783 0.091
4626.77103 18.616 0.062
4627.69544 18.849 0.062
4628.68562 18.579 0.052
4629.75128 19.005 0.076
4630.69109 19.089 0.078
4631.70943 18.627 0.048
4632.73211 18.778 0.060
4633.87198 19.007 0.099
4639.81254 19.037 0.122
4640.78806 18.844 0.077
4641.87328 19.198 0.147
4642.71097 18.731 0.075
4643.67704 18.679 0.063
4644.76011 18.938 0.084
4645.67883 19.117 0.096
4646.64653 19.034 0.063
4647.66772 18.709 0.060
4648.66162 18.694 0.057
4648.77103 18.746 0.066
4649.65184 18.863 0.064
4650.68329 18.795 0.064
4651.69462 18.699 0.073
4652.62305 18.619 0.062
4653.61690 18.742 0.066
4654.65606 18.866 0.067
4655.62035 18.795 0.066
4656.62356 18.706 0.064
4658.78078 19.003 0.115
4660.73044 18.861 0.109
4661.61293 18.844 0.062
4666.54572 18.644 0.075
4671.66956 18.698 0.061
4672.62906 18.642 0.070
4674.65723 18.686 0.070
4677.68192 18.769 0.082
4681.68526 18.667 0.069
4682.64093 18.680 0.063
4683.63881 18.704 0.075
4684.65732 18.951 0.096
4685.68344 18.705 0.062
4686.75601 19.064 0.096
4687.67150 18.993 0.103
4688.61767 18.923 0.072
4694.70173 18.738 0.109
4697.62302 18.585 0.074
4698.64457 18.556 0.059
4700.63978 18.813 0.085
4701.62268 18.708 0.063
4702.63752 18.623 0.066
4704.69876 18.668 0.076
4708.65912 18.712 0.068
4710.67707 19.138 0.117
4720.59020 18.968 0.107
4721.62576 18.514 0.092
4724.64250 18.651 0.094
4725.65847 18.960 0.134
4726.61868 18.930 0.121
4733.58289 18.594 0.078
4738.54309 18.758 0.082
4741.62508 18.732 0.075
4755.56416 19.060 0.149
4763.50637 19.093 0.124
4876.87925 18.705 0.074
4883.86504 19.101 0.111
4886.82543 18.821 0.079
4886.83200 18.844 0.085
4888.85952 18.656 0.061
4892.85358 18.703 0.068
4898.82385 18.929 0.092
4901.82671 18.706 0.064
4903.87410 18.673 0.056
4905.87049 19.204 0.122
4912.85528 18.640 0.049
4914.90139 18.693 0.063
4924.75090 18.570 0.050
4925.86859 18.785 0.056
4928.75886 18.701 0.067
4930.80291 19.003 0.098
4931.84737 18.742 0.072
4932.85591 19.017 0.078
4933.85080 18.925 0.099
4934.90662 18.853 0.132
4938.83070 18.681 0.071
4940.77223 18.509 0.056
4941.80796 18.980 0.082
4942.75101 19.085 0.075
4944.75335 18.734 0.059
4945.80645 18.996 0.059
4950.86639 18.718 0.066
4953.84583 18.546 0.061
4954.81528 18.655 0.057
4955.80666 18.789 0.080
