2125.67487 18.311 0.074
2129.72762 18.163 0.037
2132.67057 18.245 0.042
2136.57402 18.240 0.057
2141.58621 18.042 0.034
2144.67284 18.292 0.045
2160.62853 18.180 0.060
2170.56941 18.146 0.039
2178.58019 18.257 0.097
2211.53382 18.359 0.088
2333.87013 18.141 0.045
2344.83146 18.211 0.048
2355.88227 18.156 0.039
2364.87390 18.150 0.046
2372.88569 18.253 0.042
2384.82062 18.145 0.037
2388.81978 18.102 0.037
2390.85775 18.331 0.054
2393.85195 18.126 0.086
2400.79919 18.126 0.037
2402.90590 18.248 0.043
2406.84870 18.093 0.039
2414.87136 18.154 0.040
2416.88694 18.146 0.045
2424.74557 18.230 0.048
2428.73079 18.182 0.042
2432.88232 18.258 0.069
2434.77032 18.147 0.037
2436.81825 18.125 0.040
2438.79194 18.049 0.039
2441.75426 18.175 0.040
2445.67150 18.175 0.042
2448.69113 18.157 0.045
2454.78171 18.315 0.063
2459.68274 18.337 0.039
2460.70080 18.170 0.045
2463.58203 18.158 0.032
2466.60184 18.074 0.034
2468.72811 18.173 0.032
2470.71188 18.125 0.032
2472.73932 18.253 0.042
2481.59864 18.230 0.055
2484.66194 18.170 0.043
2486.75466 18.390 0.082
2493.68254 18.316 0.054
2496.52854 18.177 0.032
2498.54920 18.099 0.028
2500.59261 18.245 0.040
2502.60623 18.059 0.037
2508.70444 18.111 0.060
2512.65394 18.274 0.054
2517.55534 18.274 0.062
2520.62280 18.100 0.037
2529.48867 18.181 0.049
2538.54028 18.137 0.049
2542.56809 18.157 0.039
2548.49662 18.144 0.055
2552.53292 18.234 0.046
2557.49807 18.163 0.043
2564.51948 18.222 0.057
2708.84713 18.148 0.034
2719.85280 18.171 0.045
2729.87488 18.275 0.052
2734.81385 18.190 0.035
2747.73877 18.154 0.074
2753.92379 18.330 0.062
2757.84961 18.119 0.043
2761.89839 18.170 0.040
2767.84536 18.226 0.055
2775.76223 18.230 0.065
2784.60621 18.063 0.035
2786.82421 18.097 0.042
2788.63612 18.154 0.040
2790.74053 18.243 0.040
2795.62814 18.187 0.037
2797.64004 18.146 0.034
2802.73244 18.269 0.065
2809.75499 18.083 0.043
2811.68212 18.204 0.057
2812.81147 18.222 0.048
2813.85521 18.134 0.042
2815.83589 18.156 0.040
2816.85684 18.132 0.048
2818.62251 18.199 0.040
2819.79084 18.138 0.046
2821.68889 18.193 0.042
2826.79530 18.331 0.068
2835.67431 18.115 0.045
2837.68203 18.260 0.086
2840.73511 18.199 0.049
2843.68641 18.166 0.040
2845.68375 18.188 0.043
2850.57262 18.156 0.039
2852.58038 18.322 0.079
2854.58479 18.199 0.045
2857.49508 18.033 0.043
2858.70741 18.297 0.060
2859.56791 18.184 0.063
2862.65448 18.167 0.060
2866.60398 18.182 0.049
2868.70583 18.075 0.042
2871.62410 18.155 0.039
2877.52602 18.191 0.048
2883.62067 18.230 0.046
2892.54699 18.311 0.055
2895.61257 18.234 0.040
2900.62424 18.184 0.054
2905.62340 18.293 0.065
2909.63272 18.147 0.051
2920.54763 18.131 0.069
2931.54445 18.124 0.040
3052.85445 18.073 0.035
3059.82741 18.141 0.039
3064.84429 18.280 0.065
3068.79809 18.128 0.051
3070.87673 18.204 0.042
3073.83283 18.210 0.042
3075.87093 18.121 0.043
3080.77516 18.181 0.040
3082.90296 18.169 0.040
3085.83342 18.223 0.037
3086.90684 18.241 0.040
3088.82601 18.222 0.035
3090.73910 18.192 0.035
3096.89429 18.232 0.054
3098.92140 18.253 0.045
3100.90819 18.056 0.035
3101.76622 18.098 0.045
3103.79917 18.256 0.043
3104.85783 18.084 0.112
3106.87112 18.125 0.049
3108.79164 18.205 0.034
3109.85056 18.252 0.039
3110.85693 18.169 0.039
3112.84223 18.215 0.039
3114.80685 18.170 0.035
3116.89493 17.989 0.035
3122.93284 18.382 0.079
3125.89734 18.257 0.054
3127.84155 18.351 0.059
3128.84347 18.148 0.043
3130.72393 18.075 0.042
3131.69041 18.292 0.057
3135.92203 18.144 0.042
3135.93375 18.135 0.042
3138.67632 18.149 0.042
3139.90151 18.275 0.042
3140.90573 18.223 0.043
3142.79013 18.207 0.037
3144.81013 18.252 0.039
3146.84343 18.145 0.040
3151.77302 18.152 0.045
3151.93073 18.243 0.055
3152.77862 18.133 0.037
3153.78130 18.244 0.046
3154.84562 18.321 0.069
3156.88634 18.225 0.049
3162.59619 18.161 0.048
3163.77714 18.168 0.040
3164.75939 18.198 0.039
3164.89239 18.173 0.049
3165.73298 18.085 0.029
3167.61934 18.345 0.066
3168.88112 18.101 0.039
3169.74926 18.135 0.039
3170.83411 18.094 0.029
3171.80536 18.167 0.029
3172.77632 18.141 0.037
3173.87431 18.144 0.046
3175.74188 18.126 0.034
3177.78234 18.313 0.059
3179.52706 18.105 0.035
3179.90633 18.170 0.049
3180.74807 18.197 0.032
3182.80874 18.125 0.040
3183.76370 18.254 0.046
3184.72480 18.149 0.032
3185.72827 18.211 0.040
3193.55969 18.204 0.039
3194.57131 18.121 0.049
3195.70287 18.131 0.031
3195.82343 18.193 0.040
3196.62432 18.254 0.039
3197.54903 18.091 0.034
3197.85248 18.226 0.066
3199.64689 18.258 0.034
3202.54051 18.121 0.039
3203.68559 18.251 0.034
3204.67654 18.131 0.032
3205.53538 18.099 0.031
3206.74075 18.174 0.042
3209.66071 18.252 0.040
3210.66076 18.089 0.032
3211.63122 18.214 0.040
3217.67541 18.177 0.043
3218.67372 18.223 0.052
3219.63754 18.268 0.055
3223.67491 18.308 0.059
3224.72298 18.246 0.046
3226.64595 18.315 0.059
3228.62420 18.159 0.034
3229.65669 18.250 0.037
3230.69016 18.203 0.045
3231.59417 18.271 0.042
3238.64245 18.252 0.057
3240.49463 18.113 0.037
3241.67729 18.227 0.060
3245.59041 18.138 0.049
3246.68416 18.243 0.060
3247.60332 18.279 0.055
3249.55081 18.324 0.052
3250.68180 18.300 0.063
3256.66106 18.436 0.066
3260.57080 18.233 0.045
3265.50123 18.254 0.055
3267.55489 18.147 0.042
3272.61283 18.234 0.052
3279.54377 18.170 0.045
3282.50221 18.160 0.039
3288.56860 18.206 0.042
3293.53922 18.277 0.032
3295.54773 18.079 0.020
3300.53302 18.129 0.054
3315.50001 18.339 0.103
3410.89047 18.150 0.060
3417.86836 18.161 0.031
3422.89470 18.413 0.048
3426.88583 18.170 0.037
3429.87083 18.142 0.037
3442.91365 18.140 0.043
3445.82668 18.230 0.034
3447.87700 18.103 0.032
3449.89395 18.234 0.037
3452.91109 18.247 0.039
3453.78292 18.268 0.052
3455.85355 18.159 0.051
3456.86460 18.187 0.034
3457.78230 18.106 0.040
3458.82588 18.105 0.035
3458.86367 18.115 0.035
3459.80045 18.157 0.039
3467.90322 18.244 0.034
3469.81286 18.259 0.032
3470.85304 18.186 0.028
3472.78424 18.165 0.031
3473.87926 18.241 0.043
3474.85166 18.155 0.034
3475.91547 18.173 0.029
3477.78822 18.292 0.040
3478.90247 18.300 0.039
3480.85445 18.153 0.037
3481.85848 18.238 0.031
3483.79875 18.187 0.034
3496.75262 18.131 0.035
3497.82039 18.126 0.039
3499.74904 18.158 0.034
3500.75362 18.254 0.037
3501.86716 18.260 0.037
3502.69991 18.058 0.026
3503.71277 18.116 0.031
3504.72714 18.166 0.037
3506.81744 18.127 0.037
3508.80929 18.209 0.040
3509.71237 18.188 0.034
3511.69907 18.166 0.042
3512.76804 18.228 0.043
3517.80849 18.130 0.035
3520.84365 18.279 0.042
3521.66282 18.260 0.034
3522.77304 18.185 0.037
3523.80775 18.183 0.032
3524.79538 18.190 0.040
3525.77508 18.266 0.034
3526.86044 18.299 0.043
3528.57901 18.093 0.034
3530.80446 18.098 0.028
3537.77226 18.161 0.034
3538.70172 18.132 0.032
3540.67567 18.113 0.031
3544.75568 18.102 0.040
3546.87664 18.266 0.059
3547.83406 18.271 0.054
3550.66052 18.163 0.031
3551.66481 18.210 0.025
3552.69733 18.103 0.029
3553.70002 18.372 0.055
3554.69214 18.385 0.049
3555.72629 18.112 0.035
3556.74697 18.140 0.037
3558.58277 18.284 0.042
3558.86009 18.192 0.046
3559.67864 18.220 0.037
3560.63176 18.130 0.029
3561.57208 18.232 0.037
3561.83917 18.351 0.045
3562.61624 18.266 0.040
3562.83906 18.158 0.042
3563.66566 18.210 0.032
3564.55922 18.303 0.048
3569.61795 18.148 0.060
3573.68656 18.192 0.043
3573.71353 18.168 0.043
3574.71453 18.237 0.040
3575.65340 18.114 0.029
3575.79856 18.193 0.046
3576.71583 18.200 0.045
3577.76417 18.105 0.035
3578.70081 18.131 0.031
3579.64613 18.186 0.035
3580.68267 18.254 0.040
3581.69903 18.203 0.037
3582.62484 18.320 0.042
3583.66144 18.242 0.035
3584.67020 18.144 0.037
3585.66823 18.117 0.026
3586.69964 18.166 0.031
3588.75071 18.108 0.037
3589.71203 18.257 0.039
3590.70814 18.226 0.040
3592.68089 18.223 0.032
3597.66957 18.135 0.051
3601.68446 18.194 0.043
3602.68462 18.072 0.043
3603.66477 18.201 0.040
3607.66325 18.370 0.045
3608.67925 18.105 0.035
3615.60650 18.226 0.035
3618.61005 18.357 0.043
3620.57326 18.218 0.034
3628.57527 18.246 0.048
3630.58933 18.260 0.051
3632.61681 18.275 0.068
3634.52021 18.240 0.035
3639.52601 18.077 0.029
3641.57274 18.259 0.052
3644.53755 18.225 0.037
3649.51816 18.242 0.039
3651.57903 18.197 0.055
3654.56411 18.326 0.080
3655.54423 18.203 0.045
3657.53740 18.250 0.062
3659.53917 18.264 0.068
3662.54369 18.456 0.083
3665.51416 18.295 0.057
3672.51159 18.193 0.060
3777.84895 18.117 0.045
3782.88492 18.210 0.039
3785.84661 18.122 0.039
3787.86173 18.220 0.037
3791.83609 18.138 0.045
3793.88033 18.187 0.037
3795.86453 18.191 0.054
3796.89703 18.183 0.040
3798.82786 18.085 0.032
3799.87775 18.240 0.048
3801.83701 18.065 0.037
3802.87138 18.177 0.035
3804.78463 18.246 0.048
3805.82316 18.214 0.040
3806.81986 18.124 0.039
3807.84408 18.116 0.042
3808.84776 18.262 0.046
3809.90463 18.171 0.035
3810.90068 18.067 0.035
3811.79122 18.152 0.048
3812.86872 18.236 0.048
3813.84845 18.171 0.037
3814.84733 18.155 0.035
3818.76496 18.110 0.039
3819.82867 18.127 0.029
3820.79264 18.169 0.031
3821.79586 18.083 0.031
3822.83949 18.217 0.037
3823.80044 18.159 0.032
3824.78694 18.052 0.040
3825.82651 18.206 0.040
3826.78622 18.084 0.032
3827.82670 18.195 0.032
3828.80676 18.271 0.043
3829.72541 18.097 0.042
3830.76033 18.150 0.035
3832.76643 18.111 0.032
3833.79373 18.114 0.029
3834.76561 18.279 0.037
3835.75433 18.063 0.035
3835.92491 18.138 0.039
3836.71577 18.229 0.051
3837.75646 18.308 0.042
3838.76440 18.179 0.045
3838.88186 18.245 0.042
3839.76031 18.120 0.039
3840.76345 18.306 0.046
3840.93118 18.102 0.048
3841.71869 18.088 0.043
3841.86865 18.269 0.039
3842.71026 18.209 0.077
3845.74020 18.448 0.111
3845.93379 18.247 0.092
3846.75107 18.143 0.034
3846.87975 18.120 0.031
3847.82409 18.307 0.051
3848.77417 18.155 0.037
3848.89288 18.170 0.051
3849.77164 18.273 0.039
3850.71623 18.064 0.035
3850.88974 18.252 0.046
3851.73047 18.263 0.040
3851.89523 18.089 0.037
3852.71901 18.179 0.035
3852.83987 18.214 0.039
3852.92452 18.141 0.042
3853.71098 18.107 0.028
3853.87590 18.272 0.032
3856.69761 18.083 0.035
3856.88803 18.196 0.035
3858.73096 18.255 0.039
3859.85182 18.306 0.040
3860.69225 18.148 0.040
3861.68964 18.141 0.037
3861.79378 18.257 0.035
3861.89153 18.085 0.031
3862.67150 18.154 0.039
3862.88626 18.223 0.034
3863.68434 18.268 0.043
3863.82816 18.133 0.032
3863.90427 18.143 0.031
3864.70119 18.186 0.034
3864.88732 18.149 0.029
3865.66106 18.133 0.037
3865.79672 18.195 0.039
3865.87525 18.209 0.035
3866.70658 18.189 0.034
3866.84609 18.142 0.037
3866.93214 18.218 0.035
3867.65251 18.083 0.042
3867.83737 18.287 0.045
3867.90820 18.134 0.037
3868.65984 18.242 0.051
3868.79985 18.132 0.040
3868.88409 18.251 0.048
3869.62655 18.176 0.046
3869.82137 18.154 0.046
3869.89382 18.123 0.043
3873.69218 18.159 0.037
3873.83239 18.288 0.040
3873.90346 18.125 0.035
3874.69513 18.230 0.045
3874.86368 18.278 0.043
3875.63183 18.158 0.034
3875.77911 18.206 0.031
3875.85679 18.167 0.032
3876.65521 18.115 0.031
3877.65972 18.177 0.031
3877.80791 18.158 0.034
3877.88171 18.258 0.042
3880.64424 18.207 0.035
3880.86322 18.203 0.035
3880.93681 18.196 0.046
3881.68350 18.254 0.039
3881.82629 18.097 0.029
3882.59562 18.123 0.039
3882.79852 18.306 0.039
3882.86871 18.163 0.032
3883.66100 18.116 0.032
3883.88829 18.246 0.034
3886.62626 18.165 0.039
3886.81579 18.184 0.029
3886.88781 18.253 0.040
3886.91386 18.248 0.042
3887.59632 18.050 0.031
3887.79897 18.146 0.035
3887.82677 18.064 0.034
3887.89886 18.216 0.045
3889.67880 18.151 0.029
3890.56705 18.173 0.049
3891.70334 18.160 0.035
3891.82035 18.195 0.035
3891.90202 18.155 0.037
3892.61376 18.066 0.043
3893.64517 18.187 0.037
3893.89289 18.115 0.048
3894.69583 18.147 0.040
3896.63956 18.186 0.049
3900.55491 18.229 0.052
3900.74127 18.171 0.037
3900.81667 18.325 0.046
3901.56872 18.185 0.048
3901.74353 18.240 0.051
3901.82032 18.197 0.048
3901.89276 18.278 0.059
3902.58963 18.111 0.035
3902.76702 18.219 0.040
3902.89343 18.200 0.054
3903.67852 18.093 0.039
3904.57268 18.144 0.031
3904.73592 18.103 0.032
3904.80491 18.094 0.031
3904.85776 18.137 0.037
3905.56959 18.148 0.032
3905.74357 18.281 0.032
3905.81620 18.158 0.028
3905.88476 18.150 0.037
3906.50824 18.281 0.063
3906.67808 18.127 0.035
3906.74751 18.227 0.037
3906.82364 18.299 0.049
3907.61470 18.178 0.037
3907.80953 18.201 0.054
3907.88215 18.244 0.059
3908.55088 18.143 0.039
3908.74007 18.284 0.042
3908.81663 18.177 0.034
3909.55602 18.253 0.040
3909.75045 18.176 0.029
3909.83235 18.204 0.035
3910.60478 18.260 0.037
3912.55516 18.187 0.028
3912.75106 18.146 0.026
3912.83981 18.298 0.035
3913.55292 18.151 0.028
3913.75513 18.136 0.040
3913.84493 18.178 0.032
3914.57039 18.120 0.035
3915.55095 18.231 0.048
3915.75423 18.114 0.031
3915.85122 18.250 0.043
3916.59874 18.185 0.046
3916.77140 18.174 0.043
3917.63875 18.199 0.042
3917.85341 18.159 0.043
3918.63224 18.168 0.037
3918.66393 18.145 0.032
3918.84194 18.291 0.049
3919.56708 18.239 0.043
3919.81153 18.298 0.048
3920.53670 18.236 0.037
3920.73301 18.268 0.046
3920.81175 18.146 0.031
3921.52971 18.254 0.043
3921.74022 18.053 0.046
3922.73664 18.123 0.045
3930.58427 18.255 0.042
3930.80801 18.510 0.091
3931.53532 18.099 0.039
3931.65867 18.318 0.046
3932.54719 18.239 0.046
3933.53614 18.204 0.034
3933.71749 18.147 0.035
3933.79304 18.179 0.039
3934.50690 18.093 0.034
3934.63029 18.144 0.032
3934.70072 18.260 0.035
3934.76978 18.148 0.032
3935.55676 18.126 0.037
3935.72808 18.265 0.046
3935.77983 18.347 0.045
3936.51036 18.186 0.043
3936.67568 18.220 0.039
3936.75318 18.185 0.043
3937.57842 18.106 0.039
3938.51788 18.329 0.052
3938.71953 18.254 0.045
3938.76871 18.171 0.048
3940.62087 18.258 0.032
3941.66230 18.127 0.045
3944.57437 18.247 0.037
3945.52316 18.281 0.051
3945.71128 18.200 0.042
3946.53350 18.251 0.051
3946.72289 18.236 0.040
3950.54158 18.268 0.037
3950.76108 18.252 0.045
3951.53782 18.244 0.043
3956.58419 18.241 0.055
3957.52508 18.233 0.049
3958.59787 18.202 0.043
3959.53779 18.283 0.043
3959.70216 18.139 0.046
3960.51578 18.160 0.032
3960.69569 18.068 0.029
3961.59086 18.183 0.052
3963.47744 18.226 0.051
3963.65196 18.196 0.039
3963.72529 18.056 0.043
3964.54714 18.171 0.034
3965.53364 18.234 0.032
3965.72674 18.244 0.039
3966.52870 18.133 0.034
3966.71049 18.163 0.042
3967.55243 18.225 0.049
3968.51520 18.297 0.046
3968.68671 18.203 0.040
3969.51911 18.257 0.046
3969.69769 18.135 0.043
3970.53098 18.224 0.045
3970.71083 18.293 0.042
3971.57075 18.323 0.054
3973.59587 18.162 0.040
3974.52570 18.292 0.048
3975.52820 18.231 0.037
3976.52296 18.138 0.032
3979.53276 18.331 0.083
3982.59993 18.113 0.039
3986.59992 18.280 0.054
3987.52233 18.254 0.046
3988.53516 18.091 0.029
3989.59684 18.274 0.054
3990.63912 18.243 0.046
3994.49185 18.303 0.054
3995.58945 18.180 0.039
3999.62699 18.334 0.051
4000.53406 18.224 0.046
4001.52379 18.135 0.043
4002.52043 18.119 0.040
4004.54342 18.294 0.042
4005.54614 18.207 0.046
4006.54072 18.194 0.039
4012.51649 18.302 0.057
4016.55140 18.367 0.075
4018.57102 18.210 0.052
4020.56591 18.873 0.106
4023.57512 18.307 0.068
4026.49821 18.129 0.039
4028.51425 18.358 0.055
4031.51438 18.286 0.054
4038.51955 18.081 0.046
4041.51867 18.219 0.065
4142.86980 18.213 0.063
4151.87498 18.217 0.049
4153.89694 18.119 0.043
4156.87546 18.262 0.051
4158.90363 18.137 0.045
4161.86299 18.107 0.043
4163.84581 18.096 0.042
4165.83578 18.182 0.063
4168.82788 18.279 0.055
4170.83219 18.134 0.042
4175.86525 18.191 0.043
4177.76755 18.081 0.039
4178.82650 18.106 0.037
4179.86637 18.146 0.037
4181.80279 18.115 0.039
4182.85136 18.137 0.034
4183.88386 18.205 0.043
4185.76034 18.205 0.051
4185.82386 18.169 0.040
4185.87780 18.186 0.039
4185.91220 18.096 0.035
4186.90824 18.281 0.054
4187.87793 18.229 0.054
4189.80999 18.172 0.055
4189.85255 18.229 0.048
4189.86742 18.331 0.060
4189.88199 18.254 0.046
4189.90292 18.279 0.055
4189.91913 18.145 0.052
4190.74416 18.273 0.062
4190.79893 18.130 0.045
4190.91998 18.134 0.040
4191.77019 18.305 0.059
4191.89937 18.076 0.045
4192.78284 18.098 0.049
4192.82117 18.231 0.055
4193.78192 18.146 0.054
4194.80477 18.213 0.042
4196.79478 18.134 0.043
4202.77640 18.191 0.037
4203.76420 18.216 0.037
4204.75654 18.158 0.042
4205.75476 18.181 0.039
4205.90615 18.173 0.037
4207.74600 18.129 0.043
4208.69995 18.278 0.046
4211.81126 18.153 0.046
4212.84081 18.255 0.057
4213.74888 18.062 0.037
4215.76190 18.320 0.062
4216.71975 18.121 0.037
4216.83178 18.181 0.042
4216.93020 18.288 0.057
4217.70172 18.217 0.040
4217.72726 18.205 0.037
4217.81207 18.126 0.029
4217.84819 18.132 0.029
4217.88858 18.138 0.031
4217.92214 18.176 0.034
4218.70139 18.181 0.054
4218.77704 18.243 0.051
4218.82986 18.260 0.054
4218.89453 18.156 0.035
4218.92940 18.095 0.042
4219.70803 18.244 0.066
4219.71445 18.232 0.062
4219.71750 18.141 0.054
4219.72410 18.178 0.052
4219.74742 18.099 0.042
4219.76079 18.114 0.046
4219.77191 18.137 0.046
4219.78019 18.165 0.045
4219.78428 18.151 0.046
4219.79551 18.100 0.039
4219.80643 18.086 0.035
4219.82433 18.172 0.042
4219.83864 18.154 0.043
4219.85574 18.218 0.046
4219.86855 18.202 0.048
4219.87965 18.235 0.048
4219.89074 18.277 0.055
4219.90200 18.289 0.059
4219.91305 18.255 0.052
4219.92692 18.211 0.052
4219.93792 18.263 0.109
4220.65396 18.224 0.062
4220.66113 18.271 0.074
4220.67315 18.234 0.055
4220.68409 18.239 0.054
4220.69727 18.319 0.057
4220.70824 18.286 0.052
4220.71951 18.260 0.052
4220.73153 18.282 0.049
4220.74270 18.242 0.045
4220.75698 18.217 0.046
4220.76835 18.180 0.042
4220.77971 18.140 0.039
4220.79096 18.205 0.043
4220.80275 18.161 0.043
4220.81378 18.150 0.042
4220.82486 18.107 0.045
4220.83595 18.083 0.045
4220.84773 18.124 0.045
4220.85877 18.153 0.051
4220.86999 18.176 0.054
4220.88574 18.131 0.054
4220.89684 18.208 0.054
4220.90790 18.172 0.057
4220.91896 18.227 0.059
4220.92794 18.315 0.071
4220.93416 18.243 0.082
4221.64168 18.187 0.074
4221.64997 18.175 0.072
4221.65351 18.034 0.059
4221.65914 18.180 0.062
4221.66739 18.125 0.052
4221.67326 18.085 0.048
4221.67885 18.234 0.052
4221.68461 18.132 0.051
4221.70767 18.117 0.046
4221.71352 18.156 0.049
4221.71843 18.177 0.054
4221.72302 18.171 0.054
4221.72765 18.097 0.051
4221.73225 18.257 0.057
4221.73750 18.239 0.052
4221.74007 18.209 0.052
4221.74494 18.183 0.048
4221.74729 18.155 0.048
4221.75134 18.306 0.054
4221.75537 18.314 0.052
4221.75949 18.399 0.060
4221.76362 18.179 0.057
4221.76772 18.116 0.052
4221.77212 18.593 0.080
4221.77376 18.246 0.057
4221.77549 18.290 0.060
4221.77959 18.259 0.051
4221.79475 18.207 0.054
4221.79647 18.371 0.063
4221.79819 18.271 0.045
4221.80267 18.258 0.040
4221.80433 18.297 0.045
4221.80606 18.384 0.054
4221.81020 18.314 0.046
4221.81186 18.332 0.045
4221.81357 18.271 0.043
4221.81827 18.246 0.043
4221.82044 18.027 0.039
4221.82270 18.365 0.046
4221.82426 18.175 0.042
4221.82586 18.434 0.051
4221.82747 18.315 0.048
4221.82907 18.307 0.045
4221.85409 18.223 0.057
4221.85570 18.038 0.042
4221.85732 18.202 0.051
4221.85884 18.235 0.065
4221.86047 18.229 0.049
4221.86439 18.467 0.068
4221.86600 18.175 0.046
4221.86761 18.254 0.054
4221.86923 18.291 0.057
4221.87082 18.398 0.060
4221.87459 18.214 0.048
4221.87622 18.322 0.054
4221.87786 18.239 0.043
4221.87947 18.193 0.048
4221.88106 18.074 0.039
4221.88524 18.239 0.045
4221.88710 18.249 0.046
4221.88859 18.273 0.046
4221.89009 18.142 0.048
4221.89164 18.112 0.046
4221.89318 18.334 0.060
4221.89465 18.266 0.051
4221.89843 18.223 0.054
4221.89997 18.090 0.040
4221.90153 18.223 0.049
4221.90307 18.163 0.043
4221.90463 18.252 0.051
4221.90610 18.092 0.049
4221.90984 18.352 0.059
4221.91138 18.053 0.042
4221.91288 18.275 0.046
4221.91443 18.187 0.046
4221.91598 18.132 0.046
4221.91752 18.236 0.049
4221.92143 18.177 0.048
4221.92290 18.118 0.052
4221.92444 18.020 0.043
4221.92598 18.171 0.048
4221.92754 18.216 0.052
4221.92908 18.286 0.055
4221.93301 18.154 0.049
4222.65511 18.223 0.069
4222.65993 18.260 0.075
4222.66874 18.162 0.062
4222.67699 18.152 0.059
4222.69131 18.204 0.051
4222.70313 18.142 0.046
4222.71411 18.196 0.046
4222.73410 18.110 0.045
4222.74825 18.085 0.039
4222.76209 18.136 0.043
4222.77962 18.080 0.043
4222.79913 18.153 0.040
4222.81984 18.144 0.039
4222.83647 18.209 0.040
4222.85407 18.228 0.042
4222.87068 18.265 0.045
4222.88212 18.252 0.042
4222.89350 18.305 0.046
4222.90719 18.268 0.046
4222.91899 18.221 0.043
4222.92788 18.185 0.040
4223.65926 18.052 0.071
4223.66361 18.085 0.051
4223.73998 18.199 0.051
4224.74785 18.151 0.059
4224.80499 18.219 0.052
4224.86990 18.264 0.055
4227.84928 18.247 0.045
4227.90345 18.113 0.045
4227.91344 18.109 0.045
4227.92307 18.188 0.051
4228.64768 18.212 0.052
4228.69737 18.130 0.039
4229.69095 18.220 0.052
4229.88787 18.136 0.039
4230.63913 18.105 0.043
4230.82714 18.251 0.042
4230.88880 18.227 0.048
4231.66310 18.171 0.049
4231.71416 18.172 0.042
4231.86924 18.253 0.048
4232.64930 18.179 0.059
4232.77587 18.323 0.054
4232.91344 18.109 0.043
4233.84359 18.337 0.054
4234.77387 18.134 0.040
4234.89346 18.292 0.051
4235.68751 18.135 0.037
4235.74499 18.212 0.039
4235.84854 18.068 0.034
4235.91066 18.131 0.040
4237.61402 18.322 0.062
4238.68540 18.213 0.048
4238.89487 18.134 0.046
4239.65725 18.050 0.037
4240.69694 18.169 0.042
4240.84770 18.207 0.046
4243.66257 18.249 0.049
4243.75599 18.107 0.042
4243.84886 18.112 0.049
4244.63474 18.165 0.052
4244.73115 18.291 0.043
4244.82373 18.134 0.035
4245.62784 18.127 0.039
4245.72214 18.146 0.035
4245.81762 18.264 0.039
4245.86812 18.248 0.052
4246.68656 18.264 0.045
4246.77964 18.117 0.042
4246.87230 18.218 0.048
4247.70155 18.206 0.043
4250.74961 18.229 0.045
4250.93952 18.162 0.043
4251.82120 18.374 0.092
4256.63736 18.172 0.060
4256.78333 18.315 0.063
4257.66895 18.120 0.045
4258.65273 18.231 0.052
4258.77553 18.109 0.040
4258.86817 18.266 0.063
4267.61239 18.191 0.054
4268.63366 18.116 0.042
4268.85936 18.164 0.052
4269.59458 18.117 0.039
4269.74487 18.178 0.046
4270.52932 18.107 0.046
4272.57582 18.223 0.045
4272.72569 18.126 0.035
4272.78429 18.192 0.043
4272.85568 18.191 0.052
4273.63615 18.250 0.052
4273.81431 18.106 0.042
4273.87552 18.181 0.063
4274.56722 18.178 0.057
4274.72015 18.272 0.054
4274.78106 18.336 0.043
4274.84058 18.261 0.055
4275.61878 18.199 0.040
4275.79404 18.262 0.054
4275.85516 18.299 0.072
4276.60350 18.222 0.052
4277.54723 18.224 0.062
4277.72432 18.143 0.043
4277.78293 18.245 0.062
4278.59217 18.339 0.068
4278.76850 18.190 0.060
4283.52974 18.187 0.051
4284.52155 18.196 0.052
4284.67113 18.120 0.049
4284.73127 18.085 0.037
4284.79333 18.169 0.049
4284.85828 18.239 0.065
4285.52473 18.090 0.049
4285.71828 18.322 0.052
4285.77951 18.186 0.043
4285.84474 18.145 0.048
4286.52445 18.141 0.049
4286.83266 18.177 0.068
4289.53536 18.250 0.059
4289.75427 18.289 0.057
4289.81909 18.231 0.052
4290.58164 18.421 0.066
4291.60129 18.173 0.043
4292.50687 18.188 0.040
4292.68590 18.146 0.035
4292.74470 18.270 0.039
4292.80771 18.234 0.045
4293.50767 18.112 0.037
4293.69180 18.113 0.035
4293.75057 18.095 0.034
4293.79083 18.167 0.042
4293.82834 18.320 0.048
4294.50627 18.098 0.042
4295.51643 18.270 0.045
4295.71152 18.173 0.034
4295.77010 18.207 0.039
4295.83193 18.144 0.051
4296.51049 18.252 0.052
4296.71623 18.069 0.034
4297.53031 18.109 0.039
4297.73488 18.246 0.043
4298.56479 18.176 0.045
4298.67643 18.146 0.040
4298.81383 18.351 0.072
4299.55188 18.168 0.034
4299.64178 18.152 0.035
4299.73307 18.117 0.034
4300.54853 18.112 0.039
4300.66371 18.208 0.042
4300.77881 18.154 0.040
4301.53464 18.213 0.040
4301.63089 18.104 0.037
4301.73306 18.147 0.035
4302.60764 18.316 0.049
4302.77273 18.116 0.039
4303.69420 18.290 0.051
4304.57252 18.171 0.055
4304.70195 18.284 0.062
4306.57825 18.136 0.049
4306.71476 18.219 0.051
4310.63187 18.118 0.055
4312.51947 18.094 0.054
4312.76232 18.172 0.043
4314.77690 18.102 0.055
4315.55091 18.077 0.042
4316.58046 18.156 0.039
4317.50310 18.105 0.039
4319.53814 18.226 0.045
4319.68410 18.113 0.046
4320.60548 18.335 0.052
4326.52679 18.168 0.040
4326.73105 18.152 0.048
4327.60606 18.128 0.048
4327.74448 18.272 0.068
4328.47123 18.123 0.052
4328.71085 18.207 0.049
4329.54174 18.124 0.045
4329.68975 18.189 0.054
4330.47155 18.097 0.048
4330.70884 18.244 0.046
4331.51369 18.266 0.045
4332.52367 18.135 0.037
4332.72887 18.150 0.051
4333.54868 18.108 0.043
4334.52140 18.194 0.072
4338.51816 18.263 0.066
4338.69671 18.263 0.071
4339.51497 18.162 0.043
4340.63515 18.076 0.039
4341.51922 18.193 0.054
4342.55124 18.176 0.045
4343.53513 18.250 0.035
4344.56467 18.182 0.046
4345.52678 18.098 0.034
4346.53638 18.251 0.057
4347.55073 18.174 0.045
4349.51645 18.301 0.048
4350.56985 18.161 0.035
4351.52157 18.112 0.035
4352.57793 18.257 0.057
4353.53189 18.123 0.037
4353.54355 18.123 0.040
4354.56063 18.128 0.042
4355.56844 18.264 0.054
4356.52567 18.110 0.039
4357.49703 18.240 0.059
4358.54046 18.251 0.046
4359.50938 18.079 0.040
4360.58130 18.136 0.048
4361.52276 18.373 0.079
4362.53977 18.189 0.051
4365.57839 18.089 0.057
4367.53121 18.145 0.043
4368.49849 18.213 0.059
4369.58392 18.255 0.074
4370.51111 18.149 0.043
4371.47895 18.233 0.060
4372.53537 18.201 0.035
4373.52638 18.273 0.054
4377.49963 18.096 0.037
4378.53395 18.214 0.045
4379.55200 18.221 0.060
4380.49143 18.124 0.046
4381.53909 18.159 0.062
4382.49765 18.294 0.066
4383.52979 18.166 0.054
4384.50422 18.362 0.072
4388.56043 18.155 0.057
4393.54629 18.152 0.042
4394.51941 18.103 0.045
4395.55563 18.229 0.068
4396.52545 18.285 0.072
4397.54919 18.380 0.072
4398.55446 18.125 0.054
4399.50444 18.279 0.063
4400.54888 18.185 0.071
4403.50277 18.201 0.068
4409.52023 18.121 0.062
4507.87900 18.299 0.060
4511.84578 18.055 0.039
4511.86559 18.131 0.035
4513.87693 18.271 0.039
4517.87608 18.144 0.059
4519.89734 18.249 0.052
4521.81540 18.118 0.049
4523.88784 18.192 0.051
4525.83174 18.282 0.080
4530.89735 18.127 0.034
4531.83492 18.260 0.046
4534.84470 18.260 0.048
4536.79328 18.303 0.065
4537.85341 18.215 0.035
4538.88583 18.172 0.042
4539.87191 18.220 0.049
4540.81582 18.150 0.037
4541.80836 18.051 0.034
4542.80315 18.379 0.054
4543.79867 18.148 0.039
4544.79561 18.094 0.042
4545.75977 18.179 0.055
4546.76636 18.052 0.043
4547.74108 18.191 0.049
4548.83344 18.179 0.046
4548.88432 18.311 0.074
4550.76350 18.286 0.062
4550.78317 18.170 0.048
4550.86799 18.162 0.039
4551.72650 18.069 0.045
4551.78007 18.225 0.045
4552.72984 18.175 0.091
4556.77316 18.174 0.040
4557.79434 18.270 0.043
4558.72397 18.110 0.043
4559.76482 18.185 0.039
4560.76522 18.193 0.040
4561.75453 18.082 0.032
4564.74480 18.100 0.037
4565.74282 18.252 0.035
4566.74230 18.198 0.037
4567.74225 18.054 0.034
4568.74486 18.144 0.034
4569.75940 18.136 0.035
4570.74741 18.134 0.046
4571.73903 18.288 0.057
4572.76592 18.161 0.035
4573.75407 18.083 0.040
4574.75665 18.195 0.043
4575.76547 18.216 0.043
4576.77846 18.105 0.035
4576.90175 18.206 0.046
4577.85365 18.095 0.039
4577.90965 18.088 0.042
4578.80801 18.328 0.062
4579.88181 18.278 0.055
4583.74862 18.281 0.048
4585.77575 18.194 0.052
4586.75507 18.190 0.045
4587.78866 18.237 0.046
4588.66379 18.326 0.059
4588.89633 18.208 0.037
4589.71021 18.326 0.048
4589.86557 18.198 0.046
4589.92745 18.167 0.045
4590.71903 18.145 0.040
4590.92101 18.138 0.037
4591.66021 18.302 0.048
4591.87151 18.193 0.043
4591.93350 18.295 0.057
4592.68040 18.167 0.042
4592.86967 18.161 0.045
4593.66958 18.112 0.039
4593.87937 18.086 0.037
4593.91924 18.136 0.039
4594.69076 18.207 0.043
4594.88564 18.255 0.046
4595.68337 18.197 0.040
4595.87462 18.148 0.039
4595.93915 18.273 0.074
4596.67523 18.212 0.051
4596.93307 18.094 0.042
4597.69982 18.210 0.039
4597.89142 18.289 0.043
4598.67603 18.173 0.032
4599.64857 18.177 0.045
4599.93373 18.153 0.045
4600.66092 18.295 0.040
4600.86959 18.132 0.034
4601.66345 18.138 0.037
4601.87967 18.125 0.031
4602.65603 18.083 0.032
4602.87193 18.161 0.032
4603.86736 18.167 0.046
4606.66379 18.276 0.046
4606.91557 18.187 0.045
4610.75709 18.195 0.040
4611.64266 18.137 0.043
4611.79144 18.154 0.042
4612.66417 18.383 0.054
4615.80649 18.124 0.043
4616.61815 18.152 0.039
4616.83443 18.119 0.042
4617.69205 18.142 0.032
4618.62675 18.205 0.043
4622.64030 18.085 0.037
4622.82516 18.220 0.048
4623.68691 18.143 0.042
4623.88451 18.308 0.072
4624.60543 18.256 0.055
4624.82837 18.142 0.042
4624.89744 18.264 0.052
4625.61874 18.177 0.049
4625.83815 18.210 0.051
4625.92672 18.072 0.051
4626.63943 18.318 0.055
4626.90759 18.221 0.052
4627.57741 18.112 0.039
4627.86682 18.193 0.034
4628.58432 18.159 0.042
4628.77410 18.212 0.046
4628.83641 18.220 0.049
4628.91062 18.169 0.046
4629.64717 18.226 0.039
4629.85485 18.209 0.042
4630.58224 18.109 0.039
4630.79801 18.160 0.035
4630.86752 18.086 0.040
4631.60774 18.113 0.035
4631.80643 18.281 0.040
4631.88179 18.146 0.040
4632.58688 18.201 0.039
4633.58392 18.074 0.039
4633.69488 18.208 0.037
4633.81989 18.125 0.039
4638.76835 18.154 0.046
4638.87909 18.427 0.079
4639.59194 18.176 0.043
4639.68953 18.239 0.045
4640.61014 18.150 0.042
4640.74199 18.149 0.039
4641.68567 18.181 0.048
4641.79775 18.146 0.045
4642.60816 18.192 0.039
4642.77030 18.188 0.043
4642.84947 17.977 0.042
4643.56739 18.223 0.048
4644.61588 18.193 0.045
4644.88546 18.259 0.049
4645.54626 18.139 0.051
4645.79397 18.262 0.051
4645.85945 18.168 0.054
4646.54127 18.228 0.039
4646.86701 18.190 0.048
4647.53758 18.173 0.045
4647.75380 18.145 0.046
4647.77799 18.168 0.043
4648.53465 18.161 0.049
4648.78854 18.091 0.042
4648.86317 18.192 0.057
4649.54489 18.197 0.045
4649.77122 18.258 0.039
4650.54604 18.154 0.043
4650.80915 18.175 0.045
4651.52947 18.195 0.048
4652.52092 18.272 0.049
4652.73514 18.185 0.040
4652.85892 18.215 0.057
4653.51660 18.254 0.057
4653.73581 18.099 0.040
4654.55569 18.119 0.046
4654.77025 18.227 0.049
4655.51643 18.224 0.054
4655.74101 18.246 0.040
4656.51836 18.108 0.037
4656.70825 18.190 0.043
4656.82751 18.176 0.055
4657.74677 18.252 0.060
4658.67697 18.164 0.048
4660.62926 18.132 0.045
4661.50644 18.126 0.043
4661.70714 18.226 0.059
4661.77414 18.355 0.060
4665.67404 18.221 0.055
4666.57939 18.098 0.039
4666.68033 18.271 0.048
4666.72258 18.268 0.054
4666.79491 18.165 0.057
4667.51324 18.201 0.065
4670.54967 18.360 0.063
4671.59953 18.254 0.035
4671.77166 18.127 0.046
4672.52540 18.146 0.034
4672.67558 18.227 0.037
4672.76077 18.245 0.052
4674.53121 18.128 0.045
4674.72137 18.184 0.045
4675.77055 18.171 0.046
4677.50477 18.106 0.037
4677.58870 18.241 0.045
4677.74426 18.198 0.057
4679.64358 18.110 0.045
4681.54615 18.098 0.040
4681.64618 18.226 0.043
4681.73644 18.268 0.042
4682.57075 18.276 0.046
4682.67447 18.163 0.037
4682.76962 18.251 0.048
4683.53582 18.195 0.049
4683.72443 18.123 0.045
4684.52837 18.172 0.039
4684.69979 18.288 0.045
4685.47100 18.154 0.072
4685.74853 18.218 0.049
4686.51713 18.134 0.040
4687.52043 18.258 0.048
4687.75638 18.169 0.048
4688.51376 18.243 0.045
4688.70349 18.050 0.037
4693.56145 18.080 0.043
4694.62257 18.351 0.069
4697.51720 18.186 0.040
4698.52262 18.116 0.032
4699.52083 18.212 0.042
4700.52523 18.293 0.040
4701.52048 18.140 0.043
4702.53671 18.099 0.039
4703.60420 18.157 0.042
4704.65957 18.192 0.043
4705.56735 18.113 0.042
4707.61603 18.270 0.045
4708.56789 18.075 0.042
4709.53200 18.317 0.063
4710.57272 18.097 0.043
4715.60703 18.153 0.054
4716.60465 18.103 0.055
4720.52242 18.188 0.054
4721.52266 18.330 0.068
4722.48816 18.074 0.054
4724.52520 18.316 0.063
4725.50386 18.164 0.051
4726.48404 18.351 0.072
4728.61773 18.218 0.062
4729.48545 18.295 0.062
4730.48684 18.194 0.046
4731.59378 18.270 0.055
4733.54226 18.268 0.048
4734.57159 18.185 0.048
4740.57312 18.185 0.055
4753.56415 18.282 0.065
4758.52988 18.065 0.045
4869.86582 18.104 0.042
4872.85819 18.187 0.069
4873.87995 18.230 0.046
4875.87980 18.232 0.049
4878.85390 18.204 0.054
4884.87058 18.112 0.040
4887.84299 18.161 0.039
4890.89848 18.168 0.042
4896.89018 18.178 0.040
4899.85794 18.169 0.040
4901.78752 18.085 0.045
4903.78321 18.121 0.045
4905.83153 18.266 0.051
4910.82950 18.111 0.045
4911.86644 18.264 0.039
4913.88003 18.085 0.032
4916.92097 18.143 0.048
4921.72882 18.049 0.043
4924.92455 18.310 0.077
4925.83193 18.158 0.034
4926.70878 18.100 0.043
4927.73179 18.165 0.049
4927.88646 18.205 0.048
4928.78022 18.144 0.040
4929.72687 18.141 0.049
4930.71886 18.163 0.043
4930.86671 18.214 0.051
4931.76301 18.208 0.048
4932.69714 18.115 0.040
4932.89595 18.112 0.042
4933.71299 18.166 0.052
4933.89071 18.225 0.048
4934.81166 18.248 0.055
4938.71258 18.021 0.037
4939.67341 18.320 0.055
4940.67339 18.251 0.049
4940.85107 18.094 0.048
4941.86749 18.233 0.048
4942.68989 18.218 0.043
4942.76186 18.105 0.034
4943.70220 18.204 0.037
4943.85907 18.106 0.034
4944.71364 18.127 0.035
4944.86825 18.141 0.032
4945.65882 18.280 0.049
4946.68144 18.205 0.037
4947.67227 18.113 0.034
4948.65189 18.238 0.054
4949.83215 18.203 0.035
4950.64266 18.193 0.042
4951.80633 18.101 0.039
4952.66233 18.153 0.037
4953.67574 18.137 0.037
4954.65441 18.243 0.045
4954.72054 18.167 0.037
4955.65517 18.144 0.045
4955.82356 18.205 0.043
