2117.77081 16.774 0.011
2131.59211 16.787 0.010
2143.70399 16.748 0.010
2165.54873 16.801 0.011
2172.50023 16.795 0.014
2185.52846 16.759 0.013
2329.86211 16.767 0.010
2346.85219 16.761 0.010
2351.88397 16.773 0.010
2360.89008 16.781 0.010
2371.86386 16.805 0.011
2391.79422 16.763 0.014
2405.72749 16.759 0.010
2458.81331 16.801 0.011
2462.62035 16.788 0.010
2464.63385 16.774 0.010
2467.52337 16.766 0.010
2469.53313 16.785 0.010
2471.71734 16.777 0.010
2473.52218 16.790 0.014
2483.60213 16.771 0.011
2486.58073 16.751 0.011
2490.55263 16.762 0.011
2493.51091 16.752 0.011
2497.64148 16.806 0.011
2499.68749 16.754 0.010
2501.70561 16.773 0.011
2508.52408 16.774 0.011
2511.70261 16.737 0.013
2518.62179 16.769 0.011
2521.63386 16.786 0.011
2541.48497 16.799 0.013
2546.57803 16.817 0.013
2551.48983 16.781 0.014
2555.58576 16.798 0.014
2562.53904 16.760 0.014
2573.50762 16.776 0.018
2704.87477 16.768 0.011
2727.91021 16.760 0.010
2732.92241 16.766 0.013
2743.91547 16.757 0.010
2752.82297 16.772 0.011
2759.92442 16.785 0.011
2766.79491 16.777 0.010
2770.68004 16.767 0.013
2782.92100 16.784 0.015
2784.90076 16.766 0.011
2786.76269 16.770 0.015
2789.63411 16.805 0.011
2794.75142 16.764 0.011
2802.78054 16.781 0.015
2808.81144 16.832 0.018
2810.72598 16.796 0.011
2812.68139 16.772 0.011
2813.77122 16.770 0.011
2815.70601 16.777 0.010
2816.84172 16.793 0.011
2817.85037 16.801 0.013
2818.65050 16.780 0.011
2819.64460 16.770 0.010
2821.61475 16.795 0.011
2830.65589 16.759 0.013
2835.58148 16.822 0.017
2836.81281 16.791 0.024
2842.75181 16.809 0.011
2844.74850 16.767 0.010
2849.66294 16.761 0.011
2851.68072 16.761 0.011
2853.68620 16.780 0.011
2856.56713 16.775 0.011
2858.53655 16.781 0.011
2859.50984 16.774 0.019
2860.69015 16.824 0.017
2862.70803 16.772 0.014
2865.64293 16.751 0.011
2867.68026 16.783 0.011
2869.69411 16.774 0.013
2872.58102 16.768 0.011
2877.55323 16.805 0.011
2882.61096 16.801 0.010
2894.63082 16.784 0.014
2898.61721 16.766 0.014
2903.56026 16.807 0.009
2907.61783 16.763 0.014
2916.55356 16.778 0.013
2925.58059 16.740 0.013
2937.54172 16.796 0.014
3049.88165 16.771 0.010
3057.89738 16.775 0.013
3061.87202 16.776 0.011
3067.80862 16.779 0.010
3069.88218 16.769 0.010
3072.84344 16.764 0.010
3074.87889 16.805 0.010
3081.76443 16.799 0.011
3083.86477 16.775 0.010
3085.81860 16.803 0.010
3087.76851 16.780 0.011
3089.75588 16.792 0.010
3090.91395 16.806 0.010
3096.75748 16.827 0.013
3098.75961 16.783 0.011
3099.75803 16.814 0.013
3101.75163 16.795 0.014
3103.75995 16.804 0.011
3107.75318 16.798 0.010
3108.90938 16.775 0.010
3109.72837 16.777 0.010
3110.74324 16.808 0.010
3111.79993 16.813 0.010
3112.73894 16.765 0.010
3113.78218 16.784 0.009
3114.72175 16.814 0.010
3115.78094 16.818 0.010
3118.83824 16.749 0.011
3122.79088 16.793 0.013
3125.76840 16.767 0.013
3126.77467 16.815 0.010
3127.70816 16.763 0.010
3128.72750 16.760 0.011
3129.70589 16.813 0.013
3130.88209 16.776 0.013
3134.67906 16.759 0.019
3137.72728 16.801 0.013
3138.88404 16.767 0.010
3139.74662 16.778 0.010
3140.78274 16.763 0.010
3144.70171 16.803 0.010
3146.66332 16.760 0.010
3151.66136 16.812 0.013
3152.66674 16.814 0.011
3153.66912 16.774 0.011
3154.75033 16.792 0.011
3156.66068 16.797 0.011
3158.69711 16.759 0.015
3162.71417 16.774 0.013
3163.68025 16.821 0.010
3164.64279 16.774 0.010
3166.70607 16.791 0.013
3167.85905 16.817 0.011
3168.66225 16.789 0.010
3169.63276 16.781 0.010
3169.92606 16.884 0.017
3170.86602 16.797 0.010
3171.66028 16.792 0.009
3172.63882 16.763 0.009
3174.62496 16.816 0.010
3175.62354 16.783 0.010
3176.65593 16.766 0.010
3178.68582 16.738 0.010
3179.71629 16.826 0.010
3180.60843 16.753 0.009
3182.66591 16.788 0.011
3183.62978 16.771 0.010
3184.60052 16.781 0.009
3185.71086 16.766 0.011
3192.74651 16.808 0.011
3193.77148 16.789 0.010
3194.70074 16.798 0.011
3195.58134 16.770 0.010
3196.65756 16.766 0.010
3196.82644 16.782 0.011
3197.65104 16.809 0.010
3199.60576 16.768 0.010
3202.65369 16.792 0.010
3203.78393 16.787 0.009
3205.59041 16.792 0.009
3206.57228 16.766 0.009
3207.57914 16.819 0.010
3211.56929 16.809 0.010
3212.57078 16.790 0.013
3217.56712 16.828 0.018
3218.56619 16.773 0.011
3223.55976 16.827 0.011
3224.57141 16.795 0.010
3226.52634 16.829 0.013
3229.53506 16.789 0.010
3230.57536 16.795 0.010
3239.68375 16.786 0.011
3244.66952 16.841 0.017
3246.62047 16.792 0.015
3248.58023 16.773 0.011
3250.56542 16.795 0.011
3253.50645 16.812 0.013
3258.60115 16.826 0.013
3262.54781 16.773 0.011
3266.56063 16.829 0.014
3268.62345 16.768 0.010
3272.52233 16.799 0.011
3274.51659 16.765 0.013
3278.53451 16.770 0.011
3287.52422 16.800 0.010
3292.51169 16.780 0.010
3432.83675 16.810 0.013
3442.80187 16.816 0.011
3444.85600 16.810 0.010
3446.88454 16.775 0.010
3448.91526 16.811 0.011
3452.79930 16.771 0.010
3454.85643 16.784 0.011
3468.81475 16.781 0.009
3470.78442 16.786 0.009
3473.81289 16.807 0.010
3475.73472 16.770 0.010
3477.82006 16.813 0.010
3479.88268 16.804 0.009
3481.69688 16.768 0.011
3483.77174 16.789 0.010
3497.69711 16.785 0.013
3500.84096 16.780 0.009
3501.72446 16.777 0.010
3503.79694 16.808 0.009
3504.76532 16.779 0.009
3508.68337 16.769 0.011
3509.67073 16.804 0.010
3512.74741 16.753 0.010
3520.62226 16.836 0.011
3521.78761 16.781 0.010
3522.64417 16.750 0.009
3523.67547 16.778 0.010
3524.65955 16.791 0.010
3525.83818 16.771 0.009
3526.84516 16.744 0.009
3528.82036 16.796 0.010
3530.76425 16.809 0.009
3541.85506 16.771 0.010
3547.67373 16.816 0.013
3550.75280 16.781 0.007
3551.69860 16.774 0.007
3552.80391 16.749 0.013
3553.65708 16.784 0.011
3554.64076 16.789 0.010
3556.62101 16.779 0.010
3558.68422 16.774 0.009
3559.76411 16.758 0.009
3560.78649 16.758 0.009
3561.69634 16.765 0.009
3562.49944 16.764 0.010
3563.55323 16.744 0.009
3564.69508 16.786 0.011
3573.55132 16.798 0.013
3574.60589 16.804 0.010
3575.59470 16.778 0.009
3576.64896 16.742 0.009
3577.62495 16.795 0.010
3578.57845 16.788 0.009
3579.56223 16.775 0.009
3580.54892 16.788 0.009
3581.58913 16.801 0.010
3582.53753 16.784 0.010
3583.57702 16.757 0.009
3584.56326 16.794 0.009
3585.55387 16.778 0.009
3586.61895 16.834 0.010
3587.68671 16.835 0.011
3589.59241 16.810 0.009
3590.55011 16.779 0.009
3591.62872 16.757 0.009
3593.51520 16.760 0.009
3594.63038 16.785 0.009
3601.52860 16.773 0.009
3603.53428 16.803 0.010
3607.55009 16.819 0.009
3608.54198 16.749 0.010
3617.54565 16.740 0.010
3620.62111 16.817 0.009
3629.60506 16.782 0.011
3632.52629 16.750 0.011
3634.58832 16.776 0.010
3643.53442 16.769 0.013
3646.56289 16.796 0.014
3651.53727 16.758 0.010
3653.56037 16.809 0.017
3774.87316 16.797 0.010
3780.85280 16.766 0.011
