2118.75289 18.677 0.065
2125.52161 18.844 0.105
2129.60441 18.802 0.054
2132.54905 18.748 0.051
2135.68062 18.601 0.042
2140.64447 18.681 0.051
2144.53101 18.985 0.095
2158.57357 18.563 0.054
2167.52881 18.726 0.047
2172.54455 18.867 0.082
2187.49529 18.620 0.061
2330.86835 18.601 0.046
2344.86388 18.682 0.051
2355.82923 18.609 0.042
2371.90936 18.587 0.046
2382.88685 18.657 0.055
2386.83963 18.675 0.057
2390.76952 18.575 0.061
2397.84712 18.592 0.058
2401.76022 18.624 0.049
2403.81628 18.573 0.039
2405.78463 18.735 0.053
2415.85251 18.566 0.061
2424.72940 18.574 0.088
2428.69371 18.563 0.046
2432.76428 18.945 0.105
2434.63375 18.659 0.057
2435.86040 18.607 0.054
2437.80485 18.607 0.058
2439.74255 18.637 0.039
2441.69842 18.614 0.041
2444.82835 18.653 0.070
2446.83195 18.789 0.073
2453.78883 18.645 0.051
2458.84075 18.800 0.062
2462.57008 18.786 0.050
2464.69138 18.716 0.045
2467.59447 18.699 0.046
2469.60895 18.711 0.039
2471.66873 18.748 0.042
2483.65053 18.709 0.051
2486.63382 18.781 0.070
2490.60083 18.670 0.058
2493.56006 18.614 0.049
2495.63462 18.633 0.045
2496.49136 18.667 0.047
2497.49527 18.583 0.050
2497.68928 18.642 0.051
2498.57524 18.650 0.037
2499.73714 18.610 0.045
2501.75558 18.681 0.055
2508.57189 18.810 0.059
2512.53192 18.714 0.066
2517.70204 18.754 0.078
2520.48873 18.660 0.057
2526.58491 18.751 0.049
2535.58594 18.594 0.073
2541.56407 18.803 0.068
2547.50410 18.821 0.069
2551.53855 18.579 0.065
2556.49229 18.632 0.069
2563.52792 18.521 0.047
2574.50560 18.726 0.070
2705.86838 18.873 0.059
2713.91027 18.668 0.046
2728.85142 18.689 0.064
2733.83350 18.699 0.061
2744.80594 18.606 0.041
2752.87750 18.728 0.065
2756.85087 18.644 0.050
2760.81685 18.545 0.062
2766.85041 18.673 0.053
2770.73009 18.562 0.054
2783.79102 18.575 0.042
2786.85361 18.530 0.053
2789.65992 18.651 0.049
2791.62078 18.734 0.054
2794.77686 18.540 0.054
2796.72563 18.641 0.041
2808.86743 18.506 0.078
2810.79557 18.628 0.047
2811.83600 18.678 0.050
2813.63252 18.655 0.065
2815.75424 18.647 0.043
2817.70713 18.709 0.055
2818.76927 18.702 0.058
2820.63960 18.628 0.055
2826.63166 18.679 0.057
2834.68963 18.723 0.144
2835.81018 18.465 0.053
2837.54490 18.569 0.058
2839.58119 18.640 0.064
2841.59140 18.613 0.055
2843.52684 18.692 0.074
2845.56642 18.629 0.059
2849.71684 18.621 0.053
2851.73114 18.610 0.061
2853.73695 18.673 0.059
2856.62556 18.652 0.061
2858.60093 18.535 0.074
2859.63962 18.668 0.084
2863.61000 18.581 0.059
2866.69878 18.647 0.061
2869.63941 18.662 0.050
2872.61348 18.736 0.046
2877.60347 18.736 0.062
2883.54999 18.652 0.042
2892.57129 18.624 0.066
2896.59307 18.612 0.043
2902.53320 18.641 0.081
2907.53153 18.702 0.073
2916.60568 18.619 0.081
2928.54913 18.599 0.059
3050.88348 18.664 0.059
3058.83045 18.674 0.055
3061.89489 18.541 0.043
3067.83133 18.541 0.045
3072.86980 18.614 0.038
3074.90924 18.586 0.049
3079.81616 18.605 0.050
3082.78262 18.594 0.043
3084.77775 18.646 0.042
3086.77063 18.651 0.041
3087.88406 18.720 0.058
3089.79206 18.649 0.046
3091.75362 18.642 0.049
3096.78052 18.682 0.068
3098.78974 18.659 0.045
3100.90121 18.682 0.050
3102.78050 18.740 0.054
3107.78040 18.621 0.042
3108.85052 18.597 0.041
3109.92026 18.574 0.047
3110.76975 18.605 0.050
3111.82723 18.548 0.042
3113.80639 18.650 0.041
3114.74471 18.721 0.043
3115.80659 18.590 0.039
3118.86348 18.457 0.047
3122.81362 18.603 0.062
3125.79110 18.725 0.072
3126.80128 18.714 0.049
3127.73106 18.581 0.043
3128.75066 18.518 0.045
3129.73343 18.787 0.069
3130.90831 18.638 0.064
3134.70378 18.773 0.126
3137.74996 18.555 0.055
3138.85749 18.767 0.057
3139.79330 18.612 0.042
3140.80633 18.543 0.042
3142.66413 18.516 0.037
3142.92026 18.610 0.047
3144.72767 18.508 0.038
3146.69111 18.744 0.058
3151.68629 18.661 0.058
3152.69114 18.724 0.053
3152.90267 18.840 0.096
3153.69270 18.640 0.062
3154.64202 18.625 0.076
3156.73129 18.595 0.050
3158.78141 18.588 0.072
3162.74404 18.544 0.089
3163.70316 18.737 0.047
3164.67038 18.671 0.047
3166.67685 18.602 0.069
3167.88570 18.714 0.076
3168.68390 18.688 0.050
3169.65942 18.617 0.045
3170.72963 18.654 0.038
3171.68354 18.742 0.043
3172.66880 18.627 0.039
3174.64780 18.655 0.039
3175.64968 18.553 0.038
3176.68373 18.649 0.066
3178.71221 18.523 0.051
3179.74926 18.542 0.045
3180.64085 18.572 0.033
3182.70343 18.646 0.051
3183.65254 18.547 0.049
3184.62333 18.658 0.041
3185.78866 18.584 0.049
3193.46632 18.844 0.115
3193.80701 18.666 0.059
3194.67316 18.576 0.050
3195.60437 18.630 0.042
3196.68051 18.555 0.054
3197.68318 18.754 0.055
3199.71486 18.706 0.047
3202.70270 18.613 0.051
3203.74781 18.563 0.039
3204.74353 18.728 0.047
3205.62195 18.620 0.039
3206.59899 18.730 0.050
3210.71011 18.617 0.047
3211.61507 18.560 0.047
3212.62741 18.752 0.076
3217.58988 18.421 0.099
3218.58906 18.770 0.068
3223.58575 18.577 0.072
3224.59501 18.694 0.045
3226.54931 18.531 0.041
3228.67862 18.541 0.050
3229.56244 18.619 0.045
3230.60137 18.693 0.038
3231.50226 18.642 0.055
3239.51406 18.682 0.045
3240.71088 18.661 0.073
3241.59526 19.030 0.166
3244.69267 18.783 0.109
3246.57921 18.709 0.070
3248.60404 18.696 0.059
3250.59138 18.654 0.053
3253.58316 18.790 0.051
3256.56250 18.786 0.072
3259.55941 18.874 0.076
3262.57100 18.638 0.053
3266.58465 18.576 0.064
3272.53427 18.592 0.054
3274.56409 18.565 0.061
3278.51444 18.713 0.062
3281.54213 18.885 0.065
3287.54716 18.693 0.064
3292.53585 18.770 0.062
3305.57184 18.646 0.073
3415.87029 18.714 0.039
3420.87045 18.666 0.053
3424.90327 18.492 0.041
3428.85152 18.630 0.053
3430.88828 18.587 0.038
3442.82470 18.718 0.057
3444.87872 18.658 0.035
3446.90743 18.787 0.064
3449.79715 18.607 0.039
3452.82561 18.558 0.042
3454.87918 18.570 0.046
3457.81386 18.392 0.039
3458.80799 18.587 0.046
3458.85729 18.654 0.045
3467.86533 18.714 0.041
3469.77103 18.564 0.038
3471.87212 18.482 0.049
3472.92827 18.643 0.046
3473.76566 18.538 0.043
3475.78881 18.611 0.042
3477.87995 18.586 0.042
3479.82512 18.610 0.033
3481.72461 18.760 0.055
3483.88419 18.512 0.039
3496.85767 18.663 0.055
3497.72668 18.677 0.066
3500.78566 18.745 0.045
3501.77934 18.705 0.039
3502.81011 18.652 0.039
3503.77165 18.520 0.037
3504.78817 18.576 0.041
3506.92280 18.590 0.049
3508.87572 18.575 0.053
3509.82295 18.615 0.042
3510.83838 18.669 0.046
3511.79446 18.618 0.041
3512.66157 18.566 0.065
3520.65154 18.725 0.045
3521.75725 18.669 0.053
3522.66880 18.634 0.039
3523.70884 18.645 0.037
3524.75202 18.637 0.045
3525.72953 18.509 0.037
3525.80686 18.543 0.039
3526.81611 18.621 0.041
3528.76823 18.789 0.062
3530.59108 18.792 0.043
3538.83762 18.428 0.038
3541.87785 18.608 0.053
3547.69724 18.559 0.053
3550.78701 18.481 0.037
3551.76135 18.646 0.035
3552.78085 18.682 0.059
3553.68096 18.534 0.042
3554.76058 18.509 0.049
3556.64371 18.574 0.041
3558.66083 18.511 0.035
3559.74071 18.609 0.038
3560.82348 18.670 0.047
3561.66952 18.664 0.043
3562.52252 18.709 0.042
3563.57648 18.651 0.041
3564.66377 18.629 0.047
3569.77273 18.697 0.065
3573.57410 18.681 0.065
3574.62906 18.688 0.068
3576.59246 18.554 0.050
3577.65799 18.753 0.053
3578.60483 18.655 0.039
3579.53320 18.634 0.039
3580.57190 18.649 0.042
3581.61221 18.645 0.043
3582.56026 18.654 0.043
3583.51004 18.681 0.046
3584.58593 18.537 0.033
3585.57664 18.547 0.037
3586.56533 18.696 0.037
3587.70997 18.646 0.055
3589.61533 18.603 0.028
3590.58379 18.520 0.034
3592.60347 18.632 0.039
3593.60696 18.736 0.043
3601.56741 18.532 0.042
3602.56661 18.518 0.046
3603.58134 18.650 0.051
3607.57340 18.560 0.041
3608.57423 18.738 0.058
3619.54058 18.744 0.053
3620.64900 18.524 0.037
3629.57984 18.547 0.051
3632.50281 18.687 0.066
3634.56087 18.527 0.039
3640.51004 18.651 0.065
3643.55732 18.738 0.068
3649.50367 18.912 0.078
3658.51973 18.763 0.081
3661.51548 18.856 0.095
3666.52690 18.731 0.054
3775.84853 18.655 0.081
3780.87551 18.602 0.050
