2124.55281 16.937 0.028
2129.48779 16.944 0.014
2132.50667 16.891 0.013
2136.50692 17.057 0.017
2140.52442 17.074 0.020
2143.50736 17.157 0.021
2171.58217 16.919 0.014
2178.53465 17.126 0.026
2192.59246 16.964 0.015
2193.51203 17.053 0.018
2349.88260 16.890 0.013
2356.89601 17.014 0.014
2365.80378 16.903 0.023
2378.91038 17.199 0.018
2385.76904 17.023 0.015
2389.73381 16.963 0.018
2392.69585 16.940 0.028
2396.89483 17.081 0.018
2400.90534 16.957 0.015
2402.79269 17.131 0.016
2404.79190 17.054 0.013
2406.73040 16.934 0.015
2414.69044 16.920 0.016
2416.66935 17.131 0.022
2424.62824 17.136 0.019
2431.88741 17.160 0.022
2433.84083 16.905 0.016
2435.63941 16.899 0.013
2440.71920 17.041 0.014
2445.83261 16.973 0.014
2446.86660 17.054 0.019
2458.61571 16.883 0.016
2460.81627 17.029 0.021
2462.80690 17.131 0.017
2463.79033 16.968 0.013
2465.70905 16.946 0.013
2467.69875 16.896 0.012
2469.73885 16.889 0.012
2471.54910 16.908 0.013
2473.71726 17.111 0.016
2484.48826 16.986 0.017
2489.61469 17.015 0.012
2492.56729 17.031 0.014
2494.61482 17.063 0.016
2496.67458 17.062 0.014
2498.71513 17.060 0.017
2500.74028 16.980 0.015
2510.65406 16.962 0.017
2516.60040 16.892 0.017
2519.51518 16.950 0.016
2524.56332 16.913 0.017
2528.59486 17.014 0.016
2539.51186 17.011 0.015
2544.55081 16.921 0.015
2549.50196 17.102 0.025
2560.51153 16.914 0.023
2568.51617 17.022 0.023
2710.87762 16.967 0.014
2725.87294 16.945 0.013
2731.81235 17.016 0.014
2735.90479 17.005 0.015
2747.87334 16.917 0.021
2754.88869 16.984 0.014
2758.80579 16.884 0.019
2764.85700 17.117 0.017
2769.75795 16.926 0.010
2783.64734 16.950 0.012
2785.66303 16.895 0.013
2787.72033 16.907 0.014
2789.83716 17.118 0.016
2791.82674 16.951 0.014
2793.87333 16.981 0.017
2795.80003 17.076 0.013
2797.78738 17.099 0.015
2809.57950 16.990 0.016
2811.56872 16.871 0.019
2812.78371 17.043 0.016
2814.66265 17.127 0.014
2815.82588 17.028 0.016
2817.56037 17.043 0.017
2818.83615 16.919 0.014
2820.57175 17.155 0.020
2826.54629 16.922 0.013
2834.58286 16.945 0.021
2836.50527 17.069 0.017
2838.51354 17.149 0.019
2839.50203 16.963 0.014
2841.54000 16.967 0.015
2844.52175 16.920 0.014
2847.56564 16.986 0.023
2850.74769 16.977 0.016
2852.74225 16.879 0.014
2855.54179 17.070 0.018
2857.63453 17.149 0.016
2860.52337 16.980 0.024
2866.50379 17.165 0.021
2869.55414 16.903 0.014
2874.58134 16.901 0.015
2875.54089 16.997 0.014
2875.56527 17.083 0.016
2876.58131 16.925 0.013
2876.64827 16.905 0.014
2877.50938 16.909 0.015
2877.54114 16.863 0.014
2877.59159 17.033 0.015
2877.64482 17.173 0.018
2877.65660 17.189 0.018
2878.47215 16.920 0.017
2878.47460 16.921 0.016
2878.47886 16.938 0.015
2878.48590 16.951 0.015
2878.56616 17.165 0.016
2878.58419 17.161 0.013
2878.62379 16.957 0.013
2878.65028 16.916 0.013
2878.67416 16.892 0.015
2879.49163 17.174 0.018
2879.51661 16.987 0.017
2879.52227 16.960 0.015
2879.54732 16.899 0.014
2879.58667 16.936 0.016
2879.63234 16.998 0.014
2879.67736 17.202 0.021
2880.67514 16.881 0.012
2880.67784 17.042 0.012
2880.69030 16.888 0.014
2880.70646 16.902 0.016
2881.64873 16.914 0.012
2881.68890 16.977 0.013
2882.49089 16.933 0.015
2882.59800 17.010 0.014
2883.48568 16.958 0.014
2883.56939 17.123 0.014
2884.48476 17.121 0.020
2884.65746 17.064 0.019
2885.47863 16.894 0.022
2885.57339 17.123 0.021
2886.48194 17.113 0.028
2886.60170 16.938 0.024
2888.48945 17.007 0.050
2888.61177 16.974 0.035
2889.54597 16.933 0.018
2890.64214 17.116 0.029
2892.49225 16.969 0.020
2892.65000 17.174 0.028
2893.53234 17.084 0.017
2893.61565 16.975 0.014
2894.52077 17.003 0.015
2895.51471 16.907 0.015
2896.52945 17.142 0.016
2897.63126 17.129 0.022
2898.48777 16.935 0.019
2898.63292 16.955 0.018
2899.64177 16.967 0.015
2900.49585 16.889 0.016
2900.65128 17.070 0.020
2902.49931 16.965 0.021
2903.48443 16.965 0.018
2904.51896 17.049 0.023
2905.48132 16.913 0.020
2906.48540 17.046 0.020
2906.57689 16.997 0.017
2907.49228 17.004 0.020
2909.48770 17.143 0.020
2910.47830 16.926 0.031
2911.49550 17.113 0.021
2912.48034 17.033 0.022
2912.52507 16.907 0.015
2916.48805 17.018 0.019
2917.51166 16.944 0.018
2917.57986 16.951 0.016
2918.50318 16.954 0.018
2918.55233 17.134 0.021
2920.51401 16.892 0.017
2921.50227 17.080 0.022
2921.58960 17.001 0.023
2922.50931 16.971 0.019
2922.57653 16.879 0.020
2923.51838 16.947 0.015
2924.51464 17.099 0.016
2924.58441 16.919 0.019
2925.51069 16.900 0.016
2925.56735 17.000 0.018
2926.54098 17.172 0.019
2927.50771 16.984 0.017
2928.51943 16.951 0.016
2928.57068 17.105 0.025
2929.51637 17.123 0.026
2930.51357 16.920 0.016
2931.51361 17.091 0.015
2932.53013 16.930 0.013
2933.55876 17.075 0.020
2934.51980 17.122 0.022
2935.51880 16.915 0.020
2939.52452 17.087 0.023
2942.51763 16.942 0.018
2947.49557 17.055 0.038
2953.50234 16.861 0.021
3041.87271 17.026 0.021
3054.85386 17.002 0.016
3057.84188 16.931 0.014
3060.87257 16.945 0.014
3066.86616 17.156 0.015
3069.81872 17.144 0.018
3071.82443 17.065 0.019
3074.77380 17.035 0.019
3076.85105 17.159 0.022
3080.86059 16.909 0.013
3083.81661 16.934 0.012
3085.76113 17.089 0.017
3087.72671 16.992 0.017
3088.90686 17.158 0.013
3090.85757 16.897 0.013
3092.78086 17.141 0.017
3097.74795 17.035 0.018
3098.70926 17.143 0.021
3100.74458 17.153 0.020
3102.73714 16.982 0.016
3107.70125 16.920 0.015
3108.70906 17.125 0.015
3110.67242 16.966 0.021
3112.67526 16.898 0.015
3113.71339 17.129 0.013
3115.69719 17.029 0.019
3116.75748 16.887 0.015
3122.72699 16.951 0.017
3124.90348 17.024 0.018
3126.64249 17.093 0.018
3127.64324 16.952 0.017
3128.66293 16.990 0.016
3129.63514 17.150 0.023
3130.63869 16.913 0.021
3134.61141 17.122 0.024
3135.67775 16.986 0.017
3137.78290 17.074 0.017
3139.66893 17.096 0.016
3140.63700 16.923 0.016
3141.72303 17.023 0.014
3142.62383 17.038 0.015
3144.62560 17.159 0.018
3145.70461 17.002 0.017
3147.79500 17.095 0.014
3151.59335 16.931 0.019
3152.60235 17.167 0.017
3153.60219 16.888 0.016
3154.68015 17.046 0.017
3156.58450 16.900 0.018
3158.60684 16.914 0.020
3162.64604 17.031 0.016
3163.55719 17.022 0.016
3164.55785 16.913 0.013
3165.55744 17.152 0.018
3166.76383 16.969 0.017
3167.77815 17.008 0.014
3168.59327 16.947 0.012
3169.56335 16.908 0.014
3170.66260 16.915 0.012
3171.55679 16.948 0.012
3172.56224 17.044 0.015
3174.55764 16.897 0.013
3174.87674 17.157 0.019
3175.55136 17.117 0.016
3176.58482 16.929 0.016
3178.62055 16.905 0.014
3179.64486 17.156 0.014
3180.51960 17.016 0.015
3182.53910 17.005 0.019
3183.52650 17.146 0.018
3184.53056 16.898 0.013
3185.55885 17.173 0.017
3191.83618 16.909 0.016
3193.70782 17.035 0.016
3194.73399 17.001 0.017
3195.49147 16.898 0.016
3196.46393 17.110 0.031
3197.68957 16.981 0.014
3199.52590 16.943 0.016
3202.46779 16.960 0.017
3203.50703 17.099 0.014
3204.78465 16.931 0.014
3205.49855 16.918 0.012
3206.47115 17.140 0.016
3207.51039 16.943 0.017
3210.52736 16.983 0.014
3211.49781 17.172 0.016
3217.50333 16.947 0.014
3218.49716 17.020 0.018
3219.56101 16.930 0.021
3224.61889 16.983 0.013
3228.53737 17.172 0.016
3230.51030 16.932 0.012
3232.52800 16.925 0.015
3239.58905 16.921 0.012
3239.61614 16.932 0.013
3240.64426 17.049 0.018
3244.60557 16.931 0.018
3245.62129 17.162 0.019
3246.50751 17.190 0.022
3247.57109 16.950 0.015
3248.61626 17.042 0.015
3250.49996 16.903 0.014
3251.62859 16.918 0.013
3254.50078 17.128 0.018
3257.63632 17.116 0.015
3266.51264 17.124 0.022
3268.58223 17.202 0.016
3270.53017 16.929 0.026
3271.53052 17.198 0.026
3275.61143 17.147 0.022
3279.50832 17.166 0.016
3283.55826 17.110 0.012
3291.51576 17.150 0.020
3431.85742 17.191 0.017
3438.85547 16.994 0.015
3443.91230 17.203 0.018
3446.80954 16.990 0.013
3448.84694 16.976 0.013
3450.84082 16.929 0.012
3453.91245 17.151 0.014
3456.80041 16.990 0.014
3468.77114 16.981 0.013
3470.74398 17.172 0.014
3473.72498 17.165 0.017
3475.74528 17.181 0.014
3478.72830 17.197 0.015
3480.77417 17.189 0.013
3483.84316 16.918 0.013
3496.65754 17.154 0.022
3497.84727 17.149 0.015
3499.66477 17.129 0.014
3501.63988 17.051 0.020
3502.81763 17.196 0.015
3503.62168 16.925 0.014
3504.63859 17.211 0.020
3508.77340 17.073 0.017
3509.86547 17.197 0.014
3510.85275 17.017 0.013
3511.88392 17.118 0.014
3512.61416 17.155 0.022
3517.64682 17.079 0.023
3520.89335 16.927 0.018
3521.85710 17.000 0.014
3522.59550 17.152 0.014
3523.61397 16.946 0.013
3524.58953 16.986 0.014
3525.57871 17.179 0.018
3527.60439 17.182 0.016
3528.90648 16.963 0.015
3530.69736 16.910 0.011
3538.56000 17.160 0.019
3539.56949 16.950 0.015
3547.51077 16.898 0.017
3550.68088 16.952 0.012
3551.70949 17.202 0.012
3552.74065 17.004 0.012
3553.59629 17.072 0.019
3554.54540 16.942 0.015
3556.56048 16.979 0.018
3558.69098 16.985 0.012
3559.79083 16.887 0.012
3560.83737 17.146 0.018
3561.73255 17.172 0.013
3562.73846 16.935 0.012
3563.49201 17.018 0.014
3573.47929 16.982 0.021
3574.53710 16.985 0.016
3575.48400 16.933 0.013
3576.48491 17.130 0.016
3577.54087 16.938 0.012
3578.51338 17.047 0.012
3579.47250 17.197 0.016
3580.48341 16.907 0.012
3581.51792 17.156 0.016
3582.47181 17.072 0.016
3583.51640 17.037 0.013
3584.50253 17.095 0.015
3585.49321 16.906 0.012
3586.51333 17.184 0.014
3587.60722 17.045 0.013
3588.52962 17.131 0.015
3589.50254 17.120 0.012
3590.48279 16.886 0.012
3591.50476 17.153 0.013
3592.49069 16.980 0.013
3593.55470 17.148 0.013
3594.51495 17.102 0.016
3600.48071 16.950 0.016
3601.59676 16.990 0.013
3602.47621 17.085 0.019
3603.47312 16.933 0.016
3604.53002 17.048 0.014
3606.48080 17.043 0.017
3607.47732 17.090 0.014
3608.48039 16.888 0.015
3617.58632 16.912 0.013
3621.53110 17.161 0.017
3630.60475 17.125 0.021
3632.55273 16.953 0.015
3635.50456 16.923 0.012
3640.54865 16.982 0.015
3644.55220 17.051 0.014
3650.51864 16.904 0.013
3653.48975 16.883 0.028
3773.85411 17.004 0.020
3779.86109 17.053 0.018
