2127.59632 16.651 0.010
2130.61767 16.766 0.008
2133.63006 16.983 0.011
2137.58501 16.904 0.009
2142.56208 16.866 0.009
2171.67685 16.791 0.012
2190.53453 17.025 0.009
2215.54375 17.020 0.016
2338.84750 16.617 0.009
2353.87921 17.052 0.012
2363.85571 16.640 0.009
2363.86267 16.632 0.009
2377.80103 16.751 0.009
2384.88381 16.876 0.010
2388.90226 16.705 0.008
2390.92603 16.636 0.008
2393.84357 16.825 0.011
2400.84592 16.746 0.008
2404.71941 16.685 0.008
2406.82251 16.826 0.009
2416.84315 16.631 0.009
2424.93630 16.748 0.018
2431.78004 16.653 0.008
2433.77013 16.749 0.009
2434.94085 16.694 0.012
2436.92765 17.043 0.013
2439.89538 17.023 0.012
2441.84629 16.621 0.008
2444.90550 16.830 0.012
2445.75112 16.647 0.008
2448.80856 16.852 0.012
2454.63666 16.794 0.009
2460.67295 16.629 0.009
2463.66156 16.653 0.007
2466.49521 17.021 0.012
2468.83910 16.919 0.011
2469.66720 16.756 0.007
2471.62921 16.715 0.008
2473.64341 17.005 0.010
2481.78240 16.666 0.010
2485.48011 16.684 0.010
2491.57060 16.783 0.011
2493.76076 16.806 0.010
2496.60211 16.902 0.008
2498.64545 17.007 0.009
2500.66711 16.955 0.009
2502.68561 16.720 0.009
2510.58334 16.956 0.010
2516.68862 16.732 0.012
2519.61991 16.625 0.007
2524.64777 16.645 0.009
2529.56852 16.937 0.010
2538.61776 16.728 0.010
2543.51656 16.686 0.008
2548.57184 16.735 0.009
2552.60776 16.718 0.008
2557.57136 17.035 0.011
2564.57202 16.632 0.010
2583.52124 16.984 0.015
2709.89632 17.032 0.010
2720.85761 16.746 0.009
2730.83685 16.798 0.008
2735.81984 17.012 0.010
2747.80914 16.822 0.012
2754.81809 16.794 0.008
2757.90178 16.799 0.010
2763.86119 16.843 0.009
2767.93078 16.982 0.015
2776.71638 16.794 0.014
2783.93077 16.697 0.008
2785.70505 16.637 0.008
2787.80607 16.638 0.009
2790.60015 16.744 0.007
2793.79337 16.718 0.007
2795.71473 17.039 0.009
2797.71796 16.800 0.008
2802.76475 16.774 0.012
2809.83883 16.670 0.008
2811.75813 17.051 0.012
2812.88306 16.950 0.011
2814.83513 16.696 0.009
2816.74304 16.742 0.009
2818.72004 16.690 0.008
2820.85362 16.671 0.009
2829.84798 16.839 0.012
2835.75012 16.647 0.008
2837.76398 16.731 0.015
2838.80528 16.981 0.014
2840.77800 16.624 0.010
2843.77013 16.632 0.008
2845.75563 16.877 0.010
2850.70201 16.786 0.008
2852.69967 16.651 0.009
2854.67031 17.013 0.012
2857.56710 16.699 0.008
2862.69349 17.033 0.015
2865.58277 16.686 0.008
2868.66670 17.042 0.012
2872.52906 16.978 0.010
2877.69257 16.661 0.009
2883.68852 16.654 0.009
2893.55531 16.642 0.008
2896.66891 16.963 0.012
2902.61800 17.049 0.013
2907.59199 16.768 0.010
2911.59951 16.833 0.009
2927.56883 16.855 0.011
3053.85066 16.717 0.009
