2106.77737 15.886 0.009
2112.76568 15.871 0.008
2128.58275 15.890 0.008
2131.57614 15.880 0.008
2134.67978 15.830 0.010
2138.55990 15.826 0.009
2158.52784 15.857 0.007
2162.51316 15.858 0.009
2168.54798 15.907 0.009
2173.50600 15.872 0.010
2180.50461 15.866 0.008
2184.50932 15.874 0.010
2194.56439 15.871 0.009
2321.88195 15.872 0.013
2326.81506 15.846 0.010
2345.82461 15.881 0.008
2350.82868 15.874 0.008
2358.89339 15.854 0.009
2370.82158 15.894 0.009
2381.82885 15.872 0.008
2384.80172 15.899 0.009
2388.85949 15.837 0.008
2391.74551 15.877 0.009
2396.77699 15.903 0.011
2400.70495 15.844 0.009
2402.81921 15.852 0.008
2404.85184 15.848 0.008
2406.93579 15.898 0.010
2415.73265 15.875 0.009
2417.70947 15.874 0.009
2426.68762 15.844 0.009
2431.81831 15.831 0.007
2433.74547 15.891 0.009
2434.81856 15.847 0.008
2436.59308 15.843 0.014
2438.62346 15.834 0.009
2440.60492 15.854 0.009
2442.62219 15.840 0.008
2444.71852 15.903 0.009
2446.68701 15.880 0.009
2453.74996 15.852 0.013
2458.74301 15.858 0.009
2462.73174 15.857 0.008
2463.83239 15.858 0.011
2466.76229 15.858 0.010
2468.47465 15.844 0.009
2470.47758 15.878 0.011
2474.47980 15.881 0.011
2482.63139 15.868 0.009
2485.64138 15.908 0.010
2489.71204 15.851 0.007
2492.65740 15.900 0.008
2494.71107 15.860 0.007
2497.51364 15.869 0.009
2499.54962 15.841 0.008
2501.57721 15.850 0.008
2503.50243 15.876 0.017
2511.55755 15.838 0.009
2517.49443 15.857 0.009
2520.68356 15.844 0.008
2526.53779 15.832 0.008
2537.48785 15.827 0.012
2540.50385 15.828 0.009
2546.51435 15.836 0.008
2550.49572 15.827 0.010
2554.56758 15.899 0.009
2558.50410 15.815 0.009
2565.50480 15.846 0.014
2698.89907 15.925 0.009
2711.88210 15.938 0.010
2721.90379 15.854 0.011
2730.90269 15.856 0.008
2743.77918 15.843 0.008
2748.79785 15.878 0.009
2755.78789 15.871 0.008
2759.78293 15.831 0.013
2765.79604 15.913 0.008
2769.78069 15.907 0.006
2782.71894 15.844 0.009
2784.71177 15.850 0.008
2786.59830 15.884 0.010
2788.69597 15.850 0.008
2788.73165 15.870 0.008
2788.81973 15.868 0.008
2788.93236 15.898 0.007
2789.61901 15.892 0.008
2789.73310 15.856 0.008
2790.82455 15.859 0.008
2791.71572 15.853 0.008
2791.93904 15.893 0.008
2792.58554 15.887 0.011
2792.62317 15.891 0.009
2794.61897 15.884 0.009
2796.57352 15.878 0.009
2802.58994 15.893 0.013
2808.63984 15.851 0.009
2810.57817 15.900 0.009
2812.57976 15.902 0.009
2813.82358 15.858 0.008
2815.60210 15.895 0.009
2816.66782 15.849 0.008
2817.78225 15.880 0.009
2818.67744 15.842 0.008
2819.77137 15.887 0.010
2821.66942 15.843 0.009
2826.66026 15.853 0.006
2826.68916 15.870 0.006
2830.79053 15.832 0.011
2835.48752 15.851 0.009
2837.50646 15.867 0.011
2838.73686 15.883 0.009
2840.50761 15.870 0.009
2842.56549 15.877 0.009
2844.62030 15.835 0.008
2848.55979 15.902 0.013
2851.54619 15.886 0.009
2853.54994 15.886 0.009
2854.74554 15.858 0.009
2857.73259 15.876 0.009
2862.51378 15.916 0.010
2864.51149 15.896 0.009
2867.66502 15.885 0.009
2868.52698 15.887 0.008
2871.49287 15.889 0.009
2875.64264 15.876 0.009
2877.66295 15.908 0.009
2882.55284 15.849 0.008
2889.53966 15.858 0.010
2894.58707 15.857 0.009
2898.64282 15.906 0.009
2903.54552 15.842 0.007
2908.60365 15.892 0.010
2912.54945 15.868 0.009
2926.57301 15.872 0.009
3043.87242 15.842 0.009
3044.86716 15.840 0.009
3055.88322 15.838 0.008
3064.82722 15.847 0.011
3067.90064 15.866 0.008
3070.86220 15.843 0.009
3073.81760 15.845 0.009
3075.85629 15.851 0.009
3079.90081 15.898 0.009
3082.87177 15.872 0.008
3084.91420 15.881 0.008
3086.84576 15.845 0.007
3088.80322 15.845 0.007
3089.91249 15.898 0.008
3091.84071 15.843 0.008
3096.87367 15.873 0.009
3098.86270 15.856 0.007
3100.81180 15.835 0.008
3102.87776 15.888 0.008
3103.78306 15.852 0.008
3104.90377 15.874 0.015
3106.85378 15.861 0.008
3108.77565 15.844 0.007
3109.80783 15.840 0.007
3110.84222 15.864 0.008
3112.80054 15.838 0.008
3113.88156 15.895 0.008
3114.79239 15.841 0.007
3115.87585 15.883 0.008
3122.91837 15.853 0.009
3125.87874 15.897 0.009
3126.90430 15.869 0.008
3127.81854 15.866 0.008
3128.82822 15.866 0.008
3130.70614 15.911 0.009
3131.89528 15.857 0.009
3135.90747 15.846 0.008
3138.70919 15.886 0.009
3139.88648 15.855 0.008
3140.88627 15.854 0.008
3142.77455 15.851 0.007
3144.79551 15.861 0.008
3146.81814 15.899 0.009
3151.75814 15.847 0.009
3151.91079 15.843 0.009
3152.76222 15.844 0.008
3153.76614 15.848 0.009
3154.82767 15.891 0.009
3156.84743 15.863 0.009
3158.92154 15.862 0.011
3162.82241 15.882 0.009
3163.63530 15.905 0.008
3163.65706 15.901 0.008
3164.74466 15.846 0.007
3165.76477 15.868 0.007
3166.90996 15.831 0.011
3167.77020 15.853 0.009
3168.75800 15.853 0.008
3169.73435 15.840 0.008
3170.81140 15.877 0.007
3171.83417 15.880 0.006
3172.76115 15.857 0.008
3174.71806 15.848 0.007
3175.72741 15.840 0.007
3177.76458 15.877 0.009
3178.79110 15.888 0.006
3179.80083 15.890 0.009
3180.72975 15.829 0.007
3182.78073 15.888 0.008
3183.74930 15.854 0.009
3184.70710 15.835 0.007
3185.75974 15.873 0.008
3193.54537 15.850 0.008
3194.60394 15.912 0.008
3195.65594 15.863 0.007
3195.80897 15.854 0.008
3196.55442 15.874 0.009
3197.52191 15.840 0.007
3199.63174 15.872 0.008
3201.52356 15.846 0.007
3202.57797 15.891 0.008
3203.66754 15.839 0.007
3204.66185 15.849 0.007
3205.77549 15.894 0.007
3206.72632 15.862 0.008
3210.55169 15.887 0.009
3211.59214 15.899 0.009
3217.48224 15.842 0.008
3218.65921 15.851 0.009
3219.61505 15.871 0.009
3223.66038 15.849 0.009
3224.70587 15.866 0.008
3226.62991 15.858 0.009
3228.60968 15.858 0.008
3229.64216 15.854 0.008
3230.67574 15.845 0.011
3231.57942 15.896 0.008
3238.62808 15.849 0.009
3239.70680 15.907 0.009
3240.68794 15.887 0.009
3241.66284 15.852 0.009
3245.56271 15.884 0.009
3246.66642 15.860 0.009
3247.63262 15.836 0.008
3249.53463 15.909 0.008
3250.66728 15.880 0.009
3253.53507 15.917 0.010
3256.64434 15.870 0.012
3267.54041 15.875 0.008
3272.59581 15.856 0.010
3275.57879 15.848 0.010
3278.60768 15.833 0.008
3282.58171 15.842 0.006
3288.55423 15.843 0.007
3293.52485 15.847 0.008
3295.53504 15.862 0.006
3314.51954 15.834 0.013
3409.88570 15.847 0.009
3414.87418 15.860 0.008
3422.88009 15.849 0.010
3426.87121 15.863 0.008
3429.85323 15.867 0.008
3432.89666 15.854 0.008
3442.89913 15.859 0.007
3445.81188 15.885 0.007
3447.86253 15.848 0.009
3449.87517 15.851 0.007
3452.89572 15.841 0.007
3455.83000 15.869 0.009
3457.86351 15.831 0.007
3459.85872 15.841 0.007
3467.88854 15.848 0.007
3469.79450 15.880 0.007
3470.80739 15.869 0.007
3472.76986 15.888 0.008
3473.78965 15.882 0.008
3474.78631 15.899 0.009
3475.81190 15.846 0.007
3477.77369 15.886 0.007
3479.77251 15.887 0.006
3480.73268 15.880 0.007
3481.75064 15.895 0.007
3482.72739 15.868 0.007
3496.73019 15.896 0.008
3497.80172 15.850 0.008
3498.92602 15.862 0.008
3499.87290 15.877 0.007
3500.73912 15.901 0.007
3501.82986 15.857 0.006
3502.72861 15.875 0.007
3503.69778 15.865 0.006
3504.71250 15.893 0.007
3506.75637 15.872 0.007
3508.76591 15.851 0.009
3509.73902 15.893 0.007
3510.80875 15.862 0.007
3511.84790 15.868 0.007
3512.71763 15.895 0.008
3517.69854 15.902 0.012
3520.77202 15.843 0.008
3521.72879 15.879 0.007
3522.75671 15.857 0.006
3523.76193 15.859 0.006
3524.90364 15.830 0.008
3525.76009 15.854 0.007
3526.76307 15.850 0.007
3528.68400 15.899 0.007
3529.70626 15.904 0.005
3530.62139 15.842 0.006
3537.74661 15.859 0.006
3538.61792 15.844 0.007
3539.82821 15.892 0.006
3540.66125 15.872 0.007
3544.73345 15.855 0.008
3546.72680 15.864 0.009
3547.81961 15.898 0.009
3550.64608 15.878 0.006
3551.64742 15.872 0.005
3552.68203 15.885 0.007
3553.73141 15.842 0.008
3554.66995 15.892 0.008
3555.68834 15.856 0.007
3556.68441 15.861 0.007
3558.54146 15.851 0.008
3558.84015 15.878 0.008
3559.71005 15.846 0.007
3560.61143 15.847 0.007
3561.55639 15.853 0.007
3562.59981 15.854 0.008
3563.65060 15.897 0.007
3564.58557 15.856 0.008
3569.57372 15.825 0.009
3573.66865 15.874 0.008
3574.70005 15.843 0.008
3575.54756 15.834 0.006
3575.78417 15.885 0.008
3576.70140 15.832 0.007
3577.60151 15.857 0.007
3578.68616 15.850 0.007
3579.63167 15.887 0.007
3580.66487 15.844 0.007
3581.68469 15.839 0.006
3582.65657 15.865 0.007
3583.64702 15.863 0.007
3583.76689 15.874 0.009
3584.65566 15.867 0.006
3584.77033 15.883 0.008
3585.64600 15.894 0.007
3586.73110 15.851 0.007
3589.68466 15.839 0.006
3590.69375 15.837 0.007
3591.69218 15.838 0.006
3594.72130 15.842 0.007
3601.66984 15.847 0.007
3602.63046 15.865 0.007
3603.65049 15.844 0.007
3607.64882 15.849 0.007
3608.66420 15.833 0.007
3615.59194 15.871 0.007
3618.59357 15.892 0.007
3620.55675 15.871 0.007
3622.53464 15.857 0.009
3628.61548 15.846 0.009
3630.55017 15.885 0.008
3632.60182 15.850 0.009
3634.50089 15.837 0.007
3639.55979 15.888 0.006
3641.55818 15.882 0.009
3644.51857 15.860 0.007
3648.55170 15.871 0.008
3650.59883 15.830 0.009
3654.55437 15.870 0.010
3656.53563 15.884 0.009
3658.56746 15.847 0.010
3660.54014 15.875 0.009
3664.54130 15.846 0.008
3669.54081 15.869 0.009
3675.52218 15.874 0.009
3776.88070 15.878 0.009
3782.86534 15.883 0.008
3784.89062 15.885 0.008
3787.85260 15.883 0.008
3790.88334 15.877 0.008
3792.87994 15.879 0.006
3794.83693 15.865 0.008
3796.82648 15.859 0.008
3798.79763 15.835 0.008
3799.87129 15.895 0.009
3800.89764 15.867 0.008
3801.87983 15.877 0.008
3802.84534 15.891 0.007
3803.88067 15.852 0.007
3805.79667 15.859 0.008
3806.81680 15.873 0.008
3807.83050 15.884 0.008
3808.79019 15.849 0.008
3809.79303 15.864 0.007
3810.83758 15.898 0.007
3811.83356 15.897 0.008
3812.82534 15.887 0.008
3813.80399 15.864 0.007
3814.81821 15.890 0.007
3817.84961 15.903 0.009
3818.88043 15.831 0.007
3819.79600 15.863 0.006
3820.76631 15.857 0.007
3821.76940 15.857 0.007
3822.80884 15.885 0.008
3823.76497 15.854 0.007
3824.78242 15.873 0.008
3825.79985 15.874 0.008
3826.78250 15.854 0.007
3827.79570 15.879 0.007
3828.76927 15.869 0.009
3829.80460 15.877 0.007
3830.72628 15.853 0.007
3831.88952 15.834 0.007
3832.74785 15.850 0.007
3833.75557 15.855 0.007
3834.73454 15.847 0.008
3835.73032 15.863 0.008
3835.78453 15.877 0.007
3835.91635 15.854 0.007
3836.75867 15.868 0.009
3837.72523 15.856 0.008
3837.89805 15.838 0.007
3838.73269 15.851 0.009
3839.73401 15.845 0.009
3840.76021 15.865 0.008
3840.90480 15.828 0.007
3841.71545 15.849 0.008
3842.84027 15.863 0.007
3845.71374 15.842 0.010
3845.90163 15.848 0.009
3846.72466 15.834 0.007
3847.79097 15.915 0.009
3848.74587 15.863 0.008
3849.74505 15.874 0.007
3850.68884 15.847 0.007
3850.86080 15.844 0.007
3850.93227 15.872 0.009
3851.70404 15.853 0.009
3851.86729 15.837 0.007
3852.69276 15.853 0.008
3852.92129 15.855 0.008
3853.68102 15.866 0.007
3853.84866 15.833 0.006
3853.92020 15.860 0.006
3854.69765 15.852 0.008
3856.67106 15.850 0.008
3856.83736 15.853 0.008
3857.90895 15.845 0.007
3858.72755 15.871 0.008
3859.79013 15.893 0.007
3860.80632 15.867 0.009
3861.65992 15.874 0.008
3861.76692 15.896 0.007
3862.66495 15.855 0.008
3862.85531 15.826 0.007
3862.92899 15.888 0.008
3863.68113 15.857 0.008
3863.90090 15.856 0.007
3864.67097 15.874 0.008
3864.86109 15.828 0.006
3865.72861 15.863 0.007
3865.87215 15.847 0.007
3866.68026 15.844 0.007
3866.81978 15.857 0.007
3866.89795 15.871 0.007
3867.69504 15.863 0.007
3867.88173 15.840 0.007
3868.70297 15.863 0.008
3868.84707 15.834 0.008
3868.93516 15.896 0.009
3869.68169 15.864 0.007
3869.86300 15.820 0.008
3872.88291 15.844 0.007
3873.68694 15.856 0.007
3873.82908 15.835 0.007
3873.90021 15.862 0.007
3874.73787 15.885 0.008
3874.91272 15.878 0.007
3875.70660 15.856 0.006
3875.85344 15.830 0.006
3876.62562 15.861 0.007
3877.70251 15.859 0.006
3877.85223 15.841 0.007
3877.92531 15.883 0.008
3879.65853 15.863 0.007
3880.82776 15.825 0.008
3880.90683 15.868 0.007
3881.65330 15.869 0.007
3881.86875 15.841 0.007
3881.91539 15.878 0.007
3882.63821 15.864 0.007
3882.79174 15.859 0.007
3882.86562 15.837 0.007
3882.93425 15.890 0.007
3883.62577 15.870 0.008
3883.82287 15.820 0.007
3886.58789 15.892 0.008
3886.78639 15.857 0.007
3886.86159 15.838 0.007
3887.63889 15.864 0.007
3887.76587 15.885 0.007
3887.86944 15.834 0.007
3887.94145 15.862 0.008
3889.65290 15.859 0.007
3889.92772 15.883 0.008
3890.71918 15.882 0.006
3891.66226 15.859 0.007
3891.78395 15.864 0.009
3891.86627 15.849 0.008
3892.72893 15.889 0.007
3892.92064 15.898 0.008
3893.60259 15.871 0.008
3894.65709 15.856 0.009
3894.66667 15.857 0.008
3894.87243 15.861 0.008
3896.59313 15.886 0.010
3900.52096 15.852 0.009
3900.71130 15.890 0.008
3900.79063 15.848 0.007
3900.85920 15.850 0.007
3901.53572 15.878 0.008
3901.71200 15.898 0.007
3901.78977 15.845 0.007
3901.86285 15.872 0.008
3902.55128 15.893 0.007
3902.73433 15.883 0.007
3902.85186 15.853 0.008
3903.64316 15.840 0.007
3903.89168 15.883 0.008
3904.54671 15.878 0.008
3904.70913 15.891 0.007
3904.77855 15.840 0.007
3904.85133 15.863 0.007
3905.54351 15.882 0.008
3905.71985 15.902 0.006
3905.79014 15.838 0.006
3905.85873 15.855 0.007
3906.55485 15.885 0.008
3906.74420 15.870 0.007
3906.81743 15.836 0.007
3907.58567 15.871 0.008
3907.77098 15.867 0.008
3907.85548 15.874 0.009
3908.52364 15.843 0.008
3908.71045 15.898 0.007
3908.78736 15.828 0.007
3908.87016 15.864 0.008
3909.52336 15.856 0.009
3909.70617 15.909 0.007
3909.79652 15.822 0.006
3909.87608 15.890 0.008
3910.54376 15.884 0.009
3912.51820 15.860 0.007
3912.70989 15.905 0.006
3912.80093 15.837 0.006
3912.88876 15.890 0.008
3913.51109 15.863 0.007
3913.71296 15.907 0.008
3913.80849 15.825 0.006
3914.53714 15.897 0.009
3914.76868 15.832 0.006
3914.78226 15.839 0.006
3915.51284 15.857 0.008
3915.71785 15.886 0.007
3915.80904 15.845 0.007
3916.55762 15.897 0.009
3917.53569 15.876 0.009
3917.80856 15.833 0.008
3918.56609 15.894 0.008
3918.80326 15.829 0.008
3919.53030 15.888 0.008
3919.74315 15.863 0.006
3920.50049 15.862 0.009
3920.69709 15.908 0.008
3920.77901 15.835 0.006
3921.50039 15.849 0.008
3921.69957 15.900 0.009
3921.80231 15.842 0.009
3922.69767 15.903 0.009
3930.51810 15.871 0.007
3930.77470 15.834 0.009
3931.48545 15.844 0.008
3932.51697 15.887 0.008
3932.79230 15.834 0.008
3933.49804 15.866 0.007
3933.68780 15.884 0.006
3933.76341 15.819 0.006
3934.48080 15.840 0.007
3934.69756 15.896 0.007
3934.76668 15.838 0.007
3935.53071 15.898 0.008
3935.70197 15.879 0.008
3935.77061 15.820 0.008
3936.48406 15.844 0.009
3936.64941 15.868 0.007
3936.72594 15.848 0.007
3937.49037 15.869 0.009
3937.77043 15.827 0.009
3938.48878 15.866 0.009
3938.68267 15.900 0.007
3938.76553 15.832 0.008
3939.55615 15.862 0.007
3940.67445 15.904 0.006
3944.52914 15.871 0.006
3945.50201 15.878 0.008
3945.70449 15.857 0.007
3945.76035 15.811 0.008
3946.50334 15.881 0.008
3946.69265 15.876 0.008
3946.77407 15.821 0.008
3950.50913 15.879 0.007
3950.72278 15.839 0.007
3951.50382 15.878 0.008
3951.73629 15.831 0.008
3955.67793 15.866 0.012
3956.55756 15.853 0.009
3957.49698 15.891 0.008
3958.56768 15.858 0.007
3959.49351 15.885 0.008
3959.67489 15.897 0.008
3960.48980 15.894 0.007
3960.66886 15.891 0.007
3960.74089 15.816 0.008
3961.56116 15.851 0.008
3963.52246 15.872 0.008
3963.69979 15.849 0.007
3964.51450 15.863 0.007
3964.71939 15.822 0.008
3965.49583 15.872 0.007
3965.69017 15.856 0.007
3966.52577 15.859 0.007
3966.67885 15.851 0.007
3967.50729 15.870 0.009
3967.70420 15.841 0.008
3968.48758 15.889 0.008
3968.65954 15.888 0.007
3968.72864 15.824 0.008
3969.51616 15.873 0.008
3969.67007 15.883 0.008
3970.49681 15.880 0.009
3970.67765 15.857 0.007
3971.53652 15.850 0.008
3971.71091 15.826 0.008
3973.56206 15.845 0.008
3974.49660 15.873 0.008
3974.67555 15.854 0.009
3975.49924 15.869 0.008
3975.67453 15.842 0.008
3976.49592 15.867 0.007
3976.67320 15.854 0.009
3979.49903 15.852 0.009
3982.55799 15.850 0.008
3982.61980 15.890 0.008
3982.67523 15.843 0.009
3983.47648 15.900 0.009
3983.51375 15.880 0.010
3986.56878 15.883 0.009
3987.49670 15.850 0.008
3988.49953 15.859 0.007
3990.63070 15.896 0.009
3995.55738 15.851 0.007
3999.57817 15.858 0.008
4001.50837 15.831 0.008
4003.52872 15.839 0.007
4004.51487 15.823 0.007
4006.51074 15.828 0.007
4011.60749 15.892 0.009
4012.55881 15.852 0.009
4016.50630 15.830 0.008
4018.53150 15.852 0.009
4020.52938 15.857 0.008
4023.52973 15.846 0.008
4025.54914 15.851 0.008
4027.55407 15.878 0.009
4030.54583 15.866 0.009
4036.52709 15.862 0.009
4040.50826 15.847 0.009
4043.49773 15.827 0.011
4141.86827 15.853 0.009
4149.88512 15.879 0.009
4153.87143 15.852 0.009
4156.84993 15.847 0.009
4158.86939 15.857 0.009
4161.83733 15.852 0.009
4163.82019 15.840 0.009
4164.82587 15.838 0.009
4165.90624 15.895 0.010
4167.91365 15.889 0.010
4170.78719 15.851 0.012
4175.78114 15.859 0.009
4176.88970 15.901 0.009
4178.78197 15.852 0.008
4179.84081 15.862 0.008
4181.77714 15.842 0.009
4182.82203 15.852 0.008
4183.85817 15.889 0.009
4184.89863 15.879 0.007
4185.87455 15.900 0.009
4189.90910 15.877 0.010
4191.86425 15.906 0.009
4192.77948 15.848 0.009
4194.77892 15.842 0.009
4196.76917 15.844 0.009
4202.75060 15.848 0.008
4203.73879 15.848 0.008
4203.92316 15.836 0.008
4204.72709 15.865 0.009
4205.72752 15.863 0.009
4207.71697 15.868 0.009
4207.89219 15.862 0.008
4208.73913 15.855 0.009
4211.78327 15.852 0.009
4212.91922 15.862 0.009
4213.74580 15.842 0.008
4215.73570 15.838 0.009
4216.69310 15.897 0.009
4216.88594 15.870 0.006
4217.69869 15.880 0.008
4218.72288 15.870 0.009
4219.74434 15.846 0.009
4220.68680 15.906 0.009
4221.72992 15.854 0.009
4222.90440 15.849 0.008
4223.73285 15.834 0.009
4224.77640 15.853 0.009
4228.67058 15.888 0.009
4228.90239 15.844 0.009
4229.66545 15.900 0.009
4229.86245 15.872 0.008
4229.92412 15.847 0.008
4230.67527 15.899 0.008
4230.86323 15.872 0.009
4230.92496 15.865 0.009
4231.65960 15.921 0.009
4231.83519 15.889 0.008
4231.92798 15.849 0.009
4232.74240 15.835 0.009
4232.90946 15.853 0.009
4233.79148 15.886 0.009
4234.70247 15.863 0.009
4235.88469 15.842 0.008
4237.68573 15.866 0.008
4238.72337 15.839 0.008
4238.86932 15.859 0.008
4238.93106 15.864 0.009
4239.61384 15.867 0.009
4240.67085 15.876 0.008
4240.80522 15.887 0.009
4240.93640 15.861 0.009
4243.63340 15.882 0.009
4243.72965 15.837 0.009
4243.82324 15.892 0.009
4243.94089 15.873 0.009
4244.60921 15.873 0.009
4244.70527 15.854 0.008
4244.79835 15.883 0.008
4245.60188 15.882 0.008
4245.69560 15.837 0.008
4245.79204 15.888 0.008
4246.66066 15.873 0.009
4246.75363 15.847 0.009
4246.84687 15.857 0.009
4247.67585 15.870 0.009
4247.81378 15.890 0.008
4250.72396 15.829 0.009
4251.79550 15.893 0.010
4256.61077 15.889 0.009
4256.75759 15.878 0.010
4256.85543 15.862 0.011
4257.64267 15.884 0.010
4258.62592 15.897 0.009
4258.74919 15.851 0.009
4258.84388 15.853 0.009
4267.58596 15.865 0.010
4268.77338 15.880 0.009
4268.89373 15.836 0.009
4269.56830 15.862 0.009
4269.68933 15.829 0.008
4269.78010 15.884 0.008
4270.56385 15.842 0.008
4272.63224 15.865 0.008
4272.78136 15.876 0.008
4272.85284 15.826 0.009
4273.60925 15.902 0.010
4273.79007 15.880 0.009
4273.84988 15.840 0.009
4274.60172 15.883 0.009
4274.75623 15.877 0.009
4274.81538 15.859 0.009
4275.59444 15.885 0.008
4275.76985 15.879 0.009
4275.82831 15.836 0.009
4275.88951 15.857 0.011
4276.57922 15.881 0.009
4277.52306 15.847 0.009
4277.69870 15.845 0.008
4277.75871 15.883 0.009
4277.81731 15.842 0.010
4278.56007 15.862 0.010
4278.74405 15.893 0.009
4278.81707 15.857 0.011
4283.50253 15.855 0.009
4283.72270 15.852 0.010
4284.49756 15.855 0.009
4284.72804 15.858 0.008
4284.79024 15.873 0.009
4284.85531 15.859 0.010
4285.49600 15.851 0.009
4285.68811 15.839 0.009
4285.75491 15.910 0.009
4285.82038 15.853 0.009
4286.50029 15.855 0.009
4286.79721 15.863 0.009
4289.50502 15.852 0.009
4289.72340 15.866 0.009
4289.78846 15.862 0.009
4290.55447 15.875 0.009
4291.65686 15.835 0.009
4291.77926 15.888 0.009
4292.48257 15.860 0.009
4292.66068 15.840 0.008
4292.72031 15.858 0.008
4292.77903 15.864 0.008
4292.84304 15.849 0.009
4293.48295 15.848 0.009
4293.68883 15.845 0.008
4293.74764 15.879 0.008
4293.82523 15.844 0.009
4294.48221 15.853 0.009
4295.48373 15.842 0.009
4295.68723 15.840 0.008
4295.74595 15.880 0.008
4295.82819 15.848 0.009
4296.48501 15.842 0.009
4296.67347 15.852 0.008
4296.78964 15.861 0.008
4297.50582 15.860 0.009
4297.70671 15.845 0.007
4297.81920 15.846 0.009
4298.54052 15.861 0.009
4298.64635 15.844 0.009
4298.73984 15.890 0.009
4299.52338 15.856 0.009
4299.61672 15.848 0.008
4299.70889 15.860 0.008
4299.79909 15.861 0.009
4300.51928 15.862 0.009
4300.63868 15.833 0.008
4300.73510 15.898 0.009
4301.50929 15.844 0.009
4301.60158 15.862 0.008
4301.70429 15.862 0.008
4301.79678 15.845 0.008
4302.58307 15.885 0.007
4302.67695 15.846 0.009
4303.66469 15.851 0.009
4304.54307 15.871 0.009
4304.65246 15.839 0.009
4306.53280 15.889 0.010
4306.66787 15.841 0.009
4307.76842 15.854 0.008
4311.74390 15.894 0.011
4312.51368 15.881 0.009
4312.70886 15.888 0.008
4312.80646 15.841 0.009
4315.54785 15.896 0.009
4316.57670 15.867 0.008
4317.49908 15.862 0.009
4319.50817 15.865 0.009
4319.76260 15.863 0.009
4320.53113 15.898 0.009
4326.48669 15.859 0.009
4327.58038 15.869 0.009
4328.50741 15.881 0.009
4328.68441 15.886 0.009
4329.51756 15.913 0.009
4329.66543 15.863 0.009
4329.72418 15.889 0.009
4330.53016 15.913 0.009
4330.68109 15.874 0.008
4331.51034 15.890 0.009
4331.67690 15.876 0.009
4332.48810 15.857 0.008
4333.51917 15.901 0.009
4333.68025 15.884 0.009
4334.49238 15.862 0.013
4334.59007 15.837 0.010
4338.49253 15.871 0.009
4339.51198 15.904 0.009
4339.68321 15.925 0.011
4340.58065 15.853 0.009
4341.49294 15.882 0.009
4342.52222 15.911 0.009
4343.49824 15.881 0.008
4343.69807 15.887 0.009
4344.52896 15.897 0.010
4345.49436 15.888 0.008
4346.50297 15.900 0.009
4347.52193 15.906 0.009
4348.63329 15.853 0.009
4350.51753 15.894 0.009
4351.49278 15.894 0.009
4352.54028 15.873 0.009
4353.50019 15.908 0.009
4354.52878 15.883 0.009
4355.53037 15.874 0.009
4356.49679 15.896 0.008
4357.58009 15.850 0.009
4358.53734 15.863 0.009
4359.50612 15.885 0.009
4361.55913 15.850 0.009
4362.49452 15.897 0.010
4365.55150 15.841 0.009
4367.52788 15.853 0.009
4368.56339 15.849 0.010
4369.57652 15.850 0.011
4370.55035 15.835 0.008
4371.52378 15.862 0.008
4372.50829 15.867 0.008
4373.57377 15.831 0.008
4375.56472 15.784 0.009
4377.59794 15.860 0.009
4378.50799 15.857 0.008
4379.52339 15.840 0.009
4380.53487 15.851 0.008
4381.51283 15.852 0.010
4382.60136 15.853 0.009
4383.52632 15.844 0.009
4384.58336 15.872 0.010
4387.56174 15.833 0.009
4393.52066 15.825 0.008
4394.57804 15.845 0.009
4395.54943 15.845 0.009
4396.56197 15.842 0.009
4397.52084 15.843 0.009
4398.52850 15.811 0.009
4399.56402 15.841 0.009
4400.52342 15.839 0.009
4402.53803 15.830 0.010
4403.53903 15.839 0.009
4506.88978 15.841 0.011
4511.84125 15.851 0.008
4513.85083 15.854 0.008
4517.84488 15.847 0.009
4519.83080 15.861 0.009
4522.86392 15.843 0.009
4524.84332 15.846 0.009
4530.80551 15.876 0.007
4533.83923 15.851 0.009
4535.88925 15.845 0.009
4537.78886 15.887 0.009
4538.88280 15.850 0.009
4539.84402 15.848 0.008
4540.85391 15.835 0.008
4541.78296 15.898 0.008
4542.77748 15.906 0.009
4543.77312 15.890 0.009
4544.76997 15.882 0.009
4545.75670 15.888 0.009
4546.76328 15.899 0.009
4547.77745 15.890 0.009
4548.83037 15.850 0.009
4550.80261 15.846 0.009
4551.74895 15.892 0.009
4552.79257 15.843 0.009
4556.74524 15.894 0.009
4557.76284 15.901 0.009
4558.78304 15.863 0.007
4559.73590 15.889 0.008
4559.92479 15.875 0.010
4560.73825 15.894 0.008
4561.72869 15.896 0.008
4561.91476 15.874 0.007
4564.71892 15.887 0.008
4564.91916 15.898 0.009
4565.71707 15.884 0.007
4565.90763 15.877 0.007
4566.71637 15.894 0.008
4566.91290 15.879 0.007
4567.70857 15.868 0.008
4567.91526 15.886 0.008
4568.71409 15.886 0.008
4569.72378 15.900 0.008
4570.71508 15.901 0.009
4571.90106 15.887 0.008
4572.74000 15.902 0.009
4573.72844 15.899 0.009
4574.73088 15.909 0.009
4575.73630 15.899 0.008
4576.74400 15.895 0.008
4577.82817 15.847 0.008
4578.77931 15.862 0.009
4579.85599 15.864 0.008
4583.72294 15.905 0.009
4583.90807 15.888 0.008
4585.74346 15.883 0.009
4586.75133 15.881 0.009
4587.75958 15.865 0.009
4587.91801 15.881 0.009
4588.72476 15.902 0.008
4589.70709 15.910 0.008
4589.86237 15.894 0.009
4589.92440 15.860 0.009
4590.68448 15.883 0.009
4590.69337 15.898 0.009
4590.70483 15.915 0.008
4590.71599 15.918 0.008
4590.73878 15.882 0.009
4590.77236 15.856 0.008
4590.80681 15.856 0.008
4590.85572 15.891 0.008
4590.89010 15.887 0.008
4590.93237 15.848 0.008
4591.64008 15.867 0.009
4591.69627 15.908 0.009
4591.78551 15.850 0.008
4591.86829 15.910 0.009
4591.93043 15.847 0.009
4592.65476 15.876 0.008
4592.84396 15.873 0.009
4592.90727 15.862 0.008
4593.64405 15.868 0.008
4593.85363 15.879 0.008
4593.91562 15.860 0.008
4594.66505 15.886 0.009
4594.85983 15.885 0.008
4594.92561 15.859 0.008
4595.65053 15.881 0.009
4595.84872 15.877 0.008
4595.91085 15.865 0.009
4596.64385 15.857 0.009
4596.92356 15.861 0.008
4597.67434 15.893 0.008
4597.86566 15.908 0.008
4597.93677 15.861 0.009
4598.64410 15.853 0.007
4598.88894 15.890 0.008
4599.62295 15.855 0.009
4599.82696 15.861 0.007
4600.63215 15.846 0.008
4600.93873 15.851 0.009
4601.63775 15.855 0.008
4601.85401 15.889 0.007
4601.91595 15.872 0.008
4602.62515 15.856 0.008
4602.83974 15.888 0.007
4603.75777 15.855 0.008
4606.62552 15.869 0.009
4610.72725 15.861 0.008
4610.93470 15.850 0.009
4611.61729 15.862 0.009
4611.85017 15.906 0.008
4612.63868 15.912 0.009
4615.78037 15.855 0.008
4616.58942 15.867 0.009
4616.80588 15.860 0.008
4616.87569 15.889 0.009
4617.65292 15.890 0.008
4618.60092 15.839 0.009
4621.70157 15.874 0.007
4621.82349 15.868 0.006
4621.84228 15.879 0.006
4621.89837 15.855 0.007
4622.56277 15.863 0.009
4622.63673 15.879 0.008
4622.69326 15.892 0.008
4622.79955 15.868 0.008
4622.90089 15.842 0.009
4622.94298 15.837 0.009
4623.61432 15.879 0.009
4623.85837 15.882 0.009
4623.92559 15.841 0.009
4624.57473 15.843 0.009
4624.79831 15.880 0.009
4624.86491 15.872 0.008
4624.93390 15.841 0.009
4625.59261 15.850 0.009
4625.78074 15.870 0.009
4625.87466 15.860 0.009
4626.59104 15.844 0.009
4626.84304 15.893 0.008
4627.54796 15.852 0.008
4627.81852 15.880 0.007
4627.90321 15.838 0.007
4628.58127 15.837 0.008
4628.74505 15.828 0.008
4628.81066 15.887 0.009
4628.87260 15.862 0.008
4629.61626 15.859 0.008
4629.81871 15.882 0.008
4629.89647 15.841 0.008
4630.54796 15.854 0.009
4630.75800 15.840 0.008
4630.84118 15.884 0.008
4630.90416 15.846 0.009
4631.55347 15.857 0.008
4631.76935 15.854 0.008
4631.84707 15.884 0.008
4631.92206 15.846 0.009
4632.55665 15.851 0.009
4632.82748 15.890 0.008
4633.55687 15.838 0.008
4633.65871 15.907 0.009
4633.78032 15.861 0.008
4638.74238 15.837 0.008
4638.84003 15.869 0.009
4639.56371 15.852 0.009
4639.66119 15.895 0.008
4639.84059 15.896 0.010
4640.58113 15.825 0.007
4640.71222 15.852 0.008
4640.81933 15.896 0.009
4641.60399 15.867 0.008
4641.75959 15.845 0.008
4642.57972 15.843 0.008
4642.74025 15.849 0.008
4642.81818 15.893 0.009
4643.53987 15.856 0.009
4644.65235 15.889 0.009
4644.83163 15.878 0.008
4645.50654 15.884 0.009
4645.75718 15.863 0.009
4645.83308 15.873 0.009
4646.50838 15.870 0.009
4646.84046 15.867 0.008
4647.50288 15.889 0.009
4647.72771 15.851 0.009
4647.83447 15.871 0.009
4648.53130 15.867 0.009
4648.62075 15.886 0.008
4648.69709 15.871 0.008
4648.84868 15.876 0.009
4649.51142 15.871 0.009
4649.72193 15.842 0.008
4649.83650 15.869 0.009
4650.54293 15.839 0.008
4650.76037 15.857 0.008
4650.84539 15.857 0.009
4651.50319 15.871 0.009
4651.79875 15.900 0.009
4652.49475 15.891 0.009
4652.69732 15.861 0.008
4652.77888 15.877 0.008
4652.83251 15.876 0.009
4653.49119 15.872 0.009
4653.71024 15.846 0.008
4653.77548 15.883 0.009
4654.52653 15.859 0.009
4654.73818 15.861 0.008
4654.80646 15.898 0.009
4655.49097 15.878 0.009
4655.71538 15.845 0.008
4655.77731 15.889 0.008
4656.49299 15.873 0.007
4656.68273 15.858 0.008
4656.79835 15.899 0.009
4657.56755 15.862 0.009
4658.65133 15.880 0.009
4659.58541 15.873 0.009
4660.60348 15.886 0.009
4661.48109 15.875 0.009
4661.67864 15.850 0.008
4661.74321 15.864 0.009
4661.81034 15.878 0.009
4665.64834 15.871 0.009
4666.49258 15.855 0.009
4666.67726 15.860 0.009
4669.60266 15.913 0.009
4670.63868 15.902 0.009
4671.56607 15.869 0.009
4671.76664 15.885 0.009
4672.49437 15.848 0.007
4672.75785 15.877 0.008
4672.79684 15.884 0.008
4674.52831 15.842 0.008
4675.66917 15.843 0.008
4677.47945 15.851 0.008
4677.62584 15.887 0.009
4677.70955 15.854 0.009
4678.67984 15.848 0.008
4679.57218 15.889 0.009
4681.52083 15.838 0.008
4681.62091 15.892 0.009
4682.49186 15.846 0.008
4682.56778 15.876 0.008
4682.74447 15.884 0.008
4683.51015 15.842 0.009
4683.69728 15.847 0.009
4684.50284 15.829 0.008
4684.75884 15.902 0.008
4685.53621 15.852 0.008
4686.49149 15.844 0.008
4687.51747 15.847 0.008
4687.73083 15.877 0.009
4688.48810 15.847 0.009
4688.67809 15.849 0.008
4688.73980 15.902 0.009
4693.53253 15.845 0.008
4694.53101 15.865 0.010
4697.49170 15.833 0.008
4698.49705 15.834 0.009
4699.49117 15.826 0.008
4700.49949 15.833 0.008
4701.49483 15.830 0.008
4702.49320 15.822 0.008
4703.60113 15.876 0.009
4704.60835 15.872 0.008
4705.49708 15.830 0.008
4707.59799 15.881 0.008
4708.52985 15.863 0.009
4709.50581 15.841 0.009
4710.53332 15.848 0.008
4711.51537 15.865 0.009
4715.57540 15.894 0.009
4716.56621 15.882 0.008
4720.51886 15.848 0.009
4721.51971 15.857 0.009
4722.63206 15.851 0.009
4724.49887 15.850 0.009
4725.57264 15.873 0.009
4726.53722 15.888 0.010
4728.58172 15.880 0.009
4729.52227 15.887 0.009
4730.60815 15.860 0.008
4731.54520 15.906 0.009
4733.49677 15.848 0.008
4734.54322 15.894 0.009
4737.53139 15.908 0.009
4740.54350 15.897 0.009
4741.59419 15.862 0.009
4743.52476 15.897 0.009
4750.59134 15.871 0.010
4756.54303 15.867 0.009
4765.50890 15.893 0.009
4867.88432 15.885 0.009
4872.85513 15.906 0.011
4873.86852 15.911 0.008
4876.85703 15.924 0.009
4884.84008 15.927 0.008
4886.89075 15.879 0.008
4890.87298 15.898 0.008
4896.86060 15.895 0.008
4899.83207 15.920 0.008
4900.81184 15.905 0.008
4901.87192 15.864 0.008
4902.87031 15.871 0.007
4904.79474 15.886 0.008
4905.89855 15.855 0.009
4910.80060 15.906 0.009
4911.77125 15.867 0.007
4912.76806 15.857 0.007
4914.77101 15.875 0.008
4916.75067 15.856 0.009
4916.77671 15.862 0.007
4916.81706 15.893 0.008
4916.86586 15.873 0.007
4916.89741 15.862 0.007
4917.77487 15.880 0.007
4917.90512 15.855 0.008
4918.76790 15.859 0.007
4918.77395 15.859 0.007
4920.72102 15.840 0.007
4920.92108 15.848 0.009
4921.72577 15.846 0.008
4924.72974 15.844 0.007
4925.77904 15.898 0.007
4925.89506 15.847 0.007
4926.74281 15.841 0.008
4927.83035 15.878 0.008
4928.72408 15.850 0.008
4929.72398 15.857 0.009
4930.78195 15.890 0.008
4931.70965 15.825 0.009
4931.82626 15.863 0.008
4932.78153 15.895 0.008
4933.70163 15.834 0.009
4933.82980 15.861 0.008
4934.80521 15.898 0.009
4938.70974 15.836 0.008
4938.80965 15.872 0.008
4939.75117 15.881 0.009
4939.89588 15.865 0.008
4940.73282 15.843 0.008
4941.70754 15.841 0.008
4941.83457 15.851 0.008
4942.68705 15.843 0.008
4942.85992 15.851 0.007
4943.69937 15.856 0.008
4943.76545 15.884 0.007
4944.70478 15.843 0.007
4944.77994 15.900 0.008
4945.70474 15.849 0.008
4945.85716 15.835 0.007
4946.76160 15.897 0.007
4947.84611 15.839 0.007
4949.66421 15.847 0.007
4950.70575 15.863 0.009
4951.79157 15.875 0.008
4952.80974 15.847 0.007
4953.66855 15.839 0.007
4953.77428 15.887 0.008
4954.68867 15.847 0.007
4954.79414 15.874 0.007
4955.69263 15.842 0.007
