2125.55531 19.096 0.095
2129.63785 18.894 0.033
2132.58215 18.796 0.037
2135.71975 18.724 0.035
2140.67778 19.000 0.053
2144.56092 18.845 0.045
2160.55124 18.920 0.049
2168.61873 18.766 0.046
2187.52806 18.852 0.052
2206.52252 18.730 0.059
2331.86377 18.791 0.043
2358.83577 18.956 0.047
2372.79597 18.889 0.034
2382.92011 18.865 0.044
2386.86359 18.935 0.048
2390.80673 18.924 0.048
2397.76880 18.870 0.039
2401.79354 18.918 0.043
2403.84958 18.751 0.033
2405.81813 18.757 0.038
2414.80479 18.956 0.053
2416.76938 18.849 0.040
2424.86207 19.512 0.112
2428.76373 18.858 0.047
2432.80669 18.816 0.071
2434.67452 18.812 0.039
2436.72017 18.887 0.036
2438.69847 18.858 0.037
2440.84343 18.849 0.047
2443.70403 18.990 0.047
2445.58512 18.800 0.035
2448.56757 19.092 0.119
2453.82348 18.882 0.058
2459.51971 18.891 0.061
2463.49439 18.834 0.054
2464.72456 18.834 0.031
2467.62750 18.800 0.038
2469.64199 18.902 0.029
2471.65374 18.876 0.033
2473.61882 18.821 0.041
2483.68374 18.831 0.041
2486.66707 18.762 0.049
2490.63368 18.755 0.037
2493.59596 18.824 0.042
2495.66757 18.773 0.032
2497.74704 18.802 0.043
2499.77034 18.829 0.041
2502.51400 19.153 0.055
2508.61637 18.800 0.042
2512.56521 18.881 0.051
2517.68694 19.295 0.072
2520.52505 18.924 0.045
2526.62082 18.851 0.037
2541.59930 18.911 0.045
2547.53740 18.762 0.052
2551.57354 18.798 0.060
2556.52838 18.958 0.062
2563.56187 18.857 0.048
2574.54054 19.043 0.064
2705.90266 18.973 0.053
2706.87003 18.934 0.052
2714.85435 18.871 0.037
2728.88387 18.956 0.056
2733.86682 18.783 0.043
2744.85460 18.795 0.103
2752.91949 18.984 0.055
2756.88407 18.829 0.037
2760.85232 18.894 0.050
2766.88446 18.855 0.041
2770.77935 18.888 0.056
2783.77275 18.804 0.031
2785.88439 18.936 0.059
2786.88647 19.057 0.070
2789.69244 18.792 0.036
2791.67501 18.893 0.038
2794.81842 18.824 0.041
2796.75946 19.054 0.037
2808.89997 18.775 0.070
2809.90436 18.805 0.050
2810.83138 18.848 0.042
2811.86865 18.813 0.038
2813.66535 18.881 0.042
2815.78705 18.887 0.043
2817.73995 18.805 0.040
2818.80295 18.779 0.043
2820.67518 18.815 0.039
2826.70389 18.757 0.034
2834.73791 18.861 0.058
2835.84778 18.767 0.060
2837.58150 18.942 0.069
2839.62468 18.793 0.042
2841.64382 19.188 0.059
2843.57296 18.995 0.049
2845.60386 18.969 0.051
2849.75637 18.788 0.047
2849.78390 19.094 0.079
2851.76672 19.066 0.072
2853.76962 18.774 0.052
2856.65838 18.790 0.040
2858.63365 18.847 0.069
2859.62773 18.988 0.076
2863.59266 18.890 0.054
2866.68402 18.780 0.045
2869.67507 18.805 0.043
2872.66954 18.879 0.031
2877.63886 19.141 0.055
2883.61441 19.020 0.040
2892.60438 18.809 0.065
2896.62603 18.817 0.040
2902.59308 18.842 0.052
2907.56746 18.843 0.060
2917.55512 18.731 0.050
2929.59291 18.797 0.060
