2130.48027 17.009 0.018
2133.50695 17.119 0.020
2136.62818 17.122 0.024
2141.61888 17.095 0.024
2144.70006 17.041 0.019
2170.60046 17.052 0.022
2179.49874 17.063 0.030
2189.49383 17.065 0.027
2333.89967 17.117 0.023
2337.80634 17.026 0.021
2349.82474 17.052 0.021
2357.81787 17.036 0.023
2365.89240 17.252 0.026
2373.77287 17.082 0.022
2405.85261 17.028 0.018
2464.76393 17.281 0.020
2708.89866 17.165 0.022
2850.63100 17.327 0.021
2858.75832 17.071 0.023
3059.84458 17.043 0.020
3064.85975 17.320 0.026
3068.81312 17.053 0.021
3070.89837 17.091 0.019
3073.85078 17.280 0.021
3075.88540 17.311 0.022
3077.87644 17.186 0.056
3080.79797 17.191 0.021
3083.75223 17.174 0.022
3085.84880 17.226 0.020
3087.77649 17.075 0.023
3089.82346 17.076 0.016
3091.87772 17.123 0.018
3097.80260 17.138 0.028
3100.92199 17.065 0.022
3101.79051 17.330 0.027
3102.88899 17.253 0.023
3104.74472 17.040 0.040
3106.88638 17.126 0.024
3107.87684 17.056 0.022
3109.81382 17.173 0.018
3110.88048 17.153 0.018
3112.87972 17.284 0.023
3113.89102 17.343 0.025
3114.82138 17.114 0.018
3115.88183 17.152 0.019
3116.86222 17.086 0.021
3124.75393 17.069 0.027
3126.69349 17.324 0.021
3127.85986 17.087 0.021
3128.85966 17.164 0.026
3130.66266 17.105 0.025
3130.73866 17.170 0.022
3130.85415 17.324 0.031
3131.70503 17.143 0.025
3134.87410 17.141 0.033
3137.75604 17.297 0.026
3138.64140 17.094 0.021
3138.76242 17.321 0.023
3139.92872 17.119 0.019
3142.80943 17.147 0.019
3144.82648 17.079 0.018
3146.86874 17.100 0.019
3151.79709 17.207 0.026
3152.79866 17.145 0.023
3153.79727 17.123 0.026
3154.88492 17.177 0.030
3156.85360 17.110 0.021
3157.86109 17.163 0.026
3158.87138 17.207 0.025
3162.83504 17.109 0.020
3163.79421 17.052 0.018
3164.78280 17.151 0.017
3165.69560 17.322 0.020
3168.84732 17.285 0.021
3169.81405 17.288 0.026
3170.63158 17.166 0.014
3171.76964 17.073 0.014
3171.89518 17.273 0.022
3172.79401 17.050 0.016
3173.83140 17.107 0.023
3174.75047 17.237 0.019
3175.76093 17.333 0.019
3175.83674 17.132 0.019
3177.80596 17.376 0.033
3179.54162 17.289 0.021
3180.76559 17.088 0.015
3182.82571 17.038 0.018
3183.78468 17.166 0.024
3184.73927 17.288 0.021
3185.67036 17.185 0.019
3193.58951 17.073 0.015
3194.53996 17.054 0.021
3194.78046 17.260 0.021
3195.53964 17.146 0.018
3196.73311 17.212 0.021
3197.56375 17.204 0.019
3199.67171 17.146 0.020
3201.53261 17.068 0.017
3202.66035 17.288 0.023
3203.57687 17.081 0.015
3204.61062 17.081 0.016
3205.67399 17.105 0.017
3206.75927 17.197 0.026
3210.49383 17.053 0.019
3211.64910 17.284 0.024
3217.68990 17.073 0.020
3218.68891 17.126 0.023
3223.69287 17.300 0.029
3224.73742 17.234 0.025
3226.66829 17.168 0.029
3228.63876 17.272 0.024
3230.70864 17.281 0.023
3231.61197 17.191 0.022
3232.64547 17.140 0.022
3238.66028 17.220 0.024
3240.50942 17.064 0.021
3241.69300 17.286 0.035
3245.59627 17.218 0.027
3247.48332 17.146 0.021
3249.58965 17.261 0.028
3250.69668 17.364 0.035
3254.55042 17.341 0.034
3257.49480 17.147 0.021
3260.53109 17.110 0.026
3265.51658 17.315 0.031
3267.56721 17.235 0.022
3272.62783 17.129 0.028
3277.53924 17.169 0.023
3279.59455 17.106 0.023
3282.51697 17.298 0.023
3289.49894 17.193 0.024
3294.48996 17.340 0.037
3295.56222 17.277 0.015
3296.53685 17.140 0.016
3300.54959 17.177 0.028
3418.88072 17.204 0.018
3423.85493 17.169 0.022
3426.90339 17.384 0.029
3429.88762 17.111 0.023
3436.84476 17.207 0.023
3443.79998 17.281 0.018
3445.84299 17.208 0.016
3447.89149 17.219 0.023
3449.90868 17.105 0.018
3453.81085 17.325 0.026
3455.87075 17.271 0.023
3456.87923 17.203 0.020
3457.87372 17.109 0.017
3459.86466 17.093 0.017
3467.91802 17.154 0.017
3470.90610 17.157 0.019
3472.81596 17.288 0.018
3473.89754 17.421 0.028
3474.89956 17.304 0.023
3475.89508 17.196 0.015
3477.91082 17.168 0.019
3479.78143 17.283 0.016
3480.91036 17.120 0.017
3482.91325 17.283 0.021
3496.76913 17.217 0.025
3497.87035 17.080 0.018
3499.76360 17.208 0.015
3500.85052 17.302 0.019
3502.66636 17.142 0.017
3503.81908 17.145 0.018
3506.76631 17.211 0.019
3508.88265 17.168 0.027
3509.68003 17.172 0.024
3510.92054 17.206 0.020
3511.85509 17.284 0.020
3512.86525 17.191 0.024
3517.72463 17.380 0.036
3520.86883 17.319 0.024
3521.68170 17.103 0.014
3522.79025 17.080 0.019
3523.82437 17.061 0.016
3524.82478 17.074 0.017
3525.89986 17.087 0.019
3526.93064 17.149 0.026
3528.60313 17.077 0.017
3530.82277 17.220 0.016
3537.79056 17.283 0.019
3538.71639 17.143 0.016
3540.77006 17.060 0.018
3544.77908 17.202 0.020
3547.78269 17.338 0.026
3550.79605 17.126 0.015
3551.79081 17.096 0.015
3552.80996 17.098 0.022
3553.78967 17.197 0.025
3554.81179 17.178 0.023
3555.80133 17.343 0.032
3556.71365 17.209 0.019
3558.59769 17.245 0.024
3559.60609 17.284 0.020
3560.64739 17.255 0.016
3561.58387 17.284 0.020
3562.63653 17.283 0.019
3563.68859 17.280 0.018
3564.52291 17.129 0.027
3569.62714 17.306 0.031
3573.73546 17.309 0.025
3574.73256 17.355 0.024
3575.67436 17.085 0.015
3576.73042 17.165 0.021
3577.77877 17.141 0.021
3578.71544 17.097 0.016
3579.66081 17.220 0.018
3580.70041 17.250 0.023
3581.71364 17.375 0.026
3582.66254 17.217 0.019
3583.68075 17.219 0.018
3584.68468 17.123 0.016
3585.68292 17.087 0.016
3586.73735 17.123 0.016
3589.72662 17.142 0.020
3590.72288 17.352 0.027
3591.69791 17.344 0.020
3592.73123 17.271 0.019
3601.69905 17.314 0.024
3602.69937 17.226 0.025
3603.68060 17.133 0.020
3607.67828 17.187 0.021
3609.50614 17.150 0.022
3615.62357 17.203 0.021
3617.65404 17.272 0.024
3619.58699 17.174 0.016
3621.58936 17.135 0.021
3628.65395 17.440 0.037
3629.51206 17.102 0.017
3631.61286 17.059 0.020
3633.53947 17.334 0.031
3634.61853 17.180 0.024
3637.54210 17.205 0.030
3637.56042 17.272 0.033
3637.60317 17.315 0.028
3639.48912 17.119 0.015
3639.59374 17.089 0.015
3640.51756 17.214 0.025
3644.57588 17.328 0.021
3649.54932 17.117 0.017
3651.59356 17.061 0.022
3655.56223 17.258 0.022
3657.55211 17.199 0.026
3659.56003 17.201 0.038
3662.55836 17.333 0.039
3668.52486 17.183 0.026
3676.50389 17.088 0.023
3777.86432 17.216 0.019
3783.85069 17.191 0.019
3785.86618 17.298 0.021
3787.87584 17.209 0.019
3791.85021 17.111 0.023
3793.89442 17.140 0.017
3795.87866 17.363 0.023
3797.79581 17.059 0.018
3798.84201 17.031 0.018
3799.89635 17.075 0.021
3801.85111 17.165 0.020
3802.88559 17.137 0.018
3804.79878 17.251 0.023
3805.83733 17.218 0.020
3806.83405 17.135 0.021
3807.85819 17.124 0.018
3808.86182 17.092 0.020
3810.77691 17.269 0.021
3811.80537 17.299 0.024
3812.88630 17.192 0.021
3813.86884 17.266 0.019
3814.86150 17.334 0.022
3818.77911 17.115 0.017
3819.84274 17.101 0.015
3820.80680 17.252 0.017
3821.80998 17.327 0.020
3822.85370 17.295 0.020
3823.81461 17.288 0.019
3824.80858 17.232 0.023
3825.84065 17.135 0.020
3826.80982 17.103 0.021
3827.84077 17.051 0.015
3828.82090 17.116 0.021
3829.74870 17.350 0.026
3830.78002 17.301 0.019
3832.78296 17.239 0.018
3833.80784 17.189 0.016
3834.78082 17.076 0.016
3835.76850 17.041 0.017
3836.72995 17.163 0.022
3837.77056 17.164 0.020
3838.77853 17.243 0.028
3838.89660 17.078 0.022
3839.77446 17.300 0.021
3840.77761 17.279 0.021
3841.73278 17.158 0.024
3841.88273 17.235 0.019
3842.73116 17.068 0.027
3845.75433 17.188 0.039
3846.76515 17.200 0.021
3846.89390 17.150 0.018
3847.83823 17.098 0.020
3848.78829 17.284 0.025
3848.91883 17.151 0.026
3849.78581 17.295 0.020
3850.73462 17.214 0.019
3850.90389 17.162 0.023
3851.74463 17.242 0.024
3851.90945 17.231 0.022
3852.73316 17.043 0.018
3852.85725 17.305 0.021
3853.72583 17.057 0.014
3853.89081 17.280 0.017
3856.71407 17.291 0.019
3858.75099 17.311 0.020
3859.87112 17.274 0.030
3860.70639 17.225 0.025
3861.70383 17.031 0.017
3861.80793 17.208 0.017
3861.90685 17.247 0.018
3862.68566 17.067 0.018
3862.90042 17.296 0.022
3863.69851 17.096 0.016
3863.84245 17.155 0.018
3863.91841 17.333 0.018
3864.71589 17.178 0.017
3864.90149 17.190 0.017
3865.67599 17.341 0.022
3865.81088 17.112 0.018
3865.88950 17.095 0.016
3866.72077 17.333 0.019
3866.86021 17.082 0.018
3867.66665 17.193 0.021
3867.85209 17.149 0.019
3867.92236 17.057 0.017
3868.67449 17.126 0.023
3868.81771 17.311 0.027
3868.89822 17.133 0.023
3869.64419 17.090 0.019
3869.83336 17.304 0.026
3869.90878 17.180 0.024
3873.70807 17.152 0.017
3873.84714 17.119 0.019
3873.91760 17.298 0.022
3874.70936 17.221 0.020
3874.87783 17.130 0.018
3875.64603 17.291 0.019
3875.79326 17.123 0.014
3875.87197 17.009 0.014
3877.67390 17.168 0.016
3877.82218 17.207 0.018
3877.89594 17.067 0.020
3880.87744 17.376 0.022
3881.61186 17.280 0.029
3881.69767 17.074 0.017
3881.84043 17.220 0.016
3882.60977 17.304 0.022
3882.81279 17.115 0.017
3882.88292 17.240 0.019
3883.67516 17.290 0.019
3883.91664 17.220 0.020
3886.64329 17.139 0.016
3886.82998 17.162 0.018
3886.90198 17.092 0.019
3886.92801 17.085 0.020
3887.61044 17.138 0.023
3887.81313 17.254 0.021
3887.84096 17.227 0.021
3887.91304 17.074 0.016
3888.64131 17.069 0.016
3889.78621 17.194 0.016
3890.58129 17.294 0.025
3891.71753 17.092 0.018
3891.83453 17.160 0.018
3891.91624 17.333 0.024
3892.62792 17.409 0.032
3893.66503 17.334 0.023
3893.91637 17.243 0.027
3894.71003 17.418 0.033
3896.65372 17.180 0.030
3900.56904 17.336 0.031
3900.75549 17.080 0.016
3900.83081 17.200 0.022
3901.75768 17.092 0.018
3901.83448 17.129 0.020
3901.90695 17.286 0.027
3902.60385 17.284 0.019
3902.79903 17.107 0.019
3903.69622 17.315 0.025
3904.58683 17.083 0.015
3904.75014 17.261 0.019
3904.81911 17.081 0.015
3904.87192 17.056 0.017
3905.58375 17.088 0.015
3905.75778 17.293 0.017
3905.83040 17.108 0.014
3905.89900 17.069 0.019
3906.52242 17.183 0.025
3906.69227 17.190 0.018
3906.76528 17.358 0.022
3906.83791 17.286 0.023
3907.62894 17.116 0.020
3907.82381 17.423 0.032
3908.56512 17.196 0.018
3908.75556 17.194 0.019
3908.83083 17.315 0.019
3909.57021 17.310 0.020
3909.76813 17.118 0.016
3909.84652 17.298 0.023
3910.62646 17.262 0.019
3912.56937 17.148 0.014
3912.76614 17.132 0.015
3912.85403 17.090 0.016
3913.56713 17.084 0.014
3913.76933 17.212 0.021
3913.85916 17.089 0.018
3914.58459 17.107 0.018
3915.56514 17.041 0.016
3915.76844 17.335 0.019
3915.86549 17.140 0.021
3916.61298 17.079 0.020
3916.78565 17.425 0.035
3917.65303 17.139 0.025
3917.85922 17.344 0.028
3918.64642 17.142 0.019
3918.85613 17.379 0.027
3919.59927 17.376 0.029
3919.83633 17.327 0.023
3920.55093 17.260 0.018
3920.74718 17.092 0.016
3920.82599 17.122 0.015
3921.54394 17.165 0.019
3921.75440 17.248 0.031
3922.75087 17.323 0.033
3930.59844 17.320 0.020
3931.54953 17.149 0.020
3931.67619 17.332 0.024
3932.56134 17.094 0.020
3933.55035 17.102 0.016
3933.73164 17.322 0.018
3933.80732 17.170 0.019
3934.52112 17.128 0.018
3934.64519 17.138 0.016
3934.71495 17.255 0.018
3934.78397 17.263 0.019
3935.57101 17.150 0.020
3935.74232 17.248 0.019
3935.79405 17.398 0.029
3936.52457 17.295 0.023
3936.68991 17.121 0.018
3936.76751 17.262 0.022
3937.59976 17.190 0.017
3938.53212 17.350 0.027
3938.73369 17.179 0.021
3938.78289 17.238 0.027
3940.63513 17.326 0.016
3941.68425 17.391 0.032
3944.58863 17.046 0.016
3945.53748 17.201 0.019
3945.72551 17.215 0.025
3946.54778 17.360 0.026
3946.73717 17.162 0.019
3950.55563 17.146 0.016
3950.78189 17.086 0.020
3951.55181 17.161 0.023
3956.59819 17.257 0.027
3957.53908 17.388 0.025
3958.61189 17.385 0.025
3959.55180 17.209 0.021
3959.71616 17.198 0.022
3960.52980 17.092 0.018
3960.70970 17.235 0.018
3961.60487 17.266 0.030
3963.49144 17.307 0.025
3963.66597 17.129 0.018
3963.73931 17.404 0.033
3964.56463 17.161 0.017
3965.55153 17.277 0.018
3966.54269 17.369 0.022
3966.72521 17.105 0.021
3967.56648 17.500 0.034
3968.52922 17.206 0.022
3968.70074 17.195 0.021
3969.53699 17.190 0.024
3969.71174 17.342 0.031
3970.54493 17.113 0.020
3971.58473 17.246 0.028
3973.60988 17.133 0.022
3974.47279 17.427 0.034
3974.49958 17.392 0.026
3974.53971 17.370 0.030
3974.62077 17.131 0.019
3974.67849 17.177 0.026
3974.68496 17.161 0.024
3974.69174 17.131 0.026
3975.47162 17.310 0.033
3975.50251 17.443 0.030
3975.54222 17.353 0.021
3975.59317 17.182 0.019
3975.64700 17.124 0.019
3975.68909 17.078 0.021
3976.47347 17.147 0.020
3976.53749 17.348 0.023
3976.64089 17.229 0.022
3976.70276 17.204 0.030
3979.54673 17.205 0.032
3982.62340 17.077 0.021
3986.61395 17.391 0.024
3987.53637 17.215 0.020
3988.54918 17.131 0.015
3989.61089 17.262 0.027
3990.65317 17.235 0.024
3994.50585 17.405 0.030
3995.60347 17.281 0.025
3999.64102 17.274 0.024
4000.54806 17.131 0.022
4001.53779 17.182 0.021
4002.53448 17.245 0.020
4004.55746 17.441 0.038
4005.56010 17.441 0.032
4006.55842 17.217 0.018
4012.53052 17.336 0.028
4016.57561 17.241 0.027
4018.58505 17.148 0.025
4021.56906 17.191 0.026
4024.51671 17.333 0.030
4026.51221 17.127 0.019
4028.52823 17.164 0.022
4031.52835 17.347 0.028
4039.51284 17.424 0.040
4042.50100 17.368 0.037
4142.88380 17.119 0.031
4151.88893 17.062 0.023
4154.83637 17.332 0.023
4156.88935 17.380 0.036
4159.82338 17.059 0.022
4161.87680 17.108 0.022
4163.89281 17.192 0.020
4165.84968 17.239 0.028
4168.84722 17.092 0.023
4170.86284 17.127 0.022
4175.88325 17.370 0.025
4177.78297 17.070 0.020
4178.84033 17.066 0.019
4179.88021 17.067 0.019
4181.81663 17.282 0.022
4182.75593 17.248 0.023
4182.78775 17.313 0.021
4182.83932 17.305 0.021
4182.86521 17.256 0.020
4182.90857 17.127 0.016
4183.75383 17.143 0.023
4183.83825 17.325 0.024
4183.89767 17.278 0.023
4185.77413 17.114 0.025
4191.78469 17.331 0.028
4193.79579 17.201 0.025
4194.81864 17.168 0.022
4196.80866 17.079 0.020
4202.79019 17.225 0.020
4203.77802 17.162 0.019
4204.77040 17.047 0.019
4205.76856 17.082 0.017
4207.75983 17.191 0.020
4208.71379 17.348 0.024
4211.82513 17.396 0.030
4212.85467 17.452 0.041
4213.76273 17.090 0.020
4215.77576 17.087 0.024
4216.73360 17.205 0.020
4217.74114 17.294 0.019
4217.90241 17.078 0.016
4218.79090 17.332 0.035
4219.80091 17.306 0.022
4220.73994 17.202 0.023
4222.70857 17.061 0.021
4224.81893 17.089 0.018
4228.71123 17.254 0.023
4229.70482 17.247 0.031
4229.90177 17.145 0.020
4230.65300 17.083 0.019
4230.84100 17.357 0.026
4230.90266 17.318 0.033
4231.67695 17.077 0.017
4231.72807 17.092 0.016
4231.88306 17.396 0.029
4232.66469 17.178 0.027
4232.78972 17.143 0.022
4232.92728 17.378 0.035
4233.86030 17.209 0.023
4234.78776 17.075 0.018
4234.91014 17.198 0.025
4235.70137 17.298 0.021
4235.75883 17.157 0.019
4235.86243 17.099 0.020
4235.92496 17.216 0.027
4237.62792 17.152 0.029
4238.69927 17.213 0.024
4238.90874 17.084 0.022
4239.67111 17.059 0.018
4240.71077 17.095 0.023
4240.87009 17.378 0.029
4243.67645 17.216 0.025
4243.76987 17.053 0.021
4243.86276 17.222 0.029
4244.64860 17.336 0.029
4244.74502 17.160 0.020
4244.83758 17.070 0.019
4245.64170 17.263 0.023
4245.73602 17.262 0.020
4245.83148 17.084 0.018
4245.90410 17.078 0.021
4246.70038 17.294 0.023
4246.79352 17.187 0.020
4246.88620 17.080 0.021
4247.71542 17.277 0.030
4250.76353 17.110 0.023
4256.65593 17.224 0.033
4256.80145 17.281 0.034
4257.68280 17.170 0.025
4258.66582 17.146 0.026
4258.78862 17.317 0.028
4258.88125 17.274 0.031
4267.62546 17.112 0.018
4268.74056 17.124 0.016
4268.87245 17.291 0.028
4269.60768 17.196 0.019
4269.75797 17.133 0.019
4270.54240 17.361 0.028
4272.58886 17.251 0.022
4272.73878 17.168 0.019
4272.79740 17.064 0.019
4272.86880 17.147 0.028
4273.64925 17.360 0.030
4273.82741 17.104 0.025
4273.88859 17.130 0.035
4274.58034 17.119 0.025
4274.73327 17.365 0.025
4274.79413 17.215 0.023
4275.63183 17.182 0.025
4275.80715 17.240 0.027
4275.86823 17.147 0.031
4276.61660 17.166 0.031
4277.56034 17.213 0.027
4277.73737 17.211 0.025
4277.79604 17.402 0.036
4278.60526 17.160 0.027
4278.79246 17.311 0.036
4283.54286 17.096 0.023
4284.53464 17.063 0.023
4284.68499 17.284 0.025
4284.74438 17.331 0.022
4284.80640 17.234 0.028
4285.53780 17.202 0.027
4285.73134 17.315 0.026
4285.79643 17.371 0.027
4285.85785 17.152 0.028
4286.53758 17.181 0.026
4286.84577 17.303 0.040
4289.54845 17.382 0.032
4289.76736 17.115 0.022
4289.83406 17.157 0.026
4290.59474 17.459 0.036
4291.61443 17.323 0.025
4292.52002 17.087 0.017
4292.69901 17.342 0.022
4292.75780 17.178 0.018
4292.82082 17.127 0.026
4293.52075 17.078 0.020
4293.70490 17.355 0.021
4293.76365 17.245 0.023
4293.80394 17.185 0.021
4293.84143 17.095 0.023
4294.51938 17.140 0.020
4295.52956 17.181 0.021
4295.72466 17.232 0.019
4295.78325 17.368 0.025
4296.52360 17.287 0.025
4296.73467 17.198 0.019
4297.54343 17.323 0.023
4297.74799 17.136 0.018
4298.59470 17.259 0.027
4298.68950 17.102 0.021
4299.56499 17.290 0.020
4299.65492 17.212 0.018
4299.74618 17.073 0.018
4300.56164 17.258 0.024
4300.67678 17.295 0.023
4301.54778 17.111 0.018
4301.64403 17.345 0.022
4301.74620 17.176 0.021
4302.62075 17.211 0.022
4302.81937 17.114 0.024
4303.70735 17.379 0.027
4304.58562 17.069 0.022
4306.59137 17.176 0.025
4310.64502 17.427 0.042
4312.53257 17.083 0.027
4312.77547 17.203 0.021
4314.79006 17.268 0.036
4315.56403 17.182 0.022
4316.59433 17.195 0.021
4317.51622 17.317 0.025
4319.55129 17.269 0.024
4319.69726 17.257 0.031
4320.49188 17.082 0.022
4320.51612 17.173 0.024
4320.53427 17.174 0.023
4320.55946 17.156 0.021
4320.59886 17.303 0.028
4320.61860 17.303 0.024
4320.63349 17.312 0.025
4320.67368 17.363 0.027
4320.71161 17.316 0.031
4320.75423 17.209 0.031
4320.76916 17.239 0.032
4326.56610 17.302 0.022
4326.69286 17.176 0.028
4326.74418 17.139 0.029
4327.62001 17.298 0.028
4328.48515 17.101 0.023
4328.72481 17.158 0.028
4329.55556 17.312 0.033
4329.70289 17.271 0.029
4330.48550 17.118 0.022
4330.72280 17.283 0.023
4331.52765 17.121 0.022
4332.53765 17.077 0.016
4333.56263 17.145 0.027
4334.53542 17.253 0.024
4338.53280 17.202 0.026
4338.71068 17.121 0.038
4339.52893 17.110 0.021
4340.64909 17.279 0.024
4341.53318 17.189 0.030
4342.56521 17.120 0.023
4343.54904 17.190 0.018
4344.57863 17.188 0.024
4345.54072 17.355 0.022
4346.55033 17.405 0.036
4347.56464 17.348 0.028
4349.53035 17.102 0.019
4350.58384 17.105 0.019
4351.53554 17.099 0.020
4353.55519 17.222 0.024
4354.57461 17.266 0.026
4355.58243 17.343 0.032
4356.53961 17.327 0.029
4357.51101 17.214 0.032
4358.55444 17.214 0.026
4359.52340 17.152 0.025
4361.53675 17.303 0.038
4362.55415 17.190 0.032
4365.59234 17.340 0.029
4367.54573 17.174 0.025
4368.51870 17.182 0.031
4369.59785 17.223 0.036
4370.52572 17.147 0.019
4371.50018 17.316 0.027
4372.54929 17.229 0.019
4373.54035 17.447 0.036
4377.51353 17.091 0.020
4378.54794 17.140 0.023
4380.50540 17.213 0.022
4381.55303 17.270 0.031
4382.54383 17.436 0.040
4383.54377 17.367 0.030
4384.51819 17.316 0.030
4392.50922 17.365 0.033
4393.56023 17.348 0.025
4394.53343 17.242 0.024
4395.56963 17.278 0.031
4396.53938 17.145 0.033
4397.56308 17.102 0.027
4398.56846 17.056 0.028
4399.51835 17.191 0.030
4400.56281 17.207 0.038
4403.51668 17.294 0.035
4409.53414 17.279 0.037
4508.87772 17.214 0.018
4511.85960 17.088 0.018
4511.87942 17.064 0.016
4513.89079 17.139 0.019
4517.88991 17.353 0.033
4521.82927 17.199 0.028
4523.90166 17.180 0.029
4525.84558 17.283 0.032
4531.86229 17.126 0.020
4534.89180 17.412 0.036
4536.80709 17.163 0.029
4537.86725 17.164 0.019
4538.89964 17.186 0.020
4539.88575 17.145 0.021
4540.82968 17.190 0.018
4541.82218 17.255 0.021
4542.81698 17.346 0.028
4543.81248 17.299 0.022
4544.80945 17.251 0.023
4545.77354 17.153 0.024
4546.78025 17.113 0.021
4547.75495 17.110 0.023
4548.87084 17.138 0.024
4548.89818 17.226 0.031
4550.77734 17.436 0.036
4551.81622 17.347 0.023
4552.74764 17.234 0.035
4556.78706 17.073 0.017
4557.80820 17.135 0.022
4558.73783 17.263 0.020
4559.77869 17.312 0.022
4560.77908 17.355 0.026
4561.76841 17.288 0.018
4564.75862 17.064 0.017
4565.75668 17.061 0.016
4566.75609 17.147 0.017
4567.75605 17.213 0.021
4568.76559 17.292 0.020
4569.77600 17.358 0.022
4570.76127 17.295 0.024
4571.75294 17.207 0.026
4572.77974 17.204 0.020
4573.76793 17.109 0.019
4574.77050 17.125 0.020
4575.77929 17.090 0.020
4576.88924 17.135 0.021
4577.86751 17.117 0.019
4577.92353 17.138 0.020
4578.82185 17.232 0.026
4579.89565 17.152 0.027
4583.76589 17.056 0.019
4585.79286 17.135 0.025
4586.76897 17.276 0.027
4587.80254 17.246 0.026
4588.67769 17.224 0.030
4588.91018 17.118 0.018
4589.72415 17.242 0.022
4589.87943 17.325 0.030
4590.73293 17.170 0.021
4591.67402 17.124 0.019
4591.88534 17.396 0.026
4592.69425 17.056 0.017
4592.88354 17.366 0.027
4593.68341 17.196 0.021
4593.89323 17.321 0.024
4593.93310 17.382 0.028
4594.70466 17.192 0.023
4594.89949 17.209 0.021
4595.69721 17.383 0.024
4595.88852 17.177 0.021
4596.68905 17.360 0.026
4597.71367 17.351 0.026
4597.90531 17.101 0.019
4598.68989 17.191 0.017
4599.66241 17.134 0.021
4600.67477 17.091 0.018
4600.88344 17.297 0.020
4601.67730 17.084 0.016
4601.89356 17.403 0.021
4602.66987 17.167 0.018
4602.89423 17.317 0.019
4603.88126 17.210 0.024
4606.67771 17.276 0.020
4606.93598 17.130 0.022
4610.90831 17.323 0.027
4611.65656 17.174 0.021
4611.80542 17.181 0.020
4612.67803 17.188 0.023
4615.82036 17.162 0.024
4616.63202 17.190 0.024
4616.84833 17.158 0.024
4617.73572 17.313 0.022
4618.64058 17.127 0.020
4622.65415 17.344 0.025
4622.83911 17.211 0.027
4623.73787 17.256 0.027
4623.89838 17.243 0.031
4624.62229 17.221 0.028
4624.84226 17.114 0.021
4624.91136 17.218 0.028
4625.63269 17.269 0.032
4625.85205 17.165 0.023
4626.65716 17.251 0.025
4627.59127 17.123 0.020
4627.88069 17.199 0.019
4628.59824 17.143 0.020
4628.78799 17.366 0.029
4628.85032 17.300 0.024
4628.92453 17.226 0.029
4629.66105 17.130 0.018
4629.86867 17.353 0.023
4630.59611 17.320 0.022
4630.81187 17.258 0.025
4630.88143 17.315 0.023
4631.62166 17.359 0.021
4631.82032 17.124 0.016
4631.89574 17.277 0.024
4632.60380 17.319 0.025
4632.89043 17.236 0.028
4633.59779 17.210 0.022
4633.70874 17.284 0.019
4633.84216 17.118 0.021
4638.78225 17.214 0.022
4639.60591 17.227 0.021
4639.75095 17.095 0.022
4640.62401 17.340 0.027
4640.75593 17.086 0.018
4641.69959 17.186 0.022
4641.81165 17.143 0.025
4642.62203 17.316 0.022
4642.78426 17.181 0.026
4642.86331 17.064 0.022
4643.58127 17.147 0.021
4644.62978 17.228 0.026
4645.56015 17.141 0.023
4645.80786 17.288 0.024
4645.87342 17.111 0.026
4646.55517 17.142 0.017
4646.88090 17.195 0.027
4647.55150 17.286 0.023
4647.76768 17.272 0.025
4647.79189 17.386 0.032
4648.54858 17.366 0.027
4648.80246 17.277 0.028
4649.55883 17.401 0.026
4649.78519 17.136 0.020
4650.55996 17.325 0.025
4650.82308 17.130 0.025
4651.54340 17.207 0.024
4652.53487 17.099 0.023
4652.74906 17.201 0.023
4653.53046 17.091 0.027
4653.74970 17.226 0.024
4654.56956 17.101 0.022
4654.78417 17.271 0.025
4655.53033 17.154 0.021
4655.75491 17.309 0.021
4656.53228 17.237 0.020
4656.72214 17.145 0.018
4656.84150 17.332 0.030
4657.76069 17.220 0.024
4658.69089 17.202 0.029
4660.64318 17.302 0.024
4661.52036 17.105 0.020
4661.72104 17.265 0.025
4661.78807 17.091 0.021
4665.68800 17.135 0.023
4666.59330 17.113 0.020
4666.69431 17.134 0.024
4666.73651 17.203 0.027
4666.80885 17.395 0.042
4670.60536 17.366 0.027
4671.61349 17.226 0.019
4671.78559 17.219 0.031
4672.53931 17.097 0.017
4672.68953 17.334 0.020
4672.77470 17.247 0.026
4674.54514 17.299 0.035
4674.73537 17.328 0.028
4675.78294 17.353 0.032
4677.51872 17.332 0.025
4677.60342 17.271 0.025
4677.65918 17.221 0.030
4677.76835 17.141 0.026
4678.48413 17.250 0.023
4678.64064 17.233 0.021
4679.48480 17.188 0.031
4679.54950 17.283 0.031
4679.63278 17.472 0.035
4679.65750 17.385 0.034
4679.67315 17.292 0.032
4681.56745 17.107 0.020
4681.66010 17.334 0.025
4681.75041 17.229 0.023
4682.58468 17.130 0.023
4682.68843 17.308 0.022
4683.54976 17.199 0.027
4683.73833 17.373 0.030
4684.54233 17.181 0.021
4684.71372 17.190 0.021
4685.48495 17.453 0.035
4685.76243 17.249 0.027
4686.53105 17.399 0.027
4687.53441 17.328 0.026
4688.52771 17.190 0.020
4688.71742 17.147 0.024
4693.58675 17.137 0.024
4694.63652 17.177 0.032
4697.53116 17.294 0.025
4698.53658 17.170 0.018
4699.53475 17.138 0.020
4700.53923 17.100 0.022
4701.53527 17.112 0.023
4702.55071 17.121 0.022
4703.61812 17.136 0.025
4704.67349 17.056 0.020
4705.60177 17.316 0.030
4707.62997 17.336 0.022
4708.58185 17.275 0.024
4709.54596 17.269 0.032
4710.58670 17.157 0.022
4715.62098 17.295 0.033
4716.61859 17.384 0.035
4720.53890 17.141 0.023
4721.53662 17.224 0.029
4722.50240 17.372 0.032
4724.53915 17.462 0.034
4725.51788 17.371 0.030
4726.51487 17.346 0.036
4729.49940 17.162 0.025
4730.50080 17.200 0.021
4731.60776 17.258 0.029
4733.55623 17.343 0.027
4734.58558 17.391 0.031
4737.57423 17.239 0.027
4740.58704 17.149 0.031
4753.57805 17.441 0.041
4758.54384 17.135 0.025
4767.55153 17.125 0.034
4768.51755 17.247 0.039
4769.51218 17.420 0.043
4771.52061 17.555 0.051
4776.51177 17.167 0.038
4778.52336 17.203 0.033
4779.51926 17.244 0.029
4869.87966 17.239 0.033
4872.87198 17.148 0.030
4875.87389 17.375 0.026
4875.89369 17.301 0.035
4878.86777 17.131 0.020
4884.88439 17.273 0.024
4887.85679 17.181 0.018
4891.81307 17.254 0.032
4896.90403 17.330 0.026
4899.87786 17.126 0.020
4901.80138 17.358 0.025
4903.79709 17.323 0.023
4905.84534 17.273 0.023
4910.84336 17.122 0.021
4911.88034 17.168 0.016
4913.89382 17.306 0.019
4917.74042 17.266 0.021
4921.74186 17.239 0.023
4925.72865 17.086 0.018
4925.84498 17.160 0.018
4926.72177 17.239 0.027
4927.74482 17.235 0.024
4927.89948 17.113 0.022
4927.91374 17.175 0.023
4928.69979 17.383 0.031
4928.79326 17.180 0.023
4928.91291 17.117 0.019
4929.73990 17.429 0.029
4930.73189 17.236 0.024
4930.87975 17.187 0.021
4931.77607 17.287 0.023
4932.71015 17.090 0.018
4932.90930 17.258 0.023
4933.72604 17.071 0.023
4933.90374 17.353 0.027
4934.82468 17.158 0.020
4938.72559 17.375 0.025
4939.68643 17.225 0.024
4940.68641 17.151 0.021
4941.88153 17.324 0.025
4942.70290 17.106 0.019
4942.77484 17.172 0.017
4943.71528 17.084 0.016
4943.87211 17.332 0.023
4944.72672 17.138 0.016
4945.67451 17.293 0.022
4946.70195 17.320 0.022
4947.68529 17.299 0.019
4948.66496 17.192 0.021
4950.65573 17.088 0.019
4951.81939 17.321 0.025
4952.65918 17.117 0.019
4952.78857 17.133 0.017
4953.68875 17.183 0.020
4954.66751 17.307 0.023
4954.73360 17.163 0.021
4955.66822 17.427 0.030
4955.83658 17.109 0.019
