2117.76789 16.888 0.015
2128.72516 16.663 0.012
2131.58826 16.743 0.011
2135.61199 16.770 0.010
2140.59428 16.688 0.012
2143.70129 16.814 0.012
2165.54578 16.713 0.013
2172.49731 17.312 0.024
2185.52550 16.805 0.015
2200.57316 16.784 0.017
2329.85926 16.716 0.011
2346.84935 16.747 0.012
2351.88112 16.937 0.013
2360.88722 16.862 0.013
2371.86103 16.726 0.012
2381.87356 16.811 0.012
2385.88876 16.919 0.013
2389.89999 17.270 0.018
2391.79138 16.712 0.016
2399.78861 16.676 0.010
2402.88743 16.776 0.013
2405.72461 16.755 0.013
2415.75629 16.752 0.015
2417.82042 16.696 0.014
2432.68343 16.751 0.017
2433.89624 16.614 0.015
2435.69728 16.983 0.013
2437.76330 16.646 0.013
2441.66694 16.655 0.010
2444.67881 16.826 0.013
2446.76256 16.685 0.012
2452.69499 16.941 0.017
2458.81036 16.654 0.012
2462.61740 16.649 0.010
2464.63091 17.029 0.015
2467.52042 16.650 0.011
2469.53017 16.895 0.011
2471.71439 16.668 0.010
2473.51921 17.316 0.024
2483.59915 16.663 0.011
2486.57779 16.818 0.018
2490.54968 16.817 0.014
2493.50791 16.804 0.013
2495.58250 16.737 0.015
2497.63855 16.780 0.011
2499.68449 16.707 0.011
2501.70264 16.739 0.011
2508.52109 16.648 0.013
2511.69962 16.838 0.017
2518.61879 16.809 0.014
2521.63086 16.657 0.013
2535.55818 16.841 0.016
2541.48198 16.725 0.013
2546.57507 16.642 0.013
2551.48686 16.717 0.016
2555.58278 16.716 0.018
2562.53603 16.667 0.014
2573.50466 17.268 0.028
2704.87189 16.674 0.011
2713.85937 16.674 0.013
2727.90738 16.880 0.011
2732.91958 16.871 0.013
2743.91251 16.739 0.011
2752.82017 16.803 0.014
2755.92973 16.666 0.011
2759.92160 16.665 0.011
2766.79211 16.786 0.011
2770.67722 16.852 0.014
2782.91819 17.205 0.027
2784.89795 16.665 0.012
2786.75619 16.988 0.019
2789.62870 16.710 0.013
2791.58824 16.812 0.014
2794.74512 16.844 0.015
2796.69003 16.684 0.010
2802.77770 16.804 0.017
2808.80857 16.752 0.015
2810.71641 16.712 0.012
2812.67854 16.804 0.012
2813.76838 16.680 0.012
2815.70311 16.924 0.012
2816.83885 16.772 0.013
2817.84748 16.676 0.015
2818.64762 16.672 0.012
2819.64172 16.816 0.012
2821.61186 16.707 0.012
2830.65302 16.651 0.012
2835.57860 16.699 0.019
2836.80990 17.065 0.026
2838.70460 16.665 0.013
2840.68242 16.779 0.012
2842.74893 16.693 0.013
2844.74561 16.813 0.011
2849.66004 17.293 0.019
2851.67782 16.655 0.013
2853.68331 16.954 0.015
2856.56424 16.708 0.013
2858.53365 16.798 0.012
2859.50691 16.700 0.018
2860.68724 16.675 0.015
2862.70512 16.858 0.017
2865.64002 16.779 0.012
2867.67732 16.719 0.012
2869.69118 16.807 0.014
2872.57811 16.637 0.012
2877.55029 16.731 0.013
2882.60803 16.930 0.012
2889.55557 16.655 0.015
2894.62791 16.770 0.015
2898.61431 16.720 0.013
2903.55732 16.881 0.011
2907.61488 16.855 0.019
2916.55063 17.321 0.020
2925.57768 16.790 0.016
2937.53884 16.966 0.018
3049.87887 17.086 0.015
3057.89462 16.787 0.013
3061.86926 16.772 0.014
3067.80588 16.784 0.013
3069.87940 16.719 0.011
3072.84069 16.663 0.011
3074.87614 16.897 0.013
3081.76169 16.675 0.013
3083.86201 17.268 0.015
3085.81587 16.645 0.011
3087.76580 17.018 0.018
3089.75316 16.658 0.011
3090.91121 16.757 0.011
3096.75475 16.873 0.015
3098.75684 16.687 0.011
3099.75529 16.804 0.016
3101.74887 16.724 0.015
3103.75722 16.802 0.014
3107.75045 16.739 0.011
3108.90664 17.306 0.016
3109.72562 16.758 0.011
3110.74050 16.677 0.011
3111.79718 16.742 0.011
3112.73618 16.955 0.014
3113.77943 16.786 0.011
3114.71898 16.643 0.010
3115.77818 16.718 0.011
3118.83484 16.661 0.011
3122.78815 16.677 0.013
3125.76565 17.082 0.021
3126.77191 16.727 0.011
3127.70541 16.671 0.011
3128.72473 16.784 0.013
3129.70314 16.976 0.016
3130.87934 16.718 0.013
3134.67627 16.786 0.019
3137.72454 16.956 0.018
3138.88130 16.772 0.012
3139.74388 16.653 0.010
3140.77995 16.705 0.011
3141.88087 17.149 0.013
3144.69893 16.662 0.011
3146.66051 16.942 0.017
3151.65858 16.777 0.017
3152.66395 16.652 0.011
3153.66633 16.741 0.013
3154.74755 16.994 0.016
3156.65791 16.653 0.011
3158.69432 17.365 0.032
3162.71136 16.914 0.013
3163.67748 16.837 0.012
3163.90158 16.774 0.014
3164.64001 16.669 0.011
3166.70326 16.798 0.015
3167.85627 16.805 0.014
3168.65946 16.706 0.011
3169.62998 16.655 0.010
3169.92325 16.727 0.016
3170.86325 16.847 0.012
3171.65746 16.949 0.011
3172.63600 16.707 0.011
3174.62218 16.767 0.010
3175.62072 17.301 0.017
3176.65313 16.750 0.012
3178.68303 16.731 0.011
3179.71349 16.987 0.013
3180.60562 16.775 0.010
3182.66311 16.708 0.013
3183.62699 17.061 0.016
3184.59772 16.804 0.011
3185.70807 16.702 0.012
3192.74372 16.898 0.013
3193.77456 16.713 0.012
3194.69791 16.677 0.011
3195.57695 16.760 0.011
3196.65475 16.980 0.014
3196.82362 16.953 0.017
3197.64795 16.759 0.013
3199.60292 16.741 0.011
3202.65086 16.651 0.011
3203.78109 16.752 0.011
3205.58756 16.789 0.010
3206.56943 16.647 0.009
3207.57630 16.720 0.011
3210.80387 16.723 0.014
3211.56300 16.696 0.011
3212.56795 16.841 0.015
3217.56427 17.308 0.024
3218.56335 16.746 0.013
3223.55691 16.656 0.013
3224.56858 16.739 0.011
3226.52351 16.795 0.015
3229.53218 16.833 0.013
3230.57250 16.818 0.012
3239.68088 16.717 0.015
3244.66669 16.637 0.014
3246.61762 16.993 0.019
3248.57739 16.690 0.014
3250.56254 17.206 0.017
3253.50358 16.694 0.011
3255.67376 16.860 0.019
3258.59828 16.808 0.015
3262.54500 16.782 0.013
3266.55243 16.784 0.017
3268.62059 16.766 0.012
3274.51372 16.745 0.014
3278.53163 16.684 0.013
3280.58992 16.852 0.013
3287.52140 16.770 0.013
3292.50883 17.338 0.019
3308.51938 16.787 0.018
3311.52357 16.651 0.015
3432.83406 16.679 0.013
3442.79915 17.091 0.017
3444.85326 16.702 0.011
3446.88177 16.886 0.013
3448.91254 16.707 0.010
3452.79656 16.775 0.012
3454.85368 16.784 0.013
3468.81200 16.815 0.011
3470.78162 16.673 0.010
3473.81013 16.739 0.011
3475.73195 16.813 0.012
3477.81734 16.763 0.012
3479.87994 16.779 0.009
3481.69411 16.769 0.013
3483.76900 16.770 0.011
3496.87904 16.827 0.013
3497.69438 17.008 0.019
3499.91197 16.695 0.009
3500.83822 16.784 0.010
3501.72170 17.330 0.017
3502.87665 16.757 0.011
3503.79415 16.676 0.009
3504.76255 16.744 0.010
3508.68061 16.740 0.013
3509.66796 17.017 0.014
3512.74464 16.707 0.012
3520.61947 16.685 0.013
3521.78484 16.809 0.011
3522.64138 17.009 0.013
3523.67270 16.791 0.011
3524.65678 16.711 0.011
3525.83539 16.763 0.010
3526.84238 17.324 0.015
3527.85358 16.738 0.013
3528.81758 16.675 0.012
3529.90484 16.748 0.011
3530.76146 16.970 0.011
3538.77779 16.845 0.011
3541.85228 16.673 0.010
3547.67093 17.024 0.020
3550.75003 16.739 0.009
3551.69579 17.337 0.012
3552.80112 16.816 0.015
3553.65425 16.700 0.011
3554.63794 16.752 0.013
3556.61819 16.849 0.012
3558.68139 16.719 0.010
3559.76133 16.900 0.011
3560.78367 16.830 0.011
3561.69352 16.704 0.009
3562.49663 16.655 0.010
3563.55040 16.804 0.011
3564.69227 16.957 0.016
3569.79367 16.771 0.013
3573.54850 16.834 0.015
3574.60304 16.698 0.012
3575.59190 16.742 0.009
3576.64612 17.290 0.015
3577.62212 16.830 0.011
3578.57562 16.692 0.010
3579.55937 16.706 0.009
3580.54607 16.867 0.011
3581.58628 16.866 0.012
3582.53472 16.712 0.011
3583.57420 16.701 0.011
3584.56045 16.807 0.011
3585.55103 17.174 0.014
3586.61612 16.763 0.010
3587.68385 16.706 0.012
3589.58959 16.955 0.009
3590.54725 16.745 0.010
3591.62590 16.665 0.009
3593.51237 17.327 0.014
3594.62755 16.764 0.010
3601.52574 16.849 0.011
3602.54051 16.862 0.013
3603.53142 16.748 0.012
3607.54725 16.758 0.010
3608.53912 16.701 0.011
3617.54273 16.760 0.013
3620.61826 16.707 0.011
3629.60221 16.676 0.012
3632.52344 16.726 0.012
3634.58544 16.772 0.012
3640.61046 16.748 0.013
3643.53155 17.335 0.023
3651.52948 16.804 0.012
3653.55755 16.745 0.017
3774.87035 16.718 0.011
3780.85003 16.787 0.013
3815.76254 16.874 0.026
3815.77193 16.815 0.023
3815.77543 16.914 0.026
3815.78916 16.849 0.013
3815.79256 16.853 0.013
3815.81208 16.834 0.011
3815.82224 16.833 0.012
3815.83289 16.855 0.011
3815.87279 16.834 0.011
3882.93810 16.808 0.012
3890.59060 16.986 0.014
3890.62821 17.013 0.013
3890.64665 16.976 0.013
3890.66383 16.976 0.012
3890.67287 16.990 0.011
3890.68170 16.975 0.011
3890.69038 16.967 0.010
3890.70204 16.988 0.009
3890.71354 16.941 0.009
3890.72503 16.924 0.009
3894.66020 17.321 0.022
3894.69263 17.379 0.021
3894.72170 17.345 0.017
3894.76284 17.351 0.019
3894.80501 17.344 0.020
3894.84295 17.292 0.022
3894.87559 17.183 0.018
3896.57015 16.660 0.017
3896.63636 16.664 0.012
3896.70823 16.674 0.010
3896.75228 16.675 0.011
3900.55180 16.691 0.013
3900.76762 16.695 0.011
3901.56202 16.749 0.013
3901.79403 16.763 0.011
4154.87829 16.760 0.011
4157.84649 17.018 0.014
4159.86532 16.690 0.013
4162.81174 16.816 0.015
4164.85245 16.709 0.011
4166.86832 16.893 0.019
4168.90432 16.712 0.013
4174.79036 17.019 0.017
4176.78336 16.725 0.012
4177.83292 16.785 0.012
4178.87987 17.340 0.019
4180.76334 16.731 0.015
4181.86237 16.746 0.011
4182.91458 16.995 0.013
4184.79726 16.717 0.011
4185.91819 16.752 0.014
4190.80840 16.858 0.015
4191.90852 16.868 0.015
4192.82713 16.741 0.014
4193.83806 16.689 0.011
4194.85967 16.807 0.013
4196.84813 16.758 0.013
4202.82943 16.769 0.011
4203.81759 17.332 0.017
4204.81303 16.802 0.013
4205.80810 16.720 0.011
4207.81019 16.965 0.013
4208.83371 16.843 0.013
4213.80890 16.746 0.011
4215.81516 16.837 0.013
4216.77288 16.956 0.015
4217.78073 16.743 0.010
4218.83568 16.726 0.015
4219.86282 16.811 0.014
4220.80002 17.360 0.020
4222.76859 16.688 0.012
4224.88505 17.013 0.016
4228.76582 17.261 0.020
4229.75049 16.803 0.014
4230.73429 16.737 0.015
4231.73667 16.753 0.011
4232.74815 16.894 0.015
4234.63747 16.740 0.014
4235.70990 16.692 0.011
4238.75985 16.771 0.015
4239.71129 16.680 0.009
4240.87977 16.853 0.016
4243.77854 16.724 0.015
4244.75367 16.785 0.013
4245.74451 17.333 0.016
4246.80216 16.800 0.011
4250.82755 16.796 0.015
4256.66449 16.723 0.014
4258.67432 16.917 0.015
4267.63960 16.758 0.011
4268.80821 16.685 0.012
4269.61686 16.767 0.012
4272.66863 16.710 0.011
4273.71778 16.765 0.012
4274.51441 16.889 0.019
4275.66922 16.843 0.015
4277.62662 16.716 0.012
4278.64260 16.848 0.016
4283.58346 16.991 0.016
4284.57188 16.760 0.014
4285.57525 16.709 0.013
4289.60962 16.696 0.013
4290.63220 16.784 0.016
4291.69589 16.999 0.016
4292.55727 16.803 0.011
4293.56349 16.671 0.011
4294.55643 16.717 0.011
4295.57828 17.119 0.016
4296.56520 16.829 0.012
4297.62678 16.717 0.011
4298.60324 16.727 0.012
4299.57360 16.874 0.012
4300.47209 16.931 0.017
4301.65234 16.701 0.011
4302.63464 16.713 0.011
4303.75369 16.826 0.016
4304.59947 17.067 0.021
4306.60036 16.666 0.017
4310.70113 16.705 0.016
4312.59515 17.320 0.017
4315.60544 16.791 0.014
4316.62652 17.005 0.016
4317.52493 16.820 0.013
4319.58796 16.738 0.012
4320.68096 17.195 0.019
4326.48977 16.768 0.013
4326.60387 16.728 0.012
4327.62853 16.710 0.015
4328.57076 16.815 0.011
4329.56376 17.391 0.023
4330.60569 16.772 0.013
4331.57038 16.707 0.013
4332.49358 16.735 0.011
4332.54364 16.775 0.011
4332.58161 16.777 0.013
4332.61301 16.803 0.013
4332.63696 16.807 0.013
4332.65818 16.789 0.014
4332.67661 16.815 0.015
4332.70609 16.813 0.016
4332.72175 16.836 0.016
4332.73462 16.841 0.016
4333.57105 17.002 0.016
4334.57003 16.741 0.018
4338.60150 16.795 0.015
4339.57058 16.689 0.011
4340.66770 16.756 0.014
4341.57261 16.899 0.017
4342.60890 16.829 0.014
4343.58814 16.708 0.012
4344.63331 16.742 0.013
4345.58797 16.856 0.015
4346.59003 16.858 0.015
4347.60392 16.755 0.015
4349.57581 16.867 0.013
4350.48171 16.976 0.020
4350.52996 16.984 0.015
4350.55972 16.957 0.014
4350.59378 16.944 0.015
4350.63761 16.917 0.015
4351.57788 16.725 0.014
4353.59774 16.804 0.015
4354.61726 17.365 0.025
4355.63020 16.793 0.015
4356.58186 16.715 0.013
4358.60438 17.020 0.017
4359.62348 16.803 0.018
4361.62415 16.812 0.019
4362.61129 17.286 0.036
4368.57315 16.744 0.017
4371.58918 16.896 0.017
4373.57969 16.703 0.012
4378.56168 16.790 0.016
4381.56491 16.711 0.015
4396.57438 17.082 0.022
4506.85294 16.703 0.014
4512.86720 16.970 0.012
4514.88548 16.730 0.013
4518.86974 16.718 0.015
4521.84004 17.362 0.022
4524.84938 16.804 0.015
4530.83742 16.820 0.011
4533.87322 16.967 0.015
4535.89589 16.706 0.013
4537.82554 16.835 0.013
4539.76879 16.774 0.016
4540.89595 16.720 0.010
4541.89320 16.845 0.011
4542.85660 16.948 0.013
4543.88268 16.750 0.011
4544.88029 16.685 0.009
4545.80490 16.792 0.012
4546.85803 17.330 0.019
4547.87422 16.768 0.011
4550.87396 17.011 0.014
4551.85568 16.817 0.015
4552.86031 16.747 0.019
4556.82822 16.718 0.011
4557.85456 16.720 0.012
4558.85099 16.899 0.012
4559.81865 16.894 0.011
4560.81895 16.717 0.010
4561.80785 16.699 0.009
4564.81217 16.764 0.010
4565.80109 16.692 0.009
4566.80314 16.815 0.010
4567.80351 17.004 0.013
4568.82589 16.780 0.011
4569.81974 16.680 0.011
4570.81040 16.774 0.012
4571.79412 17.314 0.016
4572.83201 16.815 0.012
4573.80768 16.685 0.012
4574.80984 16.761 0.013
4575.81862 17.054 0.015
4578.86124 16.769 0.015
4583.67148 16.845 0.018
4585.88284 16.692 0.011
4586.68131 16.709 0.015
4587.81133 16.826 0.014
4588.79433 17.236 0.015
4589.63649 16.777 0.014
4590.74462 16.669 0.012
4591.62881 16.779 0.015
4592.73776 17.000 0.014
4593.72299 16.768 0.012
4594.75156 16.693 0.011
4595.73930 16.776 0.012
4596.72849 17.355 0.017
4597.75973 16.805 0.012
4598.72914 16.710 0.010
4599.70490 16.732 0.011
4600.71401 16.937 0.011
4601.71867 16.843 0.011
4602.71278 16.702 0.010
4603.93623 16.755 0.013
4606.72662 16.716 0.011
4610.82045 16.732 0.014
4611.70035 16.699 0.011
4611.88685 16.683 0.011
4612.72054 16.804 0.012
4615.87698 16.666 0.015
4616.68235 16.759 0.011
4617.79129 16.992 0.017
4618.72313 16.814 0.013
4622.66443 16.845 0.013
4623.74427 16.679 0.014
4624.67972 16.716 0.012
4625.66480 16.901 0.015
4626.71486 16.858 0.017
4627.63794 16.707 0.010
4628.63822 16.706 0.013
4629.70340 16.848 0.013
4630.64024 17.107 0.015
4631.66179 16.737 0.011
4632.65961 16.680 0.012
4633.71870 16.816 0.012
4639.76413 16.799 0.015
4640.66414 16.707 0.011
4641.82069 16.806 0.017
4642.66257 17.061 0.015
4643.62855 16.822 0.013
4644.69564 16.707 0.012
4645.61821 16.740 0.011
4646.59887 16.893 0.011
4647.60924 16.836 0.011
4649.60341 16.713 0.011
4650.63170 16.865 0.014
4651.64666 16.913 0.013
4652.57575 16.772 0.012
4653.56970 16.709 0.013
4654.60883 16.807 0.012
4655.57312 17.353 0.020
4656.57142 16.772 0.011
4658.73351 16.830 0.017
4660.68301 16.806 0.014
4661.56563 16.709 0.011
4665.72737 16.671 0.014
4666.63283 16.754 0.013
4670.69757 16.745 0.015
4671.62230 16.852 0.012
4672.58189 16.846 0.012
4674.58835 16.725 0.013
4677.56085 16.763 0.011
4681.57624 16.797 0.013
4682.59372 16.693 0.011
4683.59072 16.789 0.015
4684.60872 17.043 0.015
4685.57641 16.803 0.013
4686.69318 16.699 0.015
4688.56730 17.214 0.018
4694.64510 16.756 0.019
4697.57105 17.002 0.015
4698.59730 16.739 0.013
4700.59235 16.859 0.015
4701.57522 17.064 0.021
4702.59015 16.764 0.014
4703.65746 16.729 0.015
4708.59095 16.777 0.015
4710.62613 16.841 0.013
4716.66289 16.786 0.015
4720.60838 16.757 0.016
4721.57727 16.839 0.018
4724.58931 16.722 0.016
4726.56855 17.111 0.023
4731.61809 16.812 0.015
4738.49399 16.841 0.015
4740.59820 16.761 0.015
4748.56293 16.775 0.016
4754.53845 16.756 0.017
4755.51675 17.351 0.022
4759.50712 16.921 0.017
4875.84614 16.739 0.013
4878.87638 16.705 0.011
4885.85815 16.904 0.013
4887.89646 16.717 0.011
4891.90205 16.693 0.012
4897.88425 17.341 0.018
4900.90200 16.763 0.011
4903.82680 16.701 0.011
4904.88502 16.755 0.013
4906.87651 16.851 0.012
4910.88305 16.886 0.013
4912.86957 16.709 0.009
4914.85095 17.221 0.015
4921.75911 16.791 0.012
4925.78453 16.748 0.010
4927.83836 16.835 0.013
4929.80708 16.729 0.011
4930.84043 16.863 0.014
4931.78428 16.888 0.013
4932.73949 16.793 0.013
4933.78780 16.705 0.011
4938.76283 16.810 0.013
4939.78815 17.356 0.018
4941.74225 16.707 0.012
4942.78305 16.794 0.011
4943.77094 17.034 0.013
4945.86324 16.691 0.011
4950.78822 16.760 0.012
4952.81518 16.858 0.013
4953.77981 16.740 0.011
4954.74163 16.716 0.011
4954.76818 16.716 0.011
4955.73748 16.827 0.013
