2127.65593 16.941 0.015
2130.65446 16.985 0.011
2133.67132 16.953 0.015
2134.52970 16.985 0.011
2137.62673 17.180 0.013
2142.61265 16.948 0.010
2166.51406 16.931 0.012
2172.59292 16.991 0.013
2180.56303 16.909 0.011
2190.57196 16.998 0.011
2216.53763 16.924 0.013
2347.85923 17.018 0.012
2349.85402 16.927 0.011
2358.84776 17.042 0.012
2377.84330 16.954 0.012
2391.88741 16.939 0.013
2416.90238 17.040 0.015
2435.91951 17.018 0.015
2448.86735 17.007 0.018
2464.83303 16.948 0.011
2814.88670 16.986 0.013
