2124.51209 15.638 0.007
2128.54081 15.593 0.005
2131.53617 15.613 0.006
2135.50730 15.655 0.005
2138.53725 15.626 0.006
2142.51232 15.610 0.006
2171.62523 15.592 0.006
2345.86110 15.612 0.006
2356.85426 15.619 0.006
2369.90112 15.649 0.006
2379.80169 15.603 0.006
2385.80930 15.628 0.006
2389.81240 15.614 0.006
2396.85734 15.634 0.006
2401.90156 15.628 0.006
2403.92899 15.598 0.006
2405.92755 15.609 0.006
2411.70382 15.629 0.005
2426.63711 15.600 0.006
2432.62781 15.615 0.006
2434.87487 15.637 0.006
2436.86978 15.606 0.006
2438.87952 15.609 0.005
2439.78874 15.591 0.006
2443.75087 15.648 0.006
2445.87971 15.652 0.007
2453.69350 15.600 0.006
2458.67239 15.602 0.005
2462.55127 15.595 0.005
2463.75173 15.625 0.005
2464.58798 15.606 0.006
2465.55441 15.619 0.006
2466.52349 15.648 0.006
2467.55164 15.594 0.006
2468.66474 15.645 0.005
2469.81690 15.605 0.006
2471.50722 15.634 0.006
2473.75678 15.642 0.006
2484.53185 15.614 0.006
2489.65426 15.603 0.005
2492.60700 15.605 0.006
2494.65442 15.595 0.006
2496.71612 15.621 0.006
2499.49104 15.650 0.006
2501.52333 15.632 0.006
2516.55957 15.606 0.006
2519.55795 15.598 0.006
2524.60286 15.614 0.006
2528.54851 15.618 0.006
2539.55167 15.624 0.006
2545.51400 15.635 0.006
2554.50558 15.643 0.007
2560.55495 15.597 0.007
2711.83217 15.654 0.005
2725.91299 15.632 0.006
2731.85197 15.607 0.006
2747.91044 15.626 0.007
2758.88927 15.635 0.007
2764.89817 15.604 0.006
2769.71606 15.652 0.006
2783.68835 15.641 0.006
2785.62538 15.617 0.006
2787.68249 15.599 0.006
2789.89245 15.595 0.006
2791.87144 15.619 0.006
2793.93474 15.644 0.007
2796.92636 15.640 0.006
2797.82714 15.604 0.004
2809.62547 15.594 0.006
2811.60908 15.637 0.006
2813.55205 15.643 0.007
2815.56198 15.601 0.006
2817.60199 15.603 0.007
2819.71013 15.619 0.006
2821.76696 15.665 0.006
2830.55258 15.650 0.007
2834.63048 15.601 0.008
2836.58364 15.622 0.006
2838.59630 15.653 0.006
2840.61141 15.624 0.005
2842.50827 15.602 0.006
2844.56671 15.640 0.006
2847.62332 15.603 0.007
2851.48648 15.600 0.006
2853.49162 15.607 0.006
2855.58797 15.631 0.007
2857.67351 15.638 0.006
2861.53601 15.608 0.007
2864.60379 15.588 0.007
2867.53841 15.605 0.006
2870.59703 15.619 0.006
2876.51460 15.632 0.006
2882.54296 15.637 0.005
2885.59442 15.627 0.007
2888.65835 15.600 0.007
2894.51377 15.606 0.006
2908.52110 15.602 0.007
2923.56689 15.660 0.007
2934.55035 15.659 0.007
3054.89270 15.599 0.006
3060.83625 15.594 0.006
3066.83388 15.602 0.006
3068.89142 15.593 0.005
3072.81054 15.641 0.006
3076.79385 15.621 0.007
3077.90005 15.606 0.007
3081.85659 15.637 0.006
3084.82296 15.629 0.005
3086.88646 15.651 0.006
3088.87489 15.621 0.005
3090.78719 15.608 0.005
3097.90305 15.639 0.005
3099.81453 15.604 0.006
3101.89223 15.601 0.006
3103.85163 15.649 0.007
3107.84056 15.612 0.005
3108.92489 15.649 0.006
3114.88433 15.610 0.005
3116.78998 15.625 0.006
3124.86781 15.647 0.007
3126.74848 15.597 0.005
3128.62726 15.654 0.006
3130.81756 15.649 0.007
3135.77312 15.633 0.005
3138.78176 15.638 0.005
3140.74989 15.599 0.005
3141.81300 15.648 0.006
3142.88586 15.602 0.006
3144.90766 15.615 0.006
3147.75224 15.638 0.006
3151.87981 15.619 0.006
3152.87703 15.645 0.006
3153.88437 15.607 0.006
3156.93642 15.602 0.006
3162.89356 15.629 0.006
3163.89070 15.643 0.006
3164.86821 15.594 0.006
3165.65014 15.600 0.005
3167.73301 15.599 0.006
3168.80636 15.645 0.005
3169.79283 15.639 0.006
3171.59392 15.608 0.005
3173.77457 15.616 0.006
3174.83048 15.649 0.005
3175.89368 15.603 0.006
3178.56235 15.619 0.006
3179.84190 15.636 0.006
3180.84912 15.606 0.005
3184.48550 15.619 0.006
3185.54825 15.627 0.006
3193.67480 15.635 0.006
3194.47981 15.656 0.007
3195.72953 15.611 0.005
3196.76633 15.658 0.006
3197.72572 15.604 0.005
3201.80730 15.661 0.005
3202.74936 15.624 0.006
3203.79843 15.609 0.005
3205.66054 15.634 0.005
3206.67696 15.599 0.005
3210.68389 15.650 0.005
3211.73408 15.602 0.006
3218.72037 15.657 0.007
3224.60945 15.642 0.005
3229.68326 15.647 0.005
3231.72593 15.647 0.007
3239.57958 15.598 0.005
3240.58801 15.641 0.006
3247.56150 15.603 0.006
3249.68805 15.619 0.007
3251.58336 15.645 0.005
3254.66637 15.650 0.006
3257.60059 15.643 0.005
3261.53935 15.590 0.005
3265.61468 15.661 0.006
3270.52299 15.618 0.007
3273.55594 15.641 0.007
3277.50652 15.613 0.007
3280.50754 15.611 0.006
3283.52420 15.596 0.005
3289.57735 15.631 0.005
3779.85222 15.640 0.006
