2127.65593 17.465 0.021
2130.65446 17.423 0.016
2133.67132 17.414 0.021
2134.52970 17.419 0.016
2137.62673 17.241 0.014
2142.61265 17.476 0.015
2166.51406 17.312 0.016
2172.59292 17.465 0.018
2180.56303 17.231 0.013
2190.57196 17.462 0.016
2216.53763 17.282 0.017
2347.85923 17.255 0.014
2349.85402 17.308 0.014
2358.84776 17.312 0.014
2377.84330 17.284 0.016
2391.88741 17.241 0.016
2416.90238 17.433 0.020
2435.91951 17.312 0.018
2448.86735 17.259 0.020
2464.83303 17.319 0.014
2814.88670 17.327 0.015
