2125.61979 18.424 0.079
2129.69452 18.455 0.048
2132.63609 18.351 0.044
2136.54015 18.373 0.064
2141.55189 18.363 0.048
2144.64178 18.433 0.054
2160.60957 18.097 0.066
2211.50426 18.245 0.085
2347.83597 18.608 0.060
2357.86350 18.404 0.052
2372.85137 18.400 0.060
2383.82325 18.414 0.046
2388.79393 18.332 0.058
2390.82334 18.420 0.051
2397.70101 18.438 0.052
2401.83268 18.603 0.059
2403.90965 18.397 0.048
2405.89704 18.347 0.055
2414.90207 18.356 0.059
2416.85436 18.442 0.060
2424.82173 18.418 0.059
2428.85034 18.441 0.060
2434.74867 18.407 0.045
2436.79738 18.388 0.050
2438.75816 18.406 0.054
2441.73585 18.329 0.042
2445.64198 18.532 0.058
2448.66336 18.349 0.055
2455.70000 18.552 0.061
2459.62002 18.489 0.048
2463.55132 18.411 0.059
2466.65047 18.284 0.058
2468.68070 18.437 0.045
2470.66313 18.423 0.047
2472.68832 18.514 0.052
2481.56771 18.336 0.072
2484.63026 18.360 0.062
2486.72225 18.230 0.073
2490.69045 18.395 0.057
2493.65197 18.363 0.059
2495.75392 18.231 0.057
2498.51746 18.429 0.040
2500.56195 18.449 0.048
2502.57318 18.435 0.052
2508.67348 18.293 0.066
2512.61982 18.448 0.063
2517.57373 18.387 0.053
2520.58903 18.391 0.056
2528.49432 18.467 0.070
2538.50073 18.574 0.070
2542.52805 18.370 0.061
2552.50201 18.440 0.079
2556.58612 18.350 0.077
2563.50055 18.444 0.062
2575.52875 18.311 0.065
2707.86995 18.328 0.050
2714.90923 18.354 0.045
2729.84320 18.265 0.073
2733.92335 18.332 0.081
2744.92116 18.421 0.046
2753.89559 18.363 0.053
2757.80733 18.577 0.060
2761.82443 18.399 0.049
2767.79975 18.437 0.073
2775.72882 18.338 0.090
2783.83278 18.443 0.050
2785.75841 18.363 0.052
2787.60875 18.368 0.067
2789.76546 18.428 0.051
2791.72186 18.380 0.049
2794.93652 18.406 0.067
2796.83556 18.368 0.042
2797.89680 18.298 0.045
2809.72467 18.330 0.061
2811.64901 18.325 0.067
2812.72352 18.349 0.057
2813.83279 18.371 0.054
2814.75633 18.406 0.056
2816.62101 18.398 0.047
2818.59229 18.552 0.055
2820.79893 18.399 0.052
2826.76240 18.428 0.045
2835.64653 18.338 0.075
2839.71578 18.340 0.061
2841.72507 18.363 0.048
2843.65161 18.326 0.056
2845.66224 18.480 0.066
2850.53023 18.422 0.048
2852.54263 18.355 0.075
2854.54637 18.396 0.055
2856.73671 18.196 0.072
2858.68936 18.309 0.073
2862.60203 18.368 0.072
2865.70560 18.402 0.063
2868.59182 18.345 0.042
2876.58808 18.392 0.055
2879.63836 18.346 0.055
2884.66873 18.324 0.063
2892.65710 18.197 0.073
2895.63079 18.359 0.047
2900.55901 18.505 0.071
2906.51093 18.319 0.064
2911.53510 18.459 0.070
2918.55911 18.317 0.069
2930.58009 18.197 0.064
3051.88964 18.501 0.088
3064.82450 18.377 0.066
3067.89793 18.402 0.046
3070.85946 18.367 0.064
3073.81488 18.505 0.065
3075.85355 18.459 0.056
3079.89809 18.392 0.061
3082.86906 18.377 0.049
3084.91151 18.436 0.046
3086.84305 18.469 0.043
3088.80051 18.414 0.043
3089.90977 18.422 0.048
3091.83799 18.421 0.052
3096.87096 18.386 0.062
3098.85999 18.393 0.041
3100.80908 18.426 0.050
3101.92282 18.443 0.073
3103.78037 18.538 0.057
3104.90106 18.583 0.187
3108.77292 18.513 0.047
3109.80510 18.461 0.047
3110.83951 18.407 0.047
3112.79783 18.438 0.050
3113.87878 18.537 0.050
3114.78965 18.407 0.043
3115.87313 18.449 0.054
3122.91566 18.446 0.063
3125.87600 18.293 0.065
3126.90157 18.366 0.054
3127.81242 18.361 0.052
3128.82547 18.345 0.046
3130.70337 18.403 0.060
3134.82508 18.408 0.056
3135.90470 18.454 0.062
3138.70644 18.349 0.058
3139.88373 18.287 0.042
3140.88350 18.560 0.054
3142.77177 18.412 0.049
3144.79272 18.373 0.050
3146.81537 18.374 0.053
3151.75537 18.359 0.056
3151.90803 18.379 0.062
3152.75944 18.520 0.059
3153.76335 18.424 0.067
3154.82491 18.325 0.064
3156.84461 18.250 0.053
3158.91873 18.274 0.090
3162.81961 18.488 0.062
3163.63249 18.392 0.044
3163.65425 18.440 0.044
3164.74184 18.404 0.048
3165.76199 18.423 0.038
3166.90713 18.328 0.084
3167.76736 18.280 0.069
3168.75519 18.404 0.049
3169.73152 18.381 0.050
3170.80857 18.366 0.040
3171.83134 18.369 0.037
3172.75829 18.321 0.041
3174.71522 18.448 0.044
3175.72457 18.400 0.045
3177.76174 18.325 0.067
3178.78828 18.360 0.044
3179.79797 18.370 0.049
3180.72690 18.355 0.039
3182.77789 18.349 0.048
3183.74646 18.459 0.062
3184.70427 18.437 0.043
3185.75690 18.393 0.052
3193.54250 18.370 0.050
3194.60108 18.416 0.056
3195.65305 18.358 0.036
3195.80607 18.310 0.042
3196.55154 18.632 0.075
3197.51903 18.452 0.046
3199.62887 18.349 0.051
3199.65432 18.431 0.047
3199.69189 18.376 0.048
3199.74855 18.302 0.058
3201.46721 18.590 0.093
3201.52071 18.364 0.044
3201.75110 18.426 0.036
3201.81594 18.337 0.051
3202.48400 18.474 0.057
3202.57508 18.460 0.049
3202.75877 18.362 0.051
3203.47277 18.294 0.052
3203.66466 18.379 0.043
3204.55145 18.485 0.043
3204.65896 18.325 0.041
3205.47386 18.436 0.055
3205.77261 18.296 0.040
3206.52586 18.414 0.044
3206.72343 18.361 0.056
3209.55358 18.406 0.058
3210.51728 18.474 0.060
3211.58924 18.414 0.058
3217.65788 18.456 0.056
3218.65628 18.378 0.058
3219.61213 18.248 0.070
3223.65746 18.308 0.069
3224.70295 18.399 0.048
3226.62651 18.266 0.061
3228.60674 18.421 0.056
3229.63921 18.366 0.056
3230.67280 18.307 0.048
3231.57620 18.411 0.050
3232.60399 18.256 0.066
3238.62516 18.526 0.066
3239.70386 18.210 0.057
3240.68499 18.238 0.063
3241.65990 18.355 0.056
3245.55978 18.533 0.066
3246.66348 18.276 0.071
3247.62967 18.284 0.053
3249.53168 18.321 0.053
3250.66435 18.271 0.056
3253.53211 18.439 0.056
3256.64139 18.147 0.056
3267.53745 18.499 0.059
3272.59287 18.259 0.055
3275.57584 18.357 0.070
3278.60473 18.386 0.062
3282.57874 18.406 0.039
3288.55130 18.236 0.048
3293.52192 18.467 0.048
3295.53211 18.439 0.034
3305.55151 18.296 0.062
3308.52278 18.335 0.089
3309.50992 18.455 0.073
3310.52952 18.439 0.079
3311.50067 18.271 0.077
3314.49992 18.130 0.087
3409.88298 18.418 0.058
3414.87145 18.371 0.055
3421.90301 18.423 0.049
3422.87736 18.443 0.053
3426.86849 18.375 0.047
3429.85054 18.419 0.058
3432.89394 18.495 0.057
3442.89643 18.557 0.058
3445.80917 18.443 0.042
3447.85984 18.400 0.055
3449.87244 18.422 0.040
3452.89303 18.370 0.038
3455.82728 18.351 0.062
3457.86081 18.495 0.046
3459.85598 18.534 0.052
3467.88584 18.508 0.047
3469.79180 18.449 0.042
3470.80468 18.427 0.038
3472.76715 18.391 0.046
3473.78692 18.430 0.050
3474.78359 18.238 0.060
3475.80919 18.486 0.046
3477.77097 18.400 0.046
3478.71692 18.409 0.048
3478.75179 18.441 0.047
3478.80826 18.358 0.042
3478.85760 18.648 0.049
3478.88800 18.497 0.053
3479.73613 18.563 0.049
3479.76980 18.462 0.039
3479.88615 18.457 0.042
3479.93074 18.484 0.048
3480.72995 18.418 0.040
3480.90065 18.235 0.040
3481.74789 18.588 0.050
3482.72465 18.448 0.046
3496.72745 18.433 0.050
3497.79900 18.347 0.053
3498.92327 18.295 0.049
3499.87015 18.360 0.046
3500.67928 18.358 0.046
3500.69150 18.389 0.042
3500.73635 18.411 0.046
3500.80361 18.358 0.045
3500.84459 18.374 0.041
3500.87357 18.271 0.047
3500.89815 18.293 0.050
3500.92882 18.453 0.048
3501.67097 18.356 0.049
3501.80112 18.497 0.040
3502.72586 18.362 0.038
3503.69502 18.689 0.055
3504.70975 18.383 0.046
3506.75359 18.487 0.058
3508.76315 18.764 0.077
3509.73625 18.411 0.042
3510.80601 18.394 0.043
3511.84514 18.403 0.045
3512.71484 18.476 0.060
3517.69576 18.355 0.063
3520.76921 18.387 0.049
3521.72598 18.397 0.036
3522.75394 18.400 0.037
3523.75914 18.451 0.037
3524.90085 18.392 0.062
3525.75731 18.370 0.039
3526.76027 18.336 0.041
3528.68120 18.339 0.039
3529.70347 18.447 0.035
3530.61859 18.474 0.036
3537.74378 18.425 0.044
3538.61508 18.422 0.044
3539.82538 18.408 0.033
3540.65843 18.381 0.045
3544.73061 18.397 0.056
3546.85251 18.319 0.079
3547.81678 18.359 0.065
3550.64326 18.368 0.040
3551.64420 18.464 0.032
3552.67916 18.552 0.053
3553.72858 18.327 0.053
3554.66710 18.466 0.060
3555.68547 18.356 0.047
3556.68154 18.388 0.043
3558.53858 18.418 0.050
3558.83726 18.333 0.056
3559.70721 18.399 0.039
3560.60858 18.360 0.047
3561.55353 18.399 0.046
3562.59695 18.420 0.064
3563.64772 18.403 0.043
3564.58268 18.292 0.059
3571.72133 18.356 0.076
3571.76990 18.153 0.095
3573.66576 18.334 0.055
3574.69718 18.271 0.044
3575.54466 18.319 0.036
3575.78127 18.409 0.052
3576.69853 18.440 0.052
3577.59862 18.401 0.048
3578.68327 18.424 0.045
3579.62878 18.539 0.045
3580.66196 18.385 0.045
3581.68181 18.393 0.037
3582.65369 18.341 0.042
3583.64412 18.420 0.049
3583.76402 18.363 0.060
3584.65276 18.580 0.043
3584.76743 18.307 0.046
3585.64311 18.194 0.046
3585.73270 18.340 0.041
3586.72818 18.477 0.042
3587.60040 18.217 0.050
3587.66330 18.436 0.057
3587.72592 18.386 0.072
3588.55089 18.314 0.040
3588.61080 18.421 0.042
3589.48957 18.400 0.039
3589.55448 18.383 0.035
3589.68174 18.442 0.038
3589.69107 18.419 0.039
3590.46905 18.356 0.050
3590.55387 18.404 0.039
3590.63339 18.373 0.046
3590.69046 18.337 0.045
3591.48216 18.665 0.055
3591.63190 18.389 0.035
3591.68927 18.447 0.038
3592.48129 18.294 0.044
3592.54857 18.429 0.043
3592.66234 18.362 0.038
3593.47185 18.279 0.038
3593.57555 18.443 0.042
3593.75621 18.326 0.053
3594.49555 18.437 0.056
3594.57037 18.457 0.037
3594.71839 18.387 0.045
3596.64570 18.392 0.065
3599.63624 18.251 0.064
3601.66691 18.369 0.048
3602.62752 18.423 0.052
3603.46679 18.438 0.104
3603.64755 18.380 0.048
3607.64591 18.385 0.045
3608.66127 18.398 0.047
3615.58902 18.412 0.046
3618.59062 18.293 0.045
3620.55383 18.287 0.040
3622.53169 18.365 0.056
3628.61253 18.460 0.075
3630.54722 18.354 0.059
3632.59889 18.392 0.072
3634.49797 18.336 0.053
3639.55684 18.392 0.039
3641.55525 18.292 0.066
3644.51564 18.436 0.047
3648.54874 18.160 0.056
3650.59588 18.198 0.060
3654.55143 18.457 0.077
3656.53269 18.288 0.054
3658.56453 18.339 0.083
3659.55107 18.231 0.071
3660.53717 18.664 0.089
3661.51846 18.219 0.072
3661.56298 18.275 0.091
3662.49871 18.250 0.051
3662.52567 18.415 0.074
3664.53504 18.400 0.051
3665.50793 18.416 0.063
3665.54056 18.196 0.055
3666.49476 18.393 0.055
3668.49178 18.492 0.090
3669.51705 18.265 0.058
3670.50700 18.246 0.073
3672.51508 18.381 0.088
3675.51925 18.202 0.056
3776.87794 18.498 0.060
3782.86258 18.390 0.049
3784.88789 18.403 0.046
3788.85534 18.399 0.056
3790.89772 18.341 0.051
3793.86505 18.460 0.040
3795.85244 18.331 0.062
3798.81564 18.451 0.046
3799.83983 18.400 0.050
3800.83475 18.332 0.052
3801.89424 18.323 0.047
3802.85979 18.439 0.058
3803.89509 18.404 0.043
3805.81154 18.632 0.058
3806.77781 18.303 0.049
3807.79692 18.418 0.062
3808.80460 18.301 0.044
3809.88971 18.415 0.044
3810.85632 18.588 0.053
3811.84791 18.406 0.050
3812.84401 18.345 0.061
3813.83695 18.337 0.046
3814.83584 18.375 0.043
3817.86909 18.434 0.046
3818.89648 18.383 0.043
3819.81415 18.377 0.038
3820.78084 18.462 0.044
3821.78397 18.397 0.044
3822.82336 18.378 0.044
3823.78355 18.320 0.045
3824.74974 18.465 0.062
3825.81460 18.465 0.051
3826.74312 18.466 0.050
3827.81091 18.383 0.044
3828.78553 18.171 0.049
3829.76772 18.310 0.047
3830.74408 18.429 0.046
3831.92105 18.360 0.040
3832.75462 18.609 0.049
3833.76778 18.463 0.041
3833.82029 18.364 0.034
3833.88322 18.377 0.040
3834.75356 18.416 0.041
3834.92441 18.300 0.079
3835.74261 18.320 0.051
3836.77366 18.398 0.046
3837.74101 18.462 0.071
3837.91292 18.407 0.046
3838.75280 18.469 0.077
3838.92013 18.372 0.053
3839.74857 18.452 0.060
3840.71457 18.390 0.053
3840.91955 18.382 0.050
3841.75309 18.390 0.050
3841.90379 18.458 0.050
3842.85690 18.526 0.047
3845.72861 18.423 0.082
3845.91994 18.276 0.054
3846.73933 18.321 0.038
3846.93200 18.405 0.060
3847.80540 18.408 0.063
3848.76035 18.336 0.045
3849.75951 18.370 0.043
3850.70416 18.481 0.049
3850.87719 18.311 0.046
3851.71879 18.480 0.051
3851.88357 18.422 0.056
3851.92970 18.425 0.051
3852.70727 18.380 0.050
3852.87851 18.325 0.045
3853.69568 18.491 0.043
3853.86397 18.392 0.041
3853.93481 18.463 0.054
3856.68573 18.385 0.046
3856.85248 18.453 0.042
3857.92338 18.310 0.047
3858.77212 18.293 0.038
3859.81028 18.544 0.050
3860.67979 18.345 0.051
3860.91864 18.320 0.061
3861.67787 18.401 0.051
3861.78150 18.420 0.038
3862.71114 18.440 0.041
3862.87361 18.495 0.049
3863.64860 18.424 0.049
3863.86271 18.381 0.038
3864.68553 18.447 0.050
3864.87561 18.463 0.041
3864.93455 18.444 0.041
3865.69637 18.439 0.049
3865.83310 18.355 0.045
3865.90983 18.443 0.046
3866.69482 18.340 0.041
3866.83432 18.311 0.041
3866.91323 18.379 0.037
3867.63767 18.385 0.051
3867.82523 18.328 0.046
3867.89641 18.316 0.042
3868.72078 18.448 0.057
3868.87245 18.411 0.057
3869.70059 18.383 0.048
3869.88154 18.441 0.062
3872.90486 18.432 0.043
3873.65409 18.462 0.046
3873.79629 18.362 0.042
3873.86827 18.327 0.047
3873.93786 18.313 0.050
3874.75257 18.372 0.053
3875.66624 18.454 0.035
3875.82210 18.376 0.040
3875.91265 18.419 0.043
3876.64345 18.598 0.039
3877.64160 18.395 0.044
3877.79290 18.397 0.037
3877.86678 18.343 0.042
3880.61464 18.476 0.042
3880.84246 18.346 0.049
3880.92127 18.334 0.047
3881.67167 18.499 0.051
3881.88312 18.372 0.039
3882.58366 18.385 0.052
3882.75994 18.389 0.047
3882.83419 18.363 0.046
3882.90300 18.439 0.042
3883.64931 18.535 0.055
3883.84986 18.437 0.039
3886.61143 18.419 0.052
3886.80422 18.477 0.043
3886.87606 18.367 0.051
3887.58474 18.493 0.055
3887.78738 18.522 0.045
3887.88691 18.411 0.050
3888.60082 18.297 0.047
3889.66721 18.384 0.039
3889.94543 18.388 0.051
3890.65235 18.443 0.044
3891.67684 18.354 0.045
3891.80508 18.499 0.047
3891.88707 18.405 0.049
3892.57843 18.182 0.061
3892.94721 18.429 0.062
3893.63066 18.387 0.048
3893.87534 18.313 0.061
3894.68104 18.328 0.053
3896.62168 18.288 0.071
3900.53993 18.303 0.071
3900.72634 18.392 0.042
3900.80499 18.333 0.045
3900.87362 18.407 0.049
3901.55010 18.434 0.058
3901.73144 18.365 0.050
3901.80867 18.347 0.052
3901.87761 18.459 0.069
3902.57431 18.362 0.041
3902.75226 18.352 0.044
3902.87511 18.249 0.069
3903.66391 18.521 0.050
3904.56110 18.454 0.039
3904.72408 18.380 0.043
3904.79317 18.279 0.040
3904.89531 18.420 0.052
3905.55784 18.377 0.041
3905.73454 18.413 0.039
3905.80455 18.421 0.035
3905.87311 18.361 0.044
3906.57234 18.390 0.053
3906.71297 18.466 0.046
3906.78532 18.382 0.046
3906.86843 18.242 0.058
3907.60313 18.388 0.050
3907.78535 18.314 0.074
3907.86991 18.165 0.060
3908.53925 18.371 0.050
3908.72488 18.493 0.051
3908.80494 18.430 0.045
3908.88803 18.406 0.047
3909.54110 18.386 0.051
3909.72379 18.412 0.037
3909.81427 18.361 0.040
3909.89056 18.272 0.047
3910.57754 18.403 0.043
3912.54020 18.422 0.034
3912.72756 18.478 0.038
3912.82149 18.422 0.040
3913.53172 18.364 0.035
3913.73714 18.503 0.054
3913.82606 18.444 0.039
3914.55548 18.379 0.050
3915.53320 18.478 0.052
3915.73521 18.375 0.043
3915.83342 18.205 0.053
3916.57189 18.378 0.049
3916.81583 18.415 0.047
3917.62064 18.365 0.055
3917.82640 18.394 0.055
3918.61399 18.399 0.063
3918.82410 18.338 0.066
3919.55226 18.291 0.062
3919.76088 18.354 0.034
3920.51857 18.611 0.070
3920.71466 18.353 0.048
3920.80007 18.380 0.037
3921.51475 18.435 0.051
3921.72849 18.201 0.062
3922.71843 18.255 0.058
3930.55167 18.504 0.050
3930.79626 18.228 0.074
3931.50732 18.321 0.055
3932.53491 18.357 0.049
3932.80662 18.368 0.048
3933.52129 18.459 0.046
3933.70579 18.383 0.040
3933.77776 18.402 0.043
3934.49520 18.384 0.045
3934.66524 18.355 0.041
3934.73508 18.316 0.038
3935.54509 18.386 0.052
3935.71644 18.418 0.064
3935.81397 18.445 0.058
3936.49849 18.247 0.050
3936.66399 18.364 0.044
3936.74035 18.230 0.050
3937.56274 18.282 0.063
3938.50622 18.343 0.059
3938.70127 18.365 0.051
3938.80641 18.456 0.076
3940.59091 18.451 0.048
3941.70756 18.312 0.056
3944.55881 18.441 0.047
3944.75917 18.348 0.056
3945.78710 18.361 0.060
3946.51796 18.385 0.054
3946.71017 18.300 0.055
3950.52664 18.497 0.045
3950.74171 18.326 0.055
3951.51937 18.373 0.054
3951.75068 18.217 0.063
3956.57257 18.235 0.063
3957.51100 18.355 0.055
3958.58179 18.334 0.047
3959.51457 18.354 0.053
3959.68900 18.343 0.060
3960.50381 18.343 0.040
3960.68291 18.437 0.040
3961.57514 18.225 0.055
3963.53645 18.417 0.045
3963.60637 18.421 0.047
3963.71382 18.324 0.051
3964.53156 18.411 0.040
3965.51597 18.457 0.045
3965.70725 18.322 0.040
3966.49117 18.349 0.052
3966.69286 18.353 0.046
3967.52956 18.298 0.052
3967.71832 18.547 0.058
3968.50366 18.388 0.053
3968.67360 18.307 0.056
3969.48524 18.474 0.059
3969.68594 18.368 0.048
3970.51951 18.225 0.048
3970.69301 18.343 0.042
3971.55825 18.200 0.055
3973.58445 18.421 0.048
3974.51373 18.478 0.057
3975.51662 18.348 0.043
3975.69325 18.400 0.059
3976.51116 18.418 0.043
3976.68722 18.366 0.066
3979.51342 18.495 0.109
3982.57406 18.372 0.047
3983.53170 18.239 0.064
3986.58852 18.362 0.061
3987.51087 18.404 0.057
3988.52377 18.389 0.040
3989.53438 18.316 0.048
3990.55118 18.319 0.048
3991.50697 18.315 0.061
3993.55864 18.358 0.052
3994.56934 18.289 0.054
3995.57693 18.514 0.049
3999.61428 18.377 0.051
4002.50368 18.260 0.051
4003.49789 18.422 0.047
4004.53199 18.398 0.045
4006.52495 18.460 0.053
4012.50486 18.493 0.069
4016.52049 18.309 0.060
4018.55866 18.199 0.055
4020.54349 18.084 0.045
4023.54383 18.466 0.078
4025.56321 18.516 0.063
4028.50263 18.599 0.081
4031.50274 18.443 0.072
4038.50809 18.253 0.070
4041.50711 18.441 0.083
4043.51486 18.323 0.084
4141.88253 18.505 0.064
4151.86370 18.417 0.062
4153.88564 18.439 0.054
4156.86404 18.407 0.071
4158.88364 18.360 0.058
4161.85158 18.570 0.080
4163.83446 18.409 0.055
4165.81587 18.337 0.081
4168.81305 18.486 0.061
4170.80499 18.409 0.100
4175.79563 18.449 0.063
4176.90697 18.449 0.049
4178.81071 18.342 0.050
4179.85500 18.412 0.045
4181.79144 18.441 0.064
4182.83638 18.416 0.046
4183.87253 18.428 0.055
4184.91317 18.406 0.046
4189.85583 18.440 0.057
4191.81764 18.310 0.076
4193.74780 18.317 0.082
4194.79339 18.423 0.059
4196.78345 18.373 0.063
4202.76499 18.437 0.048
4203.75300 18.447 0.047
4204.74526 18.430 0.055
4204.92756 18.380 0.056
4205.74180 18.500 0.053
4207.73126 18.369 0.051
4208.75336 18.425 0.047
4211.79753 18.352 0.061
4212.87469 18.284 0.062
4213.71789 18.368 0.054
4213.92147 18.403 0.043
4215.75057 18.376 0.059
4216.70836 18.396 0.058
4217.71581 18.392 0.044
4217.92528 18.398 0.043
4218.76543 18.178 0.062
4219.76635 18.310 0.071
4220.71108 18.462 0.061
4222.67982 18.441 0.076
4222.92458 18.444 0.053
4224.79053 18.429 0.052
4224.80204 18.424 0.051
4224.82484 18.393 0.067
4224.84518 18.347 0.066
4224.86690 18.414 0.074
4224.87624 17.741 0.035
4224.87907 18.484 0.066
4224.88198 18.385 0.059
4224.89350 18.406 0.055
4224.90463 18.372 0.070
4224.91573 18.290 0.061
4224.92582 18.361 0.061
4224.92877 18.341 0.063
4224.93165 18.342 0.071
4224.93464 18.410 0.079
4224.93731 18.382 0.083
4227.84608 18.449 0.053
4227.85365 18.311 0.053
4227.85748 18.439 0.064
4227.87452 18.308 0.054
4227.88697 18.420 0.066
4227.91069 18.472 0.062
4227.92031 18.290 0.058
4227.92898 18.501 0.077
4228.62646 18.274 0.084
4228.63472 18.447 0.085
4228.68594 18.360 0.058
4228.71727 18.439 0.052
4228.75741 18.404 0.056
4228.79369 18.426 0.053
4228.83544 18.457 0.073
4228.88015 18.406 0.070
4228.90557 18.232 0.064
4228.91952 18.242 0.070
4228.93093 18.393 0.070
4228.93383 18.353 0.064
4229.63499 18.331 0.069
4229.67962 18.424 0.071
4229.74178 18.386 0.054
4229.80924 18.443 0.052
4229.87657 18.366 0.055
4229.92715 18.410 0.051
4230.63240 18.293 0.070
4230.68932 18.385 0.050
4230.76230 18.414 0.040
4230.87737 18.375 0.062
4230.92849 18.360 0.078
4231.61575 18.413 0.061
4231.63166 18.511 0.057
4231.77588 18.316 0.047
4231.90008 18.295 0.061
4232.61690 18.462 0.078
4232.68373 18.390 0.077
4232.84474 18.285 0.077
4232.93389 18.376 0.075
4233.71743 18.340 0.074
4233.81901 18.313 0.058
4233.92541 18.350 0.073
4234.61098 18.434 0.076
4234.71719 18.409 0.057
4234.93152 18.433 0.067
4235.61953 18.430 0.069
4235.64519 18.465 0.057
4235.80644 18.359 0.043
4235.89887 18.390 0.051
4237.61072 18.333 0.074
4238.61573 18.203 0.072
4238.63114 18.279 0.070
4238.68155 18.344 0.066
4238.81931 18.495 0.062
4238.88354 18.347 0.076
4239.63789 18.385 0.069
4240.68525 18.329 0.059
4240.82533 18.444 0.057
4243.65106 18.371 0.061
4243.74377 18.423 0.057
4243.83752 18.390 0.053
4244.62339 18.357 0.065
4244.71965 18.392 0.052
4244.81246 18.429 0.054
4245.61649 18.406 0.056
4245.71041 18.388 0.049
4245.80622 18.360 0.051
4246.67478 18.581 0.060
4246.76766 18.338 0.052
4246.86099 18.321 0.050
4247.69003 18.440 0.063
4250.73818 18.435 0.058
4251.80976 18.193 0.077
4256.62587 18.321 0.075
4256.77191 18.431 0.070
4257.65753 18.249 0.067
4258.64076 18.368 0.069
4258.76325 18.312 0.050
4258.85737 18.371 0.064
4267.60137 18.458 0.056
4268.56459 18.441 0.070
4268.84745 18.360 0.057
4269.58377 18.385 0.051
4269.70432 18.391 0.052
4269.81308 18.530 0.046
4270.57732 18.366 0.066
4272.60568 18.465 0.048
4272.75483 18.395 0.050
4272.81404 18.342 0.050
4272.88563 18.548 0.076
4273.62279 18.324 0.065
4273.80343 18.505 0.072
4273.86459 18.471 0.097
4274.55545 18.422 0.076
4274.70919 18.417 0.061
4274.77032 18.391 0.057
4274.82873 18.132 0.051
4275.60788 18.375 0.059
4275.78325 18.354 0.061
4275.84433 18.298 0.072
4276.59266 18.445 0.073
4277.53647 18.304 0.080
4277.71337 18.398 0.056
4277.77206 18.212 0.064
4277.83310 18.245 0.076
4278.58134 18.317 0.071
4278.75750 18.414 0.073
4283.51589 18.347 0.064
4283.73620 18.280 0.058
4284.51082 18.412 0.065
4284.70140 18.338 0.053
4284.76374 18.384 0.052
4284.82858 18.286 0.060
4285.51393 18.395 0.074
4285.70668 18.359 0.060
4285.76847 18.373 0.053
4285.83380 18.197 0.058
4286.51362 18.472 0.067
4286.81855 18.221 0.073
4289.52143 18.440 0.063
4289.73997 18.388 0.061
4289.80508 18.370 0.055
4290.56772 18.424 0.074
4291.63034 18.384 0.046
4292.49600 18.453 0.047
4292.67518 18.432 0.049
4292.73378 18.412 0.044
4292.79229 18.411 0.053
4293.49631 18.467 0.059
4293.72094 18.307 0.044
4293.77973 18.365 0.049
4294.49549 18.399 0.054
4295.50260 18.307 0.055
4295.70065 18.492 0.048
4295.75924 18.381 0.047
4296.49965 18.359 0.060
4296.69618 18.473 0.050
4297.51920 18.393 0.062
4297.72083 18.508 0.047
4298.55408 18.415 0.056
4298.65980 18.400 0.058
4298.76568 18.297 0.061
4299.53709 18.433 0.045
4299.63056 18.376 0.047
4299.72230 18.433 0.049
4300.53278 18.491 0.058
4300.65284 18.364 0.049
4300.74837 18.406 0.051
4301.52366 18.385 0.046
4301.61939 18.400 0.052
4301.72092 18.456 0.048
4301.81079 18.423 0.054
4302.59663 18.393 0.053
4302.69681 18.337 0.054
4303.68264 18.279 0.064
4304.55675 18.499 0.078
4304.67489 18.330 0.074
4306.64074 18.460 0.072
4306.69645 18.413 0.063
4310.61994 18.385 0.072
4312.55219 18.346 0.061
4312.75064 18.331 0.058
4315.64319 18.261 0.067
4316.71636 18.414 0.063
4317.56446 18.403 0.047
4319.52171 18.359 0.061
4319.77654 18.288 0.062
4320.54851 18.462 0.054
4326.51577 18.426 0.049
4326.71293 18.298 0.060
4327.59458 18.335 0.066
4328.52138 18.327 0.059
4328.69941 18.369 0.060
4329.53094 18.446 0.070
4329.67883 18.307 0.059
4330.50224 18.486 0.060
4330.69553 18.389 0.057
4331.48238 18.381 0.066
4331.69125 18.220 0.062
4332.51217 18.356 0.045
4333.53326 18.376 0.062
4333.69438 18.348 0.070
4334.50664 18.424 0.121
4334.63487 18.288 0.108
4338.50649 18.433 0.069
4339.48382 18.391 0.063
4339.70026 18.403 0.065
4340.60410 18.386 0.057
4341.50712 18.305 0.074
4342.53631 18.341 0.054
4343.51515 18.442 0.044
4344.54338 18.229 0.067
4345.50857 18.411 0.045
4346.52128 18.377 0.056
4347.53599 18.294 0.052
4349.49762 18.397 0.058
4350.54427 18.338 0.047
4351.51016 18.384 0.051
4352.56068 18.376 0.077
4353.51404 18.395 0.050
4354.54276 18.371 0.047
4355.54571 18.341 0.051
4356.51077 18.405 0.057
4357.53985 18.376 0.080
4358.50289 18.399 0.071
4359.54041 18.346 0.055
4360.56978 18.312 0.065
4361.57320 18.196 0.067
4362.51496 18.384 0.067
4365.56579 18.314 0.076
4367.49905 18.319 0.055
4368.53545 18.213 0.062
4370.49951 18.335 0.056
4371.53794 18.370 0.050
4372.52367 18.384 0.046
4373.50986 18.348 0.065
4376.57458 18.224 0.073
4377.61179 18.222 0.067
4378.52237 18.267 0.054
4379.53740 18.283 0.070
4380.54890 18.353 0.055
4381.52760 18.216 0.066
4382.57014 18.115 0.065
4383.56068 18.375 0.062
4384.53486 18.348 0.071
4388.49799 18.273 0.072
4393.53468 18.404 0.059
4394.55002 18.233 0.056
4395.52146 18.407 0.074
4396.51345 18.237 0.073
4397.53776 18.308 0.058
4398.54267 18.291 0.062
4399.53538 18.451 0.088
4400.53744 18.143 0.074
4402.55386 18.106 0.067
4403.55293 18.206 0.067
4408.54369 18.130 0.066
4507.86818 18.403 0.071
4510.86450 18.404 0.059
4513.86562 18.452 0.050
4517.86475 18.327 0.083
4519.88571 18.366 0.048
4522.87963 18.488 0.069
4524.81545 18.423 0.065
4530.82308 18.397 0.042
4533.85894 18.373 0.061
4535.84170 18.328 0.064
4536.89938 18.436 0.054
4537.88501 18.392 0.042
4538.82012 18.400 0.055
4539.85817 18.521 0.058
4540.80438 18.557 0.055
4541.79708 18.470 0.047
4542.79177 18.345 0.061
4543.78731 18.373 0.050
4544.78420 18.449 0.069
4545.79051 18.395 0.055
4546.79763 18.377 0.052
4547.79160 18.446 0.052
4548.80256 18.405 0.063
4550.74561 18.328 0.060
4551.76880 18.430 0.055
4552.76478 18.406 0.097
4556.76088 18.434 0.053
4557.77809 18.316 0.052
4558.75503 18.418 0.047
4559.75295 18.377 0.048
4560.75308 18.331 0.043
4561.74314 18.594 0.059
4564.73329 18.461 0.053
4565.73137 18.410 0.040
4565.92227 18.388 0.040
4566.73085 18.464 0.050
4567.72389 18.425 0.046
4568.73243 18.341 0.049
4569.74153 18.451 0.062
4570.73215 18.472 0.062
4571.72682 18.384 0.064
4571.91537 18.524 0.051
4572.75431 18.352 0.045
4573.74269 18.384 0.056
4573.90905 18.370 0.041
4574.74508 18.362 0.055
4575.75416 18.357 0.049
4576.76067 18.454 0.052
4577.84238 18.413 0.062
4578.79340 18.389 0.073
4579.87032 18.370 0.075
4583.73713 18.575 0.062
4583.92992 18.374 0.053
4585.76084 18.280 0.067
4586.78604 18.262 0.065
4587.77378 18.434 0.063
4587.93231 18.278 0.063
4588.69625 18.530 0.070
4588.92710 18.395 0.051
4589.67916 18.452 0.058
4589.83455 18.434 0.057
4589.89658 18.291 0.053
4590.70193 18.383 0.050
4590.90659 18.400 0.050
4591.71043 18.384 0.050
4591.83587 18.388 0.050
4591.90243 18.357 0.048
4592.66906 18.493 0.064
4592.85831 18.392 0.057
4592.93667 18.449 0.067
4593.65819 18.487 0.058
4593.86790 18.392 0.047
4594.67921 18.446 0.058
4594.87425 18.432 0.053
4595.66872 18.347 0.052
4595.86316 18.374 0.050
4595.92500 18.392 0.054
4596.66395 18.388 0.059
4597.68837 18.383 0.051
4597.87989 18.402 0.053
4598.66466 18.425 0.041
4598.93338 18.413 0.057
4599.63716 18.324 0.057
4599.92771 18.340 0.061
4600.64641 18.416 0.043
4600.85513 18.341 0.043
4601.65198 18.453 0.048
4601.86823 18.379 0.041
4601.93009 18.441 0.053
4602.64461 18.437 0.047
4602.85403 18.412 0.042
4603.88713 18.590 0.059
4606.64588 18.479 0.057
4606.90096 18.353 0.057
4610.74205 18.393 0.049
4611.63136 18.290 0.054
4611.82221 18.442 0.049
4612.65274 18.378 0.050
4612.68400 18.431 0.052
4615.79448 18.494 0.062
4616.60350 18.312 0.056
4616.82002 18.302 0.051
4616.88998 18.397 0.057
4617.67523 18.450 0.053
4618.61526 18.387 0.055
4621.91663 18.392 0.043
4622.81368 18.344 0.053
4622.92925 18.131 0.067
4623.64823 18.209 0.057
4623.87279 18.292 0.060
4624.59278 18.333 0.069
4624.81690 18.412 0.054
4624.88327 18.408 0.057
4625.60687 18.400 0.073
4625.79722 18.384 0.059
4625.91464 18.263 0.060
4626.60536 18.377 0.063
4626.86586 18.274 0.052
4627.56583 18.545 0.065
4627.85512 18.404 0.044
4627.92238 18.349 0.049
4628.55309 18.346 0.053
4628.75937 18.282 0.050
4628.82481 18.352 0.054
4628.89472 18.295 0.052
4629.63051 18.416 0.045
4629.83313 18.414 0.050
4629.91115 18.335 0.058
4630.56646 18.428 0.058
4630.77227 18.415 0.046
4630.85565 18.360 0.053
4630.91842 18.394 0.063
4631.56784 18.431 0.043
4631.78357 18.425 0.044
4631.87027 18.278 0.050
4632.57163 18.684 0.066
4632.85838 18.375 0.052
4633.57160 18.445 0.053
4633.60406 18.361 0.046
4633.68311 18.416 0.045
4633.79886 18.395 0.053
4633.81655 18.456 0.051
4633.82604 18.352 0.048
4633.88732 18.290 0.062
4638.70762 18.360 0.059
4638.75667 18.310 0.055
4638.86687 18.334 0.069
4639.53524 18.440 0.058
4639.57919 18.428 0.062
4639.67699 18.433 0.048
4640.59870 18.424 0.052
4640.73086 18.401 0.046
4640.83590 18.299 0.069
4641.67270 18.396 0.049
4641.78265 18.370 0.055
4642.59663 18.429 0.051
4642.75915 18.484 0.057
4642.83422 18.243 0.052
4643.55439 18.465 0.065
4644.60177 18.438 0.069
4644.86349 18.381 0.053
4645.52485 18.389 0.074
4645.77331 18.396 0.054
4645.84802 18.297 0.064
4646.52286 18.417 0.050
4646.85525 18.330 0.055
4647.51925 18.179 0.054
4647.74229 18.466 0.067
4647.85331 18.517 0.079
4648.50239 18.249 0.051
4648.71887 18.392 0.056
4648.81991 18.406 0.061
4649.52851 18.486 0.072
4649.80734 18.212 0.048
4649.86359 18.363 0.061
4650.51447 18.322 0.062
4650.77839 18.273 0.049
4650.87211 18.387 0.063
4651.51784 18.228 0.073
4651.81296 18.380 0.063
4652.50887 18.369 0.056
4652.72200 18.393 0.047
4652.79687 18.386 0.053
4652.84661 18.523 0.086
4653.50521 18.270 0.069
4653.72438 18.322 0.050
4653.78961 18.311 0.073
4654.54402 18.618 0.066
4654.75549 18.375 0.052
4654.83706 18.260 0.071
4655.50509 18.400 0.067
4655.72955 18.424 0.046
4655.79134 18.347 0.057
4656.50700 18.430 0.045
4656.69679 18.433 0.056
4656.81601 18.293 0.055
4657.73315 18.285 0.063
4658.66550 18.374 0.051
4659.60482 18.407 0.079
4660.61782 18.348 0.057
4661.49505 18.432 0.069
4661.69573 18.362 0.064
4661.75723 18.401 0.071
4661.82445 18.347 0.065
4665.66253 18.437 0.074
4666.56798 18.419 0.055
4666.71103 18.438 0.064
4666.75322 18.383 0.065
4670.65266 18.370 0.055
4671.58820 18.378 0.045
4672.51369 18.390 0.040
4672.70613 18.356 0.049
4672.72842 18.353 0.053
4674.51678 18.477 0.069
4674.70989 18.460 0.057
4675.68463 18.345 0.049
4677.49339 18.342 0.046
4677.63979 18.340 0.053
4678.69678 18.281 0.044
4679.49902 18.055 0.059
4679.63577 18.168 0.058
4681.53480 18.550 0.064
4681.63479 18.295 0.052
4681.76702 18.301 0.050
4682.50580 18.413 0.051
4682.66313 18.190 0.041
4682.75832 18.340 0.047
4683.52431 18.299 0.063
4683.71125 18.287 0.057
4684.51682 18.388 0.050
4684.73055 18.367 0.047
4685.50183 18.227 0.057
4685.73679 18.272 0.049
4686.50554 18.449 0.053
4687.48930 18.343 0.053
4687.74484 18.242 0.061
4688.50224 18.437 0.060
4688.69207 18.365 0.051
4688.75386 18.319 0.058
4693.55003 18.378 0.067
4694.54507 18.309 0.077
4697.50573 18.411 0.053
4698.51122 18.430 0.046
4699.50738 18.387 0.053
4700.51366 18.375 0.047
4701.50895 18.374 0.053
4702.50748 18.406 0.057
4703.57800 18.384 0.049
4704.64773 18.253 0.050
4705.51109 18.404 0.049
4707.64146 18.422 0.049
4708.54436 18.555 0.078
4709.52046 18.259 0.064
4710.55006 18.373 0.049
4715.58940 18.388 0.066
4716.59182 18.485 0.093
4720.55897 18.334 0.055
4721.49143 18.413 0.082
4722.60381 18.346 0.058
4724.51288 18.338 0.062
4725.49167 18.379 0.070
4726.55259 18.213 0.073
4728.59773 18.253 0.063
4729.55322 18.286 0.073
4730.57189 18.262 0.048
4731.57649 18.215 0.056
4733.52815 18.361 0.055
4734.55751 18.363 0.062
4737.54843 18.377 0.059
4740.55896 18.469 0.071
4741.56664 18.374 0.054
4743.57228 18.236 0.055
4753.55244 18.436 0.070
4756.53130 18.210 0.066
4758.51414 18.236 0.067
4868.88455 18.525 0.072
4870.85555 18.448 0.071
4873.85726 18.555 0.069
4874.85174 18.441 0.067
4877.85157 18.414 0.050
4884.85910 18.451 0.050
4887.83120 18.362 0.045
4890.88717 18.378 0.044
4896.87541 18.407 0.046
4899.84634 18.394 0.050
4900.88774 18.616 0.054
4901.88614 18.337 0.043
4902.88483 18.362 0.041
4904.80896 18.379 0.049
4905.91295 18.669 0.090
4910.81490 18.417 0.053
4911.78546 18.330 0.037
4912.78241 18.479 0.041
4914.79944 18.461 0.050
4917.76047 18.577 0.050
4920.74039 18.392 0.043
4924.78141 18.381 0.045
4925.82136 18.337 0.041
4925.90842 18.471 0.040
4925.91983 18.397 0.049
4927.72109 18.250 0.059
4927.87553 18.489 0.072
4928.73755 18.296 0.052
4929.79382 18.433 0.049
4930.70831 18.435 0.056
4930.82726 18.272 0.053
4931.72315 18.381 0.064
4931.86880 18.326 0.051
4932.72618 18.389 0.052
4932.82687 18.411 0.042
4933.77452 18.410 0.067
4934.77294 18.437 0.084
4934.87774 18.394 0.073
4938.68351 18.371 0.055
4938.88815 18.337 0.052
4939.70243 18.525 0.072
4940.70242 18.381 0.053
4941.68119 18.530 0.057
4941.77917 18.350 0.048
4942.71898 18.432 0.048
4943.67301 18.430 0.046
4943.81250 18.335 0.045
4944.66980 18.454 0.052
4944.70803 18.508 0.050
4944.82528 18.522 0.052
4945.71828 18.412 0.046
4945.77474 18.441 0.043
4946.66793 18.545 0.054
4947.66163 18.474 0.046
4947.85986 18.424 0.049
4948.84217 18.338 0.039
4950.66985 18.384 0.047
4951.65030 18.395 0.054
4952.64856 18.445 0.053
4953.64219 18.451 0.053
4953.81674 18.386 0.046
4954.64373 18.436 0.060
4954.83660 18.606 0.056
4955.64442 18.345 0.061
4955.77778 18.298 0.049
