2125.61380 18.314 0.049
2129.68870 18.378 0.024
2132.63009 18.268 0.023
2136.53431 18.598 0.047
2141.54536 18.575 0.028
2144.63573 18.308 0.025
2160.60373 18.322 0.032
2187.60060 18.339 0.043
2206.56896 18.329 0.064
2347.82942 18.252 0.026
2357.85632 18.395 0.025
2372.84479 18.421 0.028
2386.88825 18.532 0.034
2391.85445 18.618 0.046
2397.74512 18.274 0.024
2401.82496 18.524 0.032
2403.90260 18.377 0.028
2405.88995 18.352 0.031
2415.88317 18.313 0.037
2424.81445 18.600 0.037
2428.84318 18.404 0.028
2432.85739 18.514 0.048
2434.72836 18.340 0.025
2436.78893 18.555 0.032
2438.75171 18.443 0.028
2441.72849 18.322 0.021
2445.63010 18.466 0.028
2448.64442 18.394 0.034
2455.69270 18.365 0.024
2459.61296 18.517 0.030
2466.69887 18.363 0.029
2468.64105 18.311 0.020
2470.64803 18.250 0.025
2472.67821 18.296 0.023
2484.62397 18.322 0.031
2486.71601 18.660 0.050
2490.68257 18.384 0.031
2493.64582 18.284 0.028
2495.71602 18.538 0.030
2498.51144 18.478 0.024
2500.54470 18.447 0.030
2502.56724 18.382 0.029
2508.66766 18.465 0.039
2512.61373 18.368 0.034
2517.60992 18.364 0.027
2520.58282 18.250 0.025
2526.67157 18.491 0.028
2538.49475 18.475 0.039
2547.59222 18.342 0.042
2552.49523 18.386 0.038
2556.58012 18.487 0.043
2563.58313 18.372 0.056
2574.55225 18.425 0.043
2707.86295 18.424 0.030
2714.90263 18.599 0.029
2729.83684 18.373 0.029
2733.91609 18.343 0.032
2744.91423 18.356 0.023
2753.88950 18.388 0.031
2757.78682 18.395 0.029
2760.93404 18.317 0.040
2767.79148 18.451 0.037
2770.82919 18.512 0.040
2783.72366 18.321 0.023
2785.82749 18.460 0.036
2786.82053 18.459 0.038
2790.68224 18.315 0.023
2796.82930 18.386 0.025
2797.92952 18.531 0.029
2810.89223 18.530 0.039
2812.71555 18.399 0.035
2813.80688 18.394 0.029
2814.74664 18.518 0.032
2816.60345 18.506 0.027
2818.58615 18.587 0.029
2820.79052 18.362 0.027
2826.75607 18.403 0.028
2837.63654 18.302 0.046
2841.71531 18.518 0.032
2843.64136 18.310 0.031
2845.65602 18.437 0.032
2850.52418 18.551 0.031
2852.53640 18.504 0.045
2854.53696 18.534 0.039
2856.72583 18.381 0.044
2858.68324 18.549 0.032
2859.60381 18.330 0.046
2863.57034 18.444 0.035
2865.67248 18.455 0.034
2867.71630 18.446 0.031
2878.67114 18.642 0.036
2884.65436 18.527 0.037
2892.69023 18.352 0.050
2895.66432 18.445 0.029
2904.59715 18.351 0.042
2909.62647 18.544 0.034
2918.54398 18.309 0.036
2930.57242 18.542 0.052
3060.83267 18.358 0.038
3066.83025 18.299 0.024
3068.88775 18.534 0.027
3072.80691 18.326 0.029
3076.79021 18.277 0.043
3077.89633 18.478 0.063
3081.85294 18.493 0.028
3084.81932 18.380 0.025
3086.88273 18.616 0.031
3088.87119 18.492 0.024
3090.78354 18.295 0.021
3097.89897 18.405 0.024
3099.81086 18.384 0.029
3101.88806 18.395 0.028
3103.84783 18.565 0.031
3104.83226 18.481 0.061
3107.83680 18.568 0.033
3108.92112 18.282 0.027
3114.88034 18.396 0.029
3116.78638 18.415 0.031
3124.86401 18.385 0.039
3126.74495 18.325 0.022
3128.62379 18.445 0.041
3130.81363 18.605 0.044
3131.76027 18.370 0.040
3135.76952 18.382 0.022
3138.77805 18.467 0.027
3140.74644 18.309 0.024
3141.80922 18.571 0.029
3142.88240 18.269 0.028
3144.90422 18.284 0.030
3147.74866 18.349 0.035
3151.87642 18.272 0.028
3152.87366 18.361 0.032
3153.88102 18.306 0.036
3156.93306 18.389 0.035
3158.93370 18.533 0.055
3162.89030 18.319 0.030
3163.88750 18.378 0.033
3164.86497 18.350 0.028
3165.64704 18.344 0.020
3167.72942 18.471 0.034
3168.80322 18.362 0.024
3169.78562 18.444 0.035
3171.59093 18.385 0.028
3173.77152 18.435 0.030
3174.82737 18.368 0.025
3175.89057 18.396 0.033
3178.55943 18.491 0.041
3179.83890 18.348 0.030
3180.84613 18.289 0.023
3182.90344 18.487 0.039
3183.87412 18.406 0.042
3184.48268 18.433 0.043
3185.54544 18.310 0.030
3193.67169 18.281 0.041
3194.47711 18.336 0.053
3195.72666 18.505 0.024
3196.76351 18.450 0.027
3197.72295 18.588 0.032
3201.80453 18.325 0.023
3202.74663 18.430 0.028
3203.79569 18.317 0.020
3205.65783 18.342 0.019
3206.67438 18.403 0.023
3210.68126 18.600 0.030
3211.73145 18.441 0.031
3218.71780 18.402 0.041
3224.60692 18.333 0.023
3229.68082 18.503 0.025
3231.72346 18.426 0.043
3239.57720 18.323 0.021
3240.58564 18.293 0.026
3245.69946 18.416 0.042
3247.55918 18.204 0.032
3249.68570 18.384 0.035
3251.58104 18.286 0.023
3254.66407 18.362 0.032
3257.59829 18.394 0.024
3261.53710 18.288 0.025
3265.61237 18.505 0.030
3267.64977 18.384 0.032
3272.49907 18.318 0.028
3276.57950 18.463 0.045
3279.58821 18.440 0.038
3283.52204 18.373 0.026
3289.57500 18.468 0.036
3778.89044 18.571 0.044
