2125.68152 19.787 0.222
2129.73370 19.154 0.085
2132.67671 19.280 0.100
2136.58012 19.236 0.125
2141.59525 19.245 0.096
2144.67826 19.253 0.098
2160.63467 20.005 0.271
2170.57558 19.747 0.190
2211.53924 19.217 0.162
2333.87605 19.275 0.108
2344.83737 19.295 0.097
2355.88819 19.554 0.104
2364.87982 19.439 0.140
2372.89161 19.417 0.110
2391.92168 19.957 0.255
2405.82891 19.874 0.175
2464.74919 19.615 0.114
2708.88385 19.228 0.088
2850.61644 19.368 0.088
2858.74397 19.381 0.140
2859.69352 19.487 0.211
3059.83315 19.392 0.131
3064.85005 19.329 0.132
3068.80382 19.460 0.168
3070.88248 19.683 0.158
3073.83855 19.241 0.095
3075.87668 19.307 0.109
3080.78087 19.518 0.136
3082.91253 19.137 0.079
3085.83914 19.443 0.101
3086.91376 19.851 0.149
3088.83172 19.108 0.059
3090.74483 19.755 0.129
3096.90004 19.164 0.104
3099.79574 19.311 0.111
3101.78137 19.230 0.121
3103.80493 19.135 0.083
3104.86362 19.232 0.244
3106.87686 19.242 0.107
3108.79734 19.361 0.082
3109.85626 19.583 0.105
3110.86267 19.445 0.102
3112.84800 19.541 0.099
3114.81259 19.321 0.082
3116.90070 19.336 0.109
3122.93857 19.772 0.353
3123.79113 19.395 0.084
3125.90310 19.373 0.147
3127.84733 19.722 0.164
3128.84922 19.453 0.130
3130.72970 19.678 0.150
3131.69619 19.005 0.096
3135.92783 19.830 0.168
3138.68209 19.416 0.123
3139.90807 19.886 0.168
3140.91148 19.369 0.113
3142.79593 19.721 0.129
3144.81592 19.479 0.094
3146.85266 19.439 0.119
3151.78801 20.146 0.237
3151.93654 19.927 0.284
3152.79215 19.246 0.097
3153.78833 20.031 0.295
3154.87263 20.065 0.258
3156.89215 19.465 0.130
3162.60201 19.732 0.207
3163.78297 19.348 0.101
3164.76522 19.757 0.122
3164.89822 19.078 0.114
3165.73877 19.193 0.072
3168.88395 20.169 0.237
3169.75206 19.231 0.097
3170.60494 19.035 0.065
3170.83994 19.321 0.081
3171.80818 19.847 0.119
3171.88842 19.257 0.094
3171.91708 19.286 0.108
3172.56556 19.191 0.093
3172.77914 19.227 0.093
3173.88013 19.390 0.172
3174.84034 19.687 0.132
3175.74772 20.160 0.180
3177.78818 19.649 0.204
3178.74162 19.243 0.101
3179.53290 19.625 0.138
3179.91217 19.625 0.188
3180.75393 19.420 0.086
3182.81461 19.420 0.105
3183.76956 19.384 0.120
3184.73067 19.699 0.115
3185.73412 19.359 0.104
3193.56555 19.423 0.108
3194.57720 19.471 0.164
3195.70874 19.378 0.089
3195.82926 19.275 0.099
3196.63016 19.951 0.163
3197.55493 19.795 0.165
3199.66014 19.428 0.098
3202.54640 19.323 0.090
3203.69149 19.571 0.108
3204.68241 19.173 0.076
3204.77858 19.557 0.139
3204.81703 19.696 0.244
3204.83610 19.212 0.147
3205.54125 19.388 0.089
3206.74659 19.919 0.196
3209.66658 19.449 0.121
3210.51436 20.450 0.298
3210.66666 19.691 0.131
3211.63711 19.406 0.101
3217.68132 19.395 0.155
3217.76542 19.259 0.138
3218.67966 19.653 0.202
3219.64551 19.583 0.179
3223.68087 19.933 0.241
3224.72888 19.645 0.164
3226.65626 19.310 0.141
3228.63013 19.377 0.118
3229.66264 19.438 0.107
3230.69610 19.704 0.178
3231.60009 20.032 0.183
3232.63656 19.665 0.197
3238.64838 19.604 0.195
3240.50053 19.323 0.100
3245.58443 19.305 0.141
3246.69012 19.328 0.179
3247.60925 19.724 0.187
3249.55677 19.538 0.151
3250.68773 20.114 0.317
3256.66701 19.535 0.169
3260.57679 19.959 0.193
3265.50717 19.714 0.194
3267.56083 19.383 0.106
3272.61879 19.550 0.144
3275.55370 20.200 0.326
3279.54971 19.615 0.161
3282.50819 19.297 0.105
3288.57456 19.322 0.094
3293.54516 20.991 0.370
3295.55366 19.396 0.076
3300.53893 19.321 0.136
3305.51895 19.990 0.286
3315.50775 19.453 0.204
3417.88347 19.669 0.116
3423.84606 20.003 0.220
3426.89153 19.774 0.154
3429.87651 19.880 0.200
3436.83594 19.195 0.121
3443.79116 19.865 0.154
3445.83241 19.260 0.081
3447.88271 19.215 0.092
3449.89964 19.635 0.114
3452.91682 19.208 0.090
3453.78864 19.102 0.116
3455.85926 19.344 0.151
3456.87033 19.325 0.085
3457.78798 19.248 0.095
3458.83159 19.389 0.100
3459.80618 19.604 0.140
3467.90895 19.449 0.088
3469.81856 19.118 0.063
3470.85881 19.361 0.079
3472.79000 19.703 0.126
3473.88502 19.929 0.204
3474.85739 19.325 0.098
3475.92116 19.292 0.073
3477.79390 19.458 0.107
3480.86020 19.362 0.115
3481.86420 19.268 0.070
3483.80448 19.696 0.125
3496.75838 20.173 0.228
3497.82735 19.857 0.177
3499.75478 19.171 0.090
3500.75936 19.698 0.135
3501.87827 19.722 0.130
3502.70789 19.616 0.110
3503.71851 19.364 0.087
3504.73594 19.529 0.130
3506.83786 20.168 0.239
3508.81506 19.931 0.194
3509.71817 19.940 0.135
3511.70484 20.263 0.268
3512.77379 19.641 0.145
3517.81426 19.538 0.141
3520.84944 19.274 0.089
3521.66865 19.516 0.117
3522.77881 19.358 0.095
3523.81352 19.671 0.112
3524.80119 19.548 0.122
3525.78087 19.675 0.124
3526.86623 19.509 0.109
3528.58484 19.240 0.088
3530.81026 19.750 0.106
3537.77807 19.299 0.082
3538.70755 19.739 0.130
3540.68150 19.310 0.088
3544.76527 19.378 0.119
3546.88250 19.733 0.234
3547.83989 19.191 0.108
3550.66637 19.475 0.090
3551.67139 19.288 0.059
3552.70317 19.394 0.089
3553.70585 20.403 0.324
3554.70144 19.204 0.103
3555.73213 19.463 0.113
3556.75282 19.703 0.147
3558.58863 19.513 0.121
3559.68450 19.402 0.095
3560.63763 18.985 0.054
3561.57490 19.316 0.090
3561.84503 19.375 0.100
3562.62210 19.355 0.102
3562.84492 19.497 0.139
3563.66854 19.328 0.082
3564.56207 19.431 0.126
3569.62079 19.578 0.197
3573.69246 19.795 0.176
3573.72672 19.378 0.121
3574.72042 19.232 0.083
3575.65931 19.759 0.115
3576.72172 19.852 0.181
3577.77008 19.274 0.089
3578.70670 19.574 0.098
3579.65200 20.009 0.160
3580.68854 20.091 0.204
3581.70495 19.383 0.081
3582.63074 19.396 0.090
3583.66735 19.401 0.096
3584.67610 19.568 0.102
3585.67414 19.199 0.065
3586.70555 19.279 0.072
3588.75660 19.453 0.130
3589.49647 19.395 0.088
3589.55798 19.475 0.078
3589.69434 19.780 0.112
3589.71794 19.895 0.147
3590.47280 19.568 0.119
3590.55743 19.321 0.081
3590.63658 19.582 0.101
3590.71408 19.191 0.088
3592.68683 19.360 0.082
3601.69038 19.313 0.111
3602.69055 20.182 0.261
3603.67072 19.375 0.116
3607.66921 19.365 0.097
3608.68518 19.157 0.081
3615.61245 19.407 0.096
3618.61597 19.644 0.133
3620.57920 19.239 0.072
3628.58122 19.424 0.130
3630.59528 19.673 0.177
3634.52612 19.724 0.127
3639.53318 19.325 0.076
3641.57872 19.791 0.185
3644.54348 19.198 0.088
3649.53287 20.430 0.267
3651.58495 19.310 0.129
3654.57005 19.941 0.333
3655.55013 19.335 0.100
3657.54333 19.313 0.129
3659.54511 19.420 0.196
3662.54959 19.671 0.225
3665.52010 19.647 0.173
3672.53408 19.876 0.309
3674.49303 19.352 0.250
3674.50261 19.481 0.161
3777.85469 19.168 0.105
3782.89072 19.350 0.100
3785.85229 19.323 0.098
3787.86443 19.705 0.129
3791.83879 20.281 0.339
3793.88303 19.340 0.093
3795.86723 19.329 0.115
3796.89971 19.752 0.138
3798.83055 19.432 0.102
3799.88045 19.305 0.165
3801.83969 19.393 0.105
3802.87408 19.541 0.112
3804.78730 19.598 0.148
3805.82586 19.410 0.106
3806.82257 19.460 0.111
3807.84679 19.520 0.131
3808.85042 19.248 0.094
3809.90730 19.305 0.085
3810.90334 19.734 0.129
3811.79391 19.484 0.170
3812.87141 19.398 0.122
3813.85456 19.405 0.095
3814.85002 19.299 0.088
3818.76764 19.360 0.111
3819.83135 19.220 0.068
3820.79532 19.257 0.072
3821.79857 19.464 0.098
3822.84219 19.804 0.143
3823.80315 19.164 0.067
3824.78964 19.451 0.138
3825.82919 19.175 0.086
3826.78893 19.645 0.136
3827.82937 19.437 0.086
3828.80945 19.549 0.139
3829.72873 19.760 0.161
3830.76582 19.939 0.154
3832.76914 19.505 0.109
3833.79643 19.646 0.096
3834.76833 19.339 0.085
3835.75703 19.983 0.203
3836.71848 19.794 0.188
3837.75916 19.788 0.175
3838.76711 19.541 0.163
3838.88452 19.799 0.150
3839.76300 19.908 0.196
3840.76615 19.272 0.102
3841.72134 20.119 0.248
3841.87137 19.357 0.086
3842.71297 19.248 0.147
3846.75377 19.801 0.138
3846.88243 19.229 0.078
3847.82680 19.512 0.151
3848.77686 19.768 0.148
3848.89557 19.607 0.153
3849.77436 19.456 0.105
3850.71957 19.655 0.132
3850.89244 19.456 0.123
3851.73319 19.504 0.124
3851.89795 19.181 0.096
3852.72173 20.348 0.233
3852.84255 19.245 0.093
3852.92724 19.868 0.207
3853.71369 19.214 0.068
3853.87860 19.169 0.067
3856.70028 19.468 0.122
3856.89076 19.952 0.150
3858.73956 19.395 0.101
3859.85455 19.671 0.192
3860.69497 19.279 0.119
3861.69237 19.244 0.096
3861.79653 19.449 0.090
3861.89426 19.635 0.112
3862.67424 19.527 0.134
3862.88899 19.355 0.085
3863.68707 19.448 0.113
3863.83087 19.329 0.079
3863.90698 19.923 0.126
3864.70389 19.202 0.080
3864.89006 19.303 0.073
3865.66379 19.475 0.127
3865.79947 19.513 0.110
3865.87801 19.969 0.161
3866.70932 19.180 0.075
3866.84883 19.364 0.087
3866.93486 19.737 0.141
3867.65527 19.583 0.138
3867.84074 19.824 0.144
3867.91094 19.225 0.087
3868.66256 19.091 0.104
3868.80313 19.258 0.097
3868.88681 19.667 0.163
3869.62928 19.700 0.189
3869.82412 19.810 0.184
3869.89653 19.616 0.144
3873.69614 19.350 0.099
3873.83509 19.414 0.099
3873.90621 19.220 0.091
3874.69789 19.864 0.166
3874.86640 19.580 0.114
3875.63459 19.475 0.096
3875.78186 20.209 0.164
3875.85952 19.230 0.071
3876.65797 19.981 0.158
3877.66248 19.291 0.078
3877.81068 19.452 0.087
3877.88447 19.171 0.086
3880.64698 19.890 0.173
3880.86600 19.448 0.101
3880.93954 19.244 0.110
3881.68624 19.292 0.094
3881.82901 19.152 0.064
3882.59839 19.397 0.109
3882.80129 19.754 0.126
3882.87147 19.394 0.088
3883.66377 19.335 0.084
3883.89380 19.814 0.130
3886.62903 19.447 0.111
3886.81854 19.324 0.071
3886.89058 19.197 0.079
3886.91663 19.654 0.145
3887.59910 19.269 0.094
3887.80173 19.378 0.091
3887.82952 19.930 0.185
3887.90161 19.486 0.117
3889.68156 19.606 0.096
3891.70611 19.352 0.097
3891.82313 20.129 0.159
3891.90480 19.134 0.086
3892.61652 19.631 0.174
3893.65077 19.603 0.150
3893.89567 19.305 0.131
3894.69858 19.960 0.198
3896.64235 19.414 0.130
3900.55769 19.652 0.231
3900.74408 19.268 0.088
3900.81946 19.750 0.140
3901.57151 19.572 0.168
3901.74630 19.843 0.197
3901.82309 19.359 0.119
3901.89558 19.927 0.231
3902.59242 19.316 0.091
3902.77755 19.606 0.116
3902.89621 19.563 0.187
3903.68132 19.611 0.114
3904.57546 19.397 0.086
3904.73870 19.172 0.079
3904.80772 19.832 0.128
3904.86053 19.365 0.108
3905.57239 19.401 0.091
3905.74634 19.330 0.072
3905.81898 19.380 0.071
3905.88757 19.709 0.140
3906.51105 19.322 0.167
3906.68089 19.406 0.104
3906.75028 19.762 0.131
3906.82646 19.516 0.122
3907.61751 19.317 0.095
3907.81237 19.945 0.255
3907.88494 19.455 0.144
3908.55369 19.625 0.137
3908.74416 19.780 0.140
3908.81943 19.459 0.096
3909.55884 19.417 0.113
3909.75324 19.108 0.058
3909.83518 19.732 0.138
3910.60758 19.240 0.079
3912.55797 19.800 0.100
3912.75386 19.409 0.071
3912.84264 19.236 0.079
3913.55574 19.348 0.074
3913.75795 19.559 0.125
3913.84776 19.463 0.098
3914.57320 19.351 0.098
3915.55375 19.215 0.091
3915.75707 19.909 0.156
3915.85403 19.410 0.118
3916.60158 19.426 0.143
3916.77423 19.199 0.102
3917.64159 19.665 0.157
3917.84450 19.259 0.134
3918.63508 19.589 0.124
3918.84475 20.056 0.229
3919.56994 19.909 0.240
3919.81437 19.442 0.118
3920.53953 19.152 0.075
3920.73584 19.261 0.111
3920.81459 19.876 0.129
3921.53257 20.170 0.228
3921.74303 20.382 0.366
3922.73948 20.026 0.268
3930.58710 19.518 0.119
3930.81087 19.456 0.148
3931.53818 19.382 0.108
3931.66158 19.434 0.107
3932.55005 19.832 0.196
3933.53902 19.255 0.078
3933.72035 19.426 0.112
3933.79590 19.901 0.168
3934.50975 19.887 0.161
3934.63314 19.414 0.096
3934.70355 19.823 0.138
3934.77262 19.193 0.073
3935.55962 19.486 0.113
3935.73094 19.906 0.215
3935.78267 19.967 0.200
3936.51321 20.023 0.218
3936.67854 19.627 0.142
3936.75607 19.415 0.105
3937.58128 19.965 0.215
3938.52072 19.318 0.116
3938.72238 19.532 0.123
3938.77157 19.861 0.184
3940.62375 19.912 0.118
3941.66593 19.373 0.118
3944.57725 19.649 0.100
3945.52607 19.615 0.133
3945.71416 19.687 0.130
3946.53637 19.331 0.113
3946.72579 19.513 0.106
3950.54439 19.967 0.135
3950.76391 19.663 0.147
3951.54067 19.375 0.115
3956.58704 19.182 0.122
3957.52794 19.516 0.167
3958.60070 19.534 0.127
3959.54064 20.447 0.278
3959.70499 19.759 0.200
3960.51863 19.155 0.072
3960.69852 19.190 0.073
3960.71854 19.196 0.079
3960.74386 19.429 0.147
3961.52075 19.787 0.204
3961.59368 19.394 0.137
3961.66857 19.277 0.142
3963.48026 19.831 0.183
3963.65481 19.470 0.110
3963.68687 19.880 0.169
3963.72814 19.812 0.206
3964.55032 19.492 0.096
3965.53647 19.576 0.094
3965.72959 19.499 0.110
3966.53155 19.417 0.095
3966.71334 19.661 0.146
3967.55526 19.191 0.126
3968.51808 19.355 0.115
3968.68958 19.782 0.170
3969.52197 19.384 0.127
3969.70056 19.388 0.119
3970.53384 20.170 0.248
3970.71370 19.737 0.142
3971.57363 19.888 0.213
3973.59873 20.044 0.173
3974.52856 20.328 0.301
3975.53106 19.536 0.105
3976.52582 19.429 0.099
3979.53562 19.765 0.248
3982.60278 20.305 0.267
3986.60278 19.854 0.185
3987.52521 19.603 0.147
3988.53803 19.780 0.144
3989.59973 19.632 0.168
3990.64200 19.400 0.133
3994.49472 20.282 0.303
3995.59232 19.724 0.130
3999.62989 19.338 0.113
4000.53692 19.682 0.155
4001.52668 20.244 0.256
4002.52333 19.303 0.096
4004.54630 19.214 0.105
4005.54901 19.302 0.111
4006.54360 19.753 0.128
4012.51936 20.014 0.278
4016.56128 19.410 0.173
4018.57387 19.211 0.117
4021.55781 20.245 0.301
4023.57799 19.393 0.183
4026.50107 19.314 0.106
4028.51713 20.075 0.246
4031.51720 19.258 0.117
4038.52238 19.665 0.181
4041.52152 19.655 0.207
4142.87248 19.696 0.232
4151.87765 19.286 0.118
4153.89958 19.866 0.222
4156.87811 19.387 0.135
4159.81215 19.428 0.130
4161.86562 19.978 0.224
4163.88157 19.409 0.103
4165.83844 19.474 0.171
4168.83596 19.479 0.149
4170.83545 19.806 0.169
4175.86789 19.499 0.125
4177.77180 19.478 0.127
4178.82913 19.576 0.118
4179.86900 20.397 0.227
4181.80541 19.581 0.127
4182.85400 19.205 0.070
4183.88648 19.375 0.098
4185.76295 19.190 0.102
4191.77348 19.902 0.225
4193.78456 19.562 0.161
4194.80740 19.677 0.143
4196.79741 20.367 0.282
4202.77905 19.386 0.084
4203.76681 19.449 0.096
4204.75916 19.919 0.176
4205.75738 19.509 0.110
4205.90880 19.289 0.096
4207.74864 19.366 0.105
4208.70258 20.109 0.252
4211.81391 19.318 0.113
4212.84346 19.993 0.259
4213.75153 19.683 0.145
4215.76455 19.330 0.128
4216.72243 19.245 0.086
4216.93635 19.690 0.271
4217.72991 19.340 0.088
4217.89123 19.693 0.106
4219.78695 19.465 0.133
4220.72585 19.543 0.136
4222.69459 19.310 0.140
4224.80766 19.187 0.092
4227.87058 19.905 0.223
4227.89714 19.272 0.099
4227.91610 19.376 0.127
4227.92578 19.491 0.147
4228.63798 19.607 0.240
4228.70003 19.575 0.136
4228.72018 19.340 0.113
4228.76006 19.304 0.110
4228.79633 19.271 0.100
4228.83808 19.734 0.179
4228.84587 19.825 0.213
4228.88278 19.591 0.194
4229.64184 19.981 0.303
4229.69361 19.284 0.123
4229.74471 19.499 0.143
4229.81189 19.377 0.113
4229.89052 19.414 0.107
4229.92981 19.688 0.175
4230.63538 20.019 0.287
4230.64179 19.656 0.147
4230.82980 19.511 0.123
4230.89147 19.638 0.172
4231.66577 19.107 0.092
4231.71683 19.736 0.153
4231.87189 19.387 0.119
4232.61986 19.707 0.225
4232.77853 19.296 0.114
4232.91611 19.315 0.125
4233.84628 19.345 0.117
4234.77656 19.464 0.113
4234.89616 19.380 0.147
4235.69019 19.701 0.127
4235.74765 19.311 0.094
4235.85122 19.411 0.109
4235.91334 19.646 0.148
4237.61670 19.506 0.172
4238.68809 19.443 0.116
4238.89755 19.779 0.222
4239.65990 19.769 0.135
4240.69960 19.301 0.092
4240.85325 19.171 0.098
4243.66526 19.770 0.188
4243.75868 19.187 0.105
4243.85154 19.706 0.181
4244.63745 19.309 0.125
4244.73384 19.831 0.139
4244.82642 19.270 0.092
4245.63050 19.839 0.159
4245.72483 19.299 0.093
4245.82029 19.908 0.164
4245.87080 19.741 0.191
4246.68924 19.964 0.175
4246.78231 19.281 0.101
4246.87500 20.094 0.231
4247.70424 19.286 0.096
4250.75232 19.459 0.121
4250.94222 19.012 0.092
4256.64007 19.460 0.185
4256.79019 20.384 0.408
4257.67166 19.894 0.170
4258.65532 19.250 0.123
4258.77812 19.840 0.158
4258.87077 19.185 0.120
4267.61500 19.476 0.136
4268.63626 19.743 0.145
4268.86198 19.965 0.232
4269.59720 19.663 0.125
4269.74748 19.903 0.197
4270.53192 19.422 0.142
4272.57842 19.344 0.102
4272.72830 19.218 0.082
4272.78692 19.771 0.135
4272.85830 19.632 0.171
4273.63878 19.398 0.130
4273.81692 19.409 0.136
4273.87812 20.011 0.302
4274.56985 19.328 0.147
4274.72276 19.362 0.127
4274.78369 19.663 0.147
4274.84319 19.824 0.240
4275.62139 19.148 0.089
4275.79669 19.353 0.155
4275.85778 20.118 0.393
4276.60613 20.546 0.399
4277.54984 19.452 0.152
4277.72693 19.378 0.112
4277.78557 19.318 0.151
4278.59481 20.062 0.292
4278.77111 19.579 0.223
4283.53238 19.276 0.115
4284.52419 19.740 0.189
4284.67378 19.601 0.181
4284.73392 19.619 0.123
4284.79596 19.285 0.130
4284.86093 19.790 0.265
4285.52736 19.444 0.150
4285.72091 19.164 0.103
4285.78217 19.745 0.160
4285.84738 19.569 0.170
4286.52712 19.924 0.248
4286.83530 19.469 0.200
4289.53802 19.826 0.204
4289.75691 20.593 0.442
4289.82175 19.728 0.187
4290.58430 19.534 0.167
4291.60395 19.427 0.102
4292.50954 19.370 0.091
4292.68856 19.293 0.086
4292.74735 19.240 0.083
4292.81037 19.656 0.147
4293.51031 19.698 0.134
4293.69446 19.851 0.155
4293.75321 19.551 0.111
4293.79348 19.415 0.127
4293.83099 19.477 0.137
4294.50893 19.192 0.091
4295.51909 20.014 0.213
4295.71419 19.647 0.125
4295.77277 19.239 0.092
4295.83460 19.612 0.173
4296.51316 19.215 0.111
4296.71887 19.333 0.103
4296.77783 20.438 0.311
4297.53299 19.527 0.126
4297.73755 19.640 0.148
4298.56746 20.071 0.250
4298.67908 19.562 0.136
4298.81648 19.479 0.184
4299.55455 19.309 0.072
4299.64446 19.685 0.119
4299.73575 19.235 0.096
4300.55120 20.028 0.196
4300.66637 19.288 0.089
4300.78148 19.723 0.165
4301.53732 19.379 0.095
4301.63356 20.122 0.204
4301.73575 19.243 0.087
4302.61031 19.585 0.148
4302.77541 19.530 0.130
4303.69689 19.686 0.172
4304.57519 19.430 0.162
4304.70461 20.127 0.329
4306.58094 19.526 0.162
4306.71745 19.599 0.186
4310.63457 20.043 0.308
4312.52217 19.181 0.123
4312.76500 19.370 0.131
4314.77959 20.434 0.451
4315.55360 19.749 0.168
4316.58314 19.842 0.150
4317.50579 20.140 0.206
4319.54084 19.382 0.113
4319.68679 19.856 0.212
4320.60818 19.483 0.136
4326.52949 19.747 0.142
4326.73375 19.947 0.222
4327.60890 19.723 0.198
4327.74733 20.292 0.422
4328.47407 19.970 0.254
4328.71369 19.694 0.176
4329.54446 19.947 0.217
4329.69244 19.326 0.137
4330.47440 19.896 0.165
4330.71169 19.371 0.122
4331.51655 19.616 0.122
4331.70565 19.711 0.210
4332.52652 19.113 0.074
4332.73172 19.351 0.146
4333.55154 19.586 0.151
4334.52425 19.250 0.124
4334.67998 19.544 0.369
4338.52099 19.671 0.228
4338.69955 19.712 0.277
4339.51782 19.373 0.119
4340.63801 19.244 0.096
4341.52208 19.339 0.136
4342.55409 20.075 0.255
4343.53795 19.240 0.079
4344.56750 19.514 0.144
4345.52961 19.398 0.096
4346.53924 19.838 0.213
4347.55357 20.213 0.268
4349.51928 19.527 0.131
4350.57270 19.329 0.096
4351.52445 19.659 0.128
4352.58078 19.579 0.193
4353.53474 20.001 0.190
4353.54641 19.611 0.156
4354.56346 19.704 0.162
4355.57129 19.674 0.167
4356.52850 19.475 0.155
4357.49990 20.438 0.419
4358.54334 19.768 0.164
4359.51225 19.899 0.262
4360.58523 20.120 0.288
4361.52563 19.726 0.255
4365.58125 19.864 0.262
4367.53407 19.614 0.167
4368.50762 19.862 0.237
4369.58677 20.362 0.427
4370.51399 19.549 0.139
4371.48180 19.549 0.159
4372.53821 19.313 0.091
4373.52925 19.967 0.235
4377.50245 19.555 0.156
4378.53681 19.464 0.130
4379.55485 19.462 0.174
4380.49429 19.502 0.151
4381.54194 19.742 0.265
4382.50050 19.606 0.196
4383.53265 19.716 0.209
4388.56679 19.497 0.184
4393.54914 19.554 0.141
4394.52224 19.345 0.135
4395.55847 19.861 0.260
4396.52830 20.032 0.330
4397.55200 19.531 0.173
4398.55730 20.036 0.266
4399.50726 19.472 0.186
4403.50562 19.278 0.162
4409.52305 19.443 0.194
4507.88155 19.553 0.192
4511.84841 19.580 0.127
4511.86822 19.807 0.143
4513.87959 19.611 0.112
4517.87874 19.346 0.150
4519.89998 19.594 0.205
4521.81805 19.427 0.154
4523.89046 19.617 0.162
4525.83438 19.223 0.183
4530.89997 19.265 0.080
4531.83755 19.723 0.130
4534.84734 19.361 0.112
4536.79592 19.831 0.283
4537.85606 19.505 0.094
4538.88846 20.056 0.193
4539.87452 19.332 0.108
4540.81845 19.383 0.093
4541.81099 19.476 0.094
4542.80578 19.495 0.136
4543.80130 19.458 0.104
4544.79825 19.561 0.145
4545.76240 20.126 0.285
4546.76902 19.479 0.146
4547.74371 19.530 0.162
4548.83606 19.597 0.161
4548.88695 19.463 0.194
4550.76613 20.328 0.408
4551.78272 19.201 0.110
4552.73245 19.583 0.270
4556.77579 19.415 0.112
4557.79699 20.102 0.193
4558.72661 20.006 0.197
4559.76745 19.748 0.130
4560.76786 19.406 0.133
4561.75719 19.755 0.127
4564.74747 19.223 0.091
4565.74547 19.943 0.134
4566.74494 19.470 0.120
4567.74488 19.789 0.154
4568.74747 19.252 0.083
4569.76202 19.194 0.082
4570.75005 19.886 0.196
4571.74168 19.386 0.153
4572.76856 19.759 0.131
4573.75673 19.233 0.085
4574.75929 19.853 0.161
4575.76813 19.368 0.100
4576.78111 19.229 0.078
4576.90439 20.370 0.305
4577.85629 19.361 0.113
4577.91231 19.349 0.121
4578.81067 19.310 0.147
4579.88447 19.583 0.182
4583.75128 20.079 0.275
4585.78167 20.078 0.260
4586.75773 19.400 0.121
4587.79130 19.347 0.118
4588.66645 19.529 0.158
4588.89898 19.264 0.085
4589.71290 19.533 0.127
4589.86824 20.081 0.262
4589.93011 19.412 0.131
4590.72169 19.320 0.103
4590.92367 19.622 0.138
4591.66284 20.021 0.215
4591.87417 19.908 0.183
4592.68306 19.432 0.109
4592.87233 19.578 0.147
4593.67225 19.743 0.151
4593.88203 19.402 0.109
4593.92192 19.296 0.120
4594.69345 19.477 0.113
4594.88829 19.500 0.137
4595.68604 19.392 0.107
4595.87729 19.261 0.099
4596.67789 19.572 0.149
4596.93574 19.533 0.147
4597.70249 19.373 0.101
4597.89410 19.288 0.103
4598.67870 19.624 0.099
4599.65123 19.245 0.098
4599.93640 19.789 0.227
4600.66358 19.656 0.104
4600.87224 19.707 0.124
4601.66613 19.290 0.082
4601.88234 19.214 0.077
4602.65869 19.844 0.125
4602.87459 19.466 0.095
4603.87007 19.507 0.134
4606.66649 19.583 0.111
4606.91826 19.496 0.142
4610.75979 20.095 0.194
4611.64535 19.626 0.146
4611.79411 19.552 0.126
4612.66686 19.392 0.131
4615.80919 20.350 0.317
4616.62085 19.547 0.155
4616.83714 19.646 0.154
4617.69473 19.214 0.077
4618.62946 19.319 0.100
4622.64301 20.191 0.261
4622.82790 19.985 0.221
4623.68964 19.321 0.099
4623.88725 19.857 0.265
4624.60817 20.007 0.257
4624.83110 20.590 0.347
4624.90014 19.462 0.145
4625.62146 19.391 0.138
4625.84088 19.402 0.134
4625.92943 20.116 0.295
4626.64215 19.690 0.155
4627.58012 19.274 0.094
4627.86953 19.669 0.130
4628.58705 19.956 0.208
4628.77683 20.257 0.254
4628.83914 19.670 0.160
4628.91335 19.486 0.136
4629.64991 19.536 0.109
4629.85756 19.912 0.162
4630.58496 20.461 0.287
4630.80071 19.395 0.096
4630.87025 19.234 0.090
4631.61047 19.298 0.075
4631.80917 19.403 0.091
4631.88454 19.359 0.118
4632.58961 19.719 0.130
4632.87926 19.273 0.130
4633.58665 19.434 0.108
4633.69760 19.341 0.082
4633.82265 20.137 0.221
4638.77110 19.470 0.156
4639.59469 20.309 0.273
4639.69227 19.409 0.105
4640.61291 19.325 0.108
4640.74475 19.291 0.091
4641.68842 19.554 0.122
4641.80050 19.664 0.155
4642.61089 19.373 0.098
4642.77306 19.532 0.125
4642.85220 19.616 0.185
4643.57013 19.856 0.181
4644.61861 20.317 0.318
4644.88822 19.332 0.118
4645.54902 20.575 0.439
4645.79672 19.292 0.119
4645.86222 20.021 0.292
4646.54403 19.250 0.084
4646.86978 19.348 0.132
4647.54035 19.772 0.175
4647.75655 19.288 0.120
4647.78074 19.262 0.120
4648.53743 19.482 0.145
4648.79129 19.933 0.209
4648.86593 19.371 0.154
4649.54763 19.740 0.182
4649.77399 19.198 0.084
4650.54878 19.533 0.127
4650.81192 19.222 0.116
4651.53221 19.371 0.134
4652.52370 19.474 0.126
4652.73789 19.715 0.148
4653.51937 19.245 0.141
4653.73857 19.281 0.101
4654.55845 20.220 0.279
4654.77301 19.516 0.151
4655.51918 19.530 0.150
4655.74377 19.321 0.094
4656.52114 20.719 0.359
4656.71100 20.015 0.198
4656.83030 19.658 0.199
4657.74954 19.792 0.225
4658.67975 20.278 0.266
4660.63205 19.498 0.133
4661.50925 19.498 0.135
4661.70995 19.521 0.155
4661.77695 19.822 0.190
4665.67684 19.559 0.168
4666.58220 19.608 0.127
4666.68312 19.703 0.175
4666.72539 19.782 0.223
4670.57324 20.389 0.381
4671.60235 19.488 0.099
4671.77446 19.432 0.167
4672.52822 19.483 0.096
4672.67840 19.432 0.103
4672.76358 20.161 0.285
4674.53402 20.228 0.280
4674.72418 19.896 0.219
4675.77336 19.582 0.175
4677.50758 19.336 0.094
4677.59153 19.789 0.150
4677.74710 20.388 0.361
4679.64638 19.395 0.126
4681.54898 19.636 0.151
4681.64901 19.307 0.106
4681.73927 20.158 0.226
4682.57356 19.229 0.099
4682.67729 19.478 0.111
4682.77243 19.470 0.126
4683.53865 20.187 0.260
4683.72726 20.727 0.426
4684.53119 19.274 0.092
4684.70261 19.390 0.109
4685.47383 19.410 0.198
4685.75134 19.620 0.161
4686.51997 19.258 0.111
4687.52327 20.750 0.446
4687.75921 19.455 0.141
4688.51660 19.547 0.130
4688.70631 19.547 0.146
4693.56428 19.352 0.111
4694.62541 19.623 0.201
4697.52004 19.319 0.113
4698.52548 19.479 0.100
4699.52365 19.348 0.090
4700.52805 19.437 0.100
4701.52333 19.587 0.139
4702.53957 19.560 0.134
4703.60704 19.449 0.130
4704.66241 19.696 0.157
4705.57021 20.084 0.296
4707.61888 19.190 0.081
4708.57074 19.894 0.187
4709.53485 19.471 0.168
4710.57555 20.454 0.334
4715.60986 20.172 0.326
4716.60751 19.711 0.198
4720.52527 19.738 0.198
4721.52553 19.801 0.243
4722.49134 20.413 0.427
4724.52805 19.429 0.157
4725.50674 19.788 0.211
4726.48748 19.299 0.159
4728.62059 20.264 0.358
4729.48828 20.657 0.464
4730.48970 19.408 0.116
4731.59665 20.195 0.311
4733.54513 19.419 0.131
4734.57447 20.034 0.232
4737.56311 20.228 0.345
4740.57599 19.760 0.208
4753.56698 19.610 0.214
4758.53274 19.961 0.220
4869.86845 19.581 0.158
4872.86084 19.636 0.221
4873.88262 19.228 0.101
4875.88245 19.440 0.131
4878.85655 20.108 0.267
4884.87321 19.169 0.094
4887.84563 19.908 0.162
4890.90114 20.098 0.216
4896.89282 19.255 0.095
4899.86057 19.364 0.105
4901.79018 19.238 0.127
4903.78586 19.364 0.122
4905.83414 20.402 0.400
4910.83213 19.532 0.138
4911.86908 19.184 0.072
4913.85881 19.196 0.079
4913.88265 19.122 0.070
4917.72919 20.242 0.229
4921.73133 19.690 0.173
4925.71815 19.341 0.111
4925.83445 19.791 0.117
4926.71127 20.299 0.300
4927.73429 19.715 0.182
4927.88896 19.425 0.132
4928.78275 19.207 0.090
4929.72939 19.391 0.134
4930.72138 19.994 0.208
4930.86923 19.703 0.161
4931.76553 20.541 0.342
4932.69966 19.800 0.177
4932.89847 19.521 0.127
4933.71552 19.493 0.157
4933.89323 19.503 0.130
4934.81416 19.722 0.162
4938.71508 19.102 0.088
4939.67593 19.893 0.207
4940.67590 19.515 0.138
4940.83883 19.579 0.161
4941.86999 20.689 0.417
4942.69240 18.924 0.074
4942.76436 20.053 0.157
4943.70476 19.770 0.126
4943.86159 19.917 0.163
4944.71618 19.597 0.113
4944.87076 19.204 0.069
4945.66136 20.135 0.279
4946.68396 19.433 0.096
4947.67478 19.573 0.104
4948.65442 19.387 0.124
4950.64517 19.401 0.116
4951.80887 19.896 0.177
4952.66487 20.172 0.200
4953.67826 19.255 0.093
4954.65696 19.716 0.152
4954.72306 19.725 0.147
4954.78361 19.416 0.095
4955.82608 19.326 0.104
