2112.80522 17.952 0.020
2113.79378 17.986 0.026
2115.76263 18.043 0.024
2128.61630 18.046 0.020
2131.71454 17.970 0.023
2134.71492 17.947 0.024
2138.59528 18.031 0.025
2143.56080 18.012 0.033
2157.49094 18.277 0.037
2162.55737 18.195 0.029
2168.58137 18.164 0.032
2173.53946 18.122 0.036
2184.54273 17.977 0.031
2195.52707 17.901 0.029
2323.88417 18.037 0.026
2326.84980 18.007 0.031
2341.85933 17.975 0.026
2350.87332 18.076 0.023
2359.83890 18.074 0.024
2370.87779 18.116 0.025
2384.72406 18.046 0.025
2390.69614 18.047 0.032
2400.72457 18.079 0.025
2402.84180 18.262 0.027
2404.88867 18.155 0.027
2410.73444 17.983 0.020
2415.65140 18.047 0.037
2417.68381 18.062 0.031
2425.61630 18.025 0.038
2431.66609 17.901 0.024
2433.64262 18.061 0.024
2435.75984 18.024 0.021
2437.64442 18.033 0.033
2439.58484 18.192 0.023
2441.59362 18.046 0.022
2444.57727 18.023 0.024
2446.59275 17.991 0.021
2452.57442 18.007 0.034
2458.54262 18.030 0.033
2462.85333 17.947 0.027
2464.49567 17.993 0.029
2466.80659 18.028 0.026
2468.52000 18.274 0.026
2470.52733 18.102 0.029
2474.67165 18.072 0.025
2482.65961 17.980 0.031
2485.66983 18.074 0.032
2489.73967 18.055 0.026
2492.68497 18.114 0.033
2497.54121 17.979 0.023
2499.57773 18.016 0.020
2501.60478 18.214 0.024
2503.55280 17.908 0.049
2511.58521 17.999 0.029
2518.53213 18.042 0.027
2521.52486 18.109 0.025
2526.55340 18.063 0.021
2529.65191 18.117 0.028
2537.51585 18.004 0.033
2540.53476 17.959 0.031
2545.57460 18.002 0.029
2550.52383 18.105 0.031
2555.48470 17.999 0.035
2560.56177 17.989 0.049
2561.49720 18.084 0.032
2562.48080 18.139 0.073
2563.49069 18.017 0.029
2566.53896 17.996 0.033
2699.89497 18.048 0.027
2711.91105 17.961 0.027
2726.90402 18.010 0.020
2732.82006 17.928 0.022
2743.81166 17.903 0.020
2748.83134 17.954 0.026
2755.81950 18.003 0.020
2756.89156 18.053 0.026
2759.81919 18.065 0.023
2765.84064 17.956 0.022
2769.88661 18.233 0.028
2782.76194 18.223 0.033
2784.75597 17.977 0.019
2786.64642 18.106 0.027
2788.74811 18.206 0.021
2790.83163 18.082 0.023
2792.64355 18.123 0.025
2792.65842 18.093 0.025
2794.66379 18.046 0.024
2796.60099 18.000 0.020
2802.62819 18.017 0.037
2808.66748 18.021 0.028
2810.59927 18.079 0.025
2812.55589 18.040 0.026
2814.57356 17.958 0.025
2815.60821 18.101 0.026
2817.63895 18.111 0.030
2821.53980 18.032 0.025
2829.79915 18.018 0.028
2834.65583 18.317 0.099
2836.53902 18.124 0.027
2838.56813 18.078 0.025
2839.80906 17.962 0.024
2841.74927 18.032 0.023
2844.47265 18.012 0.041
2848.72429 18.044 0.030
2849.47120 17.949 0.031
2849.50132 17.956 0.027
2849.51075 17.966 0.025
2849.64832 18.037 0.025
2849.70525 18.007 0.024
2850.47924 18.038 0.026
2851.57323 18.046 0.023
2853.58423 18.001 0.021
2855.63429 18.107 0.034
2857.75950 17.977 0.028
2863.72507 17.977 0.031
2866.73829 18.033 0.028
2869.59488 18.248 0.027
2871.53453 17.936 0.020
2875.67396 17.892 0.021
2878.63878 18.029 0.020
2884.52119 18.131 0.028
2886.55820 18.201 0.073
2894.56965 17.961 0.021
2897.64600 18.061 0.030
2906.60665 18.080 0.027
2910.58348 17.985 0.029
2912.58574 18.096 0.027
2922.58429 17.971 0.034
2932.57489 17.968 0.024
3045.87710 17.996 0.027
3046.87727 18.096 0.032
3056.85725 18.136 0.032
3060.82444 17.948 0.028
3066.82203 17.978 0.024
3068.87952 18.010 0.022
3072.79866 18.009 0.025
3076.78125 18.363 0.051
3077.88804 18.036 0.044
3081.84468 18.256 0.024
3084.81108 18.109 0.022
3086.87446 18.275 0.023
3088.86196 17.945 0.016
3090.77531 18.094 0.020
3097.88707 18.189 0.021
3099.80256 18.029 0.025
3101.87979 18.051 0.024
3103.83782 18.054 0.021
3104.82392 18.163 0.065
3107.82735 18.076 0.028
3108.91280 18.217 0.023
3113.91906 18.010 0.020
3114.87200 18.100 0.024
3116.77802 18.075 0.022
3124.85561 18.053 0.028
3126.73657 17.964 0.019
3128.61540 18.020 0.027
3130.80506 18.124 0.029
3131.75183 18.052 0.030
3135.76105 18.023 0.018
3138.76949 18.215 0.024
3140.73796 17.919 0.018
3141.80077 18.087 0.020
3142.87388 18.015 0.023
3144.89572 17.940 0.023
3147.72867 18.066 0.023
3151.86785 18.096 0.027
3152.86507 18.075 0.027
3153.87244 18.018 0.035
3154.94103 18.039 0.042
3156.94537 18.069 0.036
3158.92513 18.031 0.038
3162.88169 17.986 0.023
3163.87606 18.047 0.027
3164.85637 18.025 0.022
3165.63837 18.029 0.020
3167.72077 18.232 0.027
3168.79452 17.967 0.020
3169.76657 18.055 0.026
3170.92415 18.286 0.031
3171.58227 17.989 0.020
3173.69642 18.292 0.029
3174.81865 17.989 0.020
3175.88189 17.958 0.024
3178.52806 18.085 0.031
3179.83013 17.976 0.023
3180.83740 18.078 0.020
3182.89470 18.295 0.032
3183.86539 18.123 0.037
3184.47396 18.107 0.032
3185.53668 18.069 0.028
3193.66287 18.090 0.030
3194.46831 17.862 0.039
3195.71784 18.045 0.019
3196.75469 17.955 0.022
3197.71410 17.950 0.021
3201.79384 17.988 0.022
3202.73781 17.931 0.021
3203.78686 18.097 0.020
3205.64885 18.090 0.017
3206.66546 17.981 0.019
3210.67230 18.053 0.020
3211.72256 18.028 0.024
3217.76838 18.015 0.041
3218.70884 18.207 0.037
3224.59799 17.980 0.019
3229.67184 17.966 0.019
3231.71448 17.897 0.026
3239.56813 18.023 0.020
3240.57661 18.101 0.026
3245.69049 17.981 0.025
3247.55009 17.988 0.024
3249.67667 18.035 0.028
3251.57201 18.101 0.021
3254.65505 18.005 0.026
3257.58928 18.059 0.020
3261.52807 17.921 0.019
3265.60228 18.196 0.027
3267.64080 17.936 0.025
3270.51191 18.006 0.047
3273.54495 18.132 0.037
3276.57051 18.160 0.038
3279.57921 18.160 0.033
3283.51305 18.198 0.024
3289.56606 17.875 0.020
3459.91479 18.128 0.043
3778.88219 17.970 0.021
4911.83765 18.034 0.018
