2125.62800 18.862 0.126
2129.70367 18.802 0.059
2132.64521 18.947 0.069
2136.55029 18.869 0.090
2141.56105 18.872 0.065
2144.65011 18.603 0.054
2160.61881 18.928 0.081
2169.53258 18.800 0.112
2188.50814 19.052 0.122
2211.51254 18.575 0.099
2332.88065 18.905 0.100
2347.84450 18.961 0.066
2357.87202 18.813 0.065
2372.85993 18.934 0.071
2383.88568 18.925 0.070
2388.80265 18.822 0.082
2390.83199 18.956 0.071
2397.71224 18.859 0.070
2401.84141 18.855 0.068
2403.91842 18.782 0.062
2405.90580 18.928 0.072
2414.91620 18.731 0.098
2416.86321 18.869 0.083
2424.83426 18.935 0.088
2428.85918 18.757 0.076
2432.87264 18.828 0.125
2434.75753 18.824 0.058
2436.80630 18.864 0.072
2438.76703 19.023 0.070
2441.74477 18.961 0.065
2445.65007 18.774 0.057
2448.67532 18.694 0.065
2455.70900 18.820 0.073
2459.65509 18.823 0.070
2463.56042 19.026 0.080
2466.66251 18.860 0.072
2468.69265 18.841 0.063
2470.67523 18.751 0.060
2472.70336 18.840 0.060
2481.57686 18.778 0.091
2484.63939 18.904 0.076
2486.73146 18.784 0.089
2490.69967 19.164 0.093
2493.66121 18.783 0.088
2495.76526 18.727 0.082
2498.52666 18.752 0.046
2500.57119 18.889 0.063
2502.58236 18.815 0.064
2508.68279 18.999 0.113
2512.62916 18.991 0.096
2517.58296 18.896 0.084
2520.59835 18.865 0.071
2528.50366 18.987 0.097
2538.51007 18.874 0.082
2542.53735 18.992 0.110
2552.51128 18.962 0.099
2556.59539 19.012 0.114
2563.50980 18.904 0.077
2575.53749 18.634 0.087
2707.88242 18.930 0.065
2714.91783 18.680 0.088
2729.85165 18.704 0.084
2734.79211 18.882 0.059
2744.92949 18.718 0.072
2753.90337 19.001 0.092
2757.81578 18.780 0.065
2761.83289 18.792 0.068
2767.81101 19.077 0.108
2775.73737 18.572 0.108
2783.84139 19.022 0.068
2785.77991 18.878 0.070
2787.61733 18.950 0.091
2789.77407 18.741 0.053
2791.73050 18.856 0.065
2794.94448 18.785 0.095
2796.84427 18.959 0.064
2797.90550 18.690 0.064
2809.73342 18.777 0.076
2811.66053 18.792 0.114
2812.73226 18.866 0.088
2813.84584 18.723 0.070
2814.76511 18.758 0.067
2816.62984 18.997 0.069
2818.60107 18.928 0.064
2820.81503 18.902 0.071
2826.77125 18.811 0.072
2835.66528 18.910 0.092
2837.65218 19.098 0.151
2839.72473 18.970 0.086
2841.73401 18.726 0.060
2843.67060 19.027 0.077
2845.67118 18.862 0.069
2850.53925 18.714 0.057
2852.55163 18.652 0.094
2854.55536 19.160 0.103
2858.69836 18.796 0.064
2862.61106 18.739 0.090
2865.71465 18.826 0.114
2868.60088 18.983 0.065
2876.59716 18.851 0.078
2879.64744 18.741 0.063
2892.66622 18.642 0.102
2895.63992 19.043 0.072
2900.56814 18.637 0.071
2906.52004 19.132 0.108
2911.54417 18.824 0.074
2918.56820 18.901 0.099
2930.58916 18.805 0.091
3059.82435 18.898 0.077
3064.84114 18.661 0.104
3068.79498 18.803 0.097
3070.87361 18.747 0.067
3073.82972 18.927 0.075
3075.86778 18.829 0.071
3080.77203 19.088 0.092
3082.89569 18.789 0.055
3085.83030 18.833 0.059
3086.90371 18.837 0.057
3088.82286 18.754 0.053
3090.73598 19.340 0.094
3096.89117 18.941 0.085
3098.91828 18.869 0.053
3100.90508 18.692 0.049
3101.76309 18.953 0.100
3103.79608 18.672 0.059
3104.85469 18.719 0.089
3106.86797 19.121 0.105
3108.78849 18.705 0.048
3109.84743 18.754 0.050
3110.85383 18.857 0.065
3112.83912 18.754 0.055
3114.80374 18.719 0.047
3116.89166 18.724 0.065
3122.92971 18.741 0.084
3125.89428 18.831 0.092
3127.83767 18.747 0.069
3128.83964 18.752 0.053
3130.72084 18.798 0.076
3131.68736 18.871 0.094
3134.83496 18.833 0.110
3135.91898 18.793 0.063
3138.67330 18.722 0.066
3139.89849 18.883 0.062
3140.89805 18.868 0.061
3142.78707 18.760 0.049
3144.80714 18.950 0.070
3146.84045 19.013 0.082
3151.77006 18.993 0.079
3151.92600 18.804 0.074
3152.77493 18.825 0.062
3153.77833 18.760 0.067
3154.84261 18.731 0.093
3156.88341 18.879 0.071
3162.59326 18.810 0.093
3163.77421 18.726 0.058
3164.75645 18.991 0.072
3164.88947 18.701 0.073
3165.73005 18.904 0.048
3168.87821 18.820 0.065
3169.74623 18.926 0.070
3170.83119 18.820 0.055
3171.80245 18.729 0.041
3172.77340 18.979 0.068
3173.87141 18.793 0.077
3174.73020 18.820 0.044
3175.73892 18.857 0.055
3177.77943 18.581 0.065
3179.52419 18.818 0.067
3179.90348 18.726 0.074
3180.74521 18.938 0.050
3182.80589 18.745 0.055
3183.76086 18.827 0.071
3184.72193 18.764 0.051
3185.72543 18.870 0.061
3193.55688 18.914 0.072
3194.56851 18.840 0.078
3195.70007 18.962 0.056
3195.82064 18.917 0.063
3196.62153 19.190 0.076
3197.54629 19.006 0.072
3197.84972 18.607 0.077
3199.64342 19.045 0.061
3202.53773 18.976 0.067
3203.68183 18.739 0.046
3204.67376 18.820 0.047
3205.53265 18.932 0.055
3206.73801 18.734 0.065
3209.67250 18.817 0.068
3210.65804 18.917 0.064
3211.62852 18.791 0.061
3217.67272 18.838 0.072
3218.67101 19.207 0.113
3219.63306 18.900 0.103
3223.67222 18.769 0.081
3224.72032 18.922 0.076
3226.64299 18.773 0.069
3228.62153 19.034 0.064
3229.65403 18.761 0.052
3230.68753 18.649 0.050
3231.59152 18.766 0.052
3232.62799 18.760 0.071
3238.63983 18.956 0.093
3239.71884 18.628 0.072
3240.49201 18.906 0.085
3241.67465 18.818 0.078
3246.68153 18.673 0.083
3247.60071 18.715 0.084
3249.54818 18.788 0.071
3250.67919 18.834 0.093
3253.64844 18.669 0.072
3256.65843 18.769 0.086
3260.56817 18.821 0.066
3265.49865 18.937 0.095
3267.55231 18.759 0.059
3272.61026 18.983 0.090
3278.62018 18.778 0.080
3282.49964 18.745 0.059
3288.56600 18.777 0.057
3293.53661 18.711 0.043
3295.54511 19.048 0.048
3300.53041 19.235 0.131
3312.53123 18.526 0.080
3417.86531 18.970 0.063
3422.89162 18.821 0.059
3426.88269 18.829 0.064
3429.86773 18.657 0.059
3432.90801 19.115 0.127
3442.91056 19.092 0.082
3445.82359 18.779 0.047
3447.87389 18.999 0.073
3449.89078 18.962 0.057
3452.90793 18.938 0.051
3453.77979 18.925 0.088
3455.85042 18.711 0.083
3456.86151 18.739 0.049
3457.77917 18.883 0.079
3458.82274 18.834 0.063
3459.79735 18.825 0.066
3467.90011 18.860 0.053
3469.80975 19.118 0.067
3470.84995 18.997 0.051
3472.78113 18.787 0.054
3473.87615 19.016 0.081
3474.84857 18.735 0.052
3477.78513 18.740 0.049
3478.89939 18.790 0.051
3480.85135 18.869 0.061
3481.85537 18.839 0.045
3483.79567 18.791 0.052
3496.74953 18.815 0.062
3497.81734 18.680 0.057
3498.93853 19.050 0.093
3499.74601 18.930 0.062
3500.75059 18.867 0.057
3501.86412 18.923 0.061
3502.69691 18.779 0.047
3503.70973 18.701 0.048
3504.72410 18.965 0.071
3506.81302 19.008 0.081
3508.80597 19.005 0.072
3509.70934 19.017 0.065
3511.69609 18.903 0.090
3512.76506 18.740 0.060
3517.80551 18.826 0.070
3520.84069 18.877 0.061
3521.65983 18.963 0.057
3522.77010 18.695 0.050
3523.80477 18.782 0.047
3524.79247 19.199 0.096
3525.77213 18.815 0.049
3526.85747 18.789 0.055
3528.57607 18.833 0.067
3530.80152 18.842 0.044
3537.76936 19.013 0.062
3538.69885 18.945 0.052
3540.67277 19.047 0.075
3544.75285 19.032 0.079
3546.87375 18.744 0.090
3547.83120 18.813 0.076
3550.65763 18.792 0.047
3551.66163 18.787 0.036
3552.69450 18.833 0.053
3553.69720 19.041 0.089
3554.68929 19.102 0.087
3555.71586 18.893 0.055
3556.74414 18.848 0.065
3558.57995 18.897 0.065
3558.85727 18.963 0.084
3559.67585 18.906 0.065
3560.62896 18.765 0.046
3561.56926 18.859 0.061
3561.83638 18.694 0.054
3562.61343 18.684 0.056
3562.83624 18.934 0.074
3563.66287 18.850 0.051
3564.55644 18.984 0.076
3569.61517 18.942 0.081
3573.68384 18.834 0.079
3573.71078 18.892 0.076
3574.71177 18.744 0.065
3575.65066 18.841 0.049
3575.79584 18.728 0.066
3576.71308 18.923 0.066
3577.76143 18.750 0.056
3578.69808 18.876 0.049
3579.64340 18.986 0.060
3580.67997 19.183 0.076
3581.69632 18.738 0.046
3582.62210 18.807 0.046
3583.65870 18.812 0.055
3584.66747 18.919 0.058
3585.66555 18.996 0.052
3586.68993 18.827 0.046
3588.74804 18.615 0.048
3589.70935 18.968 0.058
3590.70547 18.719 0.052
3592.67789 18.863 0.050
3597.66387 18.756 0.070
3601.68181 18.943 0.075
3602.68200 18.844 0.081
3603.66213 19.046 0.087
3607.66058 18.830 0.058
3608.67661 18.714 0.064
3615.60384 19.013 0.063
3618.60742 19.077 0.067
3620.57066 19.010 0.061
3628.57270 19.050 0.089
3630.58672 18.713 0.069
3632.61419 18.919 0.100
3634.51759 18.845 0.056
3639.52342 18.819 0.046
3641.57012 18.847 0.082
3644.53494 18.727 0.051
3649.51556 18.780 0.060
3651.57643 18.592 0.065
3655.54162 18.592 0.061
3657.53479 18.654 0.069
3659.53656 19.074 0.121
3662.54108 18.930 0.115
3665.51151 18.627 0.064
3671.51444 18.829 0.099
3777.84586 18.882 0.093
3782.88185 19.177 0.085
3785.84348 18.850 0.070
3788.87989 18.887 0.076
3791.89011 18.876 0.075
3794.86754 18.857 0.060
3796.85629 18.744 0.061
3797.85919 18.803 0.057
3798.90713 19.020 0.115
3801.83077 18.781 0.072
3803.81976 18.791 0.064
3804.86702 18.981 0.066
3805.90758 18.860 0.068
3807.89891 18.766 0.052
3809.81028 18.830 0.064
3811.88879 18.889 0.065
3813.76912 18.843 0.075
3817.90828 19.120 0.110
3819.76971 18.941 0.058
3820.87390 18.686 0.046
3821.88393 18.754 0.049
3822.78296 18.811 0.075
3823.89590 18.866 0.057
3824.88874 19.040 0.082
3826.89323 18.729 0.057
3828.89563 18.761 0.061
3829.88233 18.888 0.061
3832.88551 18.953 0.069
3833.86020 18.804 0.053
3834.90142 18.743 0.061
3835.84483 18.830 0.048
3836.85727 18.790 0.055
3837.83990 18.916 0.070
3838.84382 18.972 0.073
3839.85586 18.839 0.090
3840.84708 18.962 0.067
3841.82593 18.838 0.064
3845.83188 18.998 0.090
3846.83881 18.815 0.054
3848.85438 18.870 0.063
3849.86765 18.794 0.051
3850.80366 18.674 0.056
3851.81008 18.742 0.061
3852.79855 18.910 0.065
3853.79125 18.820 0.046
3856.78007 18.925 0.069
3858.84399 18.855 0.068
3860.83472 19.266 0.113
3861.84905 18.830 0.050
3862.79304 19.032 0.059
3863.73334 18.974 0.063
3864.79386 18.816 0.044
3865.75826 18.756 0.065
3866.78674 18.726 0.050
3867.72355 18.804 0.063
3868.79030 18.799 0.070
3869.77665 18.893 0.078
3873.77803 18.758 0.054
3874.82163 18.664 0.052
3875.73662 18.761 0.044
3877.76617 18.914 0.057
3880.76342 19.131 0.069
3881.77158 18.866 0.049
3882.70965 18.981 0.072
3883.75114 18.828 0.048
3886.72206 18.766 0.054
3887.70499 18.871 0.051
3889.86652 18.857 0.050
3891.59227 18.729 0.066
3892.86989 18.801 0.054
3893.75185 19.032 0.100
3894.79157 18.821 0.073
3896.74590 18.990 0.074
3900.64277 18.833 0.094
3901.65461 18.873 0.073
3902.67244 19.022 0.080
3903.80518 18.792 0.057
3904.65215 18.965 0.057
3905.65915 18.808 0.046
3906.64081 18.901 0.060
3907.70618 18.690 0.067
3908.64035 18.726 0.043
3909.64476 18.966 0.057
3912.64512 18.938 0.045
3913.64268 18.806 0.043
3914.67589 18.734 0.045
3915.63961 18.781 0.050
3916.72128 19.321 0.089
3917.73413 18.723 0.050
3918.73847 18.704 0.058
3919.66830 18.685 0.073
3920.62049 18.857 0.068
3921.63399 18.635 0.066
3930.69615 18.594 0.048
3931.61537 18.963 0.075
3931.80381 18.911 0.100
3932.64301 18.709 0.047
3933.62250 18.851 0.041
3934.59310 18.782 0.049
3935.67037 18.750 0.065
3936.62196 18.844 0.055
3936.81025 18.813 0.089
3937.73873 18.727 0.088
3938.59962 18.905 0.066
3940.74422 18.840 0.046
3944.68462 18.658 0.039
3945.63309 18.843 0.056
3946.62672 19.218 0.080
3950.64317 18.811 0.046
3951.65952 18.746 0.064
3957.63808 18.897 0.079
3958.68640 19.016 0.115
3959.61666 18.998 0.077
3960.60989 18.786 0.040
3963.57794 18.953 0.068
3964.64116 18.873 0.053
3965.62296 18.799 0.044
3966.61784 18.672 0.045
3967.64424 18.843 0.056
3968.60047 18.665 0.054
3969.60806 18.731 0.048
3970.62095 18.799 0.054
3971.65092 18.700 0.057
3973.68053 18.911 0.074
3974.61519 18.875 0.063
3975.61059 18.782 0.053
3976.60458 18.753 0.059
3979.63766 18.714 0.087
3982.66181 18.934 0.100
3987.60083 18.739 0.053
3988.63411 18.895 0.057
3990.60196 18.812 0.072
3994.55191 18.766 0.077
3996.52768 18.715 0.065
4000.61328 18.566 0.068
4002.60722 18.820 0.055
4003.56169 18.990 0.063
4005.65750 18.686 0.074
4011.54049 18.764 0.065
4015.56980 18.758 0.082
4017.54754 18.967 0.082
4019.54924 18.906 0.081
4021.55200 19.028 0.103
4024.58147 19.317 0.120
4027.49770 18.550 0.069
4029.53570 18.877 0.083
4150.87211 18.799 0.082
4155.84441 18.830 0.075
4158.80631 19.036 0.087
4159.90968 18.691 0.119
4160.83429 18.684 0.078
4162.85690 18.936 0.096
4164.89676 18.868 0.071
4166.91275 18.874 0.131
4167.82436 18.919 0.091
4169.83144 19.002 0.078
4174.84600 18.771 0.062
4176.82768 18.793 0.063
4177.88134 18.821 0.064
4179.77913 18.914 0.074
4180.82585 18.983 0.095
4181.91402 18.872 0.070
4183.79303 18.747 0.065
4184.86106 18.771 0.052
4185.84041 19.032 0.079
4190.85879 18.799 0.071
4192.87111 18.760 0.059
4193.88206 18.824 0.065
4194.90361 18.910 0.065
4196.92399 18.779 0.068
4202.87341 18.966 0.063
4203.86155 18.745 0.048
4204.86070 19.072 0.075
4205.85722 18.805 0.055
4207.86088 19.011 0.062
4208.89053 18.861 0.059
4213.85862 18.759 0.048
4215.89617 18.958 0.074
4216.81703 18.817 0.064
4217.83936 19.019 0.055
4218.88012 18.950 0.065
4219.92110 18.858 0.090
4220.86137 19.228 0.122
4222.82788 19.000 0.065
4228.81587 18.727 0.084
4229.79471 19.070 0.078
4230.78167 18.747 0.045
4231.80376 18.892 0.061
4232.81200 18.855 0.088
4234.75620 18.953 0.074
4235.78106 18.854 0.064
4238.80414 18.852 0.075
4239.90306 18.933 0.094
4243.69866 19.206 0.098
4244.86050 18.973 0.083
4245.85374 18.857 0.071
4246.90847 18.759 0.087
4250.87430 18.960 0.111
4256.71937 18.834 0.090
4258.71664 18.785 0.062
4268.62013 18.844 0.086
4269.66029 18.949 0.065
4272.71091 18.996 0.063
4273.67100 18.776 0.068
4274.65466 18.963 0.074
4275.71153 18.987 0.088
4277.61063 18.790 0.078
4278.68490 18.773 0.079
4283.63032 18.882 0.063
4284.61415 18.855 0.075
4285.62092 18.659 0.077
4286.71477 18.909 0.097
4289.66024 18.870 0.081
4290.74474 18.748 0.083
4291.73844 19.027 0.089
4292.59952 18.784 0.053
4293.62699 18.787 0.055
4294.59876 19.017 0.086
4295.62811 18.832 0.061
4296.60760 18.841 0.050
4297.60140 18.953 0.061
4298.71093 18.831 0.065
4299.67788 18.824 0.062
4300.80272 18.827 0.087
4301.48023 18.808 0.067
4302.75933 18.914 0.068
4307.59441 19.026 0.072
4310.74414 19.027 0.129
4312.64019 18.721 0.055
4315.67405 18.717 0.097
4317.62753 18.762 0.062
4319.63529 18.920 0.075
4320.73671 18.740 0.077
4326.64626 18.839 0.080
4327.67421 19.179 0.130
4328.61525 18.859 0.076
4328.74767 18.968 0.123
4329.60642 18.715 0.074
4330.58881 18.766 0.065
4331.61524 18.947 0.082
4332.62035 18.816 0.072
4333.61572 18.920 0.077
4334.60998 19.094 0.124
4338.64991 18.837 0.101
4339.61892 19.045 0.091
4340.53050 18.959 0.121
4341.61733 18.703 0.090
4342.65358 18.857 0.084
4343.63292 18.751 0.072
4344.68236 18.864 0.088
4345.63277 19.119 0.095
4346.63806 18.749 0.074
4347.65208 18.779 0.071
4349.62385 18.832 0.068
4351.62252 18.723 0.083
4357.63398 18.797 0.076
4359.60509 18.824 0.086
4367.60420 18.745 0.105
4370.60315 18.798 0.080
4372.57519 18.799 0.066
4380.58494 18.859 0.076
4515.88009 18.825 0.084
4519.85163 18.877 0.102
4520.84403 18.560 0.083
4523.84240 19.185 0.117
4524.89345 19.019 0.082
4530.88296 18.947 0.060
4534.82968 18.958 0.091
4536.83881 19.059 0.098
4538.84773 18.852 0.071
4540.87756 19.117 0.073
4542.90394 18.756 0.064
4543.86535 18.757 0.050
4544.86216 18.817 0.053
4545.87972 19.045 0.074
4546.91461 18.955 0.085
4550.85346 19.003 0.072
4551.91124 19.226 0.115
4552.90820 18.728 0.063
4556.87254 18.900 0.061
4557.89858 18.850 0.050
4558.83364 18.839 0.057
4559.86281 18.797 0.054
4560.86327 18.778 0.050
4561.85216 18.883 0.045
4564.85632 18.865 0.061
4565.84525 18.879 0.049
4566.84730 18.862 0.051
4567.85157 18.794 0.055
4568.88160 18.878 0.067
4569.86751 19.021 0.069
4570.87280 18.800 0.059
4571.83827 18.926 0.063
4572.87607 18.725 0.083
4573.85184 18.834 0.052
4574.85399 19.032 0.089
4575.86569 18.720 0.057
4579.91798 18.749 0.073
4583.83781 18.873 0.083
4586.81829 18.916 0.087
4587.85605 19.070 0.082
4588.74440 18.812 0.065
4589.77814 18.766 0.063
4590.79254 18.827 0.070
4591.76978 19.006 0.069
4592.78193 18.681 0.065
4593.76735 19.060 0.072
4594.79566 19.041 0.065
4595.78618 18.781 0.054
4596.80672 18.896 0.062
4597.80399 18.803 0.060
4598.77331 19.027 0.060
4599.75277 18.828 0.052
4600.75830 18.871 0.048
4601.76297 18.927 0.058
4602.76052 18.752 0.050
4606.75764 18.934 0.069
4606.78122 18.956 0.068
4610.88344 18.774 0.070
4611.74464 19.022 0.072
4611.93115 18.759 0.072
4616.73345 18.938 0.060
4617.90431 19.073 0.133
4622.71325 18.746 0.070
4623.79309 19.088 0.113
4624.73191 19.018 0.075
4625.71323 18.756 0.082
4626.76816 18.853 0.089
4627.69256 18.827 0.050
4628.68273 18.961 0.057
4629.74842 18.856 0.066
4630.68823 18.866 0.062
4631.70657 18.904 0.051
4632.72924 18.996 0.065
4633.86912 18.640 0.072
4639.80967 19.219 0.152
4640.78519 18.796 0.069
4641.87042 18.698 0.091
4642.70811 18.932 0.079
4643.67422 18.919 0.069
4644.75726 18.766 0.071
4645.67600 18.753 0.063
4646.64370 19.018 0.058
4647.66487 19.011 0.065
4648.65877 18.855 0.056
4648.76819 18.827 0.067
4649.64900 19.067 0.072
4650.68046 18.695 0.059
4651.69178 18.792 0.072
4652.62020 18.816 0.071
4653.61409 19.063 0.074
4654.65323 19.068 0.071
4655.61754 18.788 0.061
4656.62075 19.025 0.078
4658.77797 18.795 0.094
4660.72764 18.902 0.109
4661.61011 19.006 0.070
4666.54290 18.786 0.074
4671.66678 18.890 0.068
4672.62629 18.965 0.089
4674.65445 18.715 0.068
4677.67914 18.758 0.080
4681.68246 18.973 0.090
4682.63813 18.805 0.065
4683.63602 18.931 0.074
4684.65455 18.868 0.076
4685.68068 18.764 0.055
4686.75322 18.745 0.064
4687.66871 18.614 0.061
4688.61490 18.854 0.073
4694.69897 18.924 0.131
4697.62023 18.778 0.084
4698.64181 18.893 0.082
4700.63703 18.730 0.072
4701.61992 19.058 0.090
4702.63474 18.844 0.079
4704.69600 18.962 0.089
4708.65637 18.743 0.066
4710.67432 18.945 0.090
4720.58745 18.915 0.086
4721.62210 18.892 0.115
4724.63977 18.732 0.092
4725.65571 18.681 0.091
4726.61594 18.643 0.084
4733.58015 18.717 0.081
4738.54028 18.855 0.088
4741.62235 18.952 0.088
4755.56140 19.079 0.140
4763.50359 18.717 0.079
4876.87634 19.084 0.097
4883.86214 19.094 0.101
4885.90237 18.942 0.139
4886.82252 18.716 0.066
4886.82908 18.722 0.066
4888.85659 18.965 0.080
4892.85067 18.822 0.077
4898.82092 18.901 0.086
4901.82378 19.016 0.082
4902.91266 19.044 0.096
4903.87116 18.876 0.063
4905.86757 18.647 0.070
4912.85234 18.932 0.053
4914.89840 18.737 0.054
4924.74816 18.871 0.058
4925.86588 19.048 0.063
4928.75614 18.983 0.083
4930.80021 18.772 0.069
4931.84466 18.872 0.074
4932.85319 18.896 0.064
4933.84807 18.804 0.068
4934.70637 19.193 0.175
4934.90390 19.204 0.175
4938.82799 19.064 0.120
4940.76950 18.769 0.063
4941.80524 18.619 0.059
4942.74830 18.850 0.053
4944.75063 19.093 0.091
4945.80373 18.976 0.061
4950.86352 18.678 0.055
4953.84291 18.692 0.067
4954.81257 18.873 0.061
4955.80397 18.885 0.071
