2125.53977 18.574 0.093
2129.62312 18.552 0.046
2132.56739 18.621 0.056
2135.70504 18.668 0.054
2140.66302 18.623 0.061
2144.54739 18.680 0.063
2160.53646 18.502 0.066
2168.60389 18.517 0.059
2187.51327 18.677 0.073
2206.50895 18.610 0.100
2331.84956 19.014 0.084
2346.89588 18.636 0.051
2358.81957 18.597 0.054
2365.91969 18.612 0.070
2372.78175 18.632 0.051
2382.90586 18.630 0.058
2386.84916 18.554 0.060
2390.79230 18.594 0.059
2397.75433 18.627 0.050
2401.77911 18.573 0.049
2403.83515 18.699 0.049
2405.80360 18.646 0.055
2414.78053 18.571 0.049
2416.75488 18.535 0.052
2424.84660 18.570 0.074
2428.74891 18.656 0.055
2432.79208 18.721 0.089
2434.65988 18.590 0.049
2436.70550 18.576 0.046
2438.68382 18.616 0.052
2440.78805 18.628 0.053
2443.69061 18.580 0.050
2445.57171 18.624 0.062
2448.54505 18.865 0.152
2453.80721 18.587 0.057
2459.49855 18.532 0.066
2463.47967 18.554 0.072
2464.70977 18.661 0.045
2467.61274 18.667 0.067
2469.62714 18.641 0.040
2471.63895 18.617 0.043
2473.60003 18.913 0.072
2483.66888 18.499 0.057
2486.65225 18.504 0.063
2490.61884 18.670 0.070
2493.57862 18.670 0.054
2495.65268 18.590 0.044
2497.70856 18.651 0.056
2499.75545 18.643 0.058
2502.49907 18.670 0.058
2508.59395 18.640 0.056
2512.55029 18.573 0.060
2517.65101 18.604 0.051
2520.50975 18.626 0.062
2526.60325 18.616 0.046
2537.58592 18.452 0.073
2541.58404 18.649 0.063
2547.52212 18.586 0.073
2551.55830 18.573 0.073
2556.51306 18.691 0.072
2563.54655 18.641 0.059
2574.52585 18.863 0.099
2705.88942 18.547 0.049
2706.85529 18.506 0.054
2714.83961 18.608 0.052
2728.86949 18.514 0.060
2733.85237 18.599 0.059
2752.89856 18.548 0.058
2756.86960 18.578 0.053
2760.83785 18.680 0.070
2766.86979 18.493 0.049
2770.75743 18.547 0.054
2783.75821 18.593 0.046
2785.86981 18.837 0.075
2786.87187 18.512 0.082
2789.67788 18.572 0.047
2791.64049 18.630 0.054
2794.79412 18.665 0.057
2796.74488 18.600 0.043
2808.88531 18.666 0.105
2809.88968 18.918 0.084
2810.81672 18.551 0.057
2811.85392 18.666 0.056
2815.77233 18.655 0.053
2817.72522 18.594 0.052
2818.78818 18.622 0.068
2820.66047 18.610 0.055
2826.67354 18.559 0.042
2834.71134 18.618 0.101
2835.82877 18.668 0.072
2837.56669 18.515 0.072
2839.60355 18.552 0.052
2841.62090 18.575 0.055
2843.55354 18.970 0.084
2845.58896 18.547 0.060
2849.74146 18.726 0.069
2849.76907 18.753 0.080
2851.75184 18.660 0.070
2853.75469 18.592 0.075
2856.64343 18.616 0.059
2858.61879 18.633 0.079
2859.61280 18.578 0.087
2860.74087 18.635 0.109
2863.57705 18.694 0.065
2866.66907 18.571 0.065
2869.66012 18.574 0.055
2872.65465 18.616 0.042
2877.62387 18.556 0.055
2883.59948 18.663 0.047
2890.65596 18.578 0.094
2892.58940 18.653 0.085
2896.61105 18.588 0.054
2902.57811 18.400 0.071
2907.55249 18.579 0.076
2917.54014 18.619 0.074
2922.51675 18.621 0.077
2923.52895 18.646 0.061
2924.52627 18.554 0.050
2925.51447 18.612 0.062
2926.54505 18.582 0.062
2927.51523 18.563 0.063
2928.52990 18.623 0.066
2929.52747 18.602 0.101
2934.52948 18.551 0.079
2941.52545 18.687 0.093
2943.49773 18.449 0.093
2945.52439 18.714 0.114
2946.49849 18.528 0.096
2947.53105 18.563 0.100
2949.50880 18.469 0.098
2950.50297 18.479 0.088
3051.84676 18.850 0.100
3058.84188 18.590 0.048
3063.83656 18.653 0.055
3067.84045 18.565 0.049
3070.79985 18.665 0.097
3072.87869 18.566 0.043
3075.77561 18.485 0.058
3079.83205 18.592 0.059
3082.79211 18.543 0.047
3084.84890 18.569 0.046
3086.77996 18.614 0.042
3087.89329 18.549 0.052
3089.80158 18.614 0.047
3091.76369 18.632 0.051
3096.79345 18.669 0.062
3098.80497 18.668 0.047
3100.86032 18.627 0.048
3102.81629 18.553 0.053
3103.89160 18.575 0.051
3106.76913 18.563 0.062
3107.91597 18.693 0.056
3109.73758 18.647 0.046
3110.77886 18.632 0.054
3112.74776 18.609 0.049
3113.81697 18.646 0.044
3115.81558 18.588 0.043
3118.87264 18.623 0.056
3122.82321 18.585 0.057
3125.80366 18.509 0.066
3126.83454 18.652 0.050
3127.74517 18.539 0.049
3128.76756 18.617 0.052
3129.74237 18.614 0.074
3130.92043 18.590 0.066
3131.77631 18.662 0.078
3134.71262 18.478 0.089
3135.80810 18.516 0.051
3137.86019 18.517 0.063
3138.81777 18.568 0.048
3139.81260 18.507 0.039
3140.81915 18.612 0.050
3142.71405 18.681 0.048
3144.73644 18.619 0.045
3146.70618 18.591 0.058
3151.69592 18.536 0.053
3152.70055 18.602 0.048
3152.91332 18.561 0.067
3153.70455 18.631 0.070
3154.75970 18.560 0.066
3156.74613 18.645 0.053
3158.80613 18.691 0.078
3162.75354 18.569 0.052
3162.93983 18.614 0.091
3163.71546 18.628 0.048
3163.93905 18.596 0.079
3164.67924 18.593 0.048
3165.80104 18.658 0.046
3166.83066 18.452 0.073
3168.71215 18.650 0.054
3168.92840 18.447 0.054
3169.66860 18.590 0.047
3170.74148 18.547 0.044
3171.69291 18.584 0.044
3172.67974 19.060 0.061
3174.65655 18.604 0.042
3175.65842 18.589 0.043
3176.70537 18.544 0.059
3178.72099 18.484 0.057
3179.59891 18.671 0.045
3179.85467 18.738 0.068
3180.64961 18.641 0.038
3182.71977 18.567 0.045
3183.66446 18.543 0.056
3184.64410 18.740 0.044
3185.80208 18.564 0.058
3193.81684 18.624 0.054
3194.63565 18.643 0.062
3195.61400 18.605 0.049
3196.68951 18.910 0.088
3196.77841 18.938 0.064
3196.79609 18.848 0.062
3196.85559 18.725 0.067
3197.48697 18.554 0.062
3197.58961 18.593 0.051
3197.65705 18.530 0.047
3197.73699 18.607 0.047
3197.80152 18.681 0.072
3198.66720 18.484 0.044
3199.57517 18.562 0.060
3199.72355 18.552 0.048
3201.49404 18.947 0.071
3202.58682 18.546 0.050
3203.71053 18.530 0.044
3204.70615 18.607 0.044
3205.63115 18.642 0.043
3206.61273 18.667 0.045
3210.60288 18.768 0.067
3211.67490 18.436 0.048
3212.64359 18.621 0.076
3217.59893 18.579 0.050
3218.59821 18.607 0.063
3219.65739 18.538 0.073
3223.59544 18.535 0.075
3224.64517 18.537 0.042
3226.55799 18.566 0.041
3228.51659 18.662 0.052
3229.57473 18.593 0.043
3230.61344 18.645 0.044
3231.51445 18.482 0.055
3232.48826 18.527 0.075
3239.52308 18.604 0.048
3240.60050 18.605 0.063
3241.60475 18.330 0.113
3244.70129 18.628 0.102
3245.48926 18.775 0.078
3246.59720 18.541 0.062
3247.66786 18.613 0.056
3248.66104 18.622 0.062
3250.60046 18.610 0.055
3253.59331 18.614 0.050
3256.57586 18.528 0.059
3259.56847 18.462 0.054
3264.51198 18.662 0.060
3266.59401 18.503 0.068
3272.54325 18.662 0.063
3274.57281 18.638 0.073
3278.54690 18.656 0.060
3281.48854 18.453 0.065
3287.55575 18.702 0.063
3292.54453 18.500 0.048
3415.87928 18.660 0.042
3420.87953 18.709 0.052
3425.85472 18.662 0.072
3428.86049 18.603 0.047
3430.89733 18.601 0.042
3442.83397 18.591 0.050
3444.88782 18.701 0.048
3446.91640 18.752 0.099
3449.81356 18.705 0.049
3452.83452 18.573 0.050
3454.88812 18.560 0.055
3457.82642 18.677 0.062
3459.77161 18.558 0.054
3468.82350 18.673 0.044
3469.83051 18.641 0.040
3471.91078 18.552 0.059
3473.82596 18.576 0.055
3476.71859 18.699 0.044
3478.78423 18.513 0.041
3479.92150 18.588 0.038
3481.76286 18.630 0.044
3483.89647 18.606 0.049
3484.72142 18.675 0.072
3496.79786 18.591 0.056
3497.73557 18.667 0.057
3499.92552 18.622 0.044
3500.79461 18.560 0.043
3501.78838 18.867 0.060
3502.76128 18.634 0.040
3503.73032 18.589 0.040
3504.81998 18.655 0.046
3506.88496 18.650 0.050
3508.83560 18.627 0.056
3509.78531 18.624 0.053
3511.74290 18.568 0.049
3512.78656 18.598 0.066
3517.86001 18.610 0.060
3520.81425 18.545 0.053
3521.62394 18.638 0.044
3522.67828 18.608 0.042
3523.72036 18.626 0.037
3524.70916 18.513 0.048
3525.69105 18.615 0.039
3526.77350 18.673 0.047
3527.77840 18.620 0.043
3528.72119 18.610 0.042
3528.78286 18.567 0.052
3529.61114 18.494 0.037
3529.64325 18.537 0.037
3529.78366 18.622 0.042
3529.85427 18.669 0.046
3529.91247 18.563 0.048
3530.55735 18.589 0.051
3530.63306 18.852 0.043
3530.68629 19.013 0.049
3530.81641 18.618 0.041
3530.88468 18.596 0.040
3536.87733 19.159 0.093
3536.89306 18.534 0.060
3537.68183 18.629 0.057
3538.66494 18.637 0.054
3541.81548 18.606 0.048
3547.70700 18.598 0.061
3550.58104 18.544 0.057
3551.77046 18.608 0.044
3552.60759 18.554 0.042
3553.74012 18.460 0.058
3554.77708 18.623 0.068
3555.75125 18.613 0.046
3556.81699 18.475 0.060
3558.47991 18.489 0.054
3558.77917 18.580 0.051
3559.54762 18.707 0.084
3560.51063 18.549 0.046
3561.48803 18.680 0.065
3562.53457 18.606 0.044
3563.58956 18.644 0.045
3564.61768 18.613 0.056
3569.50574 18.527 0.087
3573.58294 18.598 0.068
3574.63942 18.464 0.053
3575.62445 18.639 0.044
3576.60471 18.573 0.051
3577.66683 18.681 0.050
3578.61387 18.575 0.042
3579.57110 18.569 0.041
3580.59256 18.601 0.047
3581.62088 18.553 0.046
3582.56914 18.471 0.045
3583.58614 18.754 0.050
3584.59513 18.644 0.039
3585.58532 18.677 0.042
3586.63118 18.536 0.040
3589.62397 18.680 0.036
3590.59268 18.630 0.041
3591.65460 18.622 0.041
3593.52756 18.600 0.042
3594.64362 18.646 0.044
3601.57606 18.548 0.046
3602.59301 18.647 0.048
3603.59009 18.653 0.051
3604.59397 18.845 0.079
3606.60967 18.401 0.056
3607.58206 18.912 0.057
3608.59093 18.698 0.057
3615.50372 18.575 0.046
3618.62842 18.615 0.052
3620.51683 18.621 0.040
3622.49584 18.519 0.052
3628.62459 18.705 0.084
3630.50997 18.388 0.061
3631.64017 18.716 0.086
3633.49529 18.554 0.066
3637.58529 18.601 0.067
3639.60258 18.622 0.047
3641.49758 18.585 0.063
3643.57408 18.585 0.089
3648.48999 18.710 0.064
3651.54597 18.607 0.087
3654.49904 18.540 0.081
3656.49583 18.713 0.075
3658.52987 18.574 0.078
3661.52777 18.682 0.093
3668.50082 18.684 0.074
3674.51462 18.517 0.067
3775.85940 18.748 0.072
3780.88419 18.623 0.056
3786.85818 18.563 0.065
3787.83305 18.736 0.079
3790.86369 18.603 0.064
3792.86033 18.657 0.041
3794.81729 18.610 0.058
3795.89659 18.620 0.050
3797.89679 18.619 0.045
3799.85167 18.730 0.067
3800.87801 18.651 0.048
3801.86017 18.660 0.049
3802.82576 18.638 0.047
3803.86100 18.537 0.041
3805.77711 18.622 0.062
3806.79720 18.521 0.045
3807.81093 18.494 0.056
3808.77063 18.575 0.063
3809.77344 18.673 0.059
3810.81804 18.587 0.052
3811.81405 18.940 0.080
3812.80575 18.616 0.062
3813.77835 18.564 0.048
3814.79862 18.688 0.056
3817.82901 18.604 0.053
3818.86080 18.671 0.045
3819.77645 18.621 0.038
3820.74670 18.638 0.048
3820.91417 18.600 0.051
3821.74716 18.675 0.053
3822.78930 18.630 0.053
3823.74815 18.934 0.067
3824.76287 18.667 0.060
3825.77647 18.427 0.057
3826.75637 18.547 0.049
3827.75764 18.414 0.054
3828.73894 18.490 0.062
3829.78779 18.612 0.048
3830.70165 18.533 0.053
3831.70556 18.540 0.042
3832.72655 18.643 0.048
3833.73203 18.651 0.042
3834.70492 18.575 0.066
3835.71074 18.772 0.067
3835.89679 18.745 0.045
3836.73914 18.561 0.053
3836.90675 18.619 0.045
3837.70566 18.497 0.069
3837.87791 18.654 0.041
3838.71312 18.479 0.071
3839.71447 18.443 0.065
3839.90098 18.660 0.069
3840.72645 18.610 0.055
3840.88524 18.650 0.049
3841.68440 18.811 0.096
3841.91577 18.593 0.053
3842.70003 18.689 0.120
3842.81651 18.590 0.045
3845.69410 18.685 0.121
3845.87675 18.628 0.111
3846.67454 18.528 0.054
3847.77131 18.955 0.093
3847.92660 18.513 0.073
3848.72625 18.556 0.049
3849.68998 18.604 0.052
3849.92486 18.503 0.046
3850.66821 18.640 0.051
3850.84119 18.629 0.053
3850.91274 18.560 0.052
3851.68192 18.638 0.055
3851.84769 18.590 0.058
3852.67319 18.767 0.065
3852.90166 18.613 0.058
3853.66146 18.613 0.060
3853.82909 18.727 0.038
3853.90054 18.635 0.039
3854.70124 18.400 0.043
3855.69542 18.709 0.048
3856.65143 18.557 0.048
3856.81783 18.659 0.049
3857.88766 18.719 0.047
3858.67400 18.527 0.050
3859.76565 18.945 0.070
3860.78672 18.621 0.069
3860.93400 18.574 0.059
3861.64032 18.610 0.062
3861.74726 18.559 0.044
3862.63747 18.664 0.059
3862.83336 18.688 0.043
3862.90941 18.573 0.048
3863.66095 18.535 0.052
3863.88121 18.733 0.045
3864.63857 18.869 0.071
3864.84146 18.665 0.040
3865.70888 18.470 0.045
3865.85143 18.594 0.047
3865.92149 18.492 0.036
3866.66054 18.591 0.053
3866.80012 18.659 0.046
3866.87006 18.631 0.049
3867.67542 18.704 0.055
3867.86102 18.651 0.051
3867.93444 18.514 0.049
3868.68335 18.597 0.061
3868.82736 18.456 0.052
3868.90719 18.641 0.065
3869.66025 18.566 0.053
3869.84262 18.423 0.051
3872.74472 18.631 0.046
3873.66643 18.628 0.048
3873.80872 18.576 0.042
3873.88059 18.685 0.059
3874.71828 18.600 0.053
3874.89227 18.611 0.049
3875.67815 18.715 0.043
3875.83386 18.591 0.042
3875.92427 18.706 0.048
3876.59879 18.852 0.056
3877.68285 18.613 0.038
3877.83163 18.668 0.051
3877.90569 18.501 0.054
3879.63883 18.567 0.042
3880.80809 18.515 0.044
3880.88716 18.590 0.048
3881.63358 18.573 0.049
3881.84915 18.653 0.041
3881.89577 18.589 0.041
3882.61855 18.644 0.046
3882.77203 18.617 0.048
3882.84592 18.594 0.046
3882.91469 18.679 0.047
3883.60197 18.584 0.067
3883.80310 18.990 0.064
3886.56511 18.831 0.071
3886.76663 18.584 0.043
3886.84192 18.537 0.042
3886.93984 18.610 0.061
3887.61917 18.645 0.052
3887.74567 18.631 0.047
3887.84977 18.629 0.047
3887.92184 18.583 0.051
3888.92668 18.484 0.054
3889.63320 18.639 0.052
3889.90810 18.611 0.050
3890.67583 18.597 0.040
3891.64258 18.624 0.050
3891.76435 18.511 0.053
3891.84656 18.585 0.046
3892.66149 18.636 0.054
3892.89243 18.528 0.048
3893.57721 18.582 0.066
3893.82076 18.570 0.061
3893.92846 18.514 0.067
3894.63693 18.536 0.053
3894.85277 18.586 0.056
3896.57346 18.520 0.071
3896.83082 18.512 0.075
3900.50128 18.559 0.070
3900.68669 18.919 0.069
3900.77101 18.696 0.057
3900.83951 18.599 0.051
3901.50363 18.591 0.069
3901.51611 18.617 0.071
3901.69226 18.585 0.046
3901.77001 18.584 0.047
3901.84311 18.634 0.063
3902.52764 18.485 0.058
3902.71415 18.630 0.044
3902.81707 18.700 0.062
3903.62499 18.606 0.040
3903.86482 18.709 0.057
3904.52695 18.615 0.060
3904.68943 18.709 0.038
3904.75890 18.495 0.040
3904.83169 18.587 0.043
3905.51702 18.844 0.067
3905.52381 18.832 0.067
3905.63069 18.602 0.042
3905.70018 18.579 0.046
3905.77045 18.599 0.039
3905.83902 18.599 0.038
3906.53168 18.580 0.061
3906.72458 18.560 0.042
3906.75330 18.545 0.043
3906.79414 18.563 0.046
3906.82055 18.559 0.050
3906.84649 18.611 0.051
3906.86471 18.665 0.063
3906.88627 18.685 0.065
3906.90356 18.631 0.056
3907.51382 18.569 0.071
3907.58872 18.651 0.051
3907.75130 18.461 0.062
3907.83573 19.016 0.084
3908.50397 18.497 0.060
3908.69001 18.629 0.043
3908.76775 18.660 0.046
3908.85045 18.562 0.045
3909.50359 18.413 0.068
3909.68202 18.624 0.035
3909.77675 18.619 0.040
3909.85639 18.619 0.050
3910.52132 18.648 0.065
3912.49855 18.676 0.050
3912.68993 19.001 0.043
3912.78128 18.684 0.038
3912.86916 18.659 0.048
3913.49140 18.548 0.041
3913.69330 18.552 0.040
3913.78877 18.699 0.046
3913.87478 18.660 0.058
3914.51740 18.543 0.058
3914.74900 18.620 0.048
3915.49314 18.540 0.057
3915.69745 18.633 0.044
3915.78935 18.650 0.045
3916.53789 18.592 0.063
3916.83375 18.546 0.049
3917.53884 18.823 0.072
3917.78884 18.781 0.073
3918.51613 18.583 0.066
3918.78573 18.637 0.061
3919.49096 18.579 0.062
3919.72342 18.625 0.041
3920.48072 18.680 0.070
3920.67731 18.434 0.047
3920.75935 18.702 0.042
3921.48072 18.658 0.060
3921.67819 18.404 0.057
3921.76646 18.487 0.059
3922.67268 18.403 0.054
3930.47819 18.534 0.055
3930.73724 18.390 0.059
3931.46572 18.618 0.074
3932.49727 18.527 0.055
3932.77258 18.653 0.054
3933.47516 18.531 0.045
3933.66664 18.716 0.040
3933.74362 18.628 0.045
3934.46103 18.610 0.092
3934.67787 18.639 0.044
3934.74686 18.618 0.049
3935.46519 18.632 0.097
3935.50412 18.571 0.055
3935.67790 18.606 0.061
3935.75087 18.624 0.053
3936.46435 18.401 0.075
3936.62965 18.742 0.048
3936.70623 19.029 0.066
3937.47060 18.424 0.061
3937.74763 18.645 0.061
3938.46898 18.478 0.071
3938.65682 18.474 0.046
3938.74584 18.613 0.052
3939.53650 18.645 0.044
3940.65474 18.734 0.048
3940.78554 18.640 0.046
3942.52237 18.583 0.057
3944.50165 18.531 0.047
3945.48517 18.490 0.048
3945.68475 18.699 0.045
3945.74059 18.663 0.054
3946.48651 18.583 0.057
3946.67285 18.634 0.045
3946.75025 18.624 0.050
3950.48459 18.613 0.052
3950.69431 18.660 0.044
3951.48441 18.529 0.053
3951.71693 18.678 0.055
3955.50501 18.384 0.074
3956.51541 18.471 0.073
3957.47758 18.572 0.049
3959.47302 18.467 0.064
3959.65544 18.634 0.054
3960.47038 18.350 0.056
3960.64940 18.737 0.042
3960.72153 19.072 0.072
3961.52685 18.512 0.053
3963.50306 18.645 0.055
3963.67465 18.538 0.041
3964.48737 18.592 0.053
3964.69603 18.535 0.045
3965.47636 18.790 0.059
3965.66892 18.611 0.040
3966.50262 18.625 0.056
3966.65934 18.623 0.047
3967.48788 18.345 0.053
3967.68169 18.563 0.043
3968.46820 18.523 0.073
3968.64004 18.667 0.051
3968.70923 18.566 0.051
3969.49671 18.571 0.058
3969.65049 18.687 0.057
3970.47735 18.501 0.052
3970.65830 18.646 0.051
3971.50014 18.324 0.053
3971.69156 18.527 0.045
3973.54120 18.469 0.054
3974.47706 18.593 0.064
3974.65616 18.546 0.047
3975.47461 18.390 0.064
3975.65124 18.556 0.048
3976.47652 18.521 0.046
3976.64375 18.592 0.060
3979.47100 18.506 0.093
3982.53567 18.546 0.062
3983.48613 18.338 0.065
3986.54928 18.669 0.068
3987.47730 18.645 0.075
3987.63816 18.671 0.054
3988.47977 18.636 0.048
3990.61132 18.627 0.064
3993.58132 18.505 0.052
3995.53799 18.600 0.048
3996.53645 18.496 0.062
3999.55873 18.626 0.051
4003.50933 18.696 0.056
4004.48458 18.477 0.043
4006.49134 18.447 0.060
4011.58807 18.618 0.081
4012.53939 18.689 0.071
4016.48686 18.691 0.068
4018.49425 18.421 0.062
4020.50145 18.462 0.062
4023.51034 18.503 0.076
4025.52980 18.775 0.064
4027.53468 18.574 0.062
4030.52648 18.828 0.084
4036.50772 18.489 0.085
4039.52133 18.762 0.085
4042.51888 18.641 0.088
4140.87575 19.030 0.125
4149.86860 18.657 0.060
4153.85494 18.631 0.054
4155.89092 18.635 0.056
4158.85289 18.644 0.055
4161.81967 18.660 0.078
4162.90220 18.510 0.059
4164.80937 18.650 0.065
4165.88974 18.581 0.091
4167.89376 18.627 0.055
4169.89733 18.567 0.050
4174.89978 18.635 0.053
4176.87327 18.724 0.055
4178.76554 18.537 0.056
4179.82441 18.568 0.048
4180.90373 18.531 0.063
4182.80556 18.608 0.043
4182.90568 18.605 0.041
4183.75055 18.573 0.052
4183.84172 18.576 0.050
4184.75338 18.616 0.062
4184.83752 18.607 0.051
4184.88216 18.586 0.044
4184.91632 18.573 0.054
4185.74994 18.543 0.056
4185.78017 18.526 0.049
4185.81402 18.636 0.050
4185.85510 18.639 0.058
4185.85811 18.657 0.055
4186.90472 18.510 0.062
4187.84643 18.473 0.060
4187.86727 18.473 0.059
4187.87111 18.452 0.058
4187.88133 18.552 0.063
4187.89452 18.621 0.059
4187.90653 18.552 0.060
4187.91987 18.563 0.067
4189.80123 18.510 0.068
4189.83970 18.520 0.055
4189.87909 18.678 0.060
4189.88515 18.625 0.064
4189.91612 18.579 0.060
4190.73787 18.629 0.062
4190.77277 18.523 0.061
4190.80234 18.590 0.072
4190.83623 18.690 0.060
4190.86797 18.629 0.051
4190.89829 18.615 0.050
4190.91708 18.624 0.056
4191.76707 18.588 0.068
4191.79918 18.646 0.068
4191.84784 18.563 0.071
4191.90249 18.609 0.068
4192.76306 18.561 0.072
4192.81814 18.653 0.069
4193.77872 18.904 0.087
4194.76249 18.688 0.067
4196.75276 18.646 0.080
4197.76371 18.667 0.089
4202.73419 18.565 0.066
4203.72234 18.585 0.044
4203.90675 18.601 0.045
4204.71062 18.632 0.064
4205.71109 18.964 0.077
4207.70056 18.539 0.058
4207.87525 18.633 0.045
4208.72270 18.532 0.051
4209.75539 18.591 0.045
4211.73533 18.384 0.060
4212.89665 18.529 0.066
4212.91382 18.686 0.070
4213.72931 18.626 0.055
4215.71928 18.633 0.058
4216.67661 18.699 0.067
4216.86565 18.614 0.040
4217.68222 18.694 0.052
4218.70643 18.545 0.061
4219.72788 18.489 0.062
4220.66484 18.606 0.078
4221.68219 18.638 0.067
4222.88513 18.580 0.052
4223.66917 18.624 0.070
4224.75992 18.551 0.066
4228.65418 18.573 0.074
4228.88586 18.622 0.071
4229.64892 18.549 0.069
4229.84602 18.857 0.069
4229.90760 18.652 0.052
4230.65876 18.583 0.049
4230.84674 18.531 0.054
4230.90849 18.519 0.072
4231.64312 18.555 0.053
4231.81856 18.598 0.048
4231.91148 18.587 0.061
4232.72595 18.578 0.062
4232.89297 18.645 0.072
4233.75358 18.642 0.071
4234.68310 18.823 0.077
4234.92315 18.421 0.054
4235.86817 18.598 0.051
4237.66540 18.590 0.065
4238.70690 18.715 0.056
4238.85287 18.577 0.057
4238.91459 18.463 0.059
4239.59729 18.513 0.076
4240.65432 18.595 0.052
4240.77372 18.615 0.051
4240.91688 18.620 0.064
4243.61686 18.593 0.071
4243.71315 18.512 0.054
4243.80662 18.600 0.055
4243.92442 18.712 0.071
4244.59270 18.627 0.076
4244.68503 18.545 0.054
4244.78161 18.689 0.054
4245.58538 18.579 0.047
4245.67911 18.640 0.047
4245.77228 18.595 0.043
4246.64412 18.818 0.068
4246.73714 18.536 0.055
4246.83041 18.652 0.059
4247.62710 18.662 0.063
4247.78018 18.586 0.050
4250.70744 18.690 0.068
4251.77901 18.660 0.092
4256.59421 18.621 0.083
4256.74072 18.592 0.079
4256.83891 18.444 0.066
4257.62614 18.590 0.070
4258.61024 19.031 0.104
4258.73291 18.683 0.062
4258.82817 18.595 0.062
4267.56960 18.579 0.069
4268.75766 18.593 0.050
4268.87803 18.676 0.072
4269.55256 18.632 0.063
4269.67363 18.608 0.049
4269.76437 18.592 0.053
4270.54808 18.670 0.069
4272.61653 18.644 0.054
4272.76568 18.570 0.054
4272.83718 18.657 0.061
4273.59349 18.446 0.073
4273.77437 18.571 0.056
4273.83415 18.491 0.066
4274.58597 18.611 0.072
4274.74057 18.590 0.058
4274.79966 18.687 0.064
4275.57868 18.569 0.065
4275.75415 18.579 0.062
4275.81261 18.565 0.066
4275.87374 18.563 0.078
4276.55668 18.581 0.080
4277.50731 18.526 0.074
4277.68251 18.565 0.051
4277.74297 18.586 0.062
4277.80160 18.903 0.091
4278.54111 18.455 0.071
4278.72836 18.482 0.073
4278.80134 18.526 0.079
4283.48679 18.546 0.068
4283.68769 18.490 0.104
4283.69344 18.576 0.058
4284.48184 18.521 0.072
4284.71229 18.561 0.054
4284.77451 18.637 0.058
4284.83959 18.588 0.074
4285.48033 18.533 0.076
4285.67218 18.516 0.056
4285.73690 18.573 0.057
4285.80243 18.630 0.066
4286.48061 18.599 0.094
4286.76384 18.628 0.075
4286.77020 18.559 0.064
4286.85138 18.800 0.104
4289.48115 18.404 0.070
4289.50797 18.507 0.068
4289.53237 18.485 0.058
4289.55400 18.445 0.062
4289.58776 18.541 0.064
4289.63610 18.505 0.066
4289.67454 18.586 0.074
4289.70697 18.571 0.063
4289.72651 18.612 0.060
4289.75138 18.532 0.062
4289.77272 18.638 0.058
4289.79172 18.790 0.068
4289.81611 18.941 0.095
4289.83955 18.833 0.079
4290.53819 18.473 0.060
4290.57845 18.590 0.067
4290.75404 18.530 0.063
4291.57188 18.530 0.068
4291.64112 18.611 0.047
4291.76354 18.641 0.063
4292.46684 18.676 0.082
4292.64494 18.653 0.047
4292.70459 18.600 0.045
4292.76330 18.650 0.042
4292.82647 18.526 0.055
4293.46716 18.524 0.063
4293.67309 18.672 0.049
4293.73186 18.601 0.046
4293.80950 18.666 0.056
4294.46646 18.574 0.078
4295.46296 18.513 0.092
4295.67151 18.568 0.043
4295.73018 18.611 0.042
4295.80720 18.568 0.052
4296.46928 18.443 0.064
4296.65671 18.626 0.042
4296.74359 18.600 0.046
4297.46448 18.461 0.073
4297.69193 18.554 0.048
4297.75364 18.404 0.043
4298.52478 18.561 0.047
4298.63009 18.580 0.050
4298.72411 18.652 0.053
4299.50760 18.803 0.068
4299.60095 18.649 0.050
4299.69318 18.609 0.050
4299.78335 18.624 0.054
4300.49862 18.468 0.050
4300.62291 18.640 0.044
4300.71932 18.535 0.048
4301.49354 18.713 0.060
4301.58583 18.687 0.049
4301.68250 18.626 0.050
4301.78102 18.728 0.052
4302.54637 18.484 0.056
4302.66121 18.554 0.058
4303.64038 18.492 0.055
4304.52732 18.606 0.083
4304.63672 18.625 0.059
4305.65251 18.540 0.062
4306.51256 18.599 0.087
4306.65209 19.017 0.079
4307.75266 18.552 0.060
4310.75849 18.580 0.077
4311.72810 18.664 0.084
4312.49792 18.481 0.065
4312.69312 18.654 0.069
4312.79070 18.594 0.064
4314.49148 18.502 0.050
4315.53207 18.547 0.052
4316.56094 18.667 0.048
4317.48334 18.602 0.054
4317.68232 18.616 0.052
4319.49239 18.598 0.069
4319.74686 18.665 0.072
4320.50790 18.613 0.059
4326.47095 18.485 0.070
4327.56358 18.586 0.063
4328.49085 18.460 0.050
4328.66780 18.580 0.059
4329.50182 18.573 0.058
4329.64963 18.533 0.054
4329.70845 18.628 0.068
4330.51358 18.567 0.049
4330.66456 18.977 0.071
4331.49378 18.600 0.060
4331.66028 18.647 0.057
4332.47148 18.629 0.072
4333.50256 18.632 0.069
4333.66363 18.639 0.052
4334.47580 18.676 0.137
4334.57337 18.568 0.103
4338.47426 18.567 0.072
4339.49544 18.606 0.065
4339.66652 18.579 0.067
4340.56403 18.618 0.079
4341.47634 18.576 0.089
4342.47236 18.616 0.122
4342.50517 18.608 0.057
4343.47373 18.577 0.068
4343.68146 18.590 0.065
4344.51239 18.483 0.068
4345.47777 18.672 0.075
4346.48640 18.568 0.064
4347.50521 18.837 0.085
4348.47904 18.624 0.067
4349.67176 18.665 0.061
4350.50081 18.649 0.062
4351.47573 18.569 0.073
4352.48686 18.544 0.067
4353.48341 18.552 0.053
4354.51218 18.604 0.051
4355.50276 18.535 0.056
4356.48026 18.656 0.058
4357.56347 18.526 0.072
4358.52069 18.551 0.069
4359.48072 18.817 0.078
4361.54256 18.441 0.070
4362.47792 18.769 0.096
4365.52535 18.260 0.058
4367.51068 18.593 0.061
4368.54684 18.610 0.070
4369.48512 18.502 0.077
4370.53135 18.616 0.051
4371.50608 18.810 0.068
4372.48186 18.622 0.067
4373.55719 18.508 0.061
4375.50767 18.458 0.070
4377.58132 18.642 0.079
4378.49138 18.489 0.052
4379.50676 18.508 0.081
4380.51826 18.555 0.053
4381.49624 18.446 0.074
4382.58475 18.583 0.070
4383.50977 18.889 0.075
4384.54672 18.525 0.064
4387.52846 18.507 0.062
4393.50404 18.694 0.057
4394.56149 18.554 0.071
4395.53290 18.897 0.104
4396.54540 18.593 0.097
4397.50422 18.648 0.073
4398.51188 18.600 0.069
4399.54750 18.586 0.072
4400.50683 18.694 0.084
4402.52147 18.550 0.076
4403.52242 18.491 0.073
4409.53989 18.666 0.098
4411.52740 18.616 0.090
4505.88583 18.581 0.062
4509.85811 18.692 0.055
4513.83438 18.711 0.067
4517.82843 18.663 0.096
4519.81441 18.550 0.088
4522.84324 18.851 0.105
4524.82690 18.645 0.072
4525.88705 18.617 0.084
4530.78907 18.656 0.053
4532.90778 18.511 0.076
4533.81783 18.664 0.056
4535.87281 18.545 0.061
4537.77242 18.599 0.060
4538.86639 18.581 0.055
4539.82756 18.766 0.056
4540.83746 18.667 0.050
4541.76652 18.578 0.052
4542.76108 18.713 0.081
4543.75668 18.568 0.060
4544.75354 18.513 0.067
4545.74022 18.572 0.081
4546.74690 18.534 0.069
4547.76105 18.566 0.059
4548.81394 18.639 0.058
4550.78617 18.588 0.061
4551.73252 19.104 0.097
4552.77611 18.540 0.117
4556.72802 18.631 0.057
4556.91824 18.575 0.053
4557.74638 18.601 0.061
4558.76659 18.612 0.046
4559.71945 18.630 0.050
4559.90842 18.600 0.050
4560.71574 18.580 0.058
4560.90849 18.632 0.043
4561.71223 18.535 0.050
4561.89780 18.614 0.041
4564.70245 18.628 0.055
4564.90272 18.619 0.043
4565.70059 18.657 0.045
4565.89119 18.606 0.036
4566.69993 18.549 0.049
4566.89245 18.563 0.041
4567.69210 18.430 0.057
4567.89886 18.670 0.048
4568.69766 18.592 0.060
4569.70732 18.691 0.071
4569.91688 18.623 0.050
4570.69525 18.692 0.065
4570.92529 19.022 0.085
4571.68638 18.495 0.069
4571.88437 18.576 0.042
4572.69820 18.481 0.072
4573.71203 18.590 0.063
4573.92049 18.569 0.044
4574.71444 18.603 0.061
4575.71986 18.937 0.074
4576.72755 18.566 0.059
4577.80900 18.628 0.051
4578.76276 18.654 0.070
4579.83948 18.691 0.062
4583.70647 18.602 0.066
4583.88723 18.632 0.053
4585.72696 18.531 0.062
4586.73488 18.618 0.071
4587.73806 18.781 0.080
4587.90156 18.660 0.068
4588.70831 18.571 0.063
4589.69059 18.583 0.058
4589.84592 18.514 0.055
4589.90795 18.601 0.063
4590.66797 18.617 0.056
4590.87367 18.544 0.049
4591.67982 18.617 0.059
4591.85183 18.560 0.049
4591.91393 18.658 0.061
4592.63825 18.714 0.068
4592.82748 18.584 0.061
4592.89088 18.573 0.053
4593.62756 18.630 0.064
4593.83709 18.532 0.046
4593.89915 18.612 0.051
4594.64863 18.513 0.067
4594.84335 18.578 0.053
4594.90551 18.784 0.061
4595.63178 18.416 0.070
4595.83225 18.598 0.053
4595.89433 18.638 0.061
4596.62738 18.686 0.063
4596.90705 18.531 0.051
4597.65786 18.592 0.057
4597.84918 18.599 0.048
4597.92025 18.626 0.063
4598.62762 18.582 0.042
4598.87247 18.587 0.042
4599.60644 18.475 0.062
4599.81050 19.094 0.069
4600.61560 18.593 0.050
4600.82917 18.587 0.045
4600.92224 18.649 0.057
4601.62121 18.702 0.058
4601.83760 18.581 0.041
4601.89949 18.672 0.050
4601.94199 18.569 0.086
4602.60863 18.559 0.052
4602.81932 18.609 0.046
4602.92805 18.593 0.058
4603.74126 18.623 0.052
4606.60901 18.663 0.071
4610.70991 18.445 0.088
4610.91729 18.621 0.092
4611.60081 18.572 0.074
4611.83370 18.965 0.066
4612.62218 18.517 0.064
4615.76387 18.657 0.063
4616.57292 18.849 0.092
4616.78939 18.612 0.048
4616.85914 18.534 0.052
4617.63324 18.663 0.055
4618.58442 18.700 0.068
4620.63788 18.522 0.073
4621.67047 18.600 0.043
4622.76618 18.532 0.051
4622.88442 18.647 0.064
4623.59780 18.489 0.059
4623.83816 18.938 0.084
4623.90907 18.673 0.088
4624.54992 18.684 0.086
4624.78181 18.675 0.060
4624.84840 18.602 0.053
4624.91741 18.583 0.065
4625.57610 18.590 0.066
4625.76425 18.578 0.060
4625.85812 18.619 0.064
4626.55995 18.555 0.071
4626.82647 18.601 0.052
4627.53147 18.504 0.052
4627.79998 18.629 0.041
4627.88663 18.638 0.046
4628.56475 18.871 0.071
4628.72854 18.719 0.053
4628.79412 18.654 0.056
4628.85607 18.620 0.050
4629.57623 18.659 0.069
4629.79765 18.675 0.058
4629.87997 18.646 0.053
4630.53144 18.551 0.065
4630.74150 18.608 0.044
4630.81958 18.653 0.055
4630.88770 18.699 0.059
4631.75278 18.561 0.047
4631.83054 18.575 0.046
4631.90550 18.673 0.078
4632.53428 18.528 0.071
4632.79716 18.598 0.049
4633.54029 18.581 0.057
4633.64217 18.668 0.056
4633.76380 18.497 0.075
4638.72583 18.654 0.067
4638.82353 18.556 0.059
4639.53849 18.639 0.066
4639.64471 18.648 0.054
4639.82407 18.582 0.065
4640.56462 18.814 0.058
4640.69552 18.834 0.065
4640.80282 18.576 0.072
4641.58747 18.572 0.050
4641.74305 18.638 0.058
4642.56321 18.662 0.066
4642.72371 18.590 0.048
4642.80164 18.581 0.053
4642.87312 18.722 0.086
4643.51634 18.525 0.066
4643.84924 18.621 0.067
4644.63582 18.613 0.062
4644.81508 18.541 0.046
4645.49001 18.732 0.073
4645.74069 18.643 0.055
4645.81654 18.586 0.057
4645.88127 18.480 0.065
4646.49186 18.522 0.052
4647.48636 18.410 0.065
4647.71117 18.633 0.061
4647.80457 18.811 0.078
4648.51471 18.514 0.053
4648.60421 18.616 0.055
4648.68036 18.664 0.053
4648.83214 18.568 0.062
4649.49489 18.633 0.064
4649.70535 18.672 0.054
4649.81987 18.604 0.065
4650.52636 18.576 0.067
4650.74387 18.665 0.048
4650.82882 18.661 0.066
4651.48661 18.639 0.070
4651.73370 18.414 0.064
4652.47817 18.606 0.073
4652.68077 18.968 0.072
4652.76232 18.629 0.053
4652.81592 18.518 0.058
4653.47464 18.686 0.089
4653.69372 18.556 0.051
4653.75898 18.576 0.058
4654.50991 18.584 0.071
4654.70773 18.562 0.052
4654.78989 18.640 0.064
4655.47447 18.576 0.073
4655.69883 18.608 0.043
4655.76071 18.611 0.047
4656.47637 18.528 0.052
4656.66624 18.549 0.054
4656.78183 18.622 0.056
4657.55095 18.735 0.071
4658.63474 18.558 0.052
4659.53192 18.486 0.070
4660.52419 18.494 0.064
4661.46456 18.608 0.079
4661.66210 18.507 0.067
4661.72669 18.715 0.066
4661.79376 18.717 0.069
4665.63154 18.665 0.078
4665.75683 18.638 0.086
4666.47603 18.630 0.087
4666.66063 18.684 0.070
4666.76450 18.465 0.078
4666.79026 18.457 0.074
4667.52249 18.760 0.100
4669.58614 18.523 0.064
4670.54639 18.635 0.068
4670.62214 18.629 0.063
4671.54307 18.596 0.054
4671.75000 18.661 0.056
4672.47778 18.702 0.062
4672.74133 18.719 0.069
4672.78025 18.550 0.056
4674.48225 18.472 0.066
4675.63341 18.684 0.052
4677.46281 18.375 0.106
4677.60922 18.668 0.051
4677.69299 18.601 0.052
4678.65991 18.546 0.044
4679.55556 18.643 0.068
4681.50426 18.886 0.072
4681.60432 18.626 0.054
4682.47528 18.581 0.054
4682.55120 18.609 0.054
4682.72787 18.583 0.048
4683.47182 18.523 0.077
4683.68068 18.640 0.058
4683.74391 18.517 0.050
4684.47750 18.489 0.064
4684.74225 18.634 0.052
4685.51965 18.515 0.056
4686.47490 18.671 0.065
4687.50089 18.598 0.052
4687.71430 18.506 0.064
4688.47147 18.488 0.081
4688.66148 18.811 0.059
4688.72321 18.836 0.070
4693.53566 18.849 0.065
4694.51443 18.683 0.085
4697.47142 18.593 0.074
4697.69661 18.572 0.072
4698.47566 18.542 0.053
4699.47457 18.653 0.074
4700.48288 18.698 0.061
4701.47819 18.488 0.060
4701.66701 18.596 0.055
4702.47658 18.597 0.070
4703.47813 18.630 0.051
4704.56165 18.562 0.049
4705.48044 19.098 0.112
4707.58139 18.613 0.052
4708.51319 18.592 0.051
4709.48919 18.501 0.067
4710.51344 18.514 0.055
4711.49838 18.411 0.057
4715.56165 18.604 0.067
4716.47660 18.597 0.073
4720.50224 18.683 0.113
4721.50315 18.692 0.093
4722.61538 18.531 0.062
4724.48223 18.616 0.081
4725.55609 18.560 0.069
4726.52067 18.581 0.075
4728.56515 18.475 0.061
4729.50568 18.877 0.078
4731.52859 18.593 0.067
4733.48018 18.605 0.081
4734.49596 18.456 0.059
4737.51484 18.670 0.061
4738.55469 18.555 0.065
4739.55860 18.661 0.079
4740.52690 18.586 0.068
4741.49964 18.986 0.089
4743.50808 18.542 0.073
4750.57479 18.637 0.080
4756.49060 18.707 0.097
4765.49232 18.855 0.120
4866.88420 18.568 0.110
4867.86783 18.603 0.065
4870.86754 18.617 0.065
4872.87919 18.623 0.098
4876.84061 18.500 0.066
4883.84218 18.635 0.063
4884.82289 18.592 0.061
4886.87434 18.580 0.055
4890.85655 18.588 0.046
4896.84421 18.617 0.051
4899.81564 18.635 0.058
4900.79536 18.562 0.058
4901.85551 18.628 0.059
4902.85389 18.594 0.049
4904.77827 18.597 0.054
4905.88210 18.587 0.072
4910.78413 18.628 0.065
4911.75478 18.636 0.046
4912.75161 18.677 0.046
4914.75456 18.504 0.050
4918.75146 18.579 0.045
4924.71408 18.533 0.048
4925.76338 18.604 0.043
4925.87946 18.550 0.040
4926.72720 18.605 0.062
4927.79879 18.686 0.059
4928.70289 18.513 0.076
4929.70835 18.503 0.070
4929.84769 18.636 0.051
4930.76631 18.636 0.063
4931.68829 18.468 0.076
4931.81065 18.494 0.051
4932.76587 18.615 0.053
4933.68598 18.659 0.085
4933.81419 18.598 0.059
4934.78959 18.654 0.069
4938.69409 18.656 0.057
4938.79354 18.547 0.052
4939.71310 18.708 0.069
4939.81460 18.512 0.056
4940.71720 18.702 0.055
4941.69187 18.614 0.054
4941.81893 18.642 0.056
4942.67137 18.641 0.059
4942.84428 18.709 0.048
4943.68374 18.626 0.049
4943.74978 18.670 0.047
4944.68911 18.659 0.052
4944.76427 18.508 0.046
4945.68586 18.878 0.065
4945.81733 18.747 0.047
4946.74327 18.596 0.051
4947.69777 18.574 0.041
4948.85316 18.658 0.042
4949.64693 18.597 0.056
4950.68474 18.597 0.047
4951.67526 18.640 0.061
4952.79407 18.684 0.046
4953.65290 18.658 0.052
4953.75862 18.696 0.056
4954.67300 18.624 0.052
4954.77097 18.583 0.047
4955.67367 18.617 0.057
