2118.74401 17.845 0.031
2125.50995 17.814 0.048
2129.59548 17.729 0.028
2132.54020 17.699 0.027
2135.67104 17.676 0.023
2140.63558 17.638 0.028
2382.87826 17.925 0.037
2386.83097 17.772 0.039
2390.76081 17.698 0.034
2397.78527 17.773 0.029
2397.83844 17.755 0.030
2401.75155 17.712 0.028
2403.80757 18.058 0.034
2405.77595 17.660 0.028
2415.84381 17.812 0.042
2424.72065 18.056 0.045
2428.68491 17.707 0.027
2434.62499 18.207 0.054
2435.85162 17.750 0.030
2437.79020 17.675 0.032
2439.73373 17.680 0.025
2441.68961 17.677 0.022
2444.81497 17.697 0.037
2446.82389 17.852 0.037
2453.78003 17.691 0.028
2458.83189 18.170 0.048
2462.56127 17.644 0.026
2464.68252 17.669 0.023
2467.58561 17.749 0.028
2469.59751 17.615 0.022
2471.65987 17.625 0.022
2473.56089 17.721 0.031
2483.64161 17.708 0.028
2486.62492 17.763 0.034
2490.59189 17.717 0.033
2493.55112 17.747 0.029
2495.62572 17.660 0.027
2497.68039 17.648 0.026
2499.72822 17.655 0.025
2501.74668 18.034 0.040
2508.56293 17.680 0.031
2512.52293 17.721 0.033
2517.69305 17.760 0.039
2520.47973 18.157 0.045
2526.57591 17.732 0.027
2535.57693 17.650 0.041
2541.55507 17.654 0.031
2547.49510 17.765 0.037
2556.48331 17.625 0.051
2563.51899 17.685 0.029
2574.49664 17.881 0.042
2705.84757 17.728 0.031
2713.90164 17.615 0.022
2728.84299 17.665 0.028
2733.82505 17.716 0.033
2744.79802 17.655 0.024
2752.86956 17.683 0.032
2756.84239 17.642 0.028
2760.80837 17.733 0.036
2766.84189 17.700 0.027
2770.72161 17.692 0.033
2783.78254 17.708 0.026
2786.84507 18.072 0.053
2789.65022 17.700 0.028
2791.61222 17.699 0.029
2794.76883 17.684 0.029
2796.71705 18.146 0.035
2802.83091 17.765 0.056
2808.85879 18.062 0.063
2810.77829 17.693 0.028
2811.82738 17.650 0.031
2813.62386 17.665 0.034
2815.74560 17.671 0.026
2817.69845 17.851 0.037
2818.76067 18.070 0.042
2820.63098 17.675 0.031
2826.62300 17.705 0.028
2834.67198 17.894 0.091
2835.80150 17.729 0.037
2837.53623 17.716 0.036
2839.57245 18.020 0.044
2841.57346 17.714 0.030
2843.51812 17.709 0.029
2845.55770 17.754 0.039
2849.70814 17.668 0.031
2851.72244 18.231 0.050
2853.72822 17.745 0.032
2856.60838 17.756 0.036
2858.59215 17.624 0.032
2859.63086 17.747 0.042
2860.71858 17.695 0.041
2863.60123 17.663 0.032
2866.68996 17.739 0.034
2869.63069 17.689 0.028
2872.60464 17.952 0.030
2877.59472 17.799 0.031
2883.54114 17.734 0.028
2892.56251 17.961 0.053
2896.58427 17.701 0.027
2902.52437 17.773 0.043
2907.52272 17.740 0.039
2916.59689 17.868 0.045
2928.54035 17.692 0.035
3050.87503 17.929 0.040
3058.82218 17.690 0.030
3061.88662 18.004 0.036
3067.82302 17.666 0.029
3069.89671 17.661 0.027
3072.86153 17.802 0.027
3074.90105 17.654 0.025
3079.80794 17.575 0.026
3082.77430 17.939 0.033
3084.76756 17.696 0.029
3086.76241 17.687 0.024
3087.87280 17.682 0.026
3089.78332 17.661 0.026
3091.74535 17.760 0.030
3096.77228 17.745 0.036
3098.78152 17.762 0.028
3100.89293 17.691 0.027
3102.77221 17.693 0.029
3107.77214 17.648 0.025
3108.84226 17.635 0.023
3109.91196 17.720 0.027
3110.76147 17.655 0.026
3111.81898 17.712 0.030
3113.79815 17.710 0.025
3113.83462 17.675 0.024
3113.88488 17.661 0.028
3113.91610 17.698 0.025
3113.92264 17.653 0.026
3114.66644 17.798 0.030
3114.73647 18.106 0.032
3115.79834 17.959 0.028
3118.85499 17.610 0.028
3122.80535 17.838 0.045
3125.78282 18.192 0.057
3126.79300 17.907 0.029
3127.72275 17.633 0.027
3128.74231 17.696 0.028
3129.72518 17.713 0.034
3130.89663 17.759 0.038
3134.69544 17.751 0.052
3137.74168 17.723 0.034
3138.84918 17.759 0.028
3139.78496 17.664 0.025
3140.79718 17.639 0.024
3142.65578 17.720 0.028
3142.91195 17.726 0.028
3144.71936 17.635 0.023
3146.68198 18.211 0.049
3151.67799 17.839 0.036
3152.68140 17.789 0.032
3152.89433 17.772 0.039
3153.68434 17.720 0.031
3156.67546 17.747 0.029
3158.77309 18.174 0.056
3162.73092 17.734 0.033
3163.69475 17.773 0.028
3164.66201 17.674 0.025
3165.83000 17.656 0.020
3167.87727 17.722 0.033
3168.67546 18.164 0.042
3169.64710 17.671 0.026
3170.72120 17.704 0.025
3171.67518 17.718 0.024
3172.65499 17.743 0.026
3174.63935 17.703 0.024
3175.64119 17.604 0.022
3176.67535 17.745 0.035
3178.70379 17.714 0.029
3179.74081 17.872 0.030
3180.63243 17.694 0.022
3182.69498 17.692 0.029
3183.64407 17.711 0.029
3184.61491 17.779 0.026
3185.78019 17.797 0.030
3193.45792 17.877 0.088
3193.79847 17.669 0.028
3194.66469 17.701 0.029
3195.59588 17.711 0.028
3196.67202 17.706 0.031
3197.67470 17.682 0.029
3199.70639 17.656 0.026
3202.69416 17.758 0.029
3203.73938 17.686 0.025
3204.73503 17.681 0.025
3205.61342 17.741 0.025
3206.59049 17.746 0.025
3210.70160 17.696 0.028
3211.60652 18.108 0.042
3212.59213 17.797 0.043
3217.58136 17.662 0.037
3218.58053 17.717 0.034
3223.57720 17.775 0.036
3224.58597 17.654 0.024
3226.54079 17.699 0.031
3228.67006 17.918 0.041
3229.55387 17.696 0.028
3230.59284 17.656 0.021
3231.49368 17.822 0.033
3238.71842 17.795 0.044
3240.70232 17.841 0.044
3241.58666 17.686 0.054
3244.68409 17.876 0.052
3246.57066 17.710 0.036
3248.59550 17.706 0.035
3250.58275 17.730 0.029
3253.57457 17.714 0.026
3256.55011 17.810 0.040
3259.55085 17.775 0.036
3262.56242 17.695 0.028
3266.57605 18.083 0.055
3271.51474 17.817 0.072
3274.55549 17.775 0.037
3278.50581 17.761 0.033
3281.53276 17.890 0.035
3287.53854 18.191 0.047
3292.52729 17.856 0.032
3414.89082 17.712 0.030
3420.86221 17.697 0.028
3424.89505 17.670 0.024
3428.84328 17.652 0.027
3430.88006 17.677 0.023
3442.81644 17.741 0.033
3444.87048 18.067 0.033
3446.89918 17.700 0.028
3449.78888 17.717 0.026
3452.81740 17.680 0.028
3454.87098 17.798 0.029
3457.80562 17.624 0.026
3458.79974 17.631 0.026
3458.84902 17.662 0.025
3467.85710 17.739 0.026
3469.76277 17.665 0.022
3471.85271 17.806 0.037
3472.92003 17.769 0.023
3473.75745 17.650 0.024
3475.78060 17.832 0.028
3477.86769 18.177 0.041
3479.81694 17.654 0.020
3481.71632 17.676 0.028
3483.87596 17.724 0.024
3496.84867 17.689 0.028
3497.71837 18.214 0.054
3500.77741 17.712 0.026
3501.77107 17.737 0.021
3502.80181 17.634 0.021
3503.76336 17.757 0.025
3504.77983 17.744 0.027
3506.91450 17.663 0.031
3508.86735 17.815 0.038
3509.81466 18.113 0.033
3510.76808 17.722 0.028
3510.83009 17.775 0.026
3511.77863 17.667 0.023
3512.65195 17.811 0.037
3520.64320 17.685 0.027
3521.74891 17.673 0.027
3522.66045 17.700 0.025
3523.70052 17.703 0.021
3524.74368 17.811 0.030
3525.72117 17.719 0.024
3525.79843 17.748 0.026
3526.80772 17.773 0.026
3527.89813 17.709 0.035
3528.75990 17.680 0.027
3530.58270 17.709 0.025
3538.82924 17.753 0.029
3541.86941 17.725 0.028
3547.68866 17.753 0.033
3550.77858 17.684 0.024
3551.75191 17.797 0.026
3552.77246 18.123 0.043
3553.67257 17.751 0.028
3554.75210 17.783 0.030
3556.63529 17.781 0.028
3558.65202 17.672 0.021
3559.73226 17.769 0.036
3560.80675 17.660 0.023
3561.66103 17.791 0.028
3562.51411 17.650 0.022
3563.56802 17.767 0.026
3564.65535 17.747 0.029
3569.76291 17.469 0.025
3573.56562 17.862 0.041
3574.62059 17.813 0.038
3575.60959 17.649 0.022
3576.58399 17.680 0.026
3577.64952 17.833 0.039
3578.59619 17.797 0.026
3579.52468 17.618 0.020
3580.56340 17.692 0.025
3581.60370 17.762 0.028
3582.55174 17.823 0.028
3583.50155 17.908 0.029
3584.57740 17.886 0.026
3585.56815 17.708 0.022
3586.55681 17.697 0.023
3587.70142 17.777 0.049
3589.60684 17.704 0.018
3590.57528 17.749 0.026
3592.59491 17.653 0.025
3593.59845 17.748 0.025
3601.55886 17.712 0.025
3602.55799 17.613 0.026
3603.56425 17.744 0.029
3607.56481 17.734 0.026
3607.59962 17.865 0.030
3608.56186 17.815 0.036
3615.68285 17.793 0.039
3619.53204 17.710 0.033
3620.64043 17.709 0.025
3629.57124 17.737 0.032
3632.49423 17.837 0.040
3634.55231 17.676 0.027
3640.50147 17.705 0.034
3649.49507 17.878 0.036
3658.51114 17.708 0.037
3661.50695 17.796 0.048
3666.51836 17.662 0.028
3775.83537 17.686 0.035
3780.86723 17.668 0.027
3786.85534 17.643 0.030
3790.85593 17.696 0.034
3793.84596 17.705 0.025
3795.83664 17.741 0.032
3797.83088 17.685 0.027
3798.87900 17.680 0.025
3801.80138 17.766 0.031
3803.79160 17.678 0.025
3804.83435 17.887 0.030
3805.87180 18.098 0.036
3806.86855 17.805 0.029
3808.84154 17.670 0.027
3809.84524 17.690 0.028
3810.89330 17.735 0.041
3812.76153 17.666 0.033
3813.90609 17.677 0.027
3814.90370 17.673 0.025
3818.81358 17.742 0.027
3819.87724 17.688 0.022
3820.84095 17.756 0.038
3821.84513 17.851 0.041
3822.89553 17.697 0.024
3823.85945 17.662 0.025
3824.85711 17.778 0.032
3825.87898 17.679 0.028
3826.85685 17.797 0.028
3827.87977 18.201 0.053
3828.85522 17.841 0.033
3829.83339 17.723 0.024
3830.82868 17.825 0.028
3832.81751 17.749 0.025
3832.85356 17.765 0.025
3833.72869 17.656 0.025
3834.86596 17.680 0.023
3835.81644 17.662 0.021
3836.82128 17.717 0.028
3837.81137 18.122 0.054
3838.81553 17.959 0.037
3839.82763 17.718 0.028
3840.81869 17.697 0.028
3841.79681 17.671 0.027
3845.79882 17.719 0.032
3846.80206 17.682 0.024
3847.88373 17.750 0.042
3848.82584 17.966 0.028
3849.83743 18.065 0.030
3850.77188 17.700 0.028
3851.78173 17.747 0.032
3852.77026 17.737 0.028
3853.76294 17.709 0.019
3856.75188 17.677 0.026
3858.81204 17.811 0.031
3859.76210 18.309 0.052
3860.90226 18.058 0.040
3861.74413 17.713 0.026
3862.76139 17.683 0.025
3863.77307 17.658 0.021
3864.76229 17.767 0.023
3865.65315 17.701 0.028
3866.65725 17.646 0.027
3867.80060 17.714 0.028
3868.65629 17.881 0.043
3869.81317 17.749 0.035
3873.63832 17.620 0.024
3874.86032 17.697 0.027
3875.62846 17.690 0.025
3877.62381 17.644 0.024
3880.73482 17.944 0.028
3881.73456 17.941 0.029
3882.66961 17.765 0.026
3883.72217 17.700 0.025
3886.68382 17.740 0.024
3887.67650 17.621 0.027
3889.83128 17.697 0.025
3890.62190 17.988 0.035
3891.75462 18.038 0.040
3892.81658 18.135 0.035
3894.75335 17.717 0.029
3896.70445 17.796 0.029
3900.60939 17.695 0.027
3901.62603 18.115 0.037
3902.64061 17.984 0.028
3903.75086 18.107 0.038
3904.62368 17.687 0.025
3905.62393 17.734 0.032
3906.61204 17.950 0.042
3907.67322 17.829 0.034
3908.60858 17.709 0.030
3909.60795 17.648 0.021
3910.67554 17.728 0.027
3912.60941 18.106 0.027
3913.60698 17.790 0.023
3914.62504 17.711 0.024
3915.60487 17.686 0.028
3916.68070 17.733 0.027
3917.69662 17.728 0.027
3918.69915 17.780 0.025
3919.63632 17.755 0.029
3920.58834 17.756 0.029
3920.86586 17.758 0.028
3930.65064 17.855 0.029
3931.72406 17.720 0.027
3932.76755 17.714 0.028
3933.59058 17.818 0.024
3934.56126 18.006 0.029
3935.63946 17.967 0.035
3936.56179 17.729 0.028
3937.63748 17.711 0.025
3938.57042 17.825 0.031
3940.71067 17.776 0.026
3944.65221 17.783 0.026
3945.59185 18.165 0.042
3946.58910 17.765 0.030
3950.60148 17.767 0.025
3951.63084 17.806 0.030
3956.63794 18.265 0.057
3957.57578 17.756 0.048
3958.65618 17.692 0.028
3959.58822 17.704 0.028
3960.57660 17.698 0.023
3963.61781 17.646 0.022
3964.60586 17.665 0.021
3965.59444 17.693 0.023
3966.58241 17.989 0.031
3967.61476 18.233 0.042
3968.56884 17.749 0.028
3969.57635 17.719 0.024
3970.58950 17.723 0.033
3973.65090 17.754 0.028
3974.58672 17.776 0.034
3975.57826 17.727 0.026
3976.57580 17.704 0.025
3979.59462 17.825 0.039
3982.52709 17.759 0.037
3986.65244 17.800 0.043
3987.57240 17.713 0.027
3988.58966 17.917 0.026
3989.65505 18.218 0.058
3991.54811 17.757 0.031
3995.65101 17.745 0.030
3999.55071 18.186 0.043
4001.57416 17.701 0.025
4002.57508 17.642 0.021
4004.59381 17.744 0.037
4005.60925 17.836 0.032
4006.59483 17.751 0.027
4011.51192 17.823 0.036
4017.51320 17.734 0.028
4019.51738 17.704 0.029
4021.52336 18.242 0.064
4024.55301 17.737 0.029
4026.54853 17.760 0.028
4029.50710 17.729 0.039
4146.89449 17.733 0.044
4154.88932 17.679 0.027
4157.86014 17.658 0.028
4159.87636 17.667 0.030
4162.82372 17.700 0.041
4164.86351 17.635 0.027
4166.87933 17.922 0.046
4169.79383 17.683 0.031
4169.87587 17.645 0.026
4174.80142 17.719 0.038
4176.79441 17.850 0.031
4177.84813 18.160 0.042
4178.89092 18.143 0.040
4180.78830 17.698 0.033
4181.87787 17.685 0.028
4183.75993 17.676 0.028
4184.80831 17.672 0.028
4187.89776 17.762 0.033
4190.81939 17.677 0.031
4191.91955 17.692 0.034
4192.83814 17.695 0.030
4193.84904 17.748 0.031
4194.87070 17.730 0.030
4196.85919 17.679 0.028
4202.84046 17.647 0.024
4203.82861 17.640 0.025
4204.82407 17.728 0.026
4205.81915 17.749 0.028
4207.82122 17.641 0.024
4208.84471 17.658 0.027
4213.81998 17.671 0.024
4215.82621 17.781 0.029
4216.78395 17.663 0.028
4217.79175 17.645 0.021
4218.84669 17.674 0.028
4219.87685 17.673 0.031
4220.81665 17.859 0.040
4222.78248 17.711 0.033
4224.89902 17.639 0.032
4228.77683 17.632 0.039
4229.76154 17.669 0.032
4230.74529 17.730 0.033
4231.74767 18.237 0.044
4232.75915 17.759 0.033
4234.65689 17.642 0.028
4235.72090 17.611 0.024
4238.77090 17.666 0.031
4239.75000 17.639 0.025
4240.89372 17.683 0.029
4243.78979 17.960 0.039
4244.76469 17.724 0.030
4245.75551 17.672 0.026
4246.81319 17.663 0.027
4250.83855 17.733 0.036
4256.67548 17.791 0.045
4258.68485 17.749 0.033
4267.65011 17.727 0.026
4268.81973 17.686 0.028
4269.62856 17.720 0.026
4272.67913 17.646 0.025
4273.72825 17.701 0.030
4274.52489 17.735 0.042
4275.67971 17.830 0.033
4277.63711 17.680 0.028
4278.65306 17.771 0.039
4283.59834 17.675 0.031
4284.58235 18.148 0.050
4285.58902 17.900 0.044
4286.58522 17.655 0.027
4289.62011 17.730 0.037
4290.65154 17.789 0.036
4291.70634 17.757 0.029
4292.56774 17.648 0.025
4293.59376 17.656 0.023
4294.56689 17.746 0.028
4295.59208 18.058 0.036
4296.57566 17.769 0.027
4297.63948 17.711 0.027
4298.61372 17.715 0.028
4299.58408 17.658 0.024
4300.48253 17.820 0.040
4301.66280 17.740 0.028
4302.64508 17.784 0.033
4303.78313 17.825 0.041
4304.60992 17.715 0.038
4306.61081 18.121 0.050
4310.71160 17.752 0.042
4312.60575 17.783 0.030
4315.61588 17.760 0.035
4316.63695 17.749 0.033
4317.53540 18.044 0.038
4319.59849 17.764 0.034
4320.69141 17.740 0.041
4326.61429 17.689 0.027
4327.63950 17.759 0.038
4328.58169 18.300 0.071
4329.57428 17.775 0.034
4330.61660 17.737 0.028
4331.58128 17.748 0.038
4332.65233 17.722 0.030
4333.58200 17.775 0.034
4334.54942 17.724 0.057
4338.61243 17.768 0.038
4339.58154 18.085 0.042
4340.67860 18.152 0.052
4341.58350 17.707 0.036
4342.61978 17.708 0.031
4343.59909 17.630 0.025
4344.64431 17.757 0.034
4345.59894 17.739 0.030
4346.60093 17.698 0.031
4347.61484 17.726 0.034
4349.58673 17.764 0.029
4350.64852 17.934 0.039
4351.58879 17.776 0.035
4353.60866 17.755 0.039
4354.62819 17.662 0.032
4355.64113 17.794 0.043
4356.59278 17.798 0.039
4358.61526 17.737 0.043
4359.63441 17.685 0.036
4362.56319 17.769 0.045
4368.58409 17.707 0.043
4371.60008 17.848 0.046
4373.59667 17.769 0.035
4381.57581 17.756 0.048
4397.57451 17.710 0.049
4506.86345 18.162 0.048
4512.87822 17.711 0.023
4514.89652 17.653 0.028
4518.88068 17.860 0.043
4521.85103 17.653 0.029
4524.86040 17.709 0.030
4530.84842 17.666 0.023
4533.88738 17.724 0.029
4535.90976 17.702 0.035
4537.83656 17.728 0.027
4539.77983 17.763 0.036
4540.90749 17.824 0.030
4541.90422 17.672 0.023
4542.86760 17.641 0.026
4543.89374 17.674 0.025
4544.89132 17.722 0.026
4545.81593 17.680 0.027
4546.87008 17.696 0.028
4547.88524 17.627 0.027
4550.88500 18.155 0.042
4551.87811 17.803 0.034
4552.87132 17.727 0.031
4556.83925 17.700 0.027
4557.86555 17.679 0.025
4558.86204 17.674 0.025
4559.82970 17.708 0.026
4560.82999 18.053 0.032
4561.81890 17.856 0.025
4564.82321 17.703 0.023
4565.81217 17.752 0.022
4566.81418 17.783 0.025
4567.81451 17.700 0.025
4568.83690 17.653 0.022
4569.83078 17.693 0.028
4570.82147 17.740 0.033
4571.80516 18.158 0.039
4572.84303 18.044 0.040
4573.81871 17.717 0.027
4574.82087 17.757 0.031
4575.82963 17.708 0.032
4585.89386 17.670 0.028
4586.84171 17.737 0.031
4587.82235 17.753 0.031
4588.80536 17.744 0.025
4589.65104 17.716 0.040
4590.75562 17.702 0.028
4591.64341 17.971 0.041
4592.74875 17.925 0.033
4593.73402 17.876 0.032
4594.76260 17.688 0.027
4595.75034 17.679 0.027
4596.73952 17.667 0.024
4597.77074 17.685 0.026
4598.74013 17.750 0.023
4599.71591 17.666 0.026
4600.72507 17.651 0.021
4601.72967 17.630 0.022
4602.72380 17.691 0.024
4606.73760 17.729 0.028
4610.83146 17.699 0.035
4611.71134 17.759 0.034
4611.89788 17.814 0.033
4615.88797 17.951 0.047
4616.69676 17.669 0.027
4617.80798 17.746 0.037
4618.73847 17.754 0.029
4622.67546 17.719 0.029
4623.75546 17.691 0.029
4624.69074 17.876 0.034
4625.67580 18.096 0.046
4626.72588 17.938 0.044
4627.65497 17.672 0.024
4628.64928 17.703 0.028
4629.71441 17.753 0.028
4630.65127 17.801 0.032
4631.67278 17.645 0.023
4632.67270 17.611 0.024
4633.72978 17.625 0.028
4639.77515 17.704 0.034
4640.67511 17.697 0.032
4641.83164 17.716 0.037
4642.67356 17.735 0.029
4643.63952 17.686 0.027
4644.70659 17.711 0.028
4645.63808 17.744 0.028
4646.60986 18.111 0.030
4647.62024 17.734 0.026
4649.61438 17.707 0.031
4650.64274 17.693 0.027
4651.65765 17.693 0.028
4652.58677 17.744 0.029
4653.58067 17.648 0.029
4654.61984 17.637 0.025
4655.58406 17.697 0.032
4656.58712 17.920 0.030
4658.74447 18.253 0.052
4660.69404 17.687 0.032
4661.57661 17.696 0.027
4665.73837 17.650 0.036
4666.64378 17.729 0.033
4670.70855 17.774 0.035
4671.63320 17.785 0.049
4672.59289 17.716 0.025
4674.59929 17.763 0.035
4677.57187 17.720 0.029
4681.58745 17.771 0.030
4682.60467 17.675 0.027
4683.60166 17.682 0.034
4684.61967 17.894 0.034
4685.58734 17.762 0.030
4686.71616 17.804 0.034
4687.63462 17.733 0.032
4688.58075 17.689 0.032
4694.65604 17.785 0.047
4697.58202 17.719 0.043
4698.60821 17.731 0.030
4700.60327 18.029 0.038
4701.58615 18.062 0.065
4702.60111 17.790 0.035
4703.66836 17.824 0.039
4708.60189 17.698 0.033
4710.63708 17.705 0.029
4716.67380 17.669 0.040
4720.61934 17.717 0.037
4721.58820 17.809 0.045
4724.60022 17.730 0.036
4726.57946 17.807 0.042
4731.62902 17.799 0.036
4738.50494 17.724 0.033
4740.60911 17.716 0.038
4748.57386 17.681 0.040
4755.52763 17.986 0.046
4759.51800 17.753 0.042
4875.85715 17.697 0.033
4878.88743 17.937 0.031
4885.86914 17.670 0.026
4888.82087 17.841 0.035
4892.81653 17.776 0.042
4897.89527 17.658 0.027
4901.83844 17.726 0.028
4903.83781 17.727 0.026
4904.89605 17.718 0.028
4906.88754 17.809 0.030
4910.89406 17.673 0.028
4912.88060 17.908 0.025
4914.86195 17.666 0.024
4925.79503 17.691 0.022
4927.84893 17.800 0.033
4929.81761 17.690 0.028
4930.85098 17.659 0.030
4931.79478 17.719 0.032
4932.75003 18.144 0.042
4933.79834 17.994 0.036
4938.77337 17.777 0.030
4939.79872 17.737 0.028
4941.75280 17.706 0.027
4942.79358 17.767 0.026
4943.78610 18.483 0.073
4950.79875 17.679 0.027
4952.82573 17.688 0.026
4953.79033 17.738 0.028
4954.75216 18.244 0.042
