2128.68925 19.069 0.078
2131.60708 19.121 0.083
2135.57284 19.008 0.060
2140.55655 19.223 0.095
2143.66538 18.963 0.060
2162.63375 19.097 0.086
2170.54020 19.191 0.078
2173.61383 19.107 0.075
2183.55782 18.994 0.112
2185.49195 19.057 0.101
2200.51718 19.075 0.110
2328.82967 19.000 0.074
2344.88317 19.128 0.067
2351.84508 19.019 0.069
2360.85386 19.047 0.066
2371.82840 19.212 0.073
2381.83571 19.010 0.056
2385.85600 19.365 0.085
2389.85345 19.097 0.077
2391.75300 19.157 0.136
2400.74206 18.975 0.066
2400.76953 18.990 0.064
2402.85457 19.178 0.079
2404.90516 19.037 0.066
2406.89194 19.237 0.089
2414.81597 19.099 0.074
2416.71299 19.155 0.076
2424.77076 19.119 0.065
2426.71384 19.012 0.078
2428.80008 19.113 0.089
2431.73273 19.015 0.074
2433.70624 19.034 0.072
2435.65910 19.281 0.077
2437.71155 19.186 0.102
2439.63276 19.134 0.068
2441.63123 19.227 0.073
2444.62926 19.164 0.074
2446.72864 19.303 0.097
2452.64021 19.059 0.095
2458.77627 19.245 0.087
2462.63612 19.240 0.066
2464.59451 19.108 0.069
2467.48736 19.259 0.097
2469.49705 19.055 0.061
2471.73259 19.032 0.055
2473.48526 19.355 0.126
2483.56541 19.329 0.088
2486.53385 18.982 0.095
2490.51654 19.243 0.108
2492.75532 19.056 0.113
2495.54704 19.114 0.077
2497.60515 19.040 0.056
2499.65126 18.993 0.060
2501.66944 19.044 0.064
2508.48798 19.134 0.079
2511.66262 19.076 0.095
2518.58143 19.019 0.078
2521.59507 19.118 0.075
2535.52459 19.199 0.125
2541.49992 19.239 0.073
2546.54194 19.202 0.102
2555.54951 19.234 0.105
2562.50262 19.253 0.114
2572.48602 18.978 0.205
2703.90673 18.939 0.076
2712.91018 19.085 0.104
2727.86924 19.009 0.055
2732.88708 19.080 0.073
2743.87445 19.101 0.056
2752.78791 18.976 0.061
2755.89721 19.285 0.083
2759.88882 19.168 0.079
2765.91559 19.060 0.068
2770.64468 18.920 0.096
2782.88547 19.389 0.129
2784.82754 19.018 0.059
2786.71735 19.159 0.092
2789.58793 19.181 0.089
2791.54735 19.065 0.101
2794.70857 19.037 0.066
2796.64989 19.119 0.057
2802.69961 19.072 0.102
2808.74627 19.291 0.100
2810.66829 19.148 0.070
2812.64204 19.268 0.073
2813.73428 19.178 0.076
2815.67049 18.965 0.062
2816.80566 19.194 0.079
2817.81492 19.127 0.089
2819.60124 19.080 0.066
2821.57915 19.206 0.086
2830.61634 19.087 0.186
2835.54620 18.931 0.093
2836.77742 19.232 0.118
2838.67070 19.141 0.084
2840.64642 19.023 0.057
2844.70966 19.237 0.071
2849.60273 18.950 0.078
2853.64630 19.231 0.065
2856.52396 19.016 0.079
2858.50116 19.358 0.122
2859.52211 18.989 0.116
2860.65453 19.149 0.121
2863.64826 19.235 0.127
2867.60782 19.056 0.074
2870.68592 19.228 0.093
2876.66129 19.084 0.063
2878.68191 19.426 0.126
2882.55932 18.951 0.072
2885.61501 19.100 0.157
2896.53959 19.238 0.083
2915.50731 19.380 0.240
2925.53354 19.082 0.076
2935.54734 19.177 0.118
3049.84686 19.241 0.098
3057.87450 19.062 0.058
3066.90665 19.359 0.125
3069.85931 19.080 0.071
3071.86691 19.005 0.069
3074.85464 19.096 0.066
3076.90120 19.002 0.078
3078.90692 19.457 0.199
3081.80662 18.983 0.061
3084.74938 19.031 0.067
3086.74763 19.277 0.071
3088.75125 19.025 0.055
3090.85082 19.120 0.066
3092.82594 19.022 0.080
3097.78872 19.318 0.098
3099.78685 19.057 0.075
3101.72516 19.166 0.135
3103.73398 19.081 0.097
3106.74696 19.017 0.119
3107.87066 19.098 0.096
3109.70497 19.093 0.069
3110.71565 19.405 0.123
3112.71612 19.003 0.063
3113.75935 19.116 0.054
3115.75801 19.116 0.063
3118.79569 19.288 0.089
3122.76758 19.074 0.082
3125.74540 19.072 0.097
3126.68307 19.113 0.072
3127.68514 18.905 0.063
3128.70355 19.356 0.087
3129.68303 19.113 0.086
3130.84547 19.126 0.096
3134.65219 19.046 0.095
3135.71847 19.089 0.071
3139.71489 19.080 0.057
3140.68183 19.325 0.079
3141.84552 19.084 0.060
3144.67853 19.083 0.063
3146.63300 19.191 0.094
3151.63448 19.004 0.089
3152.64348 19.126 0.067
3153.64572 19.208 0.092
3154.72101 18.974 0.077
3156.63602 19.180 0.086
3158.67374 19.345 0.148
3162.68681 18.999 0.062
3163.60499 19.029 0.061
3164.59846 19.035 0.060
3165.59818 19.379 0.084
3168.63925 19.163 0.065
3169.60952 19.054 0.062
3170.70441 19.330 0.074
3171.62242 19.218 0.064
3172.61207 18.978 0.052
3174.59814 19.161 0.062
3175.59939 19.089 0.065
3178.66122 19.032 0.084
3179.69299 19.101 0.068
3180.56018 19.125 0.067
3182.59451 19.007 0.080
3182.64157 19.275 0.095
3183.56729 19.184 0.066
3183.59740 19.377 0.076
3184.57739 19.078 0.055
3185.66110 19.095 0.068
3191.87678 19.486 0.188
3195.53269 19.247 0.075
3196.53099 19.203 0.104
3197.77128 19.018 0.074
3199.57178 19.061 0.079
3202.62671 18.956 0.072
3203.57054 19.055 0.051
3205.56719 19.026 0.048
3206.54905 18.999 0.051
3207.55212 19.166 0.104
3211.53848 19.110 0.065
3212.53352 18.945 0.092
3217.54391 19.129 0.071
3218.54132 19.036 0.084
3223.53266 19.133 0.097
3224.54816 19.163 0.068
3226.50308 19.211 0.082
3229.51163 19.075 0.064
3230.55192 19.177 0.076
3241.54765 18.800 0.162
3244.64616 18.987 0.117
3246.54835 19.326 0.100
3248.55596 19.250 0.103
3250.54089 19.049 0.065
3257.68507 19.080 0.084
3262.52427 18.967 0.082
3266.50563 18.941 0.090
3268.54923 19.066 0.074
3270.57387 19.221 0.193
3274.51967 18.961 0.083
3277.59648 19.167 0.129
3279.57573 19.131 0.106
3287.49994 19.103 0.094
3310.53617 19.147 0.148
3431.89806 19.294 0.077
3438.89620 18.994 0.066
3444.83288 19.186 0.066
3446.85783 19.140 0.085
3448.89244 19.260 0.067
3452.77634 18.909 0.061
3454.83339 18.967 0.071
3456.84103 19.059 0.063
3467.84273 19.293 0.074
3471.79154 19.294 0.114
3477.90494 19.039 0.059
3480.70361 19.075 0.059
3483.69855 18.984 0.069
3496.90234 19.131 0.085
3497.66571 19.030 0.088
3497.77889 19.065 0.074
3499.70922 19.030 0.052
3500.89462 19.095 0.079
3501.70116 19.452 0.116
3502.85656 19.226 0.068
3503.85818 19.215 0.066
3504.69396 19.051 0.065
3508.70808 19.044 0.087
3511.73113 18.983 0.064
3512.68226 19.076 0.088
3520.58249 19.086 0.078
3522.82876 19.078 0.068
3523.65181 19.221 0.069
3524.63599 18.947 0.060
3527.81358 19.215 0.086
3528.64388 19.083 0.059
3529.60121 19.156 0.062
3530.73596 19.056 0.046
3537.78423 19.101 0.059
3538.80404 19.068 0.057
3539.55258 19.100 0.093
3539.81836 19.288 0.077
3540.51950 18.985 0.113
3541.62111 19.323 0.092
3544.71301 18.954 0.110
3547.74295 19.079 0.067
3550.71871 19.062 0.057
3551.83122 19.231 0.076
3553.63395 19.062 0.085
3554.59285 19.034 0.083
3556.59788 19.293 0.083
3558.56781 19.081 0.066
3559.78445 19.079 0.062
3560.75916 19.309 0.071
3561.72605 19.182 0.057
3562.78261 19.186 0.068
3563.53008 19.280 0.076
3569.81748 19.029 0.110
3573.52803 19.062 0.090
3574.57932 19.100 0.080
3575.56773 19.153 0.058
3576.52598 19.070 0.060
3577.57833 19.076 0.064
3578.55167 19.146 0.055
3579.51009 19.005 0.052
3580.52569 19.333 0.083
3581.55542 19.240 0.079
3582.51421 19.112 0.070
3583.55394 19.190 0.062
3584.54014 19.191 0.056
3585.53061 19.052 0.050
3586.58919 19.406 0.067
3587.64506 19.029 0.071
3588.58158 19.048 0.050
3589.54031 19.126 0.052
3590.52039 19.261 0.063
3591.56551 19.133 0.056
3592.53874 19.061 0.055
3593.62723 19.086 0.057
3594.58353 19.116 0.050
3594.66140 19.250 0.073
3601.49175 19.038 0.067
3602.51683 19.123 0.100
3603.51080 19.093 0.082
3607.52691 19.155 0.060
3608.51862 19.260 0.085
3617.57199 19.020 0.072
3620.67565 19.365 0.081
3632.54629 19.014 0.084
3634.60953 19.148 0.090
3640.59000 19.339 0.096
3646.51750 19.325 0.114
3651.50911 19.178 0.105
3653.53703 19.071 0.109
3774.84521 19.171 0.082
3780.82968 19.155 0.120
3786.83858 19.002 0.073
3790.83643 19.095 0.101
3793.82648 19.158 0.081
3795.81614 19.120 0.080
3797.81135 19.259 0.077
3798.85956 18.996 0.058
3800.90668 19.108 0.097
3802.90041 19.064 0.069
3804.81492 19.006 0.063
3805.85237 19.339 0.078
3806.84892 19.162 0.075
3807.90843 19.308 0.075
3808.82207 19.380 0.079
3809.82575 19.072 0.063
3809.90174 19.032 0.062
3810.77149 19.064 0.079
3810.87375 19.140 0.068
3811.90097 19.091 0.068
3812.86071 19.159 0.090
3812.87784 18.986 0.071
3812.91290 19.047 0.081
3813.81939 19.212 0.070
3813.88665 19.436 0.096
3814.88419 19.212 0.080
3815.80467 19.097 0.074
3817.81279 19.229 0.074
3818.79401 19.198 0.062
3819.85775 19.145 0.052
3820.82145 19.396 0.070
3821.82571 19.100 0.057
3822.87214 19.105 0.063
3823.83588 19.326 0.062
3824.83762 19.062 0.088
3825.85940 19.207 0.067
3826.83731 19.325 0.076
3827.86021 18.986 0.053
3828.83574 19.180 0.073
3829.81397 19.407 0.074
3830.80354 19.013 0.058
3832.79793 19.178 0.062
3832.83411 19.310 0.071
3833.70449 19.169 0.073
3834.84649 19.170 0.059
3835.79689 19.236 0.065
3836.79499 19.248 0.079
3837.79183 19.039 0.063
3838.79602 19.148 0.087
3839.80438 19.084 0.075
3840.79908 19.057 0.066
3841.77722 19.152 0.072
3845.77593 19.092 0.090
3846.78256 19.077 0.061
3847.85825 19.111 0.079
3848.80624 19.141 0.060
3849.81319 19.128 0.067
3850.75230 19.039 0.062
3851.76220 19.153 0.065
3852.75072 18.962 0.067
3853.74351 19.171 0.049
3856.73236 19.224 0.071
3858.79251 19.062 0.064
3860.88268 19.007 0.071
3861.72451 18.955 0.061
3862.73791 19.129 0.061
3863.75302 19.038 0.054
3864.74270 19.056 0.055
3865.62809 18.990 0.064
3866.63196 19.117 0.081
3867.78102 19.083 0.070
3868.63063 19.023 0.094
3869.79362 19.189 0.101
3873.61482 19.011 0.076
3874.83751 19.141 0.068
3875.60887 19.142 0.062
3876.71673 19.039 0.056
3877.60346 19.180 0.064
3880.71033 19.222 0.074
3881.71499 19.360 0.068
3882.64999 19.284 0.066
3883.70258 19.089 0.055
3886.66132 19.011 0.059
3887.65694 19.093 0.066
3889.81163 19.133 0.069
3890.60227 18.957 0.067
3891.73501 19.059 0.069
3892.79107 19.223 0.078
3893.68903 19.494 0.112
3894.73351 18.753 0.050
3896.67574 19.082 0.092
3900.58621 19.301 0.090
3901.60641 19.033 0.069
3902.62100 19.055 0.058
3903.71678 18.984 0.066
3904.60403 19.064 0.056
3905.60425 19.148 0.058
3906.59232 19.373 0.082
3907.65356 18.982 0.075
3908.58232 19.063 0.061
3909.52657 19.222 0.093
3909.58835 19.186 0.058
3909.70935 19.072 0.044
3909.74716 19.045 0.044
3909.79975 19.167 0.060
3909.82902 19.333 0.074
3910.51635 19.142 0.097
3910.54709 19.211 0.094
3910.59554 18.921 0.056
3910.61628 19.006 0.051
3910.64355 19.071 0.056
3911.57955 19.205 0.081
3912.49530 19.156 0.070
3912.52123 19.118 0.061
3912.55196 19.185 0.053
3912.58981 19.219 0.056
3912.61274 19.317 0.056
3912.62179 19.235 0.051
3912.65112 19.115 0.045
3912.68672 19.011 0.039
3912.71308 19.016 0.040
3912.73933 19.136 0.044
3912.77797 19.208 0.050
3912.80701 19.293 0.062
3912.83663 19.257 0.062
3912.86603 19.091 0.060
3913.48193 19.231 0.074
3913.51415 19.354 0.067
3913.54340 19.162 0.055
3913.58730 19.066 0.050
3913.61352 19.065 0.052
3913.64864 19.050 0.049
3913.68676 19.119 0.053
3913.71612 19.224 0.080
3913.74891 19.212 0.076
3913.77917 19.277 0.068
3913.81159 19.183 0.057
3913.83863 19.099 0.059
3913.86822 18.999 0.065
3914.50629 19.126 0.109
3914.54017 19.092 0.081
3914.56709 19.091 0.066
3914.59362 19.174 0.064
3914.60527 19.221 0.071
3914.62817 19.170 0.063
3914.68198 19.279 0.064
3914.74573 18.961 0.053
3914.77172 18.653 0.043
3915.48344 19.128 0.088
3915.51889 19.106 0.072
3915.54779 19.303 0.088
3915.58515 19.235 0.074
3915.61097 19.148 0.064
3915.64861 19.141 0.054
3915.69122 19.067 0.055
3915.72095 19.161 0.062
3915.74792 19.044 0.053
3915.78007 19.224 0.064
3915.81908 19.432 0.075
3915.84796 19.247 0.084
3916.53165 19.143 0.085
3916.58356 18.912 0.068
3916.62474 19.019 0.073
3916.63636 19.225 0.081
3916.69249 19.303 0.072
3916.73031 19.109 0.089
3916.76801 19.113 0.077
3916.80129 19.274 0.109
3916.83048 18.953 0.067
3917.50630 19.185 0.106
3917.54509 19.160 0.092
3917.62668 19.164 0.077
3917.66519 19.441 0.089
3917.67678 19.392 0.089
3917.70534 19.102 0.057
3917.74327 19.165 0.075
3917.78568 19.009 0.087
3917.81186 19.328 0.114
3917.83840 19.148 0.089
3917.86816 19.332 0.125
3918.49567 19.338 0.144
3918.50979 19.098 0.096
3918.62884 19.376 0.088
3918.66061 19.167 0.061
3918.67561 18.954 0.058
3918.74768 19.166 0.063
3918.80959 19.377 0.098
3918.83870 19.211 0.090
3918.86488 19.141 0.103
3919.48769 19.136 0.099
3919.53635 19.438 0.105
3919.61662 19.092 0.071
3919.67772 18.944 0.072
3919.74625 19.241 0.060
3919.84835 18.990 0.088
3920.47750 19.154 0.092
3920.53340 19.075 0.060
3920.56858 18.962 0.054
3920.62895 19.243 0.071
3920.66895 19.206 0.075
3920.70013 19.162 0.077
3920.72946 19.084 0.076
3920.75598 19.027 0.049
3920.78229 19.130 0.055
3920.84619 19.120 0.072
3921.47745 18.869 0.069
3921.52645 19.125 0.076
3921.58066 18.930 0.096
3921.67495 18.952 0.072
3922.70387 19.160 0.090
3930.62589 19.169 0.070
3931.56673 18.860 0.063
3931.70431 19.226 0.082
3932.65720 19.178 0.065
3933.57081 19.308 0.068
3934.54155 19.071 0.067
3935.61971 19.273 0.068
3936.54202 19.156 0.068
3937.61762 19.118 0.059
3938.55067 18.931 0.064
3940.68674 19.293 0.057
3944.63240 19.336 0.065
3945.57207 19.206 0.064
3946.56927 19.108 0.079
3950.57269 19.152 0.062
3951.58137 19.216 0.090
3956.61851 19.151 0.095
3957.55614 19.264 0.093
3958.62858 19.174 0.094
3959.56878 19.105 0.070
3960.54649 19.416 0.071
3961.63358 19.195 0.114
3963.59164 19.070 0.057
3964.58138 19.117 0.056
3965.57498 19.219 0.059
3966.56283 19.175 0.064
3967.59531 19.006 0.068
3968.54941 19.102 0.072
3969.55680 19.170 0.064
3970.56169 19.196 0.079
3971.60173 19.426 0.116
3973.63143 19.150 0.072
3974.56383 19.080 0.089
3975.55882 19.164 0.062
3976.55633 19.014 0.055
3979.57321 18.881 0.085
3982.48991 19.180 0.203
3986.63290 19.156 0.101
3987.55289 19.101 0.070
3988.56581 19.065 0.056
3989.63557 19.276 0.126
3991.52865 19.063 0.086
3994.59717 18.977 0.077
3995.62485 19.354 0.077
3999.53130 19.331 0.096
4001.55475 19.254 0.078
4002.55142 19.069 0.055
4004.57427 19.325 0.103
4005.58977 19.038 0.070
4006.57546 19.167 0.071
4011.49251 19.412 0.128
4015.51909 19.034 0.102
4017.49371 19.234 0.084
4019.49796 19.247 0.105
4021.50390 18.897 0.098
4024.53353 19.103 0.073
4026.52908 19.165 0.082
4028.54516 19.337 0.112
4031.54510 19.182 0.108
4145.88464 19.224 0.137
4151.84708 19.169 0.093
4154.85668 19.169 0.069
4157.82701 19.123 0.074
4159.84332 19.093 0.083
4161.89691 19.108 0.082
4164.83283 19.218 0.084
4166.84531 19.215 0.129
4168.88025 19.070 0.080
4170.89788 19.012 0.069
4175.90954 19.306 0.100
4177.80716 19.057 0.063
4178.86044 19.258 0.081
4179.90023 19.073 0.068
4181.83699 19.152 0.064
4182.88536 19.030 0.052
4183.91761 19.144 0.079
4184.77671 19.209 0.083
4185.89528 18.966 0.059
4190.78194 19.047 0.081
4191.88277 18.974 0.084
4192.80019 19.053 0.077
4193.81861 19.213 0.087
4194.84014 19.098 0.067
4196.82869 19.117 0.079
4202.81015 19.103 0.057
4203.79824 19.182 0.064
4204.79036 19.123 0.065
4205.78868 19.123 0.063
4207.78506 19.040 0.060
4208.78208 19.096 0.058
4213.78931 19.158 0.068
4215.79581 19.328 0.095
4216.75353 19.065 0.060
4217.76110 19.062 0.054
4218.81311 19.183 0.092
4219.83594 19.040 0.074
4220.77416 19.096 0.068
4222.74276 19.046 0.079
4224.84229 19.050 0.153
4228.74058 19.111 0.094
4229.72496 19.045 0.077
4230.71478 19.231 0.079
4231.69705 19.180 0.065
4232.70925 18.900 0.072
4233.89313 19.046 0.092
4234.87337 19.371 0.096
4235.67081 19.065 0.065
4238.74040 19.157 0.070
4239.69100 19.021 0.062
4240.74078 19.116 0.061
4243.59980 18.937 0.102
4244.66838 19.033 0.063
4245.66170 19.040 0.061
4246.72047 19.060 0.065
4247.75354 19.206 0.084
4250.78445 19.206 0.103
4256.57727 19.317 0.152
4258.59416 19.074 0.097
4267.55326 19.191 0.100
4268.78942 19.279 0.083
4269.53631 19.148 0.106
4272.55972 18.966 0.071
4273.75828 19.010 0.071
4274.62164 19.037 0.081
4275.65053 19.146 0.082
4276.74294 18.926 0.093
4277.66632 19.067 0.068
4278.62373 19.028 0.096
4283.56135 19.137 0.089
4284.55316 19.022 0.080
4285.55657 18.999 0.077
4286.55609 19.356 0.124
4289.59076 19.175 0.088
4290.61338 19.079 0.077
4291.67375 19.002 0.067
4292.53847 19.299 0.071
4293.54474 18.962 0.069
4294.53778 19.099 0.068
4295.55590 19.234 0.079
4296.54223 19.054 0.068
4297.66582 19.211 0.067
4298.50500 19.286 0.098
4299.48783 19.121 0.071
4300.58348 19.150 0.070
4301.76472 19.353 0.084
4302.72098 19.183 0.077
4303.72930 19.078 0.076
4304.50121 19.093 0.134
4310.66738 18.932 0.108
4312.57606 19.199 0.090
4315.58344 19.340 0.096
4316.66623 18.924 0.070
4317.59014 18.927 0.062
4319.56686 19.075 0.080
4320.65368 19.298 0.090
4326.58484 19.053 0.066
4327.54307 19.225 0.105
4328.54892 19.190 0.066
4329.48565 19.075 0.079
4330.55483 19.208 0.074
4331.55054 19.059 0.072
4332.56455 19.119 0.063
4333.48552 19.026 0.093
4338.55224 19.045 0.087
4339.54841 19.203 0.073
4340.48695 19.332 0.152
4341.55282 18.972 0.081
4342.58891 19.110 0.075
4343.56842 19.021 0.060
4344.60973 19.238 0.092
4345.56466 19.252 0.079
4346.57025 19.089 0.098
4347.58410 19.081 0.075
4349.55285 19.068 0.061
4350.61063 19.288 0.089
4351.55815 19.331 0.083
4353.57464 19.048 0.078
4354.59400 19.157 0.087
4355.61035 18.986 0.083
4356.55892 19.158 0.081
4358.57813 18.985 0.095
4361.60429 19.002 0.105
4367.56842 18.991 0.090
4371.56762 19.158 0.092
4377.53309 19.064 0.079
4380.61255 19.379 0.122
4393.58092 18.980 0.092
4505.86989 19.002 0.086
4508.86200 19.076 0.060
4512.84776 19.079 0.064
4514.86609 19.058 0.087
4518.85039 18.950 0.093
4521.88224 19.136 0.077
4523.82308 19.189 0.113
4525.81520 19.295 0.158
4531.88459 19.052 0.087
4534.79161 19.100 0.099
4536.87147 19.155 0.079
4538.79237 19.109 0.081
4539.90589 19.219 0.081
4540.77665 19.182 0.076
4541.87364 19.081 0.061
4542.83708 19.144 0.072
4545.90924 19.189 0.077
4546.83509 19.217 0.087
4547.85451 19.045 0.066
4548.92032 19.384 0.199
4550.91607 18.994 0.086
4551.83624 19.102 0.082
4556.80885 19.144 0.064
4557.83186 19.087 0.066
4558.80044 19.197 0.065
4559.79907 19.109 0.063
4560.79947 19.071 0.061
4561.78837 19.243 0.063
4564.79251 19.228 0.063
4565.77713 19.099 0.053
4566.77797 19.036 0.055
4567.77691 19.126 0.065
4568.80649 19.182 0.069
4569.79616 18.964 0.050
4570.78978 19.241 0.074
4571.77729 19.102 0.080
4572.80039 19.013 0.069
4573.78803 19.301 0.073
4574.79035 19.089 0.078
4575.79919 19.100 0.076
4577.88818 19.057 0.084
4578.84179 19.098 0.102
4583.79395 19.111 0.077
4585.70489 19.063 0.079
4586.91000 19.171 0.099
4587.66305 19.392 0.129
4588.64697 19.002 0.078
4589.80668 19.077 0.074
4590.65029 19.219 0.104
4591.80272 19.347 0.080
4592.71440 19.305 0.083
4593.70342 19.170 0.072
4594.72466 19.084 0.068
4595.71699 19.218 0.068
4596.70897 19.064 0.073
4597.73371 19.102 0.063
4598.70969 19.269 0.059
4599.68226 19.242 0.080
4600.69459 19.013 0.047
4601.69725 19.254 0.064
4602.68963 19.167 0.072
4603.91264 19.114 0.082
4606.69757 19.028 0.068
4610.80094 19.120 0.073
4611.67654 19.129 0.071
4611.86738 19.146 0.081
4612.70098 19.174 0.077
4615.84351 19.012 0.082
4616.65941 19.164 0.070
4617.76187 19.148 0.069
4618.70036 19.178 0.070
4622.58172 19.112 0.104
4622.85905 19.260 0.115
4623.72071 18.994 0.061
4624.65994 18.947 0.074
4625.64507 19.138 0.083
4626.68293 19.066 0.083
4627.61637 18.990 0.071
4628.61843 18.990 0.065
4629.68313 19.100 0.058
4630.61944 19.030 0.060
4631.64165 19.202 0.061
4632.62843 19.130 0.078
4633.62202 19.063 0.064
4638.80592 19.239 0.098
4639.62698 19.154 0.083
4640.64386 19.398 0.087
4641.72638 19.012 0.075
4642.64242 19.069 0.062
4643.60856 19.011 0.069
4644.66994 19.039 0.071
4645.58239 19.198 0.079
4646.57890 19.143 0.058
4647.57254 19.251 0.093
4648.57693 19.058 0.073
4649.57906 19.233 0.083
4650.61174 19.152 0.079
4651.58322 19.096 0.082
4652.55601 19.062 0.074
4653.54996 19.237 0.109
4654.58916 19.095 0.067
4655.54978 19.021 0.073
4656.55176 19.142 0.071
4658.71048 18.768 0.072
4660.66327 19.094 0.088
4661.53986 19.103 0.086
4665.70766 18.928 0.083
4666.61290 18.993 0.076
4670.67778 19.201 0.085
4671.72498 19.194 0.085
4672.55879 19.018 0.062
4674.56468 19.259 0.092
4677.54131 19.285 0.086
4681.48732 19.148 0.070
4682.53100 19.010 0.064
4683.56949 19.362 0.108
4684.58875 19.059 0.075
4685.55317 19.032 0.072
4686.55419 19.175 0.075
4687.55416 19.022 0.066
4688.54739 19.193 0.080
4694.49732 18.928 0.093
4697.55096 19.144 0.088
4698.57706 19.159 0.081
4699.57978 19.103 0.093
4700.57240 19.207 0.084
4701.55532 19.371 0.104
4702.57018 19.051 0.090
4703.63759 19.195 0.101
4705.62156 19.164 0.086
4707.66679 19.103 0.079
4709.56549 19.170 0.099
4710.60602 19.103 0.081
4716.63831 19.280 0.213
4721.55626 19.113 0.099
4724.56310 19.363 0.106
4725.59071 19.012 0.095
4730.63240 19.326 0.110
4739.54018 19.335 0.121
4743.59940 19.065 0.099
4748.54299 19.169 0.116
4754.51840 19.312 0.127
4759.54900 19.103 0.117
4874.87734 19.314 0.100
4878.83739 19.195 0.100
4884.90443 19.188 0.158
4887.87683 19.039 0.058
4891.83332 19.088 0.093
4897.86489 19.050 0.067
4900.82927 18.932 0.065
4902.80630 19.265 0.082
4904.83460 19.082 0.062
4906.85702 19.067 0.080
4910.86368 19.390 0.095
4912.91899 19.136 0.115
4914.82838 19.193 0.069
4919.76881 19.034 0.049
4925.74757 19.045 0.056
4927.77860 19.028 0.071
4929.76327 19.222 0.093
4930.90268 19.160 0.096
4931.74732 19.000 0.082
4932.88025 18.953 0.069
4933.87499 19.181 0.088
4938.74449 19.257 0.083
4939.76751 19.090 0.071
4941.72392 19.114 0.068
4942.82834 19.170 0.066
4943.84301 19.323 0.078
4944.85226 19.008 0.053
4945.74581 19.082 0.058
4949.68673 19.295 0.075
4950.82798 19.137 0.070
4953.71057 19.104 0.066
4954.70474 19.216 0.078
4955.71169 18.910 0.062
