2072.60108 17.871 0.057
2072.61102 18.108 0.054
2072.62234 18.336 0.071
2072.63095 18.464 0.077
2072.63958 18.616 0.082
2072.65503 18.580 0.080
2072.66365 18.580 0.080
2072.67231 18.567 0.068
2072.68095 18.372 0.065
2072.68960 18.161 0.061
2072.69825 18.197 0.061
2072.72835 17.730 0.033
2072.73697 17.704 0.034
2072.74556 17.639 0.030
2072.75421 17.489 0.032
2072.76281 17.499 0.032
2072.77143 17.504 0.030
2072.78046 17.378 0.028
2072.78907 17.411 0.029
2072.79767 17.345 0.026
2072.80629 17.392 0.028
2072.81493 17.338 0.029
2072.82353 17.364 0.029
2072.83306 17.335 0.029
2072.84195 17.251 0.028
2072.85106 17.383 0.034
2072.86194 17.353 0.030
2072.87052 17.341 0.030
2072.87913 17.292 0.034
2072.89329 17.266 0.036
2072.90189 17.437 0.037
2072.91045 17.279 0.035
2073.58234 17.486 0.037
2073.59771 17.539 0.035
2073.60632 17.461 0.030
2073.61491 17.447 0.028
2073.62354 17.461 0.030
2073.63217 17.432 0.029
2073.64077 17.420 0.030
2073.64955 17.443 0.030
2073.65819 17.413 0.027
2073.66871 17.342 0.022
2073.67766 17.339 0.025
2073.68629 17.287 0.024
2073.69492 17.346 0.027
2073.70352 17.368 0.024
2073.71219 17.312 0.023
2073.72082 17.306 0.022
2073.73028 17.273 0.029
2073.73886 17.291 0.024
2073.74743 17.332 0.024
2073.75603 17.354 0.024
2073.76461 17.370 0.023
2073.77321 17.258 0.024
2073.78648 17.364 0.026
2073.80914 17.347 0.030
2073.82494 17.355 0.028
2073.83397 17.247 0.031
2073.84915 17.311 0.027
2073.85774 17.297 0.025
2073.86633 17.347 0.027
2073.87493 17.404 0.033
2073.88353 17.250 0.029
2073.89703 17.358 0.034
2073.90560 17.229 0.028
2074.57630 17.856 0.043
2074.58493 17.762 0.041
2074.59355 17.704 0.047
2074.60217 17.540 0.035
2074.61079 17.555 0.037
2074.61943 17.542 0.037
2074.63716 17.357 0.041
2074.64576 17.266 0.035
2074.65436 17.338 0.032
2074.66303 17.291 0.033
2074.67166 17.313 0.026
2074.68051 17.353 0.028
2074.70288 17.359 0.028
2074.71152 17.361 0.026
2074.72012 17.363 0.025
2074.73135 17.412 0.029
2074.73992 17.348 0.027
2074.76370 17.356 0.028
2074.77232 17.375 0.030
2074.78091 17.383 0.033
2074.78951 17.306 0.033
2074.79938 17.386 0.030
2074.80798 17.332 0.028
2074.81682 17.329 0.030
2074.82543 17.406 0.031
2074.83403 17.352 0.029
2074.84266 17.346 0.024
2074.85130 17.429 0.028
2074.85987 17.387 0.024
2074.86892 17.332 0.026
2074.87746 17.343 0.035
2074.88606 17.377 0.031
2074.89472 17.364 0.030
2074.90334 17.385 0.030
2075.61108 17.304 0.035
2075.61969 17.272 0.031
2075.62828 17.354 0.035
2075.63690 17.237 0.033
2075.64553 17.346 0.034
2075.66516 17.344 0.032
2075.67375 17.267 0.034
2075.68236 17.348 0.030
2075.69099 17.367 0.033
2075.69963 17.275 0.030
2075.70822 17.377 0.034
2075.71725 17.323 0.033
2075.72650 17.347 0.034
2075.73510 17.324 0.034
2075.74367 17.252 0.032
2075.77047 17.309 0.035
2075.77907 17.256 0.032
2075.78765 17.356 0.038
2075.79652 17.229 0.034
2075.80514 17.288 0.032
2075.81375 17.322 0.034
2075.82236 17.280 0.030
2075.83093 17.331 0.032
2075.84358 17.362 0.031
2075.85218 17.344 0.033
2075.86080 17.334 0.034
2075.86939 17.238 0.036
2075.87794 17.315 0.032
2075.88654 17.210 0.033
2075.89544 17.217 0.039
2076.68960 17.325 0.033
2076.69822 17.388 0.036
2076.70684 17.297 0.033
2076.72033 17.338 0.034
2076.73029 17.272 0.038
2076.73910 17.286 0.031
2076.74787 17.214 0.040
2076.75661 17.329 0.036
2076.76539 17.241 0.037
2076.77417 17.378 0.040
2076.79006 17.389 0.033
2076.80142 17.320 0.034
2076.81414 17.352 0.041
2076.82663 17.321 0.033
2076.83536 17.294 0.030
2076.84411 17.360 0.036
2076.85283 17.336 0.032
2076.86160 17.384 0.038
2076.87031 17.297 0.039
2076.87962 17.354 0.037
2076.88836 17.252 0.036
2077.58633 17.324 0.036
2077.60692 17.323 0.032
2077.61760 17.388 0.036
2077.62853 17.354 0.030
2077.63729 17.315 0.026
2077.65017 17.362 0.025
2077.65894 17.380 0.025
2077.66767 17.340 0.023
2077.67639 17.325 0.021
2077.68859 17.372 0.026
2077.69738 17.385 0.024
2077.70615 17.360 0.027
2077.71491 17.347 0.027
2077.72365 17.372 0.026
2077.73240 17.356 0.028
2077.74219 17.277 0.036
2077.75096 17.359 0.034
2077.75976 17.399 0.029
2077.76851 17.354 0.028
2077.77725 17.298 0.029
2077.78938 17.373 0.028
2077.79809 17.388 0.031
2077.80684 17.359 0.027
2077.81563 17.343 0.025
2077.82438 17.382 0.028
2077.83314 17.290 0.031
2077.84225 17.346 0.030
2077.85098 17.313 0.036
2077.85974 17.317 0.036
2077.86848 17.320 0.032
2077.87716 17.375 0.035
2077.88592 17.388 0.038
2077.89489 17.370 0.037
2077.90367 17.321 0.041
2078.59219 17.323 0.032
2078.60094 17.303 0.031
2078.60971 17.301 0.033
2078.61844 17.324 0.033
2078.62721 17.275 0.031
2078.63599 17.378 0.032
2078.65637 17.378 0.027
2078.66510 17.331 0.023
2078.67388 17.373 0.026
2078.68263 17.287 0.029
2078.69140 17.306 0.028
2078.70013 17.375 0.030
2078.70979 17.359 0.029
2078.71872 17.317 0.027
2078.72744 17.377 0.024
2078.73619 17.379 0.030
2078.74492 17.379 0.030
2078.75368 17.326 0.031
2078.76672 17.291 0.030
2078.78557 17.329 0.031
2078.79435 17.309 0.030
2078.80310 17.319 0.031
2078.81185 17.355 0.032
2078.83791 17.276 0.030
2078.84667 17.243 0.032
2078.86497 17.269 0.032
2078.87365 17.177 0.035
2078.88240 17.212 0.033
2079.62222 17.273 0.035
2079.63097 17.283 0.038
2079.63977 17.359 0.033
2079.64852 17.382 0.032
2079.65727 17.345 0.029
2079.66603 17.321 0.030
2079.67583 17.366 0.027
2079.68456 17.357 0.029
2079.69331 17.346 0.032
2079.70202 17.332 0.030
2079.71077 17.376 0.032
2079.73364 17.296 0.029
2079.74242 17.278 0.030
2079.75116 17.345 0.033
2079.75986 17.318 0.029
2079.76862 17.319 0.030
2079.78392 17.291 0.028
2079.79604 17.344 0.033
2079.80478 17.326 0.033
2079.81356 17.208 0.034
2080.55559 17.324 0.022
2080.57005 17.386 0.024
2080.57875 17.338 0.023
2080.58749 17.325 0.021
2080.59620 17.325 0.023
2080.60494 17.333 0.023
2080.61368 17.306 0.027
2080.62838 17.330 0.026
2080.63716 17.321 0.025
2080.64591 17.344 0.025
2080.65470 17.322 0.027
2080.66342 17.267 0.025
2080.67809 17.279 0.024
2080.69972 17.250 0.028
2080.70845 17.308 0.026
2080.71720 17.336 0.026
2080.75097 17.324 0.024
2080.76345 17.321 0.025
2080.77774 17.299 0.024
2080.80314 17.356 0.028
2080.81348 17.288 0.028
2080.82227 17.304 0.033
2080.83101 17.359 0.033
2080.83969 17.320 0.033
2080.84846 17.273 0.036
2080.85724 17.158 0.037
2081.56920 17.353 0.025
2081.57910 17.358 0.025
2081.58783 17.424 0.028
2081.59848 17.406 0.027
2081.61801 17.336 0.027
2081.66077 17.329 0.027
2081.70219 17.325 0.028
2081.71103 17.385 0.030
2081.71987 17.355 0.032
2081.72859 17.431 0.032
2081.73731 17.413 0.032
2081.74607 17.366 0.028
2081.75688 17.366 0.029
2081.76567 17.387 0.031
2081.77442 17.380 0.029
2081.78318 17.261 0.031
2081.80125 17.412 0.034
2081.80999 17.470 0.029
2081.81875 17.482 0.031
2081.83077 17.548 0.037
2081.83952 17.654 0.036
2081.86475 17.875 0.041
2081.86834 18.119 0.051
2081.87962 17.968 0.058
2082.64280 17.301 0.031
2082.68513 17.292 0.028
2082.69589 17.283 0.028
2082.70523 17.338 0.029
2082.71402 17.331 0.029
2082.72649 17.294 0.030
2082.73821 17.301 0.029
2082.74694 17.390 0.032
2082.75565 17.349 0.028
2082.76677 17.375 0.027
2082.78348 17.434 0.031
2082.79222 17.469 0.030
2082.80097 17.469 0.032
2082.80971 17.388 0.031
2082.81847 17.414 0.030
2082.82723 17.429 0.030
2082.83972 17.420 0.032
2082.84849 17.426 0.033
2082.85727 17.447 0.034
2082.86602 17.393 0.034
2082.87479 17.390 0.037
2082.88358 17.380 0.037
2082.89623 17.386 0.039
2085.63080 18.423 0.098
2085.63939 18.496 0.103
2085.64798 18.506 0.102
2085.65662 18.249 0.083
2085.66521 18.207 0.076
2085.67382 18.107 0.066
2085.68505 17.899 0.064
2085.69361 17.844 0.057
2085.70221 17.677 0.053
2085.71082 17.618 0.050
2085.71953 17.555 0.048
2085.72816 17.493 0.045
2085.73794 17.463 0.039
2085.74656 17.418 0.039
2085.75876 17.289 0.036
2085.77536 17.326 0.035
2085.78478 17.306 0.040
2085.79494 17.336 0.035
2085.80353 17.295 0.037
2085.82598 17.369 0.037
2085.83456 17.397 0.033
2085.84315 17.450 0.040
2085.85175 17.338 0.042
2085.86037 17.270 0.040
2086.55481 17.497 0.037
2086.56343 17.545 0.034
2086.57202 17.527 0.033
2086.59175 17.425 0.030
2086.60037 17.396 0.030
2086.60899 17.403 0.030
2086.62829 17.413 0.027
2086.63691 17.445 0.027
2086.64548 17.331 0.026
2086.65410 17.348 0.028
2086.66270 17.305 0.028
2086.67132 17.337 0.026
2086.68306 17.282 0.022
2086.69161 17.334 0.026
2086.70018 17.332 0.026
2086.70878 17.310 0.027
2086.71745 17.310 0.032
2086.73088 17.285 0.032
2086.73953 17.362 0.031
2086.74814 17.332 0.029
2086.75675 17.320 0.029
2086.76535 17.383 0.032
2086.77865 17.367 0.030
2086.78727 17.328 0.030
2086.79592 17.348 0.032
2086.80830 17.390 0.034
2086.81687 17.307 0.032
2086.82549 17.383 0.034
2086.83795 17.288 0.033
2086.84658 17.360 0.037
2086.85519 17.252 0.038
2086.86379 17.265 0.037
2087.56046 17.850 0.034
2087.60209 17.534 0.026
2087.61082 17.457 0.024
2087.61954 17.374 0.024
2087.62827 17.367 0.022
2087.63703 17.386 0.026
2087.64578 17.399 0.024
2087.65476 17.377 0.025
2087.66352 17.413 0.026
2087.67559 17.426 0.028
2087.68432 17.357 0.026
2087.69371 17.399 0.027
2087.71116 17.344 0.025
2087.71993 17.355 0.024
2087.72870 17.432 0.026
2087.73750 17.395 0.025
2087.74628 17.364 0.026
2087.75502 17.404 0.023
2087.76551 17.389 0.022
2087.77426 17.364 0.021
2087.78301 17.354 0.020
2087.79175 17.373 0.023
2087.80049 17.363 0.022
2087.80924 17.319 0.023
2087.81847 17.343 0.023
2087.82720 17.367 0.026
2087.83596 17.302 0.028
2087.84471 17.374 0.029
2087.85346 17.343 0.027
2087.86218 17.341 0.025
2088.55786 17.348 0.032
2088.56977 17.294 0.028
2088.57851 17.369 0.030
2088.58730 17.361 0.028
2088.59609 17.392 0.029
2088.60499 17.438 0.034
2088.61378 17.253 0.027
2088.62254 17.314 0.027
2088.63134 17.294 0.028
2088.64161 17.366 0.027
2088.65041 17.341 0.028
2088.65917 17.341 0.027
2088.66797 17.401 0.028
2088.67912 17.351 0.027
2088.68842 17.350 0.027
2088.69713 17.343 0.028
2088.70588 17.302 0.027
2088.71463 17.377 0.032
2088.72469 17.367 0.032
2088.73859 17.314 0.028
2088.74735 17.353 0.029
2088.75608 17.353 0.030
2088.76481 17.323 0.034
2088.77668 17.449 0.032
2088.78548 17.341 0.030
2088.79423 17.351 0.035
2088.80301 17.335 0.038
2088.81180 17.382 0.035
2088.82055 17.283 0.034
2088.82971 17.304 0.030
2088.83843 17.256 0.035
2088.84722 17.205 0.035
2089.61034 17.319 0.033
2089.61908 17.354 0.029
2089.62781 17.436 0.030
2089.63654 17.397 0.031
2089.64530 17.357 0.029
2089.65445 17.364 0.028
2090.64245 17.310 0.035
2090.65125 17.333 0.031
2090.66119 17.308 0.026
2090.66997 17.372 0.032
2090.67890 17.327 0.032
2090.70715 17.208 0.033
2090.71589 17.316 0.036
2090.72461 17.346 0.036
2090.73332 17.297 0.035
2090.74206 17.270 0.032
2090.75084 17.170 0.037
2090.76041 17.431 0.032
2090.76914 17.281 0.029
2090.77788 17.482 0.033
2090.78664 17.300 0.027
2090.79543 17.368 0.025
2090.80420 17.359 0.028
2090.81627 17.314 0.033
2090.82501 17.275 0.040
2090.83936 17.414 0.043
2091.58676 17.347 0.030
2091.59555 17.364 0.026
2091.60431 17.316 0.025
2091.61502 17.312 0.024
2091.63115 17.306 0.024
2091.65270 17.316 0.024
2091.66227 17.307 0.024
2091.67098 17.304 0.024
2091.68033 17.316 0.027
2091.68916 17.326 0.026
2091.69790 17.357 0.027
2091.70666 17.326 0.026
2091.71565 17.307 0.026
2091.72437 17.343 0.026
2091.73309 17.356 0.028
2091.74185 17.398 0.026
2091.75063 17.348 0.023
2091.76173 17.335 0.028
2091.77465 17.289 0.024
2091.78342 17.395 0.028
2091.79215 17.352 0.024
2091.80094 17.320 0.025
2091.80969 17.385 0.028
2091.81846 17.316 0.028
2091.82741 17.337 0.027
2091.83661 17.328 0.029
2091.84537 17.344 0.029
2091.85414 17.378 0.032
2091.86285 17.335 0.032
2091.87157 17.328 0.032
2092.64416 17.380 0.027
2092.65296 17.337 0.026
2092.66173 17.343 0.026
2092.67328 17.364 0.028
2092.68206 17.343 0.029
2092.69081 17.337 0.026
2092.69959 17.357 0.027
2092.70837 17.342 0.026
2092.71714 17.395 0.030
2092.73240 17.331 0.024
2092.74117 17.359 0.029
2092.75175 17.350 0.028
2092.76047 17.367 0.030
2092.76922 17.334 0.032
2092.77798 17.411 0.036
2092.78672 17.338 0.035
2092.79724 17.314 0.031
2092.80598 17.354 0.037
2092.81470 17.357 0.035
2092.82988 17.318 0.039
2101.55169 17.328 0.031
2101.56043 17.321 0.028
2101.56917 17.388 0.029
2101.57793 17.399 0.030
2101.58661 17.351 0.028
2101.59540 17.379 0.032
2101.60995 17.376 0.033
2101.61873 17.340 0.028
2101.62751 17.377 0.025
2101.63626 17.367 0.027
2101.64495 17.349 0.028
2101.65437 17.355 0.027
2101.66334 17.397 0.031
2101.67209 17.346 0.030
2101.68084 17.323 0.030
2101.68958 17.325 0.033
2101.69833 17.298 0.030
2101.70706 17.298 0.031
2101.72427 17.356 0.033
2101.73964 17.308 0.032
2101.75822 17.347 0.037
2101.76695 17.301 0.032
2101.77573 17.338 0.030
2101.78446 17.265 0.030
2102.53609 17.398 0.026
2102.54486 17.398 0.026
2102.55544 17.411 0.028
2102.56419 17.365 0.031
2102.57994 17.340 0.030
2102.58872 17.429 0.029
2102.59745 17.415 0.031
2102.60623 17.450 0.033
2102.61496 17.378 0.028
2102.62375 17.380 0.030
2102.63307 17.364 0.028
2102.64183 17.391 0.028
2102.65119 17.366 0.022
2103.50001 17.408 0.027
2103.50874 17.405 0.031
2103.51923 17.292 0.028
2103.52796 17.440 0.028
2103.53673 17.407 0.029
2103.54544 17.433 0.024
2103.55418 17.429 0.027
2103.56289 17.398 0.027
2103.57481 17.393 0.025
2103.58359 17.365 0.024
2103.59235 17.383 0.024
2103.60111 17.320 0.020
2103.61052 17.325 0.019
2103.61929 17.313 0.020
2103.62804 17.352 0.022
2103.63674 17.339 0.020
2103.64607 17.375 0.022
2103.65481 17.326 0.022
2103.66471 17.339 0.023
2103.67354 17.369 0.025
2103.68224 17.354 0.024
2103.72327 17.310 0.029
2103.73207 17.299 0.027
2103.74082 17.405 0.032
2103.74956 17.273 0.031
2103.75834 17.365 0.031
2103.76706 17.410 0.029
2103.77580 17.327 0.024
2103.78454 17.377 0.025
2103.79328 17.346 0.023
2105.50627 17.376 0.032
2105.51998 17.278 0.031
2105.52902 17.343 0.030
2105.53777 17.376 0.029
2105.54651 17.381 0.029
2105.55524 17.307 0.029
2105.56644 17.358 0.028
2105.57518 17.366 0.025
2105.58396 17.366 0.023
2105.59270 17.353 0.024
2105.60219 17.346 0.023
2105.61152 17.325 0.023
2105.62059 17.380 0.023
2105.63243 17.381 0.023
2105.64325 17.344 0.022
2105.65200 17.340 0.022
2105.65546 17.358 0.022
2105.66455 17.318 0.024
2105.67330 17.374 0.025
2105.68205 17.332 0.025
2105.69079 17.325 0.021
2105.69956 17.347 0.021
2105.70830 17.338 0.021
2105.71445 17.388 0.023
2105.72470 17.358 0.022
2105.73342 17.409 0.028
2105.74216 17.402 0.026
2105.75092 17.399 0.025
2105.75966 17.381 0.029
2105.76845 17.447 0.032
2105.77758 17.360 0.031
2105.78631 17.345 0.031
2105.79509 17.213 0.034
2105.80391 17.256 0.034
2106.59545 17.350 0.030
2106.60510 17.319 0.026
2106.61431 17.331 0.030
2106.62309 17.302 0.031
2106.63185 17.291 0.030
2106.64136 17.334 0.030
2106.65011 17.330 0.032
2106.65890 17.385 0.035
2106.66795 17.325 0.029
2106.67673 17.324 0.026
2106.68548 17.345 0.029
2106.69416 17.279 0.029
2106.70292 17.381 0.029
2106.71833 17.273 0.028
2106.72710 17.358 0.028
2106.73584 17.234 0.033
2106.74459 17.305 0.032
2106.75329 17.272 0.034
2106.76205 17.249 0.034
2111.51213 17.789 0.046
2111.52090 17.862 0.056
2111.52964 17.850 0.058
2111.53837 17.934 0.062
2111.54716 18.182 0.074
2111.55592 18.263 0.083
2111.56516 18.166 0.076
2111.57389 18.406 0.098
2111.58270 18.423 0.097
2111.59143 18.498 0.104
2111.60019 18.363 0.089
2111.60890 18.344 0.073
2111.61805 18.046 0.080
2111.62740 18.088 0.076
2111.63618 17.844 0.069
2111.64495 17.659 0.055
2111.65372 17.845 0.052
2111.66244 17.673 0.046
2111.67165 17.543 0.042
2111.68039 17.552 0.041
2111.68915 17.457 0.041
2111.69788 17.307 0.038
2111.70662 17.383 0.036
2111.71539 17.320 0.036
2111.72470 17.255 0.034
2111.73343 17.205 0.036
2111.74216 17.197 0.032
2111.75092 17.506 0.033
2112.50470 17.408 0.029
2112.51432 17.463 0.034
2112.52732 17.459 0.034
2112.53610 17.464 0.033
2112.55565 17.410 0.032
2112.56437 17.414 0.032
2112.57867 17.372 0.031
2112.58742 17.377 0.026
2112.60076 17.339 0.023
2112.60949 17.377 0.024
2112.61827 17.359 0.023
2112.62699 17.385 0.027
2112.63574 17.377 0.027
2112.64457 17.341 0.024
2112.66642 17.347 0.024
2112.67518 17.300 0.023
2112.68392 17.352 0.025
2112.69269 17.322 0.026
2112.70281 17.323 0.029
2112.71181 17.329 0.028
2112.72057 17.369 0.028
2112.72933 17.357 0.029
2112.73812 17.308 0.026
2112.74686 17.355 0.026
2112.75627 17.316 0.026
2113.51586 17.711 0.055
2113.52462 17.607 0.050
2113.53337 17.652 0.053
2113.54266 17.503 0.046
2113.55143 17.505 0.043
2113.56017 17.462 0.038
2113.56887 17.436 0.037
2113.57759 17.275 0.032
2113.58635 17.373 0.031
2113.59562 17.346 0.034
2113.60437 17.420 0.047
2113.61311 17.369 0.037
2113.62217 17.311 0.037
2113.63092 17.329 0.034
2113.63966 17.267 0.034
2113.64918 17.282 0.034
2113.65796 17.331 0.036
2113.71536 17.298 0.034
2113.72413 17.387 0.036
2113.73287 17.331 0.035
2113.74161 17.368 0.036
2113.75035 17.372 0.031
2113.75910 17.282 0.037
2113.76831 17.251 0.037
2113.77707 17.336 0.040
2114.69378 17.276 0.032
2114.70253 17.289 0.036
2114.71130 17.272 0.035
2114.72011 17.305 0.036
2114.73080 17.309 0.033
2114.74057 17.299 0.034
2114.74929 17.299 0.037
2114.76028 17.241 0.037
2114.76905 17.268 0.032
2114.77785 17.152 0.025
2114.79797 17.261 0.026
2115.55328 17.413 0.034
2115.56202 17.351 0.032
2115.57238 17.348 0.033
2115.58678 17.373 0.033
2115.59553 17.260 0.029
2115.60429 17.337 0.031
2115.61819 17.323 0.039
2115.62691 17.356 0.040
2115.63570 17.203 0.037
2115.64683 17.342 0.032
2115.65607 17.326 0.031
2115.66482 17.264 0.032
2115.67357 17.332 0.033
2115.68229 17.337 0.033
2115.69102 17.370 0.032
2115.69982 17.362 0.033
2115.73419 17.223 0.030
2115.74529 17.347 0.029
2116.50948 17.318 0.039
2116.51824 17.311 0.042
2116.56251 17.285 0.032
2116.57128 17.339 0.034
2116.58942 17.298 0.038
2116.60102 17.393 0.032
2116.61037 17.356 0.033
2116.61913 17.391 0.034
2116.62791 17.329 0.030
2116.63666 17.321 0.030
2116.65678 17.352 0.030
2116.66549 17.334 0.029
2116.67428 17.358 0.031
2116.68304 17.332 0.028
2116.69181 17.328 0.028
2116.70050 17.289 0.030
2116.71048 17.340 0.031
2116.71926 17.346 0.029
2116.72802 17.332 0.031
2116.73677 17.321 0.032
2116.74551 17.357 0.035
2116.75758 17.291 0.034
2116.76637 17.302 0.032
2117.49022 17.398 0.028
2117.49903 17.436 0.029
2117.50819 17.392 0.027
2117.51694 17.346 0.024
2117.55705 17.374 0.029
2117.56580 17.346 0.031
2117.57455 17.307 0.028
2117.58397 17.330 0.030
2117.59272 17.343 0.028
2117.60149 17.323 0.026
2117.61349 17.330 0.026
2117.62228 17.297 0.024
2117.63103 17.306 0.024
2117.63983 17.332 0.028
2117.64860 17.356 0.027
2117.65736 17.371 0.028
2117.66652 17.323 0.029
2117.67533 17.324 0.031
2117.68411 17.362 0.032
2117.69288 17.239 0.030
2117.70160 17.357 0.029
2117.71197 17.316 0.028
2117.72073 17.381 0.029
2117.72948 17.326 0.028
2117.73827 17.322 0.029
2117.74699 17.273 0.028
2117.75570 17.293 0.032
2118.49786 17.349 0.031
2118.50661 17.336 0.031
2118.51541 17.351 0.032
2118.52417 17.334 0.029
2118.64321 17.359 0.028
2118.65592 17.339 0.025
2118.66467 17.389 0.028
2118.67346 17.389 0.036
2118.68223 17.384 0.030
2118.69095 17.379 0.027
2118.70086 17.471 0.031
2118.70988 17.383 0.028
2118.71863 17.360 0.031
2118.72736 17.318 0.035
2118.73619 17.300 0.024
2125.64150 17.342 0.033
2128.57003 17.369 0.027
2131.56674 17.371 0.026
2134.66975 17.315 0.043
2138.54720 17.449 0.040
2143.52040 17.049 0.035
2155.64720 17.218 0.043
2156.48627 17.252 0.035
2158.49461 17.329 0.032
2158.53762 17.366 0.032
2162.50413 17.354 0.034
2168.53885 17.293 0.036
2173.49686 17.038 0.033
2184.50009 17.105 0.036
2194.55447 17.239 0.031
2321.87307 17.341 0.040
2324.87519 17.710 0.043
2341.83166 17.413 0.034
2350.84477 17.635 0.030
2358.88424 17.341 0.028
2370.81249 17.411 0.036
2381.80789 17.385 0.031
2384.79037 17.361 0.030
2388.85023 17.440 0.033
2391.69275 17.293 0.045
2400.69063 17.579 0.041
2402.80557 17.413 0.029
2404.84251 17.370 0.025
2414.86148 17.330 0.028
2415.72351 17.589 0.046
2416.74571 17.326 0.031
2417.72128 17.336 0.032
2424.76361 17.414 0.045
2426.67492 17.690 0.042
2431.80926 17.333 0.021
2433.73642 17.328 0.028
2434.80945 17.270 0.026
2436.58220 17.362 0.034
2438.61435 17.344 0.030
2440.59561 17.399 0.033
2442.61343 17.415 0.030
2444.70605 17.205 0.034
2446.64060 17.306 0.028
2448.52739 17.406 0.050
2453.73666 17.325 0.034
2458.73393 17.283 0.035
2462.72273 17.262 0.023
2463.81981 18.229 0.061
2466.46291 17.282 0.040
2466.47175 17.310 0.037
2466.48065 17.257 0.032
2466.48963 17.301 0.030
2466.50234 17.314 0.029
2466.51152 17.326 0.030
2466.52054 17.325 0.034
2466.52952 17.299 0.030
2466.53998 17.323 0.027
2466.54915 17.361 0.030
2466.55848 17.347 0.026
2466.56215 17.325 0.027
2466.56808 17.387 0.027
2466.57700 17.356 0.028
2466.58895 17.384 0.028
2466.59889 17.447 0.030
2466.60791 17.423 0.029
2466.61675 17.452 0.033
2466.62753 17.402 0.037
2466.63726 17.345 0.037
2466.64749 17.316 0.037
2466.65646 17.391 0.035
2466.66539 17.312 0.032
2466.67805 17.253 0.033
2466.68691 17.321 0.031
2466.69577 17.314 0.034
2466.70568 17.380 0.032
2466.71596 17.287 0.032
2466.72507 17.288 0.034
2466.73407 17.228 0.035
2466.74332 17.230 0.035
2466.74979 17.171 0.035
2466.75931 17.170 0.033
2466.76807 17.267 0.032
2466.77743 17.239 0.031
2466.79001 17.214 0.032
2466.79904 17.174 0.035
2466.80971 17.257 0.031
2466.81862 17.176 0.035
2466.82854 17.235 0.036
2466.83737 17.197 0.033
2466.84634 17.197 0.038
2468.46484 17.606 0.054
2470.46516 17.183 0.039
2472.67213 17.277 0.022
2472.68097 17.372 0.028
2472.69128 17.320 0.027
2472.70023 17.310 0.027
2472.70912 17.334 0.027
2472.71931 17.275 0.026
2472.73262 17.246 0.027
2472.74220 17.377 0.028
2472.75127 17.288 0.031
2472.76016 17.308 0.026
2472.76991 17.282 0.023
2474.46546 17.402 0.039
2482.62214 17.251 0.034
2485.63215 17.218 0.039
2489.70299 17.508 0.030
2492.64767 17.310 0.029
2494.70205 17.233 0.024
2497.50460 17.258 0.031
2499.54039 17.257 0.028
2501.56811 17.317 0.026
2503.49162 17.027 0.052
2511.54830 17.275 0.034
2521.51672 17.321 0.028
2526.54693 17.264 0.027
2537.47811 17.237 0.040
2540.49470 17.210 0.036
2546.50525 17.222 0.029
2550.48652 17.292 0.038
2554.55841 17.341 0.034
2558.49496 17.384 0.041
2565.48782 17.168 0.043
2693.89219 17.413 0.033
2698.89013 17.301 0.030
2711.87315 17.350 0.026
2721.88060 17.337 0.049
2730.89389 17.731 0.034
2743.77029 18.440 0.063
2748.78884 17.273 0.030
2755.77874 17.439 0.026
2758.93016 17.247 0.036
2765.78688 17.333 0.025
2769.77149 18.564 0.061
2782.71004 18.285 0.094
2784.69899 17.397 0.023
2786.58455 17.352 0.047
2788.68634 17.291 0.022
2790.79144 17.401 0.029
2792.52842 17.341 0.051
2794.55466 17.381 0.050
2796.56337 17.418 0.035
2802.55824 17.327 0.048
2808.63079 18.102 0.058
2810.56903 18.252 0.069
2812.57090 17.310 0.029
2813.81465 17.249 0.028
2815.59325 17.302 0.027
2816.65868 17.302 0.028
2817.77333 17.293 0.032
2818.66818 17.317 0.030
2819.76228 18.100 0.065
2821.66052 18.301 0.070
2826.65119 17.333 0.031
2830.78143 17.335 0.035
2835.47782 17.339 0.040
2837.49663 17.461 0.038
2838.72714 17.320 0.031
2840.49871 17.251 0.035
2842.53514 17.312 0.032
2844.61128 17.295 0.026
2848.54648 17.369 0.046
2851.53374 17.324 0.032
2853.53159 17.339 0.032
2854.75453 17.362 0.039
2857.71747 17.272 0.033
2862.49376 17.951 0.080
2864.50077 17.359 0.041
2867.65598 17.317 0.035
2867.69807 17.284 0.026
2867.71936 17.328 0.035
2867.72930 17.263 0.036
2867.73251 17.320 0.035
2867.73556 17.295 0.037
2867.73861 17.329 0.037
2868.51429 17.294 0.026
2869.56728 17.244 0.027
2869.58857 17.333 0.029
2870.65628 17.299 0.027
2871.47684 17.345 0.032
2871.51151 17.337 0.030
2871.52781 17.356 0.028
2871.54698 17.267 0.022
2871.55026 17.355 0.025
2871.55365 17.309 0.024
2871.55700 17.332 0.025
2871.56044 17.345 0.027
2871.56414 17.317 0.026
2871.56803 17.347 0.026
2871.57980 17.341 0.023
2871.58743 17.356 0.026
2871.59090 17.408 0.025
2871.59428 17.395 0.026
2871.59764 17.425 0.025
2871.60093 17.436 0.025
2871.60426 17.457 0.027
2871.60748 17.463 0.027
2871.61118 17.495 0.027
2871.61585 17.527 0.029
2871.63049 17.663 0.033
2871.71129 18.513 0.081
2872.50170 17.299 0.031
2872.67540 17.350 0.024
2872.70262 17.414 0.030
2874.57627 17.301 0.028
2875.53658 17.398 0.028
2875.61544 17.225 0.036
2875.69346 17.217 0.035
2876.49411 17.300 0.028
2876.65169 17.298 0.030
2877.52165 17.279 0.033
2877.65100 17.217 0.028
2878.49816 17.279 0.024
2878.56930 17.288 0.023
2879.55333 17.325 0.028
2880.70010 17.309 0.035
2881.65634 17.437 0.027
2882.50044 17.310 0.030
2883.58619 17.292 0.026
2884.47633 17.369 0.038
2892.51419 17.269 0.038
2896.58101 17.264 0.024
2899.60441 17.512 0.027
2905.54431 17.131 0.037
2909.51514 17.185 0.032
2912.53773 18.035 0.053
2921.59831 17.341 0.043
2926.56551 17.232 0.029
3040.88363 17.278 0.042
3044.85820 17.331 0.039
3046.86814 17.468 0.039
3047.85686 18.420 0.079
3055.87452 17.289 0.030
3058.89269 17.828 0.039
3064.81324 17.398 0.041
3067.88666 17.355 0.025
3070.84819 17.278 0.033
3070.89257 17.345 0.027
3071.87693 17.802 0.040
3073.80367 18.571 0.101
3075.84225 17.334 0.028
3079.88686 17.320 0.027
3082.86016 17.323 0.026
3084.89946 18.298 0.040
3086.83181 17.899 0.034
3088.78930 17.348 0.022
3089.89856 17.293 0.025
3091.81875 17.328 0.024
3096.85686 17.281 0.029
3098.83736 17.433 0.023
3100.79783 17.343 0.024
3101.90434 17.304 0.028
3103.76910 17.348 0.024
3104.88363 17.378 0.053
3108.76167 17.318 0.023
3109.79661 17.299 0.023
3110.82828 18.143 0.052
3112.77709 18.106 0.047
3113.86686 17.263 0.024
3114.77838 17.341 0.024
3115.86120 17.288 0.022
3116.91732 17.304 0.030
3122.90439 17.384 0.035
3125.86465 17.212 0.032
3126.89027 17.309 0.026
3127.79578 17.282 0.026
3128.81415 17.267 0.023
3130.69216 17.322 0.030
3137.93253 17.249 0.026
3138.69522 18.419 0.087
3139.86654 17.246 0.024
3140.87225 17.232 0.027
3140.90258 17.208 0.028
3142.76055 17.266 0.024
3144.78149 17.294 0.029
3146.78130 17.278 0.029
3151.74408 17.500 0.040
3151.89676 17.271 0.031
3152.74737 17.224 0.029
3153.75212 17.235 0.032
3154.81363 17.209 0.033
3156.83333 17.271 0.027
3158.90401 17.206 0.039
3162.80832 18.254 0.062
3163.62123 17.322 0.025
3163.64006 17.302 0.024
3164.72995 17.534 0.034
3165.75076 17.294 0.023
3166.89589 17.086 0.033
3167.74876 17.143 0.032
3168.74394 17.241 0.024
3169.71984 17.255 0.027
3170.79736 17.281 0.024
3171.82006 17.309 0.021
3172.74707 17.298 0.022
3174.70336 17.294 0.021
3175.71330 18.005 0.040
3177.75044 17.411 0.043
3178.77701 17.283 0.025
3179.78676 17.259 0.026
3180.71510 17.285 0.022
3182.76659 17.275 0.027
3183.73524 17.234 0.028
3184.69303 17.303 0.023
3185.74569 17.271 0.026
3185.76592 17.300 0.028
3185.79186 17.313 0.026
3185.82991 17.276 0.024
3185.85790 17.310 0.029
3185.87937 17.318 0.033
3186.62474 17.333 0.033
3190.63676 18.028 0.059
3191.77823 17.256 0.032
3193.53123 17.428 0.033
3194.58989 17.299 0.032
3195.63717 17.296 0.023
3195.79485 17.277 0.023
3196.54027 17.275 0.030
3196.55746 17.272 0.032
3197.50783 17.338 0.026
3199.61760 17.215 0.029
3201.50944 17.358 0.022
3202.47390 17.299 0.036
3202.52602 17.294 0.023
3202.56388 17.327 0.026
3202.63017 17.448 0.031
3202.75567 17.298 0.031
3202.79234 17.305 0.029
3202.82853 17.286 0.040
3203.46962 17.514 0.041
3203.65337 17.651 0.037
3204.64660 17.284 0.025
3205.75522 17.283 0.028
3206.71223 17.213 0.029
3207.66076 17.212 0.032
3209.70588 17.209 0.020
3210.53961 17.242 0.027
3211.57807 17.287 0.029
3217.47623 17.408 0.027
3218.64498 17.239 0.029
3219.59333 17.141 0.037
3223.64623 17.147 0.037
3224.69175 17.238 0.023
3226.60906 17.175 0.036
3228.59549 17.362 0.034
3229.62796 17.340 0.030
3230.66154 17.259 0.025
3231.56488 17.301 0.031
3238.61386 17.290 0.032
3239.69262 17.264 0.035
3240.67375 17.958 0.075
3245.54852 17.302 0.026
3246.65224 17.120 0.030
3247.61839 17.286 0.032
3249.52031 17.258 0.032
3250.65307 17.196 0.028
3251.49826 17.207 0.032
3251.59855 17.320 0.026
3251.64976 17.313 0.032
3253.51737 17.228 0.032
3256.63014 17.216 0.033
3259.61960 17.278 0.033
3264.52709 17.272 0.028
3267.52620 17.333 0.031
3272.58162 17.255 0.030
3275.56458 17.244 0.035
3278.59349 17.298 0.031
3281.60025 17.262 0.020
3288.54008 17.375 0.024
3293.51065 17.315 0.026
3295.52085 17.300 0.020
3305.54167 18.290 0.073
3307.54072 17.117 0.039
3309.51660 17.210 0.031
3310.52622 17.277 0.032
3314.51011 17.176 0.040
3408.88462 17.392 0.035
3410.88473 17.407 0.037
3413.88556 17.249 0.029
3421.89178 17.246 0.020
3422.86168 17.297 0.032
3426.85731 17.327 0.028
3429.83041 17.551 0.041
3432.88273 17.275 0.026
3442.88513 17.306 0.024
3445.79797 17.333 0.023
3447.84859 17.172 0.025
3449.86122 17.293 0.028
3452.88183 17.329 0.021
3455.81607 17.433 0.032
3457.84953 17.317 0.024
3459.84475 17.264 0.021
3469.78051 17.300 0.022
3470.79348 17.316 0.025
3472.75591 17.263 0.025
3473.77571 17.188 0.026
3474.77237 17.163 0.028
3475.79793 17.274 0.024
3477.75977 17.270 0.024
3479.75860 17.936 0.034
3480.71874 17.383 0.026
3481.73667 17.796 0.040
3482.67900 17.350 0.031
3496.71626 17.353 0.026
3497.78781 17.254 0.031
3498.91109 17.235 0.027
3499.85893 17.292 0.021
3500.72514 17.304 0.026
3501.82158 17.301 0.018
3502.71742 17.301 0.021
3503.68661 17.323 0.023
3504.70133 17.304 0.027
3506.74514 17.350 0.027
3508.74935 17.312 0.028
3509.72782 17.341 0.025
3510.79760 17.251 0.024
3511.83673 17.229 0.021
3512.70641 17.283 0.027
3517.68222 17.270 0.032
3520.75750 17.240 0.029
3521.71471 17.265 0.020
3522.74274 17.301 0.019
3522.93395 17.213 0.026
3523.74723 17.251 0.017
3524.89241 17.163 0.026
3525.74562 17.215 0.021
3526.74905 17.264 0.025
3528.66990 17.254 0.022
3529.69227 17.421 0.017
3530.60734 17.241 0.021
3537.73817 17.260 0.019
3538.55386 17.246 0.030
3538.60102 17.254 0.028
3538.63175 17.232 0.023
3538.68725 17.248 0.020
3538.73637 17.250 0.020
3538.78384 17.250 0.021
3538.81495 17.231 0.022
3538.84381 17.283 0.024
3538.87524 17.246 0.029
3538.90769 17.149 0.030
3539.51083 17.311 0.040
3539.53042 17.325 0.042
3539.56304 17.288 0.030
3539.59305 17.240 0.028
3539.61593 17.270 0.028
3539.68199 17.220 0.024
3539.73745 17.227 0.020
3539.80860 17.258 0.018
3540.51620 17.361 0.039
3540.61626 17.313 0.028
3540.73621 17.288 0.026
3540.83437 17.334 0.030
3541.63152 17.264 0.027
3541.78057 17.271 0.023
3542.56565 17.220 0.029
3542.83831 18.252 0.103
3544.61196 17.606 0.039
3544.72499 18.094 0.049
3546.84410 17.185 0.037
3547.80836 17.119 0.030
3549.84020 17.151 0.023
3550.63202 17.238 0.025
3551.63161 17.223 0.016
3552.66733 17.263 0.022
3553.71738 17.214 0.029
3554.65271 17.161 0.027
3555.66479 17.209 0.026
3556.67254 17.303 0.025
3558.52735 17.285 0.029
3558.82609 17.170 0.027
3559.69603 17.321 0.025
3560.59735 17.248 0.022
3561.54511 17.312 0.024
3562.58579 17.123 0.029
3563.63648 17.307 0.019
3564.57425 17.176 0.029
3569.55961 17.235 0.029
3572.81507 17.213 0.036
3573.64605 17.293 0.030
3574.68595 17.253 0.023
3575.53344 17.270 0.021
3575.77005 17.144 0.023
3576.68735 17.114 0.027
3577.58745 17.200 0.029
3578.67206 17.219 0.023
3579.61750 17.250 0.021
3580.65072 17.232 0.024
3581.67061 17.387 0.023
3582.64244 17.277 0.023
3583.63288 18.285 0.054
3583.75281 17.245 0.027
3584.64156 17.284 0.020
3584.75615 17.119 0.025
3585.63187 17.250 0.020
3585.77460 17.189 0.025
3586.46947 17.409 0.029
3586.56846 17.242 0.018
3586.67493 17.242 0.018
3586.71697 17.242 0.018
3587.59338 17.135 0.032
3587.64873 17.188 0.029
3587.71438 17.211 0.030
3588.55798 17.208 0.018
3589.49306 17.303 0.021
3589.54506 17.294 0.020
3589.67054 17.268 0.019
3589.69740 17.205 0.021
3590.65448 17.252 0.020
3591.49752 17.251 0.023
3591.54072 17.340 0.020
3591.64564 17.229 0.017
3591.67802 17.240 0.017
3591.75825 17.215 0.024
3592.75423 17.182 0.024
3593.74495 17.250 0.026
3594.70716 17.726 0.046
3601.65572 17.218 0.021
3601.72213 17.242 0.026
3602.61631 17.232 0.022
3603.63634 17.152 0.024
3607.63470 17.417 0.027
3608.65006 17.230 0.026
3609.63060 17.861 0.042
3615.57781 17.253 0.025
3618.57944 17.222 0.025
3620.54264 17.228 0.020
3622.52050 17.822 0.046
3628.59671 17.209 0.029
3630.53603 17.127 0.029
3632.58615 17.251 0.028
3634.48675 17.140 0.029
3639.54561 17.299 0.019
3641.54407 17.178 0.029
3644.50439 17.176 0.028
3648.53623 18.106 0.064
3650.57858 17.304 0.023
3654.54028 17.254 0.030
3656.52150 17.262 0.025
3658.55330 17.161 0.034
3660.52593 17.353 0.034
3664.50273 17.297 0.025
3675.50804 17.037 0.029
3675.52524 17.255 0.030
3676.49774 17.267 0.037
3776.86666 17.183 0.028
3782.85138 17.346 0.031
3784.87670 17.434 0.026
3786.89627 17.335 0.032
3788.84686 17.385 0.030
3790.88929 17.214 0.022
3793.85656 17.330 0.022
3795.84399 17.380 0.029
3798.80720 17.457 0.031
3799.83136 17.329 0.029
3800.82630 17.254 0.034
3801.88578 17.235 0.025
3802.85137 17.290 0.024
3803.88664 17.281 0.021
3805.80308 17.287 0.026
3806.76939 17.334 0.030
3807.78847 17.284 0.033
3808.79614 17.324 0.028
3809.88126 17.755 0.034
3810.84788 17.229 0.020
3811.83947 17.312 0.026
3812.83558 17.204 0.027
3813.82552 17.330 0.022
3814.82739 17.287 0.024
3817.85893 17.266 0.022
3818.88802 17.258 0.020
3819.80573 17.320 0.019
3820.77237 17.324 0.024
3821.77549 17.388 0.026
3822.81491 18.216 0.057
3822.86280 17.800 0.033
3822.88373 17.551 0.026
3822.91798 17.372 0.024
3823.74126 17.501 0.035
3823.79522 17.375 0.025
3823.83900 17.318 0.019
3823.88712 17.291 0.023
3823.92038 17.251 0.023
3824.74127 17.470 0.036
3824.82034 17.234 0.033
3824.86053 17.228 0.027
3824.89538 17.214 0.027
3825.80613 17.230 0.029
3825.84993 17.292 0.026
3825.88261 17.263 0.027
3825.91910 17.286 0.029
3826.73466 17.197 0.024
3826.77342 17.312 0.027
3826.82792 17.316 0.027
3826.90004 17.236 0.024
3827.76609 17.231 0.026
3827.80246 17.317 0.024
3827.85050 17.272 0.021
3827.92210 17.293 0.022
3828.75189 17.301 0.034
3828.79947 17.237 0.031
3828.86375 17.269 0.025
3828.91913 17.223 0.025
3829.73331 17.303 0.026
3829.77952 17.306 0.030
3829.84867 17.265 0.022
3829.89464 17.219 0.020
3829.92346 17.276 0.022
3830.69453 17.425 0.035
3830.70868 17.255 0.027
3830.73142 17.307 0.024
3830.74754 17.284 0.022
3830.76319 17.291 0.022
3830.77736 17.297 0.022
3830.79213 17.314 0.023
3830.80630 17.317 0.024
3830.82027 17.282 0.021
3830.83216 17.214 0.023
3830.84383 17.274 0.019
3830.85761 17.218 0.021
3830.86987 17.246 0.021
3830.88120 17.239 0.021
3830.89251 17.230 0.018
3830.90230 17.277 0.021
3830.91349 17.259 0.020
3830.92325 17.277 0.022
3830.92650 17.300 0.026
3831.69282 17.311 0.026
3831.70232 17.333 0.026
3831.71506 17.297 0.024
3831.72433 17.253 0.021
3831.72722 17.295 0.022
3831.73049 17.256 0.021
3831.73328 17.222 0.020
3831.73606 17.291 0.021
3831.73915 17.256 0.020
3831.74194 17.305 0.020
3831.74473 17.289 0.021
3831.74789 17.236 0.019
3831.75069 17.277 0.021
3831.75349 17.300 0.022
3831.75671 17.236 0.019
3831.75945 17.252 0.019
3831.76226 17.275 0.019
3831.76573 17.269 0.018
3831.76901 17.291 0.017
3831.77236 17.266 0.017
3831.77516 17.233 0.018
3831.77794 17.285 0.018
3831.78134 17.284 0.017
3831.78451 17.277 0.018
3831.78811 17.311 0.018
3831.79136 17.250 0.018
3831.79413 17.265 0.018
3831.79693 17.320 0.019
3831.80037 17.294 0.019
3831.80352 17.257 0.018
3831.80663 17.254 0.019
3831.80942 17.273 0.018
3831.81220 17.222 0.018
3831.81540 17.287 0.022
3831.81820 17.289 0.023
3831.82100 17.248 0.020
3831.82421 17.281 0.020
3831.82701 17.263 0.021
3831.82981 17.289 0.022
3831.83338 17.251 0.021
3831.83682 17.296 0.021
3831.83960 17.250 0.019
3831.84239 17.259 0.021
3831.84590 17.271 0.021
3831.84895 17.254 0.021
3831.85173 17.280 0.023
3831.85453 17.279 0.021
3831.85733 17.333 0.023
3831.86047 17.283 0.023
3831.86326 17.293 0.023
3831.86606 17.251 0.024
3831.87571 17.274 0.020
3831.88127 17.338 0.022
3831.88685 17.331 0.021
3831.89242 17.270 0.022
3831.90378 17.313 0.022
3831.91135 17.300 0.020
3831.91778 17.330 0.020
3831.92417 17.272 0.022
3831.92728 17.330 0.025
3831.93025 17.298 0.032
3832.69746 17.261 0.032
3832.70964 17.370 0.032
3832.73347 17.273 0.025
3832.77960 17.305 0.023
3832.82546 17.300 0.025
3832.86883 17.306 0.024
3832.91484 17.333 0.027
3833.69203 17.300 0.031
3833.71386 17.322 0.026
3833.73818 17.293 0.023
3833.78086 17.356 0.021
3833.82362 17.518 0.021
3833.84562 17.603 0.024
3833.87403 17.968 0.036
3833.90449 18.334 0.054
3833.92084 18.292 0.054
3834.69807 17.265 0.032
3834.71734 17.347 0.033
3834.74118 17.294 0.028
3834.79019 17.339 0.022
3834.87001 17.318 0.022
3834.91248 17.251 0.026
3835.70754 17.841 0.047
3835.77773 18.389 0.063
3835.85155 17.599 0.023
3835.88133 17.411 0.020
3835.92110 17.296 0.021
3836.70365 17.276 0.038
3836.76522 17.346 0.031
3836.80968 17.306 0.025
3836.84025 17.295 0.023
3836.89700 17.256 0.022
3837.70232 17.663 0.054
3837.73259 17.412 0.033
3837.90433 17.282 0.019
3838.74437 17.244 0.034
3838.91167 17.144 0.029
3839.74014 17.241 0.037
3839.81869 17.230 0.025
3839.86286 17.225 0.032
3839.92328 17.205 0.025
3840.70612 17.261 0.032
3840.78725 17.289 0.024
3840.91107 17.274 0.024
3841.74464 17.248 0.027
3841.83337 17.289 0.024
3841.89524 17.227 0.022
3842.84722 17.294 0.023
3845.72015 17.209 0.037
3845.90886 17.245 0.031
3846.73085 17.302 0.023
3846.91520 18.184 0.049
3847.79698 17.227 0.032
3848.75195 18.461 0.088
3849.75102 17.326 0.025
3849.92157 17.234 0.022
3850.69508 17.574 0.030
3850.86679 17.262 0.024
3851.71023 17.288 0.031
3851.87509 17.283 0.026
3851.92125 17.265 0.028
3852.69879 17.281 0.035
3852.87008 17.256 0.025
3853.68722 17.242 0.023
3853.85556 17.222 0.019
3853.92630 17.230 0.018
3856.67728 17.302 0.024
3856.84401 17.227 0.022
3857.91495 17.355 0.024
3858.76365 17.260 0.019
3859.80186 17.675 0.032
3860.67032 17.243 0.031
3860.91020 17.224 0.026
3861.66778 17.836 0.046
3861.77301 17.914 0.038
3861.93627 17.318 0.025
3862.70115 17.397 0.026
3862.86513 17.258 0.020
3863.63658 17.956 0.053
3863.85422 17.259 0.020
3863.93351 17.224 0.022
3864.67711 17.278 0.029
3864.86713 17.217 0.019
3865.68793 17.236 0.026
3865.82339 17.260 0.023
3865.90139 17.273 0.023
3866.68633 17.242 0.023
3866.82582 17.225 0.022
3866.90472 17.226 0.019
3867.62923 17.180 0.030
3867.81489 17.257 0.024
3867.88795 17.239 0.020
3868.71231 17.238 0.028
3868.86399 17.210 0.029
3869.69210 17.294 0.023
3869.87310 17.224 0.025
3872.88947 18.020 0.045
3873.64441 17.333 0.026
3873.78712 17.324 0.023
3873.85985 17.306 0.027
3873.92942 17.268 0.027
3874.74408 17.897 0.051
3875.65777 17.408 0.022
3875.80525 17.261 0.019
3875.90419 17.215 0.021
3876.63502 17.765 0.036
3877.63314 17.247 0.024
3877.78382 17.259 0.020
3877.85836 17.193 0.021
3879.66460 17.251 0.018
3880.83400 17.259 0.027
3880.91278 17.275 0.026
3881.66319 17.258 0.021
3881.87469 17.262 0.020
3881.92144 17.243 0.020
3882.75148 17.249 0.024
3882.82572 17.276 0.024
3882.89458 17.257 0.020
3883.64089 17.286 0.030
3883.83854 17.259 0.020
3886.60296 17.249 0.027
3886.79572 17.273 0.023
3886.86759 17.245 0.029
3887.57628 17.485 0.035
3887.77883 17.517 0.025
3887.87851 17.324 0.024
3888.59233 17.375 0.022
3889.65877 17.434 0.028
3889.93701 17.242 0.025
3890.63801 17.273 0.022
3891.66836 17.270 0.023
3891.79664 17.202 0.027
3891.87862 17.196 0.024
3892.56996 17.379 0.032
3892.93307 17.214 0.032
3893.61937 17.235 0.028
3893.86123 17.182 0.029
3894.67263 17.194 0.031
3896.61021 17.179 0.032
3900.53154 17.308 0.038
3900.71721 17.822 0.043
3900.79651 17.238 0.023
3900.86518 17.220 0.023
3901.54164 17.354 0.030
3901.72296 17.243 0.025
3901.80026 17.214 0.029
3901.86919 17.222 0.024
3902.56432 17.939 0.040
3902.74384 17.254 0.022
3902.86280 17.226 0.028
3903.65200 17.269 0.026
3903.89770 17.156 0.028
3904.55258 17.287 0.024
3904.71569 17.263 0.020
3904.78472 17.214 0.022
3904.88687 17.200 0.025
3905.54940 17.340 0.026
3905.72600 17.254 0.018
3905.79609 17.225 0.017
3905.86464 17.202 0.020
3906.56391 17.216 0.028
3906.70373 17.215 0.023
3906.77686 17.160 0.022
3906.85606 17.230 0.023
3907.59466 17.131 0.024
3907.77690 17.121 0.029
3907.86146 17.071 0.030
3908.53081 17.245 0.027
3908.71642 17.263 0.024
3908.79650 17.227 0.022
3908.87610 17.240 0.026
3909.53255 17.308 0.030
3909.71536 17.294 0.018
3909.80585 17.293 0.022
3909.88209 17.864 0.046
3910.56201 17.214 0.027
3912.53181 17.333 0.019
3912.71911 17.359 0.019
3912.81298 17.275 0.021
3913.52327 17.396 0.021
3913.72868 17.556 0.028
3913.81763 17.283 0.019
3914.54703 17.436 0.033
3915.52479 18.304 0.068
3915.72677 17.253 0.022
3915.82500 17.231 0.021
3916.56350 17.223 0.032
3916.80737 17.148 0.025
3917.55117 17.202 0.023
3917.81791 17.156 0.027
3918.59191 17.230 0.020
3918.81566 17.121 0.027
3919.54241 17.283 0.027
3919.75241 17.210 0.018
3920.51012 17.292 0.027
3920.70621 17.200 0.026
3920.79156 17.245 0.021
3921.50629 17.241 0.026
3921.70554 17.147 0.033
3921.72000 17.112 0.031
3922.70997 17.168 0.031
3930.53762 17.322 0.022
3930.78501 17.111 0.029
3931.49555 17.204 0.031
3931.82270 17.208 0.031
3932.52644 17.275 0.024
3932.79819 17.201 0.028
3933.51288 17.247 0.022
3933.69729 17.200 0.018
3933.76931 17.263 0.023
3934.48675 17.282 0.027
3934.65679 17.205 0.019
3934.72662 17.258 0.020
3935.53665 17.166 0.024
3935.70795 17.211 0.031
3935.80551 17.670 0.039
3936.49004 17.255 0.031
3936.65553 17.254 0.022
3936.73190 17.216 0.024
3937.55431 17.175 0.034
3938.49782 17.128 0.027
3938.68874 17.346 0.023
3938.79796 17.236 0.030
3940.57805 17.311 0.019
3941.69904 17.214 0.033
3944.55038 17.278 0.023
3944.75072 17.133 0.018
3945.51209 17.258 0.027
3945.77859 17.203 0.027
3946.50948 17.187 0.026
3946.70167 17.240 0.026
3950.51836 17.326 0.024
3950.73340 18.138 0.057
3951.51106 17.192 0.026
3951.74233 17.102 0.029
3956.56358 17.224 0.033
3957.50269 17.177 0.028
3958.57350 17.258 0.024
3959.50625 17.175 0.025
3959.68067 17.243 0.024
3960.49552 17.227 0.021
3960.67458 17.240 0.018
3961.56682 17.276 0.029
3963.52813 17.265 0.025
3963.70552 17.979 0.057
3964.52323 17.264 0.020
3964.72811 17.312 0.029
3965.50767 17.989 0.036
3965.69897 17.294 0.022
3966.48285 17.378 0.029
3966.68461 17.179 0.025
3967.51722 17.210 0.032
3967.71002 17.240 0.026
3968.49534 17.202 0.027
3968.57205 17.194 0.024
3968.66525 17.238 0.025
3969.47696 17.263 0.030
3969.67764 17.035 0.027
3970.50608 17.105 0.028
3970.68464 17.277 0.026
3971.54996 17.257 0.031
3973.56806 17.213 0.031
3974.50540 17.185 0.028
3974.68840 17.272 0.032
3975.50832 17.168 0.024
3975.68018 17.240 0.030
3976.50287 17.351 0.022
3976.67889 18.113 0.069
3979.50514 17.311 0.043
3982.56575 17.243 0.023
3983.51944 17.304 0.034
3986.58020 17.206 0.029
3987.50256 17.216 0.027
3988.50840 17.253 0.022
3989.52606 17.316 0.029
3989.59339 17.683 0.046
3989.65912 18.026 0.070
3990.54287 17.290 0.033
3990.60769 17.383 0.034
3990.63502 17.274 0.029
3990.66921 17.234 0.030
3991.49865 17.998 0.065
3991.64194 17.241 0.031
3993.55037 17.184 0.028
3994.56103 17.191 0.029
3995.56860 17.261 0.023
3999.58387 17.176 0.023
4002.49208 17.323 0.025
4003.48958 17.358 0.024
4004.52370 17.985 0.037
4006.51665 17.267 0.024
4012.49654 17.113 0.031
4016.51218 17.193 0.028
4018.54847 17.081 0.025
4020.53521 17.209 0.026
4023.53555 17.239 0.029
4025.55494 17.255 0.028
4028.49433 17.332 0.034
4031.49442 17.204 0.031
4038.49978 17.130 0.033
4040.51413 17.108 0.030
4041.49634 17.772 0.068
4043.50658 17.528 0.041
4141.87425 17.370 0.033
4143.89158 17.344 0.039
4150.88943 17.944 0.053
4153.87732 17.278 0.028
4156.85575 17.342 0.036
4158.87533 17.293 0.031
4161.84330 17.361 0.036
4163.80945 17.467 0.030
4163.82618 17.589 0.034
4165.80755 18.078 0.080
4168.80086 17.255 0.028
4170.79671 17.346 0.039
4175.78733 17.288 0.032
4176.89869 18.503 0.062
4178.80243 18.076 0.056
4179.84679 17.297 0.025
4181.78315 17.269 0.031
4182.82815 17.287 0.024
4183.86427 17.276 0.030
4184.90489 17.266 0.022
4189.83630 17.870 0.068
4191.80518 17.636 0.051
4193.73955 17.329 0.042
4194.78508 17.251 0.029
4196.77521 17.162 0.030
4202.75669 17.503 0.028
4203.74471 17.416 0.023
4204.73698 18.246 0.066
4204.91930 17.308 0.025
4205.73353 17.332 0.032
4207.72299 17.296 0.030
4208.74507 17.306 0.027
4211.78923 17.254 0.034
4212.86641 17.143 0.037
4213.70960 17.287 0.038
4213.91318 17.729 0.034
4215.74231 17.507 0.039
4216.70011 17.382 0.036
4216.92447 17.211 0.031
4217.70755 18.362 0.057
4217.91117 17.252 0.021
4218.75716 17.228 0.033
4219.75533 17.232 0.030
4220.70006 17.331 0.037
4222.66603 17.269 0.038
4222.91352 17.287 0.029
4224.78224 17.275 0.026
4228.67769 17.344 0.028
4228.91127 17.419 0.038
4229.67133 17.324 0.034
4229.86831 17.263 0.029
4229.93550 17.240 0.030
4230.68107 18.285 0.066
4230.86912 17.247 0.031
4230.93399 17.120 0.037
4231.62340 17.425 0.036
4231.76761 17.267 0.023
4231.89179 17.203 0.031
4231.93490 17.242 0.033
4232.67545 17.287 0.034
4232.83648 17.189 0.038
4233.80725 17.131 0.030
4234.70891 17.282 0.028
4235.63696 17.257 0.029
4235.79816 17.249 0.024
4235.89058 17.242 0.029
4238.62283 17.192 0.041
4238.87527 17.200 0.029
4239.62372 17.309 0.033
4240.67695 17.249 0.025
4240.81133 17.268 0.030
4243.64276 18.545 0.101
4243.73547 17.429 0.042
4243.82923 17.266 0.035
4244.61516 17.311 0.042
4244.71136 17.306 0.026
4244.80419 17.222 0.031
4244.91602 17.268 0.032
4245.60820 17.318 0.031
4245.70212 17.279 0.022
4245.79797 17.281 0.025
4246.66654 17.253 0.029
4246.75941 17.269 0.034
4246.85272 17.224 0.029
4247.68174 17.265 0.026
4247.82259 17.255 0.027
4250.72988 17.190 0.028
4251.80147 17.245 0.045
4256.61760 18.293 0.082
4256.76362 17.226 0.035
4256.86143 17.191 0.043
4257.64927 17.225 0.034
4258.63292 17.239 0.038
4258.75541 17.315 0.031
4258.84951 17.221 0.033
4267.59350 17.270 0.033
4268.55670 17.244 0.027
4268.83957 17.202 0.029
4269.57593 18.221 0.067
4269.69646 17.445 0.031
4269.78570 17.263 0.022
4270.56946 17.405 0.028
4272.59781 17.277 0.024
4272.74695 17.252 0.026
4272.80620 17.299 0.022
4272.87774 17.133 0.032
4273.61494 17.192 0.036
4273.79560 17.211 0.032
4273.85674 17.188 0.033
4274.54757 17.297 0.034
4274.69991 17.249 0.031
4274.76248 17.191 0.030
4274.82088 17.205 0.029
4275.60002 17.272 0.027
4275.77537 17.205 0.031
4275.83384 17.160 0.034
4276.58481 17.236 0.031
4277.52860 17.261 0.037
4277.70549 17.229 0.028
4277.76419 17.206 0.035
4277.82283 17.155 0.039
4278.57236 17.242 0.040
4278.74964 17.315 0.039
4278.82870 17.684 0.062
4283.50801 17.462 0.038
4283.72834 17.252 0.034
4284.50297 17.696 0.049
4284.69312 17.230 0.028
4284.75590 17.266 0.027
4284.81484 17.259 0.034
4285.50605 17.334 0.042
4285.69418 17.187 0.030
4285.76062 17.243 0.027
4285.82594 17.182 0.032
4286.50575 17.327 0.034
4286.80293 17.153 0.027
4289.51356 17.244 0.037
4289.73212 17.301 0.033
4289.79724 17.300 0.030
4290.55988 17.265 0.038
4291.62250 17.281 0.028
4291.78520 17.601 0.056
4292.48816 17.253 0.025
4292.66732 17.281 0.029
4292.72592 17.386 0.026
4292.78445 17.342 0.026
4293.48847 17.328 0.030
4293.71307 18.218 0.063
4294.48765 17.274 0.028
4295.49476 17.902 0.055
4295.69278 17.279 0.024
4295.75137 17.265 0.026
4296.49173 17.461 0.038
4296.68443 17.265 0.026
4296.81270 17.174 0.034
4297.51134 17.457 0.038
4297.71294 17.229 0.024
4298.54621 17.256 0.037
4298.65195 17.269 0.033
4298.75155 17.134 0.034
4299.52924 17.308 0.026
4299.62223 17.257 0.026
4299.71442 17.242 0.028
4299.80517 17.146 0.035
4300.52491 17.240 0.029
4300.64499 17.202 0.026
4300.74051 17.253 0.027
4301.51578 17.270 0.024
4301.61155 17.260 0.021
4301.71129 17.221 0.025
4301.80251 17.265 0.027
4302.58876 17.236 0.030
4302.68896 17.280 0.034
4303.67480 17.171 0.035
4304.54890 17.289 0.035
4304.65959 17.033 0.036
4306.63285 17.942 0.059
4306.68565 18.197 0.081
4310.61207 17.262 0.032
4311.76074 17.068 0.036
4312.54435 17.276 0.032
4312.74280 17.196 0.026
4315.63534 17.203 0.036
4316.70852 17.148 0.031
4317.55659 17.267 0.027
4319.51385 17.314 0.036
4319.76870 17.321 0.035
4320.54067 17.343 0.031
4320.59554 17.314 0.033
4320.77207 17.083 0.033
4326.50790 17.248 0.031
4326.70510 17.185 0.036
4327.58629 17.150 0.038
4327.72759 17.171 0.037
4328.51309 17.242 0.035
4328.69113 17.126 0.031
4329.52309 17.229 0.031
4329.67097 17.187 0.033
4330.49401 17.203 0.029
4330.68727 17.385 0.034
4331.47409 17.245 0.040
4331.68295 17.293 0.041
4332.50388 17.286 0.027
4333.52495 17.268 0.032
4333.68609 17.242 0.032
4334.49833 17.988 0.112
4334.62657 17.146 0.050
4338.49820 17.265 0.030
4339.47556 17.278 0.035
4339.69197 17.187 0.037
4340.59585 17.210 0.029
4341.49886 17.176 0.036
4342.52808 17.187 0.029
4343.50688 17.258 0.023
4344.53510 17.182 0.035
4345.49997 17.428 0.026
4346.51297 17.295 0.032
4347.52770 17.591 0.045
4349.48892 17.206 0.035
4350.53598 17.262 0.029
4351.50187 17.213 0.028
4352.55243 17.094 0.034
4353.50579 17.261 0.027
4354.53451 17.296 0.027
4355.53613 17.297 0.030
4356.50250 17.248 0.032
4357.53158 17.212 0.036
4358.49461 17.442 0.048
4359.53217 17.342 0.035
4360.51960 17.413 0.043
4361.56492 17.122 0.038
4362.50666 17.289 0.033
4365.55748 17.113 0.037
4367.48358 17.281 0.029
4368.52723 17.142 0.034
4369.60659 17.297 0.045
4370.48450 17.199 0.033
4371.52966 18.084 0.057
4372.51542 17.346 0.026
4373.48991 17.459 0.047
4376.56630 17.155 0.035
4377.60358 17.229 0.036
4378.51410 17.213 0.030
4379.52915 17.090 0.033
4380.54064 17.253 0.029
4381.51930 17.154 0.037
4382.56131 17.296 0.035
4383.55241 17.200 0.034
4384.52658 18.142 0.076
4387.58054 17.208 0.030
4393.52643 17.257 0.030
4394.54178 17.358 0.032
4395.51318 17.230 0.033
4396.50517 17.162 0.035
4397.52950 18.440 0.083
4398.53441 17.273 0.032
4399.52707 17.242 0.037
4400.52917 17.293 0.042
4402.54558 17.021 0.033
4403.54462 17.103 0.033
4407.52056 17.258 0.041
4507.85096 17.303 0.037
4510.85622 17.333 0.031
4513.85736 17.240 0.020
4517.85647 17.192 0.041
4519.87741 18.434 0.070
4522.87132 17.201 0.031
4524.80722 17.311 0.031
4530.81482 17.347 0.023
4533.84845 17.355 0.031
4535.80187 17.269 0.035
4536.89110 17.260 0.025
4537.87675 17.263 0.023
4538.81187 17.222 0.029
4539.84992 17.161 0.025
4540.79607 17.262 0.021
4541.78880 17.263 0.022
4542.78349 17.180 0.032
4543.77903 17.313 0.027
4544.77593 17.320 0.031
4545.78221 17.937 0.043
4546.78936 17.345 0.029
4547.78333 17.535 0.030
4548.79431 17.171 0.031
4550.73734 17.318 0.038
4551.76054 17.300 0.026
4552.75644 17.267 0.040
4556.75256 17.272 0.024
4557.76983 17.298 0.028
4558.74677 17.804 0.036
4558.91653 17.383 0.024
4559.74466 17.348 0.026
4560.74477 17.673 0.042
4561.73482 17.297 0.027
4561.92101 17.194 0.023
4564.72502 17.249 0.026
4564.92553 17.178 0.029
4565.72309 17.298 0.021
4565.91395 17.256 0.019
4566.72257 17.229 0.024
4566.91943 17.205 0.019
4567.71554 17.266 0.028
4567.92144 17.258 0.025
4568.72145 17.196 0.029
4569.73047 17.292 0.034
4570.72389 17.154 0.028
4571.71852 17.662 0.055
4571.90711 17.378 0.027
4572.74601 17.333 0.027
4573.73441 17.495 0.030
4573.90077 17.246 0.022
4574.73680 17.175 0.029
4575.74229 17.225 0.023
4576.75240 17.193 0.020
4577.83408 17.246 0.026
4578.78513 16.998 0.032
4579.86203 17.202 0.032
4583.72884 17.254 0.031
4583.91498 17.228 0.025
4585.75258 17.188 0.031
4586.77776 17.223 0.030
4587.76544 17.181 0.029
4587.92403 17.181 0.036
4588.68795 17.232 0.032
4588.91884 17.208 0.023
4589.67089 17.223 0.027
4589.82630 17.191 0.026
4589.88829 17.194 0.027
4590.69049 17.194 0.027
4590.89615 17.176 0.023
4591.70215 17.241 0.028
4591.82705 17.204 0.024
4591.89416 17.167 0.025
4592.66075 17.214 0.025
4592.85004 17.228 0.031
4592.92836 17.199 0.028
4593.64992 17.166 0.028
4593.85961 17.252 0.024
4593.94178 17.384 0.041
4594.67097 17.175 0.029
4594.86596 17.203 0.025
4594.93148 17.257 0.030
4595.66048 17.290 0.028
4595.85485 17.912 0.046
4595.91674 18.002 0.057
4596.65567 17.172 0.026
4597.68013 17.731 0.039
4597.87164 17.300 0.028
4598.65642 17.347 0.022
4598.92509 17.131 0.025
4599.62885 17.875 0.063
4599.91943 17.141 0.030
4600.63812 17.275 0.021
4600.84684 17.194 0.021
4601.64370 17.242 0.022
4601.85993 17.175 0.020
4601.92178 17.158 0.028
4602.63634 17.243 0.021
4602.84575 17.231 0.021
4603.76378 17.164 0.027
4606.63762 17.301 0.029
4606.88897 17.265 0.026
4610.73377 18.199 0.050
4610.94100 17.259 0.033
4611.62311 17.305 0.034
4611.81395 17.209 0.021
4612.64448 17.549 0.043
4615.78621 17.235 0.032
4616.59523 17.253 0.035
4616.81174 17.203 0.026
4616.88170 17.150 0.028
4617.66147 17.263 0.026
4618.60696 17.173 0.029
4621.73592 17.268 0.018
4622.80539 17.379 0.034
4622.90685 17.272 0.037
4623.64076 17.604 0.054
4623.86454 17.157 0.034
4624.58447 17.395 0.033
4624.80866 17.162 0.029
4624.87501 17.162 0.025
4625.59857 17.834 0.055
4625.78893 17.189 0.029
4625.90369 17.076 0.034
4626.59709 17.194 0.033
4626.85240 17.158 0.035
4627.55754 17.268 0.028
4627.82975 17.178 0.023
4627.91410 17.245 0.026
4628.54325 17.283 0.029
4628.75111 17.195 0.025
4628.81654 17.135 0.029
4628.88643 17.232 0.029
4629.62222 17.181 0.025
4629.82486 17.164 0.025
4629.90286 17.163 0.028
4630.55817 17.179 0.029
4630.76401 17.270 0.022
4630.84735 17.238 0.025
4630.91014 17.193 0.033
4631.55957 17.248 0.020
4631.77533 17.199 0.021
4631.86199 17.197 0.027
4632.56335 17.223 0.023
4632.85009 17.233 0.028
4633.56332 17.204 0.023
4633.67486 17.179 0.023
4633.79060 17.233 0.025
4638.74837 17.255 0.031
4638.85858 17.170 0.028
4639.57093 17.287 0.031
4639.66871 17.185 0.023
4640.59044 17.231 0.025
4640.72261 17.232 0.027
4640.82762 17.119 0.031
4641.66443 17.230 0.025
4641.77439 17.144 0.027
4642.58832 17.202 0.026
4642.75085 17.095 0.028
4642.82592 17.090 0.028
4643.54611 17.218 0.032
4644.59349 17.217 0.033
4644.84970 17.169 0.024
4645.51655 17.160 0.028
4645.76503 17.145 0.028
4645.83977 17.320 0.034
4646.51461 17.227 0.023
4646.84700 17.379 0.031
4647.51098 17.260 0.030
4647.73402 17.607 0.045
4647.84504 17.891 0.060
4648.49412 17.266 0.031
4648.70775 17.270 0.028
4648.81164 17.313 0.034
4649.52021 17.323 0.033
4649.72891 17.586 0.031
4649.85532 17.242 0.032
4650.50620 17.303 0.030
4650.77012 17.135 0.028
4650.86381 17.177 0.033
4651.50953 18.124 0.077
4651.80468 17.145 0.027
4652.50059 17.330 0.032
4652.71373 17.171 0.025
4652.78861 17.135 0.026
4652.83834 17.124 0.031
4653.49694 17.331 0.039
4653.71612 17.181 0.028
4653.78129 17.122 0.033
4654.53574 17.172 0.031
4654.74719 17.240 0.029
4654.81232 17.083 0.033
4655.49681 17.203 0.031
4655.72130 17.192 0.022
4655.78309 17.106 0.026
4656.49875 17.245 0.021
4656.68849 17.169 0.025
4656.80777 17.198 0.031
4657.72310 17.078 0.028
4658.65708 17.193 0.029
4659.59119 17.039 0.032
4660.60952 17.220 0.029
4661.48681 17.192 0.029
4661.68750 17.269 0.031
4661.74898 17.229 0.032
4661.81617 17.233 0.033
4665.65426 17.244 0.031
4666.55968 17.246 0.027
4666.70276 17.175 0.027
4666.74491 17.176 0.029
4667.57123 17.091 0.033
4670.64440 17.152 0.030
4671.57992 17.261 0.029
4672.50540 17.232 0.021
4672.69790 17.163 0.022
4672.72018 17.239 0.024
4674.50853 17.115 0.031
4674.70164 17.312 0.030
4674.74093 17.242 0.035
4675.67582 17.776 0.043
4677.48511 18.159 0.051
4677.63144 17.179 0.030
4677.77402 17.197 0.030
4678.68853 17.156 0.025
4679.49073 17.110 0.035
4681.52651 17.205 0.029
4681.62653 17.137 0.029
4681.75875 17.214 0.028
4682.49752 17.232 0.024
4682.65485 17.166 0.025
4682.75007 17.231 0.027
4683.51604 17.146 0.031
4683.70294 17.196 0.029
4684.50859 17.251 0.025
4684.72229 17.173 0.026
4685.49352 17.085 0.030
4685.51327 17.092 0.030
4685.57035 17.174 0.026
4685.60439 17.259 0.024
4685.65929 17.215 0.024
4685.72849 17.216 0.027
4686.49730 17.217 0.029
4686.70129 17.796 0.055
4687.48106 17.243 0.028
4687.73655 17.202 0.029
4688.49398 17.468 0.037
4688.68381 17.393 0.029
4688.74562 17.133 0.028
4693.54156 17.219 0.021
4694.53679 17.131 0.036
4697.49745 17.221 0.028
4698.50297 17.151 0.026
4699.49911 17.249 0.029
4700.50538 17.200 0.024
4701.50066 17.621 0.042
4702.49919 17.334 0.027
4703.56967 17.251 0.029
4704.63945 17.240 0.027
4705.50288 17.235 0.026
4708.53608 17.158 0.033
4709.51218 17.109 0.034
4710.54181 17.199 0.022
4711.52116 17.210 0.024
4715.58116 17.188 0.032
4716.58355 17.251 0.034
4720.55070 17.238 0.030
4721.48225 17.127 0.036
4722.51479 17.183 0.026
4724.50459 17.060 0.028
4725.48288 17.121 0.032
4726.54431 16.973 0.031
4728.58944 17.025 0.031
4729.54492 17.079 0.032
4730.56128 17.216 0.025
4731.56818 17.187 0.028
4733.51988 17.170 0.029
4734.54926 17.196 0.031
4737.54014 17.114 0.028
4740.55065 17.642 0.049
4741.55834 17.203 0.030
4743.53330 17.135 0.028
4753.54423 17.600 0.051
4756.52306 17.131 0.030
4758.50588 17.165 0.030
4868.87629 17.347 0.027
4869.86015 17.257 0.028
4873.84898 17.306 0.026
4877.84329 17.235 0.025
4883.84531 17.231 0.029
4884.85082 17.239 0.024
4886.89396 17.673 0.039
4890.87888 17.245 0.022
4896.86714 17.232 0.024
4899.83804 17.434 0.028
4900.87949 17.319 0.025
4901.87787 17.477 0.025
4902.87659 17.197 0.019
4904.80068 17.264 0.025
4905.90466 17.232 0.027
4910.82642 17.239 0.021
4911.77720 17.259 0.021
4912.77411 17.318 0.019
4914.79119 18.065 0.057
4917.75222 17.259 0.021
4920.73252 17.256 0.021
4924.77358 17.210 0.022
4925.81352 17.551 0.025
4925.90056 18.217 0.039
4927.70715 17.913 0.061
4927.86768 17.293 0.030
4928.72968 17.284 0.030
4929.78595 17.254 0.021
4930.70045 17.305 0.028
4930.81938 17.252 0.023
4931.71528 17.203 0.028
4931.86095 17.209 0.022
4932.71834 17.162 0.022
4932.78452 17.195 0.020
4932.81901 17.217 0.018
4933.76667 17.244 0.028
4934.76507 17.208 0.040
4934.83033 17.206 0.027
4938.67566 17.255 0.028
4938.88031 18.184 0.063
4939.69457 17.228 0.032
4940.69457 17.930 0.045
4941.67332 17.315 0.032
4941.77132 17.214 0.027
4942.71109 17.269 0.024
4943.66516 17.221 0.025
4943.80465 17.232 0.024
4944.66197 17.328 0.025
4944.81741 17.218 0.022
4945.71042 17.209 0.023
4945.76687 17.178 0.018
4946.66009 17.219 0.027
4947.65375 17.237 0.021
4947.85169 17.247 0.019
4948.83430 17.256 0.018
4949.78240 17.248 0.022
4951.64246 17.351 0.032
4952.64068 17.256 0.027
4953.63432 17.715 0.039
4953.80888 17.309 0.026
4954.63584 17.295 0.030
4954.82871 17.238 0.023
4955.76991 17.201 0.027
