2127.67397 16.992 0.012
2130.67250 16.652 0.008
2134.54806 17.058 0.013
2137.64625 16.805 0.008
2142.66438 16.602 0.007
2157.60548 16.561 0.009
2161.66826 16.569 0.009
2167.55570 16.614 0.007
2172.61331 16.661 0.010
2180.58485 16.579 0.008
2190.58983 16.567 0.009
2217.49548 16.814 0.020
2342.81674 16.528 0.009
2353.88856 16.578 0.009
2360.90897 17.038 0.009
2377.86130 16.562 0.008
2391.90525 16.868 0.012
2416.92036 16.562 0.009
2435.93847 16.740 0.013
2448.88527 16.562 0.012
2464.85096 16.733 0.009
