2130.47735 18.396 0.052
2133.50402 18.505 0.059
2136.62524 18.406 0.059
2141.61590 18.328 0.054
2144.69735 18.256 0.048
2160.65511 18.427 0.068
2170.59752 18.376 0.053
2179.49575 18.510 0.073
2189.49090 18.556 0.084
2212.51811 18.439 0.065
2333.89683 18.288 0.059
2337.80349 18.353 0.053
2349.82189 18.427 0.060
2357.81505 18.412 0.052
2365.88959 18.290 0.056
2373.76895 18.316 0.059
2405.84973 18.483 0.059
2464.76100 18.460 0.043
2708.89580 18.247 0.040
2850.62812 18.407 0.046
2858.75544 18.410 0.066
3059.84180 18.301 0.047
3064.85700 18.395 0.055
3068.81038 18.269 0.059
3070.89562 18.316 0.044
3073.84807 18.281 0.044
3075.88267 18.302 0.050
3077.87371 18.237 0.082
3080.79138 18.566 0.063
3083.74847 18.418 0.053
3085.84603 18.323 0.042
3087.77377 18.308 0.052
3089.82072 18.450 0.043
3091.87499 18.322 0.043
3096.91391 18.232 0.054
3097.79599 18.282 0.047
3099.88645 18.248 0.058
3100.91925 18.382 0.052
3101.78776 18.298 0.047
3102.88102 18.291 0.049
3104.74200 18.462 0.120
3106.88365 18.347 0.062
3107.87411 18.266 0.055
3109.81107 18.250 0.038
3110.87771 18.332 0.041
3112.87698 18.513 0.052
3113.88827 18.256 0.043
3114.81864 18.488 0.049
3115.87910 18.350 0.044
3116.85944 18.314 0.049
3124.75120 18.195 0.056
3126.69074 18.286 0.037
3127.85711 18.319 0.051
3128.85693 18.312 0.059
3130.73592 18.271 0.047
3131.70227 18.182 0.059
3134.87134 18.303 0.069
3137.75328 18.387 0.056
3138.63251 18.412 0.057
3139.92218 18.363 0.048
3142.80667 18.479 0.052
3144.82373 18.357 0.045
3146.86246 18.316 0.055
3151.79432 18.265 0.054
3152.79591 18.281 0.046
3153.79450 18.446 0.066
3154.88215 18.136 0.058
3156.85083 18.255 0.052
3157.91303 18.279 0.054
3158.86859 18.416 0.064
3162.83229 18.397 0.055
3163.79142 18.320 0.046
3164.78003 18.330 0.040
3165.69283 18.455 0.043
3167.63191 18.000 0.054
3168.84453 18.460 0.050
3169.81125 18.231 0.048
3170.62881 18.418 0.038
3171.76684 18.244 0.036
3171.89240 18.238 0.039
3172.79123 18.377 0.043
3173.75019 18.435 0.062
3173.84168 18.413 0.059
3174.50268 18.383 0.057
3174.74768 18.286 0.042
3174.85829 18.284 0.043
3175.53166 18.426 0.057
3175.75814 18.321 0.042
3175.83396 18.401 0.046
3177.69963 18.253 0.066
3178.55601 18.215 0.061
3179.53881 18.331 0.040
3180.76279 18.390 0.041
3182.82288 18.452 0.050
3183.78188 18.235 0.052
3184.73647 18.422 0.046
3185.66757 18.331 0.043
3191.81419 18.299 0.044
3194.53713 18.377 0.057
3194.77764 18.277 0.040
3195.53683 18.386 0.045
3195.71468 18.379 0.043
3196.56057 18.291 0.054
3196.73031 18.358 0.048
3197.49911 18.297 0.046
3197.56094 18.448 0.046
3197.65406 18.418 0.053
3197.73383 18.334 0.045
3197.81115 18.362 0.059
3199.60888 18.319 0.055
3199.66892 18.397 0.048
3201.52979 18.371 0.043
3202.48027 18.385 0.056
3202.65752 18.397 0.051
3202.70597 18.337 0.048
3202.76641 18.394 0.050
3202.82551 18.268 0.055
3203.47587 18.294 0.045
3203.57405 18.315 0.036
3203.69742 18.264 0.043
3203.75134 18.298 0.037
3203.83090 18.387 0.049
3204.54112 18.337 0.039
3204.60779 18.279 0.041
3204.69006 18.518 0.043
3204.77468 18.252 0.045
3205.47083 18.448 0.054
3205.52043 18.390 0.046
3205.59360 18.415 0.040
3205.66783 18.251 0.039
3205.67115 18.331 0.041
3205.72176 18.423 0.043
3205.76392 18.256 0.038
3206.46457 18.290 0.059
3206.48291 18.265 0.059
3206.49570 18.367 0.058
3206.52285 18.285 0.040
3206.75645 18.357 0.052
3207.65058 18.279 0.055
3209.54938 18.352 0.053
3210.49098 18.417 0.053
3211.64629 18.307 0.051
3217.68705 18.317 0.053
3217.71329 18.344 0.047
3217.73948 18.298 0.057
3218.68610 18.422 0.073
3223.69002 18.248 0.054
3224.73460 18.354 0.053
3224.75760 18.381 0.057
3226.66545 18.088 0.051
3228.63591 18.442 0.051
3229.73572 18.069 0.052
3230.70582 18.347 0.045
3231.60914 18.266 0.048
3232.64261 18.238 0.053
3238.65746 18.276 0.048
3240.50658 18.265 0.043
3241.69016 18.531 0.107
3245.59342 18.338 0.057
3247.48050 18.340 0.046
3249.58682 18.297 0.052
3250.69383 18.517 0.080
3254.54756 18.244 0.056
3254.65119 18.360 0.050
3255.61703 18.024 0.052
3256.53728 18.034 0.050
3256.55936 18.097 0.053
3256.62052 18.412 0.056
3256.67926 18.413 0.059
3257.49196 18.352 0.051
3257.65736 18.417 0.049
3257.67267 18.476 0.050
3258.56645 18.460 0.059
3260.52822 18.258 0.058
3261.52168 18.291 0.045
3264.51778 18.442 0.050
3265.51373 18.231 0.053
3267.56436 18.253 0.044
3272.62496 18.342 0.053
3277.53637 18.272 0.049
3279.59171 18.284 0.049
3282.51415 18.330 0.048
3289.49611 18.278 0.049
3294.48711 18.025 0.066
3295.55939 18.490 0.034
3300.54676 18.321 0.063
3305.54804 18.274 0.053
3307.52800 18.146 0.066
3311.50730 18.429 0.072
3417.89338 18.237 0.038
3423.85220 18.161 0.052
3423.87538 18.260 0.033
3426.90067 18.352 0.051
3429.88490 18.422 0.055
3436.84204 18.205 0.048
3443.79725 18.310 0.038
3445.84026 18.279 0.031
3447.88876 18.277 0.045
3449.90596 18.279 0.037
3453.80814 18.308 0.053
3455.86792 18.295 0.044
3456.87649 18.297 0.043
3457.87098 18.430 0.045
3459.86192 18.391 0.040
3467.91528 18.364 0.043
3470.90339 18.307 0.039
3472.81322 18.270 0.035
3473.89480 18.315 0.049
3474.89673 18.202 0.040
3474.90678 18.315 0.044
3475.89233 18.342 0.034
3477.90810 18.284 0.042
3479.77871 18.414 0.035
3480.90762 18.374 0.041
3482.91052 18.238 0.039
3484.67908 18.408 0.079
3484.87770 18.195 0.043
3496.76639 18.200 0.045
3497.86761 18.486 0.059
3499.76085 18.262 0.036
3500.84778 18.433 0.044
3502.66360 18.491 0.047
3503.81629 18.354 0.042
3506.76354 18.031 0.043
3508.87988 18.348 0.058
3509.67727 18.392 0.045
3510.91779 18.350 0.037
3511.85114 18.411 0.044
3512.86249 18.231 0.055
3517.71375 18.191 0.055
3520.86606 18.231 0.045
3521.67894 18.291 0.035
3522.78749 18.236 0.042
3523.82158 18.335 0.041
3524.82198 18.398 0.046
3525.89707 18.320 0.041
3526.92785 18.222 0.053
3528.60033 18.285 0.038
3530.81998 18.287 0.033
3537.78776 18.336 0.040
3538.71359 18.267 0.036
3540.76726 18.288 0.046
3544.77536 18.428 0.050
3547.77991 18.272 0.043
3550.79326 18.351 0.040
3551.78801 18.084 0.049
3552.80714 18.397 0.056
3553.78689 18.422 0.057
3554.80901 18.245 0.051
3555.79853 18.096 0.052
3556.71083 18.307 0.046
3558.59488 18.372 0.046
3559.60332 18.317 0.040
3560.64459 18.352 0.035
3561.58107 18.373 0.041
3562.63372 18.267 0.039
3563.68575 18.366 0.044
3564.52010 18.203 0.062
3569.62430 18.155 0.059
3573.73264 18.291 0.049
3574.72976 18.296 0.045
3575.67150 18.338 0.039
3576.72758 18.425 0.051
3577.77595 18.354 0.045
3578.71261 18.347 0.036
3579.65795 18.337 0.039
3580.69758 18.255 0.040
3581.71082 18.360 0.041
3582.65973 18.373 0.037
3583.67793 18.210 0.035
3584.68187 18.229 0.032
3585.68010 18.429 0.041
3586.69343 18.359 0.036
3588.76301 18.313 0.048
3589.72380 18.367 0.046
3590.72005 18.426 0.047
3591.69508 18.159 0.028
3592.72841 18.313 0.036
3593.49194 18.355 0.031
3593.58185 18.360 0.036
3601.69622 18.383 0.047
3602.69652 18.256 0.053
3603.67775 18.422 0.046
3607.67544 18.340 0.043
3609.50330 18.420 0.055
3615.62075 18.420 0.051
3617.65122 18.325 0.047
3619.58414 18.354 0.043
3621.58653 18.210 0.041
3628.65113 18.227 0.062
3629.50919 18.268 0.040
3631.61000 18.517 0.060
3633.53663 18.121 0.055
3634.61567 18.406 0.050
3639.48627 18.316 0.035
3641.59028 18.316 0.051
3644.57303 18.352 0.038
3649.54648 18.519 0.043
3651.59072 18.495 0.063
3655.55940 18.248 0.043
3657.54929 18.418 0.053
3659.55717 18.090 0.055
3662.55553 18.288 0.071
3668.52203 18.356 0.060
3676.50107 18.235 0.056
3777.86161 18.430 0.047
3783.84568 18.207 0.043
3785.86348 18.290 0.037
3787.87312 18.291 0.038
3791.84747 18.351 0.059
3793.89168 18.301 0.037
3795.87594 18.292 0.047
3796.90837 18.328 0.053
3798.83928 18.351 0.042
3799.89364 18.306 0.059
3801.84840 18.195 0.036
3802.88285 18.269 0.043
3804.79605 18.309 0.049
3805.83458 18.327 0.041
3806.83130 18.261 0.051
3807.85548 18.254 0.041
3807.89632 18.439 0.035
3807.90503 18.402 0.037
3807.91118 18.312 0.043
3807.91409 18.268 0.050
3808.76521 18.356 0.060
3808.85912 18.252 0.043
3809.76706 18.293 0.044
3810.77419 18.312 0.043
3810.91209 18.201 0.049
3811.80264 18.246 0.044
3812.88357 18.206 0.042
3813.86328 18.379 0.045
3814.85875 18.291 0.043
3818.77638 18.343 0.038
3819.84001 18.301 0.033
3820.80408 18.280 0.031
3821.80723 18.276 0.035
3822.85089 18.231 0.036
3823.81187 18.341 0.035
3824.80582 18.433 0.055
3825.83793 18.238 0.043
3826.80709 18.365 0.043
3827.83806 18.449 0.040
3828.81814 18.227 0.041
3829.74596 18.284 0.042
3830.77449 18.315 0.036
3833.80514 18.367 0.035
3834.77810 18.333 0.037
3835.76576 18.341 0.042
3836.72721 18.181 0.043
3837.76783 18.340 0.043
3838.77580 18.219 0.052
3838.89389 18.174 0.050
3839.77172 18.406 0.047
3840.77488 18.316 0.042
3841.73007 18.295 0.043
3841.87998 18.290 0.039
3842.72843 18.446 0.066
3845.75158 18.259 0.082
3846.76244 18.334 0.039
3846.89113 18.256 0.036
3847.83550 18.187 0.041
3848.78557 18.194 0.044
3848.90987 18.135 0.042
3849.78309 18.202 0.040
3850.73190 18.304 0.038
3850.90112 18.226 0.045
3851.74188 18.321 0.040
3851.90666 18.334 0.044
3852.73041 18.329 0.046
3852.85449 18.241 0.039
3853.72310 18.328 0.028
3853.88729 18.385 0.037
3856.71133 18.396 0.043
3856.89945 18.212 0.036
3858.74823 18.208 0.036
3860.70365 18.345 0.055
3861.70108 18.250 0.039
3861.71268 18.233 0.042
3861.80518 18.295 0.035
3861.81679 18.296 0.031
3861.90411 18.473 0.046
3862.68289 18.316 0.043
3862.89767 18.220 0.044
3863.69575 18.426 0.041
3863.83970 18.434 0.041
3863.91565 18.239 0.033
3864.71253 18.260 0.037
3864.89874 18.354 0.038
3865.67324 18.285 0.041
3865.80812 18.284 0.039
3865.88673 18.316 0.039
3866.71802 18.377 0.037
3866.85747 18.254 0.042
3867.66390 18.371 0.048
3867.84934 18.403 0.045
3867.91960 18.355 0.042
3868.67170 18.242 0.050
3868.81497 18.331 0.050
3868.89548 18.358 0.056
3869.64142 18.334 0.050
3869.82985 18.244 0.054
3869.90603 18.281 0.046
3873.70531 18.289 0.037
3873.84437 18.237 0.043
3873.91485 18.312 0.042
3874.70660 18.349 0.046
3874.87507 18.243 0.039
3875.64326 18.255 0.035
3875.79049 18.339 0.031
3875.86922 18.366 0.036
3876.66667 18.324 0.030
3877.67114 18.304 0.038
3877.81936 18.364 0.039
3877.89316 18.281 0.043
3880.87469 18.273 0.040
3881.60906 18.219 0.059
3881.69491 18.401 0.039
3881.83767 18.434 0.041
3882.60700 18.347 0.046
3882.81000 18.273 0.037
3882.88014 18.278 0.040
3883.67237 18.321 0.037
3883.91105 18.394 0.044
3886.64052 18.383 0.039
3886.82717 18.265 0.039
3886.89922 18.368 0.039
3886.92525 18.273 0.043
3887.60771 18.194 0.040
3887.81040 18.332 0.043
3887.83819 18.210 0.047
3887.91025 18.387 0.045
3889.69018 18.287 0.035
3890.57848 18.185 0.046
3891.71478 18.316 0.040
3891.83175 18.356 0.043
3891.91343 18.308 0.043
3892.62514 18.311 0.049
3893.66227 18.313 0.046
3893.91077 18.411 0.060
3894.70724 18.107 0.049
3896.65098 18.209 0.047
3900.56626 18.273 0.053
3900.59217 18.295 0.040
3900.64886 18.340 0.044
3900.75271 18.385 0.043
3900.82805 18.323 0.051
3901.58013 18.236 0.055
3901.75490 18.238 0.043
3901.83171 18.223 0.046
3901.90419 18.641 0.074
3902.60105 18.358 0.038
3902.78615 18.298 0.044
3902.90842 18.136 0.059
3903.69345 18.356 0.045
3904.58406 18.255 0.030
3904.74729 18.326 0.043
3904.81632 18.235 0.034
3904.86914 18.312 0.042
3905.58098 18.277 0.032
3905.75500 18.276 0.033
3905.82762 18.308 0.031
3905.89622 18.309 0.045
3906.51963 18.379 0.062
3906.55793 18.397 0.054
3906.68948 18.392 0.046
3906.76247 18.249 0.039
3906.83513 18.391 0.047
3907.62615 18.236 0.039
3907.82101 18.263 0.053
3908.56231 18.239 0.037
3908.59983 18.306 0.033
3908.68391 18.355 0.033
3908.75277 18.383 0.044
3908.79053 18.290 0.042
3908.82803 18.308 0.037
3909.56743 18.338 0.040
3909.76534 18.282 0.037
3909.84374 18.313 0.040
3910.62364 18.288 0.041
3912.56658 18.275 0.028
3912.76336 18.250 0.031
3912.85122 18.256 0.033
3913.56434 18.493 0.040
3913.76654 18.287 0.043
3913.85636 18.297 0.039
3914.58178 18.021 0.032
3915.56234 18.293 0.039
3915.76563 18.367 0.042
3915.86268 18.373 0.052
3916.61018 18.344 0.045
3916.78284 18.393 0.062
3917.65016 18.248 0.048
3917.85643 18.326 0.048
3918.64362 18.157 0.036
3918.85333 18.284 0.048
3919.59647 18.218 0.043
3919.83352 18.399 0.048
3920.54811 18.323 0.036
3920.74439 18.175 0.038
3920.82316 18.396 0.039
3921.54115 18.222 0.042
3921.75159 17.951 0.046
3922.74806 18.325 0.060
3930.59564 18.251 0.039
3931.54672 18.273 0.041
3931.67339 18.270 0.044
3932.55856 18.238 0.043
3933.54755 18.377 0.039
3933.72885 18.319 0.037
3933.80453 18.244 0.040
3934.51833 18.308 0.045
3934.64235 18.338 0.038
3934.71212 18.254 0.040
3934.78118 18.431 0.042
3935.56812 18.451 0.055
3935.73945 18.273 0.040
3935.79124 18.168 0.043
3936.52173 18.267 0.047
3936.68708 18.253 0.042
3936.76470 18.294 0.041
3937.59696 18.277 0.035
3938.52929 18.188 0.047
3938.73087 18.191 0.042
3938.78008 18.344 0.049
3940.63229 18.409 0.036
3941.68144 18.299 0.051
3944.58578 18.336 0.040
3945.53466 18.479 0.051
3945.72269 18.252 0.041
3946.54495 18.328 0.049
3946.73434 18.360 0.038
3950.48162 18.467 0.048
3950.55277 18.274 0.034
3950.68809 18.434 0.041
3950.77229 18.297 0.044
3951.54903 18.204 0.048
3956.59543 18.212 0.052
3957.53632 18.182 0.041
3958.60907 18.157 0.045
3959.54902 18.357 0.047
3959.71338 18.429 0.056
3960.52700 18.331 0.040
3960.70690 18.375 0.035
3961.60212 18.183 0.056
3963.48860 18.300 0.047
3963.66319 18.276 0.038
3963.73652 18.198 0.049
3964.56184 18.335 0.040
3965.54873 18.302 0.036
3966.53991 18.417 0.049
3966.72241 18.222 0.040
3967.56372 18.127 0.049
3968.52643 18.192 0.043
3968.69794 18.151 0.042
3969.53421 18.160 0.046
3969.70894 18.087 0.044
3970.54213 18.375 0.048
3971.58193 18.118 0.045
3973.60711 18.212 0.038
3974.53692 18.526 0.067
3975.53941 18.249 0.036
3976.53415 18.264 0.040
3979.54393 18.070 0.065
3982.61108 18.497 0.071
3986.61114 18.407 0.046
3987.53354 18.188 0.039
3988.54638 18.368 0.034
3989.60808 18.110 0.045
3990.65032 18.308 0.048
3994.50305 18.368 0.055
3995.60067 18.207 0.035
3999.63824 18.311 0.046
4000.54525 18.121 0.042
4001.53500 18.184 0.040
4002.53171 18.440 0.043
4004.55466 18.221 0.052
4005.55733 18.323 0.052
4006.55204 18.286 0.038
4012.52771 18.371 0.060
4016.57282 18.468 0.066
4018.58224 18.154 0.046
4021.56619 18.325 0.050
4024.51391 18.309 0.051
4026.50944 18.482 0.049
4028.52544 18.377 0.051
4031.52557 18.416 0.064
4039.50047 17.991 0.059
4042.49824 18.226 0.075
4142.88109 18.426 0.080
4151.88623 18.214 0.056
4154.83367 18.352 0.049
4156.88666 18.350 0.065
4159.82070 18.215 0.050
4161.87414 18.220 0.051
4163.89014 18.374 0.043
4165.84701 18.264 0.060
4168.84450 18.273 0.053
4170.85511 18.259 0.050
4175.88059 18.244 0.045
4177.78031 18.204 0.043
4178.83766 18.326 0.049
4179.87753 18.239 0.045
4181.81396 18.222 0.041
4182.86253 18.311 0.041
4183.89501 18.282 0.053
4185.77146 18.376 0.059
4191.78201 18.334 0.052
4193.79311 18.419 0.066
4194.81594 18.327 0.050
4196.80598 18.288 0.046
4202.78754 18.292 0.043
4203.77533 18.372 0.045
4204.76773 18.318 0.043
4205.76590 18.262 0.039
4205.91729 18.263 0.046
4207.75716 18.283 0.041
4208.71110 18.244 0.046
4211.82243 18.008 0.051
4212.85199 18.175 0.052
4213.76006 18.288 0.041
4215.77306 18.236 0.050
4216.73092 18.338 0.042
4217.73845 18.330 0.039
4217.89974 18.350 0.040
4218.78822 18.300 0.062
4219.79824 18.281 0.045
4220.73725 18.368 0.051
4222.70587 18.205 0.046
4224.81623 18.302 0.043
4228.70854 18.273 0.043
4229.70212 18.156 0.050
4229.89908 18.370 0.047
4230.65032 18.323 0.044
4230.83831 18.309 0.049
4230.89998 18.140 0.057
4231.67426 18.280 0.040
4231.72538 18.305 0.039
4231.88035 18.342 0.053
4232.66200 18.246 0.063
4232.78704 18.401 0.055
4232.92457 18.307 0.061
4233.85477 18.249 0.051
4234.78508 18.280 0.043
4234.90745 18.273 0.052
4235.69867 18.238 0.039
4235.75612 18.356 0.040
4235.85972 18.343 0.050
4235.92229 18.217 0.049
4237.62521 18.171 0.058
4238.69655 18.238 0.048
4238.90605 18.258 0.061
4239.66842 18.232 0.043
4240.70805 18.202 0.043
4240.86449 18.267 0.058
4243.67373 18.277 0.048
4243.76716 18.360 0.056
4243.86006 18.229 0.053
4244.64593 18.242 0.049
4244.74230 18.261 0.043
4244.83490 18.287 0.046
4245.63899 18.264 0.043
4245.73331 18.316 0.043
4245.82877 18.347 0.046
4245.90140 18.241 0.051
4246.69766 18.172 0.043
4246.79081 18.323 0.043
4246.88350 18.443 0.053
4247.71273 18.224 0.059
4247.72115 18.228 0.052
4247.72730 18.230 0.045
4247.73296 18.237 0.044
4247.73869 18.231 0.048
4247.74464 18.311 0.053
4247.75041 18.319 0.047
4247.75651 18.376 0.050
4247.76508 18.318 0.047
4247.77346 18.296 0.044
4247.78293 18.385 0.048
4247.78839 18.391 0.047
4247.79392 18.380 0.050
4247.79944 18.337 0.046
4247.81981 18.322 0.047
4247.82532 18.277 0.049
4247.83358 18.306 0.049
4247.83647 18.283 0.050
4247.83921 18.271 0.049
4247.84199 18.272 0.049
4247.84475 18.318 0.051
4247.84749 18.328 0.053
4247.85043 18.285 0.049
4247.85318 18.306 0.050
4247.85588 18.240 0.044
4247.85864 18.262 0.046
4247.86139 18.161 0.046
4247.86450 18.260 0.049
4247.86726 18.219 0.047
4247.86996 18.228 0.055
4247.87270 18.257 0.055
4247.87544 18.203 0.051
4247.87813 18.265 0.055
4247.88174 18.233 0.053
4247.88442 18.156 0.051
4247.88709 18.249 0.054
4247.88984 18.243 0.055
4247.89253 18.251 0.058
4247.89529 18.241 0.061
4247.89806 18.288 0.065
4247.90074 18.285 0.067
4247.90350 18.351 0.065
4247.90626 18.329 0.069
4247.90947 18.345 0.060
4247.91217 18.320 0.066
4247.91493 18.287 0.064
4247.91762 18.390 0.068
4247.92036 17.701 0.040
4247.92311 18.426 0.076
4247.92579 18.216 0.066
4247.92856 18.337 0.066
4247.93130 18.407 0.072
4247.93400 18.272 0.067
4247.93706 18.289 0.069
4247.94349 18.295 0.074
4247.94644 18.291 0.087
4250.69952 18.286 0.049
4250.76078 18.323 0.053
4256.65321 18.199 0.060
4256.79874 18.188 0.062
4257.68008 18.220 0.049
4258.66320 18.386 0.063
4258.78602 18.276 0.057
4258.87865 18.255 0.059
4267.62287 18.358 0.042
4268.73794 18.269 0.039
4268.86985 18.230 0.050
4269.60508 18.280 0.039
4269.75534 18.240 0.047
4270.53978 18.209 0.053
4272.58625 18.255 0.040
4272.73615 18.260 0.040
4272.79477 18.288 0.051
4272.86615 18.320 0.057
4273.64665 18.189 0.049
4273.82479 18.300 0.066
4273.88599 18.222 0.072
4274.57769 18.212 0.054
4274.73064 18.336 0.056
4274.79153 18.236 0.049
4275.62924 18.275 0.052
4275.80452 18.265 0.054
4275.86562 18.259 0.066
4276.61399 18.174 0.053
4277.55771 18.275 0.059
4277.73476 18.295 0.055
4277.79343 18.279 0.059
4278.60265 18.382 0.063
4278.78952 18.101 0.059
4283.54025 18.306 0.057
4284.53200 18.186 0.055
4284.68237 18.183 0.050
4284.74176 18.275 0.045
4284.80379 18.294 0.054
4284.86876 18.072 0.070
4285.53519 18.247 0.051
4285.72872 18.231 0.048
4285.79002 18.178 0.045
4285.85522 18.296 0.059
4286.53496 18.299 0.060
4286.84314 18.479 0.101
4289.54583 18.182 0.051
4289.76472 18.383 0.057
4289.83144 18.329 0.055
4290.59212 18.201 0.051
4291.61180 18.326 0.042
4292.51738 18.287 0.038
4292.69639 18.311 0.044
4292.75518 18.298 0.041
4292.81816 18.320 0.052
4293.51812 18.359 0.046
4293.70227 18.344 0.044
4293.76104 18.403 0.047
4293.80129 18.269 0.047
4293.83879 18.217 0.056
4294.51675 18.337 0.043
4295.52691 18.327 0.043
4295.72200 18.294 0.037
4295.78061 18.254 0.042
4296.52099 18.297 0.054
4296.73204 18.365 0.045
4297.54080 18.306 0.048
4297.74537 18.227 0.042
4298.59111 18.301 0.050
4298.68687 18.277 0.044
4298.82431 18.524 0.077
4299.56236 18.270 0.040
4299.65228 18.261 0.038
4299.74354 18.314 0.043
4300.55899 18.217 0.043
4300.67415 18.203 0.041
4300.81961 18.357 0.059
4301.54513 18.336 0.049
4301.64139 18.312 0.046
4301.74357 18.230 0.043
4302.61811 18.154 0.045
4302.78321 18.133 0.050
4303.70470 18.231 0.047
4304.58298 18.211 0.047
4306.58874 18.442 0.061
4310.64235 18.199 0.069
4312.52992 18.260 0.063
4312.77281 18.289 0.048
4314.78739 18.194 0.062
4315.56140 18.206 0.044
4316.59166 18.202 0.040
4317.51358 18.254 0.043
4319.54864 18.250 0.043
4319.69461 18.230 0.057
4320.61596 18.113 0.046
4326.53727 18.382 0.047
4326.74151 18.209 0.054
4327.61725 18.252 0.051
4328.48238 18.355 0.059
4328.72203 18.264 0.059
4329.55289 18.013 0.046
4329.70021 18.131 0.047
4330.48272 18.224 0.046
4330.72003 18.250 0.045
4331.52487 18.265 0.042
4332.53488 18.264 0.034
4333.55986 18.157 0.053
4333.62988 18.099 0.057
4333.70600 18.034 0.057
4334.53262 18.287 0.057
4338.53002 18.194 0.056
4338.70788 18.002 0.066
4339.52612 18.231 0.049
4340.64632 18.433 0.058
4341.53038 18.225 0.061
4342.56242 18.272 0.051
4343.54627 18.224 0.037
4344.57584 18.222 0.045
4345.53792 18.325 0.044
4346.54753 18.134 0.055
4347.56186 18.214 0.047
4349.52756 18.244 0.039
4350.58106 18.284 0.042
4351.53275 18.335 0.044
4352.58909 18.074 0.056
4353.55240 18.235 0.046
4354.57180 18.291 0.050
4355.57963 18.254 0.056
4356.53682 18.241 0.056
4357.50824 18.076 0.059
4358.55165 18.271 0.053
4359.52059 18.225 0.059
4361.53396 17.942 0.054
4362.55133 18.287 0.070
4365.58955 18.248 0.062
4367.54295 18.341 0.063
4369.59507 18.102 0.065
4370.52295 18.315 0.047
4371.49737 18.280 0.055
4372.54650 18.284 0.043
4373.53755 18.380 0.067
4377.51076 18.291 0.046
4378.54514 18.321 0.055
4380.50261 18.273 0.049
4381.55027 18.258 0.071
4382.53677 18.310 0.069
4383.54098 18.246 0.062
4384.51540 18.248 0.063
4388.59074 18.101 0.062
4393.55744 18.250 0.054
4394.53067 18.429 0.062
4395.56684 18.217 0.067
4396.53660 18.220 0.073
4397.56031 18.215 0.063
4398.56565 18.325 0.069
4399.51558 18.196 0.067
4400.56002 18.181 0.080
4403.51393 18.071 0.060
4409.53138 18.240 0.073
4507.88949 18.286 0.080
4511.85694 18.315 0.040
4511.87672 18.277 0.037
4513.88812 18.274 0.043
4517.88724 18.212 0.060
4521.82658 18.290 0.063
4523.89901 18.363 0.060
4525.84290 18.255 0.061
4531.85079 18.296 0.053
4534.87993 18.251 0.053
4536.80444 18.412 0.064
4537.86457 18.395 0.043
4538.89697 18.270 0.043
4539.88308 18.194 0.043
4540.82701 18.264 0.037
4541.81950 18.268 0.045
4542.81431 18.183 0.049
4543.80980 18.295 0.045
4544.80678 18.240 0.045
4545.77089 18.314 0.051
4546.77759 18.184 0.050
4547.75228 18.292 0.055
4548.86818 18.344 0.054
4548.89552 17.995 0.055
4550.77464 18.197 0.057
4551.80115 18.143 0.048
4552.74496 18.241 0.085
4556.78436 18.331 0.041
4557.80551 18.407 0.058
4558.73515 18.208 0.040
4559.77602 18.131 0.037
4560.77640 18.393 0.051
4561.76571 18.234 0.036
4564.75596 18.219 0.036
4565.75399 18.268 0.034
4566.75343 18.326 0.038
4567.75338 18.243 0.040
4568.76290 18.215 0.037
4569.77330 18.243 0.039
4570.75858 18.483 0.050
4571.75025 18.266 0.051
4572.77707 18.230 0.043
4573.76524 18.295 0.042
4574.76781 18.326 0.051
4574.91632 18.258 0.044
4575.77663 18.236 0.041
4576.88654 18.230 0.047
4577.86483 18.400 0.049
4577.92085 18.210 0.040
4578.81915 18.231 0.056
4579.89298 18.212 0.045
4583.76322 18.246 0.044
4585.79017 18.439 0.069
4586.76627 18.260 0.052
4587.79985 18.240 0.053
4588.67500 18.332 0.054
4588.90749 18.252 0.039
4589.72145 18.189 0.041
4589.87675 18.209 0.050
4590.73024 18.367 0.049
4590.93545 18.300 0.055
4591.67133 18.244 0.044
4591.88264 18.250 0.043
4592.69155 18.198 0.041
4592.88084 18.217 0.043
4593.68073 18.369 0.048
4593.89056 18.188 0.045
4593.93039 18.390 0.054
4594.70197 18.353 0.049
4594.89681 18.226 0.046
4595.69452 18.207 0.042
4595.88581 18.415 0.055
4596.68637 18.275 0.043
4597.71100 18.353 0.051
4597.90260 18.316 0.043
4598.68720 18.266 0.035
4599.65971 18.339 0.052
4599.69899 18.226 0.044
4599.73331 18.284 0.038
4599.79820 18.311 0.035
4599.83033 18.196 0.032
4599.91321 18.404 0.055
4599.93063 18.226 0.050
4600.61240 18.238 0.043
4600.65788 18.310 0.040
4600.67207 18.395 0.040
4600.77249 18.195 0.031
4600.82132 18.269 0.032
4600.86657 18.307 0.038
4600.88074 18.261 0.038
4601.61815 18.234 0.046
4601.67460 18.276 0.033
4601.89086 18.232 0.038
4602.66717 18.330 0.039
4602.89148 18.280 0.036
4603.87857 18.276 0.045
4606.67500 18.243 0.038
4606.93018 18.159 0.048
4610.90559 18.332 0.055
4611.65384 18.272 0.046
4611.80271 18.394 0.044
4612.67533 18.196 0.049
4615.81766 18.283 0.048
4616.62931 18.233 0.043
4616.84560 18.318 0.048
4617.73021 18.295 0.059
4618.63787 18.249 0.045
4622.65145 18.145 0.043
4622.83640 18.244 0.051
4623.69808 18.081 0.054
4623.89568 18.234 0.058
4624.61956 18.371 0.068
4624.83957 18.233 0.045
4624.90863 17.918 0.044
4625.62997 18.131 0.050
4625.84933 18.166 0.054
4626.65397 18.295 0.057
4627.58855 18.263 0.046
4627.87797 18.328 0.041
4628.59552 18.228 0.047
4628.78527 18.235 0.049
4628.84761 18.208 0.043
4628.92181 18.283 0.058
4629.65835 18.293 0.043
4629.86595 18.268 0.050
4630.59339 18.322 0.042
4630.80917 18.224 0.042
4630.87872 18.273 0.044
4631.61894 18.386 0.042
4631.81760 18.285 0.041
4631.89300 18.345 0.058
4632.52865 18.307 0.077
4632.55250 18.372 0.063
4632.58365 18.207 0.042
4632.59802 18.263 0.045
4632.60115 18.249 0.050
4632.61761 18.239 0.043
4632.64501 18.376 0.045
4632.67028 18.279 0.038
4632.69008 18.280 0.041
4632.71813 18.217 0.037
4632.74917 18.189 0.039
4632.78719 18.426 0.046
4632.80797 18.332 0.042
4632.84104 18.282 0.043
4632.87022 18.276 0.056
4633.53368 18.281 0.057
4633.59507 18.232 0.040
4633.63889 18.321 0.043
4633.70603 18.365 0.038
4633.83944 18.243 0.045
4638.70403 18.227 0.051
4638.77952 18.248 0.044
4639.53214 18.360 0.059
4639.60317 18.223 0.043
4639.74620 18.249 0.044
4640.62129 18.213 0.047
4640.75320 18.194 0.036
4641.69686 18.271 0.042
4641.80894 18.273 0.047
4642.61928 18.374 0.044
4642.78151 18.244 0.058
4642.86060 18.379 0.069
4643.57854 18.160 0.040
4644.62705 18.195 0.047
4645.55742 18.249 0.055
4645.80512 18.184 0.047
4645.87068 18.465 0.076
4646.55245 18.250 0.037
4646.87818 18.248 0.059
4647.54876 18.339 0.046
4647.76496 18.145 0.043
4647.78915 18.234 0.053
4648.54584 18.244 0.052
4648.79974 18.210 0.056
4649.55607 18.242 0.043
4649.78245 18.214 0.045
4650.55722 18.256 0.043
4650.82030 18.235 0.057
4651.54064 18.336 0.049
4652.53210 18.239 0.051
4652.74630 18.242 0.042
4653.52772 18.361 0.070
4653.74697 18.289 0.050
4654.56682 18.309 0.059
4654.78141 18.339 0.051
4655.52758 18.332 0.051
4655.75217 18.305 0.041
4656.52953 18.221 0.037
4656.71939 18.240 0.039
4656.83872 18.219 0.052
4657.75793 18.314 0.059
4658.68817 18.317 0.056
4660.64044 18.367 0.056
4661.51763 18.334 0.047
4661.71830 18.260 0.054
4661.78534 18.376 0.055
4665.68526 18.421 0.059
4666.59055 18.351 0.047
4666.69156 18.352 0.057
4666.73375 18.262 0.055
4666.80609 18.194 0.074
4670.58764 18.247 0.061
4671.61073 18.245 0.039
4671.78282 18.232 0.062
4672.53658 18.401 0.041
4672.68677 18.343 0.047
4672.77195 18.246 0.058
4674.54237 18.227 0.046
4674.73259 18.253 0.059
4675.79013 18.391 0.070
4677.51595 18.271 0.048
4677.60065 18.256 0.050
4677.75545 18.249 0.059
4679.65472 18.098 0.050
4681.56455 18.223 0.039
4681.65734 18.125 0.040
4681.74762 18.319 0.053
4682.58191 18.122 0.047
4682.68564 18.231 0.043
4683.54697 18.300 0.063
4683.73557 18.096 0.051
4684.53956 18.272 0.043
4684.71093 18.208 0.043
4685.48218 18.220 0.059
4685.75967 18.245 0.050
4686.52827 18.276 0.047
4687.53164 18.149 0.044
4687.76752 18.341 0.059
4688.52494 18.241 0.045
4688.71465 18.224 0.050
4693.58398 18.264 0.044
4694.63375 18.173 0.058
4697.52838 18.366 0.047
4698.53382 18.281 0.035
4699.53195 18.230 0.041
4700.53644 18.256 0.039
4701.53251 18.250 0.051
4702.54791 18.224 0.044
4703.61536 18.366 0.058
4704.67073 18.309 0.051
4705.59899 18.255 0.050
4707.62721 18.350 0.039
4708.57908 18.270 0.039
4709.54318 18.118 0.050
4710.58391 18.182 0.048
4715.61819 18.155 0.057
4716.61582 18.185 0.049
4720.53612 18.208 0.048
4721.53387 18.205 0.059
4722.49963 18.239 0.052
4724.53638 18.150 0.050
4725.51508 18.366 0.061
4726.51158 17.945 0.051
4729.49662 18.181 0.053
4729.52561 18.295 0.067
4729.61628 18.111 0.056
4730.49801 18.197 0.045
4731.60499 18.283 0.059
4733.55344 18.321 0.050
4734.58278 18.374 0.054
4737.57140 18.256 0.055
4740.58427 18.155 0.061
4753.57528 17.888 0.047
4758.54105 18.283 0.055
4767.52667 18.274 0.067
4768.52082 18.271 0.076
4869.87694 18.270 0.055
4872.86932 18.400 0.072
4873.89111 18.247 0.071
4875.89098 18.302 0.065
4878.86509 18.241 0.047
4884.88169 18.255 0.041
4887.85411 18.301 0.041
4891.81041 18.268 0.058
4896.90135 18.191 0.044
4899.86909 18.147 0.042
4901.79869 18.241 0.048
4903.79442 18.304 0.046
4905.84265 18.175 0.043
4910.84069 18.239 0.045
4911.87765 18.321 0.031
4913.89115 18.228 0.034
4917.73775 18.310 0.042
4921.73931 18.216 0.043
4925.72610 18.319 0.046
4925.84240 18.340 0.041
4926.71922 18.335 0.059
4927.74226 18.166 0.053
4927.89691 18.233 0.046
4928.79069 18.219 0.042
4929.73735 18.439 0.065
4930.72934 18.179 0.049
4930.87720 18.300 0.051
4931.77350 18.197 0.045
4932.70760 18.341 0.049
4932.90675 18.184 0.040
4933.72348 18.332 0.067
4933.90119 18.287 0.055
4934.82212 18.216 0.043
4938.72305 18.232 0.041
4939.68387 18.134 0.043
4940.68386 18.196 0.043
4941.87897 18.177 0.042
4942.70033 18.196 0.043
4942.77230 18.238 0.034
4943.71273 18.406 0.044
4943.86956 18.187 0.039
4944.72414 18.274 0.037
4945.66930 18.277 0.046
4946.69519 18.388 0.044
4947.68274 18.253 0.037
4948.66239 18.320 0.055
4950.65311 18.230 0.044
4951.81683 18.168 0.045
4952.78599 18.358 0.037
4953.68618 18.294 0.040
4954.66492 18.079 0.040
4954.73103 18.190 0.043
4955.83400 18.190 0.043
