2130.50549 16.918 0.009
2133.52169 16.914 0.010
2136.64298 16.925 0.011
2141.63364 16.948 0.012
2144.71361 16.909 0.011
2170.61535 16.914 0.010
2179.51365 16.940 0.013
2189.50870 16.901 0.014
2212.53436 16.936 0.012
2337.82065 16.945 0.011
2349.83905 16.938 0.011
2357.83215 16.919 0.010
2365.90671 16.956 0.011
2373.78716 16.928 0.011
2384.82932 16.947 0.010
2388.82851 16.914 0.011
2390.86653 16.915 0.011
2393.86074 16.915 0.020
2400.80810 16.931 0.010
2402.91478 16.919 0.011
2406.85755 16.910 0.011
2415.89087 16.922 0.012
2417.85547 16.919 0.012
2425.88753 16.892 0.014
2428.87176 16.921 0.011
2432.90041 16.894 0.016
2434.78836 16.921 0.010
2436.83704 16.909 0.011
2438.81842 16.917 0.011
2441.77321 16.916 0.009
2445.69065 16.933 0.010
2448.72041 16.946 0.018
2454.72197 16.905 0.009
2460.71899 16.926 0.012
2463.60029 16.917 0.009
2466.57119 16.922 0.009
2468.75580 16.913 0.009
2472.76714 16.945 0.009
2481.61769 16.925 0.013
2484.68044 16.947 0.012
2486.77348 16.940 0.015
2493.70095 17.051 0.011
2496.54690 16.929 0.009
2498.58500 16.933 0.008
2500.61121 16.909 0.009
2502.62931 16.907 0.011
2516.48972 16.906 0.013
2517.53408 16.931 0.013
2520.64530 16.914 0.010
2529.51182 16.922 0.010
2538.56114 16.914 0.011
2542.55012 16.938 0.012
2548.51530 16.888 0.012
2552.55190 16.930 0.013
2557.51690 16.927 0.011
2561.51282 16.927 0.013
2568.54734 16.926 0.023
2584.52785 16.887 0.015
2708.86468 16.924 0.009
2719.87085 16.917 0.011
2729.89245 17.152 0.012
2734.83144 16.926 0.009
2747.75534 16.913 0.018
2754.76050 16.922 0.011
2757.82969 16.906 0.011
2763.77663 16.918 0.010
2767.87504 16.889 0.012
2775.78049 16.942 0.014
2776.72803 16.905 0.017
2785.73588 16.932 0.010
2788.61545 16.951 0.011
2793.68944 16.908 0.013
2795.64844 16.914 0.010
2797.65950 16.912 0.009
2809.77970 16.928 0.012
2811.70010 16.935 0.013
2812.82943 16.951 0.012
2813.87317 16.927 0.012
2815.85387 16.899 0.010
2817.75236 16.910 0.011
2819.66279 16.931 0.010
2821.71191 16.959 0.010
2830.68276 16.916 0.013
2835.69369 16.921 0.012
2837.70017 16.861 0.015
2839.76396 16.942 0.012
2841.77638 16.908 0.010
2843.71242 16.913 0.010
2845.70204 17.012 0.011
2850.59080 16.932 0.009
2852.60951 16.940 0.012
2854.60300 16.913 0.012
2857.51317 16.892 0.011
2858.72553 17.092 0.012
2862.63653 16.966 0.013
2865.61664 16.933 0.010
2868.61292 16.931 0.010
2871.69361 16.922 0.009
2876.69460 16.928 0.010
2884.69110 16.941 0.010
2893.56765 16.924 0.010
2894.67717 16.931 0.015
2900.50289 16.950 0.014
2905.64192 17.233 0.018
2911.56321 16.928 0.010
2918.60591 17.024 0.014
2923.60670 16.916 0.012
2931.56000 16.938 0.010
3052.87203 16.944 0.009
3060.84186 16.945 0.011
3066.83613 16.926 0.009
3068.89364 16.932 0.009
3072.81276 16.922 0.010
3076.79773 16.931 0.012
3081.86075 16.959 0.009
3084.82516 16.941 0.009
3086.88936 16.921 0.009
3090.79340 16.957 0.009
3097.90566 16.950 0.009
3099.81675 16.926 0.011
3103.85398 16.940 0.010
3104.84285 16.955 0.019
3108.92721 16.943 0.013
3116.79227 16.905 0.010
3126.75086 16.934 0.009
3128.62961 16.931 0.012
3130.82037 16.924 0.011
3131.76717 16.920 0.012
3135.77575 16.910 0.008
3138.78451 16.922 0.009
3141.81831 16.966 0.009
3147.75504 16.932 0.011
3153.88712 16.918 0.011
3156.94226 16.910 0.012
3162.89639 16.931 0.011
3163.89356 16.926 0.011
3164.87108 16.937 0.012
3165.65298 16.929 0.008
3167.73584 17.051 0.012
3168.80927 16.943 0.009
3171.59679 16.911 0.008
3173.77753 16.926 0.009
3175.89670 16.905 0.012
3178.56532 16.957 0.012
3180.85217 16.918 0.009
3184.48857 16.963 0.012
3185.55130 16.925 0.010
3193.67804 16.914 0.011
3194.48299 16.879 0.013
3195.73282 16.939 0.008
3196.76963 16.949 0.009
3197.72903 16.948 0.009
3201.81064 17.176 0.010
3203.80181 16.934 0.009
3211.73754 16.884 0.010
3218.72420 16.918 0.012
3224.61304 16.929 0.009
3229.68690 16.913 0.009
3231.72959 16.920 0.012
3247.56524 16.918 0.012
3249.69181 16.877 0.011
3251.58713 16.927 0.009
3254.67016 16.905 0.010
3257.60440 16.921 0.009
3265.63571 16.905 0.010
3272.50192 16.941 0.010
3273.55977 16.898 0.013
3277.51030 16.916 0.012
3280.51135 16.899 0.011
3283.52804 17.156 0.013
3289.58117 16.885 0.009
3309.53068 16.908 0.011
3310.54023 16.885 0.012
3779.85456 16.955 0.012
