2124.53168 19.339 0.095
2128.55637 19.334 0.049
2131.55178 19.496 0.061
2135.48633 19.303 0.054
2138.48975 19.570 0.096
2142.49139 19.356 0.068
2166.63009 19.381 0.071
2171.60146 19.336 0.069
2178.51255 19.303 0.091
2193.55818 19.800 0.114
2345.84005 19.513 0.050
2356.87760 19.551 0.064
2365.82471 19.275 0.073
2379.78045 19.670 0.091
2385.78794 19.410 0.060
2389.76325 19.219 0.052
2392.67427 20.189 0.256
2396.87305 19.334 0.067
2400.92758 19.637 0.091
2402.70453 19.146 0.043
2403.68614 19.291 0.048
2406.70914 19.498 0.066
2414.65598 19.530 0.096
2416.68785 19.537 0.077
2424.66548 19.138 0.057
2432.60649 19.590 0.110
2433.87923 19.379 0.086
2435.80940 19.519 0.067
2439.85510 19.124 0.046
2441.88434 19.232 0.054
2443.84396 19.565 0.117
2445.85707 19.130 0.050
2446.88351 19.358 0.081
2459.53496 19.287 0.066
2462.78575 19.432 0.055
2463.76734 19.331 0.043
2465.64487 19.358 0.044
2467.71727 19.619 0.058
2469.76168 19.454 0.052
2471.52661 19.239 0.048
2473.73580 19.460 0.054
2484.51030 19.308 0.066
2489.63323 19.579 0.053
2492.58593 19.486 0.070
2494.63335 19.337 0.061
2496.69512 19.217 0.043
2498.74114 19.245 0.069
2501.50246 19.295 0.065
2510.67256 19.258 0.082
2516.57720 19.124 0.053
2519.53674 19.201 0.045
2524.58180 19.219 0.048
2528.56889 19.131 0.058
2539.53051 19.571 0.088
2544.57660 19.652 0.095
2560.53020 19.460 0.136
2568.53454 19.406 0.110
2710.89620 19.400 0.043
2725.89140 19.362 0.052
2731.83078 19.367 0.050
2747.89085 19.293 0.092
2754.90690 19.443 0.059
2758.82118 19.631 0.126
2764.87641 19.433 0.066
2769.69511 19.249 0.054
2783.66680 19.311 0.041
2785.64071 19.382 0.057
2787.69768 19.355 0.051
2789.85743 19.305 0.061
2791.84971 19.459 0.059
2793.90150 19.337 0.068
2795.81934 19.530 0.056
2797.80553 19.335 0.054
2809.59771 19.202 0.049
2811.58794 19.388 0.081
2812.80205 19.368 0.067
2814.68107 19.268 0.041
2815.88066 19.730 0.132
2817.57863 19.585 0.082
2818.85426 19.495 0.069
2820.59604 19.466 0.073
2826.56432 19.448 0.058
2834.51966 19.446 0.154
2836.56273 19.241 0.055
2838.53172 19.333 0.067
2839.53110 19.304 0.056
2841.56083 19.568 0.070
2844.54580 19.542 0.059
2847.58689 19.472 0.083
2850.76628 19.560 0.090
2852.76048 19.581 0.094
2855.56359 19.430 0.074
2857.65266 19.708 0.090
2861.60243 19.510 0.083
2863.51165 19.397 0.070
2866.53540 19.352 0.068
2870.61495 19.420 0.065
2874.61427 19.451 0.074
2878.53009 19.453 0.057
2883.53103 19.490 0.053
2886.50610 19.437 0.121
2893.50106 19.506 0.085
2897.59358 19.517 0.072
2902.63540 19.413 0.100
2907.63086 19.354 0.096
2921.57320 19.422 0.089
2932.56223 19.247 0.064
3054.87184 19.365 0.057
