2116.78286 17.608 0.030
2128.66878 17.653 0.027
2131.64705 17.820 0.036
2135.55467 17.596 0.023
2143.62309 17.770 0.031
2162.61569 17.641 0.027
2170.52196 17.700 0.026
2173.59591 17.731 0.034
2183.53879 17.709 0.038
2195.57625 17.585 0.033
2200.55046 17.675 0.040
2346.82570 17.599 0.028
2351.82683 17.682 0.027
2360.83548 17.573 0.026
2371.79222 17.651 0.027
2380.79675 17.771 0.038
2384.76870 17.647 0.027
2388.77241 17.626 0.031
2390.74228 17.688 0.043
2397.90060 17.731 0.030
2401.70298 17.645 0.026
2403.76427 17.638 0.023
2405.70012 17.676 0.037
2410.81453 17.730 0.021
2415.70158 17.666 0.033
2417.78195 17.650 0.030
2425.86583 17.736 0.036
2431.71301 17.652 0.030
2433.68792 17.693 0.031
2434.83377 17.619 0.027
2436.62307 17.606 0.027
2438.63871 17.604 0.028
2440.62007 17.637 0.027
2443.65447 17.647 0.030
2445.54960 17.624 0.033
2452.62189 17.642 0.033
2458.75790 17.576 0.027
2462.67436 17.677 0.026
2464.54174 17.619 0.030
2467.46835 17.693 0.038
2469.47879 17.733 0.028
2471.76875 17.564 0.023
2473.46693 17.593 0.036
2483.52172 17.653 0.026
2490.49836 17.621 0.028
2492.73491 17.687 0.036
2495.52588 17.641 0.030
2497.58694 17.658 0.026
2499.62420 17.705 0.026
2501.65112 17.732 0.027
2511.63018 17.576 0.036
2521.57685 17.558 0.024
2535.50587 17.622 0.033
2539.60238 17.636 0.036
2540.58041 17.681 0.040
2545.53232 17.571 0.026
2550.56899 17.566 0.036
2555.53139 17.700 0.038
2561.55578 17.626 0.038
2701.89115 17.721 0.030
2712.89176 17.673 0.033
2727.85079 17.660 0.026
2732.86854 17.600 0.031
2743.85638 17.655 0.026
2748.88812 17.612 0.037
2755.87888 17.707 0.031
2759.87026 17.619 0.027
2765.89661 17.637 0.027
2769.93825 17.642 0.030
2782.81024 17.706 0.037
2784.80344 17.623 0.026
2786.69404 17.626 0.033
2788.84598 17.547 0.019
2790.89479 17.671 0.030
2792.54484 17.613 0.038
2794.68588 17.585 0.033
2796.62365 17.587 0.021
2802.68082 17.694 0.036
2808.72832 17.665 0.031
2810.64704 17.614 0.027
2812.62405 17.638 0.026
2813.71297 17.598 0.028
2815.65255 17.625 0.028
2816.78769 17.572 0.028
2817.79708 17.548 0.031
2819.57185 17.603 0.028
2821.56079 17.568 0.026
2830.59730 17.730 0.044
2835.52840 17.570 0.034
2836.75651 17.718 0.040
2838.65281 17.603 0.033
2840.57751 17.647 0.030
2844.68830 17.590 0.024
2849.51719 17.594 0.031
2851.61781 17.575 0.028
2853.62847 17.567 0.024
2856.50624 17.714 0.033
2858.47788 17.591 0.030
2860.59668 17.712 0.037
2863.68367 17.687 0.038
2867.59002 17.600 0.026
2870.66827 17.585 0.028
2874.65680 17.698 0.034
2878.54884 17.568 0.024
2884.62030 17.623 0.028
2893.66594 17.598 0.026
2896.51089 17.657 0.031
2906.65099 17.681 0.034
2912.63039 17.615 0.033
2924.55361 17.635 0.030
2934.57048 17.554 0.034
2942.53119 17.678 0.034
3048.87039 17.626 0.026
3057.86559 17.656 0.023
3066.89774 17.627 0.026
3069.85040 17.681 0.030
3071.85797 17.578 0.027
3074.84565 17.535 0.024
3076.88285 17.558 0.033
3078.89733 17.593 0.047
3081.79286 17.723 0.028
3083.91582 17.637 0.030
3086.73872 17.558 0.024
3088.74233 17.593 0.023
3090.84186 17.551 0.026
3092.81704 17.627 0.034
3097.77980 17.580 0.026
3099.77794 17.580 0.027
3101.71626 17.611 0.041
3103.72507 17.619 0.033
3107.86172 17.605 0.033
3109.69607 17.607 0.024
3110.70676 17.610 0.028
3112.70719 17.581 0.024
3113.75044 17.577 0.021
3114.92464 17.638 0.027
3115.74908 17.584 0.027
3118.76325 17.621 0.030
3122.75869 17.707 0.037
3125.71167 17.512 0.031
3126.67421 17.540 0.023
3127.67625 17.576 0.026
3128.69466 17.577 0.024
3129.67411 17.593 0.028
3130.83658 17.586 0.031
3131.83600 17.575 0.033
3134.64332 17.651 0.043
3135.70961 17.681 0.028
3139.70545 17.613 0.027
3140.67296 17.567 0.023
3141.83663 17.659 0.024
3144.66968 17.663 0.027
3146.62419 17.683 0.030
3151.62568 17.554 0.034
3152.63464 17.575 0.024
3153.63685 17.577 0.030
3153.92653 17.567 0.033
3154.71218 17.564 0.033
3156.62717 17.605 0.030
3158.66080 17.648 0.038
3162.67797 17.655 0.024
3163.59620 17.561 0.024
3163.91760 17.549 0.030
3164.58965 17.577 0.024
3165.58938 17.552 0.024
3166.80013 17.682 0.037
3167.81484 17.711 0.033
3168.63044 17.620 0.026
3169.60077 17.617 0.023
3170.69565 17.533 0.021
3171.61362 17.576 0.023
3172.60331 17.745 0.023
3174.58934 17.665 0.021
3175.59061 17.612 0.023
3176.61654 17.562 0.026
3178.65241 17.593 0.031
3179.67677 17.599 0.026
3180.55137 17.584 0.024
3182.58577 17.565 0.027
3183.55854 17.673 0.027
3183.58862 17.641 0.024
3184.56863 17.660 0.024
3184.83909 17.733 0.030
3185.65232 17.620 0.024
3191.88329 17.465 0.037
3194.71831 17.625 0.026
3195.52390 17.587 0.024
3196.52225 17.654 0.034
3197.75800 17.634 0.027
3199.56301 17.675 0.034
3202.61777 17.804 0.037
3203.56182 17.589 0.020
3205.55843 17.614 0.021
3206.54035 17.624 0.023
3207.54338 17.609 0.033
3210.77101 17.656 0.033
3211.52982 17.674 0.030
3212.52481 17.668 0.041
3218.53267 17.615 0.030
3223.52403 17.658 0.034
3224.53949 17.641 0.026
3226.49441 17.666 0.030
3229.50298 17.579 0.024
3230.54299 17.607 0.024
3239.65160 17.605 0.030
3241.53898 17.696 0.033
3244.63751 17.651 0.037
3246.53966 17.577 0.027
3248.54734 17.500 0.028
3250.53220 17.575 0.024
3251.67593 17.670 0.030
3254.53450 17.689 0.036
3257.67646 17.574 0.024
3262.51558 17.555 0.033
3266.49701 17.628 0.034
3268.53237 17.663 0.030
3270.56369 17.813 0.067
3273.58671 17.718 0.040
3277.58669 17.522 0.043
3279.56709 17.431 0.031
3287.49132 17.545 0.031
3291.54980 17.468 0.027
3431.88917 17.601 0.021
3438.88734 17.604 0.023
3444.82402 17.609 0.020
3446.84896 17.562 0.026
3448.87861 17.543 0.020
3450.91767 17.576 0.026
3454.82451 17.640 0.027
3456.83215 17.618 0.023
3467.79560 17.652 0.030
3469.90600 17.624 0.020
3471.78268 17.536 0.033
3474.93024 17.656 0.033
3477.89593 17.603 0.021
3480.69471 17.634 0.024
3483.68962 17.566 0.023
3496.89350 17.612 0.028
3497.65684 17.564 0.030
3499.70037 17.572 0.021
3500.88574 17.666 0.023
3501.69229 17.630 0.027
3502.84768 17.599 0.021
3503.84932 17.473 0.017
3504.68511 17.641 0.023
3508.69923 17.575 0.028
3509.83715 17.644 0.021
3511.72234 17.601 0.021
3512.67347 17.555 0.026
3520.57368 17.551 0.027
3521.82450 17.545 0.023
3522.81998 17.664 0.026
3523.64301 17.540 0.021
3524.62718 17.607 0.021
3525.85856 17.655 0.026
3526.89164 17.789 0.031
3527.80480 17.560 0.026
3528.63516 17.604 0.023
3529.59240 17.698 0.024
3530.72695 17.584 0.019
3538.79526 17.667 0.023
3544.70427 17.604 0.024
3547.73422 17.700 0.030
3550.70995 17.693 0.021
3551.82250 17.700 0.026
3553.62519 17.541 0.027
3554.58067 17.521 0.033
3556.58920 17.591 0.027
3558.55905 17.711 0.027
3559.77572 17.562 0.020
3560.74769 17.633 0.023
3561.70831 17.662 0.021
3562.77388 17.655 0.024
3563.52138 17.542 0.026
3569.80881 17.748 0.037
3573.50809 17.533 0.034
3574.57058 17.671 0.028
3575.55902 17.589 0.020
3576.51729 17.519 0.020
3577.56968 17.628 0.023
3578.54303 17.582 0.020
3579.50141 17.609 0.023
3580.51704 17.595 0.021
3581.54678 17.624 0.023
3582.50557 17.622 0.026
3583.54525 17.661 0.024
3584.53143 17.663 0.021
3585.52197 17.714 0.021
3586.58036 17.688 0.023
3587.63641 17.695 0.030
3588.57293 17.661 0.020
3589.53166 17.629 0.023
3590.51174 17.559 0.019
3591.55664 17.597 0.020
3592.52653 17.624 0.021
3593.61858 17.601 0.023
3594.55393 17.575 0.019
3601.48311 17.655 0.026
3602.50816 17.639 0.028
3603.50213 17.499 0.027
3607.51828 17.597 0.021
3608.50984 17.524 0.027
3617.56336 17.664 0.027
3620.66702 17.701 0.024
3632.53770 17.609 0.028
3634.60093 17.684 0.028
3640.58141 17.703 0.028
3646.50892 17.581 0.030
3651.50054 17.617 0.028
3653.52842 17.714 0.038
3774.83636 17.667 0.028
3779.88986 17.468 0.030
