2117.78907 17.166 0.021
2135.64564 17.712 0.022
2140.61496 17.480 0.022
2167.50226 17.517 0.024
2185.54616 17.326 0.024
2329.87990 17.771 0.027
2346.87237 17.364 0.019
2352.82670 17.520 0.032
2361.82103 17.338 0.024
2397.86720 17.275 0.019
2405.74768 17.464 0.022
2415.82090 17.345 0.024
2424.69961 17.317 0.019
2428.66314 17.668 0.028
2434.59092 17.750 0.034
2456.52025 17.321 0.024
2458.63487 17.623 0.024
2462.58902 17.313 0.017
2524.49376 17.303 0.020
2529.61794 17.693 0.029
2551.50765 17.600 0.033
2728.82231 17.218 0.020
2733.79510 17.298 0.022
2744.77863 17.212 0.017
2756.82166 17.382 0.022
2760.78685 17.380 0.022
2770.70091 17.302 0.021
2782.93902 17.596 0.040
2784.91748 17.379 0.021
2785.89575 17.199 0.021
2786.78185 17.188 0.020
2787.59522 17.393 0.028
2787.63160 17.205 0.018
2787.74230 17.373 0.022
2787.83141 17.590 0.031
2788.60458 17.390 0.024
2789.57143 17.551 0.028
2789.74605 17.605 0.024
2789.79424 17.282 0.019
2790.69231 17.284 0.017
2791.76511 17.649 0.028
2792.67079 17.350 0.021
2793.58933 17.368 0.031
2795.60761 17.238 0.017
2797.59572 17.348 0.019
2802.80282 17.442 0.028
2808.82960 17.362 0.026
2810.75125 17.563 0.024
2811.80684 17.259 0.020
2813.60321 17.421 0.024
2817.67752 17.611 0.035
2818.74004 17.313 0.021
2826.60247 17.311 0.020
2830.70517 17.511 0.049
2837.51554 17.602 0.035
2839.54896 17.528 0.032
2843.48548 17.701 0.032
2849.68076 17.396 0.024
2851.70187 17.486 0.028
2853.70377 17.279 0.020
2856.58799 17.259 0.021
2860.70516 17.608 0.040
2863.62770 17.454 0.027
2866.71651 17.221 0.022
2882.63396 17.261 0.016
2900.53564 18.049 0.046
2905.58955 17.619 0.032
2929.53409 17.877 0.053
3050.84843 17.503 0.025
3058.81372 17.376 0.021
3061.87814 17.707 0.027
3067.81453 17.652 0.024
3069.88823 17.358 0.018
3072.85305 17.344 0.018
3074.89254 17.477 0.020
3079.79944 17.317 0.019
3081.90343 17.386 0.024
3086.75392 17.326 0.017
3087.85819 17.359 0.020
3089.77481 17.260 0.018
3091.73681 17.681 0.026
3096.76376 17.255 0.020
3098.76818 17.257 0.018
3100.88441 17.376 0.020
3102.76370 17.311 0.020
3103.91687 17.504 0.028
3107.76363 17.307 0.018
3108.83374 17.545 0.021
3109.90337 17.283 0.019
3110.75292 17.295 0.019
3111.81044 17.263 0.019
3113.78963 17.272 0.017
3114.72793 17.467 0.019
3115.78986 17.429 0.019
3122.79686 17.265 0.022
3125.77433 17.540 0.032
3126.78452 17.649 0.024
3128.73384 17.296 0.021
3129.71668 17.340 0.022
3130.88812 17.370 0.026
3134.68694 17.293 0.033
3137.73317 17.361 0.028
3138.84069 17.292 0.019
3139.77651 17.440 0.020
3140.78868 17.351 0.018
3142.64730 17.267 0.018
3142.90345 17.288 0.021
3144.71091 17.560 0.022
3146.69738 17.301 0.021
3151.66776 17.712 0.035
3152.67292 17.472 0.021
3152.88583 17.314 0.024
3153.67582 17.413 0.024
3154.61851 17.329 0.028
3156.66698 17.218 0.019
3158.75169 17.334 0.025
3162.72246 17.394 0.028
3163.68628 17.399 0.019
3164.65356 17.272 0.018
3165.82156 17.310 0.016
3167.86882 17.403 0.024
3168.66973 17.342 0.022
3169.63866 17.731 0.025
3170.71171 17.337 0.019
3171.66667 17.752 0.024
3172.64649 17.328 0.017
3174.63091 17.229 0.016
3175.63271 17.302 0.018
3176.66686 17.268 0.020
3178.69531 17.272 0.020
3179.72553 17.253 0.019
3180.62087 17.446 0.017
3183.65564 17.348 0.020
3184.60647 17.304 0.017
3185.77178 17.378 0.021
3192.75232 17.312 0.024
3193.78999 17.313 0.021
3194.65623 17.322 0.025
3195.58741 17.489 0.019
3196.66340 17.196 0.018
3197.66630 17.315 0.021
3199.69794 17.290 0.018
3202.68570 17.487 0.025
3203.73090 17.354 0.018
3205.60500 17.316 0.016
3206.58207 17.563 0.019
3210.69314 17.273 0.020
3211.59812 17.363 0.020
3212.58366 17.342 0.026
3228.66158 17.331 0.021
3229.54548 17.285 0.017
3230.58433 17.383 0.018
3238.71001 17.431 0.031
3240.69390 17.308 0.026
3244.67565 17.771 0.040
3259.54240 17.562 0.031
3414.88230 17.290 0.017
3419.88965 17.457 0.018
3424.88658 17.281 0.016
3430.87159 17.248 0.016
3456.85038 17.620 0.021
3458.86681 17.601 0.021
3458.91880 17.341 0.020
3459.90784 17.636 0.024
3467.84862 17.659 0.024
3469.75430 17.641 0.020
3471.84421 17.240 0.024
3472.91154 17.698 0.024
3473.74889 17.305 0.018
3475.77206 17.298 0.017
3477.85919 17.788 0.026
3479.80843 17.254 0.013
3481.70784 17.279 0.018
3483.86742 17.265 0.017
3496.83075 17.664 0.027
3497.70483 17.469 0.025
3500.76894 17.446 0.019
3501.76264 17.591 0.018
3502.79336 17.457 0.017
3503.75491 17.569 0.019
3504.77132 17.682 0.025
3508.85888 17.822 0.033
3509.80620 17.280 0.017
3510.81807 17.387 0.019
3511.77021 17.440 0.019
3512.64343 17.468 0.026
3517.92701 17.339 0.020
3520.63469 17.294 0.020
3521.74044 17.596 0.020
3522.65199 17.405 0.017
3523.69211 17.249 0.016
3524.73522 17.472 0.020
3525.71268 17.278 0.014
3525.78996 17.566 0.022
3526.79925 17.759 0.024
3527.88968 17.196 0.021
3528.75136 17.301 0.017
3529.87620 17.413 0.018
3530.57423 17.901 0.028
3538.82082 17.614 0.025
3539.60079 17.358 0.021
3541.86096 17.769 0.027
3550.76692 17.256 0.013
3551.74198 17.496 0.016
3552.76402 17.324 0.019
3560.79831 17.281 0.017
3569.74520 17.345 0.021
3620.63204 17.614 0.020
3634.54390 17.615 0.021
3640.48883 17.729 0.035
3646.57120 17.624 0.033
3666.50993 17.330 0.020
3774.87899 17.370 0.018
3786.84969 17.259 0.020
3790.85029 17.732 0.031
3793.84033 17.335 0.018
3795.83098 17.263 0.019
3803.78595 17.305 0.017
3808.83589 17.314 0.018
3833.72303 17.650 0.020
3858.80639 17.396 0.022
3859.79577 17.635 0.022
3860.89658 17.392 0.025
3861.73847 17.278 0.020
3865.64751 17.344 0.019
3866.65163 17.256 0.018
3868.65068 17.460 0.026
3873.63271 17.299 0.017
3875.62281 17.337 0.016
3877.61808 17.589 0.019
3880.72918 17.271 0.016
3881.72894 17.207 0.016
3892.80800 17.620 0.024
3903.73721 17.257 0.018
3912.74746 17.263 0.013
3920.86025 17.318 0.018
3921.59475 17.531 0.031
3931.71842 17.298 0.019
3932.67136 17.319 0.018
3958.65073 17.361 0.022
3975.57280 17.309 0.017
3976.57033 17.279 0.016
3989.64958 17.415 0.026
3991.54266 17.418 0.021
3994.61122 17.824 0.032
3995.63882 17.483 0.019
4004.58831 17.483 0.031
4019.51193 17.682 0.027
4026.54308 17.321 0.019
4146.88893 17.432 0.029
4154.88379 17.205 0.019
4157.85200 17.645 0.026
4159.87083 17.676 0.031
4162.81726 17.327 0.027
4164.85797 17.229 0.019
4176.78886 17.379 0.024
4177.84260 17.698 0.027
4178.88535 17.356 0.021
4180.76885 17.452 0.029
4181.86786 17.434 0.020
4182.92007 17.685 0.032
4184.80277 17.614 0.026
4187.88505 17.280 0.025
4190.81387 17.225 0.019
4192.83259 17.172 0.020
4193.84352 17.269 0.021
4194.86516 17.128 0.019
4196.85362 17.317 0.021
4202.83493 17.245 0.018
4203.82307 17.242 0.017
4204.81852 17.363 0.019
4205.81360 17.487 0.022
4207.81570 17.711 0.025
4208.83920 17.644 0.025
4213.81440 17.256 0.017
4216.77842 17.539 0.025
4217.78623 17.376 0.018
4218.84117 17.532 0.027
4219.87131 17.388 0.024
4220.80830 17.297 0.019
4222.77411 17.376 0.025
4224.89053 17.535 0.028
4228.77129 17.270 0.021
4229.75600 17.274 0.021
4230.73979 17.361 0.021
4231.74217 17.441 0.022
4232.75364 17.220 0.020
4234.64861 17.352 0.022
4235.71539 17.255 0.018
4238.76535 17.378 0.025
4239.74448 17.247 0.020
4240.88818 17.287 0.021
4243.78405 17.334 0.021
4244.75918 17.701 0.028
4245.74998 17.618 0.022
4250.83304 17.702 0.034
4256.66996 17.374 0.026
4258.67959 17.404 0.022
4267.64484 17.606 0.026
4268.81345 17.495 0.022
4269.62331 17.323 0.018
4272.67389 17.398 0.020
4273.72301 17.608 0.026
4274.51965 17.266 0.026
4275.67445 17.183 0.019
4278.64781 17.593 0.029
4283.59311 17.439 0.025
4284.57711 17.813 0.032
4285.58047 17.834 0.040
4286.58001 17.404 0.022
4289.61487 17.493 0.028
4291.70113 17.485 0.025
4292.56253 17.536 0.022
4293.56876 17.617 0.022
4294.56167 17.532 0.022
4296.57044 17.324 0.020
4298.60849 17.410 0.022
4306.60561 17.659 0.031
4316.63176 17.220 0.019
4326.60910 17.472 0.021
4506.85816 17.295 0.025
4512.87268 17.295 0.018
4514.89098 17.497 0.022
4524.85486 17.585 0.026
4530.84290 17.328 0.017
4535.90138 17.464 0.025
4537.83103 17.217 0.017
4539.77429 17.816 0.034
4540.90195 17.372 0.019
4541.89868 17.253 0.017
4542.86208 17.195 0.018
4543.88819 17.277 0.018
4545.81039 17.292 0.020
4546.86354 17.394 0.026
4547.87970 17.765 0.028
4550.87945 17.221 0.018
4551.86116 17.227 0.025
4552.86578 17.323 0.021
4556.83371 17.297 0.018
4558.85650 17.315 0.019
4559.82415 17.253 0.019
4560.82443 17.339 0.017
4561.81335 17.529 0.019
4564.81766 17.500 0.019
4565.80660 17.330 0.016
4566.80861 17.266 0.017
4567.80900 17.219 0.016
4568.83137 17.241 0.017
4569.82524 17.212 0.018
4570.81590 17.390 0.021
4571.79960 17.552 0.025
4572.83751 17.401 0.020
4573.81317 17.559 0.020
4583.68390 17.400 0.029
4585.88830 17.300 0.020
4586.83620 17.576 0.024
4587.81681 17.301 0.020
4588.79984 17.197 0.017
4589.64197 17.413 0.024
4590.75011 17.725 0.031
4591.63429 17.728 0.034
4592.74322 17.298 0.019
4593.72850 17.243 0.019
4596.73400 17.283 0.018
4598.73461 17.638 0.020
4599.71037 17.335 0.019
4600.71952 17.245 0.014
4601.72416 17.276 0.017
4602.71829 17.184 0.016
4606.73209 17.308 0.019
4611.70584 17.259 0.020
4615.88246 17.251 0.024
4617.79961 17.288 0.024
4622.66994 17.383 0.022
4623.74978 17.308 0.020
4627.64345 17.216 0.016
4628.64373 17.229 0.019
4630.64575 17.212 0.019
4643.63402 17.626 0.025
4647.61475 17.239 0.018
4649.60889 17.291 0.018
4650.63722 17.289 0.018
4652.58126 17.334 0.020
4654.61430 17.383 0.019
4655.57858 17.235 0.019
4661.65597 17.313 0.026
4683.59619 17.499 0.029
4738.49947 17.675 0.033
4768.51104 17.582 0.040
4875.85165 17.270 0.022
4878.88189 17.299 0.019
4885.86361 17.270 0.019
4887.90193 17.285 0.026
4892.81099 17.309 0.025
4897.88973 17.393 0.021
4900.90748 17.291 0.021
4903.83228 17.306 0.019
4904.89049 17.597 0.025
4906.88200 17.323 0.020
4910.88853 17.396 0.021
4912.87504 17.681 0.020
4914.85642 17.362 0.018
4925.78977 17.490 0.019
4927.84360 17.348 0.020
4930.84570 17.877 0.034
4931.78952 17.316 0.022
4932.74474 17.197 0.020
4933.79305 17.304 0.019
4938.76807 17.424 0.019
4939.79339 17.536 0.022
4941.74751 17.332 0.020
4945.86850 17.484 0.019
4950.79346 17.473 0.021
4952.82042 17.481 0.020
4953.78504 17.269 0.017
4954.74689 17.490 0.020
4955.74272 18.086 0.042
