2116.77407 19.134 0.093
2128.66003 18.996 0.069
2131.63601 18.981 0.075
2135.54583 19.027 0.058
2138.69366 19.119 0.086
2143.61495 19.170 0.084
2162.60681 19.589 0.120
2170.51307 19.082 0.068
2173.58704 19.183 0.100
2183.52995 19.104 0.117
2184.58585 19.114 0.108
2195.56808 19.081 0.105
2200.54233 19.380 0.150
2326.87360 19.118 0.108
2346.81668 19.037 0.069
2351.81831 19.644 0.102
2360.82702 19.887 0.133
2371.78369 19.501 0.096
2380.78819 19.303 0.122
2384.76018 19.144 0.073
2388.76377 19.141 0.091
2390.73362 19.044 0.090
2397.89196 19.642 0.120
2401.69434 19.155 0.071
2403.75558 19.148 0.060
2405.69140 19.145 0.071
2415.69288 19.502 0.144
2417.77009 19.085 0.088
2431.70426 19.083 0.082
2433.67917 19.273 0.079
2434.82503 19.007 0.060
2436.61430 18.925 0.063
2438.62997 19.308 0.085
2440.61133 19.597 0.109
2443.64641 19.338 0.114
2445.54153 20.004 0.219
2452.61311 19.354 0.118
2458.74907 19.376 0.081
2462.66556 19.500 0.082
2464.53290 19.139 0.084
2467.45885 19.877 0.414
2469.46941 19.218 0.090
2471.75990 19.028 0.056
2473.45808 19.069 0.147
2483.51280 19.266 0.072
2490.48950 19.177 0.079
2495.51696 19.199 0.098
2497.57801 19.317 0.071
2499.61530 19.177 0.066
2501.64220 19.638 0.106
2511.62123 19.030 0.106
2518.57199 19.297 0.086
2521.56791 19.263 0.084
2535.49694 19.325 0.137
2539.59339 19.426 0.116
2540.57148 18.972 0.100
2545.52343 19.054 0.075
2555.52249 19.256 0.121
2561.54680 19.257 0.145
2571.48932 19.136 0.187
2701.88254 19.142 0.077
2712.87975 19.213 0.077
2727.84236 19.077 0.059
2732.85630 19.766 0.139
2743.84797 19.089 0.062
2748.86763 19.038 0.114
2748.87967 19.133 0.115
2755.87041 19.124 0.086
2765.88818 19.303 0.083
2769.92977 20.068 0.202
2782.80168 19.792 0.183
2784.79491 19.160 0.063
2786.68553 19.705 0.153
2788.83743 19.570 0.100
2790.88184 19.207 0.079
2794.67787 19.257 0.095
2796.61511 19.181 0.063
2802.67225 19.092 0.095
2808.71976 19.163 0.087
2810.63847 19.147 0.077
2812.61539 19.426 0.099
2813.70436 19.857 0.142
2815.64395 19.651 0.128
2816.77906 19.032 0.071
2817.78842 19.133 0.093
2819.56322 19.220 0.080
2821.55220 19.032 0.073
2830.58783 19.224 0.220
2835.51978 19.077 0.123
2836.74785 18.981 0.092
2838.64413 19.074 0.077
2840.56819 19.149 0.068
2842.61913 19.817 0.155
2844.67959 19.006 0.063
2849.50448 19.484 0.129
2851.60910 19.248 0.084
2853.61974 19.308 0.074
2856.49757 18.994 0.079
2858.46920 19.012 0.127
2859.53433 19.135 0.139
2860.58797 19.056 0.095
2863.67498 19.292 0.130
2867.58127 19.191 0.096
2870.65948 19.108 0.072
2874.62695 19.292 0.119
2878.54011 19.016 0.063
2884.61153 19.241 0.096
2893.63931 19.634 0.100
2896.50209 19.433 0.119
2906.64223 19.073 0.093
2910.63447 19.439 0.207
2912.62155 19.090 0.113
2924.54487 19.809 0.146
2934.56173 19.157 0.115
2942.52251 19.552 0.172
3048.86202 19.002 0.074
3056.89464 20.074 0.289
3060.89615 18.961 0.071
3066.88954 19.052 0.061
3069.84214 19.115 0.095
3071.84976 19.061 0.082
3074.83736 18.981 0.062
3076.87463 19.350 0.101
3078.88419 18.951 0.092
3081.77746 19.530 0.111
3083.90293 19.532 0.086
3086.73048 19.660 0.106
3088.73414 19.127 0.071
3090.83359 19.178 0.069
3092.80880 19.046 0.087
3097.77158 18.983 0.074
3099.76589 19.159 0.108
3101.70799 20.146 0.400
3103.71015 18.996 0.116
3106.73790 19.008 0.126
3107.85051 18.958 0.086
3109.68784 19.631 0.123
3110.69850 19.131 0.097
3112.69897 19.335 0.093
3113.74217 19.649 0.084
3114.91641 19.137 0.065
3115.73929 19.034 0.062
3118.72434 19.168 0.100
3122.75041 19.914 0.190
3124.92695 18.947 0.084
3126.66595 19.209 0.077
3127.66799 19.459 0.115
3128.68642 19.060 0.076
3129.66580 19.211 0.101
3130.82826 19.317 0.118
3131.82775 18.959 0.109
3134.63504 19.050 0.083
3135.70134 19.117 0.079
3138.89841 19.033 0.081
3139.69719 19.564 0.099
3140.66467 18.947 0.058
3141.82834 19.282 0.070
3144.66060 19.255 0.082
3145.72839 19.170 0.083
3147.82202 19.259 0.087
3151.61735 19.093 0.109
3152.62629 19.062 0.069
3153.62767 19.773 0.154
3153.91823 19.040 0.083
3154.70387 19.498 0.126
3156.61202 19.539 0.146
3158.65247 18.946 0.095
3162.66959 19.161 0.076
3163.58785 19.059 0.066
3163.90923 19.094 0.100
3164.58128 19.454 0.085
3165.58097 19.060 0.072
3166.79183 19.081 0.105
3167.80649 19.060 0.085
3168.62209 19.674 0.106
3169.59239 18.976 0.053
3170.68727 19.073 0.059
3171.60521 19.532 0.093
3172.59493 19.000 0.053
3174.58095 19.054 0.057
3174.90007 19.115 0.083
3175.58219 19.069 0.059
3176.60816 19.317 0.094
3178.64401 19.102 0.079
3179.66841 18.973 0.056
3180.54298 18.957 0.063
3182.57735 19.745 0.146
3182.61657 19.273 0.093
3183.55009 19.120 0.073
3183.58020 19.077 0.057
3184.56023 19.205 0.070
3184.83068 19.167 0.083
3185.64388 19.001 0.058
3191.85954 19.270 0.118
3193.73115 19.230 0.093
3194.70664 19.089 0.068
3195.51543 19.065 0.067
3196.51379 19.833 0.224
3197.74952 19.405 0.090
3199.54946 19.161 0.084
3202.60932 19.137 0.083
3203.55337 19.563 0.079
3205.54989 19.197 0.076
3206.53190 19.176 0.067
3207.53492 18.975 0.090
3210.76250 19.055 0.082
3211.52133 19.693 0.129
3212.51629 19.095 0.105
3217.52674 19.607 0.121
3218.52416 19.009 0.085
3223.51554 19.943 0.205
3224.53096 19.127 0.068
3226.48590 19.461 0.127
3229.49446 19.530 0.087
3230.53444 19.285 0.075
3239.64306 19.147 0.085
3241.53044 19.588 0.139
3244.62897 18.878 0.124
3246.53110 19.180 0.090
3248.53873 19.295 0.101
3250.52366 19.966 0.171
3251.66737 19.068 0.084
3254.52595 19.169 0.093
3257.66342 18.971 0.064
3262.50704 19.524 0.157
3264.51459 19.420 0.116
3265.48577 19.402 0.148
3265.63025 18.896 0.078
3266.48845 19.251 0.118
3266.61471 19.282 0.131
3267.51676 19.054 0.086
3268.52382 19.572 0.124
3268.62630 18.872 0.065
3270.50830 19.452 0.219
3270.55515 18.883 0.131
3273.57360 19.078 0.116
3277.56394 19.303 0.108
3279.55852 19.077 0.093
3287.48277 19.026 0.123
3291.54125 19.040 0.096
3431.88098 19.142 0.071
3438.87920 19.100 0.072
3444.81581 19.509 0.075
3446.84078 19.232 0.085
3448.87043 19.246 0.061
3450.90945 19.022 0.058
3454.81631 19.341 0.161
3456.82393 19.546 0.100
3467.76231 19.503 0.104
3469.89778 19.939 0.100
3471.77445 19.048 0.094
3473.92846 19.091 0.092
3477.88768 19.130 0.063
3480.68650 19.400 0.075
3483.68136 19.645 0.117
3496.88526 19.788 0.165
3497.64856 19.232 0.110
3499.69090 19.364 0.075
3500.87748 19.033 0.060
3501.68245 19.778 0.140
3502.83937 18.993 0.055
3503.84102 19.145 0.065
3504.67306 19.728 0.130
3508.69095 19.289 0.115
3509.82697 19.003 0.053
3511.71405 19.601 0.116
3512.66518 19.213 0.093
3520.56538 19.669 0.150
3521.81615 19.316 0.084
3522.81167 19.418 0.096
3523.63467 19.099 0.064
3524.61884 20.178 0.164
3525.85022 19.718 0.108
3526.88336 19.438 0.107
3527.79647 20.296 0.201
3528.62685 19.168 0.064
3529.58406 19.499 0.082
3530.71865 18.959 0.040
3538.78689 19.034 0.056
3544.68118 18.969 0.081
3547.72582 19.687 0.149
3550.70152 19.179 0.055
3551.81408 19.578 0.129
3553.61681 19.122 0.077
3554.57227 19.249 0.117
3556.58081 19.398 0.099
3558.55067 19.282 0.095
3559.76728 19.265 0.067
3560.73532 19.010 0.059
3561.69988 19.442 0.072
3562.76347 19.338 0.072
3563.51289 19.060 0.068
3564.71669 19.476 0.118
3569.80031 19.640 0.167
3571.70190 19.336 0.182
3571.74184 19.194 0.194
3572.79793 19.231 0.133
3573.47266 19.559 0.205
3573.49962 19.440 0.177
3573.60881 18.894 0.072
3573.65452 19.521 0.124
3573.67514 19.650 0.140
3573.69858 19.676 0.129
3573.71996 19.059 0.081
3573.74994 18.953 0.085
3573.77206 18.946 0.086
3573.80341 19.330 0.151
3574.46928 18.982 0.099
3574.51789 19.035 0.071
3574.56210 19.956 0.147
3574.78377 18.806 0.074
3575.46445 19.396 0.152
3575.55060 19.033 0.051
3575.75727 19.217 0.075
3576.46715 19.255 0.092
3576.50879 19.723 0.119
3576.65507 19.236 0.071
3576.73943 19.124 0.079
3577.52067 19.186 0.060
3577.56123 19.947 0.128
3577.63484 18.968 0.057
3577.72275 19.508 0.079
3578.47145 19.387 0.089
3578.53455 18.972 0.043
3579.49291 19.650 0.095
3580.50860 18.984 0.057
3581.53832 18.965 0.055
3582.49710 19.674 0.121
3583.53677 19.306 0.075
3584.52293 19.104 0.057
3585.51352 19.641 0.088
3586.57187 19.497 0.079
3587.62790 19.599 0.134
3588.56444 19.021 0.057
3589.52320 19.117 0.057
3590.50324 18.949 0.049
3591.54812 19.049 0.050
3592.51452 18.945 0.057
3593.61008 19.601 0.095
3594.54539 19.105 0.056
3600.51159 19.528 0.214
3601.47459 19.035 0.075
3602.49964 19.087 0.085
3603.49364 19.388 0.114
3607.50977 19.048 0.057
3608.50134 19.205 0.090
3617.55488 18.889 0.070
3620.65854 19.147 0.069
3629.64286 19.304 0.140
3632.52909 19.028 0.081
3634.59237 19.335 0.090
3640.57284 19.566 0.104
3646.50038 18.914 0.085
3651.49199 19.215 0.124
3653.51988 19.133 0.119
3773.87644 19.159 0.101
3779.88168 18.913 0.079
3786.83278 19.123 0.085
3790.83364 18.985 0.081
3793.82366 19.018 0.066
3795.81335 19.042 0.082
3797.80858 19.727 0.128
3798.85674 19.426 0.084
3800.90390 18.928 0.072
3802.89764 19.091 0.073
3804.81213 19.068 0.079
3805.84958 19.017 0.064
3806.84610 19.314 0.083
3808.81928 19.142 0.068
3809.82294 19.766 0.121
3810.87095 19.761 0.126
3811.89817 19.143 0.073
3813.88388 19.514 0.107
3814.88139 19.180 0.082
3818.79121 19.259 0.067
3819.85491 19.316 0.064
3820.81865 19.192 0.061
3821.82293 19.704 0.095
3822.86934 19.449 0.084
3823.83308 18.921 0.045
3824.83480 19.466 0.108
3825.85661 19.184 0.065
3826.83452 18.969 0.062
3827.85741 19.185 0.062
3828.83296 19.168 0.079
3829.81116 19.171 0.059
3830.80077 19.287 0.085
3832.79513 19.326 0.073
3832.83132 19.004 0.051
3833.70170 19.030 0.066
3834.84369 19.193 0.064
3835.79411 19.404 0.075
3836.79218 19.199 0.077
3837.78905 18.901 0.056
3838.79322 19.473 0.129
3839.78918 19.154 0.076
3840.79629 18.876 0.056
3841.77438 19.704 0.128
3845.77268 19.223 0.104
3846.77978 19.090 0.062
3847.85545 18.976 0.077
3848.80341 19.402 0.080
3849.81036 18.929 0.056
3850.74949 19.487 0.089
3851.75941 18.902 0.053
3852.74790 19.235 0.080
3853.74067 19.199 0.052
3856.72956 19.282 0.077
3858.78969 19.028 0.061
3859.68690 19.025 0.078
3860.87985 19.173 0.090
3861.72170 19.517 0.104
3862.73510 19.156 0.062
3863.74859 18.839 0.044
3864.73989 19.417 0.073
3865.62528 19.497 0.100
3866.62552 19.504 0.109
3867.77819 19.039 0.068
3868.62670 19.154 0.101
3869.79080 19.236 0.113
3873.61144 19.120 0.079
3874.83469 19.034 0.062
3875.60607 19.002 0.053
3876.71389 19.997 0.118
3877.60064 19.914 0.122
3880.70751 19.053 0.061
3881.71217 19.136 0.066
3882.64717 19.001 0.053
3883.69977 18.968 0.051
3886.65851 18.948 0.056
3887.65410 19.604 0.088
3889.80880 19.119 0.068
3890.59944 18.970 0.063
3891.73214 19.639 0.119
3892.78501 19.823 0.121
3893.68313 19.548 0.117
3894.73067 19.464 0.099
3896.67292 19.500 0.129
3900.58338 19.264 0.089
3901.60358 19.714 0.126
3902.61817 19.142 0.060
3903.71395 19.682 0.120
3904.60118 19.627 0.090
3905.60142 18.978 0.050
3906.58950 19.329 0.088
3907.64632 19.507 0.144
3908.57947 19.002 0.055
3909.58554 19.133 0.058
3910.64071 19.129 0.063
3912.58695 19.068 0.052
3913.58446 19.546 0.078
3914.60241 19.063 0.061
3915.58233 19.141 0.070
3916.63352 19.618 0.110
3917.67394 19.682 0.121
3918.67276 19.288 0.074
3919.61377 19.694 0.123
3920.56573 18.846 0.053
3920.84332 19.613 0.113
3921.57783 19.441 0.136
3930.61870 18.951 0.071
3931.56386 19.356 0.101
3931.70146 19.030 0.060
3932.65435 19.505 0.091
3933.56797 19.446 0.079
3934.53870 18.927 0.062
3935.61688 19.120 0.063
3936.53917 20.014 0.153
3937.61478 19.832 0.124
3938.54782 19.000 0.070
3940.68389 18.934 0.044
3944.61885 19.275 0.075
3945.56922 19.210 0.071
3946.56641 19.129 0.080
3950.56988 18.917 0.054
3951.57857 19.272 0.095
3956.61568 19.211 0.101
3957.55332 19.430 0.121
3958.62577 19.258 0.103
3959.56599 18.977 0.067
3960.54367 19.798 0.110
3961.61886 19.682 0.183
3963.58882 19.079 0.058
3964.57858 19.091 0.056
3965.57215 18.922 0.046
3966.56002 19.697 0.105
3967.59249 19.677 0.134
3968.54660 19.051 0.069
3969.55398 19.584 0.092
3970.55888 19.180 0.078
3971.59889 19.053 0.073
3973.62862 19.369 0.089
3974.56102 19.056 0.089
3975.55600 19.550 0.095
3976.55351 19.043 0.055
3979.56814 19.309 0.102
3982.48710 19.084 0.163
3986.63007 19.493 0.146
3987.55008 20.042 0.166
3988.56299 19.224 0.063
3989.63275 19.103 0.111
3991.52582 19.054 0.091
3994.59437 19.478 0.128
3995.62205 19.176 0.060
3999.52853 19.261 0.094
4001.55193 18.995 0.066
4002.54864 19.755 0.106
4004.57150 19.065 0.078
4005.58697 19.279 0.086
4006.57266 19.011 0.070
4011.48970 18.972 0.082
4012.57655 19.205 0.122
4015.51629 19.101 0.110
4017.49091 19.000 0.073
4019.49517 19.399 0.113
4021.50110 18.879 0.100
4024.53073 19.001 0.075
4026.52626 19.232 0.084
4028.54236 19.175 0.095
4031.54230 19.600 0.186
4145.88188 19.576 0.195
4151.84141 19.375 0.123
4154.85104 19.344 0.088
4157.82133 19.109 0.075
4159.83766 19.205 0.090
4161.89127 19.153 0.089
4163.90723 19.119 0.094
4166.83966 19.089 0.112
4168.87459 19.023 0.080
4170.89166 19.228 0.096
4175.90396 19.167 0.069
4177.80153 19.637 0.129
4178.85483 19.441 0.102
4179.89456 19.235 0.082
4181.83135 19.098 0.067
4182.87971 19.110 0.065
4183.91200 19.002 0.061
4184.77104 19.063 0.062
4185.88965 19.155 0.078
4190.77630 18.987 0.078
4191.87593 19.102 0.098
4192.79457 19.436 0.129
4193.81300 19.027 0.076
4194.83452 18.959 0.060
4196.82300 19.074 0.076
4202.80453 18.959 0.055
4203.79260 19.196 0.067
4204.78472 19.232 0.073
4205.78306 19.001 0.060
4207.77944 19.096 0.068
4208.77644 18.983 0.054
4213.78367 19.154 0.071
4215.79013 19.404 0.098
4216.74788 18.968 0.059
4217.75547 19.040 0.053
4218.80744 19.153 0.091
4219.83029 19.618 0.128
4220.76556 19.061 0.069
4222.73714 19.041 0.086
4224.83663 18.975 0.086
4228.73495 19.044 0.075
4229.71928 19.363 0.089
4230.70913 19.168 0.084
4231.69139 19.274 0.080
4232.70360 20.161 0.252
4233.88470 19.051 0.093
4234.86770 19.182 0.078
4235.66517 19.244 0.082
4235.93942 19.002 0.096
4238.73473 19.119 0.076
4239.68534 19.096 0.063
4240.73172 19.027 0.057
4242.66465 18.965 0.093
4244.66270 19.298 0.097
4245.65602 19.068 0.063
4246.71483 18.964 0.062
4247.74167 19.129 0.078
4250.77873 19.002 0.088
4256.57161 19.230 0.125
4258.57853 18.896 0.080
4267.54803 18.954 0.081
4268.78418 19.014 0.062
4269.53104 19.042 0.115
4272.55446 19.176 0.082
4273.75302 19.006 0.064
4274.61246 18.954 0.076
4275.64530 19.045 0.081
4276.73765 19.061 0.103
4277.66107 19.018 0.070
4278.61847 19.320 0.119
4283.55609 19.461 0.128
4284.54792 19.190 0.093
4285.55132 19.021 0.082
4286.55083 19.645 0.187
4289.56462 19.451 0.131
4290.60813 19.609 0.122
4291.66848 19.530 0.096
4291.75184 18.987 0.075
4292.46359 18.944 0.102
4292.53321 19.612 0.104
4293.53947 18.959 0.058
4294.53251 18.999 0.063
4295.54680 19.677 0.122
4295.80036 18.932 0.061
4296.53697 19.132 0.068
4297.66055 19.666 0.119
4298.49974 19.213 0.094
4299.48144 19.044 0.074
4300.57821 19.002 0.061
4301.75945 19.095 0.061
4302.71570 19.067 0.071
4303.72397 19.014 0.074
4304.49548 19.309 0.156
4307.69527 19.618 0.137
4310.66212 19.272 0.135
4312.57080 19.077 0.087
4315.57817 19.063 0.072
4316.66097 19.090 0.094
4317.58476 19.524 0.106
4319.56160 19.364 0.109
4320.64837 19.137 0.078
4326.57955 19.458 0.096
4327.53739 19.144 0.092
4328.54308 19.509 0.086
4329.48036 19.027 0.084
4330.54914 18.912 0.053
4331.54486 19.810 0.138
4332.55882 19.148 0.068
4333.47986 19.856 0.209
4338.54655 19.081 0.096
4338.62936 19.100 0.098
4339.54270 19.014 0.064
4339.59858 19.041 0.078
4340.48123 19.041 0.108
4340.50408 19.284 0.135
4340.53340 19.320 0.142
4340.55959 19.681 0.194
4340.58443 19.147 0.100
4340.62156 18.923 0.079
4340.65466 19.039 0.081
4340.69562 19.700 0.203
4341.54714 19.041 0.084
4341.67308 19.098 0.143
4342.58321 18.942 0.064
4343.56272 19.279 0.074
4344.59282 19.896 0.183
4345.55892 19.015 0.062
4346.56451 19.381 0.134
4347.57843 19.455 0.115
4349.54712 19.668 0.101
4350.60494 19.670 0.113
4351.55245 18.982 0.057
4353.56897 19.111 0.089
4354.58830 18.992 0.071
4355.60467 19.078 0.091
4356.55325 19.119 0.073
4358.57244 19.262 0.092
4361.59856 19.045 0.098
4367.56277 19.496 0.135
4371.56193 19.036 0.076
4377.52740 18.990 0.070
4380.60685 19.780 0.172
4383.60236 19.898 0.256
4393.57490 18.932 0.080
4505.86467 19.073 0.087
4508.85681 19.027 0.061
4511.89433 19.443 0.125
4514.85515 19.206 0.113
4518.84477 19.156 0.112
4521.87662 19.008 0.072
4523.81748 19.061 0.100
4525.80957 18.817 0.131
4531.82546 19.458 0.128
4534.78599 19.133 0.116
4536.86584 19.020 0.068
4538.78676 19.137 0.086
4539.90025 18.943 0.059
4540.77103 18.993 0.062
4541.86802 19.130 0.069
4542.83145 19.178 0.093
4544.91695 19.776 0.216
4545.90361 18.965 0.062
4546.82940 19.216 0.097
4547.84886 18.965 0.066
4548.91465 19.146 0.121
4550.91046 19.647 0.131
4551.83058 19.410 0.102
4556.80319 19.012 0.057
4557.82618 19.464 0.107
4558.79484 18.953 0.055
4559.79343 19.110 0.072
4560.79382 19.678 0.111
4561.78273 18.976 0.055
4564.78691 18.944 0.051
4565.77150 19.275 0.065
4566.77235 19.187 0.068
4567.77128 18.907 0.057
4568.80021 19.238 0.071
4569.79052 19.399 0.087
4570.78090 18.964 0.056
4571.77158 19.294 0.100
4572.79476 19.593 0.135
4573.78239 18.948 0.058
4574.78473 19.220 0.090
4575.79352 19.479 0.117
4577.88250 19.311 0.103
4578.83614 19.366 0.142
4583.78829 19.192 0.108
4585.69927 19.860 0.178
4586.90433 19.406 0.103
4587.65739 19.204 0.107
4588.63732 19.106 0.091
4589.80105 19.053 0.075
4590.63816 19.782 0.208
4591.79703 18.944 0.057
4592.70875 19.086 0.074
4593.69777 19.044 0.065
4594.71904 19.263 0.080
4595.71133 19.087 0.064
4596.70334 18.911 0.055
4597.72802 19.301 0.084
4598.70404 19.055 0.052
4599.67658 19.089 0.075
4600.68895 19.637 0.088
4601.69161 19.035 0.054
4602.68397 19.093 0.074
4602.70675 18.994 0.060
4602.74112 18.970 0.055
4602.77827 19.217 0.069
4602.81304 19.642 0.109
4602.86559 19.046 0.060
4602.90337 19.032 0.067
4603.90700 19.103 0.072
4603.92994 19.086 0.080
4606.69192 19.761 0.142
4610.79525 19.084 0.097
4611.67089 19.189 0.083
4611.86175 19.126 0.078
4612.69531 19.714 0.128
4615.83783 19.322 0.124
4616.65374 19.025 0.060
4617.75342 19.044 0.067
4618.69470 19.541 0.105
4622.57606 19.837 0.208
4622.85343 19.017 0.081
4623.71503 18.872 0.055
4624.65151 19.135 0.091
4625.63944 19.016 0.084
4626.67183 19.280 0.100
4627.61073 19.007 0.068
4627.67274 19.449 0.076
4627.93402 18.941 0.061
4628.61273 19.266 0.082
4629.67749 19.038 0.058
4630.61098 18.947 0.061
4631.63597 19.014 0.055
4632.62276 19.757 0.123
4632.65126 19.657 0.105
4632.69535 19.022 0.060
4632.72081 19.012 0.063
4632.74483 19.053 0.067
4632.79008 19.369 0.088
4632.83643 19.121 0.079
4633.61638 18.919 0.061
4638.80024 19.340 0.096
4639.62129 19.017 0.075
4640.63820 19.084 0.082
4641.72071 18.950 0.065
4642.63675 18.972 0.058
4643.60291 19.400 0.114
4644.66428 19.360 0.092
4645.57672 18.903 0.071
4646.57323 19.805 0.117
4647.56687 18.877 0.071
4648.57127 19.222 0.086
4649.57339 19.730 0.124
4650.60605 19.193 0.087
4651.57755 19.024 0.074
4651.63582 18.938 0.064
4652.55036 19.232 0.096
4653.54432 18.944 0.083
4653.75571 19.127 0.086
4654.52962 19.631 0.131
4654.58351 19.016 0.070
4655.47088 19.148 0.104
4655.54413 19.184 0.091
4655.80414 19.212 0.095
4656.54609 19.045 0.069
4658.72744 19.316 0.116
4660.65754 19.032 0.081
4661.53414 19.125 0.088
4665.70192 18.976 0.081
4666.60720 19.100 0.082
4670.67211 19.065 0.075
4671.71931 19.063 0.070
4672.55308 19.294 0.077
4674.55900 18.881 0.065
4677.53561 18.983 0.070
4678.65183 18.974 0.056
4681.48168 19.050 0.071
4682.52530 19.076 0.072
4683.56382 18.988 0.076
4684.58307 19.138 0.079
4685.54749 19.284 0.092
4686.54846 18.978 0.066
4687.54847 19.313 0.089
4688.54173 19.103 0.072
4694.49161 18.903 0.095
4697.54526 19.262 0.091
4698.55412 18.950 0.060
4699.56621 19.285 0.100
4700.56672 19.383 0.095
4701.54961 19.160 0.098
4702.56451 19.377 0.101
4703.63189 19.093 0.087
4705.61584 19.079 0.084
4707.66104 19.672 0.132
4709.55980 19.339 0.128
4710.60035 19.103 0.083
4716.63263 19.463 0.246
4721.55057 19.135 0.109
4724.55743 19.325 0.102
4725.58501 19.007 0.098
4730.61951 19.369 0.116
4734.60121 19.329 0.092
4739.53450 19.115 0.093
4743.59370 19.195 0.128
4748.53732 19.086 0.114
4754.51271 18.962 0.098
4759.54333 20.382 0.397
4874.87174 19.005 0.077
4878.83178 19.678 0.164
4884.89880 19.076 0.088
4887.87119 19.358 0.073
4891.82774 19.149 0.101
4897.81707 18.939 0.060
4899.91244 19.152 0.126
4900.82365 18.963 0.070
4902.80068 18.955 0.071
4904.82900 19.140 0.072
4906.85141 19.101 0.097
4910.85806 19.006 0.066
4912.91338 19.807 0.141
4914.82274 19.166 0.072
4919.73944 18.970 0.058
4925.74238 19.071 0.057
4927.76874 19.185 0.086
4929.75804 18.966 0.081
4930.89732 19.896 0.178
4931.74210 19.070 0.083
4932.87504 19.364 0.091
4933.86976 19.233 0.096
4938.73926 19.016 0.063
4939.76229 19.378 0.105
4941.71869 19.017 0.064
4942.82312 18.988 0.058
4943.83161 19.265 0.076
4943.83779 19.140 0.066
4944.84703 19.628 0.083
4945.74058 19.635 0.102
4950.82275 19.062 0.064
4953.70535 19.481 0.102
4954.69951 19.089 0.066
4955.70647 18.926 0.059
4955.81796 19.560 0.118
