2130.48027 19.086 0.094
2133.50695 19.010 0.087
2136.62818 18.906 0.093
2141.61888 19.059 0.111
2144.70006 19.079 0.097
2170.60046 18.856 0.087
2179.49874 18.960 0.135
2189.49383 19.015 0.134
2333.89967 18.852 0.093
2337.80634 18.883 0.092
2349.82474 18.964 0.095
2357.81787 18.849 0.091
2365.89240 19.066 0.109
2373.77287 18.907 0.092
2405.85261 18.979 0.080
2464.76393 18.951 0.075
2708.89866 19.168 0.108
2850.63100 19.091 0.085
2858.75832 18.862 0.098
3059.84458 19.073 0.099
3064.85975 18.859 0.087
3068.81312 19.001 0.099
3070.89837 18.871 0.076
3073.85078 18.968 0.081
3075.88540 19.112 0.093
3080.79797 18.955 0.090
3083.75223 18.840 0.078
3085.84880 18.907 0.073
3087.77649 18.933 0.095
3089.82346 18.814 0.059
3091.87772 19.169 0.089
3097.80260 18.961 0.115
3100.92199 18.946 0.106
3101.79051 18.926 0.097
3102.88899 19.093 0.102
3104.74472 19.092 0.238
3106.88638 18.921 0.106
3107.87684 19.147 0.127
3109.81382 18.969 0.076
3110.88048 18.820 0.068
3112.87972 19.001 0.088
3113.89102 19.041 0.094
3114.82138 19.035 0.083
3115.88183 18.949 0.081
3116.86222 18.959 0.092
3124.75393 19.269 0.151
3126.69349 18.870 0.069
3127.85986 19.063 0.103
3128.85966 18.882 0.102
3130.66266 18.798 0.099
3130.73866 19.010 0.099
3130.85415 18.869 0.106
3131.70503 18.778 0.093
3134.87410 18.906 0.146
3137.75604 18.938 0.090
3138.64140 18.976 0.094
3138.76242 19.082 0.091
3139.92872 18.972 0.083
3142.80943 18.963 0.079
3144.82648 18.887 0.075
3146.86874 18.961 0.079
3151.79709 18.978 0.102
3152.79866 18.966 0.097
3153.79727 18.925 0.107
3154.88492 19.015 0.128
3156.85360 18.954 0.092
3157.86109 18.815 0.099
3158.87138 18.830 0.093
3162.83504 19.117 0.103
3163.79421 19.193 0.103
3164.78280 19.070 0.079
3165.69560 18.992 0.075
3168.84732 18.928 0.075
3169.81405 18.857 0.086
3170.63158 19.153 0.070
3171.76964 18.935 0.060
3171.89518 18.930 0.078
3172.79401 18.943 0.073
3173.83140 18.997 0.104
3174.75047 19.040 0.080
3175.76093 18.971 0.069
3175.83674 19.044 0.088
3177.80596 19.058 0.122
3179.54162 18.830 0.068
3180.76559 19.017 0.070
3182.82571 18.945 0.085
3183.78468 19.098 0.110
3184.73927 19.165 0.094
3185.67036 19.097 0.090
3193.58951 19.047 0.078
3194.53996 19.082 0.107
3194.78046 19.029 0.088
3195.53964 18.923 0.074
3196.73311 19.003 0.089
3197.56375 18.980 0.074
3199.67171 18.947 0.077
3201.53261 19.028 0.086
3202.66035 18.841 0.078
3203.57687 19.002 0.067
3204.61062 18.934 0.068
3205.67399 18.896 0.067
3206.75927 18.955 0.099
3210.49383 19.015 0.095
3211.64910 19.060 0.093
3217.68990 18.988 0.092
3218.68891 18.928 0.099
3223.69287 18.872 0.097
3224.73742 18.918 0.095
3226.66829 19.210 0.140
3228.63876 18.967 0.087
3230.70864 19.153 0.099
3231.61197 19.032 0.095
3232.64547 18.851 0.078
3238.66028 19.039 0.095
3240.50942 18.978 0.089
3241.69300 19.219 0.180
3245.59627 19.331 0.152
3247.48332 18.857 0.082
3249.58965 19.123 0.120
3250.69668 18.970 0.128
3254.55042 19.178 0.140
3257.49480 18.774 0.073
3260.53109 19.044 0.119
3265.51658 18.958 0.110
3267.56721 19.007 0.095
3272.62783 19.054 0.132
3277.53924 18.943 0.095
3279.59455 19.064 0.113
3282.51697 18.940 0.084
3289.49894 19.048 0.106
3294.48996 19.218 0.169
3295.56222 18.859 0.055
3296.53685 19.134 0.083
3300.54959 18.839 0.107
3418.88072 19.170 0.088
3423.85493 18.906 0.084
3426.90339 19.027 0.110
3429.88762 18.920 0.098
3436.84476 19.069 0.099
3443.79998 18.768 0.056
3445.84299 19.018 0.062
3447.89149 18.838 0.081
3449.90868 18.930 0.076
3453.81085 19.024 0.101
3455.87075 18.825 0.081
3456.87923 19.016 0.086
3457.87372 18.760 0.062
3459.86466 19.026 0.081
3467.91802 18.921 0.069
3470.90610 19.018 0.083
3472.81596 19.060 0.070
3473.89754 19.076 0.100
3474.89956 19.020 0.090
3475.89508 19.073 0.069
3477.91082 18.876 0.073
3479.78143 18.980 0.059
3480.91036 18.836 0.070
3482.91325 18.985 0.083
3496.76913 18.990 0.102
3497.87035 18.889 0.077
3499.76360 18.831 0.053
3500.85052 19.033 0.078
3502.66636 18.856 0.065
3503.81908 18.964 0.077
3506.76631 18.864 0.070
3508.88265 18.918 0.107
3509.68003 18.898 0.093
3510.92054 18.835 0.072
3511.85509 18.933 0.075
3512.86525 18.832 0.090
3517.72463 18.942 0.130
3520.86883 18.832 0.078
3521.68170 18.940 0.061
3522.79025 19.021 0.086
3523.82437 18.879 0.067
3524.82478 19.268 0.107
3525.89986 18.969 0.085
3526.93064 18.650 0.083
3528.60313 19.078 0.078
3530.82277 19.049 0.067
3537.79056 19.013 0.079
3538.71639 18.971 0.074
3540.77006 18.855 0.075
3544.77908 18.891 0.079
3547.78269 18.968 0.092
3550.79605 18.955 0.067
3551.79081 18.726 0.055
3552.80996 18.929 0.093
3553.78967 18.777 0.089
3554.81179 18.916 0.092
3555.80133 18.867 0.103
3556.71365 18.940 0.075
3558.59769 19.193 0.109
3559.60609 18.950 0.072
3560.64739 18.905 0.057
3561.58387 18.978 0.074
3562.63653 19.105 0.080
3563.68859 19.191 0.085
3564.52291 18.970 0.115
3569.62714 18.816 0.102
3573.73546 19.078 0.105
3574.73256 18.853 0.078
3575.67436 19.003 0.066
3576.73042 19.057 0.096
3577.77877 18.885 0.081
3578.71544 18.889 0.064
3579.66081 18.943 0.068
3580.70041 18.893 0.082
3581.71364 19.022 0.093
3582.66254 18.978 0.075
3583.68075 19.047 0.078
3584.68468 18.999 0.071
3585.68292 18.905 0.065
3586.73735 18.948 0.066
3589.72662 18.953 0.082
3590.72288 19.122 0.111
3591.69791 19.018 0.072
3592.73123 18.912 0.068
3601.69905 19.079 0.102
3602.69937 19.027 0.109
3603.68060 19.022 0.088
3607.67828 19.093 0.093
3609.50614 19.327 0.132
3615.62357 19.123 0.096
3617.65404 19.110 0.100
3619.58699 18.872 0.063
3621.58936 18.913 0.086
3628.65395 18.982 0.129
3629.51206 18.949 0.075
3631.61286 18.892 0.089
3633.53947 18.925 0.108
3634.61853 18.967 0.097
3637.54210 19.083 0.135
3637.56042 19.144 0.146
3637.60317 18.858 0.094
3639.48912 18.936 0.062
3639.59374 18.801 0.058
3640.51756 19.053 0.107
3644.57588 19.219 0.098
3649.54932 18.919 0.074
3651.59356 19.076 0.111
3655.56223 18.953 0.087
3657.55211 18.754 0.090
3659.56003 18.814 0.141
3662.55836 18.905 0.141
3668.52486 19.074 0.118
3676.50389 18.954 0.106
3777.86432 19.067 0.090
3783.85069 19.054 0.086
3785.86618 18.912 0.076
3787.87584 18.940 0.076
3791.85021 19.061 0.108
3793.89442 19.056 0.081
3795.87866 18.953 0.083
3797.79581 19.036 0.089
3798.84201 18.875 0.077
3799.89635 18.883 0.089
3801.85111 19.173 0.099
3802.88559 18.874 0.072
3804.79878 18.843 0.077
3805.83733 18.903 0.077
3806.83405 18.901 0.087
3807.85819 18.930 0.079
3808.86182 18.966 0.089
3810.77691 18.850 0.074
3811.80537 18.984 0.093
3812.88630 19.121 0.101
3813.86884 18.851 0.069
3814.86150 18.815 0.073
3818.77911 18.919 0.072
3819.84274 19.069 0.070
3820.80680 18.898 0.061
3821.80998 19.056 0.077
3822.85370 18.876 0.068
3823.81461 19.000 0.072
3824.80858 18.898 0.084
3825.84065 19.079 0.093
3826.80982 18.983 0.093
3827.84077 18.931 0.063
3828.82090 19.043 0.097
3829.74870 18.925 0.089
3830.78002 18.945 0.069
3832.78296 18.843 0.065
3833.80784 19.017 0.068
3834.78082 18.918 0.068
3835.76850 18.959 0.075
3836.72995 18.922 0.087
3837.77056 18.933 0.082
3838.77853 18.920 0.105
3838.89660 18.928 0.096
3839.77446 18.956 0.078
3840.77761 18.941 0.080
3841.73278 18.977 0.102
3841.88273 18.903 0.074
3842.73116 19.023 0.141
3845.75433 18.840 0.158
3846.76515 19.008 0.089
3846.89390 18.953 0.078
3847.83823 18.904 0.085
3848.78829 18.934 0.088
3848.91883 19.547 0.182
3849.78581 19.054 0.079
3850.73462 19.026 0.077
3850.90389 18.912 0.091
3851.74463 19.122 0.103
3851.90945 18.872 0.080
3852.73316 19.040 0.087
3852.85725 18.942 0.076
3853.72583 18.960 0.055
3853.89081 18.874 0.059
3856.71407 19.056 0.078
3858.75099 19.043 0.078
3859.87112 19.074 0.126
3860.70639 19.063 0.112
3861.70383 18.911 0.074
3861.80793 19.082 0.075
3861.90685 18.836 0.065
3862.68566 19.073 0.089
3862.90042 19.021 0.089
3863.69851 18.784 0.058
3863.84245 19.052 0.084
3863.91841 18.885 0.061
3864.71589 18.955 0.069
3864.90149 18.954 0.066
3865.67599 18.798 0.069
3865.81088 18.948 0.075
3865.88950 18.946 0.070
3866.72077 19.003 0.070
3866.86021 18.857 0.074
3867.66665 18.994 0.088
3867.85209 18.907 0.079
3867.92236 18.967 0.079
3868.67449 19.098 0.115
3868.81771 18.916 0.100
3868.89822 18.981 0.103
3869.64419 18.795 0.076
3869.83336 19.134 0.123
3869.90878 18.845 0.096
3873.70807 19.097 0.081
3873.84714 19.103 0.096
3873.91760 18.927 0.081
3874.70936 19.046 0.086
3874.87783 19.005 0.083
3875.64603 18.828 0.061
3875.79326 18.914 0.056
3875.87197 18.881 0.067
3877.67390 18.862 0.056
3877.82218 19.010 0.078
3877.89594 18.922 0.087
3880.87744 19.027 0.082
3881.61186 19.040 0.113
3881.69767 18.919 0.071
3881.84043 18.941 0.064
3882.60977 18.939 0.080
3882.81279 18.843 0.067
3882.88292 19.159 0.087
3883.67516 18.849 0.063
3883.91664 19.143 0.092
3886.64329 19.045 0.074
3886.82998 18.833 0.068
3886.90198 18.978 0.084
3886.92801 19.051 0.094
3887.61044 18.929 0.090
3887.81313 18.838 0.074
3887.84096 18.872 0.075
3887.91304 18.941 0.077
3888.64131 18.955 0.075
3889.78621 19.111 0.077
3890.58129 18.811 0.082
3891.71753 18.910 0.076
3891.83453 18.954 0.076
3891.91624 18.818 0.078
3892.62792 19.195 0.133
3893.66503 19.005 0.085
3893.91637 18.996 0.108
3894.71003 18.879 0.097
3896.65372 19.179 0.150
3900.56904 18.657 0.088
3900.75549 18.972 0.078
3900.83081 18.983 0.094
3901.75768 19.059 0.089
3901.83448 18.994 0.092
3901.90695 18.864 0.099
3902.60385 18.833 0.064
3902.79903 18.769 0.071
3903.69622 18.914 0.091
3904.58683 18.963 0.064
3904.75014 18.982 0.078
3904.81911 18.927 0.065
3904.87192 19.015 0.078
3905.58375 18.919 0.063
3905.75778 18.939 0.062
3905.83040 18.933 0.060
3905.89900 18.843 0.078
3906.52242 18.863 0.095
3906.69227 19.153 0.091
3906.76528 18.989 0.082
3906.83791 19.154 0.104
3907.62894 18.863 0.078
3907.82381 18.907 0.103
3908.56512 18.854 0.064
3908.75556 18.863 0.070
3908.83083 18.944 0.067
3909.57021 18.948 0.071
3909.76813 19.047 0.073
3909.84652 18.955 0.084
3910.62646 18.962 0.072
3912.56937 18.845 0.050
3912.76614 18.785 0.052
3912.85403 18.963 0.068
3913.56713 18.885 0.057
3913.76933 19.072 0.090
3913.85916 18.862 0.075
3914.58459 18.963 0.078
3915.56514 19.160 0.087
3915.76844 18.834 0.061
3915.86549 18.973 0.091
3916.61298 18.854 0.081
3916.78565 19.152 0.136
3917.65303 18.748 0.088
3917.85922 18.887 0.096
3918.64642 19.065 0.090
3918.85613 18.969 0.095
3919.59927 19.133 0.117
3919.83633 18.721 0.071
3920.55093 18.842 0.062
3920.74718 18.855 0.065
3920.82599 18.922 0.063
3921.54394 18.989 0.082
3921.75440 19.153 0.137
3922.75087 18.891 0.110
3930.59844 18.805 0.069
3931.54953 19.155 0.098
3931.67619 18.916 0.084
3932.56134 18.913 0.083
3933.55035 18.940 0.068
3933.73164 19.088 0.078
3933.80732 19.219 0.104
3934.52112 18.840 0.068
3934.64519 19.137 0.077
3934.71495 19.058 0.075
3934.78397 18.930 0.070
3935.57101 19.146 0.094
3935.74232 18.933 0.072
3935.79405 18.939 0.097
3936.52457 18.910 0.080
3936.68991 18.833 0.069
3936.76751 18.905 0.083
3937.59976 18.913 0.067
3938.53212 19.049 0.104
3938.73369 18.852 0.080
3938.78289 18.681 0.079
3940.63513 18.965 0.062
3941.68425 18.774 0.089
3944.58863 19.336 0.109
3945.53748 19.022 0.081
3945.72551 19.088 0.110
3946.54778 18.733 0.075
3946.73717 18.929 0.076
3950.55563 18.909 0.065
3950.78189 18.893 0.087
3951.55181 19.067 0.105
3956.59819 19.002 0.110
3957.53908 19.111 0.101
3958.61189 19.060 0.098
3959.55180 18.985 0.086
3959.71616 18.950 0.088
3960.52980 18.907 0.074
3960.70970 18.860 0.064
3961.60487 19.108 0.128
3963.49144 18.978 0.094
3963.66597 18.803 0.066
3963.73931 18.967 0.110
3964.56463 18.899 0.068
3965.55153 18.855 0.062
3966.54269 18.883 0.073
3966.72521 18.857 0.081
3967.56648 19.072 0.114
3968.52922 18.871 0.079
3968.70074 18.991 0.086
3969.53699 18.930 0.092
3969.71174 19.055 0.115
3970.54493 18.826 0.075
3971.58473 18.953 0.104
3973.60988 18.937 0.087
3974.47279 19.067 0.128
3974.49958 19.040 0.095
3974.53971 18.903 0.099
3974.62077 19.060 0.086
3974.67849 19.142 0.123
3974.68496 18.998 0.102
3974.69174 18.990 0.111
3975.47162 19.063 0.140
3975.50251 18.887 0.088
3975.54222 19.077 0.083
3975.59317 18.835 0.069
3975.64700 19.059 0.089
3975.68909 18.820 0.082
3976.47347 18.818 0.077
3976.53749 18.822 0.072
3976.64089 18.941 0.086
3976.70276 18.827 0.108
3979.54673 18.889 0.126
3982.62340 19.254 0.126
3986.61395 18.944 0.085
3987.53637 19.183 0.101
3988.54918 18.895 0.062
3989.61089 18.776 0.089
3990.65317 19.285 0.126
3994.50585 18.941 0.102
3995.60347 19.136 0.108
3999.64102 18.884 0.088
4000.54806 18.997 0.099
4001.53779 19.161 0.107
4002.53448 19.077 0.089
4004.55746 19.074 0.139
4005.56010 18.891 0.098
4006.55842 18.862 0.065
4012.53052 18.890 0.094
4016.57561 18.947 0.109
4018.58505 18.993 0.111
4021.56906 18.973 0.112
4024.51671 19.013 0.115
4026.51221 18.802 0.073
4028.52823 19.022 0.100
4031.52835 18.895 0.095
4039.51284 19.236 0.176
4042.50100 19.066 0.152
4142.88380 18.803 0.122
4151.88893 18.895 0.096
4154.83637 18.931 0.083
4156.88935 19.019 0.125
4159.82338 18.932 0.100
4161.87680 19.053 0.106
4163.89281 18.963 0.081
4165.84968 18.895 0.110
4168.84722 19.087 0.111
4170.86284 18.987 0.102
4175.88325 18.972 0.087
4177.78297 18.951 0.087
4178.84033 18.966 0.086
4179.88021 18.997 0.088
4181.81663 18.821 0.071
4182.75593 18.907 0.082
4182.78775 18.933 0.072
4182.83932 18.851 0.070
4182.86521 19.010 0.079
4182.90857 18.923 0.062
4183.75383 19.010 0.101
4183.83825 18.856 0.080
4183.89767 19.000 0.092
4185.77413 18.967 0.105
4191.78469 18.875 0.094
4193.79579 18.831 0.091
4194.81864 18.878 0.085
4196.80866 18.984 0.092
4202.79019 18.939 0.078
4203.77802 18.885 0.072
4204.77040 19.018 0.086
4205.76856 18.780 0.063
4207.75983 18.842 0.070
4208.71379 18.871 0.078
4211.82513 19.021 0.105
4212.85467 18.983 0.124
4213.76273 18.823 0.073
4215.77576 18.864 0.093
4216.73360 19.003 0.079
4217.74114 18.816 0.062
4217.90241 19.015 0.068
4218.79090 19.068 0.132
4219.80091 18.986 0.081
4220.73994 19.097 0.103
4222.70857 18.862 0.086
4224.81893 19.068 0.085
4228.71123 18.909 0.088
4229.70482 18.831 0.102
4229.90177 18.977 0.085
4230.65300 18.858 0.076
4230.84100 18.912 0.088
4230.90266 18.925 0.113
4231.67695 19.101 0.091
4231.72807 19.095 0.087
4231.88306 18.940 0.096
4232.66469 18.898 0.109
4232.78972 19.026 0.096
4232.92728 18.960 0.117
4233.86030 19.043 0.103
4234.78776 18.968 0.081
4234.91014 18.877 0.092
4235.70137 18.909 0.074
4235.75883 18.904 0.075
4235.86243 18.992 0.087
4235.92496 18.979 0.106
4237.62792 18.976 0.123
4238.69927 18.813 0.082
4238.90874 18.890 0.096
4239.67111 18.974 0.084
4240.71077 18.838 0.088
4240.87009 18.846 0.089
4243.67645 18.932 0.093
4243.76987 18.900 0.086
4243.86276 19.109 0.126
4244.64860 18.993 0.106
4244.74502 19.022 0.085
4244.83758 18.851 0.076
4245.64170 19.000 0.089
4245.73602 18.860 0.066
4245.83148 18.947 0.075
4245.90410 18.918 0.091
4246.70038 18.916 0.082
4246.79352 18.880 0.074
4246.88620 18.888 0.088
4247.71542 19.101 0.123
4250.76353 18.942 0.097
4256.65593 19.016 0.132
4256.80145 18.949 0.124
4257.68280 18.898 0.093
4258.66582 19.103 0.120
4258.78862 18.920 0.097
4258.88125 18.834 0.103
4267.62546 18.948 0.078
4268.74056 19.079 0.081
4268.87245 18.908 0.098
4269.60768 19.023 0.080
4269.75797 18.854 0.074
4270.54240 19.019 0.109
4272.58886 18.888 0.080
4272.73878 19.005 0.078
4272.79740 18.996 0.088
4272.86880 18.941 0.119
4273.64925 19.148 0.121
4273.82741 19.156 0.133
4273.88859 18.883 0.143
4274.58034 18.962 0.110
4274.73327 18.943 0.087
4274.79413 19.045 0.099
4275.63183 19.071 0.112
4275.80715 18.957 0.106
4275.86823 19.151 0.156
4276.61660 18.854 0.121
4277.56034 18.959 0.109
4277.73737 18.910 0.095
4277.79604 18.828 0.107
4278.60526 18.856 0.099
4278.79246 18.850 0.117
4283.54286 18.852 0.094
4284.53464 19.027 0.110
4284.68499 19.047 0.104
4284.74438 19.065 0.088
4284.80640 18.769 0.094
4285.53780 18.856 0.096
4285.73134 18.995 0.096
4285.79643 18.952 0.092
4285.85785 18.886 0.109
4286.53758 19.055 0.117
4286.84577 18.984 0.170
4289.54845 18.773 0.094
4289.76736 18.858 0.085
4289.83406 18.932 0.107
4290.59474 18.949 0.108
4291.61443 19.030 0.091
4292.52002 19.016 0.078
4292.69901 18.924 0.074
4292.75780 19.047 0.075
4292.82082 18.954 0.107
4293.52075 18.772 0.074
4293.70490 18.932 0.073
4293.76365 18.915 0.082
4293.80394 18.947 0.083
4293.84143 19.010 0.104
4294.51938 19.072 0.094
4295.52956 18.858 0.076
4295.72466 18.931 0.069
4295.78325 18.920 0.083
4296.52360 19.074 0.102
4296.73467 19.166 0.090
4297.54343 18.922 0.080
4297.74799 18.887 0.074
4298.59470 18.933 0.097
4298.68950 18.904 0.082
4299.56499 18.945 0.074
4299.65492 18.911 0.064
4299.74618 18.879 0.071
4300.56164 18.920 0.083
4300.67678 18.964 0.084
4301.54778 19.039 0.086
4301.64403 18.968 0.077
4301.74620 18.897 0.079
4302.62075 18.874 0.081
4302.81937 18.964 0.100
4303.70735 18.877 0.084
4304.58562 19.014 0.100
4306.59137 19.006 0.106
4310.64502 18.983 0.148
4312.53257 18.791 0.104
4312.77547 19.008 0.089
4314.79006 19.028 0.145
4315.56403 18.934 0.085
4316.59433 18.917 0.079
4317.51622 18.953 0.089
4319.55129 18.775 0.076
4319.69726 18.888 0.106
4320.49188 19.129 0.110
4320.51612 18.974 0.096
4320.53427 19.157 0.108
4320.55946 18.983 0.088
4320.59886 18.932 0.095
4320.61860 18.928 0.084
4320.63349 19.126 0.100
4320.67368 19.031 0.098
4320.71161 18.980 0.110
4320.75423 18.945 0.119
4320.76916 18.977 0.124
4326.56610 18.970 0.080
4326.69286 18.849 0.096
4326.74418 19.054 0.128
4327.62001 18.934 0.098
4328.48515 18.906 0.095
4328.72481 19.012 0.120
4329.55556 18.911 0.111
4329.70289 18.910 0.102
4330.48550 19.074 0.103
4330.72280 19.012 0.087
4331.52765 18.923 0.089
4332.53765 18.842 0.063
4333.56263 18.981 0.116
4334.53542 18.939 0.089
4338.53280 19.118 0.120
4338.71068 19.063 0.182
4339.52893 18.901 0.086
4340.64909 18.859 0.083
4341.53318 18.928 0.114
4342.56521 18.867 0.089
4343.54904 18.901 0.068
4344.57863 19.046 0.102
4345.54072 18.945 0.075
4346.55033 18.878 0.112
4347.56464 18.848 0.086
4349.53035 18.863 0.072
4350.58384 18.957 0.077
4351.53554 18.923 0.080
4353.55519 18.933 0.092
4354.57461 18.982 0.099
4355.58243 19.089 0.128
4356.53961 18.997 0.104
4357.51101 18.918 0.118
4358.55444 19.066 0.111
4359.52340 18.853 0.091
4361.53675 19.076 0.153
4362.55415 19.035 0.145
4365.59234 19.178 0.128
4367.54573 18.940 0.101
4368.51870 19.058 0.139
4369.59785 19.094 0.165
4370.52572 19.004 0.083
4371.50018 18.778 0.083
4372.54929 18.925 0.072
4373.54035 18.928 0.115
4377.51353 18.990 0.089
4378.54794 19.002 0.099
4380.50540 19.026 0.091
4381.55303 18.812 0.106
4382.54383 18.792 0.113
4383.54377 18.893 0.099
4384.51819 18.975 0.109
4392.50922 18.972 0.124
4393.56023 19.061 0.100
4394.53343 18.831 0.083
4395.56963 18.898 0.116
4396.53938 18.906 0.136
4397.56308 19.077 0.138
4398.56846 19.091 0.151
4399.51835 18.908 0.119
4400.56281 18.875 0.147
4403.51668 18.921 0.127
4409.53414 19.052 0.158
4508.87772 18.956 0.077
4511.85960 18.896 0.076
4511.87942 18.774 0.063
4513.89079 18.898 0.079
4517.88991 18.844 0.107
4521.82927 18.900 0.112
4523.90166 18.733 0.101
4525.84558 18.787 0.114
4531.86229 18.748 0.073
4534.89180 19.237 0.147
4536.80709 18.882 0.110
4537.86725 18.917 0.074
4538.89964 18.895 0.077
4539.88575 18.841 0.078
4540.82968 18.923 0.073
4541.82218 18.806 0.073
4542.81698 18.784 0.085
4543.81248 18.926 0.081
4544.80945 18.810 0.082
4545.77354 18.822 0.090
4546.78025 18.799 0.081
4547.75495 19.163 0.129
4548.87084 19.058 0.110
4548.89818 18.935 0.118
4550.77734 19.056 0.129
4551.81622 18.854 0.078
4552.74764 18.455 0.091
4556.78706 18.878 0.069
4557.80820 18.853 0.085
4558.73783 18.858 0.071
4559.77869 18.935 0.077
4560.77908 18.828 0.078
4561.76841 18.953 0.069
4564.75862 18.890 0.071
4565.75668 18.923 0.069
4566.75609 18.981 0.070
4567.75605 19.105 0.093
4568.76559 18.871 0.069
4569.77600 18.875 0.072
4570.76127 18.849 0.079
4571.75294 19.178 0.129
4572.77974 18.966 0.084
4573.76793 18.899 0.079
4574.77050 18.927 0.087
4575.77929 18.899 0.082
4576.88924 18.924 0.087
4577.86751 18.925 0.080
4577.92353 18.861 0.078
4578.82185 18.897 0.096
4579.89565 18.932 0.119
4583.76589 19.005 0.095
4585.79286 19.041 0.120
4586.76897 18.956 0.101
4587.80254 18.836 0.087
4588.67769 18.982 0.118
4588.91018 18.924 0.074
4589.72415 19.023 0.090
4589.87943 18.843 0.095
4590.73293 18.862 0.079
4591.67402 18.784 0.072
4591.88534 18.781 0.076
4592.69425 18.866 0.076
4592.88354 18.972 0.097
4593.68341 18.812 0.075
4593.89323 18.955 0.087
4593.93310 19.037 0.108
4594.70466 18.763 0.077
4594.89949 18.967 0.085
4595.69721 18.875 0.079
4595.88852 18.774 0.073
4596.68905 19.084 0.101
4597.71367 19.003 0.094
4597.90531 18.840 0.072
4598.68989 18.883 0.065
4599.66241 18.775 0.076
4600.67477 18.876 0.072
4600.88344 18.978 0.078
4601.67730 18.822 0.063
4601.89356 18.944 0.070
4602.66987 18.955 0.076
4602.89423 18.968 0.070
4603.88126 18.780 0.078
4606.67771 18.840 0.072
4606.93598 18.892 0.092
4610.90831 18.923 0.098
4611.65656 18.797 0.076
4611.80542 18.955 0.083
4612.67803 18.999 0.099
4615.82036 18.830 0.085
4616.63202 18.943 0.092
4616.84833 19.038 0.103
4617.73572 18.894 0.076
4618.64058 18.715 0.068
4622.65415 18.823 0.080
4622.83911 19.260 0.135
4623.73787 19.051 0.108
4623.89838 18.903 0.115
4624.62229 18.977 0.111
4624.84226 18.994 0.089
4624.91136 18.823 0.097
4625.63269 18.917 0.112
4625.85205 18.853 0.086
4626.65716 19.055 0.103
4627.59127 18.918 0.082
4627.88069 18.910 0.069
4628.59824 19.152 0.098
4628.78799 18.915 0.093
4628.85032 18.971 0.086
4628.92453 18.853 0.106
4629.66105 18.821 0.066
4629.86867 18.868 0.075
4630.59611 18.977 0.082
4630.81187 19.003 0.095
4630.88143 18.925 0.082
4631.62166 18.814 0.066
4631.82032 18.884 0.065
4631.89574 18.990 0.094
4632.60380 19.054 0.101
4632.89043 18.807 0.098
4633.59779 18.999 0.093
4633.70874 18.978 0.071
4633.84216 18.915 0.086
4638.78225 18.900 0.084
4639.60591 18.863 0.078
4639.75095 18.903 0.092
4640.62401 18.975 0.096
4640.75593 19.027 0.082
4641.69959 18.956 0.085
4641.81165 19.025 0.110
4642.62203 18.874 0.073
4642.78426 18.911 0.100
4642.86331 18.875 0.101
4643.58127 18.910 0.082
4644.62978 19.023 0.104
4645.56015 18.911 0.096
4645.80786 18.769 0.075
4645.87342 19.002 0.120
4646.55517 18.842 0.067
4646.88090 18.981 0.115
4647.55150 18.811 0.077
4647.76768 18.866 0.085
4647.79189 19.007 0.113
4648.54858 19.070 0.105
4648.80246 19.167 0.125
4649.55883 19.053 0.098
4649.78519 19.047 0.090
4650.55996 18.908 0.090
4650.82308 19.310 0.139
4651.54340 18.905 0.094
4652.53487 18.795 0.087
4652.74906 18.920 0.087
4653.53046 18.876 0.111
4653.74970 18.960 0.095
4654.56956 18.912 0.090
4654.78417 19.074 0.106
4655.53033 18.872 0.083
4655.75491 18.994 0.076
4656.53228 18.870 0.073
4656.72214 19.038 0.083
4656.84150 18.934 0.108
4657.76069 19.118 0.110
4658.69089 18.842 0.103
4660.64318 18.946 0.089
4661.52036 18.917 0.083
4661.72104 18.991 0.097
4661.78807 18.987 0.099
4665.68800 18.958 0.103
4666.59330 18.840 0.080
4666.69431 18.988 0.108
4666.73651 18.939 0.108
4666.80885 19.348 0.210
4670.60536 18.873 0.087
4671.61349 18.833 0.067
4671.78559 19.025 0.128
4672.53931 18.927 0.069
4672.68953 18.867 0.067
4672.77470 19.020 0.105
4674.54514 18.886 0.116
4674.73537 18.975 0.099
4675.78294 18.941 0.113
4677.51872 19.003 0.095
4677.60342 18.893 0.089
4677.65918 18.917 0.108
4677.76835 18.917 0.104
4678.48413 18.970 0.095
4678.64064 18.866 0.075
4679.48480 19.162 0.145
4679.54950 18.874 0.102
4679.63278 19.116 0.124
4679.65750 19.009 0.115
4679.67315 18.770 0.094
4681.56745 18.884 0.077
4681.66010 18.932 0.083
4681.75041 18.991 0.095
4682.58468 19.023 0.103
4682.68843 18.734 0.064
4683.54976 18.886 0.102
4683.73833 19.226 0.127
4684.54233 19.026 0.090
4684.71372 18.803 0.074
4685.48495 19.129 0.133
4685.76243 18.859 0.095
4686.53105 18.944 0.092
4687.53441 18.946 0.091
4688.52771 18.898 0.077
4688.71742 18.885 0.094
4693.58675 18.946 0.101
4694.63652 18.966 0.132
4697.53116 18.827 0.085
4698.53658 18.838 0.064
4699.53475 18.886 0.077
4700.53923 18.956 0.093
4701.53527 18.856 0.088
4702.55071 18.843 0.083
4703.61812 18.934 0.096
4704.67349 18.903 0.086
4705.60177 18.883 0.096
4707.62997 18.876 0.069
4708.58185 19.097 0.095
4709.54596 18.860 0.110
4710.58670 18.871 0.086
4715.62098 19.048 0.132
4716.61859 19.114 0.144
4720.53890 18.900 0.094
4721.53662 18.925 0.114
4722.50240 18.972 0.112
4724.53915 19.179 0.138
4725.51788 18.946 0.102
4726.51487 18.919 0.121
4729.49940 18.928 0.101
4730.50080 19.057 0.094
4731.60776 18.874 0.102
4733.55623 18.794 0.081
4734.58558 19.033 0.113
4737.57423 18.932 0.101
4740.58704 19.012 0.133
4753.57805 18.665 0.105
4758.54384 18.609 0.078
4767.55153 18.803 0.135
4768.51755 19.046 0.167
4769.51218 18.977 0.147
4771.52061 18.726 0.126
4776.51177 18.940 0.166
4778.52336 19.045 0.152
4779.51926 18.982 0.124
4869.87966 18.854 0.118
4872.87198 18.718 0.107
4875.87389 18.999 0.099
4875.89369 18.737 0.117
4878.86777 18.847 0.077
4884.88439 19.001 0.091
4887.85679 19.030 0.079
4891.81307 18.922 0.117
4896.90403 18.947 0.096
4899.87786 19.033 0.092
4901.80138 19.054 0.099
4903.79709 19.041 0.095
4905.84534 19.092 0.100
4910.84336 18.948 0.096
4911.88034 18.896 0.064
4913.89382 18.873 0.070
4917.74042 18.872 0.074
4921.74186 18.792 0.078
4925.72865 18.831 0.072
4925.84498 18.887 0.073
4926.72177 19.002 0.113
4927.74482 18.935 0.096
4927.89948 18.976 0.100
4927.91374 18.849 0.090
4928.69979 19.044 0.118
4928.79326 18.984 0.095
4928.91291 18.898 0.079
4929.73990 18.755 0.083
4930.73189 18.975 0.100
4930.87975 18.946 0.094
4931.77607 18.827 0.078
4932.71015 18.904 0.083
4932.90930 18.953 0.094
4933.72604 18.970 0.109
4933.90374 18.839 0.091
4934.82468 18.784 0.077
4938.72559 19.015 0.094
4939.68643 18.846 0.084
4940.68641 19.247 0.115
4941.88153 18.852 0.081
4942.70290 19.050 0.093
4942.77484 18.909 0.068
4943.71528 18.796 0.063
4943.87211 18.947 0.085
4944.72672 18.967 0.069
4945.67451 18.913 0.081
4946.70195 19.124 0.092
4947.68529 18.763 0.061
4948.66496 18.942 0.087
4950.65573 18.887 0.078
4951.81939 18.918 0.090
4952.65918 18.640 0.064
4952.78857 18.807 0.066
4953.68875 18.846 0.076
4954.66751 18.988 0.090
4954.73360 19.097 0.101
4955.66822 18.680 0.078
4955.83658 19.011 0.091
