2125.61380 18.137 0.044
2129.68870 17.878 0.025
2132.63009 17.816 0.018
2136.53431 18.043 0.030
2141.54536 17.803 0.016
2144.63573 17.937 0.020
2160.60373 17.822 0.021
2187.60060 17.803 0.027
2206.56896 17.755 0.040
2347.82942 17.791 0.019
2357.85632 17.772 0.020
2372.84479 17.850 0.019
2383.80366 18.052 0.020
2386.88825 17.843 0.020
2391.85445 18.167 0.033
2397.74512 17.773 0.017
2401.82496 17.732 0.018
2403.90260 18.129 0.023
2405.88995 17.916 0.022
2415.88317 17.833 0.024
2424.81445 17.835 0.020
2428.84318 17.856 0.019
2432.85739 17.811 0.026
2434.72836 18.112 0.021
2436.78893 17.818 0.019
2438.75171 18.055 0.021
2441.72849 17.719 0.014
2445.63010 18.124 0.022
2448.64442 17.708 0.020
2455.69270 18.085 0.046
2459.61296 17.759 0.016
2463.54508 17.896 0.020
2466.69887 17.828 0.020
2468.64105 18.170 0.019
2470.64803 18.167 0.023
2472.67821 17.984 0.019
2484.62397 17.790 0.020
2486.71601 18.133 0.032
2490.68257 17.899 0.026
2493.64582 18.131 0.025
2495.71602 17.756 0.017
2498.51144 18.057 0.019
2500.54470 18.168 0.024
2502.56724 18.163 0.025
2508.66766 17.768 0.021
2512.61373 18.082 0.027
2517.60992 17.767 0.018
2520.58282 17.895 0.023
2526.67157 18.123 0.039
2538.49475 18.124 0.029
2547.59222 17.932 0.030
2552.49523 17.859 0.025
2556.58012 18.126 0.032
2563.58313 17.756 0.034
2574.55225 17.761 0.025
2707.86295 18.177 0.024
2714.90263 17.780 0.017
2729.83684 17.751 0.019
2733.91609 17.817 0.024
2744.91423 18.181 0.022
2753.88950 17.849 0.034
2757.78682 17.816 0.020
2760.93404 17.930 0.030
2767.79148 17.722 0.021
2770.82919 17.943 0.026
2783.72366 18.109 0.021
2785.82749 17.796 0.021
2786.82053 17.909 0.025
2790.68224 18.041 0.020
2796.82930 17.774 0.017
2797.92952 17.758 0.017
2809.71781 17.771 0.024
2810.89223 17.806 0.021
2812.71555 17.967 0.025
2813.80688 17.856 0.020
2814.74664 18.134 0.024
2816.60345 17.811 0.026
2818.58615 17.981 0.020
2820.79052 18.153 0.023
2826.75607 17.838 0.019
2835.63990 17.686 0.023
2837.63654 17.784 0.031
2841.71531 17.905 0.020
2843.64136 17.726 0.020
2845.65602 17.753 0.020
2850.52418 17.838 0.019
2852.53640 17.791 0.025
2854.53696 17.866 0.023
2856.72583 18.080 0.034
2858.68324 17.947 0.026
2859.60381 18.089 0.038
2863.57034 17.815 0.021
2865.67248 18.015 0.025
2867.71630 17.782 0.019
2876.62091 17.895 0.022
2878.67114 17.804 0.029
2884.65436 17.887 0.021
2892.69023 17.793 0.030
2895.66432 17.701 0.017
2904.59715 17.807 0.026
2909.62647 18.049 0.022
2918.54398 18.181 0.033
2930.57242 18.104 0.036
3060.83267 17.846 0.023
3066.83025 17.761 0.026
3068.88775 17.830 0.016
3072.80691 17.854 0.020
3076.79021 18.055 0.035
3077.89633 18.050 0.045
3081.85294 17.960 0.023
3084.81932 17.986 0.019
3086.88273 17.771 0.022
3088.87119 17.806 0.016
3090.78354 18.023 0.018
3097.89897 17.812 0.020
3099.81086 17.751 0.021
3101.88806 17.755 0.018
3103.84783 17.741 0.017
3104.83226 17.896 0.037
3107.83680 17.878 0.020
3108.92112 18.033 0.023
3114.88034 17.983 0.022
3116.78638 17.788 0.019
3124.86401 17.760 0.023
3126.74495 18.137 0.020
3128.62379 17.752 0.021
3130.81363 17.878 0.024
3131.76027 17.780 0.027
3135.76952 17.750 0.015
3138.77805 18.100 0.026
3140.74644 17.851 0.017
3141.80922 17.745 0.023
3142.88240 17.755 0.020
3144.90422 17.774 0.020
3147.74866 18.050 0.027
3151.87642 17.739 0.018
3152.87366 18.158 0.027
3153.88102 17.791 0.022
3156.93306 17.771 0.020
3158.93370 17.816 0.029
3162.89030 18.185 0.027
3163.88750 17.755 0.020
3164.86497 17.985 0.021
3165.64704 17.785 0.014
3167.72942 17.816 0.020
3168.80322 17.761 0.016
3169.78562 18.114 0.026
3171.59093 18.219 0.024
3173.77152 17.903 0.020
3174.82737 17.738 0.016
3175.89057 17.857 0.020
3178.55943 17.845 0.025
3179.83890 18.041 0.023
3180.84613 17.701 0.016
3182.90344 17.867 0.023
3183.87412 18.281 0.038
3184.48268 17.919 0.027
3185.54544 17.762 0.020
3193.67169 18.220 0.037
3194.47711 17.684 0.029
3195.72666 18.005 0.018
3196.76351 17.845 0.018
3197.72295 18.117 0.021
3201.80453 17.738 0.014
3202.74663 17.786 0.017
3203.79569 17.817 0.015
3205.65783 17.779 0.013
3206.67438 17.954 0.017
3210.68126 17.979 0.018
3211.73145 17.967 0.021
3218.71780 17.981 0.027
3224.60692 17.813 0.016
3229.68082 17.808 0.015
3231.72346 17.742 0.022
3239.57720 17.789 0.015
3240.58564 18.038 0.021
3245.69946 18.039 0.043
3247.55918 17.786 0.022
3249.68570 18.126 0.027
3251.58104 17.816 0.017
3254.66407 17.866 0.020
3257.59829 17.819 0.016
3261.53710 18.194 0.023
3265.61237 17.829 0.018
3267.64977 17.909 0.022
3272.49907 18.006 0.023
3276.57950 17.755 0.025
3279.58821 18.128 0.030
3283.52204 17.772 0.017
3289.57500 17.831 0.020
3778.89044 17.816 0.023
