2125.62533 18.584 0.095
2129.70073 18.344 0.039
2132.64227 18.427 0.043
2136.54633 18.638 0.072
2141.55810 18.366 0.042
2144.64737 18.433 0.043
2160.61582 18.418 0.059
2188.50518 18.489 0.079
2211.50985 18.243 0.082
2332.87776 18.478 0.087
2347.84165 18.449 0.044
2357.86918 18.367 0.048
2372.85709 18.406 0.047
2383.88281 18.498 0.046
2388.79973 18.487 0.060
2390.82910 18.456 0.047
2397.70936 18.294 0.042
2401.83849 18.435 0.047
2403.91551 18.480 0.048
2405.90290 18.473 0.051
2414.91328 18.467 0.072
2416.86028 18.401 0.051
2424.83132 18.298 0.047
2428.85625 18.358 0.060
2434.75460 18.411 0.041
2436.80336 18.391 0.047
2438.76410 18.522 0.044
2441.74184 18.429 0.042
2445.64738 18.275 0.038
2448.67239 18.397 0.056
2455.70603 18.473 0.071
2459.62612 18.369 0.036
2463.55746 18.471 0.055
2466.65955 18.364 0.045
2468.68970 18.389 0.041
2470.67227 18.468 0.046
2472.69738 18.511 0.048
2481.57390 18.319 0.061
2484.63643 18.408 0.054
2486.72848 18.545 0.074
2489.60245 18.528 0.045
2490.48631 18.398 0.050
2490.69669 18.338 0.047
2491.48717 18.481 0.091
2492.55008 18.382 0.047
2493.49113 18.466 0.047
2493.65826 18.495 0.050
2495.76013 18.325 0.054
2498.52368 18.333 0.032
2500.56821 18.364 0.039
2502.57939 18.334 0.040
2508.67979 18.336 0.054
2512.62613 18.477 0.054
2517.57998 18.480 0.055
2520.59536 18.411 0.047
2528.50065 18.348 0.053
2538.50706 18.389 0.052
2542.53430 18.304 0.059
2552.50829 18.367 0.056
2556.59241 18.304 0.058
2563.50682 18.511 0.053
2575.53467 18.506 0.070
2707.87955 18.326 0.040
2714.91495 18.424 0.053
2729.84883 18.416 0.057
2734.78931 18.422 0.040
2744.92674 18.423 0.048
2753.90071 18.474 0.054
2757.81296 18.429 0.049
2761.83008 18.386 0.055
2767.80817 18.555 0.074
2775.73450 18.458 0.077
2783.83855 18.324 0.037
2785.76418 18.459 0.054
2787.61449 18.563 0.068
2789.77122 18.354 0.040
2791.72764 18.403 0.043
2794.94181 18.511 0.065
2796.84141 18.365 0.038
2797.90261 18.371 0.064
2809.73057 18.429 0.062
2811.65765 18.487 0.076
2812.72939 18.446 0.081
2813.84297 18.422 0.058
2814.76225 18.412 0.048
2816.62697 18.460 0.042
2818.59818 18.448 0.051
2820.80490 18.471 0.049
2826.76838 18.475 0.057
2835.65677 18.384 0.053
2839.72183 18.380 0.052
2841.73111 18.309 0.041
2843.66169 18.396 0.047
2845.66827 18.355 0.043
2850.53631 18.348 0.040
2852.54873 18.526 0.078
2854.55241 18.476 0.054
2856.74280 18.393 0.079
2858.69544 18.296 0.042
2862.60815 18.378 0.066
2865.71174 18.402 0.065
2868.59794 18.482 0.044
2876.59425 18.486 0.057
2879.64453 18.414 0.052
2884.67488 18.475 0.071
2892.66328 18.403 0.078
2895.63697 18.342 0.039
2900.56519 18.406 0.057
2906.51710 18.419 0.068
2911.54127 18.312 0.052
2918.56527 18.417 0.066
2930.58624 18.548 0.073
3059.82158 18.378 0.051
3064.83838 18.378 0.068
3068.79225 18.420 0.069
3070.87088 18.486 0.059
3073.82695 18.425 0.048
3075.86501 18.311 0.048
3080.76926 18.471 0.053
3082.89293 18.471 0.041
3085.82753 18.445 0.043
3086.89992 18.319 0.038
3088.82013 18.393 0.037
3090.73324 18.457 0.044
3096.88844 18.355 0.057
3098.90833 18.351 0.031
3099.92165 18.424 0.069
3101.76035 18.544 0.075
3103.79334 18.422 0.047
3104.85193 18.384 0.101
3106.86523 18.380 0.052
3108.78526 18.311 0.036
3109.84469 18.513 0.045
3110.85106 16.891 0.014
3112.83636 18.355 0.042
3114.80096 18.493 0.041
3116.88891 18.273 0.049
3122.92695 18.470 0.063
3125.88746 18.468 0.070
3127.83073 18.483 0.055
3128.83691 18.502 0.045
3130.71808 18.516 0.057
3131.68462 18.596 0.090
3134.83213 18.370 0.067
3135.91623 18.391 0.044
3138.67053 18.501 0.054
3139.89572 18.359 0.040
3140.89527 18.438 0.044
3142.78427 18.356 0.040
3144.80438 18.349 0.040
3146.83347 18.471 0.050
3151.76726 18.402 0.048
3151.92322 18.373 0.053
3152.77217 18.425 0.045
3153.77553 18.388 0.052
3154.83980 18.322 0.063
3156.88060 18.298 0.044
3162.59046 18.484 0.069
3163.77143 18.435 0.051
3164.75366 18.585 0.054
3164.88670 18.480 0.062
3165.72726 18.398 0.034
3167.61358 18.690 0.088
3168.87545 18.393 0.046
3169.74341 18.316 0.042
3170.82835 18.452 0.042
3171.79964 18.168 0.026
3172.77059 18.415 0.045
3173.86860 18.481 0.063
3174.72739 18.410 0.037
3175.52856 18.327 0.047
3175.62674 18.404 0.038
3175.68048 18.330 0.032
3175.73613 18.351 0.038
3176.53643 18.276 0.064
3176.69635 18.302 0.051
3177.77661 18.662 0.077
3179.52140 18.383 0.044
3179.90066 18.166 0.047
3180.73850 18.356 0.031
3182.80310 18.312 0.040
3183.75806 18.450 0.055
3184.71910 18.471 0.047
3185.72261 18.379 0.046
3193.55405 18.558 0.051
3194.56571 18.617 0.079
3195.69725 18.402 0.037
3195.81782 18.354 0.040
3196.61871 18.509 0.053
3197.54346 18.351 0.042
3197.84690 18.339 0.064
3199.64061 18.432 0.040
3202.53490 18.463 0.045
3203.67649 18.371 0.035
3204.67090 18.341 0.034
3205.52980 18.360 0.039
3206.73517 18.386 0.043
3209.65515 18.534 0.050
3210.65522 18.470 0.043
3211.62566 18.404 0.046
3217.66987 18.316 0.052
3218.66817 18.383 0.061
3219.62438 18.633 0.092
3223.66938 18.477 0.061
3224.71747 18.567 0.052
3226.63971 18.481 0.056
3228.61869 18.459 0.051
3229.65117 18.505 0.048
3230.68466 18.451 0.044
3231.58866 18.331 0.039
3232.62516 18.312 0.045
3238.63696 18.416 0.057
3239.71600 18.306 0.059
3240.48912 18.397 0.046
3241.67180 18.517 0.062
3245.57299 18.545 0.117
3246.67868 18.435 0.071
3247.59783 18.481 0.062
3249.54535 18.427 0.051
3250.67635 18.495 0.062
3253.64557 18.371 0.061
3256.65556 18.322 0.058
3260.56529 18.362 0.044
3265.49578 18.484 0.067
3267.54945 18.333 0.042
3272.60739 18.299 0.050
3275.50148 18.251 0.079
3278.61731 18.342 0.057
3282.49679 18.429 0.047
3288.56315 18.210 0.041
3293.53375 18.463 0.036
3295.54225 18.513 0.033
3300.52755 18.312 0.060
3312.52806 18.502 0.083
3417.86256 18.556 0.045
3422.88890 18.417 0.042
3426.87994 18.487 0.046
3429.86498 18.389 0.043
3432.90528 18.426 0.055
3442.90784 18.402 0.044
3445.82083 18.410 0.041
3447.87116 18.449 0.050
3449.88803 18.508 0.041
3452.90518 18.420 0.034
3453.77706 18.445 0.064
3455.84766 18.529 0.073
3456.85876 18.459 0.043
3457.77643 18.389 0.048
3458.81999 18.364 0.041
3459.79458 18.292 0.043
3467.89736 18.371 0.038
3469.80701 18.361 0.036
3470.84713 18.372 0.033
3472.77837 18.426 0.038
3473.87341 18.424 0.047
3474.84466 18.406 0.043
3477.78236 18.459 0.042
3478.89665 18.562 0.045
3480.84863 18.534 0.054
3481.84850 18.339 0.030
3483.79292 18.428 0.039
3496.74680 18.327 0.042
3497.81456 18.454 0.051
3498.93577 18.453 0.050
3499.74322 18.386 0.040
3500.74781 18.423 0.038
3501.83852 18.814 0.050
3502.69414 18.398 0.033
3503.70697 18.417 0.036
3504.72134 18.400 0.041
3506.81025 18.571 0.058
3508.80321 18.537 0.049
3509.70660 18.561 0.045
3511.69333 18.596 0.058
3512.76228 18.560 0.056
3517.80271 18.532 0.055
3520.83791 18.455 0.043
3521.65709 18.353 0.032
3522.76732 18.457 0.043
3523.80198 18.332 0.033
3524.78968 18.635 0.055
3525.76933 18.515 0.044
3526.85468 18.402 0.039
3528.57330 18.416 0.050
3530.79874 18.332 0.030
3537.76655 18.334 0.034
3538.69604 18.389 0.035
3540.66999 18.422 0.043
3544.74429 18.635 0.060
3546.86821 18.289 0.068
3547.82839 18.516 0.065
3550.65484 18.350 0.032
3551.65846 18.471 0.028
3552.69163 18.465 0.047
3553.69437 18.475 0.052
3554.68649 18.412 0.049
3555.71305 18.369 0.037
3556.74132 18.444 0.044
3558.57712 18.331 0.039
3558.85447 18.394 0.047
3559.67301 18.597 0.052
3560.62613 18.321 0.033
3561.56644 18.554 0.045
3561.83356 18.349 0.040
3562.61058 18.437 0.046
3562.83344 18.351 0.046
3563.66006 18.342 0.037
3564.55364 18.447 0.052
3569.61236 18.307 0.045
3573.68100 18.396 0.051
3573.70793 18.416 0.047
3574.70896 18.400 0.043
3575.64784 18.401 0.036
3575.79300 18.569 0.060
3576.71028 18.320 0.039
3577.75856 18.369 0.039
3578.69523 18.351 0.036
3579.64056 18.446 0.041
3580.67711 18.478 0.044
3581.69348 18.509 0.041
3582.61926 18.367 0.031
3583.65584 18.404 0.040
3584.66462 18.343 0.035
3585.66271 18.369 0.032
3586.68710 18.298 0.029
3588.74516 18.354 0.040
3589.70653 18.453 0.040
3590.70261 18.547 0.046
3592.67476 18.346 0.031
3597.63451 18.429 0.044
3597.64371 18.481 0.050
3601.67896 18.392 0.047
3602.67914 18.394 0.047
3603.65927 18.367 0.045
3607.65774 18.443 0.044
3608.67373 18.478 0.046
3615.60100 18.433 0.041
3618.60455 18.388 0.039
3620.56780 18.291 0.034
3628.56983 18.260 0.052
3630.58386 18.389 0.055
3632.61132 18.331 0.060
3634.51473 18.411 0.043
3639.52052 18.331 0.033
3641.56725 18.387 0.063
3644.53207 18.487 0.043
3649.51268 18.488 0.050
3651.57356 18.389 0.062
3655.53873 18.574 0.061
3657.53189 18.389 0.051
3659.53369 18.571 0.078
3662.53822 18.458 0.072
3665.49565 18.239 0.049
3671.51159 18.474 0.077
3777.84312 18.481 0.065
3782.87906 18.236 0.035
3785.84073 18.535 0.053
3788.86087 18.372 0.047
3791.82836 18.348 0.054
3793.87052 18.402 0.044
3795.85794 18.607 0.073
3798.82114 18.397 0.043
3799.84532 18.470 0.054
3800.84023 18.507 0.070
3801.89971 18.444 0.049
3802.86528 18.480 0.048
3803.90058 18.331 0.040
3805.81704 18.445 0.044
3806.78328 18.420 0.060
3807.80241 18.409 0.069
3808.81008 18.361 0.045
3809.89517 18.482 0.043
3810.86178 18.384 0.040
3811.85337 18.392 0.043
3812.84947 18.507 0.063
3813.84241 18.458 0.044
3814.84131 18.467 0.039
3817.87454 18.491 0.051
3818.89898 18.507 0.046
3819.81664 18.339 0.033
3820.78629 18.404 0.036
3821.78944 18.509 0.046
3822.82883 18.355 0.038
3823.78899 18.625 0.052
3824.75522 18.390 0.051
3825.82011 18.552 0.056
3826.74859 18.449 0.044
3827.81636 18.450 0.039
3828.79102 18.378 0.057
3829.77316 18.384 0.045
3830.75398 18.552 0.048
3832.76007 18.467 0.040
3833.77323 18.481 0.040
3834.75899 18.348 0.038
3835.74807 18.389 0.043
3836.77915 18.307 0.042
3837.74649 18.301 0.047
3837.91842 18.352 0.037
3838.75826 18.400 0.059
3839.75407 18.520 0.059
3840.72006 18.537 0.062
3840.92505 18.506 0.053
3841.75860 18.476 0.050
3841.90927 18.447 0.044
3842.86350 18.346 0.038
3845.73410 18.417 0.120
3845.92634 18.414 0.057
3846.74486 18.352 0.038
3847.81419 18.445 0.066
3848.76586 18.362 0.036
3849.76503 18.379 0.039
3850.70969 18.656 0.053
3850.88346 18.480 0.051
3851.72431 18.519 0.052
3851.88911 18.419 0.048
3852.71282 18.499 0.052
3852.89509 18.476 0.051
3853.70118 18.361 0.033
3853.86951 18.314 0.030
3856.69128 18.468 0.045
3856.85800 18.452 0.036
3857.92893 18.278 0.045
3858.77762 18.368 0.039
3859.82610 18.359 0.044
3860.68534 18.433 0.053
3860.92419 18.434 0.051
3861.68343 18.310 0.040
3861.78704 18.396 0.035
3862.72015 18.360 0.038
3862.87913 18.398 0.040
3863.65416 18.461 0.054
3863.87502 18.332 0.031
3864.69112 18.423 0.045
3864.88115 18.337 0.032
3865.70193 18.354 0.043
3865.83864 18.385 0.037
3865.91538 18.308 0.032
3866.70037 18.365 0.037
3866.83991 18.416 0.038
3866.91882 18.362 0.033
3867.64321 18.554 0.056
3867.83078 18.480 0.047
3867.90200 18.342 0.040
3868.72629 18.483 0.055
3868.87801 18.515 0.059
3869.70619 18.453 0.050
3869.88721 18.494 0.056
3872.93184 18.528 0.068
3873.65972 18.446 0.045
3873.80252 18.429 0.037
3873.87445 18.385 0.042
3874.75815 18.620 0.060
3875.67183 18.419 0.031
3875.82771 18.519 0.040
3875.91822 18.441 0.042
3876.64906 18.561 0.044
3877.64721 18.367 0.042
3877.79852 18.411 0.033
3877.87242 18.409 0.040
3880.84809 18.334 0.047
3880.92692 18.473 0.054
3881.67728 18.400 0.037
3881.88873 18.487 0.043
3882.58929 18.585 0.073
3882.76559 18.553 0.047
3882.83981 18.322 0.037
3882.90862 18.463 0.036
3883.65497 18.429 0.042
3883.87649 18.345 0.034
3886.61708 18.305 0.041
3886.80987 18.472 0.037
3886.88170 18.418 0.041
3887.59043 18.380 0.045
3887.79302 18.383 0.038
3887.89257 18.298 0.044
3888.60649 18.409 0.049
3889.67285 18.442 0.043
3889.95108 18.571 0.088
3890.65798 18.402 0.038
3891.68255 18.298 0.043
3891.81073 18.407 0.040
3891.89271 18.512 0.045
3892.60771 18.233 0.057
3893.63916 18.365 0.049
3893.88380 18.311 0.049
3894.68668 18.403 0.049
3894.91094 18.539 0.051
3896.62738 18.540 0.082
3900.54565 18.541 0.132
3900.73204 18.473 0.041
3900.81069 18.387 0.043
3900.87935 18.447 0.054
3901.55583 18.556 0.061
3901.73714 18.449 0.054
3901.81442 18.361 0.052
3901.88332 18.520 0.061
3902.58003 18.456 0.048
3902.75797 18.426 0.040
3902.88082 18.423 0.057
3903.66961 18.290 0.037
3904.56684 18.461 0.037
3904.72982 18.282 0.035
3904.79893 18.570 0.041
3904.90107 18.405 0.049
3905.56355 18.416 0.041
3905.74027 18.332 0.032
3905.81030 18.474 0.033
3905.87888 18.232 0.035
3906.57807 18.395 0.045
3906.71873 18.327 0.034
3906.79110 18.390 0.038
3906.87415 18.242 0.044
3907.60885 18.372 0.041
3907.80346 18.332 0.055
3907.87619 18.372 0.071
3908.54500 18.410 0.048
3908.73063 18.350 0.040
3908.81067 18.446 0.038
3908.89381 18.410 0.046
3909.54688 18.310 0.051
3909.55287 18.447 0.046
3909.72955 18.408 0.032
3909.82004 18.413 0.040
3910.59895 18.368 0.038
3912.54598 18.458 0.033
3912.73333 18.485 0.033
3912.82728 18.321 0.031
3913.53747 18.359 0.033
3913.74293 18.458 0.042
3913.83183 18.290 0.030
3914.56128 18.393 0.047
3915.53897 18.346 0.043
3915.74101 18.361 0.036
3915.83919 18.372 0.051
3916.57769 18.512 0.055
3916.82162 18.431 0.046
3917.63287 18.515 0.054
3917.83223 18.557 0.060
3918.61979 18.394 0.041
3918.82989 18.436 0.056
3919.55804 18.524 0.070
3919.77665 18.247 0.034
3920.52440 18.532 0.055
3920.72046 18.522 0.047
3920.80588 18.391 0.038
3921.52055 18.436 0.054
3921.73433 18.688 0.086
3922.72424 18.465 0.062
3930.56514 18.488 0.044
3930.80214 18.469 0.075
3931.51318 18.389 0.051
3932.54077 18.478 0.045
3932.81250 18.489 0.057
3933.52715 18.248 0.035
3933.71164 18.394 0.034
3933.78371 18.517 0.051
3934.50114 18.417 0.044
3934.67111 18.323 0.033
3934.74097 18.426 0.040
3935.55094 18.426 0.045
3935.72234 18.460 0.048
3935.81984 18.318 0.046
3936.50438 18.413 0.053
3936.66987 18.386 0.044
3936.74626 18.388 0.050
3937.57259 18.446 0.059
3938.51211 18.631 0.073
3938.70717 18.477 0.050
3938.81230 18.594 0.073
3940.60007 18.293 0.031
3941.71348 18.656 0.072
3944.56471 18.512 0.042
3944.76508 18.470 0.068
3946.52391 18.338 0.052
3946.71609 18.356 0.045
3950.53251 18.513 0.040
3950.75504 18.427 0.047
3951.53178 18.485 0.050
3956.57848 18.339 0.059
3957.51687 18.402 0.056
3958.58855 18.255 0.041
3959.52864 18.496 0.047
3959.69488 18.462 0.056
3960.50970 18.532 0.046
3960.68879 18.406 0.035
3961.58537 18.429 0.058
3963.54236 18.442 0.041
3963.71972 18.553 0.059
3964.53748 18.358 0.037
3965.52189 18.330 0.035
3965.72078 18.345 0.039
3966.49706 18.375 0.045
3966.69877 18.438 0.048
3967.53549 18.345 0.052
3967.72422 18.425 0.049
3968.50955 18.516 0.053
3968.67953 18.494 0.058
3969.49119 18.526 0.054
3969.69183 18.458 0.049
3970.52542 18.417 0.046
3970.69890 18.486 0.042
3971.56413 18.367 0.053
3973.59038 18.548 0.047
3974.51964 18.364 0.049
3975.52255 18.353 0.037
3975.69921 18.298 0.052
3976.51736 18.298 0.036
3976.69717 18.512 0.068
3979.52697 18.486 0.068
3982.58000 18.479 0.048
3983.55314 18.309 0.075
3986.59442 18.561 0.062
3987.51679 18.404 0.056
3988.52971 18.398 0.036
3989.54034 18.390 0.044
3990.55713 18.412 0.049
3991.51297 18.450 0.048
3993.56461 18.515 0.051
3994.57531 18.392 0.050
3995.58290 18.544 0.048
3999.62023 18.430 0.048
4002.50965 18.422 0.055
4003.50383 18.382 0.038
4004.53795 18.403 0.044
4006.53088 18.315 0.038
4012.51081 18.568 0.064
4016.52642 18.502 0.065
4018.56511 18.246 0.049
4020.55911 18.367 0.056
4023.54978 18.373 0.060
4025.56915 18.532 0.063
4028.50855 18.397 0.057
4031.50868 18.469 0.063
4038.51398 18.549 0.077
4041.51297 18.373 0.067
4043.52076 18.474 0.081
4141.88797 18.412 0.068
4150.86941 18.374 0.052
4155.84170 18.506 0.056
4157.89690 18.514 0.052
4159.90695 18.416 0.072
4162.85418 18.421 0.064
4164.89406 18.377 0.045
4166.91005 18.407 0.078
4167.82166 18.370 0.057
4169.82874 18.338 0.045
4174.84331 18.542 0.052
4176.82500 18.452 0.045
4177.87865 18.563 0.054
4179.77645 18.399 0.049
4180.82317 18.404 0.058
4181.91136 18.429 0.042
4183.79032 18.417 0.048
4184.85837 18.473 0.041
4185.83773 18.473 0.050
4190.85611 18.382 0.050
4192.86843 18.376 0.046
4193.87936 18.311 0.044
4194.90094 18.277 0.040
4196.92128 18.353 0.048
4202.87071 18.336 0.036
4203.85885 18.387 0.036
4204.85802 18.391 0.041
4205.85455 18.438 0.045
4207.85818 18.435 0.037
4208.88784 18.453 0.042
4213.85593 18.408 0.039
4215.89348 18.380 0.045
4216.81432 18.422 0.048
4217.83665 18.422 0.034
4218.87743 18.510 0.050
4219.91840 18.517 0.065
4220.85584 18.316 0.055
4222.82518 18.339 0.039
4228.81316 18.362 0.059
4229.79200 18.326 0.047
4230.77896 18.358 0.034
4231.80105 18.384 0.038
4232.80929 18.470 0.060
4234.75350 18.355 0.048
4235.77836 18.362 0.042
4238.80144 18.362 0.048
4239.90035 18.494 0.069
4243.69595 18.342 0.054
4244.85776 18.385 0.047
4245.85100 18.397 0.042
4246.90576 18.346 0.047
4250.87159 18.392 0.065
4256.71664 18.445 0.066
4258.71403 18.503 0.049
4268.61753 18.355 0.057
4269.65766 18.365 0.045
4272.70830 18.358 0.037
4273.66837 18.413 0.050
4274.65206 18.492 0.054
4275.70895 18.312 0.049
4277.60802 18.356 0.050
4278.68230 18.580 0.066
4283.62769 18.382 0.046
4284.61153 18.481 0.057
4285.61828 18.430 0.064
4286.71213 18.359 0.060
4289.65762 18.468 0.060
4290.70820 18.523 0.068
4291.73582 18.474 0.055
4292.59690 18.555 0.044
4293.62437 18.464 0.040
4294.59613 18.515 0.054
4295.62548 18.492 0.045
4296.60495 18.420 0.039
4297.59875 18.336 0.036
4298.70828 18.545 0.051
4299.67526 18.526 0.042
4300.80009 18.360 0.053
4301.47760 18.427 0.052
4302.75670 18.481 0.046
4307.59175 18.348 0.048
4310.74148 18.451 0.069
4312.63753 18.312 0.040
4315.67139 18.442 0.068
4317.62487 18.424 0.048
4319.63265 18.378 0.046
4320.73404 18.597 0.068
4326.64362 18.524 0.056
4327.67143 18.468 0.069
4328.61248 18.411 0.049
4328.74487 18.317 0.065
4329.60377 18.421 0.058
4330.58600 18.445 0.050
4331.61245 18.335 0.047
4332.60985 18.447 0.052
4333.61293 18.393 0.053
4334.60717 18.373 0.071
4338.64711 18.414 0.063
4339.61613 18.366 0.051
4340.52771 18.541 0.080
4341.61452 18.392 0.067
4342.65077 18.308 0.049
4343.63013 18.383 0.049
4344.67957 18.340 0.051
4345.62995 18.428 0.059
4346.63524 18.435 0.052
4347.64927 18.511 0.053
4349.62105 18.485 0.048
4351.61973 18.438 0.068
4353.64285 18.461 0.086
4357.63116 18.510 0.062
4359.60230 18.412 0.056
4367.60138 18.444 0.077
4370.60036 18.292 0.051
4372.57241 18.412 0.051
4380.58214 18.338 0.046
4515.87738 18.537 0.067
4519.84893 18.330 0.060
4520.84134 18.490 0.074
4523.83970 18.521 0.066
4524.89077 18.466 0.050
4530.88028 18.339 0.037
4534.82698 18.490 0.067
4536.82666 18.397 0.055
4538.84505 18.369 0.044
4540.87488 18.377 0.039
4542.90124 18.375 0.040
4543.86266 18.413 0.038
4544.85946 18.435 0.038
4545.87701 18.566 0.053
4546.91193 18.425 0.046
4550.85078 18.435 0.050
4551.90858 18.382 0.054
4552.90553 18.287 0.046
4556.86984 18.468 0.042
4557.89589 18.408 0.035
4558.83095 18.322 0.037
4559.86012 18.327 0.037
4560.86059 18.357 0.035
4561.84946 18.332 0.031
4564.85363 18.450 0.039
4565.84255 18.438 0.034
4566.84460 18.416 0.037
4567.84888 18.384 0.036
4568.87891 18.527 0.049
4569.86481 18.319 0.039
4570.87011 18.312 0.038
4571.83559 18.368 0.038
4572.87339 18.369 0.064
4573.84916 18.427 0.039
4574.85128 18.504 0.055
4575.86298 18.480 0.046
4579.91529 18.490 0.054
4583.83510 18.506 0.054
4586.81558 18.463 0.057
4587.85337 18.425 0.048
4588.74170 18.504 0.049
4589.77544 18.425 0.048
4590.78983 18.434 0.048
4591.76707 18.532 0.048
4592.77923 18.458 0.050
4593.76463 18.364 0.043
4594.79298 18.386 0.039
4595.78349 18.352 0.037
4596.80403 18.382 0.042
4597.80128 18.359 0.040
4598.77060 18.312 0.033
4599.75007 18.502 0.041
4600.75562 18.425 0.035
4601.76025 18.464 0.039
4602.75781 18.440 0.038
4606.77849 18.319 0.038
4610.88072 18.390 0.045
4611.74190 18.468 0.043
4611.92845 18.463 0.055
4616.73073 18.381 0.040
4617.89868 18.413 0.065
4622.71053 18.354 0.055
4623.79035 18.568 0.073
4624.72917 18.348 0.043
4625.71050 18.360 0.050
4626.76543 18.356 0.058
4627.68982 18.506 0.037
4628.68000 18.405 0.037
4629.74569 18.477 0.043
4630.68551 18.340 0.040
4631.70382 18.339 0.032
4632.72652 18.362 0.039
4633.86639 18.282 0.055
4639.80691 18.370 0.070
4640.78245 18.331 0.041
4641.86768 18.224 0.056
4642.70536 18.329 0.043
4643.67146 18.340 0.045
4644.75453 18.373 0.045
4645.67324 18.519 0.050
4646.64093 18.412 0.035
4647.65193 18.417 0.040
4648.65325 18.298 0.037
4648.76264 18.374 0.042
4649.64625 18.344 0.038
4650.67771 18.354 0.044
4651.68856 18.390 0.051
4652.61744 18.528 0.051
4653.61132 18.526 0.050
4654.65048 18.401 0.041
4655.61476 18.420 0.045
4656.61799 18.412 0.047
4658.77522 18.443 0.061
4660.72489 18.528 0.071
4661.60737 18.390 0.041
4666.54013 18.369 0.050
4671.66402 18.301 0.042
4672.62351 18.361 0.046
4674.65167 18.449 0.052
4677.67637 18.528 0.069
4681.67966 18.389 0.051
4682.63535 18.428 0.047
4683.63323 18.486 0.050
4684.65178 18.397 0.051
4685.67790 18.337 0.037
4686.75044 18.345 0.045
4687.66593 18.439 0.051
4688.61211 18.333 0.046
4694.69616 18.522 0.077
4697.61744 18.535 0.069
4698.63902 18.463 0.057
4700.63424 18.243 0.049
4701.61714 18.376 0.050
4702.63197 18.401 0.053
4704.69319 18.220 0.052
4708.65358 18.457 0.052
4710.67150 18.246 0.046
4720.58466 18.286 0.048
4721.61929 18.398 0.073
4724.63697 18.441 0.066
4725.65291 18.517 0.085
4726.61315 18.559 0.077
4726.63033 18.522 0.069
4733.57737 18.552 0.067
4738.53747 18.479 0.058
4741.61954 18.478 0.053
4755.55861 18.468 0.078
4763.50032 18.369 0.060
4774.51398 18.266 0.057
4776.50888 18.405 0.081
4876.87365 18.417 0.051
4883.85944 18.661 0.063
4885.89967 18.543 0.083
4888.85390 18.351 0.047
4892.84798 18.547 0.072
4898.81825 18.374 0.054
4901.82111 18.430 0.049
4902.90996 18.306 0.046
4903.86847 18.456 0.041
4905.86486 18.578 0.067
4912.84967 18.518 0.038
4914.89571 18.499 0.045
4924.74560 18.374 0.039
4925.86333 18.502 0.045
4928.75359 18.504 0.051
4930.79764 18.437 0.052
4931.84210 18.364 0.045
4932.85063 18.464 0.044
4933.84552 18.498 0.051
4934.90134 18.410 0.082
4938.82544 18.394 0.069
4940.76694 18.474 0.050
4941.80267 18.470 0.050
4942.74574 18.394 0.038
4944.74808 18.373 0.041
4945.80115 18.348 0.033
4950.86094 18.370 0.042
4953.84033 18.510 0.057
4954.80999 18.424 0.041
4955.80138 18.307 0.045
