2125.53977 15.739 0.009
2129.62312 15.720 0.007
2132.56739 15.717 0.007
2135.70504 15.730 0.006
2140.66302 15.729 0.007
2144.54739 15.749 0.007
2160.53646 15.742 0.008
2168.60389 15.717 0.007
2187.51327 15.728 0.008
2206.50895 15.740 0.009
2331.84956 15.719 0.007
2346.89588 15.719 0.007
2358.81957 15.721 0.007
2365.91969 15.730 0.008
2372.78175 15.712 0.007
2382.90586 15.729 0.007
2386.84916 15.720 0.008
2390.79230 15.721 0.007
2397.75433 15.720 0.007
2401.77911 15.720 0.007
2403.83515 15.734 0.007
2405.80360 15.739 0.007
2414.78053 15.726 0.007
2416.75488 15.729 0.007
2424.84660 15.739 0.008
2428.74891 15.740 0.006
2432.79208 15.730 0.009
2434.65988 15.743 0.007
2436.70550 15.715 0.007
2438.68382 15.714 0.007
2440.78805 15.740 0.007
2443.69061 15.724 0.007
2445.57171 15.734 0.007
2448.54505 15.727 0.010
2453.80721 15.723 0.007
2459.49855 15.724 0.007
2463.47967 15.724 0.008
2464.70977 15.728 0.007
2467.61274 15.721 0.008
2469.62714 15.715 0.006
2471.63895 15.732 0.007
2473.60003 15.723 0.007
2483.66888 15.732 0.008
2486.65225 15.728 0.008
2490.61884 15.729 0.008
2493.57862 15.734 0.007
2495.65268 15.710 0.007
2497.70856 15.723 0.007
2499.75545 15.735 0.007
2502.49907 15.718 0.007
2508.59395 15.714 0.007
2512.55029 15.729 0.007
2517.65101 15.731 0.007
2520.50975 15.747 0.007
2526.60325 15.727 0.007
2537.58592 15.738 0.009
2541.58404 15.741 0.007
2547.52212 15.719 0.008
2551.55830 15.726 0.008
2556.51306 15.723 0.008
2563.54655 15.723 0.007
2574.52585 15.721 0.008
2705.88942 15.728 0.007
2706.85529 15.735 0.007
2714.83961 15.723 0.007
2728.86949 15.730 0.007
2733.85237 15.721 0.007
2752.89856 15.726 0.007
2756.86960 15.709 0.007
2760.83785 15.707 0.007
2766.86979 15.733 0.007
2770.75743 15.739 0.007
2783.75821 15.714 0.007
2785.86981 15.724 0.006
2786.87187 15.721 0.009
2789.67788 15.709 0.007
2791.64049 15.722 0.007
2794.79412 15.713 0.007
2796.74488 15.718 0.007
2808.88531 15.737 0.010
2809.88968 15.718 0.008
2810.81672 15.723 0.007
2811.85392 15.716 0.007
2815.77233 15.725 0.007
2817.72522 15.712 0.007
2818.78818 15.740 0.008
2820.66047 15.725 0.007
2826.67354 15.735 0.004
2834.71134 15.739 0.009
2835.82877 15.738 0.008
2837.56669 15.748 0.008
2839.60355 15.719 0.007
2841.62090 15.723 0.007
2843.55354 15.733 0.007
2845.58896 15.724 0.008
2849.74146 15.731 0.008
2849.76907 15.725 0.008
2851.75184 15.726 0.008
2853.75469 15.723 0.008
2856.64343 15.742 0.007
2858.61879 15.720 0.008
2859.61280 15.714 0.009
2860.74087 15.722 0.009
2863.57705 15.727 0.007
2866.66907 15.736 0.008
2869.66012 15.720 0.006
2872.65465 15.731 0.007
2877.62387 15.744 0.007
2883.59948 15.733 0.007
2890.65596 15.752 0.009
2892.58940 15.739 0.009
2896.61105 15.715 0.007
2902.57811 15.738 0.009
2907.55249 15.728 0.008
2917.54014 15.749 0.008
2922.51675 15.734 0.008
2923.52895 15.712 0.007
2924.52627 15.736 0.007
2925.51447 15.729 0.007
2926.54505 15.738 0.007
2927.51523 15.722 0.008
2928.52990 15.723 0.007
2929.52747 15.753 0.010
2934.52948 15.728 0.008
2941.52545 15.714 0.008
2943.49773 15.730 0.010
2945.52439 15.727 0.009
2946.49849 15.738 0.009
2947.53105 15.768 0.010
2949.50880 15.759 0.010
2950.50297 15.722 0.009
3051.84676 15.734 0.008
3058.84188 15.730 0.007
3063.83656 15.721 0.007
3067.84045 15.725 0.007
3070.79985 15.734 0.009
3072.87869 15.716 0.006
3075.77561 15.739 0.007
3079.83205 15.720 0.007
3082.79211 15.750 0.007
3084.84890 15.717 0.006
3086.77996 15.722 0.006
3087.89329 15.730 0.007
3089.80158 15.729 0.006
3091.76369 15.739 0.006
3096.79345 15.735 0.007
3098.80497 15.717 0.006
3100.86032 15.718 0.006
3102.81629 15.720 0.007
3103.89160 15.733 0.007
3106.76913 15.727 0.007
3107.91597 15.729 0.006
3109.73758 15.742 0.006
3110.77886 15.726 0.007
3112.74776 15.730 0.006
3113.81697 15.714 0.006
3115.81558 15.735 0.006
3118.87264 15.718 0.007
3122.82321 15.731 0.007
3125.80366 15.723 0.008
3126.83454 15.735 0.006
3127.74517 15.731 0.007
3128.76756 15.731 0.006
3129.74237 15.721 0.007
3130.92043 15.728 0.007
3131.77631 15.724 0.007
3134.71262 15.741 0.009
3135.80810 15.734 0.006
3137.86019 15.723 0.007
3138.81777 15.728 0.006
3139.81260 15.722 0.006
3140.81915 15.741 0.006
3142.71405 15.716 0.006
3144.73644 15.736 0.006
3146.70618 15.742 0.007
3151.69592 15.729 0.007
3152.70055 15.734 0.006
3152.91332 15.760 0.008
3153.70455 15.745 0.007
3154.75970 15.728 0.007
3156.74613 15.725 0.006
3158.80613 15.740 0.007
3162.75354 15.726 0.006
3162.93983 15.735 0.008
3163.71546 15.708 0.006
3163.93905 15.729 0.008
3164.67924 15.749 0.006
3165.80104 15.746 0.005
3166.83066 15.739 0.008
3168.71215 15.718 0.006
3168.92840 15.739 0.007
3169.66860 15.735 0.006
3170.74148 15.718 0.006
3171.69291 15.738 0.006
3172.67974 15.719 0.006
3174.65655 15.705 0.006
3175.65842 15.734 0.006
3176.70537 15.739 0.007
3178.72099 15.752 0.007
3179.59891 15.729 0.006
3179.85467 15.746 0.007
3180.64961 15.716 0.006
3182.71977 15.733 0.006
3183.66446 15.727 0.007
3184.64410 15.719 0.006
3185.80208 15.713 0.007
3193.81684 15.725 0.007
3194.63565 15.717 0.007
3195.61400 15.726 0.006
3196.68951 15.763 0.007
3196.77841 15.723 0.006
3196.79609 15.714 0.006
3196.85559 15.730 0.007
3197.48697 15.730 0.007
3197.58961 15.737 0.006
3197.65705 15.718 0.006
3197.73699 15.722 0.006
3197.80152 15.750 0.007
3198.66720 15.743 0.005
3199.57517 15.727 0.007
3199.72355 15.744 0.007
3201.49404 15.726 0.006
3202.58682 15.750 0.006
3203.71053 15.734 0.006
3204.70615 15.721 0.006
3205.63115 15.741 0.006
3206.61273 15.729 0.006
3210.60288 15.700 0.007
3211.67490 15.719 0.007
3212.64359 15.742 0.008
3217.59893 15.713 0.006
3218.59821 15.737 0.007
3219.65739 15.751 0.008
3223.59544 15.761 0.008
3224.64517 15.720 0.006
3226.55799 15.713 0.006
3228.51659 15.700 0.006
3229.57473 15.730 0.006
3230.61344 15.734 0.006
3231.51445 15.722 0.007
3232.48826 15.734 0.008
3239.52308 15.714 0.006
3240.60050 15.722 0.007
3241.60475 15.724 0.011
3244.70129 15.725 0.009
3245.48926 15.744 0.007
3246.59720 15.745 0.007
3247.66786 15.733 0.007
3248.66104 15.720 0.007
3250.60046 15.735 0.007
3253.59331 15.723 0.006
3256.57586 15.730 0.007
3259.56847 15.760 0.007
3264.51198 15.740 0.007
3266.59401 15.748 0.008
3272.54325 15.722 0.007
3274.57281 15.725 0.007
3278.54690 15.741 0.007
3281.48854 15.738 0.008
3287.55575 15.751 0.006
3292.54453 15.729 0.006
3415.87928 15.728 0.006
3420.87953 15.729 0.006
3425.85472 15.722 0.007
3428.86049 15.718 0.006
3430.89733 15.722 0.006
3442.83397 15.728 0.006
3444.88782 15.712 0.006
3446.91640 15.745 0.008
3449.81356 15.718 0.006
3452.83452 15.745 0.006
3454.88812 15.733 0.006
3457.82642 15.724 0.007
3459.77161 15.727 0.007
3468.82350 15.746 0.006
3469.83051 15.737 0.006
3471.91078 15.739 0.007
3473.82596 15.738 0.007
3476.71859 15.726 0.006
3478.78423 15.724 0.006
3479.92150 15.714 0.005
3481.76286 15.733 0.006
3483.89647 15.738 0.006
3484.72142 15.714 0.007
3496.79786 15.724 0.006
3497.73557 15.732 0.006
3499.92552 15.739 0.005
3500.79461 15.740 0.006
3501.78838 15.702 0.005
3502.76128 15.742 0.006
3503.73032 15.734 0.005
3504.81998 15.725 0.006
3506.88496 15.732 0.006
3508.83560 15.718 0.006
3509.78531 15.751 0.006
3511.74290 15.741 0.006
3512.78656 15.724 0.007
3517.86001 15.736 0.006
3520.81425 15.730 0.006
3521.62394 15.743 0.006
3522.67828 15.752 0.006
3523.72036 15.719 0.005
3524.70916 15.737 0.006
3525.69105 15.735 0.006
3526.77350 15.727 0.006
3527.77840 15.742 0.006
3528.72119 15.722 0.006
3528.78286 15.747 0.006
3529.61114 15.710 0.006
3529.64325 15.734 0.006
3529.78366 15.738 0.006
3529.85427 15.723 0.006
3529.91247 15.730 0.006
3530.55735 15.741 0.006
3530.63306 15.727 0.006
3530.68629 15.724 0.005
3530.81641 15.740 0.006
3530.88468 15.727 0.006
3536.87733 15.742 0.006
3536.89306 15.716 0.006
3537.68183 15.730 0.006
3538.66494 15.736 0.006
3541.81548 15.742 0.006
3547.70700 15.741 0.007
3550.58104 15.724 0.006
3551.77046 15.717 0.005
3552.60759 15.707 0.005
3553.74012 15.723 0.007
3554.77708 15.741 0.007
3555.75125 15.737 0.006
3556.81699 15.745 0.007
3558.47991 15.723 0.007
3558.77917 15.734 0.006
3559.54762 15.759 0.007
3560.51063 15.726 0.006
3561.48803 15.730 0.007
3562.53457 15.741 0.006
3563.58956 15.735 0.006
3564.61768 15.723 0.006
3569.50574 15.725 0.009
3573.58294 15.737 0.007
3574.63942 15.744 0.007
3575.62445 15.723 0.006
3576.60471 15.735 0.006
3577.66683 15.741 0.005
3578.61387 15.719 0.006
3579.57110 15.725 0.006
3580.59256 15.726 0.006
3581.62088 15.745 0.006
3582.56914 15.722 0.006
3583.58614 15.747 0.006
3584.59513 15.712 0.005
3585.58532 15.737 0.006
3586.63118 15.747 0.006
3589.62397 15.713 0.005
3590.59268 15.742 0.006
3591.65460 15.725 0.006
3593.52756 15.712 0.006
3594.64362 15.724 0.006
3601.57606 15.732 0.006
3602.59301 15.728 0.006
3603.59009 15.732 0.006
3604.59397 15.750 0.006
3606.60967 15.746 0.007
3607.58206 15.724 0.006
3608.59093 15.749 0.006
3615.50372 15.713 0.006
3618.62842 15.754 0.006
3620.51683 15.712 0.006
3622.49584 15.737 0.006
3628.62459 15.722 0.007
3630.50997 15.731 0.007
3631.64017 15.718 0.008
3633.49529 15.745 0.007
3637.58529 15.732 0.007
3639.60258 15.727 0.006
3641.49758 15.732 0.007
3643.57408 15.753 0.008
3648.48999 15.741 0.007
3651.54597 15.755 0.008
3654.49904 15.723 0.008
3656.49583 15.746 0.007
3658.52987 15.756 0.008
3661.52777 15.741 0.008
3668.50082 15.721 0.007
3674.51462 15.737 0.007
3775.85940 15.705 0.007
3780.88419 15.732 0.007
3786.85818 15.719 0.007
3787.83305 15.742 0.007
3790.86369 15.732 0.007
3792.86033 15.742 0.005
3794.81729 15.727 0.007
3795.89659 15.718 0.006
3797.89679 15.716 0.006
3799.85167 15.732 0.007
3800.87801 15.724 0.006
3801.86017 15.731 0.006
3802.82576 15.717 0.006
3803.86100 15.733 0.006
3805.77711 15.729 0.007
3806.79720 15.716 0.006
3807.81093 15.722 0.007
3808.77063 15.713 0.007
3809.77344 15.725 0.007
3810.81804 15.728 0.006
3811.81405 15.720 0.007
3812.80575 15.743 0.007
3813.77835 15.718 0.006
3814.79862 15.727 0.006
3817.82901 15.734 0.006
3818.86080 15.710 0.006
3819.77645 15.719 0.006
3820.74670 15.715 0.006
3820.91417 15.734 0.006
3821.74716 15.738 0.006
3822.78930 15.703 0.006
3823.74815 15.728 0.006
3824.76287 15.713 0.007
3825.77647 15.737 0.007
3826.75637 15.735 0.006
3827.75764 15.727 0.007
3828.73894 15.727 0.007
3829.78779 15.726 0.006
3830.70165 15.737 0.007
3831.70556 15.721 0.006
3832.72655 15.739 0.006
3833.73203 15.706 0.006
3834.70492 15.747 0.007
3835.71074 15.733 0.007
3835.89679 15.720 0.006
3836.73914 15.721 0.007
3836.90675 15.725 0.006
3837.70566 15.734 0.008
3837.87791 15.710 0.006
3838.71312 15.732 0.008
3839.71447 15.740 0.008
3839.90098 15.720 0.007
3840.72645 15.714 0.007
3840.88524 15.737 0.006
3841.68440 15.744 0.008
3841.91577 15.723 0.006
3842.70003 15.730 0.010
3842.81651 15.735 0.006
3845.69410 15.739 0.010
3845.87675 15.770 0.009
3846.67454 15.723 0.007
3847.77131 15.715 0.007
3847.92660 15.739 0.008
3848.72625 15.753 0.006
3849.68998 15.724 0.006
3849.92486 15.720 0.006
3850.66821 15.735 0.006
3850.84119 15.718 0.006
3850.91274 15.732 0.006
3851.68192 15.716 0.007
3851.84769 15.735 0.007
3852.67319 15.733 0.007
3852.90166 15.736 0.007
3853.66146 15.715 0.007
3853.82909 15.718 0.005
3853.90054 15.708 0.006
3854.70124 15.722 0.006
3855.69542 15.731 0.005
3856.65143 15.723 0.006
3856.81783 15.718 0.006
3857.88766 15.725 0.005
3858.67400 15.709 0.006
3859.76565 15.724 0.006
3860.78672 15.738 0.007
3860.93400 15.709 0.006
3861.64032 15.749 0.007
3861.74726 15.725 0.006
3862.63747 15.724 0.007
3862.83336 15.709 0.006
3862.90941 15.718 0.006
3863.66095 15.715 0.006
3863.88121 15.726 0.006
3864.63857 15.731 0.007
3864.84146 15.725 0.006
3865.70888 15.720 0.006
3865.85143 15.719 0.006
3865.92149 15.715 0.006
3866.66054 15.739 0.006
3866.80012 15.712 0.006
3866.87006 15.709 0.006
3867.67542 15.713 0.006
3867.86102 15.720 0.006
3867.93444 15.714 0.006
3868.68335 15.732 0.007
3868.82736 15.713 0.007
3868.90719 15.740 0.007
3869.66025 15.718 0.007
3869.84262 15.720 0.006
3872.74472 15.714 0.006
3873.66643 15.742 0.006
3873.80872 15.725 0.006
3873.88059 15.716 0.006
3874.71828 15.718 0.006
3874.89227 15.721 0.006
3875.67815 15.742 0.006
3875.83386 15.702 0.006
3875.92427 15.730 0.006
3876.59879 15.737 0.006
3877.68285 15.712 0.006
3877.83163 15.724 0.006
3877.90569 15.736 0.007
3879.63883 15.723 0.006
3880.80809 15.722 0.006
3880.88716 15.718 0.006
3881.63358 15.728 0.006
3881.84915 15.740 0.006
3881.89577 15.735 0.006
3882.61855 15.723 0.006
3882.77203 15.725 0.006
3882.84592 15.725 0.006
3882.91469 15.735 0.006
3883.60197 15.732 0.007
3883.80310 15.736 0.006
3886.56511 15.737 0.006
3886.76663 15.726 0.006
3886.84192 15.732 0.006
3886.93984 15.721 0.007
3887.61917 15.713 0.006
3887.74567 15.736 0.006
3887.84977 15.722 0.006
3887.92184 15.726 0.006
3888.92668 15.723 0.006
3889.63320 15.727 0.006
3889.90810 15.718 0.006
3890.67583 15.715 0.006
3891.64258 15.735 0.006
3891.76435 15.725 0.007
3891.84656 15.709 0.006
3892.66149 15.709 0.006
3892.89243 15.715 0.006
3893.57721 15.753 0.007
3893.82076 15.723 0.007
3893.92846 15.736 0.008
3894.63693 15.717 0.007
3894.85277 15.717 0.006
3896.57346 15.700 0.007
3896.83082 15.722 0.008
3900.50128 15.709 0.007
3900.68669 15.717 0.006
3900.77101 15.710 0.006
3900.83951 15.726 0.006
3901.50363 15.736 0.007
3901.51611 15.734 0.007
3901.69226 15.722 0.006
3901.77001 15.729 0.006
3901.84311 15.726 0.007
3902.52764 15.736 0.007
3902.71415 15.718 0.006
3902.81707 15.724 0.006
3903.62499 15.717 0.006
3903.86482 15.706 0.006
3904.52695 15.732 0.007
3904.68943 15.705 0.005
3904.75890 15.732 0.006
3904.83169 15.734 0.006
3905.51702 15.717 0.006
3905.52381 15.729 0.007
3905.63069 15.728 0.006
3905.70018 15.740 0.006
3905.77045 15.714 0.006
3905.83902 15.720 0.006
3906.53168 15.748 0.007
3906.72458 15.727 0.006
3906.75330 15.732 0.006
3906.79414 15.735 0.006
3906.82055 15.743 0.006
3906.84649 15.732 0.006
3906.86471 15.731 0.007
3906.88627 15.722 0.007
3906.90356 15.716 0.006
3907.51382 15.731 0.008
3907.58872 15.730 0.006
3907.75130 15.744 0.007
3907.83573 15.727 0.007
3908.50397 15.742 0.007
3908.69001 15.721 0.006
3908.76775 15.735 0.006
3908.85045 15.723 0.006
3909.50359 15.706 0.008
3909.68202 15.705 0.005
3909.77675 15.719 0.006
3909.85639 15.740 0.006
3910.52132 15.714 0.007
3912.49855 15.709 0.006
3912.68993 15.730 0.005
3912.78128 15.713 0.005
3912.86916 15.717 0.006
3913.49140 15.718 0.006
3913.69330 15.717 0.006
3913.78877 15.733 0.006
3913.87478 15.723 0.007
3914.51740 15.711 0.007
3914.74900 15.722 0.005
3915.49314 15.738 0.007
3915.69745 15.716 0.006
3915.78935 15.736 0.006
3916.53789 15.741 0.007
3916.83375 15.717 0.006
3917.53884 15.737 0.007
3917.78884 15.733 0.007
3918.51613 15.739 0.007
3918.78573 15.743 0.007
3919.49096 15.750 0.007
3919.72342 15.743 0.005
3920.48072 15.734 0.007
3920.67731 15.724 0.006
3920.75935 15.719 0.006
3921.48072 15.734 0.007
3921.67819 15.757 0.007
3921.76646 15.738 0.007
3922.67268 15.727 0.007
3930.47819 15.714 0.006
3930.73724 15.734 0.007
3931.46572 15.742 0.007
3932.49727 15.721 0.007
3932.77258 15.725 0.006
3933.47516 15.740 0.006
3933.66664 15.727 0.005
3933.74362 15.722 0.006
3934.46103 15.712 0.008
3934.67787 15.723 0.006
3934.74686 15.707 0.006
3935.46519 15.727 0.009
3935.50412 15.715 0.007
3935.67790 15.758 0.007
3935.75087 15.729 0.006
3936.46435 15.739 0.008
3936.62965 15.720 0.006
3936.70623 15.727 0.006
3937.47060 15.731 0.007
3937.74763 15.731 0.007
3938.46898 15.761 0.008
3938.65682 15.714 0.006
3938.74584 15.725 0.006
3939.53650 15.715 0.005
3940.65474 15.723 0.006
3940.78554 15.725 0.006
3942.52237 15.724 0.006
3944.50165 15.699 0.006
3945.48517 15.740 0.006
3945.68475 15.708 0.006
3945.74059 15.724 0.006
3946.48651 15.719 0.006
3946.67285 15.737 0.006
3946.75025 15.724 0.006
3950.48459 15.725 0.006
3950.69431 15.721 0.006
3951.48441 15.725 0.006
3951.71693 15.733 0.006
3955.50501 15.729 0.008
3956.51541 15.740 0.008
3957.47758 15.719 0.006
3959.47302 15.732 0.007
3959.65544 15.724 0.006
3960.47038 15.710 0.007
3960.64940 15.733 0.006
3960.72153 15.720 0.006
3961.52685 15.744 0.007
3963.50306 15.732 0.006
3963.67465 15.717 0.006
3964.48737 15.719 0.006
3964.69603 15.727 0.006
3965.47636 15.741 0.006
3965.66892 15.733 0.006
3966.50262 15.735 0.006
3966.65934 15.726 0.006
3967.48788 15.733 0.007
3967.68169 15.740 0.006
3968.46820 15.741 0.007
3968.64004 15.730 0.006
3968.70923 15.722 0.006
3969.49671 15.715 0.007
3969.65049 15.748 0.006
3970.47735 15.753 0.006
3970.65830 15.712 0.006
3971.50014 15.735 0.007
3971.69156 15.730 0.006
3973.54120 15.739 0.007
3974.47706 15.730 0.007
3974.65616 15.736 0.006
3975.47461 15.738 0.008
3975.65124 15.715 0.006
3976.47652 15.721 0.006
3976.64375 15.746 0.007
3979.47100 15.741 0.009
3982.53567 15.731 0.007
3983.48613 15.737 0.008
3986.54928 15.723 0.007
3987.47730 15.738 0.007
3987.63816 15.724 0.006
3988.47977 15.730 0.006
3990.61132 15.733 0.007
3993.58132 15.741 0.007
3995.53799 15.724 0.006
3996.53645 15.729 0.007
3999.55873 15.713 0.006
4003.50933 15.722 0.006
4004.48458 15.727 0.006
4006.49134 15.734 0.007
4011.58807 15.730 0.008
4012.53939 15.746 0.007
4016.48686 15.749 0.007
4018.49425 15.760 0.007
4020.50145 15.718 0.007
4023.51034 15.760 0.008
4025.52980 15.727 0.006
4027.53468 15.716 0.007
4030.52648 15.755 0.007
4036.50772 15.730 0.008
4039.52133 15.774 0.007
4042.51888 15.698 0.008
4140.87575 15.712 0.009
4149.86860 15.715 0.007
4153.85494 15.709 0.007
4155.89092 15.722 0.007
4158.85289 15.713 0.007
4161.81967 15.742 0.008
4162.90220 15.729 0.007
4164.80937 15.720 0.007
4165.88974 15.718 0.008
4167.89376 15.712 0.007
4169.89733 15.711 0.007
4174.89978 15.713 0.007
4176.87327 15.712 0.007
4178.76554 15.712 0.007
4179.82441 15.735 0.007
4180.90373 15.742 0.008
4182.80556 15.716 0.007
4182.90568 15.721 0.006
4183.75055 15.730 0.007
4183.84172 15.701 0.007
4184.75338 15.729 0.007
4184.83752 15.735 0.007
4184.88216 15.730 0.006
4184.91632 15.711 0.007
4185.74994 15.728 0.007
4185.78017 15.714 0.007
4185.81402 15.705 0.007
4185.85510 15.718 0.007
4185.85811 15.714 0.007
4186.90472 15.721 0.008
4187.84643 15.721 0.008
4187.86727 15.732 0.008
4187.87111 15.737 0.008
4187.88133 15.732 0.008
4187.89452 15.733 0.008
4187.90653 15.737 0.008
4187.91987 15.732 0.008
4189.80123 15.731 0.008
4189.83970 15.725 0.007
4189.87909 15.751 0.007
4189.88515 15.737 0.008
4189.91612 15.738 0.008
4190.73787 15.733 0.007
4190.77277 15.728 0.008
4190.80234 15.734 0.008
4190.83623 15.716 0.007
4190.86797 15.711 0.007
4190.89829 15.708 0.007
4190.91708 15.722 0.007
4191.76707 15.713 0.008
4191.79918 15.712 0.008
4191.84784 15.745 0.008
4191.90249 15.735 0.008
4192.76306 15.730 0.008
4192.81814 15.709 0.008
4193.77872 15.735 0.008
4194.76249 15.728 0.008
4196.75276 15.714 0.008
4197.76371 15.744 0.009
4202.73419 15.722 0.008
4203.72234 15.710 0.007
4203.90675 15.741 0.007
4204.71062 15.725 0.008
4205.71109 15.723 0.007
4207.70056 15.706 0.007
4207.87525 15.723 0.007
4208.72270 15.731 0.007
4209.75539 15.735 0.006
4211.73533 15.741 0.008
4212.89665 15.754 0.008
4212.91382 15.734 0.008
4213.72931 15.736 0.007
4215.71928 15.734 0.007
4216.67661 15.710 0.007
4216.86565 15.734 0.006
4217.68222 15.725 0.007
4218.70643 15.721 0.008
4219.72788 15.718 0.008
4220.66484 15.715 0.008
4221.68219 15.703 0.007
4222.88513 15.706 0.007
4223.66917 15.714 0.008
4224.75992 15.718 0.008
4228.65418 15.733 0.008
4228.88586 15.737 0.008
4229.64892 15.731 0.008
4229.84602 15.713 0.007
4229.90760 15.710 0.007
4230.65876 15.718 0.007
4230.84674 15.737 0.007
4230.90849 15.721 0.008
4231.64312 15.720 0.006
4231.81856 15.716 0.007
4231.91148 15.725 0.008
4232.72595 15.711 0.007
4232.89297 15.717 0.008
4233.75358 15.720 0.008
4234.68310 15.712 0.007
4234.92315 15.708 0.008
4235.86817 15.720 0.007
4237.66540 15.727 0.007
4238.70690 15.738 0.007
4238.85287 15.708 0.007
4238.91459 15.722 0.007
4239.59729 15.743 0.009
4240.65432 15.721 0.007
4240.77372 15.714 0.007
4240.91688 15.744 0.007
4243.61686 15.730 0.008
4243.71315 15.736 0.007
4243.80662 15.731 0.007
4243.92442 15.719 0.008
4244.59270 15.740 0.008
4244.68503 15.723 0.007
4244.78161 15.720 0.007
4245.58538 15.706 0.005
4245.67911 15.720 0.007
4245.77228 15.718 0.007
4246.64412 15.724 0.007
4246.73714 15.713 0.007
4246.83041 15.729 0.007
4247.62710 15.721 0.007
4247.78018 15.710 0.007
4250.70744 15.727 0.008
4251.77901 15.712 0.009
4256.59421 15.728 0.009
4256.74072 15.730 0.008
4256.83891 15.716 0.008
4257.62614 15.718 0.008
4258.61024 15.741 0.008
4258.73291 15.720 0.007
4258.82817 15.717 0.008
4267.56960 15.742 0.008
4268.75766 15.734 0.006
4268.87803 15.712 0.008
4269.55256 15.739 0.007
4269.67363 15.722 0.007
4269.76437 15.718 0.007
4270.54808 15.718 0.007
4272.61653 15.727 0.007
4272.76568 15.716 0.007
4272.83718 15.712 0.007
4273.59349 15.727 0.008
4273.77437 15.726 0.007
4273.83415 15.734 0.008
4274.58597 15.739 0.008
4274.74057 15.711 0.007
4274.79966 15.714 0.007
4275.57868 15.710 0.007
4275.75415 15.739 0.008
4275.81261 15.728 0.008
4275.87374 15.717 0.009
4276.55668 15.742 0.008
4277.50731 15.733 0.008
4277.68251 15.729 0.007
4277.74297 15.733 0.008
4277.80160 15.731 0.008
4278.54111 15.754 0.009
4278.72836 15.743 0.009
4278.80134 15.742 0.009
4283.48679 15.723 0.008
4283.68769 15.738 0.011
4283.69344 15.716 0.007
4284.48184 15.740 0.008
4284.71229 15.739 0.007
4284.77451 15.728 0.007
4284.83959 15.734 0.008
4285.48033 15.723 0.008
4285.67218 15.724 0.007
4285.73690 15.722 0.007
4285.80243 15.728 0.008
4286.48061 15.750 0.009
4286.76384 15.720 0.007
4286.77020 15.718 0.007
4286.85138 15.726 0.008
4289.48115 15.733 0.008
4289.50797 15.736 0.008
4289.53237 15.737 0.008
4289.55400 15.725 0.008
4289.58776 15.714 0.008
4289.63610 15.717 0.008
4289.67454 15.718 0.008
4289.70697 15.734 0.008
4289.72651 15.726 0.007
4289.75138 15.743 0.008
4289.77272 15.742 0.007
4289.79172 15.739 0.007
4289.81611 15.738 0.008
4289.83955 15.720 0.007
4290.53819 15.727 0.008
4290.57845 15.738 0.008
4290.75404 15.732 0.008
4291.57188 15.729 0.008
4291.64112 15.711 0.007
4291.76354 15.733 0.008
4292.46684 15.718 0.008
4292.64494 15.716 0.007
4292.70459 15.718 0.007
4292.76330 15.720 0.006
4292.82647 15.731 0.007
4293.46716 15.730 0.008
4293.67309 15.734 0.007
4293.73186 15.738 0.007
4293.80950 15.727 0.007
4294.46646 15.725 0.008
4295.46296 15.734 0.010
4295.67151 15.736 0.007
4295.73018 15.727 0.007
4295.80720 15.725 0.007
4296.46928 15.754 0.009
4296.65671 15.721 0.007
4296.74359 15.730 0.007
4297.46448 15.728 0.009
4297.69193 15.725 0.007
4297.75364 15.737 0.006
4298.52478 15.723 0.007
4298.63009 15.718 0.007
4298.72411 15.738 0.007
4299.50760 15.719 0.007
4299.60095 15.730 0.007
4299.69318 15.715 0.007
4299.78335 15.721 0.007
4300.49862 15.724 0.007
4300.62291 15.713 0.006
4300.71932 15.739 0.007
4301.49354 15.721 0.007
4301.58583 15.731 0.007
4301.68250 15.721 0.007
4301.78102 15.719 0.007
4302.54637 15.727 0.007
4302.66121 15.732 0.008
4303.64038 15.718 0.008
4304.52732 15.719 0.008
4304.63672 15.724 0.007
4305.65251 15.740 0.008
4306.51256 15.727 0.009
4306.65209 15.733 0.007
4307.75266 15.735 0.008
4310.75849 15.717 0.008
4311.72810 15.731 0.009
4312.49792 15.732 0.008
4312.69312 15.726 0.008
4312.79070 15.742 0.008
4314.49148 15.764 0.006
4315.53207 15.729 0.007
4316.56094 15.709 0.007
4317.48334 15.714 0.007
4317.68232 15.719 0.006
4319.49239 15.754 0.008
4319.74686 15.726 0.008
4320.50790 15.729 0.007
4326.47095 15.722 0.008
4327.56358 15.734 0.008
4328.49085 15.738 0.007
4328.66780 15.721 0.007
4329.50182 15.713 0.007
4329.64963 15.749 0.007
4329.70845 15.729 0.008
4330.51358 15.724 0.007
4330.66456 15.733 0.007
4331.49378 15.721 0.007
4331.66028 15.723 0.007
4332.47148 15.724 0.008
4333.50256 15.740 0.008
4333.66363 15.719 0.007
4334.47580 15.713 0.011
4334.57337 15.719 0.010
4338.47426 15.726 0.008
4339.49544 15.735 0.008
4339.66652 15.727 0.008
4340.56403 15.735 0.008
4341.47634 15.734 0.009
4342.47236 15.728 0.010
4342.50517 15.752 0.007
4343.47373 15.707 0.008
4343.68146 15.752 0.008
4344.51239 15.749 0.008
4345.47777 15.727 0.008
4346.48640 15.733 0.008
4347.50521 15.739 0.008
4348.47904 15.732 0.008
4349.67176 15.721 0.007
4350.50081 15.722 0.007
4351.47573 15.732 0.008
4352.48686 15.727 0.008
4353.48341 15.723 0.007
4354.51218 15.713 0.007
4355.50276 15.719 0.006
4356.48026 15.725 0.007
4357.56347 15.719 0.008
4358.52069 15.744 0.008
4359.48072 15.721 0.007
4361.54256 15.735 0.008
4362.47792 15.721 0.008
4365.52535 15.758 0.008
4367.51068 15.744 0.007
4368.54684 15.724 0.008
4369.48512 15.744 0.009
4370.53135 15.732 0.007
4371.50608 15.715 0.007
4372.48186 15.719 0.008
4373.55719 15.714 0.008
4375.50767 15.718 0.008
4377.58132 15.736 0.008
4378.49138 15.730 0.007
4379.50676 15.746 0.009
4380.51826 15.715 0.007
4381.49624 15.744 0.009
4382.58475 15.723 0.008
4383.50977 15.732 0.007
4384.54672 15.735 0.008
4387.52846 15.708 0.008
4393.50404 15.721 0.007
4394.56149 15.718 0.008
4395.53290 15.739 0.008
4396.54540 15.710 0.009
4397.50422 15.744 0.008
4398.51188 15.712 0.008
4399.54750 15.719 0.008
4400.50683 15.711 0.008
4402.52147 15.741 0.008
4403.52242 15.733 0.008
4409.53989 15.727 0.009
4411.52740 15.742 0.009
4505.88583 15.725 0.007
4509.85811 15.710 0.005
4513.83438 15.722 0.006
4517.82843 15.730 0.009
4519.81441 15.740 0.009
4522.84324 15.725 0.008
4524.82690 15.730 0.007
4525.88705 15.711 0.008
4530.78907 15.724 0.006
4532.90778 15.719 0.008
4533.81783 15.727 0.007
4535.87281 15.732 0.007
4537.77242 15.731 0.007
4538.86639 15.725 0.007
4539.82756 15.715 0.006
4540.83746 15.719 0.006
4541.76652 15.726 0.007
4542.76108 15.732 0.007
4543.75668 15.715 0.007
4544.75354 15.724 0.007
4545.74022 15.721 0.008
4546.74690 15.728 0.008
4547.76105 15.720 0.007
4548.81394 15.719 0.007
4550.78617 15.712 0.007
4551.73252 15.731 0.007
4552.77611 15.722 0.011
4556.72802 15.719 0.007
4556.91824 15.729 0.007
4557.74638 15.730 0.007
4558.76659 15.715 0.006
4559.71945 15.738 0.007
4559.90842 15.725 0.006
4560.71574 15.718 0.007
4560.90849 15.711 0.006
4561.71223 15.723 0.006
4561.89780 15.726 0.006
4564.70245 15.738 0.007
4564.90272 15.715 0.006
4565.70059 15.705 0.006
4565.89119 15.723 0.006
4566.69993 15.733 0.006
4566.89245 15.716 0.006
4567.69210 15.715 0.007
4567.89886 15.716 0.006
4568.69766 15.738 0.007
4569.70732 15.737 0.007
4569.91688 15.707 0.006
4570.69525 15.713 0.007
4570.92529 15.728 0.007
4571.68638 15.728 0.008
4571.88437 15.706 0.006
4572.69820 15.732 0.008
4573.71203 15.745 0.007
4573.92049 15.720 0.006
4574.71444 15.724 0.007
4575.71986 15.730 0.007
4576.72755 15.721 0.007
4577.80900 15.714 0.007
4578.76276 15.739 0.007
4579.83948 15.722 0.007
4583.70647 15.714 0.007
4583.88723 15.725 0.007
4585.72696 15.726 0.007
4586.73488 15.727 0.007
4587.73806 15.743 0.007
4587.90156 15.714 0.007
4588.70831 15.720 0.007
4589.69059 15.731 0.007
4589.84592 15.716 0.007
4589.90795 15.734 0.007
4590.66797 15.712 0.007
4590.87367 15.718 0.007
4591.67982 15.725 0.007
4591.85183 15.715 0.007
4591.91393 15.715 0.007
4592.63825 15.713 0.007
4592.82748 15.741 0.007
4592.89088 15.716 0.007
4593.62756 15.744 0.007
4593.83709 15.726 0.006
4593.89915 15.739 0.007
4594.64863 15.724 0.007
4594.84335 15.724 0.007
4594.90551 15.730 0.007
4595.63178 15.755 0.008
4595.83225 15.729 0.007
4595.89433 15.732 0.007
4596.62738 15.721 0.007
4596.90705 15.718 0.007
4597.65786 15.729 0.007
4597.84918 15.727 0.006
4597.92025 15.723 0.007
4598.62762 15.708 0.006
4598.87247 15.728 0.006
4599.60644 15.714 0.007
4599.81050 15.724 0.006
4600.61560 15.736 0.007
4600.82917 15.716 0.006
4600.92224 15.731 0.007
4601.62121 15.718 0.007
4601.83760 15.722 0.006
4601.89949 15.718 0.006
4601.94199 15.709 0.008
4602.60863 15.736 0.007
4602.81932 15.721 0.006
4602.92805 15.749 0.006
4603.74126 15.728 0.006
4606.60901 15.717 0.007
4610.70991 15.726 0.009
4610.91729 15.723 0.009
4611.60081 15.739 0.008
4611.83370 15.727 0.006
4612.62218 15.738 0.007
4615.76387 15.739 0.007
4616.57292 15.726 0.008
4616.78939 15.716 0.007
4616.85914 15.733 0.007
4617.63324 15.710 0.007
4618.58442 15.737 0.007
4620.63788 15.721 0.008
4621.67047 15.721 0.006
4622.76618 15.734 0.007
4622.88442 15.726 0.007
4623.59780 15.730 0.007
4623.83816 15.727 0.007
4623.90907 15.756 0.009
4624.54992 15.739 0.008
4624.78181 15.747 0.007
4624.84840 15.722 0.007
4624.91741 15.724 0.007
4625.57610 15.727 0.007
4625.76425 15.713 0.007
4625.85812 15.743 0.007
4626.55995 15.736 0.008
4626.82647 15.709 0.007
4627.53147 15.733 0.007
4627.79998 15.717 0.006
4627.88663 15.727 0.006
4628.56475 15.716 0.007
4628.72854 15.731 0.006
4628.79412 15.723 0.007
4628.85607 15.712 0.007
4629.57623 15.730 0.007
4629.79765 15.729 0.007
4629.87997 15.725 0.006
4630.53144 15.727 0.007
4630.74150 15.724 0.006
4630.81958 15.718 0.007
4630.88770 15.722 0.007
4631.75278 15.735 0.007
4631.83054 15.726 0.007
4631.90550 15.722 0.008
4632.53428 15.727 0.008
4632.79716 15.706 0.007
4633.54029 15.722 0.007
4633.64217 15.719 0.007
4633.76380 15.740 0.008
4638.72583 15.717 0.007
4638.82353 15.732 0.007
4639.53849 15.713 0.007
4639.64471 15.725 0.007
4639.82407 15.720 0.007
4640.56462 15.713 0.006
4640.69552 15.727 0.007
4640.80282 15.735 0.008
4641.58747 15.742 0.007
4641.74305 15.715 0.007
4642.56321 15.719 0.007
4642.72371 15.738 0.007
4642.80164 15.729 0.007
4642.87312 15.694 0.007
4643.51634 15.724 0.007
4643.84924 15.743 0.007
4644.63582 15.725 0.007
4644.81508 15.713 0.007
4645.49001 15.732 0.007
4645.74069 15.731 0.007
4645.81654 15.741 0.007
4645.88127 15.719 0.007
4646.49186 15.710 0.007
4647.48636 15.740 0.008
4647.71117 15.732 0.007
4647.80457 15.748 0.008
4648.51471 15.724 0.007
4648.60421 15.743 0.007
4648.68036 15.733 0.007
4648.83214 15.730 0.007
4649.49489 15.736 0.007
4649.70535 15.740 0.007
4649.81987 15.726 0.007
4650.52636 15.730 0.007
4650.74387 15.711 0.006
4650.82882 15.733 0.007
4651.48661 15.729 0.008
4651.73370 15.764 0.008
4652.47817 15.719 0.008
4652.68077 15.728 0.007
4652.76232 15.719 0.007
4652.81592 15.741 0.007
4653.47464 15.742 0.008
4653.69372 15.730 0.007
4653.75898 15.727 0.007
4654.50991 15.743 0.008
4654.70773 15.715 0.007
4654.78989 15.739 0.007
4655.47447 15.705 0.008
4655.69883 15.731 0.006
4655.76071 15.713 0.007
4656.47637 15.733 0.007
4656.66624 15.715 0.007
4656.78183 15.738 0.007
4657.55095 15.729 0.007
4658.63474 15.715 0.007
4659.53192 15.744 0.008
4660.52419 15.715 0.008
4661.46456 15.730 0.008
4661.66210 15.707 0.008
4661.72669 15.729 0.007
4661.79376 15.744 0.007
4665.63154 15.712 0.007
4665.75683 15.736 0.009
4666.47603 15.716 0.008
4666.66063 15.720 0.007
4666.76450 15.746 0.009
4666.79026 15.734 0.008
4667.52249 15.729 0.008
4669.58614 15.728 0.008
4670.54639 15.728 0.007
4670.62214 15.723 0.007
4671.54307 15.716 0.007
4671.75000 15.706 0.007
4672.47778 15.739 0.007
4672.74133 15.730 0.007
4672.78025 15.729 0.007
4674.48225 15.741 0.008
4675.63341 15.716 0.007
4677.46281 15.727 0.010
4677.60922 15.710 0.006
4677.69299 15.718 0.007
4678.65991 15.746 0.006
4679.55556 15.736 0.007
4681.50426 15.721 0.007
4681.60432 15.714 0.007
4682.47528 15.732 0.007
4682.55120 15.730 0.007
4682.72787 15.718 0.007
4683.47182 15.730 0.008
4683.68068 15.741 0.007
4683.74391 15.725 0.007
4684.47750 15.721 0.007
4684.74225 15.728 0.007
4685.51965 15.718 0.007
4686.47490 15.751 0.007
4687.50089 15.715 0.007
4687.71430 15.732 0.008
4688.47147 15.748 0.009
4688.66148 15.725 0.007
4688.72321 15.736 0.007
4693.53566 15.736 0.007
4694.51443 15.727 0.008
4697.47142 15.727 0.008
4697.69661 15.738 0.008
4698.47566 15.714 0.007
4699.47457 15.719 0.007
4700.48288 15.732 0.007
4701.47819 15.720 0.008
4701.66701 15.738 0.007
4702.47658 15.726 0.008
4703.47813 15.710 0.006
4704.56165 15.714 0.007
4705.48044 15.714 0.007
4707.58139 15.740 0.007
4708.51319 15.707 0.007
4709.48919 15.749 0.007
4710.51344 15.735 0.006
4711.49838 15.736 0.007
4715.56165 15.709 0.007
4716.47660 15.727 0.008
4720.50224 15.723 0.009
4721.50315 15.730 0.008
4722.61538 15.715 0.007
4724.48223 15.728 0.008
4725.55609 15.726 0.008
4726.52067 15.730 0.008
4728.56515 15.744 0.008
4729.50568 15.729 0.007
4731.52859 15.723 0.007
4733.48018 15.720 0.008
4734.49596 15.730 0.007
4737.51484 15.727 0.007
4738.55469 15.715 0.007
4739.55860 15.729 0.008
4740.52690 15.721 0.007
4741.49964 15.746 0.007
4743.50808 15.740 0.008
4750.57479 15.708 0.008
4756.49060 15.710 0.008
4765.49232 15.716 0.009
4866.88420 15.753 0.010
4867.86783 15.720 0.007
4870.86754 15.725 0.007
4872.87919 15.719 0.008
4876.84061 15.720 0.007
4883.84218 15.721 0.007
4884.82289 15.723 0.007
4886.87434 15.738 0.007
4890.85655 15.707 0.006
4896.84421 15.717 0.006
4899.81564 15.708 0.007
4900.79536 15.721 0.007
4901.85551 15.713 0.007
4902.85389 15.734 0.006
4904.77827 15.721 0.006
4905.88210 15.748 0.008
4910.78413 15.713 0.007
4911.75478 15.723 0.006
4912.75161 15.713 0.006
4914.75456 15.720 0.007
4918.75146 15.725 0.006
4924.71408 15.732 0.006
4925.76338 15.714 0.006
4925.87946 15.725 0.006
4926.72720 15.729 0.007
4927.79879 15.729 0.007
4928.70289 15.718 0.007
4929.70835 15.722 0.007
4929.84769 15.730 0.006
4930.76631 15.720 0.007
4931.68829 15.735 0.008
4931.81065 15.710 0.007
4932.76587 15.722 0.006
4933.68598 15.736 0.008
4933.81419 15.702 0.007
4934.78959 15.716 0.007
4938.69409 15.728 0.007
4938.79354 15.720 0.007
4939.71310 15.717 0.007
4939.81460 15.718 0.007
4940.71720 15.738 0.007
4941.69187 15.716 0.007
4941.81893 15.744 0.007
4942.67137 15.738 0.007
4942.84428 15.714 0.006
4943.68374 15.713 0.006
4943.74978 15.731 0.006
4944.68911 15.722 0.006
4944.76427 15.730 0.006
4945.68586 15.724 0.006
4945.81733 15.719 0.006
4946.74327 15.708 0.006
4947.69777 15.728 0.006
4948.85316 15.724 0.006
4949.64693 15.719 0.006
4950.68474 15.714 0.006
4951.67526 15.736 0.007
4952.79407 15.722 0.006
4953.65290 15.729 0.006
4953.75862 15.720 0.006
4954.67300 15.735 0.006
4954.77097 15.743 0.006
4955.67367 15.715 0.006
