2127.49565 17.371 0.027
2130.52846 17.360 0.020
2133.54262 17.391 0.020
2136.66381 17.366 0.022
2141.65460 17.377 0.027
2165.57705 17.416 0.024
2171.64410 17.505 0.024
2179.53444 17.349 0.025
2189.52945 17.409 0.031
2212.55423 17.414 0.031
2214.51151 17.390 0.034
2337.84145 17.356 0.021
2352.85895 17.407 0.022
2361.85339 17.395 0.024
2373.80823 17.384 0.022
2384.84405 17.335 0.020
2388.84339 17.350 0.018
2390.88173 17.364 0.022
2393.87561 17.369 0.028
2400.82300 17.377 0.020
2402.92970 17.383 0.024
2406.87246 17.392 0.024
2411.73050 17.416 0.020
2415.90578 17.355 0.025
2417.87656 17.380 0.021
2425.90846 17.379 0.034
2428.88663 17.375 0.025
2434.80322 17.338 0.021
2436.85190 17.372 0.021
2438.83573 17.361 0.021
2441.78809 17.391 0.020
2445.70924 17.392 0.021
2448.74151 17.406 0.043
2454.76825 17.362 0.025
2460.73548 17.401 0.027
2463.61888 17.332 0.018
2466.59210 17.373 0.018
2468.77661 17.388 0.021
2470.76057 17.394 0.020
2481.63307 17.420 0.030
2484.69524 17.381 0.024
2496.56174 17.617 0.020
2498.59980 17.357 0.017
2500.62592 17.366 0.018
2502.64412 17.369 0.022
2510.54368 17.426 0.030
2516.50448 17.351 0.024
2517.55138 17.391 0.027
2520.66012 17.638 0.025
2529.52661 17.362 0.020
2538.57584 17.360 0.025
2542.56481 17.366 0.020
2548.53002 17.367 0.025
2552.56739 17.541 0.031
2557.53164 17.367 0.022
2561.52758 17.382 0.031
2562.48403 17.378 0.043
2563.49391 17.362 0.022
2568.56213 17.466 0.040
2708.87957 17.369 0.020
2719.88576 17.319 0.020
2729.91124 17.383 0.024
2734.88479 17.399 0.021
2747.76893 17.425 0.028
2754.77918 17.360 0.021
2757.84421 17.381 0.024
2763.79735 17.359 0.021
2767.88963 17.396 0.027
2775.79511 17.340 0.028
2776.75000 17.431 0.036
2783.88411 17.374 0.021
2785.75049 17.384 0.024
2788.62996 17.355 0.022
2790.77632 17.411 0.022
2793.70303 17.371 0.022
2795.66295 17.343 0.018
2797.67411 17.364 0.017
2809.79421 17.408 0.024
2811.71467 17.378 0.025
2812.84395 17.387 0.024
2813.88768 17.401 0.024
2815.86846 17.329 0.024
2817.76696 17.360 0.021
2819.67734 17.397 0.020
2821.72652 17.430 0.024
2830.69877 17.463 0.037
2835.70827 17.381 0.022
2837.71870 17.428 0.036
2839.77846 17.362 0.025
2841.79962 17.397 0.022
2843.72693 17.437 0.022
2845.71658 17.384 0.020
2850.61264 17.344 0.020
2852.62393 17.473 0.028
2854.62098 17.363 0.022
2857.52773 17.360 0.021
2858.73999 17.378 0.021
2862.65105 17.414 0.027
2865.63116 17.333 0.020
2868.62744 17.401 0.021
2871.70814 17.349 0.021
2876.70912 17.359 0.022
2879.67446 17.427 0.025
2884.70566 17.356 0.024
2893.58209 17.356 0.021
2895.60942 17.347 0.020
2900.52370 17.582 0.030
2905.65640 17.302 0.027
2911.57765 17.359 0.021
2921.52732 17.349 0.025
2931.57837 17.372 0.022
3052.88814 17.389 0.020
3059.87409 17.367 0.018
3064.88542 17.394 0.021
3068.83848 17.462 0.022
3071.89106 17.378 0.021
3073.90018 17.382 0.020
3077.79032 17.482 0.054
3080.83946 17.376 0.021
3083.78574 17.360 0.017
3085.89759 17.350 0.018
3087.83221 17.368 0.020
3089.84893 17.373 0.017
3091.85000 17.365 0.020
3097.83259 17.329 0.018
3099.85861 17.385 0.024
3101.82789 17.376 0.022
3102.86024 17.407 0.022
3104.77585 17.326 0.034
3106.92243 17.327 0.024
3108.81256 17.574 0.021
3109.92653 17.371 0.024
3110.90241 17.326 0.020
3112.85940 17.345 0.018
3114.85437 17.353 0.018
3116.84198 17.585 0.025
3122.85783 17.401 0.028
3125.91495 17.332 0.025
3126.81146 17.364 0.018
3127.89749 17.393 0.021
3128.88679 17.412 0.027
3130.76434 17.407 0.025
3131.62966 17.377 0.036
3134.89977 17.412 0.052
3135.78467 17.358 0.018
3137.83662 17.351 0.025
3138.72181 17.368 0.021
3140.69356 17.424 0.020
3140.92737 17.468 0.024
3141.75867 17.370 0.020
3142.83294 17.400 0.021
3144.85089 17.348 0.020
3146.91731 17.349 0.017
3147.93377 17.390 0.022
3151.82491 17.414 0.025
3152.82461 17.373 0.021
3153.82314 17.358 0.022
3154.91702 17.381 0.025
3157.89711 17.388 0.024
3158.70962 17.313 0.027
3162.86093 17.382 0.022
3163.82327 17.356 0.020
3164.80900 17.673 0.025
3164.91645 17.544 0.027
3165.66225 17.372 0.017
3167.67182 17.357 0.022
3168.82211 17.345 0.018
3169.84805 17.415 0.022
3170.87758 17.360 0.017
3171.72383 17.347 0.017
3172.52259 17.379 0.022
3172.61567 17.367 0.017
3172.71308 17.420 0.018
3172.81478 17.556 0.030
3173.70096 17.324 0.021
3173.76190 17.366 0.021
3173.80931 17.332 0.020
3173.82742 17.320 0.020
3174.50662 17.356 0.022
3174.60169 17.359 0.017
3174.77657 17.434 0.020
3175.53540 17.338 0.021
3175.85752 17.412 0.021
3176.53947 17.382 0.028
3176.69324 17.445 0.024
3177.69649 17.369 0.028
3177.79406 17.407 0.028
3177.83316 17.382 0.028
3178.55267 17.413 0.025
3179.57604 17.410 0.018
3179.87786 17.402 0.021
3180.79441 17.542 0.018
3182.85468 17.429 0.021
3183.81047 17.336 0.024
3184.76909 17.382 0.020
3185.62396 17.339 0.017
3193.61924 17.397 0.018
3194.51893 17.358 0.024
3194.80968 17.363 0.018
3195.74280 17.336 0.017
3196.59569 17.357 0.020
3196.83849 17.638 0.024
3197.78419 17.380 0.021
3199.78072 17.378 0.022
3201.82790 17.409 0.021
3202.77527 17.343 0.017
3203.60440 17.362 0.015
3204.75245 17.389 0.018
3205.68278 17.396 0.017
3206.78926 17.374 0.022
3210.56634 17.351 0.024
3211.74628 17.323 0.020
3217.72217 17.374 0.022
3218.77328 17.365 0.031
3223.72223 17.371 0.022
3224.76673 17.387 0.024
3226.71413 17.435 0.027
3228.68774 17.369 0.021
3229.71850 17.416 0.020
3230.73439 17.332 0.018
3231.67917 17.358 0.022
3232.67712 17.433 0.027
3238.68621 17.393 0.021
3240.53539 17.360 0.018
3241.71904 17.401 0.025
3245.64803 17.354 0.022
3247.50933 17.352 0.020
3249.62173 17.361 0.021
3251.52475 17.367 0.024
3254.60630 17.446 0.024
3257.54428 17.538 0.018
3260.58975 17.407 0.025
3265.54270 17.617 0.025
3267.60095 17.384 0.021
3273.49998 17.882 0.051
3277.51932 17.363 0.022
3280.52020 17.378 0.025
3282.59092 17.407 0.017
3289.52505 17.589 0.027
3294.52033 17.405 0.018
3296.51944 17.311 0.021
3302.51662 17.394 0.028
3418.85924 17.317 0.020
3423.88730 17.319 0.014
3427.84100 17.329 0.021
3430.82643 17.413 0.021
3436.87304 17.359 0.021
3443.84416 17.370 0.015
3445.87263 17.338 0.015
3447.91700 17.297 0.024
3450.79660 17.359 0.015
3453.84001 17.344 0.021
3455.90554 17.370 0.022
3458.87526 17.428 0.020
3459.89046 17.377 0.020
3468.87393 17.320 0.018
3469.87662 17.346 0.015
3472.86155 17.383 0.017
3474.79515 17.416 0.020
3476.77170 17.373 0.015
3478.86709 17.360 0.018
3480.88273 17.316 0.020
3483.81761 17.357 0.018
3496.91098 17.391 0.024
3497.89795 17.396 0.020
3500.90701 17.311 0.020
3502.89125 17.361 0.018
3503.87209 17.447 0.018
3506.93149 17.351 0.020
3508.90884 17.370 0.024
3509.89166 17.334 0.017
3511.91520 17.352 0.018
3512.90508 17.343 0.020
3520.66733 17.330 0.020
3521.79806 17.647 0.024
3522.86571 17.409 0.022
3524.85695 17.400 0.020
3527.64025 17.444 0.018
3527.72571 17.363 0.015
3528.88462 17.424 0.025
3529.92342 17.387 0.018
3530.86293 17.368 0.015
3530.89431 17.384 0.017
3538.85245 17.411 0.021
3541.88661 17.405 0.021
3544.88404 17.299 0.024
3547.85144 17.366 0.021
3550.82826 17.393 0.018
3551.84026 17.345 0.018
3552.83563 17.374 0.022
3554.83862 17.416 0.027
3556.84669 17.312 0.024
3558.62361 17.347 0.017
3559.63200 17.329 0.017
3560.70840 17.388 0.018
3561.61561 17.358 0.017
3562.66300 17.394 0.018
3563.72768 17.389 0.018
3569.65563 17.372 0.034
3573.78606 17.391 0.024
3574.75829 17.385 0.021
3575.70023 17.374 0.017
3576.76686 17.358 0.021
3578.74131 17.387 0.017
3579.68987 17.367 0.017
3580.73644 17.363 0.021
3581.73939 17.371 0.020
3582.68833 17.363 0.017
3583.70651 17.369 0.018
3584.71045 17.357 0.015
3585.70903 17.454 0.017
3586.76310 17.360 0.017
3589.75258 17.359 0.018
3590.47630 17.380 0.020
3590.56090 17.298 0.017
3590.63980 17.399 0.018
3590.74876 17.354 0.021
3591.48938 17.349 0.017
3591.54463 17.359 0.015
3591.64243 17.340 0.015
3591.73037 17.369 0.017
3591.76513 17.362 0.017
3592.47507 17.383 0.021
3592.54263 17.346 0.017
3592.65952 17.353 0.015
3592.70158 17.366 0.017
3593.46870 17.365 0.018
3593.51878 17.379 0.015
3593.54768 17.391 0.018
3594.50613 17.382 0.022
3594.58876 17.382 0.015
3594.66518 17.338 0.017
3594.74891 17.376 0.021
3602.72532 17.346 0.025
3603.72031 17.354 0.022
3607.70426 17.382 0.022
3608.69694 17.392 0.018
3615.65464 17.356 0.021
3617.61627 17.383 0.021
3619.61338 17.363 0.018
3621.65508 17.351 0.018
3629.53930 17.350 0.018
3631.56816 17.348 0.025
3633.59313 17.386 0.028
3640.52651 17.378 0.022
3644.60236 17.378 0.021
3649.57835 17.399 0.021
3652.55227 17.352 0.025
3656.54506 17.420 0.025
3660.54926 17.453 0.028
3665.53208 17.392 0.024
3670.52218 17.470 0.033
3778.84179 17.406 0.027
3783.88067 17.343 0.015
3785.89164 17.394 0.020
3788.89567 17.342 0.022
3792.88584 17.370 0.017
3794.88497 17.388 0.017
3796.87675 17.381 0.020
3797.87640 17.366 0.017
3800.85744 17.392 0.021
3802.80437 17.388 0.018
3803.83697 17.362 0.018
3804.88413 17.361 0.018
3806.89666 17.351 0.017
3808.88163 17.357 0.017
3810.79763 17.384 0.022
3812.78379 17.393 0.022
3814.77468 17.364 0.020
3818.83961 17.382 0.018
3819.89904 17.356 0.015
3820.89128 17.366 0.017
3821.90263 17.396 0.017
3822.91448 17.379 0.018
3824.90953 17.383 0.022
3825.90160 17.357 0.018
3826.92506 17.352 0.024
3827.90077 17.345 0.015
3828.91288 17.382 0.018
3829.90877 17.356 0.017
3830.87520 17.401 0.018
3832.90298 17.339 0.018
3833.89138 17.404 0.017
3834.81658 17.362 0.015
3835.86899 17.351 0.015
3836.87847 17.330 0.018
3837.85723 17.369 0.017
3838.86137 17.337 0.018
3839.88043 17.341 0.024
3840.86443 17.376 0.018
3841.84779 17.373 0.018
3842.76163 17.366 0.020
3842.92265 17.375 0.031
3845.85215 17.393 0.024
3846.85608 17.383 0.017
3847.89796 17.406 0.022
3848.87166 17.392 0.020
3849.90089 17.392 0.020
3850.82094 17.364 0.020
3851.82723 17.312 0.020
3852.81934 17.393 0.018
3853.80864 17.380 0.015
3856.79727 17.362 0.018
3858.86130 17.331 0.017
3860.85266 17.400 0.024
3861.86794 17.367 0.017
3862.81112 17.347 0.015
3863.78935 17.349 0.017
3864.81327 17.338 0.015
3865.77557 17.352 0.020
3866.74073 17.340 0.015
3867.74809 17.333 0.020
3868.74348 17.399 0.024
3869.72522 17.438 0.022
3873.72870 17.391 0.020
3874.77549 17.411 0.021
3875.75815 17.363 0.015
3877.71710 17.469 0.020
3880.78384 17.359 0.017
3881.79241 17.348 0.015
3882.72736 17.391 0.020
3883.77914 17.354 0.020
3886.74272 17.376 0.018
3887.72247 17.340 0.015
3889.88422 17.334 0.018
3891.61586 17.441 0.024
3892.75150 17.417 0.018
3893.78234 17.404 0.024
3894.81936 17.341 0.022
3896.76979 17.347 0.027
3900.66654 17.415 0.027
3901.67206 17.571 0.022
3902.68960 17.400 0.018
3903.83060 17.399 0.020
3904.66945 17.367 0.014
3905.68013 17.413 0.017
3906.65796 17.384 0.018
3907.72400 17.356 0.025
3908.66393 17.353 0.015
3909.66205 17.551 0.017
3912.66614 17.340 0.014
3913.66633 17.390 0.015
3914.71409 17.331 0.015
3915.66320 17.407 0.017
3916.74494 17.419 0.022
3917.76212 17.497 0.022
3918.76244 17.345 0.017
3919.69260 17.352 0.015
3920.64629 17.364 0.020
3921.65476 17.430 0.027
3930.71641 17.366 0.017
3931.63261 17.358 0.020
3932.59646 17.326 0.015
3933.64366 17.548 0.017
3934.61038 17.319 0.015
3934.81553 17.368 0.021
3935.59135 17.367 0.017
3936.57641 17.383 0.020
3937.65522 17.350 0.018
3938.62066 17.360 0.017
3940.76546 17.395 0.015
3942.51366 17.378 0.024
3944.48380 17.344 0.018
3944.60196 17.385 0.020
3944.70185 17.387 0.015
3944.77866 17.412 0.021
3945.47758 17.316 0.021
3945.60032 17.387 0.024
3945.68179 17.374 0.017
3945.77077 17.310 0.018
3946.48332 17.314 0.021
3946.64859 17.388 0.018
3946.69595 17.338 0.018
3946.74700 17.372 0.018
3946.76234 17.325 0.018
3946.78180 17.349 0.020
3950.66410 17.387 0.017
3951.67490 17.472 0.025
3959.63573 17.366 0.020
3960.62684 17.370 0.017
3963.63222 17.363 0.017
3964.66836 17.360 0.015
3965.64324 17.521 0.017
3966.63770 17.379 0.018
3967.66113 17.388 0.017
3968.62064 17.475 0.022
3969.63112 17.433 0.022
3970.63787 17.359 0.020
3971.66923 17.363 0.017
3973.69743 17.614 0.025
3974.63498 17.377 0.020
3975.62757 17.366 0.018
3976.62150 17.414 0.020
3979.65669 17.355 0.022
3982.68940 17.427 0.037
3986.67001 17.299 0.024
3987.61878 17.333 0.018
3988.65091 17.386 0.018
3989.56905 17.426 0.024
3991.57048 17.452 0.028
3995.51831 17.333 0.018
4001.58864 17.382 0.018
4002.62425 17.349 0.018
4003.57872 17.343 0.015
4011.56205 17.435 0.027
4015.59100 17.401 0.030
4017.56470 17.375 0.021
4019.57288 17.360 0.021
4023.55563 17.256 0.027
4025.50718 17.311 0.020
4027.51495 17.383 0.022
4030.50698 17.406 0.024
4151.89739 17.347 0.030
4155.86138 17.355 0.022
4158.82316 17.347 0.024
4160.88649 17.400 0.030
4162.87389 17.319 0.025
4165.85830 17.495 0.033
4167.85122 17.370 0.031
4169.85357 17.352 0.021
4174.86764 17.379 0.021
4176.84492 17.353 0.021
4177.90182 17.385 0.021
4179.79613 17.337 0.021
4180.86469 17.378 0.024
4182.77304 17.372 0.018
4183.81000 17.382 0.022
4185.78575 17.368 0.022
4190.88378 17.364 0.020
4192.88800 17.357 0.020
4193.89901 17.362 0.021
4196.87864 17.380 0.021
4202.89028 17.387 0.020
4203.87844 17.356 0.018
4204.88526 17.385 0.018
4205.87407 17.416 0.021
4207.89799 17.364 0.020
4208.90749 17.402 0.022
4213.87900 17.426 0.017
4215.91313 17.365 0.020
4216.83760 17.373 0.021
4217.85986 17.384 0.018
4218.90422 17.395 0.020
4220.88835 17.441 0.031
4222.84806 17.366 0.021
4228.85203 17.367 0.025
4229.81745 17.364 0.021
4230.79860 17.353 0.018
4231.84091 17.359 0.021
4232.86186 17.392 0.030
4234.79655 17.347 0.020
4234.83402 17.366 0.020
4235.82043 17.354 0.020
4237.63729 17.383 0.028
4238.82500 17.383 0.028
4240.61871 17.400 0.030
4243.87130 17.392 0.024
4244.87805 17.383 0.024
4244.88690 17.368 0.022
4244.90986 17.373 0.022
4245.91247 17.427 0.025
4246.92536 17.391 0.028
4247.58247 17.369 0.018
4250.91170 17.358 0.028
4256.81003 17.378 0.025
4257.69393 17.385 0.025
4258.79685 17.346 0.022
4268.57791 17.423 0.028
4269.71771 17.346 0.018
4272.63956 17.348 0.020
4273.68700 17.343 0.021
4274.67084 17.545 0.025
4275.72764 17.393 0.024
4277.56851 17.415 0.027
4278.70160 17.408 0.025
4283.64864 17.338 0.021
4284.63007 17.382 0.024
4285.63707 17.396 0.027
4286.73081 17.386 0.030
4289.68052 17.416 0.027
4290.75972 17.461 0.028
4291.75793 17.367 0.025
4292.61548 17.350 0.018
4293.64323 17.358 0.018
4294.68447 17.389 0.021
4295.64448 17.356 0.018
4296.62364 17.340 0.018
4297.55518 17.360 0.018
4298.78668 17.378 0.024
4299.75684 17.360 0.017
4300.68683 17.370 0.020
4301.55613 17.378 0.020
4302.79007 17.388 0.024
4306.54712 17.650 0.037
4307.56874 17.380 0.021
4311.58964 17.370 0.028
4312.65689 17.357 0.020
4317.64398 17.383 0.022
4319.65293 17.389 0.024
4326.66214 17.367 0.021
4327.69730 17.377 0.025
4328.63210 17.372 0.021
4329.62334 17.399 0.024
4330.63675 17.666 0.024
4331.63216 17.388 0.021
4332.68684 17.372 0.022
4333.63595 17.404 0.027
4334.64942 17.367 0.033
4338.66904 17.689 0.037
4339.63902 17.384 0.025
4340.70219 17.374 0.030
4341.67975 17.415 0.030
4342.68006 17.393 0.024
4343.64988 17.365 0.021
4345.64977 17.331 0.027
4346.65493 17.584 0.033
4347.66905 17.387 0.022
4349.64410 17.363 0.020
4350.66865 17.355 0.021
4351.63955 17.374 0.021
4354.64828 17.598 0.027
4357.58636 17.400 0.024
4359.55986 17.400 0.022
4365.60127 17.331 0.028
4368.60432 17.375 0.031
4370.55994 17.441 0.021
4372.59278 17.357 0.021
4377.55349 17.349 0.022
4381.59586 17.348 0.031
4515.89691 17.370 0.027
4520.87591 17.369 0.027
4523.85945 17.367 0.027
4525.85417 17.357 0.028
4532.88233 17.349 0.021
4534.90343 17.335 0.024
4537.79446 17.361 0.024
4538.90786 17.645 0.031
4539.79925 17.355 0.021
4541.83113 17.356 0.022
4543.82084 17.417 0.021
4544.81773 17.353 0.024
4545.83522 17.381 0.021
4547.80908 17.409 0.022
4550.80809 17.374 0.024
4552.79811 17.399 0.024
4556.88987 17.318 0.017
4557.91554 17.381 0.018
4558.88206 17.376 0.020
4559.87998 17.356 0.020
4560.88017 17.342 0.017
4561.86921 17.351 0.017
4564.87334 17.334 0.017
4565.86301 17.356 0.015
4566.86421 17.392 0.017
4567.86979 17.341 0.017
4568.90174 17.375 0.018
4569.88496 17.364 0.021
4570.89350 17.641 0.022
4571.85524 17.362 0.017
4572.89360 17.398 0.022
4573.86884 17.346 0.017
4574.87738 17.373 0.020
4575.88560 17.340 0.018
4583.85207 17.364 0.024
4585.84261 17.388 0.020
4586.86139 17.598 0.022
4587.87329 17.337 0.025
4588.76348 17.367 0.020
4589.73285 17.375 0.021
4590.81249 17.379 0.020
4591.72531 17.392 0.020
4592.79888 17.390 0.022
4593.78431 17.350 0.018
4594.81267 17.406 0.020
4595.80350 17.354 0.018
4596.75916 17.336 0.017
4597.82097 17.348 0.018
4598.79048 17.334 0.015
4599.76971 17.389 0.018
4600.79209 17.342 0.015
4601.78069 17.366 0.017
4602.78434 17.363 0.017
4606.83803 17.392 0.021
4611.76180 17.374 0.024
4616.75394 17.370 0.018
4616.93984 17.407 0.030
4618.65835 17.387 0.021
4622.73708 17.357 0.021
4623.81014 17.375 0.022
4624.74889 17.356 0.021
4625.73186 17.376 0.022
4626.79394 17.375 0.021
4627.71116 17.366 0.017
4628.70002 17.349 0.018
4629.76952 17.380 0.018
4630.70872 17.376 0.018
4631.72398 17.368 0.017
4632.75844 17.338 0.018
4633.89389 17.389 0.030
4639.84655 17.319 0.028
4640.85099 17.346 0.027
4641.88858 17.382 0.028
4642.53441 17.339 0.027
4643.69084 17.390 0.021
4644.78095 17.379 0.020
4645.69330 17.338 0.018
4646.66051 17.358 0.017
4647.68190 17.396 0.020
4649.66701 17.352 0.020
4650.70505 17.341 0.018
4651.70570 17.359 0.020
4652.63826 17.343 0.020
4653.63322 17.390 0.020
4654.67025 17.371 0.022
4655.64148 17.386 0.018
4656.63760 17.369 0.021
4658.79484 17.371 0.028
4661.62725 17.370 0.017
4666.49847 17.406 0.031
4670.72996 17.371 0.022
4671.68356 17.366 0.018
4672.64334 17.355 0.021
4674.67125 17.365 0.021
4675.79614 17.374 0.025
4677.71546 17.392 0.021
4679.68836 17.385 0.024
4681.69936 17.358 0.021
4682.69700 17.385 0.020
4683.65302 17.409 0.022
4684.67178 17.398 0.022
4684.76497 17.385 0.024
4685.69761 17.389 0.020
4686.77018 17.356 0.021
4687.68588 17.397 0.024
4688.63175 17.380 0.020
4694.71588 17.374 0.033
4697.64066 17.346 0.022
4698.65874 17.385 0.021
4700.65398 17.354 0.020
4701.63729 17.364 0.020
4702.65173 17.512 0.022
4708.67338 17.380 0.021
4715.63444 17.398 0.025
4720.64013 17.379 0.040
4721.64758 17.354 0.030
4722.63814 17.385 0.027
4725.61102 17.382 0.028
4726.63929 17.606 0.036
4733.60033 17.389 0.025
4739.49311 17.364 0.024
4750.54244 17.572 0.034
4757.54931 17.396 0.024
4763.52559 17.359 0.024
4876.89322 17.363 0.030
4883.87946 17.347 0.027
4886.84618 17.526 0.025
4890.81867 17.359 0.024
4894.86965 17.482 0.025
4898.86295 17.376 0.020
4900.84843 17.330 0.021
4901.90003 17.373 0.020
4902.82566 17.587 0.024
4903.88831 17.312 0.018
4904.85382 17.343 0.018
4906.90686 17.381 0.024
4911.88902 17.357 0.017
4913.90242 17.349 0.018
4924.89748 17.376 0.018
4926.74825 17.502 0.025
4928.80420 17.347 0.021
4930.73965 17.341 0.024
4931.88181 17.353 0.021
4932.78967 17.361 0.020
4933.73390 17.350 0.024
4934.83549 17.557 0.025
4938.84399 17.359 0.021
4940.78873 17.373 0.020
4941.84056 17.356 0.018
4942.86599 17.601 0.022
4943.72317 17.358 0.018
4944.78805 17.365 0.017
4949.80252 17.347 0.017
4951.82746 17.372 0.022
4953.73207 17.359 0.018
4954.84958 17.380 0.020
