2115.77507 17.178 0.015
2134.72989 17.100 0.016
2138.61353 17.071 0.014
2168.59359 17.158 0.016
2173.55161 17.230 0.019
2180.55027 17.165 0.019
2184.55497 17.244 0.021
2195.53871 17.135 0.019
2324.88200 17.079 0.015
2326.86190 17.178 0.019
2341.87338 17.219 0.017
2350.89124 17.046 0.012
2359.85106 17.312 0.016
2370.89217 17.114 0.014
2384.73000 17.081 0.014
2388.73144 17.345 0.022
2390.70219 17.051 0.017
2400.73053 17.351 0.015
2402.84783 17.355 0.016
2404.89468 17.217 0.014
2410.74028 17.168 0.011
2415.65742 17.085 0.017
2417.69273 17.188 0.017
2425.62230 17.137 0.022
2431.67206 17.267 0.017
2433.64860 17.066 0.013
2435.76716 17.056 0.011
2437.65346 17.203 0.017
2439.59087 17.095 0.012
2441.59961 17.341 0.015
2444.58540 17.053 0.013
2446.59816 17.136 0.014
2452.58042 17.140 0.018
2458.54864 17.201 0.020
2462.85933 17.069 0.015
2464.50164 17.262 0.018
2466.81553 17.120 0.018
2474.68090 17.322 0.016
2485.67581 17.176 0.018
2495.48644 17.241 0.016
2521.53192 17.302 0.017
2526.55940 17.099 0.013
2529.65787 17.268 0.019
2699.90096 17.049 0.017
2712.84331 17.142 0.015
2732.82595 17.312 0.018
2743.81750 17.141 0.013
2748.83718 17.064 0.016
2755.82539 17.095 0.013
2756.89742 17.090 0.014
2759.82504 17.144 0.013
2765.84664 17.184 0.015
2769.89247 17.100 0.012
2782.76778 17.273 0.019
2784.76185 17.062 0.012
2786.65230 17.306 0.017
2788.75400 17.294 0.013
2790.83748 17.204 0.014
2792.64896 17.302 0.016
2792.66386 17.325 0.016
2794.66920 17.101 0.013
2796.60685 17.196 0.013
2802.63408 17.183 0.028
2808.67336 17.067 0.015
2810.60513 17.321 0.016
2812.56174 17.083 0.015
2814.57941 17.172 0.015
2814.78177 17.207 0.015
2814.80876 17.286 0.017
2815.61410 17.228 0.017
2817.64477 17.328 0.018
2821.54568 17.304 0.017
2829.80501 17.069 0.016
2834.66170 17.107 0.043
2838.57399 17.087 0.015
2839.81494 17.251 0.017
2841.75508 17.086 0.013
2844.48174 17.268 0.020
2848.73332 17.199 0.017
2851.57909 17.127 0.014
2853.59006 17.359 0.014
2855.64015 17.227 0.020
2857.76534 17.243 0.018
2860.64823 17.317 0.022
2863.73096 17.166 0.020
2866.74411 17.114 0.017
2875.67984 17.147 0.016
2878.64462 17.188 0.014
2884.52706 17.246 0.017
2886.56404 17.091 0.031
2894.57552 17.066 0.013
2897.65182 17.249 0.019
2906.61249 17.061 0.014
2910.59614 17.311 0.025
2912.59160 17.085 0.014
2922.59014 17.328 0.026
2932.58075 17.112 0.015
3046.88316 17.273 0.024
3056.86303 17.141 0.017
3060.82736 17.061 0.015
3066.82494 17.053 0.013
3068.88246 17.094 0.012
3072.80158 17.093 0.014
3076.78416 17.183 0.022
3077.89097 17.315 0.028
3081.84762 17.195 0.013
3084.81400 17.087 0.012
3086.87738 17.072 0.011
3088.86490 17.274 0.012
3090.77822 17.063 0.011
3097.88999 17.145 0.012
3099.80548 17.204 0.015
3101.88272 17.283 0.016
3103.84074 17.111 0.013
3104.82685 17.063 0.030
3107.83026 17.347 0.020
3108.91573 17.307 0.015
3114.87495 17.348 0.017
3116.78094 17.092 0.013
3124.85855 17.129 0.016
3126.73948 17.138 0.012
3128.61833 17.323 0.019
3130.80800 17.184 0.017
3131.75477 17.302 0.020
3135.76397 17.130 0.012
3138.77241 17.242 0.014
3140.74087 17.082 0.012
3141.80371 17.074 0.012
3142.87682 17.077 0.014
3144.89863 17.127 0.016
3147.73158 17.142 0.016
3151.87077 17.278 0.017
3152.86802 17.281 0.017
3153.87537 17.154 0.020
3154.94394 17.198 0.024
3156.94831 17.101 0.025
3158.92807 17.342 0.026
3162.88463 17.101 0.014
3163.88181 17.213 0.019
3164.85927 17.326 0.016
3165.64133 17.241 0.012
3167.72371 17.349 0.017
3168.79749 17.279 0.014
3169.76949 17.273 0.016
3170.92708 17.221 0.016
3171.58520 17.299 0.015
3173.76575 17.173 0.014
3174.82158 17.196 0.013
3175.88483 17.169 0.015
3178.53101 17.108 0.016
3179.83306 17.065 0.015
3180.84032 17.126 0.012
3182.89763 17.224 0.016
3183.86830 17.309 0.024
3184.47688 17.062 0.016
3185.53960 17.096 0.014
3193.66581 17.133 0.018
3194.47123 17.325 0.026
3195.72076 17.059 0.011
3196.75761 17.093 0.013
3197.71701 17.195 0.015
3201.79677 17.172 0.013
3202.74073 17.068 0.015
3203.78976 17.081 0.011
3205.65179 17.172 0.011
3206.66837 17.112 0.011
3210.67523 17.375 0.015
3211.72549 17.295 0.017
3217.77130 17.216 0.022
3218.71176 17.242 0.019
3224.60093 17.076 0.011
3229.67476 17.348 0.015
3231.71743 17.279 0.019
3239.57104 17.295 0.014
3240.57956 17.317 0.020
3245.69341 17.051 0.016
3247.55302 17.138 0.016
3249.67960 17.135 0.017
3257.59221 17.142 0.012
3258.57711 17.385 0.019
3267.64372 17.215 0.018
3270.51481 17.318 0.031
3276.57344 17.248 0.020
3289.56896 17.358 0.016
3938.74248 17.095 0.012
3950.46915 17.202 0.017
4911.84340 17.263 0.012
