2127.48669 19.424 0.179
2130.51956 19.817 0.137
2133.53366 19.314 0.103
2136.65488 19.577 0.142
2141.64562 20.028 0.260
2165.56812 19.563 0.141
2171.63511 19.903 0.243
2179.52546 19.799 0.175
2189.52047 19.691 0.208
2212.54610 19.519 0.168
2214.50340 19.978 0.339
2337.83284 19.544 0.158
2352.85032 19.615 0.122
2361.84479 19.817 0.169
2373.79956 19.710 0.150
2464.78183 19.483 0.103
2708.91333 19.767 0.347
2850.64544 19.405 0.108
2858.77275 19.783 0.204
3059.86145 19.777 0.144
3064.87656 19.676 0.134
3068.82996 19.349 0.205
3071.88239 19.713 0.148
3073.88767 19.633 0.121
3075.90374 19.670 0.162
3080.81694 19.749 0.167
3083.76908 19.502 0.096
3085.89141 19.733 0.115
3087.79518 19.623 0.149
3089.84273 19.579 0.087
3091.89493 19.667 0.118
3097.82326 19.367 0.099
3099.90604 19.707 0.151
3101.81120 19.470 0.120
3102.90592 19.496 0.124
3104.76620 19.691 0.402
3106.90375 19.146 0.104
3107.89426 19.833 0.138
3109.83519 19.383 0.093
3110.92485 19.539 0.140
3112.90021 19.488 0.100
3113.90791 19.696 0.121
3114.83828 19.732 0.120
3115.89871 19.760 0.126
3116.87994 19.546 0.123
3124.77568 19.552 0.180
3126.71035 19.560 0.099
3127.88885 19.787 0.150
3128.87658 19.559 0.162
3130.75561 19.565 0.155
3131.72196 19.822 0.207
3134.89099 19.382 0.225
3137.77611 20.001 0.225
3138.66169 19.653 0.156
3139.94282 19.500 0.187
3142.82352 20.056 0.175
3144.84060 19.616 0.120
3146.90533 19.491 0.108
3151.81468 19.474 0.141
3152.81569 19.823 0.167
3153.81433 19.699 0.184
3154.90191 19.263 0.147
3156.87054 19.687 0.140
3157.92799 19.752 0.182
3158.89336 19.486 0.189
3162.85200 19.746 0.161
3163.81111 19.618 0.118
3164.79985 19.354 0.095
3165.71680 19.382 0.075
3167.66223 19.653 0.173
3168.86433 19.826 0.156
3169.83524 19.481 0.139
3170.64857 19.580 0.102
3171.78664 19.684 0.107
3171.91222 19.979 0.203
3172.81096 19.381 0.098
3173.85498 19.667 0.174
3174.76743 19.525 0.104
3175.81644 19.786 0.160
3175.87776 19.323 0.114
3177.82448 19.515 0.164
3179.56277 19.405 0.090
3180.78256 19.435 0.097
3182.84266 19.561 0.132
3183.80171 20.259 0.301
3184.50128 19.468 0.134
3184.62653 19.505 0.088
3184.75666 19.535 0.114
3184.85984 19.689 0.175
3185.49608 20.078 0.285
3185.61220 19.512 0.104
3185.68769 19.637 0.123
3185.85172 19.678 0.145
3191.80740 19.577 0.128
3193.60649 19.436 0.083
3194.55699 19.540 0.164
3194.79945 19.350 0.104
3195.55657 19.442 0.092
3195.78272 19.626 0.100
3196.75011 19.630 0.145
3197.58073 19.556 0.117
3199.68861 19.674 0.125
3201.55110 19.548 0.120
3202.67980 19.542 0.118
3203.59563 19.357 0.066
3204.63776 19.560 0.096
3205.71879 19.341 0.077
3206.78032 19.592 0.184
3210.51086 19.330 0.115
3211.66600 20.080 0.247
3217.70686 19.413 0.119
3218.70591 19.549 0.189
3223.70988 19.599 0.175
3224.75443 19.710 0.174
3226.68533 19.515 0.174
3228.65579 19.578 0.144
3230.72560 19.348 0.103
3232.66255 19.770 0.175
3238.67724 19.221 0.109
3240.52642 19.370 0.103
3245.61505 19.517 0.158
3247.50032 19.420 0.129
3249.60666 19.500 0.146
3254.59881 19.614 0.183
3257.51188 19.367 0.099
3260.54807 19.368 0.208
3265.53354 19.462 0.147
3267.58422 19.590 0.133
3274.54105 19.987 0.257
3277.55616 19.923 0.207
3280.55858 19.451 0.142
3282.54205 19.574 0.106
3289.51599 19.723 0.222
3296.54668 20.044 0.152
3302.50639 19.667 0.219
3423.87809 19.768 0.123
3427.87631 19.785 0.132
3429.90453 19.813 0.202
3436.86407 19.547 0.157
3443.81686 19.319 0.081
3445.85990 19.556 0.094
3447.90836 19.745 0.141
3450.78795 19.517 0.092
3453.82774 19.577 0.127
3455.89334 20.044 0.209
3456.91761 19.490 0.117
3457.89067 19.693 0.121
3459.88157 19.629 0.118
3468.93195 19.660 0.247
3470.92305 19.378 0.103
3472.85240 19.880 0.131
3473.91448 19.761 0.161
3474.92087 19.694 0.142
3475.91200 19.857 0.120
3477.93186 19.573 0.191
3479.79834 19.726 0.100
3482.93450 19.423 0.131
3496.78608 19.460 0.120
3497.88736 19.561 0.136
3499.85005 19.409 0.079
3500.86746 19.625 0.117
3502.68487 19.673 0.115
3503.83591 19.635 0.113
3506.79805 19.505 0.120
3508.89951 19.606 0.175
3509.69766 19.161 0.083
3511.87680 19.332 0.090
3512.89183 19.709 0.154
3517.77417 19.709 0.172
3520.88581 19.838 0.175
3521.70154 19.549 0.107
3522.80714 19.550 0.124
3523.84134 19.970 0.173
3524.84629 19.803 0.154
3525.91682 19.552 0.128
3528.62014 19.430 0.102
3530.83982 19.259 0.063
3538.73332 19.692 0.120
3540.78964 19.394 0.097
3544.80452 19.367 0.129
3547.79965 19.691 0.186
3550.81638 19.365 0.097
3551.80774 19.700 0.140
3552.82683 19.384 0.120
3553.81336 20.199 0.351
3554.83209 19.714 0.198
3555.82220 19.574 0.164
3556.73058 19.750 0.169
3558.61460 19.711 0.143
3559.62299 19.324 0.083
3560.66490 19.549 0.082
3561.60080 19.390 0.093
3562.65397 19.414 0.082
3563.70552 19.906 0.157
3564.53993 19.457 0.161
3569.64598 19.759 0.294
3573.75657 19.463 0.138
3574.74952 19.645 0.151
3575.69134 19.873 0.129
3576.75777 19.819 0.153
3577.79571 19.376 0.106
3578.73239 19.462 0.101
3579.67774 19.531 0.102
3580.71735 19.735 0.185
3581.73053 19.811 0.146
3582.67951 19.433 0.082
3583.69762 19.812 0.171
3584.70159 19.744 0.168
3585.69982 19.928 0.132
3586.75427 19.436 0.092
3588.77625 20.031 0.213
3589.74356 19.644 0.150
3590.73982 19.327 0.100
3591.71496 19.893 0.125
3592.74818 19.282 0.095
3601.71603 19.596 0.158
3602.71647 19.147 0.112
3603.71145 19.541 0.143
3607.69525 19.357 0.121
3609.52305 19.644 0.143
3615.64176 19.670 0.135
3617.67091 19.866 0.161
3619.60398 19.871 0.143
3621.63284 19.403 0.105
3628.67082 19.928 0.297
3629.52907 19.275 0.085
3631.62983 19.317 0.133
3633.55637 19.452 0.163
3634.63544 19.682 0.222
3639.50612 19.573 0.087
3644.59278 19.429 0.111
3649.56619 19.387 0.114
3655.57925 19.392 0.141
3664.55655 20.059 0.225
3668.54181 20.259 0.338
3676.52077 19.410 0.171
3777.88116 19.781 0.324
3783.86746 19.732 0.112
3785.88300 19.879 0.158
3788.88733 19.378 0.114
3791.89910 19.848 0.208
3794.87666 19.484 0.100
3796.86842 19.528 0.110
3797.86807 19.560 0.099
3800.84915 19.646 0.143
3802.79608 19.578 0.111
3803.82864 19.376 0.096
3804.87584 19.497 0.120
3806.88831 19.531 0.100
3808.87333 19.703 0.125
3810.78934 19.385 0.105
3812.77547 19.474 0.161
3814.76638 19.147 0.092
3818.83131 19.750 0.117
3819.89072 19.429 0.079
3820.88296 19.621 0.102
3821.89433 19.479 0.092
3822.90622 19.412 0.076
3824.90122 19.359 0.116
3825.89331 19.352 0.087
3827.89244 19.371 0.072
3828.90455 19.519 0.131
3829.89127 19.459 0.087
3830.86408 19.661 0.118
3832.89468 19.605 0.130
3833.88018 19.380 0.084
3834.80826 19.521 0.091
3835.86068 19.329 0.066
3836.87015 19.998 0.162
3837.84890 19.372 0.098
3838.85305 20.283 0.244
3839.87212 19.530 0.166
3840.85614 19.671 0.114
3841.83939 19.618 0.116
3842.75332 19.451 0.157
3842.90216 19.450 0.210
3845.84260 19.418 0.118
3846.84776 19.732 0.119
3847.88967 19.286 0.099
3848.86332 19.872 0.136
3849.89170 19.553 0.120
3850.81262 19.216 0.093
3851.81891 19.908 0.178
3852.81100 19.405 0.085
3853.80027 19.862 0.103
3856.78894 19.627 0.130
3858.85292 19.563 0.136
3860.84434 19.572 0.149
3861.85961 19.547 0.141
3862.80558 19.418 0.076
3863.78103 19.752 0.119
3864.80395 19.416 0.073
3865.76725 19.321 0.098
3866.73238 19.788 0.129
3867.73974 19.380 0.108
3868.73514 19.877 0.187
3869.71683 19.651 0.167
3873.72034 19.470 0.095
3874.76707 19.744 0.142
3875.74890 19.491 0.082
3877.70868 19.494 0.078
3880.77545 19.776 0.184
3881.78405 19.467 0.091
3882.71895 19.420 0.095
3883.77075 19.244 0.080
3886.73144 19.554 0.114
3887.71408 19.776 0.119
3889.87582 19.424 0.092
3891.60744 19.564 0.135
3892.74270 19.643 0.228
3893.77374 19.551 0.155
3894.81094 19.309 0.124
3896.75824 19.659 0.156
3900.65809 19.595 0.176
3901.66363 19.497 0.122
3902.68116 19.336 0.093
3903.81844 19.364 0.103
3904.66100 19.525 0.082
3905.67169 19.566 0.094
3906.64951 19.776 0.135
3907.71559 19.954 0.230
3908.65548 19.603 0.084
3908.68702 19.312 0.072
3909.65358 19.498 0.086
3912.65763 19.605 0.076
3913.65782 19.453 0.075
3914.69588 19.404 0.082
3915.65471 19.265 0.079
3916.73646 19.538 0.145
3917.50975 19.275 0.119
3917.75363 19.506 0.124
3918.75393 19.683 0.121
3919.68388 19.598 0.102
3920.63778 20.005 0.195
3920.67369 19.527 0.132
3920.78570 19.746 0.114
3921.64622 19.655 0.156
3930.70789 19.617 0.123
3931.62407 19.374 0.109
3932.58252 19.220 0.076
3933.47216 19.772 0.171
3933.50127 19.639 0.136
3933.53314 19.804 0.128
3933.55914 19.909 0.128
3933.59394 19.773 0.107
3933.63478 19.347 0.063
3933.69128 19.764 0.127
3933.74058 19.907 0.138
3933.78990 19.237 0.088
3933.81608 19.843 0.252
3934.53009 19.782 0.154
3934.60182 19.473 0.089
3934.80321 19.818 0.144
3935.51084 19.421 0.131
3935.58284 19.849 0.130
3935.77689 19.606 0.122
3936.46133 19.521 0.285
3936.56791 19.440 0.093
3936.70323 19.500 0.106
3936.78128 19.773 0.182
3936.81895 19.539 0.162
3937.46749 19.532 0.207
3937.64661 19.470 0.104
3938.61214 19.765 0.121
3938.71329 19.588 0.122
3939.53356 19.409 0.092
3940.56735 19.388 0.086
3940.60620 19.429 0.080
3940.75291 19.508 0.087
3941.64262 19.445 0.145
3942.50666 20.370 0.352
3944.48814 19.914 0.163
3944.53970 19.427 0.089
3944.70793 19.182 0.073
3944.78188 19.449 0.148
3945.47343 19.528 0.148
3945.59558 19.919 0.164
3945.67846 19.487 0.100
3945.76742 19.616 0.148
3946.47999 19.668 0.154
3946.64001 19.672 0.130
3946.78497 19.665 0.151
3950.47870 19.708 0.150
3950.49331 19.964 0.178
3950.53847 19.633 0.118
3950.58944 19.626 0.111
3950.62580 19.400 0.085
3950.65664 19.839 0.125
3950.69132 19.720 0.114
3950.71185 19.580 0.179
3950.72623 19.538 0.117
3950.74846 19.351 0.106
3950.77531 19.662 0.152
3950.79092 19.860 0.210
3950.79379 19.791 0.196
3951.47423 19.492 0.133
3951.56645 19.776 0.160
3951.71388 19.319 0.125
3957.66048 19.359 0.132
3959.62723 19.611 0.121
3960.61836 19.361 0.073
3963.62378 19.560 0.101
3964.65602 19.651 0.114
3965.47352 19.471 0.128
3965.50199 19.381 0.083
3965.53069 19.387 0.079
3965.56336 19.624 0.111
3965.63474 19.523 0.086
3965.66603 19.454 0.078
3965.69331 19.562 0.106
3965.71147 19.886 0.144
3966.62927 19.381 0.097
3967.65268 19.910 0.204
3968.61214 19.691 0.138
3969.62262 19.688 0.123
3970.62942 19.608 0.146
3971.66071 19.248 0.088
3973.68896 19.480 0.117
3974.62653 19.399 0.105
3975.61903 19.839 0.137
3976.61299 19.547 0.115
3979.64821 19.665 0.225
3982.67023 20.299 0.417
3986.66150 19.638 0.190
3987.61027 19.582 0.118
3988.64244 19.580 0.137
3989.56059 19.529 0.134
3991.56196 19.506 0.126
3995.50978 19.490 0.106
4001.58014 19.318 0.093
4002.61577 19.355 0.087
4003.57019 19.409 0.088
4011.55356 19.344 0.140
4015.58250 19.163 0.126
4017.55621 19.390 0.120
4019.55757 19.365 0.128
4021.58049 19.502 0.156
4025.49874 19.768 0.155
4027.50648 19.398 0.140
4029.54802 19.631 0.165
4151.87195 19.415 0.111
4153.89388 19.484 0.124
4156.87227 19.623 0.173
4158.89764 19.478 0.121
4161.85985 19.222 0.174
4163.84269 19.249 0.245
4165.82273 19.316 0.155
4165.88640 19.287 0.139
4166.82743 19.799 0.277
4166.86214 19.705 0.206
4167.84093 19.666 0.202
4168.82130 19.418 0.130
4170.81492 19.589 0.152
4175.80381 19.701 0.172
4177.78947 19.758 0.138
4178.82327 19.618 0.204
4179.86319 19.463 0.125
4181.79963 19.860 0.187
4182.84816 19.623 0.106
4183.88072 19.399 0.112
4185.75695 19.530 0.244
4189.87590 19.297 0.117
4191.84365 19.485 0.178
4193.77227 19.568 0.186
4194.80159 19.438 0.113
4196.79163 19.460 0.125
4202.77320 19.209 0.161
4203.76122 19.443 0.102
4204.75352 19.904 0.193
4205.75004 19.402 0.096
4205.92900 19.373 0.143
4207.73951 19.491 0.126
4208.76159 19.913 0.156
4211.80819 19.532 0.138
4212.88736 19.771 0.214
4213.72615 19.476 0.123
4213.92971 19.492 0.274
4215.75879 19.355 0.116
4216.71658 19.328 0.113
4217.72407 19.475 0.109
4217.93352 19.618 0.161
4218.77369 19.782 0.190
4219.77732 19.463 0.134
4220.72215 19.496 0.125
4222.68805 19.369 0.233
4224.79875 19.551 0.115
4228.69421 19.456 0.118
4228.92778 19.549 0.163
4229.68790 19.637 0.192
4229.88486 19.703 0.141
4230.69761 19.368 0.114
4230.88568 19.850 0.238
4231.63997 19.466 0.133
4231.78415 19.378 0.102
4231.90834 19.346 0.118
4232.69203 19.541 0.227
4232.85304 19.509 0.165
4233.83292 19.833 0.328
4234.72819 19.532 0.128
4235.65350 19.606 0.183
4235.81476 19.869 0.230
4235.90713 17.832 0.034
4238.67759 19.572 0.171
4238.89183 19.923 0.299
4239.65420 19.582 0.156
4240.69356 19.394 0.092
4240.83645 19.239 0.105
4243.65941 19.659 0.179
4243.75208 19.593 0.154
4243.84581 19.608 0.169
4244.63169 19.885 0.236
4244.72810 19.458 0.115
4244.82077 19.490 0.116
4245.62480 19.399 0.109
4245.71875 19.940 0.181
4245.81458 19.368 0.119
4246.68313 19.407 0.110
4246.77599 19.712 0.137
4246.86933 19.306 0.092
4247.69838 19.712 0.139
4250.74655 19.603 0.133
4251.81810 19.901 0.343
4256.63424 19.991 0.263
4256.78029 19.881 0.242
4257.66588 19.696 0.202
4258.64858 19.790 0.179
4258.77109 19.573 0.138
4258.86520 19.223 0.125
4267.60923 19.569 0.133
4268.57242 19.448 0.177
4268.85536 19.560 0.129
4269.59165 19.801 0.192
4269.71219 19.858 0.160
4270.58520 19.364 0.116
4272.61354 19.457 0.106
4272.76270 19.484 0.107
4272.83437 19.672 0.136
4273.63065 19.461 0.161
4273.81132 19.483 0.126
4273.87247 19.759 0.241
4274.56335 19.389 0.206
4274.71724 19.480 0.142
4274.77820 19.628 0.137
4274.83662 19.385 0.130
4275.61576 19.523 0.117
4275.79112 19.616 0.165
4275.85222 19.518 0.198
4276.60060 19.469 0.148
4277.54436 19.474 0.193
4277.72134 19.709 0.156
4278.58923 19.430 0.173
4278.76539 19.569 0.194
4283.52384 19.440 0.155
4284.51874 19.787 0.228
4284.70932 19.476 0.124
4284.77165 19.502 0.130
4284.83650 20.151 0.309
4285.52188 19.413 0.151
4285.71531 19.646 0.156
4285.77641 19.499 0.127
4285.84171 19.291 0.124
4286.52154 19.929 0.242
4286.82650 19.559 0.259
4289.52936 19.461 0.144
4289.74788 19.844 0.182
4289.81301 19.644 0.178
4290.57563 19.751 0.214
4291.63828 19.332 0.156
4292.50390 19.613 0.117
4292.68311 19.816 0.151
4292.74174 19.394 0.115
4292.80024 19.615 0.127
4293.50428 19.442 0.120
4293.72888 19.755 0.128
4293.78765 19.540 0.138
4294.50346 19.780 0.162
4295.51055 19.417 0.117
4295.70860 19.534 0.110
4295.76721 19.696 0.124
4296.50756 20.080 0.429
4296.70873 19.537 0.108
4297.52718 19.411 0.228
4297.72876 19.469 0.108
4298.56203 19.501 0.158
4298.66774 19.734 0.157
4298.77363 19.394 0.156
4299.54505 19.553 0.099
4299.63853 19.655 0.120
4299.73026 19.596 0.108
4300.54074 19.739 0.139
4300.66081 19.758 0.145
4300.75631 19.505 0.120
4301.53161 19.300 0.094
4301.62734 19.677 0.123
4301.73000 19.979 0.187
4302.60461 19.491 0.147
4302.70474 19.590 0.128
4303.69060 19.500 0.145
4304.56471 20.047 0.285
4304.68283 19.815 0.257
4306.64866 19.412 0.122
4306.70931 19.635 0.165
4307.55725 19.373 0.097
4310.62802 19.648 0.219
4312.56022 19.593 0.166
4312.75864 19.418 0.124
4315.65122 19.592 0.171
4316.72438 19.644 0.153
4317.57245 19.510 0.111
4319.52973 19.373 0.111
4319.78454 19.761 0.204
4320.55651 19.795 0.152
4326.52377 19.689 0.130
4326.72097 20.143 0.283
4327.60311 19.831 0.183
4328.52990 20.028 0.261
4328.70793 19.813 0.176
4329.53893 19.527 0.148
4329.68686 19.572 0.146
4330.51078 19.576 0.116
4330.70588 19.879 0.181
4331.49092 20.096 0.249
4331.69979 19.356 0.142
4332.52072 19.554 0.112
4333.54221 19.368 0.121
4334.51522 19.440 0.160
4334.64341 19.369 0.208
4338.51506 19.530 0.156
4339.49237 20.026 0.461
4339.70882 19.483 0.156
4340.61267 19.388 0.140
4341.51568 19.806 0.224
4342.54489 19.648 0.148
4343.52371 19.588 0.103
4344.55201 20.081 0.265
4345.51714 19.472 0.101
4346.52981 19.747 0.210
4347.54453 19.579 0.128
4349.50618 19.801 0.171
4350.55280 19.781 0.146
4351.51870 19.665 0.134
4353.52261 19.815 0.146
4354.55132 19.783 0.159
4355.55544 19.294 0.110
4356.51932 19.555 0.156
4357.54843 19.651 0.173
4358.51140 19.457 0.215
4359.54895 19.650 0.172
4360.57832 19.847 0.196
4361.58178 19.666 0.324
4365.57438 19.538 0.163
4367.50766 20.012 0.221
4368.54403 19.332 0.133
4370.50809 19.325 0.127
4371.54653 19.788 0.138
4372.53225 19.366 0.096
4373.51842 19.908 0.208
4377.49661 19.435 0.117
4377.62035 19.613 0.213
4378.53093 19.387 0.120
4379.54598 19.742 0.225
4380.55745 19.403 0.118
4381.53614 20.139 0.330
4382.57870 19.688 0.198
4383.56924 19.382 0.137
4384.54341 19.427 0.145
4388.51331 19.672 0.283
4393.54322 19.889 0.202
4394.55856 19.373 0.149
4395.52999 19.631 0.184
4396.52204 19.554 0.232
4397.54629 19.915 0.228
4398.55121 19.501 0.148
4399.54389 19.562 0.180
4400.54596 19.329 0.188
4402.56239 19.417 0.179
4507.87589 19.502 0.156
4510.87270 19.429 0.119
4513.87385 19.439 0.148
4517.87296 19.518 0.179
4519.89395 19.300 0.103
4522.88786 19.968 0.222
4524.82368 19.535 0.267
4530.83129 19.428 0.129
4533.86715 19.481 0.135
4535.84993 19.608 0.147
4536.90759 19.657 0.144
4537.89322 19.351 0.081
4538.82831 19.477 0.119
4539.86640 19.483 0.114
4540.81258 19.347 0.085
4541.80529 19.533 0.093
4542.79999 19.482 0.134
4543.79554 19.442 0.111
4544.79236 19.382 0.118
4545.79877 19.527 0.142
4546.80583 19.378 0.107
4547.79983 19.592 0.127
4548.81077 19.502 0.126
4550.75383 19.649 0.321
4551.77700 19.367 0.144
4556.76909 19.633 0.175
4557.78626 19.608 0.119
4558.76323 19.883 0.192
4559.76118 19.354 0.096
4560.76134 19.727 0.150
4561.75137 19.474 0.101
4564.74151 19.743 0.205
4565.73955 19.318 0.093
4566.73912 19.639 0.112
4567.73212 19.417 0.101
4568.74064 19.485 0.111
4569.74977 19.188 0.088
4570.74043 19.583 0.185
4571.73506 19.358 0.180
4571.92358 19.512 0.122
4572.76256 19.672 0.121
4573.75095 19.594 0.125
4573.91725 19.398 0.088
4574.75330 19.825 0.197
4575.76241 19.346 0.106
4575.91928 19.484 0.118
4576.76889 19.677 0.189
4577.85060 19.726 0.153
4578.80165 19.901 0.221
4579.83322 19.637 0.143
4579.87875 19.684 0.178
4583.74539 19.676 0.207
4583.75713 19.711 0.189
4583.77178 19.796 0.191
4583.82889 19.355 0.104
4583.86435 19.714 0.131
4583.89597 19.590 0.127
4583.92383 19.120 0.085
4585.69006 19.780 0.192
4585.77254 19.479 0.148
4585.93271 19.388 0.180
4586.73147 19.432 0.154
4586.79876 20.306 0.319
4587.78204 19.391 0.124
4588.70517 19.647 0.208
4589.68743 19.780 0.166
4589.84283 19.646 0.186
4589.90481 19.749 0.216
4590.71318 19.301 0.093
4590.91481 19.456 0.120
4591.71867 19.747 0.143
4591.84417 19.638 0.122
4591.91071 19.766 0.161
4592.67736 19.521 0.131
4592.86662 19.543 0.138
4593.66644 19.399 0.128
4593.87618 19.709 0.148
4594.68748 19.422 0.126
4594.88252 19.376 0.109
4595.67705 19.622 0.151
4595.87143 19.682 0.134
4595.93331 19.760 0.192
4596.67221 19.657 0.166
4597.69665 19.603 0.128
4597.88820 19.677 0.138
4598.67293 19.679 0.104
4599.64545 19.498 0.132
4600.65468 19.966 0.303
4600.86344 19.449 0.095
4601.66027 19.447 0.168
4601.87653 19.820 0.123
4602.65291 20.018 0.174
4602.86231 19.478 0.125
4603.89545 19.763 0.154
4606.65420 19.715 0.150
4606.91252 19.552 0.136
4610.75036 19.502 0.190
4611.63968 19.594 0.146
4611.83052 19.427 0.094
4612.66107 19.809 0.247
4615.80282 19.550 0.134
4616.61497 19.556 0.133
4616.82836 19.853 0.154
4616.91128 19.463 0.138
4617.68632 19.412 0.089
4618.62362 19.876 0.310
4621.93718 20.274 0.236
4622.82201 19.803 0.178
4622.93943 20.048 0.271
4623.67939 19.550 0.151
4623.88116 19.705 0.217
4624.60113 19.388 0.128
4624.82528 19.738 0.163
4624.89160 19.285 0.115
4625.61525 19.806 0.195
4625.83464 19.532 0.177
4625.92351 20.056 0.281
4626.61377 19.434 0.235
4626.89350 19.609 0.191
4627.57419 19.665 0.144
4627.86349 19.553 0.102
4627.93075 19.372 0.108
4628.56151 19.371 0.122
4628.76775 19.550 0.164
4628.83322 19.766 0.154
4628.90307 19.407 0.122
4629.63889 19.589 0.107
4629.84149 19.283 0.095
4629.91951 20.204 0.255
4630.57484 19.689 0.143
4630.78066 19.661 0.114
4630.86404 19.526 0.130
4630.92678 19.424 0.140
4631.57619 19.559 0.211
4631.79194 19.599 0.104
4631.87863 19.506 0.125
4632.58001 19.437 0.138
4632.86676 19.710 0.183
4633.57997 19.620 0.132
4633.69148 19.576 0.126
4633.80724 19.457 0.113
4638.76509 19.500 0.132
4638.87530 19.512 0.210
4639.58762 19.958 0.206
4639.68542 19.545 0.128
4640.60711 19.344 0.103
4640.73925 19.437 0.102
4640.84430 19.942 0.255
4641.68113 19.272 0.108
4641.79106 19.812 0.183
4642.60507 19.415 0.103
4642.76758 19.487 0.116
4642.84266 19.886 0.205
4643.56282 19.680 0.155
4644.61019 19.851 0.220
4644.87190 19.717 0.178
4645.53327 19.572 0.172
4645.78173 19.896 0.201
4645.85645 19.498 0.162
4646.53133 20.254 0.213
4646.86369 19.701 0.174
4647.52766 19.508 0.152
4647.75072 19.898 0.185
4647.77443 19.880 0.179
4647.81940 19.620 0.167
4647.86772 19.656 0.209
4648.51084 19.622 0.147
4648.73292 19.593 0.124
4648.82836 19.896 0.217
4649.53690 19.519 0.138
4649.81579 19.495 0.134
4649.87206 19.423 0.163
4650.52291 19.805 0.240
4650.78682 19.624 0.150
4651.52632 19.421 0.145
4651.82139 19.364 0.139
4652.51728 19.631 0.147
4652.73181 19.588 0.117
4652.80530 19.641 0.133
4652.85502 19.658 0.206
4653.51365 19.379 0.151
4653.73280 19.551 0.121
4654.55247 20.158 0.272
4654.76395 19.247 0.103
4655.51354 19.505 0.152
4655.73800 19.529 0.110
4655.79981 19.492 0.138
4656.51543 19.551 0.137
4656.70523 19.965 0.182
4656.82449 19.885 0.236
4657.74279 19.401 0.151
4658.67397 19.438 0.159
4660.62629 19.356 0.152
4661.50351 19.590 0.150
4661.70419 19.537 0.143
4661.76569 19.910 0.229
4661.83289 19.379 0.145
4665.67104 19.578 0.181
4666.57646 19.764 0.226
4666.71956 19.528 0.165
4666.76170 19.481 0.172
4670.66110 19.486 0.149
4671.59672 19.445 0.089
4672.52217 19.540 0.092
4672.71464 19.806 0.140
4672.73690 19.643 0.147
4674.52527 19.470 0.133
4674.71841 19.721 0.145
4677.50196 19.745 0.138
4677.65569 19.841 0.221
4679.55260 19.388 0.141
4681.54333 19.437 0.099
4681.64332 20.059 0.219
4681.77559 19.787 0.186
4682.51432 19.515 0.106
4682.67165 19.461 0.102
4682.76684 19.627 0.140
4683.53281 19.733 0.207
4683.71978 19.457 0.131
4684.52534 19.393 0.106
4684.73906 19.943 0.164
4685.51034 20.255 0.330
4685.74535 19.408 0.121
4686.51409 19.751 0.142
4687.49785 19.563 0.134
4687.75335 20.112 0.253
4688.51073 19.450 0.126
4688.70060 19.477 0.112
4688.76237 19.572 0.165
4693.55853 19.715 0.183
4694.61969 19.885 0.257
4697.51426 19.870 0.152
4698.51980 19.424 0.086
4699.51596 19.968 0.173
4700.52220 19.375 0.091
4701.51751 19.717 0.149
4702.51604 19.620 0.158
4703.58653 19.531 0.123
4704.65625 19.472 0.130
4705.51966 19.709 0.118
4707.65000 19.945 0.178
4708.55291 19.583 0.157
4709.52902 19.774 0.204
4710.55861 19.478 0.134
4715.59799 19.640 0.210
4716.60038 19.483 0.138
4720.56756 19.605 0.162
4721.49995 19.584 0.203
4722.61239 19.900 0.210
4724.52144 19.752 0.203
4725.50024 19.537 0.156
4726.56117 20.070 0.326
4728.60631 19.868 0.232
4730.58045 19.405 0.111
4731.58508 19.774 0.195
4733.53672 19.773 0.158
4734.56605 19.227 0.204
4737.55699 19.916 0.224
4740.56751 19.652 0.191
4741.59885 19.328 0.117
4743.58081 19.380 0.136
4753.56101 19.643 0.210
4756.53985 19.575 0.167
4758.52269 19.543 0.163
4869.88835 19.578 0.214
4870.86428 19.633 0.175
4873.86552 19.598 0.153
4874.85998 19.633 0.247
4877.85978 19.644 0.258
4884.86733 19.444 0.101
4887.83944 19.946 0.176
4890.89540 19.618 0.116
4896.88362 19.574 0.135
4899.85454 19.771 0.149
4900.89595 19.678 0.121
4901.89431 19.403 0.080
4902.89304 19.522 0.100
4904.81718 19.404 0.109
4910.82316 19.373 0.115
4911.79366 19.435 0.077
4912.79065 19.689 0.099
4914.80769 19.786 0.139
4917.76872 19.353 0.085
4920.75300 19.658 0.117
4924.88737 19.476 0.120
4925.82903 19.358 0.084
4925.91660 19.370 0.088
4927.72879 19.751 0.187
4927.88325 19.677 0.160
4928.74525 19.675 0.144
4929.80152 19.377 0.087
4930.71600 19.682 0.188
4930.83494 19.481 0.134
4931.73086 20.488 0.447
4931.87651 19.837 0.175
4932.73388 19.224 0.091
4932.83456 19.559 0.102
4933.78223 19.475 0.207
4934.78068 19.719 0.143
4934.88543 19.327 0.148
4938.69122 19.446 0.123
4938.89600 19.405 0.112
4939.71016 20.087 0.225
4940.71015 19.445 0.102
4941.68888 19.570 0.148
4941.78688 19.525 0.127
4942.72668 19.426 0.097
4943.68073 19.512 0.103
4943.82022 19.366 0.095
4944.67754 19.763 0.131
4944.68619 19.423 0.104
4944.71071 19.454 0.097
4944.74033 19.259 0.082
4944.78276 19.691 0.134
4944.83299 19.843 0.134
4945.67990 19.442 0.103
4945.69906 19.450 0.109
4945.72602 19.509 0.177
4945.75084 19.638 0.101
4945.78245 19.486 0.091
4945.84800 19.425 0.075
4946.67563 19.813 0.151
4946.69224 19.641 0.118
4946.73092 19.285 0.088
4946.80531 19.758 0.095
4947.66936 19.344 0.086
4947.69080 19.610 0.106
4947.72878 19.531 0.084
4947.81497 19.231 0.073
4947.86756 19.687 0.129
4948.67055 19.657 0.117
4948.82882 19.811 0.114
4948.84991 19.500 0.088
4949.66701 19.450 0.108
4949.82916 19.367 0.081
4950.66115 19.703 0.147
4951.65803 19.547 0.143
4952.65629 19.825 0.162
4953.64992 19.364 0.103
4953.82450 19.231 0.091
4954.65150 19.677 0.162
4954.84432 19.660 0.122
4955.65218 19.424 0.126
