2125.55827 18.186 0.044
2129.64078 18.196 0.020
2132.58509 18.240 0.025
2135.72273 18.542 0.028
2140.68076 18.454 0.037
2144.56362 18.400 0.031
2160.55420 18.423 0.034
2168.62170 18.193 0.029
2187.53104 18.204 0.028
2206.52524 18.252 0.045
2331.86662 18.438 0.031
2358.83863 18.177 0.024
2372.79883 18.279 0.021
2382.92296 18.407 0.032
2386.86648 18.242 0.028
2390.80963 18.276 0.028
2397.77171 18.328 0.023
2401.79641 18.496 0.031
2403.85246 18.480 0.025
2405.82103 18.212 0.023
2414.80771 18.504 0.032
2416.77230 18.270 0.023
2424.86500 18.364 0.043
2428.76665 18.393 0.034
2434.67744 18.444 0.027
2436.72308 18.507 0.025
2438.70140 18.305 0.024
2440.84636 18.318 0.031
2443.70671 18.250 0.025
2445.58784 18.346 0.026
2448.57349 18.491 0.074
2453.82644 18.430 0.035
2459.52267 18.548 0.044
2463.49734 18.266 0.033
2464.72749 18.448 0.022
2467.63044 18.263 0.021
2469.64494 18.220 0.018
2471.65667 18.284 0.020
2473.62177 18.492 0.029
2483.68672 18.472 0.034
2486.67002 18.307 0.036
2490.63663 18.240 0.027
2493.59893 18.257 0.028
2495.67054 18.263 0.022
2497.75003 18.449 0.033
2499.77331 18.370 0.030
2502.51786 18.236 0.025
2508.61936 18.194 0.025
2512.56820 18.274 0.033
2517.68994 18.320 0.031
2520.52802 18.232 0.025
2526.62384 18.215 0.022
2537.60429 18.318 0.043
2541.60230 18.385 0.033
2547.54040 18.459 0.034
2551.57655 18.468 0.043
2556.53143 18.309 0.032
2563.56484 18.220 0.030
2574.54331 18.328 0.035
2705.90528 18.171 0.028
2706.87294 18.319 0.027
2714.85724 18.304 0.022
2728.88667 18.278 0.031
2733.86964 18.414 0.037
2744.85732 18.277 0.072
2752.92249 18.232 0.039
2756.88691 18.442 0.027
2760.85518 18.254 0.032
2766.88733 18.422 0.029
2770.77481 18.508 0.036
2783.77563 18.434 0.023
2785.88725 18.308 0.032
2786.88935 18.399 0.036
2789.69532 18.521 0.030
2791.67789 18.242 0.023
2794.82110 18.185 0.023
2796.76234 18.435 0.023
2808.90283 18.333 0.052
2809.90725 18.308 0.041
2810.83427 18.409 0.028
2811.87151 18.216 0.024
2813.66823 18.466 0.029
2815.78992 18.186 0.022
2817.74450 18.485 0.028
2818.80584 18.372 0.029
2820.67806 18.444 0.027
2826.70677 18.280 0.023
2834.74081 18.242 0.039
2835.85070 18.229 0.039
2837.58442 18.448 0.046
2839.62760 18.500 0.032
2841.64673 18.401 0.029
2843.57588 18.447 0.034
2845.60679 18.356 0.029
2849.75924 18.199 0.030
2849.78682 18.199 0.035
2851.76962 18.248 0.036
2853.77249 18.387 0.039
2856.66128 18.265 0.029
2858.63660 18.278 0.032
2863.59554 18.504 0.041
2866.68697 18.296 0.029
2869.67799 18.455 0.031
2872.67245 18.471 0.022
2877.64177 18.398 0.027
2883.61736 18.448 0.030
2892.60731 18.199 0.037
2896.62895 18.436 0.030
2902.59601 18.432 0.039
2907.57100 18.399 0.038
2917.55805 18.426 0.037
2929.59582 18.230 0.039
