2130.49587 19.665 0.135
2133.51285 19.504 0.128
2136.63407 19.974 0.253
2141.62477 20.074 0.269
2144.70549 19.821 0.198
2170.60642 19.566 0.162
2179.50468 19.358 0.195
2189.49977 20.068 0.349
2212.52624 19.740 0.202
2333.90537 19.655 0.216
2337.81206 19.616 0.171
2349.83045 19.419 0.128
2357.82358 19.798 0.156
2365.89816 19.473 0.141
2373.77858 19.641 0.173
2405.85844 19.483 0.133
2464.77300 19.548 0.127
2708.90446 19.616 0.141
2850.63683 19.523 0.117
2858.76417 19.537 0.180
3059.85012 19.591 0.157
3064.86529 19.836 0.203
3068.81863 19.796 0.203
3070.90389 19.414 0.126
3073.85633 19.684 0.159
3075.89240 19.577 0.156
3080.80560 19.734 0.178
3083.75774 19.665 0.145
3085.88005 20.028 0.165
3087.78199 19.535 0.164
3089.83138 19.994 0.144
3091.88321 19.533 0.111
3097.80815 19.693 0.173
3099.89470 19.690 0.237
3101.79982 19.715 0.192
3102.89456 19.781 0.170
3106.89188 19.492 0.163
3107.88240 19.618 0.163
3109.82057 19.410 0.098
3110.88600 19.751 0.143
3112.88557 19.877 0.160
3113.89657 19.743 0.144
3114.82693 19.762 0.144
3115.88736 19.596 0.120
3116.86775 19.692 0.174
3124.76153 19.678 0.193
3126.69905 19.610 0.125
3127.86542 19.567 0.139
3128.86521 20.233 0.316
3130.74420 19.724 0.176
3131.71062 19.723 0.230
3134.87964 19.756 0.383
3137.76478 19.498 0.142
3138.64696 19.790 0.206
3139.93426 19.408 0.117
3142.81499 19.522 0.124
3144.83203 19.649 0.129
3146.88098 19.697 0.139
3151.80270 19.991 0.214
3152.80426 19.710 0.163
3153.80286 19.726 0.205
3154.89052 20.125 0.362
3156.85920 19.963 0.251
3157.91583 19.838 0.211
3158.88198 19.928 0.272
3162.84066 19.628 0.164
3163.81427 20.052 0.183
3164.78842 20.088 0.179
3165.70551 19.493 0.105
3167.65086 20.014 0.251
3168.85293 19.401 0.116
3169.81965 19.785 0.174
3170.63722 19.547 0.102
3171.77527 20.298 0.199
3171.90084 19.605 0.145
3172.79964 19.538 0.138
3173.83707 19.511 0.145
3174.75609 19.650 0.116
3175.80788 19.519 0.119
3177.81317 19.445 0.149
3179.54727 19.597 0.139
3180.77125 19.666 0.105
3182.83136 19.757 0.162
3183.79032 19.290 0.120
3183.83186 19.605 0.188
3184.55123 19.740 0.161
3184.74491 19.499 0.124
3185.49235 19.596 0.213
3185.67603 19.783 0.154
3185.86720 19.581 0.159
3190.64318 19.517 0.158
3191.78143 19.994 0.238
3193.59518 19.766 0.146
3194.54562 19.668 0.177
3194.78812 19.591 0.130
3195.54531 19.857 0.166
3196.73877 19.612 0.138
3197.56943 19.699 0.155
3199.67737 19.626 0.116
3201.53979 19.584 0.128
3202.66852 19.826 0.164
3203.58256 19.558 0.096
3204.61633 19.401 0.086
3205.70752 19.668 0.104
3206.76900 19.752 0.213
3210.49952 19.657 0.177
3211.65476 20.302 0.285
3217.69558 19.648 0.160
3218.69463 19.531 0.182
3223.69859 20.196 0.288
3224.74314 19.545 0.161
3226.67403 19.779 0.230
3228.64446 19.590 0.145
3230.71437 19.520 0.130
3231.61770 20.018 0.221
3232.65123 19.619 0.185
3238.66604 19.532 0.149
3240.51511 19.617 0.151
3241.69873 19.840 0.303
3245.60202 19.507 0.184
3247.48905 19.639 0.154
3249.59542 20.048 0.293
3251.50640 19.278 0.136
3254.56812 19.836 0.251
3255.62002 19.976 0.322
3255.63507 19.591 0.213
3256.54029 19.867 0.250
3256.67611 19.412 0.161
3257.50057 19.405 0.110
3260.53684 20.146 0.338
3261.52471 20.212 0.267
3265.52231 19.562 0.173
3267.57299 19.515 0.148
3274.52355 19.246 0.130
3277.54495 19.198 0.110
3279.60780 19.469 0.144
3282.52271 19.521 0.131
3289.50469 20.098 0.281
3294.49573 20.264 0.309
3301.50487 19.852 0.318
3305.56866 19.793 0.265
3418.88682 19.242 0.090
3423.86043 19.905 0.186
3427.86499 19.510 0.127
3429.89314 19.470 0.146
3436.85026 20.443 0.409
3443.80548 19.641 0.131
3445.84850 19.603 0.115
3447.89698 19.486 0.141
3449.91414 19.386 0.122
3453.81632 19.865 0.219
3455.87622 19.319 0.118
3456.88472 19.352 0.104
3457.87920 20.207 0.237
3459.87016 19.583 0.126
3468.92060 20.375 0.261
3470.91163 19.655 0.134
3472.84101 19.911 0.155
3473.90308 19.554 0.145
3474.90947 19.434 0.116
3475.90061 19.590 0.101
3477.91635 19.707 0.146
3479.78695 19.945 0.143
3480.91589 19.395 0.117
3482.91990 19.878 0.169
3496.77468 19.875 0.231
3497.87593 19.553 0.131
3499.76913 19.469 0.121
3500.85608 19.671 0.128
3502.67188 19.671 0.130
3503.82460 19.740 0.150
3506.78071 19.864 0.201
3508.88820 19.131 0.138
3509.61051 19.743 0.257
3509.63855 19.554 0.140
3509.68633 19.551 0.141
3509.74284 19.533 0.100
3509.76988 19.742 0.132
3509.85474 19.686 0.107
3509.85861 19.677 0.109
3509.91403 19.531 0.102
3510.76459 19.484 0.122
3510.78582 19.701 0.141
3510.81138 20.171 0.190
3510.82615 20.807 0.327
3510.84680 19.881 0.134
3510.87457 19.738 0.115
3510.88661 19.400 0.087
3510.89961 20.011 0.162
3510.90167 19.861 0.150
3510.91509 21.085 0.456
3510.92624 20.748 0.403
3510.93158 19.582 0.138
3511.60073 19.697 0.273
3511.65335 19.496 0.147
3511.71115 19.569 0.155
3511.76072 20.135 0.222
3511.83103 20.456 0.274
3511.86068 19.596 0.121
3511.89222 19.583 0.132
3511.93625 19.631 0.144
3512.69240 19.851 0.191
3512.81047 20.434 0.397
3512.87083 19.153 0.106
3512.93505 19.511 0.134
3520.87443 19.675 0.195
3521.69026 20.241 0.233
3522.79581 20.230 0.258
3523.82997 19.466 0.104
3524.83034 19.533 0.130
3525.90544 19.450 0.129
3526.93625 20.395 0.405
3528.60872 19.643 0.134
3530.82841 19.665 0.100
3537.79616 19.415 0.122
3538.72203 19.298 0.083
3540.77835 19.865 0.163
3544.78843 19.855 0.226
3547.78834 20.048 0.238
3550.80172 20.038 0.191
3551.79643 20.046 0.193
3552.81554 19.903 0.218
3553.79854 20.319 0.473
3554.81743 19.689 0.221
3555.80699 19.783 0.251
3556.71925 19.899 0.187
3558.60332 19.850 0.164
3559.61171 19.884 0.159
3560.65304 19.817 0.106
3561.58949 19.607 0.127
3562.64218 20.313 0.235
3563.69420 19.552 0.119
3569.63279 19.900 0.260
3573.74115 19.427 0.143
3574.73822 19.959 0.212
3575.68002 19.559 0.106
3576.74651 19.776 0.187
3577.78442 19.459 0.144
3578.72113 19.474 0.103
3579.66649 19.347 0.095
3580.70607 19.756 0.179
3581.71926 19.844 0.169
3582.66825 19.650 0.118
3583.68641 19.774 0.142
3584.69036 19.480 0.099
3585.68855 19.716 0.121
3586.74303 19.589 0.122
3588.76970 20.123 0.285
3589.73231 20.407 0.299
3590.72856 20.296 0.279
3591.70359 20.153 0.179
3592.73691 20.062 0.264
3601.70478 19.684 0.188
3602.70510 20.013 0.280
3603.68630 19.873 0.192
3607.68400 19.561 0.156
3609.51185 19.618 0.165
3615.63050 19.868 0.166
3617.65976 19.348 0.117
3619.59269 19.847 0.146
3621.59509 19.688 0.164
3628.65965 19.488 0.200
3629.51778 19.528 0.117
3631.61857 19.624 0.186
3633.54517 19.448 0.162
3634.62424 20.305 0.331
3639.49482 19.497 0.092
3644.58160 19.659 0.146
3649.55499 20.042 0.197
3651.59924 20.316 0.383
3655.56792 19.905 0.236
3659.56576 20.281 0.429
3664.54538 19.555 0.149
3668.53058 19.440 0.157
3676.50956 19.810 0.221
3777.86981 19.551 0.125
3783.85615 20.141 0.213
3785.87166 20.140 0.227
3787.88131 19.833 0.174
3791.85569 19.650 0.174
3793.89992 19.416 0.131
3795.88858 19.410 0.113
3797.80128 20.053 0.245
3798.84747 19.606 0.139
3799.90184 19.611 0.177
3801.85660 19.563 0.126
3802.89106 19.460 0.116
3804.80429 19.519 0.165
3805.84283 19.732 0.164
3806.83956 19.709 0.160
3807.86365 19.589 0.150
3808.86732 19.490 0.125
3810.78234 19.637 0.148
3811.81087 19.555 0.166
3812.89181 19.720 0.168
3813.87432 19.689 0.142
3814.86698 19.563 0.142
3818.78462 19.643 0.148
3819.84820 19.908 0.141
3820.81222 19.622 0.107
3821.81546 19.873 0.155
3822.85919 19.865 0.174
3823.82012 20.003 0.166
3824.81406 20.711 0.488
3825.84612 19.823 0.164
3826.81531 19.591 0.125
3827.84624 19.594 0.109
3828.82642 19.432 0.139
3829.75416 20.098 0.242
3830.78551 20.025 0.191
3832.78843 19.870 0.157
3833.81329 19.685 0.117
3834.78627 19.582 0.115
3835.77398 19.592 0.132
3836.73545 19.655 0.188
3837.77603 19.491 0.130
3838.78401 19.549 0.190
3838.90209 19.624 0.176
3839.77993 19.712 0.163
3840.78309 19.660 0.157
3841.73829 19.661 0.177
3841.88822 19.541 0.127
3842.73664 19.739 0.192
3845.76251 19.593 0.183
3846.77061 19.780 0.159
3846.90695 19.856 0.147
3847.84377 19.711 0.157
3848.79376 19.604 0.148
3848.92505 20.429 0.353
3849.79132 19.603 0.121
3850.74008 19.657 0.140
3850.90937 20.202 0.271
3851.75013 19.672 0.190
3851.91498 20.253 0.241
3852.73863 19.590 0.156
3852.86274 20.034 0.195
3853.73132 19.616 0.097
3853.89702 19.744 0.111
3856.72016 19.268 0.103
3856.90770 19.643 0.129
3858.75647 19.615 0.115
3860.77594 19.990 0.281
3861.70936 19.690 0.159
3861.81345 19.842 0.129
3861.91238 19.548 0.126
3862.69118 19.526 0.131
3862.90590 19.480 0.106
3863.70404 19.614 0.127
3863.84795 19.620 0.126
3863.92394 19.456 0.095
3864.72237 19.624 0.129
3864.90697 19.495 0.095
3865.68152 19.492 0.133
3865.81641 19.761 0.150
3865.89501 19.606 0.116
3866.72629 20.297 0.207
3866.86574 19.522 0.115
3867.67219 19.432 0.132
3867.85762 19.475 0.133
3867.92789 19.624 0.141
3868.68002 19.439 0.159
3868.82382 19.585 0.162
3868.90379 19.779 0.215
3869.64970 19.585 0.162
3869.83886 19.727 0.166
3869.91430 19.486 0.161
3873.71360 19.428 0.101
3873.85264 19.569 0.131
3873.92320 19.611 0.142
3874.71487 19.601 0.180
3874.88723 19.517 0.128
3875.65160 20.254 0.200
3875.79907 19.561 0.101
3875.89807 19.723 0.156
3876.69466 19.891 0.166
3877.67944 19.959 0.144
3877.82827 19.808 0.143
3877.90149 19.406 0.120
3880.88296 19.389 0.100
3881.63029 19.922 0.207
3881.70323 19.558 0.122
3881.84599 19.384 0.084
3882.61531 20.120 0.220
3882.81832 19.626 0.125
3882.88843 19.694 0.138
3883.68069 19.707 0.139
3883.92781 20.351 0.287
3886.64885 19.585 0.131
3886.83557 19.545 0.117
3886.90754 19.848 0.157
3886.93356 19.774 0.178
3887.61603 19.747 0.163
3887.81868 19.746 0.150
3887.84653 19.736 0.143
3887.91859 19.767 0.160
3888.64685 20.808 0.432
3889.79175 19.735 0.127
3890.58685 19.405 0.140
3891.72310 19.522 0.120
3891.84009 20.357 0.258
3891.92181 19.227 0.125
3892.63348 19.775 0.201
3893.67336 19.562 0.126
3893.92476 19.744 0.226
3894.71559 19.806 0.193
3896.65933 19.376 0.162
3900.57461 19.517 0.215
3900.76105 20.074 0.212
3900.83637 19.328 0.127
3901.59479 19.820 0.193
3901.76328 19.467 0.121
3901.84005 19.471 0.150
3901.91256 19.419 0.172
3902.60942 19.584 0.127
3903.70181 19.787 0.190
3904.59245 19.657 0.115
3904.75575 19.672 0.129
3904.82471 19.476 0.102
3904.87753 19.360 0.111
3905.58933 19.419 0.096
3905.76338 19.665 0.110
3905.83599 19.564 0.096
3905.90461 19.413 0.135
3906.52797 19.664 0.204
3906.54605 19.249 0.125
3906.69788 20.316 0.230
3906.77089 19.739 0.139
3906.84347 19.577 0.136
3907.63453 19.545 0.143
3907.82942 19.470 0.160
3908.57072 19.698 0.141
3908.76114 19.486 0.113
3908.83642 19.598 0.113
3909.57583 19.747 0.139
3909.77374 19.647 0.105
3909.85216 19.972 0.208
3910.63204 19.831 0.136
3912.57497 19.485 0.088
3912.77179 19.570 0.089
3912.85964 19.397 0.102
3913.57274 19.514 0.100
3913.77494 19.579 0.115
3913.86477 19.603 0.148
3914.59021 19.961 0.189
3915.57073 19.763 0.150
3915.77408 19.538 0.101
3915.87109 19.632 0.141
3916.61858 20.174 0.266
3916.79126 19.636 0.179
3917.65865 19.686 0.172
3917.86485 19.686 0.187
3918.65733 19.616 0.124
3918.86175 19.718 0.190
3919.60488 19.639 0.169
3919.84195 19.550 0.194
3920.55655 20.225 0.206
3920.75284 19.658 0.114
3920.83161 19.439 0.101
3921.56362 20.267 0.280
3921.76000 19.935 0.270
3922.75649 19.531 0.170
3930.60404 19.925 0.179
3931.55516 19.937 0.201
3931.68184 19.653 0.140
3932.56697 19.682 0.151
3933.55594 19.502 0.103
3933.73730 19.383 0.097
3934.52676 19.431 0.132
3934.65083 19.580 0.099
3934.72059 19.800 0.122
3934.78962 19.759 0.145
3935.57665 19.533 0.118
3935.74797 20.214 0.236
3935.79968 19.389 0.132
3936.53023 19.860 0.201
3936.69555 19.716 0.136
3936.77315 19.929 0.227
3937.60543 19.555 0.114
3938.53777 19.683 0.183
3938.73938 20.177 0.260
3938.79199 20.029 0.243
3940.64077 19.655 0.104
3941.68989 20.177 0.286
3944.59427 20.001 0.176
3945.54315 19.503 0.113
3945.73118 20.045 0.274
3946.55781 19.728 0.154
3946.74284 19.644 0.140
3950.56125 19.754 0.134
3950.78804 19.195 0.112
3951.55740 19.802 0.188
3956.60379 19.468 0.161
3957.54467 19.858 0.178
3958.61744 19.521 0.154
3959.55736 19.766 0.155
3959.72176 19.772 0.183
3960.53540 19.935 0.154
3960.71531 19.710 0.139
3961.61048 20.161 0.336
3963.49703 20.117 0.233
3963.67160 19.540 0.119
3963.74489 20.155 0.319
3964.57022 19.456 0.099
3965.55709 19.729 0.130
3966.54826 19.380 0.111
3966.73282 19.892 0.211
3967.57207 19.638 0.175
3968.53482 19.410 0.129
3968.70634 19.824 0.188
3969.54257 19.854 0.182
3969.71734 19.884 0.213
3970.55055 19.765 0.166
3971.59034 19.647 0.175
3973.61550 19.891 0.198
3974.54529 19.496 0.172
3975.54780 19.541 0.112
3976.54307 19.591 0.153
3979.55619 19.422 0.194
3982.62897 20.203 0.280
3986.61960 20.126 0.276
3987.54196 19.665 0.145
3988.55478 20.164 0.192
3989.61654 19.456 0.160
3990.65879 20.030 0.264
3994.51148 19.849 0.274
3995.60911 19.343 0.107
3999.64661 19.873 0.211
4000.55369 19.453 0.172
4001.54343 19.683 0.144
4002.54009 19.504 0.132
4004.56305 19.484 0.165
4005.56576 19.397 0.186
4006.56400 19.554 0.118
4012.53615 19.655 0.188
4016.58121 19.807 0.234
4019.52088 19.763 0.176
4021.57464 20.306 0.407
4024.52231 19.836 0.184
4026.51782 20.004 0.204
4028.53387 19.751 0.184
4031.53399 19.623 0.177
4039.51841 19.886 0.260
4042.51598 19.833 0.300
4142.88921 19.419 0.270
4150.87502 19.805 0.257
4155.84733 19.479 0.158
4158.80922 19.675 0.162
4160.83721 19.612 0.216
4162.85984 19.742 0.208
4164.89971 20.086 0.242
4167.82729 19.749 0.231
4169.83436 20.076 0.236
4174.84892 19.821 0.190
4176.83062 19.640 0.148
4177.88429 19.641 0.158
4179.78203 19.774 0.184
4180.82877 19.557 0.174
4181.91696 20.134 0.328
4183.79596 19.814 0.192
4184.86401 19.534 0.115
4185.84334 19.865 0.192
4190.86172 19.597 0.138
4192.87406 19.622 0.136
4193.88500 19.683 0.144
4194.90655 19.898 0.159
4196.92693 19.789 0.214
4202.87633 20.033 0.175
4203.86447 20.248 0.224
4204.86363 20.150 0.231
4205.86013 19.550 0.120
4207.86380 19.640 0.117
4208.89346 19.705 0.149
4213.86155 19.637 0.125
4215.89911 19.582 0.146
4216.81994 20.103 0.240
4217.84228 19.645 0.105
4218.88306 19.728 0.155
4219.92401 19.621 0.197
4220.86429 20.129 0.348
4222.83078 19.740 0.149
4228.81880 19.638 0.212
4229.79761 19.430 0.129
4230.78457 19.624 0.117
4231.80667 19.591 0.128
4232.81491 19.983 0.288
4234.75910 19.749 0.176
4235.78398 19.458 0.131
4238.80778 19.888 0.190
4239.90599 19.662 0.201
4243.70154 19.661 0.189
4244.86339 19.599 0.155
4245.85662 19.656 0.157
4246.91132 19.642 0.175
4250.87717 19.772 0.300
4256.72225 19.690 0.226
4258.71930 19.658 0.180
4268.62277 20.184 0.315
4269.66292 19.636 0.142
4272.71382 19.553 0.119
4273.67364 19.642 0.160
4274.65730 19.472 0.127
4275.71417 19.830 0.220
4277.61328 20.107 0.307
4278.68754 19.583 0.178
4283.63294 19.671 0.161
4284.61676 19.591 0.165
4285.62353 19.968 0.267
4286.71739 20.437 0.459
4289.66285 20.269 0.321
4290.72038 19.593 0.205
4291.74105 19.622 0.180
4292.60214 19.690 0.135
4293.62960 19.806 0.150
4294.60138 19.766 0.168
4295.63071 20.237 0.223
4296.61019 20.035 0.157
4297.60398 20.257 0.224
4298.71353 19.810 0.178
4299.68048 19.516 0.131
4300.80532 19.661 0.187
4301.48281 19.965 0.206
4302.76191 19.928 0.192
4307.59699 19.456 0.126
4310.74670 19.643 0.304
4312.64278 19.462 0.128
4315.67661 19.521 0.200
4317.63009 19.678 0.169
4319.63786 19.645 0.170
4320.73927 20.223 0.332
4326.64882 20.002 0.234
4327.67699 20.569 0.481
4328.61802 19.750 0.169
4328.75044 19.697 0.296
4329.60897 19.897 0.255
4330.59157 19.794 0.180
4332.62313 20.166 0.256
4333.61849 20.441 0.369
4334.61272 20.055 0.357
4338.65268 19.580 0.230
4339.62167 19.682 0.172
4340.54242 20.248 0.474
4341.62012 19.636 0.216
4342.65632 19.940 0.287
4343.63568 19.659 0.175
4344.68510 19.636 0.188
4345.63550 19.732 0.223
4346.64080 19.752 0.221
4347.65484 20.073 0.275
4349.62660 19.827 0.182
4351.62526 19.634 0.231
4357.63671 19.859 0.249
4359.60782 19.751 0.224
4370.60588 20.009 0.279
4372.57794 20.018 0.236
4380.58767 19.750 0.190
4515.88301 19.573 0.175
4519.85452 19.724 0.202
4520.84696 19.960 0.292
4523.84531 19.497 0.173
4524.89637 19.571 0.150
4530.88588 19.774 0.140
4534.83260 20.031 0.270
4536.84173 19.872 0.240
4538.85065 19.700 0.170
4540.88051 19.570 0.124
4542.90688 19.989 0.185
4543.86828 19.891 0.160
4544.86508 19.579 0.109
4545.88264 20.178 0.228
4547.90874 19.901 0.201
4550.85639 20.720 0.417
4552.91111 19.877 0.199
4556.87554 19.673 0.129
4557.90154 19.584 0.107
4558.83657 19.469 0.112
4559.86573 19.747 0.151
4560.86619 19.494 0.109
4561.85508 19.482 0.088
4564.85928 19.658 0.129
4565.84818 19.603 0.110
4566.85019 19.653 0.116
4567.85449 19.424 0.107
4568.88453 19.932 0.190
4569.87043 19.447 0.106
4570.87572 19.719 0.147
4571.84123 19.568 0.115
4572.87900 19.404 0.185
4573.85476 19.489 0.107
4574.85692 19.802 0.178
4575.86861 19.624 0.146
4579.92092 20.378 0.358
4583.84072 20.012 0.243
4586.82120 19.843 0.219
4587.85897 20.117 0.240
4588.74731 19.719 0.165
4589.78107 20.001 0.221
4590.79545 20.226 0.260
4591.77271 19.967 0.191
4592.78485 20.029 0.248
4593.77025 20.167 0.249
4594.79857 19.882 0.158
4595.78909 19.643 0.136
4596.80962 19.455 0.119
4597.80687 19.861 0.178
4598.77626 19.642 0.116
4599.75566 19.755 0.133
4600.76123 19.592 0.113
4601.76590 19.462 0.102
4602.76347 19.388 0.090
4606.81329 19.655 0.207
4610.88635 19.779 0.194
4611.74754 19.655 0.166
4611.93406 20.304 0.344
4616.73632 19.528 0.121
4617.90717 20.396 0.480
4622.71611 19.752 0.180
4623.79597 19.844 0.241
4624.73478 19.586 0.134
4625.71609 19.649 0.191
4626.77103 19.947 0.219
4627.69544 19.794 0.146
4628.68562 19.561 0.121
4629.75128 20.100 0.223
4630.69109 19.552 0.124
4631.70943 19.730 0.130
4632.73211 20.252 0.224
4633.87198 19.784 0.222
4640.78806 19.823 0.207
4641.87328 19.454 0.198
4642.71097 19.637 0.177
4643.67704 19.546 0.142
4644.76011 19.923 0.212
4645.67883 19.639 0.164
4646.64653 19.534 0.104
4647.66772 19.561 0.122
4648.66162 19.653 0.129
4648.77103 19.561 0.139
4649.65184 19.684 0.127
4650.68329 19.577 0.144
4651.69462 19.464 0.158
4652.62305 19.634 0.147
4653.61690 19.501 0.120
4654.65606 19.506 0.116
4655.62035 19.521 0.140
4656.62356 19.896 0.216
4658.78078 19.647 0.226
4661.61293 19.695 0.154
4666.54572 19.940 0.233
4671.66956 19.689 0.160
4672.62906 19.838 0.211
4674.65723 20.108 0.263
4677.68192 19.504 0.161
4681.68526 19.675 0.192
4682.64093 19.572 0.135
4683.63881 19.715 0.179
4684.65732 19.784 0.209
4685.68344 19.738 0.170
4686.75601 19.471 0.139
4687.67150 19.885 0.250
4688.61767 19.571 0.144
4694.70173 19.796 0.313
4697.62302 19.880 0.270
4698.64457 19.488 0.157
4700.63978 19.663 0.203
4701.62268 19.342 0.128
4702.63752 19.283 0.133
4704.69876 19.946 0.255
4708.65912 19.865 0.211
4710.67707 20.395 0.375
4720.59020 19.646 0.208
4721.62576 19.438 0.223
4724.64250 19.357 0.174
4725.65847 20.000 0.352
4726.61868 19.708 0.231
4733.58289 19.683 0.220
4738.54309 20.137 0.294
4741.62508 19.510 0.163
4763.50637 19.860 0.246
4876.87925 19.629 0.172
4883.86504 19.507 0.157
4886.82543 19.683 0.185
4886.83200 19.472 0.154
4888.85952 19.605 0.156
4892.85358 19.822 0.209
4898.82385 19.532 0.169
4901.82671 20.686 0.419
4903.87410 19.491 0.125
4905.87049 19.691 0.205
4912.85528 19.733 0.124
4914.90139 19.645 0.144
4924.75090 19.628 0.127
4925.86859 19.768 0.141
4928.75886 19.889 0.211
4930.80291 19.490 0.151
4931.84737 19.632 0.164
4932.85591 20.698 0.381
4933.85080 20.461 0.400
4934.90662 19.699 0.321
4938.83070 19.944 0.250
4940.77223 19.704 0.169
4941.80796 19.642 0.170
4942.75101 20.359 0.227
4944.75335 20.068 0.218
4945.80645 19.702 0.120
4950.86639 20.557 0.409
4953.84583 20.204 0.307
4954.81528 19.546 0.132
4955.80666 19.442 0.142
