2127.52477 19.078 0.103
2130.55734 19.107 0.077
2133.56703 19.049 0.067
2136.68829 19.377 0.111
2141.67827 19.175 0.122
2172.56858 18.937 0.098
2179.55803 19.288 0.181
2189.55319 18.920 0.101
2214.53608 19.038 0.144
2337.86521 19.004 0.063
2352.88741 19.336 0.113
2361.88118 18.964 0.069
2373.83204 19.090 0.082
2464.80297 18.969 0.068
2816.69894 19.005 0.068
2852.65422 19.502 0.154
2859.66823 18.956 0.105
3059.88549 18.943 0.062
3068.84982 19.421 0.102
3071.90232 19.003 0.069
3074.79435 19.612 0.141
3077.80311 19.211 0.235
3080.85077 18.909 0.064
3083.79775 18.939 0.055
3085.90885 19.140 0.066
3087.84448 18.981 0.060
3089.86519 19.016 0.056
3091.86516 19.016 0.061
3097.84393 19.053 0.064
3099.86989 19.368 0.092
3101.84299 18.970 0.081
3102.87151 19.192 0.085
3104.78712 19.114 0.141
3107.79420 18.941 0.060
3108.82385 19.034 0.063
3110.91366 19.104 0.078
3112.87077 18.981 0.066
3114.86564 18.884 0.059
3116.85329 19.345 0.092
3122.86912 18.969 0.099
3125.92987 18.919 0.083
3126.82273 19.043 0.064
3127.90876 19.205 0.081
3128.89811 18.977 0.084
3130.77561 18.951 0.086
3131.64099 19.495 0.234
3134.91110 19.014 0.227
3135.79600 18.968 0.066
3137.84838 18.874 0.079
3138.73313 18.997 0.069
3140.70485 18.976 0.060
3140.93866 18.902 0.101
3141.76992 18.970 0.059
3142.84421 18.966 0.066
3144.86217 19.096 0.071
3146.93193 18.909 0.063
3151.83749 19.006 0.075
3152.83586 18.956 0.069
3153.83441 19.047 0.088
3153.84188 19.064 0.093
3153.86935 18.988 0.093
3153.89117 19.031 0.086
3153.91474 18.852 0.069
3153.93881 19.002 0.118
3154.65748 18.908 0.083
3154.72615 19.040 0.095
3154.77849 19.008 0.082
3154.87868 19.128 0.114
3154.91063 18.808 0.089
3154.93759 19.295 0.169
3156.57771 19.023 0.139
3156.73467 19.380 0.095
3156.80548 19.200 0.153
3156.92703 19.026 0.083
3157.76554 19.015 0.090
3157.94013 19.020 0.114
3158.60009 19.054 0.124
3158.70110 18.685 0.110
3161.61072 19.094 0.268
3162.57510 19.215 0.130
3162.63541 19.394 0.119
3162.87225 18.978 0.081
3163.60855 19.026 0.074
3163.83454 18.931 0.062
3164.60557 18.987 0.064
3164.82026 19.329 0.108
3165.63515 19.126 0.074
3165.67648 18.941 0.052
3166.65630 19.040 0.102
3167.60279 18.988 0.082
3167.68310 19.033 0.077
3168.57903 19.241 0.077
3168.83337 19.043 0.069
3169.86343 18.988 0.079
3170.58963 19.064 0.073
3170.65454 18.962 0.049
3170.89056 18.902 0.061
3171.52229 19.221 0.098
3171.71180 18.978 0.053
3172.53429 19.031 0.081
3173.74678 19.286 0.099
3173.82058 19.014 0.082
3173.85816 18.963 0.075
3174.78783 18.985 0.063
3174.86129 18.990 0.071
3174.90903 18.884 0.070
3175.54508 18.987 0.069
3175.77626 18.996 0.061
3175.78314 19.008 0.062
3175.78970 19.098 0.075
3175.79269 19.098 0.066
3175.79567 19.066 0.069
3175.79857 19.024 0.069
3175.80147 19.079 0.065
3175.80456 19.060 0.066
3175.81101 18.978 0.060
3175.83081 19.120 0.075
3175.84880 19.078 0.082
3175.86876 19.084 0.087
3175.89983 19.384 0.123
3175.91746 19.547 0.144
3176.52222 18.925 0.110
3176.57859 19.153 0.110
3176.63071 19.151 0.098
3177.63485 19.051 0.107
3177.70930 18.924 0.095
3177.80043 18.830 0.095
3177.84442 18.847 0.107
3178.53727 19.092 0.102
3178.59120 18.982 0.090
3178.68918 19.134 0.084
3178.76823 18.996 0.070
3179.51536 19.010 0.071
3179.56578 19.207 0.076
3179.58732 19.527 0.112
3179.71962 19.014 0.069
3179.80447 19.041 0.073
3179.88914 18.937 0.079
3180.49579 19.100 0.109
3180.61461 18.877 0.046
3180.70594 18.953 0.051
3180.78569 19.024 0.059
3180.80571 18.970 0.050
3180.89328 18.978 0.070
3182.50688 19.009 0.126
3182.60176 19.176 0.097
3182.67605 18.983 0.073
3182.79140 18.879 0.063
3182.86593 19.189 0.083
3183.57406 19.045 0.076
3183.72643 19.185 0.096
3183.83627 18.889 0.076
3184.49460 18.875 0.082
3184.63246 18.925 0.048
3184.78038 19.419 0.099
3185.51873 19.483 0.137
3185.63521 18.961 0.060
3185.87586 18.974 0.080
3193.63051 19.435 0.097
3194.53018 19.023 0.089
3194.82091 19.005 0.070
3195.75409 18.974 0.058
3196.60695 19.553 0.179
3196.84976 19.087 0.083
3197.52517 18.877 0.058
3197.79548 19.011 0.082
3201.84277 19.150 0.113
3202.78656 19.111 0.077
3203.61563 18.970 0.046
3204.76376 18.975 0.063
3205.69405 18.947 0.053
3210.59127 19.409 0.098
3211.75752 19.098 0.087
3217.73345 18.823 0.082
3218.74443 19.280 0.142
3226.72854 19.044 0.095
3228.69896 19.104 0.092
3229.72972 18.972 0.082
3230.74556 18.960 0.079
3231.67286 19.028 0.081
3238.69741 19.204 0.103
3240.54734 19.161 0.085
3245.65925 19.116 0.095
3247.52132 19.446 0.091
3249.64059 19.169 0.100
3251.53606 19.002 0.085
3254.61762 18.974 0.091
3257.55551 19.005 0.053
3265.58457 19.081 0.077
3267.61218 19.282 0.092
3273.51615 18.826 0.099
3277.53058 19.059 0.096
3280.53245 19.017 0.082
3289.53626 19.130 0.092
3294.53155 19.212 0.080
3296.53070 18.948 0.073
3302.52781 19.120 0.138
3418.87054 19.125 0.072
3424.85420 19.241 0.106
3427.85608 18.888 0.074
3430.83770 19.103 0.074
3436.88432 18.965 0.074
3443.85545 19.309 0.072
3445.88387 18.941 0.045
3448.79050 18.908 0.070
3450.80784 19.030 0.053
3453.85127 18.992 0.072
3458.88653 18.807 0.056
3459.90171 19.137 0.074
3468.88521 19.145 0.067
3469.88792 18.911 0.046
3472.87276 18.995 0.055
3474.80646 19.306 0.077
3476.78306 19.017 0.056
3478.87840 18.927 0.058
3480.89427 18.933 0.065
3483.82886 19.056 0.075
3496.93598 19.156 0.107
3497.90923 19.188 0.091
3500.91828 19.013 0.067
3502.90248 19.368 0.087
3503.88400 18.867 0.047
3506.94277 18.976 0.091
3508.92008 19.162 0.121
3509.90290 19.168 0.062
3511.92642 18.982 0.057
3512.91960 18.922 0.079
3520.67864 18.960 0.072
3521.80934 19.074 0.073
3522.87703 19.233 0.088
3524.86824 18.951 0.068
3527.73696 19.006 0.046
3528.89584 19.052 0.075
3530.87418 19.097 0.052
3530.90555 19.231 0.067
3538.86370 19.045 0.074
3541.89786 19.114 0.103
3544.89528 19.133 0.124
3547.86264 18.948 0.082
3550.83945 19.569 0.115
3551.85151 18.873 0.057
3552.84685 19.109 0.111
3554.85339 19.007 0.081
3556.85794 19.472 0.170
3558.63484 19.011 0.059
3559.64329 18.967 0.057
3560.71962 18.962 0.061
3561.64115 19.067 0.060
3562.67447 19.453 0.086
3563.73893 18.917 0.063
3569.66688 19.273 0.190
3573.79728 19.317 0.126
3574.76948 18.905 0.084
3575.71144 18.909 0.054
3576.77807 18.998 0.079
3579.70111 19.175 0.060
3581.75059 19.078 0.068
3582.69950 19.056 0.061
3583.71773 19.112 0.077
3584.72171 18.959 0.061
3585.72026 18.862 0.044
3586.77428 18.922 0.054
3590.76002 19.330 0.098
3591.74510 18.856 0.054
3592.71939 19.052 0.061
3603.73152 18.832 0.069
3608.70809 18.915 0.061
3615.66584 18.758 0.064
3617.62744 18.904 0.073
3619.62458 19.102 0.083
3621.66621 19.165 0.087
3629.55050 18.932 0.062
3631.57932 18.851 0.071
3634.53512 18.989 0.061
3640.53829 18.980 0.082
3644.61360 19.762 0.161
3649.58952 19.197 0.081
3652.56348 19.105 0.117
3656.55622 18.984 0.097
3660.56041 19.082 0.106
3665.54670 19.100 0.094
3671.49959 18.942 0.115
3778.85309 19.157 0.101
3783.89201 19.076 0.073
3786.87929 18.959 0.090
3792.89709 19.054 0.071
3794.89622 19.048 0.067
3796.88806 19.007 0.061
3797.88769 18.868 0.050
3800.86873 19.099 0.077
3802.81561 18.968 0.065
3803.84827 18.960 0.060
3804.89542 18.867 0.082
3806.90790 18.949 0.060
3808.89288 19.019 0.062
3810.80895 19.088 0.082
3812.79508 19.236 0.102
3814.78601 19.172 0.079
3818.85083 19.211 0.076
3819.91029 19.102 0.053
3820.90254 19.078 0.061
3821.91390 18.964 0.055
3823.91080 18.883 0.050
3824.92082 19.160 0.135
3825.91286 19.078 0.082
3826.91198 19.377 0.092
3827.91206 18.835 0.071
3829.92013 19.146 0.068
3830.88937 18.976 0.055
3832.92065 18.999 0.077
3833.91077 19.045 0.067
3834.82782 18.987 0.051
3835.88715 19.013 0.051
3836.88975 19.136 0.067
3837.86850 19.019 0.055
3838.87267 19.084 0.075
3839.89167 19.004 0.088
3840.87568 19.134 0.074
3841.85905 18.904 0.055
3842.77292 19.010 0.081
3845.86604 19.265 0.241
3846.86734 19.534 0.084
3847.91382 19.049 0.106
3848.88322 19.094 0.080
3849.91214 18.927 0.063
3850.83222 18.924 0.062
3851.83855 18.966 0.074
3852.83064 19.176 0.076
3853.81991 18.964 0.045
3856.80854 19.061 0.066
3860.86398 19.441 0.124
3861.87926 18.840 0.053
3862.82284 19.080 0.075
3863.80064 19.149 0.063
3864.82451 19.035 0.048
3865.78694 18.923 0.063
3866.75257 19.335 0.076
3867.76348 19.014 0.080
3868.75473 19.002 0.077
3869.73727 19.589 0.123
3873.73993 18.999 0.057
3874.78677 19.084 0.082
3875.77002 18.945 0.050
3877.72838 18.887 0.051
3880.79575 19.497 0.086
3881.80366 18.908 0.050
3882.73862 19.019 0.064
3883.79063 19.445 0.084
3886.75396 19.263 0.080
3887.73380 19.094 0.068
3889.89550 19.002 0.058
3891.62711 18.868 0.065
3892.76280 18.962 0.066
3893.79943 18.955 0.076
3894.83058 19.411 0.135
3896.78408 18.796 0.088
3900.67783 18.950 0.091
3901.68330 19.060 0.063
3902.70089 18.832 0.053
3903.84917 18.954 0.062
3904.68065 18.914 0.042
3905.69142 18.890 0.049
3906.66924 19.213 0.082
3907.73524 18.799 0.074
3908.67520 18.962 0.049
3909.67327 19.100 0.048
3912.67733 18.944 0.038
3913.67758 19.094 0.059
3914.73701 19.401 0.087
3915.67444 19.020 0.052
3916.75617 19.056 0.082
3917.77340 19.094 0.086
3918.77365 18.995 0.062
3919.70385 18.856 0.048
3920.65750 19.509 0.111
3921.66600 18.831 0.072
3930.72766 19.022 0.070
3931.64381 19.156 0.080
3932.60763 18.979 0.048
3933.65515 18.952 0.049
3934.62156 19.064 0.056
3934.83049 19.162 0.082
3935.60261 18.921 0.051
3936.58768 19.077 0.074
3937.66642 19.226 0.077
3938.63263 19.174 0.085
3940.77669 18.989 0.064
3944.74042 19.020 0.058
3945.66903 19.113 0.067
3946.65982 19.135 0.073
3950.67511 19.115 0.059
3951.69754 19.217 0.096
3959.64683 19.020 0.072
3960.63790 18.888 0.050
3963.64326 18.998 0.063
3964.68645 18.968 0.056
3965.65425 19.131 0.062
3966.64867 18.981 0.058
3967.67218 18.969 0.054
3968.63172 19.522 0.105
3969.64214 18.992 0.066
3970.64892 18.987 0.059
3971.68019 18.994 0.059
3974.64599 18.968 0.063
3975.63853 18.991 0.063
3976.63248 19.027 0.067
3987.62981 18.875 0.060
3989.58008 19.047 0.082
3991.58152 19.225 0.094
3995.52933 18.982 0.063
4001.59965 19.005 0.065
4002.63523 19.340 0.100
4003.58967 18.956 0.063
4011.57303 19.027 0.087
4016.54286 19.153 0.114
4017.57570 18.959 0.076
4019.58383 19.254 0.139
4023.56665 19.046 0.101
4025.51818 19.120 0.084
4027.52592 19.007 0.086
4030.51797 19.039 0.098
4153.83775 19.012 0.085
4155.87250 19.017 0.073
4158.83425 18.955 0.082
4162.88500 18.969 0.080
4165.86931 19.078 0.106
4167.86226 19.017 0.080
4169.86470 18.994 0.064
4174.87866 19.082 0.067
4176.85598 19.007 0.071
4177.91290 18.988 0.115
4179.80718 19.101 0.077
4180.87571 19.143 0.085
4182.78409 19.025 0.062
4183.82101 19.122 0.079
4185.79685 19.083 0.072
4190.89484 19.113 0.077
4192.89904 19.024 0.067
4193.91005 18.944 0.059
4196.88968 18.979 0.067
4202.90131 18.988 0.064
4203.88948 19.039 0.057
4204.89629 19.068 0.065
4205.88511 18.960 0.065
4207.91284 19.041 0.065
4208.91848 18.993 0.066
4213.89000 18.964 0.054
4216.84865 19.012 0.066
4217.87153 18.904 0.050
4218.91525 19.153 0.077
4220.90215 18.997 0.106
4222.86215 18.991 0.073
4228.86307 19.104 0.108
4229.82900 18.982 0.065
4230.80965 18.953 0.056
4231.85196 18.893 0.056
4232.87290 19.569 0.152
4234.81033 18.946 0.056
4234.84781 19.014 0.066
4235.83144 19.381 0.082
4237.64831 18.889 0.072
4238.83596 19.357 0.107
4240.63405 18.827 0.079
4243.88232 19.179 0.095
4244.89302 18.895 0.067
4245.93212 18.946 0.078
4246.93642 19.452 0.143
4247.59351 19.037 0.079
4250.92271 19.032 0.108
4256.82109 18.928 0.106
4257.70498 18.997 0.079
4258.80736 18.979 0.082
4268.58839 19.002 0.089
4269.72880 19.039 0.071
4272.65004 19.044 0.062
4273.69746 19.001 0.072
4274.68132 19.078 0.076
4275.73810 19.451 0.134
4277.57896 19.046 0.093
4278.71232 19.121 0.103
4283.65914 18.901 0.067
4284.64057 19.040 0.082
4285.64753 19.142 0.111
4286.74127 19.297 0.124
4289.69106 19.216 0.101
4291.58542 19.208 0.111
4292.62594 19.033 0.059
4293.65433 18.923 0.051
4294.69491 18.997 0.066
4295.65554 19.328 0.073
4296.63839 18.953 0.054
4297.56560 18.994 0.056
4298.79777 18.911 0.094
4299.76730 19.021 0.062
4300.70345 19.108 0.068
4301.56656 19.252 0.080
4302.80052 18.939 0.078
4306.55757 19.096 0.097
4311.60009 18.932 0.104
4312.66737 19.017 0.074
4317.65446 18.889 0.066
4319.66340 19.067 0.085
4326.67257 19.223 0.087
4327.70831 19.008 0.090
4328.64309 19.087 0.072
4329.63376 19.255 0.100
4330.64772 19.055 0.070
4331.64313 18.997 0.065
4332.69777 19.059 0.084
4333.64692 19.197 0.098
4334.66040 18.924 0.134
4338.68001 19.259 0.140
4339.64994 19.010 0.121
4340.71315 18.963 0.104
4341.69460 19.059 0.131
4342.69107 18.926 0.105
4343.66086 19.140 0.083
4345.66071 19.080 0.128
4346.66590 18.982 0.082
4347.68003 18.943 0.079
4349.65509 19.064 0.082
4350.67967 18.971 0.077
4351.65053 19.051 0.079
4354.65928 19.303 0.109
4357.59729 19.192 0.115
4359.57079 18.992 0.067
4365.61573 18.937 0.109
4368.61527 19.056 0.135
4370.57090 19.040 0.075
4372.60370 18.943 0.077
4377.56443 19.589 0.167
4381.60683 18.988 0.137
4517.89818 19.021 0.121
4520.89032 18.876 0.077
4523.87047 18.985 0.080
4525.86519 19.252 0.140
4532.89339 19.108 0.080
4535.85554 19.008 0.082
4537.80549 19.115 0.076
4539.81028 18.955 0.070
4541.84218 18.998 0.064
4543.83189 18.878 0.055
4544.82873 18.880 0.064
4545.84633 19.491 0.104
4547.82011 19.025 0.070
4550.81909 19.143 0.101
4552.80920 19.179 0.130
4556.90096 19.309 0.085
4558.89600 19.027 0.059
4559.89104 19.246 0.083
4560.89119 18.952 0.052
4561.88026 18.952 0.048
4564.88440 18.983 0.052
4565.87402 19.058 0.048
4566.87524 19.138 0.056
4567.88082 19.004 0.057
4568.91301 18.995 0.061
4569.89907 19.128 0.074
4570.90466 19.007 0.068
4571.86626 18.945 0.052
4572.90486 18.965 0.066
4573.87989 19.311 0.064
4574.88840 19.038 0.071
4575.89968 18.957 0.059
4583.86990 19.139 0.083
4585.85363 18.955 0.058
4586.87241 18.917 0.066
4587.88430 19.195 0.100
4588.77454 18.961 0.061
4589.74387 18.969 0.070
4590.82352 19.056 0.067
4591.73636 19.047 0.071
4592.80988 18.934 0.075
4593.79537 19.273 0.078
4594.82369 19.148 0.078
4595.81451 19.091 0.072
4596.77013 19.435 0.076
4596.89448 19.068 0.068
4596.92973 19.051 0.070
4597.75360 18.975 0.062
4597.83202 19.029 0.071
4598.65026 19.242 0.069
4598.80152 18.868 0.040
4599.78073 19.051 0.054
4600.80314 18.950 0.044
4601.79171 18.929 0.051
4602.79535 19.053 0.058
4606.85721 18.945 0.071
4611.77278 19.083 0.123
4616.76493 18.936 0.048
4618.66936 18.741 0.060
4622.74812 19.050 0.068
4623.82114 19.070 0.082
4624.75992 19.086 0.082
4625.74351 18.961 0.076
4626.80495 19.059 0.086
4627.72218 19.037 0.051
4628.71101 18.947 0.056
4629.78053 18.964 0.059
4630.71973 19.501 0.084
4631.73556 18.902 0.046
4632.76938 18.978 0.060
4633.90481 18.955 0.096
4639.85755 18.856 0.139
4641.89964 19.148 0.131
4642.54539 19.487 0.115
4643.70246 19.005 0.072
4644.79197 19.378 0.096
4645.70457 19.029 0.078
4646.67151 18.984 0.053
4647.69349 19.217 0.089
4649.67798 18.922 0.057
4650.71611 18.984 0.073
4651.71666 19.144 0.077
4652.64922 19.069 0.075
4653.66304 19.264 0.073
4654.68150 18.894 0.064
4655.68216 19.023 0.053
4656.64855 19.050 0.075
4661.63824 18.966 0.056
4666.50944 19.061 0.095
4670.74100 19.189 0.119
4671.69452 19.009 0.067
4672.65433 19.101 0.078
4674.68231 19.079 0.071
4677.72642 19.053 0.082
4681.71037 19.299 0.100
4682.70798 18.986 0.061
4683.66402 19.008 0.080
4684.68279 18.976 0.066
4684.77595 19.133 0.111
4685.70857 19.061 0.074
4687.69683 18.878 0.079
4688.64274 19.091 0.073
4694.72686 18.774 0.100
4697.65160 19.165 0.101
4698.66974 19.343 0.111
4700.66495 19.020 0.073
4701.64828 19.205 0.095
4702.66274 19.017 0.082
4708.68434 18.962 0.073
4715.64542 19.307 0.137
4720.65110 19.379 0.245
4721.65889 18.903 0.103
4722.64912 18.969 0.093
4725.62202 19.223 0.130
4726.65023 19.094 0.122
4733.61132 19.024 0.088
4739.50404 18.947 0.073
4750.55338 19.207 0.132
4757.56025 19.048 0.082
4763.53657 18.980 0.090
4877.87659 18.937 0.060
4883.89048 19.146 0.115
4886.85719 19.640 0.132
4890.82970 19.273 0.117
4894.88069 18.892 0.087
4898.89832 19.025 0.068
4900.85945 19.072 0.075
4902.83666 19.000 0.067
4903.89934 19.017 0.064
4904.86482 19.026 0.066
4911.90004 18.992 0.048
4913.91349 19.013 0.066
4924.90796 19.138 0.069
4926.76933 18.959 0.067
4928.81470 19.116 0.081
4930.75018 19.052 0.089
4931.89231 19.445 0.097
4932.80015 19.145 0.072
4933.74775 19.148 0.100
4934.84605 19.607 0.132
4938.85451 18.984 0.074
4940.79926 19.118 0.080
4941.85104 19.172 0.081
4942.87710 19.070 0.070
4943.73368 19.313 0.075
4944.79855 19.116 0.063
4949.81303 18.890 0.056
4951.83800 19.648 0.140
4953.74254 18.910 0.060
