2125.67797 18.632 0.085
2129.73066 18.468 0.046
2132.67366 18.572 0.059
2136.57709 18.335 0.056
2141.59222 18.517 0.048
2144.67555 18.639 0.057
2160.63158 18.745 0.081
2170.57250 18.587 0.055
2178.58328 18.573 0.126
2211.53652 18.553 0.092
2333.87310 18.475 0.053
2344.83443 18.471 0.051
2355.88525 18.499 0.048
2364.87688 18.492 0.058
2372.88866 18.562 0.056
2384.82360 18.959 0.064
2388.82277 18.530 0.053
2390.86077 18.531 0.061
2393.85495 18.638 0.123
2400.80224 18.623 0.061
2402.90893 18.560 0.062
2406.85173 18.552 0.061
2414.87438 19.186 0.103
2416.88999 18.477 0.064
2424.74861 18.546 0.066
2428.73383 18.635 0.054
2432.88536 18.475 0.081
2434.77338 18.576 0.054
2436.82132 18.502 0.054
2438.79499 18.477 0.048
2441.75730 18.621 0.057
2445.67417 18.505 0.049
2448.69420 18.517 0.053
2454.79065 18.461 0.075
2459.68581 18.594 0.050
2460.70387 18.426 0.058
2463.58512 18.516 0.043
2466.60490 18.509 0.047
2468.73120 18.583 0.044
2470.71494 18.454 0.042
2472.74535 18.533 0.052
2481.60173 18.671 0.085
2484.66504 18.615 0.065
2486.75774 18.640 0.092
2490.74094 18.432 0.077
2493.68564 18.198 0.054
2496.53168 18.473 0.041
2498.55229 18.546 0.039
2500.59574 18.669 0.053
2502.60935 18.539 0.050
2508.70756 18.434 0.070
2512.65704 18.635 0.104
2517.55846 18.819 0.085
2520.62593 18.472 0.050
2529.49178 18.496 0.064
2538.54343 18.537 0.061
2542.57120 18.522 0.051
2548.49971 18.444 0.070
2552.53602 18.525 0.067
2557.50120 18.587 0.066
2564.52261 18.251 0.053
2708.85013 18.535 0.044
2719.85581 18.419 0.055
2729.87783 18.557 0.062
2734.81679 18.516 0.041
2747.74141 18.417 0.084
2753.92643 18.899 0.091
2757.85255 18.815 0.074
2761.90136 18.508 0.049
2767.84833 18.598 0.068
2775.76517 18.600 0.082
2782.68652 18.428 0.070
2782.70091 18.556 0.062
2784.60917 18.564 0.056
2786.82718 18.668 0.062
2788.63909 18.489 0.050
2790.74352 19.022 0.074
2793.85327 18.462 0.061
2793.86462 18.551 0.062
2793.88164 18.709 0.080
2793.88526 18.438 0.050
2793.89568 18.525 0.058
2793.90492 18.591 0.060
2793.91355 18.614 0.070
2793.92231 18.499 0.074
2793.93144 18.421 0.064
2793.93766 18.416 0.069
2793.95112 18.658 0.150
2794.54063 18.629 0.105
2794.58339 18.695 0.091
2794.59339 18.920 0.107
2794.60212 18.824 0.093
2794.61049 18.857 0.104
2794.63441 19.249 0.114
2794.70248 18.601 0.060
2794.76567 18.555 0.057
2794.93062 18.531 0.071
2795.63111 18.846 0.058
2795.66892 18.601 0.044
2795.72439 18.609 0.050
2796.55591 19.060 0.086
2796.68089 18.532 0.043
2796.79845 18.513 0.048
2796.82250 18.568 0.052
2796.85330 18.581 0.047
2796.86727 18.517 0.047
2796.87462 18.558 0.056
2796.88057 18.481 0.054
2796.88671 18.533 0.054
2796.89283 18.579 0.056
2796.90221 18.537 0.056
2796.91151 18.629 0.062
2796.92039 18.413 0.050
2796.94036 18.554 0.068
2797.56578 18.753 0.070
2797.64306 18.535 0.041
2797.84594 18.574 0.046
2802.57117 18.617 0.093
2802.73544 18.530 0.068
2808.79693 18.464 0.064
2809.75800 18.516 0.059
2811.68512 18.482 0.057
2812.81444 18.348 0.059
2813.85823 18.561 0.058
2815.83887 18.583 0.055
2816.85986 18.661 0.065
2818.62954 18.463 0.048
2819.80605 18.940 0.080
2821.69191 18.574 0.057
2835.67732 18.527 0.060
2837.68506 18.715 0.107
2838.82081 18.598 0.098
2840.73813 18.492 0.063
2843.68941 18.640 0.062
2845.68677 18.432 0.049
2850.57566 18.479 0.041
2854.58785 18.536 0.056
2857.49810 18.489 0.055
2858.71046 18.594 0.066
2859.57095 18.889 0.111
2862.65755 18.431 0.071
2866.60703 18.451 0.061
2868.70887 18.629 0.060
2871.62714 18.583 0.050
2877.52907 18.481 0.056
2883.62372 18.432 0.049
2892.55004 18.586 0.066
2895.61565 18.449 0.048
2900.62732 18.532 0.065
2905.62644 18.586 0.078
2909.63576 18.656 0.073
2920.55069 18.870 0.124
2931.54751 18.422 0.046
3052.85736 18.600 0.057
3059.83029 18.589 0.061
3064.84717 18.502 0.073
3068.80096 18.877 0.104
3070.87962 18.487 0.058
3073.83570 18.507 0.053
3075.87380 18.588 0.054
3080.77802 18.484 0.056
3082.90585 18.450 0.048
3085.83628 18.649 0.056
3086.91091 18.475 0.046
3088.82891 18.517 0.041
3090.74198 18.486 0.042
3096.89717 19.245 0.122
3099.79287 19.147 0.092
3101.76911 18.887 0.092
3103.80208 18.488 0.049
3104.86073 18.863 0.207
3106.87399 18.308 0.054
3108.79451 18.499 0.041
3109.85340 18.432 0.041
3110.85983 18.613 0.057
3112.84512 18.654 0.053
3114.80974 18.686 0.051
3116.89782 18.456 0.053
3122.93574 18.495 0.095
3125.90022 18.568 0.074
3127.84443 18.606 0.065
3128.84634 18.876 0.083
3130.72683 18.541 0.059
3131.69331 18.562 0.067
3135.92492 18.547 0.054
3138.67921 18.549 0.057
3139.90441 18.617 0.056
3140.90862 18.578 0.056
3142.79302 18.508 0.045
3144.81301 18.517 0.044
3146.84633 18.495 0.056
3151.77591 18.497 0.055
3151.93363 18.518 0.068
3152.78153 18.503 0.053
3153.78422 18.568 0.066
3154.86971 18.609 0.073
3156.88927 18.454 0.056
3162.59910 18.531 0.069
3163.78007 18.808 0.069
3164.76230 18.746 0.066
3164.89530 18.593 0.082
3165.73589 18.600 0.045
3167.62226 18.716 0.096
3167.80001 18.506 0.056
3167.86256 18.486 0.056
3168.53038 18.656 0.087
3168.58428 18.942 0.067
3168.69466 18.642 0.058
3168.79118 18.604 0.056
3168.91914 18.528 0.067
3169.52892 18.830 0.078
3169.58627 18.832 0.063
3169.68699 18.511 0.053
3169.79938 18.589 0.065
3169.89546 18.539 0.067
3170.58519 18.794 0.057
3170.75965 18.477 0.045
3170.83703 18.459 0.042
3170.89729 18.556 0.061
3171.53108 18.837 0.070
3171.63617 18.470 0.043
3171.73992 18.418 0.040
3171.83782 18.463 0.041
3172.53038 18.543 0.058
3172.73676 18.526 0.043
3173.75752 18.543 0.062
3173.87723 18.552 0.086
3174.50977 18.602 0.070
3174.73602 18.487 0.040
3174.83742 18.547 0.049
3175.53852 18.473 0.064
3175.74480 18.542 0.050
3176.53304 18.431 0.083
3176.69016 18.533 0.064
3177.78526 18.918 0.105
3178.54950 18.525 0.065
3179.53001 18.493 0.051
3179.90925 18.555 0.067
3180.75101 18.611 0.046
3182.81168 18.561 0.053
3183.76662 18.503 0.056
3184.72776 18.469 0.043
3185.73121 18.512 0.053
3193.56263 18.504 0.053
3194.57425 18.472 0.062
3195.70581 19.116 0.076
3195.82635 18.565 0.054
3196.62725 18.649 0.051
3197.55200 18.523 0.052
3197.85541 18.524 0.090
3199.64984 18.604 0.047
3202.54347 18.747 0.064
3203.68854 18.461 0.040
3204.67946 18.475 0.043
3205.53831 18.514 0.045
3206.74368 18.542 0.055
3209.66366 18.556 0.058
3210.66372 18.555 0.049
3211.63416 18.487 0.053
3217.67837 18.593 0.060
3218.67669 18.467 0.067
3219.64184 18.489 0.065
3223.67791 18.448 0.065
3224.72595 18.615 0.062
3226.64961 18.579 0.070
3228.62716 18.949 0.078
3229.65966 18.879 0.062
3230.69314 18.562 0.056
3231.59715 18.931 0.075
3232.63360 18.432 0.061
3238.64543 18.293 0.057
3240.49759 18.522 0.055
3245.58146 18.640 0.110
3246.68715 18.672 0.089
3247.60629 18.623 0.072
3249.55381 18.544 0.057
3250.68477 18.492 0.073
3256.66404 18.483 0.063
3260.57380 18.788 0.067
3265.50420 18.771 0.083
3267.55787 18.581 0.057
3272.61583 18.394 0.056
3279.54675 18.432 0.057
3282.50523 18.499 0.052
3288.57159 18.593 0.052
3293.54218 19.007 0.062
3295.55071 19.030 0.060
3300.53601 18.312 0.062
3305.55791 18.668 0.087
3308.53321 18.435 0.082
3315.50481 18.230 0.069
3417.88062 18.498 0.042
3422.89757 18.570 0.056
3426.88870 18.434 0.048
3429.87368 18.417 0.048
3436.83177 18.686 0.084
3442.91652 18.626 0.075
3445.82954 18.687 0.051
3447.87988 18.552 0.051
3449.89681 18.575 0.047
3452.91396 18.674 0.054
3453.78580 18.422 0.059
3455.85643 18.818 0.088
3456.86750 18.571 0.045
3457.78516 18.697 0.059
3458.82874 18.537 0.051
3459.80331 18.736 0.069
3469.81574 18.506 0.040
3470.85595 19.196 0.073
3472.78715 19.046 0.067
3473.88213 18.593 0.058
3474.85452 18.575 0.052
3475.91833 18.523 0.040
3477.79107 18.517 0.051
3480.85733 18.507 0.052
3481.86136 18.578 0.040
3483.80162 18.515 0.045
3496.75548 18.523 0.051
3497.82447 18.578 0.053
3499.75191 18.565 0.046
3500.75649 18.520 0.051
3501.87006 19.190 0.085
3502.70499 18.497 0.043
3503.71564 18.586 0.047
3504.73003 18.739 0.064
3506.83502 18.568 0.066
3508.81220 18.569 0.056
3509.71528 18.597 0.050
3511.70196 18.531 0.056
3512.77092 18.505 0.053
3517.81137 18.569 0.055
3520.84654 18.619 0.057
3521.66574 18.586 0.049
3522.77593 18.453 0.045
3523.81065 18.501 0.044
3524.79829 18.489 0.054
3525.77798 18.499 0.042
3526.86337 18.550 0.052
3528.58195 18.514 0.049
3530.80734 18.512 0.038
3537.77516 18.502 0.044
3538.70466 18.924 0.056
3540.67860 18.636 0.052
3544.75858 18.640 0.064
3546.87958 18.377 0.059
3547.83699 18.604 0.069
3550.66346 18.521 0.040
3551.66814 18.536 0.031
3552.70026 18.710 0.053
3553.70295 18.511 0.066
3554.69508 18.572 0.057
3555.72922 18.489 0.047
3556.74989 18.537 0.054
3558.58569 18.597 0.049
3559.68159 18.551 0.046
3560.63472 18.523 0.040
3560.72677 18.378 0.039
3560.76311 18.571 0.048
3560.79227 18.605 0.043
3560.81555 18.582 0.053
3560.84105 18.582 0.059
3561.47648 18.540 0.083
3561.63091 18.503 0.045
3561.75009 18.541 0.041
3561.78009 18.533 0.043
3561.84212 18.689 0.060
3562.45994 18.552 0.089
3562.52576 18.527 0.045
3562.57649 18.496 0.045
3562.61917 18.599 0.056
3562.68083 18.613 0.051
3562.73188 18.525 0.045
3562.78939 18.584 0.053
3562.84199 18.729 0.067
3563.47102 18.476 0.068
3563.58013 18.494 0.039
3563.74665 18.610 0.056
3563.81802 18.874 0.094
3564.51139 18.575 0.089
3564.63543 18.574 0.046
3564.78897 18.715 0.072
3565.48809 18.500 0.082
3568.80493 18.421 0.056
3569.48661 18.489 0.080
3569.52491 18.548 0.083
3573.68951 18.567 0.062
3573.71648 18.492 0.056
3574.71748 18.489 0.050
3575.65635 18.565 0.045
3576.71880 18.562 0.059
3577.76713 18.598 0.057
3578.70378 18.515 0.041
3579.64908 18.578 0.047
3580.68561 18.495 0.052
3581.70199 18.506 0.044
3582.62780 18.525 0.044
3583.66442 18.596 0.052
3584.67316 18.681 0.055
3585.67119 18.593 0.044
3586.70260 18.562 0.041
3588.75367 18.440 0.051
3589.71500 18.571 0.056
3590.71113 18.574 0.051
3592.68385 18.489 0.040
3597.67421 18.517 0.072
3601.68744 18.749 0.067
3602.68759 18.615 0.064
3603.66774 18.592 0.054
3607.66625 18.538 0.054
3608.68220 18.528 0.051
3615.60950 18.523 0.046
3618.61300 18.647 0.056
3620.57623 18.633 0.045
3628.57827 18.497 0.056
3630.59231 18.569 0.062
3632.61978 18.901 0.115
3634.52316 18.627 0.047
3639.53020 18.529 0.039
3641.57573 18.448 0.056
3644.54054 18.447 0.046
3649.52992 18.561 0.054
3651.58201 18.659 0.079
3654.56708 18.396 0.079
3655.54719 18.488 0.053
3659.54215 18.329 0.068
3662.54664 18.421 0.072
3665.51715 18.517 0.063
3672.51844 18.408 0.078
3777.85183 18.589 0.064
3782.88781 18.637 0.051
3785.84945 18.448 0.047
3787.87015 18.538 0.045
3791.84453 18.431 0.063
3793.88874 18.555 0.045
3795.87297 18.681 0.059
3796.90541 18.390 0.046
3798.83631 18.572 0.049
3799.89067 18.547 0.060
3801.84545 18.599 0.053
3802.87987 18.458 0.047
3804.79308 18.451 0.054
3805.83159 18.531 0.050
3806.82831 18.425 0.049
3807.85252 18.546 0.052
3808.85616 18.525 0.058
3809.91305 18.909 0.080
3810.90911 19.202 0.094
3811.79967 18.507 0.065
3812.88061 18.760 0.065
3813.86033 18.727 0.057
3814.85576 18.466 0.043
3818.77342 18.503 0.052
3819.83706 18.526 0.038
3820.80110 18.558 0.040
3821.80427 18.494 0.043
3822.84794 18.502 0.043
3823.80893 18.547 0.041
3824.79537 18.525 0.063
3824.80287 18.475 0.056
3825.83496 18.556 0.049
3826.79467 18.440 0.047
3827.83511 18.638 0.043
3828.81518 18.673 0.055
3829.74300 18.557 0.055
3830.77155 18.617 0.048
3832.77489 18.586 0.048
3833.80217 18.470 0.036
3834.77411 18.564 0.046
3835.76281 18.595 0.054
3836.72425 18.594 0.063
3837.76489 18.399 0.052
3838.77283 18.423 0.060
3838.89023 18.562 0.048
3839.76876 18.532 0.056
3840.77190 18.487 0.051
3841.72710 18.465 0.056
3841.87704 18.769 0.057
3842.71872 18.598 0.100
3845.74861 18.498 0.109
3846.75947 19.001 0.070
3846.88820 18.515 0.045
3847.83256 18.464 0.054
3848.78260 18.597 0.060
3848.90576 18.445 0.053
3849.78014 18.544 0.048
3850.72529 18.635 0.055
3850.89816 18.397 0.053
3851.73892 18.533 0.048
3851.90369 18.610 0.056
3852.72746 18.575 0.056
3852.85128 18.475 0.044
3852.93295 18.506 0.089
3853.72018 18.576 0.039
3853.88435 18.541 0.040
3856.70840 18.626 0.054
3856.89647 18.761 0.055
3858.74528 18.526 0.049
3859.86541 18.660 0.061
3860.70070 18.702 0.060
3861.69813 18.484 0.052
3861.80224 18.609 0.044
3861.90115 18.474 0.040
3862.67995 18.518 0.052
3862.89471 18.568 0.056
3863.69281 18.625 0.052
3863.83658 18.468 0.040
3863.91271 18.425 0.036
3864.70959 18.519 0.044
3864.89580 18.599 0.044
3865.66950 18.645 0.060
3865.80519 18.566 0.045
3865.88377 18.485 0.044
3866.64256 18.575 0.060
3866.71506 18.458 0.041
3866.85455 18.467 0.044
3866.92891 18.566 0.041
3867.66099 18.562 0.058
3867.84643 18.414 0.045
3867.91666 18.448 0.046
3868.66877 18.575 0.070
3868.70615 18.710 0.071
3868.81099 18.460 0.048
3868.85097 18.434 0.057
3868.89255 18.664 0.069
3868.92473 18.415 0.056
3869.61933 18.494 0.066
3869.65373 18.407 0.052
3869.68557 18.464 0.052
3869.74703 18.523 0.055
3869.81668 18.652 0.072
3869.86668 18.582 0.062
3869.90306 18.559 0.062
3869.93767 18.625 0.089
3870.69461 18.412 0.105
3870.75441 18.658 0.089
3870.84136 18.550 0.104
3872.74053 18.512 0.053
3872.85179 18.678 0.057
3873.62090 18.521 0.056
3873.70236 18.519 0.048
3873.84143 18.780 0.059
3873.91192 18.753 0.059
3874.70364 18.600 0.054
3874.87212 18.916 0.063
3875.64031 18.594 0.048
3875.78758 18.792 0.044
3875.86628 18.690 0.046
3876.60528 18.443 0.049
3876.66370 18.454 0.040
3877.66820 18.549 0.043
3877.81641 18.463 0.040
3877.89020 18.525 0.051
3877.92864 18.565 0.060
3879.92509 18.379 0.054
3879.93286 18.423 0.061
3880.60132 18.411 0.039
3880.87173 18.587 0.049
3880.94527 18.427 0.083
3881.69198 18.631 0.048
3881.83472 18.533 0.041
3882.60408 19.000 0.083
3882.80700 18.527 0.046
3882.87721 18.555 0.046
3883.66945 18.518 0.044
3883.90527 18.579 0.046
3886.63471 18.536 0.042
3886.82424 18.543 0.041
3886.89630 18.664 0.051
3886.92231 18.671 0.059
3887.60479 18.470 0.050
3887.80747 18.529 0.049
3887.83528 18.489 0.046
3887.90732 18.642 0.060
3888.63562 18.441 0.046
3889.68726 18.566 0.042
3889.78328 18.541 0.042
3889.79502 18.620 0.052
3889.83447 18.605 0.050
3889.85231 18.698 0.048
3889.90479 18.660 0.053
3889.93122 18.574 0.059
3890.56007 18.365 0.058
3890.57553 18.384 0.055
3890.62499 18.466 0.046
3890.63492 18.526 0.046
3890.64373 18.620 0.050
3890.66090 18.495 0.042
3890.66983 18.527 0.042
3890.67879 18.490 0.040
3890.69906 18.546 0.038
3890.72211 18.445 0.032
3891.55443 18.536 0.073
3891.60146 18.565 0.056
3891.63612 18.593 0.056
3891.68852 18.491 0.051
3891.71187 18.549 0.049
3891.75805 18.508 0.054
3891.78727 18.479 0.063
3891.81707 18.594 0.052
3891.82884 18.596 0.047
3891.86943 18.514 0.059
3891.91051 18.616 0.057
3892.55290 18.438 0.073
3892.56387 18.421 0.064
3892.59852 18.459 0.072
3892.62222 18.558 0.064
3892.65818 18.650 0.053
3892.73210 18.681 0.050
3892.82596 18.498 0.049
3892.92709 18.524 0.076
3893.57326 18.499 0.070
3893.61338 18.647 0.069
3893.65649 18.402 0.049
3893.81755 18.464 0.054
3893.90784 18.601 0.070
3894.63321 18.525 0.067
3894.70430 18.433 0.056
3894.75656 18.540 0.056
3894.80182 18.331 0.058
3894.84625 18.504 0.061
3894.87896 18.459 0.057
3896.56367 18.592 0.090
3896.60366 18.397 0.070
3896.61875 18.549 0.086
3896.63311 18.487 0.070
3896.64806 18.560 0.073
3896.66231 18.715 0.077
3896.67870 18.581 0.073
3896.69024 18.753 0.068
3896.70163 18.512 0.050
3896.71711 18.631 0.064
3896.72874 18.585 0.055
3896.74310 18.575 0.058
3896.76117 18.657 0.065
3896.77836 18.555 0.071
3896.79707 18.489 0.075
3896.82703 18.469 0.074
3900.52541 18.534 0.090
3900.56336 18.612 0.071
3900.61408 18.499 0.051
3900.65209 18.571 0.059
3900.70110 18.560 0.071
3900.73811 18.546 0.049
3900.74978 18.532 0.048
3900.76437 18.502 0.049
3900.82516 18.411 0.047
3900.88532 18.558 0.061
3901.56530 18.514 0.068
3901.57720 18.478 0.063
3901.75200 18.467 0.056
3901.76669 18.541 0.048
3901.82881 18.561 0.061
3901.88949 18.546 0.067
3901.90127 18.583 0.068
3902.55449 18.474 0.048
3902.58607 18.546 0.050
3902.59813 18.415 0.043
3902.64393 18.478 0.045
3902.71088 18.507 0.041
3902.73767 18.469 0.044
3902.76384 18.447 0.044
3902.77430 18.457 0.051
3902.78326 18.581 0.053
3902.79262 18.378 0.049
3902.80518 18.506 0.047
3902.82032 18.652 0.063
3902.82971 18.621 0.061
3902.84573 18.561 0.060
3902.85942 18.533 0.055
3902.89016 18.645 0.079
3902.90553 18.882 0.100
3903.68698 18.523 0.047
3904.58114 18.534 0.040
3904.74440 18.485 0.049
3904.81338 18.680 0.051
3904.86620 19.053 0.078
3905.57807 18.477 0.039
3905.75209 18.521 0.039
3905.82469 18.895 0.050
3905.89327 18.814 0.070
3906.51672 18.361 0.062
3906.68657 18.524 0.050
3906.75953 18.667 0.053
3906.83221 18.919 0.076
3906.85017 18.871 0.069
3906.88264 18.550 0.056
3907.62324 18.567 0.049
3907.81809 18.666 0.078
3907.89063 18.636 0.083
3908.55942 18.579 0.053
3908.74987 19.040 0.073
3908.82513 18.624 0.047
3909.56452 18.572 0.054
3909.75891 18.897 0.055
3909.84082 18.565 0.051
3910.61325 18.455 0.038
3912.56365 18.592 0.037
3912.76044 18.531 0.037
3912.84833 18.496 0.042
3913.56143 18.833 0.052
3913.76363 18.543 0.053
3913.85344 18.549 0.045
3914.57888 18.983 0.076
3915.55942 18.856 0.068
3915.76274 18.512 0.044
3915.85975 18.645 0.062
3916.60730 18.433 0.053
3916.77993 18.470 0.059
3917.64726 18.541 0.056
3917.85015 18.580 0.068
3918.64072 18.521 0.053
3918.85044 18.658 0.071
3919.59360 18.419 0.051
3919.82005 18.626 0.066
3920.54523 18.425 0.039
3920.74149 18.548 0.050
3920.82025 18.618 0.044
3921.53824 18.474 0.049
3921.74870 18.318 0.060
3922.74516 18.791 0.082
3930.59277 18.556 0.050
3931.54384 18.553 0.053
3931.66726 18.396 0.044
3932.55570 18.376 0.052
3933.54466 18.424 0.040
3933.72595 18.597 0.048
3933.80161 18.510 0.055
3934.51543 18.642 0.060
3934.63948 18.524 0.039
3934.70925 18.493 0.046
3934.77828 18.555 0.044
3935.56525 18.423 0.056
3935.73656 18.474 0.051
3935.78834 18.460 0.050
3936.51887 18.426 0.054
3936.68419 18.483 0.048
3936.76177 18.455 0.046
3937.59407 18.485 0.043
3938.52640 18.460 0.056
3938.72799 18.511 0.051
3938.77720 19.018 0.087
3940.62940 18.539 0.036
3941.67355 19.095 0.095
3944.58290 18.898 0.059
3945.53178 18.604 0.060
3945.71982 18.507 0.048
3946.54205 19.099 0.090
3946.73145 18.471 0.042
3950.54995 18.550 0.039
3950.76944 18.566 0.057
3951.54619 18.450 0.053
3956.59260 18.506 0.066
3957.53348 18.439 0.056
3958.60625 18.549 0.055
3958.63530 18.544 0.060
3959.54619 18.509 0.053
3959.71058 18.591 0.060
3960.52417 18.634 0.049
3960.70409 18.514 0.040
3961.52381 18.591 0.063
3961.59926 18.505 0.066
3961.66529 18.516 0.074
3963.48578 18.788 0.071
3963.66035 18.606 0.053
3963.73369 18.470 0.057
3964.55587 18.551 0.043
3965.54519 18.534 0.039
3965.73509 18.573 0.052
3966.53710 18.539 0.048
3966.71957 18.466 0.053
3967.56094 18.405 0.061
3968.52363 18.535 0.057
3968.69513 18.622 0.060
3969.52752 18.556 0.060
3969.70614 18.602 0.056
3970.53933 18.430 0.053
3970.71926 18.691 0.056
3971.57912 18.422 0.056
3973.60427 18.528 0.049
3974.53411 18.392 0.054
3975.53660 18.546 0.047
3976.53135 18.855 0.064
3979.54112 18.594 0.093
3982.60829 18.476 0.058
3986.60833 18.486 0.055
3987.53075 18.605 0.056
3988.54357 18.459 0.039
3989.60525 18.436 0.059
3990.64752 18.535 0.057
3994.50024 18.492 0.063
3995.59785 18.522 0.047
3999.63540 18.485 0.052
4000.54244 18.492 0.055
4001.53220 18.531 0.060
4002.52891 18.440 0.046
4004.55183 18.494 0.066
4005.55453 18.550 0.060
4006.54922 18.558 0.046
4012.52492 18.413 0.060
4016.56681 18.353 0.061
4018.57940 18.124 0.046
4021.56336 18.484 0.062
4024.51110 18.499 0.063
4026.50663 18.612 0.052
4028.52265 18.491 0.056
4031.52274 18.549 0.065
4038.52794 18.112 0.055
4041.52708 18.513 0.089
4142.87817 18.590 0.084
4151.88332 18.808 0.079
4154.83075 18.975 0.077
4156.88374 18.565 0.067
4159.81780 18.542 0.061
4161.87123 18.472 0.060
4163.88722 18.509 0.047
4165.84408 18.627 0.089
4168.84161 18.518 0.062
4170.84270 18.587 0.060
4175.87767 18.494 0.048
4177.77740 18.540 0.056
4178.83476 18.531 0.052
4179.87463 18.536 0.048
4181.81103 18.461 0.049
4182.85962 18.558 0.044
4183.89211 19.094 0.084
4185.76854 18.632 0.059
4191.77910 18.517 0.063
4193.79020 18.605 0.072
4194.81305 18.495 0.057
4196.80307 18.563 0.054
4202.78465 18.693 0.049
4203.77242 18.648 0.047
4204.70721 18.618 0.063
4204.73063 18.660 0.061
4204.76479 18.600 0.060
4204.80708 18.521 0.046
4204.84109 18.534 0.045
4204.87522 18.496 0.043
4204.91343 18.440 0.045
4205.70750 18.613 0.069
4205.76301 18.478 0.041
4205.83637 18.509 0.039
4205.91440 18.563 0.052
4207.75426 18.515 0.047
4208.70820 18.524 0.057
4211.81953 18.368 0.056
4212.84908 18.521 0.062
4213.75714 18.561 0.048
4215.77018 18.419 0.052
4216.72805 18.454 0.048
4216.93326 18.622 0.076
4217.73555 18.559 0.044
4217.89684 18.563 0.041
4218.78531 18.955 0.097
4219.79256 18.666 0.055
4220.73435 18.987 0.082
4222.70018 18.600 0.068
4224.81334 18.529 0.055
4228.70564 18.544 0.056
4229.69922 18.475 0.059
4229.89619 18.694 0.061
4230.64742 18.460 0.049
4230.83540 18.485 0.054
4230.89709 18.631 0.073
4231.67138 18.627 0.055
4231.72248 18.456 0.047
4231.87748 18.638 0.065
4232.65913 18.336 0.066
4232.78414 18.513 0.056
4232.92166 18.590 0.071
4233.85187 18.586 0.060
4234.77945 18.614 0.056
4234.90180 18.501 0.056
4235.69577 18.586 0.048
4235.75321 18.548 0.047
4235.85684 18.496 0.051
4235.91895 18.611 0.090
4237.62231 18.541 0.072
4238.69366 18.502 0.048
4239.66553 18.520 0.054
4240.70519 18.527 0.049
4240.86158 18.483 0.058
4243.67085 18.532 0.062
4243.76428 18.504 0.052
4243.85716 18.484 0.058
4244.64304 18.488 0.059
4244.73940 18.527 0.048
4244.83200 18.576 0.057
4245.63612 18.538 0.049
4245.73043 18.504 0.044
4245.82591 18.628 0.054
4245.89851 19.066 0.094
4246.69480 18.445 0.048
4246.78792 18.554 0.050
4246.88062 18.935 0.080
4247.70983 18.551 0.056
4250.75791 19.063 0.089
4256.65032 18.478 0.068
4256.79585 18.507 0.076
4257.67722 18.534 0.055
4258.66056 18.627 0.064
4258.78339 18.510 0.056
4258.87600 18.591 0.071
4267.62024 18.505 0.052
4268.73096 18.437 0.040
4268.86721 18.615 0.066
4269.60246 18.625 0.050
4269.75273 18.554 0.051
4270.53716 18.667 0.078
4272.58363 18.590 0.056
4272.73353 18.511 0.047
4272.79216 18.556 0.058
4272.86352 18.492 0.063
4273.64401 18.565 0.061
4273.82216 18.490 0.058
4273.88337 18.524 0.089
4274.57508 18.486 0.064
4274.72801 18.494 0.058
4274.78892 18.523 0.054
4274.86216 18.535 0.073
4275.62664 18.511 0.056
4275.80189 18.495 0.072
4275.86301 18.752 0.100
4276.61136 18.443 0.060
4277.55508 18.597 0.075
4277.73216 18.506 0.056
4277.79080 18.549 0.076
4278.60002 18.444 0.064
4278.78650 18.485 0.083
4283.53762 18.454 0.060
4284.52940 18.479 0.069
4284.67976 18.721 0.075
4284.73914 18.497 0.051
4284.80118 18.687 0.077
4284.86616 18.396 0.084
4285.53258 18.485 0.063
4285.72610 18.569 0.060
4285.78741 18.729 0.072
4285.85262 18.610 0.071
4286.53234 18.636 0.078
4286.84055 18.231 0.074
4289.54321 18.590 0.065
4289.76212 18.487 0.058
4289.82694 18.508 0.056
4290.58950 18.541 0.063
4291.60919 18.554 0.048
4292.51476 18.509 0.045
4292.69377 18.508 0.048
4292.75257 18.557 0.045
4292.81556 18.537 0.066
4293.51552 18.508 0.048
4293.69968 18.565 0.050
4293.75844 18.583 0.051
4293.79869 18.570 0.055
4293.83620 18.664 0.078
4294.51414 18.527 0.051
4295.52430 18.529 0.054
4295.71940 18.469 0.042
4295.77800 18.597 0.051
4296.51840 18.453 0.052
4296.72411 18.628 0.057
4297.53820 18.548 0.056
4297.74276 18.579 0.054
4298.57267 18.438 0.057
4298.68429 18.633 0.056
4298.82171 18.580 0.073
4299.55976 18.552 0.041
4299.64967 18.613 0.050
4299.74096 18.561 0.049
4300.55641 18.501 0.052
4300.67155 18.543 0.047
4300.81656 18.546 0.060
4301.54253 18.572 0.049
4301.63878 18.534 0.046
4301.74096 18.502 0.047
4302.61552 18.543 0.058
4302.78060 18.357 0.059
4303.70210 18.502 0.054
4304.58039 18.448 0.061
4306.58614 18.532 0.071
4306.72266 18.408 0.063
4310.63975 18.458 0.079
4312.52734 18.507 0.073
4312.77021 18.927 0.087
4314.78479 18.497 0.076
4315.55882 18.478 0.052
4316.58908 18.804 0.058
4317.51098 18.533 0.050
4319.54606 18.898 0.070
4319.69202 18.470 0.065
4320.61337 18.570 0.057
4326.56280 18.485 0.046
4326.73894 18.563 0.069
4327.61443 18.472 0.058
4328.47958 18.473 0.062
4328.71924 18.619 0.076
4329.54960 18.443 0.059
4329.69763 18.610 0.067
4330.47991 18.523 0.052
4330.71720 18.531 0.056
4331.52206 18.526 0.045
4332.53206 18.553 0.044
4333.55706 18.640 0.071
4334.52979 18.613 0.065
4338.52719 18.534 0.069
4338.70508 18.523 0.086
4339.52332 18.547 0.059
4340.64350 18.526 0.054
4341.52757 18.493 0.070
4342.55961 18.548 0.062
4343.54347 18.528 0.049
4344.57304 18.555 0.060
4345.53514 18.493 0.047
4346.54474 18.396 0.057
4347.55908 18.531 0.059
4349.52478 18.870 0.071
4350.57824 18.655 0.054
4351.52995 18.767 0.062
4352.58627 18.405 0.069
4353.54961 18.526 0.061
4354.56899 18.578 0.060
4355.57683 18.459 0.064
4356.53402 18.568 0.067
4357.50542 18.457 0.060
4358.54884 18.563 0.062
4359.51780 18.516 0.071
4361.53114 18.392 0.073
4362.54852 18.585 0.093
4365.58677 18.606 0.076
4367.54018 18.612 0.072
4368.51313 18.430 0.070
4369.59229 18.454 0.083
4370.51949 18.550 0.053
4371.49457 18.525 0.057
4372.54370 18.502 0.048
4373.53475 18.380 0.060
4377.50799 18.477 0.053
4378.54234 18.462 0.053
4379.56433 18.459 0.081
4380.49981 18.583 0.057
4381.54745 18.634 0.090
4382.53397 18.775 0.096
4383.53817 18.475 0.067
4384.51258 18.389 0.071
4388.58362 18.283 0.067
4393.55465 18.592 0.062
4394.52785 18.533 0.060
4395.56402 18.522 0.073
4396.53381 18.428 0.078
4397.55750 18.579 0.087
4398.56284 18.574 0.077
4399.51278 18.449 0.071
4400.55725 18.546 0.101
4403.51114 18.277 0.066
4409.52856 18.220 0.067
4507.88682 18.370 0.071
4511.85403 18.531 0.050
4511.87384 18.586 0.048
4513.88522 18.473 0.047
4517.88434 18.435 0.066
4521.82367 18.367 0.063
4523.89609 18.771 0.076
4525.84000 18.668 0.098
4530.90558 18.473 0.052
4531.84788 18.482 0.052
4534.86950 18.441 0.061
4536.80154 18.422 0.064
4537.86168 18.519 0.042
4538.89408 18.618 0.055
4539.88018 18.555 0.049
4540.82410 18.535 0.047
4541.81663 18.524 0.044
4542.81139 18.598 0.058
4543.80690 18.685 0.053
4544.80386 18.520 0.054
4545.76800 18.474 0.065
4546.77465 18.586 0.063
4547.74937 18.448 0.062
4548.84166 18.365 0.061
4548.89259 18.496 0.073
4550.77172 18.514 0.076
4551.79281 18.246 0.057
4552.74205 18.470 0.099
4556.78144 18.578 0.052
4557.80259 18.765 0.063
4558.73225 18.540 0.052
4559.77311 18.981 0.070
4560.77350 19.039 0.082
4561.76280 18.760 0.050
4564.75306 18.572 0.049
4565.75109 18.571 0.042
4566.75054 18.524 0.043
4567.75048 18.518 0.047
4568.75999 18.496 0.046
4569.76762 18.517 0.051
4570.75568 18.472 0.051
4571.74735 18.439 0.061
4572.77419 18.552 0.048
4573.76234 18.440 0.047
4574.76492 18.602 0.057
4574.91294 18.525 0.053
4575.77372 18.575 0.056
4576.79285 18.561 0.043
4576.88362 18.420 0.052
4576.91524 18.440 0.056
4577.86192 18.572 0.057
4577.91795 18.564 0.052
4578.81626 18.520 0.063
4579.89009 18.507 0.070
4583.76032 18.530 0.062
4585.78727 18.379 0.058
4586.76338 18.592 0.066
4587.79695 18.567 0.062
4588.67211 18.374 0.055
4588.90459 18.678 0.053
4589.71854 18.452 0.046
4589.87384 18.622 0.068
4589.93573 18.327 0.068
4590.72732 18.576 0.056
4590.92927 18.645 0.060
4591.66843 18.559 0.056
4591.87977 18.573 0.056
4592.68864 18.844 0.059
4592.87794 18.524 0.058
4593.67783 18.990 0.077
4593.88766 18.441 0.048
4593.92752 18.501 0.056
4594.69908 18.851 0.067
4594.89391 18.683 0.069
4595.69162 18.525 0.053
4595.88290 18.512 0.054
4596.68346 18.552 0.053
4597.70811 18.464 0.051
4597.89972 18.446 0.050
4598.68431 18.526 0.040
4599.65681 18.534 0.056
4600.66918 18.570 0.045
4600.87786 18.562 0.048
4601.67171 18.548 0.042
4601.88796 18.632 0.049
4602.66427 18.484 0.042
4602.88859 18.711 0.053
4603.87568 18.755 0.067
4606.67211 18.417 0.044
4606.92731 18.538 0.062
4610.77454 18.537 0.074
4611.65095 18.555 0.057
4611.79982 18.445 0.047
4612.67247 18.535 0.050
4615.81477 18.497 0.058
4616.62644 18.472 0.050
4616.84274 18.528 0.060
4617.72735 18.493 0.043
4618.63502 18.568 0.053
4622.64858 18.564 0.060
4622.83351 18.537 0.064
4623.69521 18.766 0.069
4623.89282 18.663 0.087
4624.61669 18.434 0.060
4624.83669 18.499 0.053
4624.90574 18.598 0.070
4625.62709 18.680 0.071
4625.84646 18.488 0.064
4625.93501 18.423 0.068
4626.64770 19.103 0.104
4627.58568 18.872 0.064
4627.87511 18.553 0.047
4628.59265 18.947 0.079
4628.78239 18.395 0.052
4628.84472 18.435 0.054
4628.91894 18.557 0.059
4629.65547 18.547 0.047
4629.86312 18.481 0.054
4630.59053 18.585 0.053
4630.80630 18.547 0.048
4630.87585 18.568 0.054
4631.61606 18.533 0.042
4631.81475 18.495 0.044
4631.89012 18.465 0.069
4632.59518 18.543 0.050
4632.88482 18.624 0.076
4633.59221 18.503 0.048
4633.70316 18.548 0.043
4633.83658 18.505 0.054
4638.77665 18.672 0.068
4639.60031 18.543 0.052
4639.69781 18.644 0.056
4640.61843 18.543 0.051
4640.75034 18.501 0.048
4640.76506 18.571 0.050
4641.69400 18.504 0.047
4641.80609 18.505 0.056
4642.61644 18.653 0.051
4642.77863 18.494 0.056
4642.85775 18.536 0.070
4643.57571 18.608 0.055
4644.62419 18.449 0.051
4645.55455 18.623 0.069
4645.80226 18.502 0.056
4645.86781 18.521 0.073
4646.54960 18.501 0.046
4646.87534 18.501 0.064
4647.54591 18.449 0.053
4647.76210 18.521 0.056
4647.78631 18.606 0.067
4648.54300 18.525 0.059
4648.79687 18.515 0.059
4648.87148 18.714 0.086
4649.55321 18.356 0.050
4649.77959 18.512 0.053
4650.55435 18.432 0.050
4650.81746 18.836 0.086
4651.53778 18.532 0.064
4652.52925 18.479 0.059
4652.74346 18.705 0.059
4653.52490 18.451 0.067
4653.74413 18.969 0.080
4654.56398 18.472 0.054
4654.77857 18.678 0.065
4655.52474 18.557 0.059
4655.74934 18.618 0.051
4656.52668 18.486 0.048
4656.71654 18.723 0.062
4656.83588 18.549 0.070
4657.75510 18.601 0.073
4658.68532 18.340 0.057
4660.63758 18.457 0.053
4661.51478 19.034 0.093
4661.71547 18.616 0.063
4661.78249 18.533 0.066
4665.68241 18.430 0.057
4666.58772 18.534 0.053
4666.68866 18.483 0.060
4666.73091 18.545 0.063
4666.80325 18.640 0.103
4670.58430 18.554 0.068
4671.60790 18.540 0.042
4671.78000 18.479 0.068
4672.53375 18.473 0.041
4672.68393 18.630 0.051
4672.76910 18.614 0.075
4674.53955 18.584 0.060
4674.72976 18.415 0.061
4677.51312 18.533 0.050
4677.59708 18.451 0.054
4677.75264 18.522 0.062
4679.65189 18.446 0.062
4681.56153 18.456 0.049
4681.65453 18.451 0.049
4681.74478 18.595 0.059
4682.57907 18.523 0.055
4682.68282 18.495 0.048
4683.54415 18.598 0.072
4683.73277 18.589 0.062
4684.53674 18.467 0.046
4684.70812 18.634 0.056
4685.47934 18.449 0.070
4685.75684 19.024 0.098
4686.52545 18.489 0.055
4687.52881 18.340 0.052
4687.76471 18.653 0.074
4688.52213 18.568 0.054
4688.71182 18.582 0.059
4693.56977 18.556 0.055
4694.63094 18.529 0.077
4697.52556 18.582 0.065
4698.53099 18.504 0.042
4699.52915 18.508 0.050
4700.53358 18.553 0.048
4701.52884 18.572 0.057
4702.54509 18.417 0.050
4703.61255 18.496 0.062
4704.66792 18.523 0.056
4705.59618 18.579 0.062
4707.62439 18.580 0.051
4708.57629 18.535 0.053
4709.54037 18.396 0.066
4710.58112 18.487 0.054
4715.61538 18.518 0.067
4716.48861 18.403 0.043
4716.61303 18.499 0.069
4720.53078 18.529 0.065
4720.54486 18.663 0.078
4721.53106 18.638 0.089
4722.49685 18.645 0.079
4724.53356 18.521 0.071
4725.51226 18.534 0.061
4726.50837 18.369 0.068
4728.62610 18.536 0.075
4729.49380 18.538 0.067
4729.52906 18.444 0.070
4729.61307 18.588 0.071
4730.49523 18.482 0.051
4731.60219 18.412 0.061
4733.55064 18.484 0.057
4734.57997 18.375 0.054
4737.56860 18.683 0.083
4740.58147 18.554 0.070
4753.57249 18.793 0.097
4758.53825 18.571 0.063
4776.52464 18.448 0.084
4778.52991 18.629 0.090
4869.87405 18.564 0.067
4872.86644 18.416 0.069
4873.88825 18.583 0.075
4875.88807 18.519 0.062
4878.86216 18.509 0.059
4884.87881 18.460 0.050
4887.85122 18.499 0.047
4891.80751 18.430 0.061
4896.89844 19.006 0.086
4899.86618 18.910 0.079
4901.79581 18.776 0.079
4903.79150 18.497 0.052
4905.83975 18.450 0.056
4910.83778 18.603 0.061
4911.87474 18.544 0.039
4913.88824 18.690 0.047
4917.73483 18.562 0.050
4917.91604 18.570 0.062
4921.73663 18.460 0.053
4921.75318 18.501 0.051
4921.78846 18.492 0.045
4925.72342 18.615 0.056
4925.83975 18.527 0.041
4926.71657 18.343 0.055
4927.73958 18.465 0.056
4927.89425 18.812 0.080
4928.78804 18.468 0.052
4929.73467 18.456 0.059
4930.72666 18.449 0.054
4930.87452 18.761 0.069
4931.77082 18.757 0.073
4932.70492 18.591 0.058
4932.90407 18.599 0.056
4933.72080 18.916 0.098
4933.73961 19.046 0.109
4933.89851 18.497 0.058
4934.81945 18.519 0.051
4938.72038 18.565 0.057
4939.68121 18.507 0.058
4940.68120 18.456 0.049
4941.87629 18.471 0.053
4942.69767 18.471 0.044
4942.76962 18.470 0.039
4942.80942 18.510 0.042
4943.71005 18.444 0.040
4943.86688 18.529 0.051
4944.72147 18.518 0.041
4944.87629 18.645 0.052
4945.66662 18.311 0.056
4946.68925 18.538 0.046
4947.68006 18.528 0.044
4948.65971 18.625 0.061
4950.65045 18.704 0.065
4952.78332 18.494 0.047
4953.68354 18.519 0.045
4954.66225 18.447 0.050
4954.72836 18.409 0.046
4955.66299 18.524 0.061
4955.83135 18.480 0.052
