2127.49264 19.187 0.138
2130.52548 19.030 0.081
2133.53959 19.132 0.091
2136.66080 19.143 0.120
2141.65157 19.162 0.137
2165.57403 18.955 0.108
2171.64107 19.277 0.134
2179.53142 19.088 0.134
2189.52642 18.870 0.115
2212.55151 18.957 0.132
2214.50881 18.904 0.144
2337.83855 19.138 0.097
2352.85604 18.946 0.086
2361.85051 19.179 0.124
2373.80531 19.193 0.117
2384.84115 19.023 0.073
2388.84047 19.108 0.089
2390.87877 18.891 0.101
2393.87268 18.903 0.120
2400.82005 19.417 0.112
2402.92676 19.073 0.118
2406.86951 19.385 0.148
2411.72756 19.314 0.118
2415.90281 19.527 0.166
2417.87361 18.894 0.079
2425.90547 19.166 0.216
2428.88365 19.224 0.156
2434.80022 19.120 0.088
2436.84892 18.886 0.099
2438.83028 19.349 0.122
2441.78511 19.056 0.085
2445.70148 18.993 0.075
2448.73852 19.005 0.176
2454.75937 19.279 0.128
2460.73247 18.909 0.111
2463.61209 19.141 0.084
2466.58608 19.109 0.084
2468.77360 19.058 0.098
2470.75755 19.076 0.094
2481.63002 19.191 0.150
2484.69221 19.219 0.137
2496.55867 19.030 0.066
2498.59676 19.331 0.079
2500.62291 19.120 0.082
2502.64108 18.927 0.086
2510.53823 19.074 0.092
2516.50144 18.986 0.098
2517.54832 19.134 0.134
2520.65706 19.037 0.088
2529.52356 19.053 0.089
2538.57282 19.054 0.120
2542.56177 19.009 0.112
2548.52699 19.051 0.109
2552.56361 18.934 0.104
2557.52859 18.935 0.091
2561.52454 18.820 0.115
2568.55905 19.280 0.203
2708.87664 19.453 0.128
2719.88282 19.043 0.086
2729.90836 19.155 0.109
2734.88191 19.020 0.084
2747.76627 19.109 0.150
2754.77630 19.230 0.102
2757.84134 19.067 0.107
2763.79445 19.192 0.102
2767.88675 18.957 0.128
2775.79219 19.303 0.203
2776.74712 19.061 0.259
2783.88124 19.044 0.079
2785.74758 19.041 0.099
2788.62706 19.172 0.105
2790.77342 19.080 0.099
2793.70035 18.940 0.101
2795.66008 19.124 0.085
2797.67119 19.118 0.075
2809.79129 19.303 0.132
2811.71174 19.119 0.117
2812.84101 19.024 0.092
2813.88477 19.054 0.111
2815.86552 18.974 0.107
2817.76399 19.058 0.094
2819.67439 19.049 0.081
2821.72355 19.157 0.092
2830.69583 19.040 0.143
2835.70531 18.988 0.095
2837.71574 18.633 0.125
2837.72636 19.058 0.131
2839.77552 19.316 0.148
2841.79666 18.992 0.094
2843.72394 19.092 0.101
2845.71360 19.170 0.097
2850.60965 19.065 0.078
2852.62098 19.289 0.153
2854.61447 19.033 0.130
2857.52473 19.067 0.097
2858.73701 19.033 0.092
2862.64805 19.093 0.128
2865.62820 19.053 0.084
2868.62447 19.038 0.076
2871.70514 19.289 0.105
2876.70616 19.073 0.109
2879.67149 18.970 0.105
2884.70266 19.067 0.121
2893.57912 19.110 0.086
2894.68868 19.298 0.212
2900.52069 19.153 0.134
2902.50765 19.327 0.174
2902.56893 19.664 0.226
2911.48851 18.908 0.137
2911.57467 19.254 0.114
2915.50114 19.029 0.134
2916.53807 19.080 0.108
2918.51439 18.882 0.128
2918.61736 18.850 0.122
2920.53590 18.841 0.122
2923.53261 19.042 0.098
2925.51987 19.224 0.125
2928.53355 19.268 0.122
2931.57537 19.112 0.104
2941.53293 19.391 0.180
2943.51756 18.922 0.183
2945.52105 18.802 0.131
2946.53105 19.135 0.186
2947.50418 19.179 0.184
2949.52444 18.810 0.127
2952.51303 18.917 0.122
3052.88528 19.037 0.081
3059.87127 19.035 0.082
3064.88260 19.137 0.085
3068.83566 19.316 0.108
3071.88823 19.053 0.098
3073.89738 18.988 0.072
3077.78752 19.704 0.488
3080.83666 19.231 0.107
3083.78214 19.183 0.088
3085.89478 19.014 0.072
3087.82941 18.918 0.072
3089.84616 19.094 0.069
3091.84716 19.068 0.082
3097.82977 18.982 0.073
3099.85579 18.779 0.073
3101.82508 19.033 0.101
3102.85744 18.988 0.086
3104.77304 19.014 0.171
3106.91961 18.949 0.095
3108.80978 19.019 0.071
3109.92371 19.037 0.091
3110.89960 19.220 0.104
3112.85658 19.164 0.094
3114.85159 18.992 0.079
3116.83917 19.146 0.107
3122.84571 19.118 0.127
3125.91211 19.043 0.117
3126.80864 18.970 0.073
3127.89468 19.002 0.094
3128.88396 18.886 0.097
3130.76155 18.947 0.101
3131.62683 19.332 0.229
3134.89694 18.961 0.210
3135.78184 19.385 0.104
3137.83266 18.951 0.112
3138.71898 18.908 0.082
3140.69072 19.069 0.089
3140.92453 18.888 0.085
3141.75583 19.349 0.115
3142.83011 18.951 0.079
3144.84808 18.950 0.078
3146.91449 19.003 0.084
3147.93011 19.040 0.105
3151.82208 18.903 0.107
3152.82177 19.077 0.101
3153.82032 19.721 0.197
3154.91417 18.973 0.124
3157.89424 18.899 0.088
3158.70679 19.232 0.180
3162.85806 19.236 0.109
3163.82039 18.888 0.071
3164.80613 19.066 0.092
3164.91362 18.879 0.097
3165.65940 19.016 0.066
3167.66895 19.138 0.115
3168.81925 18.990 0.073
3169.84520 19.108 0.099
3170.87472 19.054 0.078
3171.72096 18.954 0.068
3173.80646 18.995 0.091
3174.77372 18.899 0.073
3175.85466 18.904 0.079
3177.83028 19.321 0.167
3177.87045 18.946 0.128
3178.73862 18.968 0.091
3179.57316 19.109 0.097
3179.87501 19.077 0.102
3180.79155 19.181 0.081
3182.85180 18.921 0.081
3183.80760 18.905 0.121
3184.80213 19.126 0.098
3185.62111 19.025 0.072
3193.61639 19.043 0.072
3194.51607 18.956 0.098
3194.80682 19.419 0.124
3195.73994 19.037 0.069
3196.59282 18.996 0.085
3196.83560 19.140 0.101
3197.78129 18.984 0.084
3199.77783 18.978 0.097
3201.82500 18.805 0.082
3202.77239 19.100 0.082
3203.60153 19.051 0.062
3204.74958 18.960 0.076
3205.67988 19.149 0.076
3206.78635 18.957 0.104
3210.56345 18.868 0.095
3211.74340 19.405 0.144
3217.71929 18.985 0.098
3218.73029 19.098 0.141
3223.71933 18.927 0.098
3224.76382 18.871 0.092
3226.70093 19.043 0.128
3228.68484 19.251 0.115
3229.71559 18.987 0.092
3230.73148 19.307 0.121
3231.65872 19.221 0.145
3238.68330 18.849 0.088
3240.53246 19.117 0.092
3241.71615 19.030 0.144
3245.64511 19.071 0.105
3247.50641 19.204 0.102
3249.61883 18.904 0.092
3251.52181 18.779 0.091
3254.58523 19.637 0.248
3254.60337 19.410 0.173
3257.54135 18.988 0.068
3260.58683 19.076 0.147
3265.53978 19.119 0.107
3267.59805 18.807 0.088
3273.49303 19.270 0.189
3277.51639 19.125 0.124
3280.51728 19.186 0.124
3282.58800 19.074 0.071
3289.52213 18.710 0.091
3294.51743 19.455 0.144
3296.51654 19.027 0.101
3302.51368 19.050 0.135
3418.85647 18.917 0.072
3423.88449 19.332 0.086
3427.83821 18.984 0.095
3430.82363 18.764 0.076
3436.87024 18.909 0.092
3443.84135 19.156 0.072
3445.86984 19.004 0.062
3447.91417 19.141 0.102
3450.79379 19.000 0.062
3453.83722 18.923 0.081
3455.90273 19.167 0.111
3458.87243 19.063 0.084
3459.88767 18.965 0.078
3468.87111 18.937 0.063
3469.87383 18.963 0.059
3472.85873 19.067 0.069
3474.79238 19.128 0.111
3476.76889 18.832 0.055
3478.86428 18.928 0.066
3480.87992 19.044 0.086
3483.81316 18.980 0.069
3496.90816 18.763 0.088
3497.89513 18.889 0.078
3500.90419 18.956 0.082
3502.88603 19.110 0.085
3503.86558 19.092 0.081
3506.92865 19.007 0.089
3508.90602 19.376 0.166
3509.88882 18.979 0.075
3511.91239 19.221 0.086
3512.89895 19.167 0.099
3520.66452 19.062 0.086
3521.79522 18.864 0.076
3522.86285 18.934 0.088
3524.85412 18.756 0.063
3527.63741 19.357 0.115
3528.88175 19.306 0.114
3529.92056 19.196 0.095
3530.86006 18.802 0.055
3530.89144 19.024 0.066
3538.84960 18.998 0.075
3541.88376 19.018 0.098
3544.88117 19.094 0.128
3547.84861 18.794 0.081
3550.82541 18.779 0.058
3551.83741 18.949 0.066
3552.83279 19.140 0.109
3553.84921 19.093 0.141
3554.86177 18.859 0.082
3556.84383 18.799 0.098
3558.62075 18.940 0.073
3559.62914 19.115 0.085
3560.70553 18.668 0.052
3561.61274 18.889 0.066
3562.66012 19.272 0.092
3563.72478 18.962 0.072
3569.65276 18.988 0.157
3573.78319 18.963 0.105
3574.75539 18.868 0.085
3575.69734 19.047 0.071
3576.76398 19.029 0.102
3578.73843 19.059 0.073
3579.68698 19.053 0.072
3580.72663 19.133 0.099
3581.73649 19.158 0.120
3582.68542 18.907 0.062
3583.70361 18.921 0.071
3584.70749 18.965 0.069
3585.70614 19.123 0.066
3586.76021 19.076 0.075
3589.74962 19.201 0.114
3590.74584 18.960 0.079
3591.72745 18.951 0.065
3592.69868 18.956 0.062
3602.72243 19.075 0.117
3603.71741 19.000 0.097
3607.70138 19.054 0.125
3608.69401 19.195 0.089
3615.65173 18.994 0.079
3617.61334 19.118 0.111
3619.61046 19.052 0.076
3621.65213 18.975 0.082
3629.53639 19.153 0.092
3631.56527 18.927 0.098
3633.59022 18.876 0.107
3640.52361 19.246 0.122
3644.59942 19.042 0.091
3649.57542 19.017 0.101
3652.54937 19.323 0.164
3656.54217 19.202 0.128
3660.54635 18.991 0.109
3665.52914 19.281 0.140
3670.51476 19.653 0.272
3778.83898 19.072 0.125
3783.87785 19.205 0.082
3785.88885 18.931 0.072
3788.89285 19.048 0.098
3792.88301 19.042 0.072
3794.88217 18.956 0.063
3796.87393 19.073 0.091
3797.87358 19.043 0.075
3800.85466 19.037 0.107
3802.80158 19.140 0.092
3803.83417 18.960 0.073
3804.88134 19.460 0.125
3806.89384 18.778 0.058
3808.87882 18.883 0.075
3810.79480 19.112 0.099
3812.78097 19.659 0.177
3814.77188 19.103 0.101
3818.83681 18.994 0.073
3819.89625 19.118 0.068
3820.88848 19.148 0.075
3821.89985 19.040 0.069
3822.91170 19.116 0.076
3824.90671 19.057 0.108
3825.89881 18.893 0.072
3827.89794 18.968 0.062
3828.91008 19.461 0.128
3829.90596 19.010 0.066
3830.87240 18.934 0.068
3832.90018 18.967 0.079
3833.88858 19.067 0.072
3834.81375 19.012 0.066
3835.86617 19.146 0.071
3836.87564 19.094 0.078
3837.85442 18.878 0.082
3838.85856 18.869 0.078
3839.87761 19.361 0.164
3840.86161 18.982 0.078
3841.84491 18.886 0.069
3842.75882 19.235 0.125
3842.91983 18.916 0.140
3845.84883 19.378 0.138
3846.71510 19.039 0.084
3846.80557 18.933 0.073
3846.85327 18.893 0.062
3846.87629 19.059 0.072
3847.75226 19.414 0.174
3847.82054 19.146 0.109
3847.89514 19.109 0.099
3848.72298 19.025 0.102
3848.86886 19.392 0.121
3849.79450 19.177 0.092
3849.89807 19.278 0.120
3850.77485 19.190 0.097
3850.81814 18.821 0.069
3851.82444 18.915 0.086
3852.81654 19.047 0.076
3853.80577 19.056 0.063
3856.79449 19.166 0.095
3858.85849 18.948 0.088
3859.90354 19.263 0.156
3860.84985 18.969 0.099
3861.86512 18.930 0.072
3862.80831 19.251 0.076
3863.78655 18.901 0.063
3864.80999 18.988 0.063
3865.77276 19.143 0.088
3866.73792 19.088 0.073
3867.74527 19.048 0.088
3868.74068 19.097 0.111
3869.72240 19.006 0.104
3873.72588 19.487 0.122
3874.77265 18.853 0.095
3875.75451 18.974 0.061
3877.71423 18.960 0.068
3880.78102 19.099 0.079
3881.78959 19.033 0.065
3882.72454 19.499 0.131
3883.77631 18.982 0.082
3886.73703 19.027 0.085
3887.71964 18.914 0.065
3889.88139 19.379 0.108
3891.56362 19.218 0.128
3891.61303 19.286 0.148
3891.63945 19.029 0.082
3891.69591 19.249 0.097
3891.76121 19.169 0.102
3891.79042 19.067 0.105
3891.84331 18.857 0.066
3891.87263 18.857 0.075
3891.89888 18.969 0.072
3891.92840 18.940 0.101
3892.55994 19.058 0.125
3892.60171 19.362 0.166
3892.65472 18.893 0.075
3892.70783 19.054 0.082
3892.74826 19.096 0.076
3892.77152 19.162 0.114
3892.78801 19.262 0.098
3892.79952 19.163 0.118
3892.81086 18.783 0.076
3892.81945 18.808 0.069
3892.82926 19.009 0.079
3892.83880 19.031 0.082
3892.84727 19.202 0.084
3892.85576 18.951 0.076
3892.86425 19.108 0.091
3892.87280 18.936 0.075
3892.87877 19.133 0.098
3892.88172 19.414 0.109
3892.88890 19.314 0.131
3892.89802 19.250 0.095
3892.90654 19.196 0.085
3892.91499 19.083 0.092
3892.92344 18.995 0.097
3892.93584 19.062 0.112
3892.94431 18.744 0.078
3892.95031 18.812 0.120
3893.56991 19.009 0.120
3893.58569 18.929 0.085
3893.59690 18.987 0.105
3893.61014 19.031 0.098
3893.62494 19.313 0.112
3893.63634 19.425 0.164
3893.64795 19.225 0.091
3893.65940 19.132 0.098
3893.67057 19.008 0.075
3893.68608 18.999 0.089
3893.70033 19.068 0.109
3893.71440 18.875 0.099
3893.73205 19.050 0.121
3893.74617 18.967 0.107
3893.75753 19.661 0.220
3893.76808 19.230 0.158
3893.77947 19.041 0.105
3893.78808 19.201 0.137
3893.79661 18.832 0.076
3893.80245 18.865 0.099
3893.80847 18.912 0.097
3893.81415 19.123 0.109
3893.82352 19.007 0.098
3893.83208 18.953 0.111
3893.84058 19.013 0.112
3893.85486 18.844 0.095
3893.86397 19.107 0.104
3893.87241 18.855 0.091
3893.88944 18.826 0.082
3893.89846 19.044 0.091
3893.90467 19.167 0.143
3893.91353 19.071 0.115
3893.92196 19.084 0.138
3893.93125 19.023 0.122
3894.62941 19.436 0.164
3894.71865 19.142 0.097
3894.75976 19.155 0.115
3894.79842 19.153 0.120
3894.81652 19.131 0.117
3894.84943 19.032 0.109
3894.88216 19.207 0.114
3896.56699 19.012 0.150
3896.76695 18.856 0.086
3896.81567 19.229 0.187
3900.66370 19.010 0.118
3901.66924 18.945 0.082
3902.68675 19.038 0.073
3903.82755 19.050 0.088
3904.66661 19.049 0.063
3905.67729 19.409 0.095
3906.65513 18.968 0.075
3907.72116 18.935 0.097
3908.66105 19.307 0.082
3909.65918 18.930 0.053
3912.66327 19.086 0.056
3913.66345 19.029 0.063
3914.71120 19.217 0.082
3915.66035 19.063 0.073
3916.74209 19.044 0.118
3917.75925 19.102 0.094
3918.75957 18.771 0.063
3919.68974 19.067 0.075
3920.64343 19.299 0.115
3921.65189 18.812 0.092
3930.71353 18.950 0.081
3931.62970 19.421 0.117
3932.59358 18.899 0.059
3933.64044 18.941 0.052
3934.60747 19.203 0.075
3934.81265 19.461 0.145
3935.58848 19.050 0.073
3936.57355 18.896 0.073
3937.65232 19.171 0.092
3938.61780 19.096 0.076
3940.75860 19.101 0.068
3944.71363 18.903 0.063
3945.64988 18.895 0.073
3946.64570 19.153 0.091
3950.66124 18.934 0.069
3951.67204 18.578 0.105
3957.72126 19.293 0.179
3959.63284 18.813 0.072
3960.62396 19.202 0.085
3963.62937 19.092 0.079
3964.66552 19.017 0.069
3965.64038 18.969 0.059
3966.63486 19.220 0.097
3967.65827 18.877 0.069
3968.61778 19.049 0.086
3969.62825 19.265 0.122
3970.63501 18.949 0.081
3971.66636 19.242 0.089
3973.69459 19.130 0.105
3974.63214 18.989 0.081
3975.62468 19.308 0.098
3976.61864 18.771 0.071
3979.65381 18.932 0.098
3982.68651 18.822 0.137
3986.66715 19.078 0.128
3987.61592 19.024 0.075
3988.64806 18.859 0.066
3989.56620 19.115 0.109
3991.56760 19.009 0.109
3995.51543 19.052 0.091
4001.58578 19.587 0.135
4002.62140 18.868 0.078
4003.57586 19.123 0.071
4011.55918 18.989 0.115
4015.58814 19.217 0.145
4017.56182 19.221 0.112
4019.56318 19.272 0.128
4021.58609 18.800 0.091
4025.50433 18.865 0.084
4027.51210 18.953 0.097
4029.55363 19.148 0.143
4151.89462 18.950 0.117
4155.85862 19.229 0.111
4158.82038 19.353 0.132
4160.87996 19.145 0.145
4162.87113 19.037 0.115
4165.85556 19.195 0.141
4167.84848 19.274 0.174
4169.85083 19.154 0.102
4174.86490 19.043 0.095
4176.84219 19.319 0.111
4177.89909 18.960 0.082
4179.79339 19.151 0.107
4180.84536 19.006 0.115
4182.77029 19.057 0.086
4183.80723 18.919 0.086
4185.78299 19.164 0.109
4190.88106 18.968 0.079
4192.88525 19.015 0.086
4193.89627 19.193 0.107
4196.87591 18.867 0.073
4202.88754 18.988 0.073
4203.87569 18.990 0.069
4204.88251 19.018 0.081
4205.87133 19.056 0.081
4207.89526 18.999 0.073
4208.90473 18.983 0.089
4213.87617 18.987 0.068
4215.91036 19.065 0.086
4216.83484 19.116 0.094
4217.85713 19.219 0.073
4218.90147 19.004 0.073
4220.88284 19.203 0.134
4222.84532 19.034 0.092
4228.84926 19.267 0.132
4229.81471 19.038 0.089
4230.79584 18.969 0.069
4231.83814 19.094 0.089
4232.85909 19.090 0.145
4234.79379 19.441 0.108
4234.83126 18.861 0.065
4235.81766 18.986 0.075
4237.63453 19.116 0.137
4238.82223 19.052 0.117
4240.61593 19.093 0.144
4243.86855 19.112 0.121
4244.87526 19.026 0.101
4245.90971 19.116 0.109
4246.92260 18.873 0.095
4247.57968 19.260 0.109
4250.90891 19.042 0.131
4256.80725 19.053 0.120
4257.69115 19.101 0.120
4258.79426 19.108 0.111
4268.57531 18.980 0.115
4269.71511 19.033 0.079
4272.63695 19.048 0.076
4273.68439 19.131 0.108
4274.66824 19.333 0.125
4275.72502 18.985 0.095
4277.56591 19.024 0.132
4278.69899 19.027 0.112
4283.64600 19.126 0.095
4284.62746 19.016 0.102
4285.63443 18.977 0.114
4286.72817 18.921 0.167
4289.67790 19.320 0.171
4290.75709 19.003 0.118
4291.75529 19.220 0.125
4292.61284 18.980 0.073
4293.64058 19.025 0.069
4294.68184 19.050 0.082
4295.64185 18.934 0.071
4296.62102 18.995 0.075
4297.55254 19.055 0.076
4298.78340 19.102 0.135
4299.75421 19.088 0.076
4300.68421 19.097 0.098
4301.55350 19.002 0.078
4302.78742 19.034 0.114
4306.54448 19.094 0.141
4307.56495 18.949 0.078
4311.58698 18.981 0.114
4312.65423 19.258 0.108
4317.64131 18.993 0.095
4319.65029 18.893 0.088
4326.65949 19.027 0.104
4327.69448 19.333 0.147
4328.62925 19.049 0.092
4329.62066 18.977 0.099
4330.63389 18.921 0.075
4331.62930 18.904 0.084
4332.68398 18.998 0.094
4333.63312 19.105 0.125
4334.64657 19.136 0.170
4338.66618 18.989 0.125
4339.63617 19.006 0.105
4340.69934 19.023 0.124
4341.67691 19.030 0.161
4342.67723 19.132 0.134
4343.64705 19.070 0.097
4345.64690 19.073 0.125
4346.65206 19.171 0.158
4347.66621 19.026 0.094
4348.65230 18.926 0.086
4349.64122 19.101 0.092
4350.66581 19.075 0.098
4351.63668 19.104 0.101
4354.64540 19.193 0.132
4357.58348 19.015 0.128
4359.55225 18.724 0.095
4365.59842 18.876 0.120
4368.60145 18.961 0.138
4370.55708 19.310 0.102
4372.58990 19.015 0.088
4377.55063 19.038 0.105
4381.59301 19.205 0.163
4515.89415 18.868 0.101
4520.87316 19.007 0.120
4523.85670 19.150 0.151
4525.85142 19.015 0.150
4532.87629 19.159 0.102
4534.90067 19.322 0.148
4536.91052 19.091 0.131
4537.79173 19.162 0.132
4538.90513 18.940 0.089
4539.79651 19.224 0.108
4541.82839 19.010 0.108
4543.81809 19.018 0.082
4544.81498 18.899 0.092
4545.83249 19.253 0.112
4547.80632 18.937 0.084
4550.80535 18.955 0.112
4552.79539 19.276 0.154
4556.88713 19.009 0.068
4557.91279 19.170 0.086
4558.87930 18.991 0.088
4559.87723 19.012 0.079
4560.87740 19.257 0.081
4561.86646 18.940 0.058
4564.87058 18.943 0.061
4565.86027 18.916 0.053
4566.86148 19.143 0.076
4567.86705 18.927 0.063
4568.89900 19.043 0.081
4569.88223 19.339 0.102
4570.89077 18.863 0.068
4571.85247 19.130 0.076
4572.89085 19.184 0.124
4573.86609 18.935 0.059
4574.87463 18.886 0.079
4575.88264 19.130 0.081
4583.77483 18.988 0.135
4585.83584 18.956 0.076
4586.85864 19.038 0.088
4587.87053 18.896 0.108
4588.76070 18.876 0.075
4589.73009 18.875 0.081
4590.80974 18.876 0.081
4591.72256 19.174 0.094
4592.79611 18.986 0.095
4593.78156 18.941 0.079
4594.80991 19.157 0.088
4595.80073 19.042 0.076
4596.75640 18.989 0.069
4597.81820 19.002 0.082
4598.78774 19.025 0.063
4599.76696 19.051 0.073
4600.78934 19.056 0.062
4601.77792 19.051 0.069
4602.78159 18.987 0.063
4606.83528 19.001 0.082
4611.75902 19.081 0.095
4616.75119 18.929 0.065
4616.93346 19.325 0.166
4617.93551 18.962 0.132
4618.65557 19.034 0.094
4622.73428 19.146 0.101
4623.80734 18.924 0.097
4624.74608 18.991 0.091
4625.72906 18.939 0.088
4626.79113 18.907 0.095
4627.70838 18.926 0.066
4628.69722 18.907 0.072
4629.76675 19.041 0.068
4630.70592 18.924 0.069
4631.72119 18.877 0.055
4632.75564 19.082 0.081
4633.89110 18.934 0.115
4639.84375 19.091 0.196
4640.84821 18.780 0.115
4641.88578 18.940 0.125
4642.53163 19.154 0.124
4643.68802 18.920 0.078
4644.77814 18.942 0.076
4645.69045 18.937 0.076
4646.65772 19.137 0.071
4647.67912 19.048 0.082
4649.66422 19.088 0.089
4650.70224 18.930 0.072
4652.63544 19.518 0.132
4653.63041 18.946 0.073
4654.66744 19.056 0.098
4655.63866 19.268 0.098
4656.63478 19.077 0.092
4658.79201 19.019 0.118
4661.62443 18.966 0.069
4666.49566 18.951 0.117
4670.72713 19.022 0.105
4671.68075 18.929 0.076
4672.64049 18.899 0.095
4674.66842 18.911 0.082
4675.79331 19.042 0.127
4677.71262 19.006 0.086
4679.67646 18.986 0.112
4681.69650 18.990 0.105
4682.69417 19.098 0.086
4683.65020 18.996 0.095
4684.66895 19.005 0.108
4684.76213 18.929 0.095
4685.69478 19.030 0.088
4686.76734 18.995 0.086
4687.68306 18.911 0.092
4688.62890 18.902 0.073
4694.71302 19.119 0.174
4697.63780 18.921 0.102
4698.65588 18.817 0.088
4700.65113 19.108 0.091
4701.63445 18.970 0.085
4702.64888 19.313 0.122
4708.67055 19.188 0.115
4715.63159 19.103 0.127
4720.63727 18.857 0.143
4721.63747 19.056 0.154
4722.63531 19.090 0.127
4725.60818 19.419 0.184
4726.63643 18.872 0.120
4733.59746 19.544 0.194
4750.53956 19.218 0.151
4756.57260 18.792 0.128
4763.52275 19.227 0.135
4876.89046 19.111 0.127
4883.87669 18.828 0.108
4886.84343 19.088 0.108
4890.81594 18.861 0.101
4892.89878 19.291 0.174
4894.86690 19.293 0.125
4898.85111 18.850 0.069
4900.84568 18.955 0.086
4901.89728 18.995 0.069
4902.82292 18.984 0.082
4903.88557 19.096 0.084
4904.85105 18.974 0.079
4906.90410 19.138 0.108
4911.88629 18.956 0.061
4913.89968 19.029 0.073
4924.89491 19.019 0.076
4926.74570 18.967 0.088
4928.80163 19.253 0.150
4930.73708 18.921 0.105
4931.87923 19.016 0.089
4932.78711 19.066 0.085
4933.73133 18.942 0.105
4934.83292 19.040 0.101
4938.84144 19.272 0.114
4940.78616 18.980 0.081
4941.83801 18.903 0.075
4942.86341 19.034 0.079
4943.72061 18.990 0.073
4944.78550 18.935 0.066
4949.79994 19.079 0.072
4950.70868 18.991 0.091
4951.82490 18.843 0.082
4953.72950 18.708 0.062
4954.84702 18.915 0.072
4955.84517 19.157 0.111
