2125.54272 18.418 0.084
2129.62606 18.546 0.043
2132.57032 18.573 0.055
2135.70796 18.374 0.042
2140.66596 18.467 0.061
2144.55010 18.714 0.067
2160.53942 18.489 0.064
2168.60687 18.459 0.064
2187.51621 18.766 0.089
2206.51166 18.646 0.091
2331.85239 18.791 0.069
2346.89874 18.787 0.058
2358.82243 18.734 0.060
2372.78459 18.552 0.049
2382.90871 18.456 0.053
2386.85204 18.610 0.067
2390.79520 18.895 0.081
2397.75724 18.468 0.043
2401.78200 18.522 0.050
2403.83802 18.444 0.040
2405.80650 18.656 0.057
2414.78652 18.897 0.065
2416.75778 18.509 0.058
2424.84952 18.590 0.081
2428.75179 18.386 0.045
2432.79501 18.503 0.063
2434.66281 18.521 0.054
2436.70845 18.590 0.048
2438.68672 18.515 0.051
2440.79095 18.601 0.051
2443.69330 18.882 0.072
2445.57439 18.974 0.082
2448.54799 18.454 0.086
2453.81013 18.880 0.072
2463.48262 18.668 0.077
2464.71274 18.518 0.041
2467.61571 18.641 0.063
2469.63011 18.539 0.037
2471.64193 18.900 0.056
2473.60699 18.489 0.051
2483.67183 18.792 0.067
2486.65518 18.616 0.072
2490.62180 18.463 0.057
2493.58162 18.526 0.051
2495.65563 18.786 0.052
2497.71152 18.649 0.056
2499.75843 18.387 0.045
2502.50207 18.581 0.058
2508.59694 18.685 0.058
2512.55326 18.927 0.080
2517.65402 18.428 0.046
2520.51277 18.754 0.077
2526.60849 18.605 0.050
2537.58895 18.309 0.074
2541.58700 18.567 0.060
2541.61151 18.525 0.058
2547.52509 18.615 0.075
2551.56129 19.030 0.131
2556.51606 18.757 0.074
2563.54955 18.911 0.070
2574.52896 18.658 0.073
2705.89205 18.668 0.053
2706.85817 18.645 0.066
2714.84247 18.585 0.050
2728.87231 18.567 0.068
2733.85517 18.488 0.064
2744.82522 18.595 0.153
2752.90120 18.583 0.057
2756.87243 18.529 0.052
2760.84070 18.424 0.053
2766.87267 18.773 0.063
2770.76027 18.463 0.053
2783.76107 19.027 0.067
2785.87265 18.879 0.084
2786.87471 18.481 0.074
2789.68073 18.750 0.056
2791.64441 18.465 0.048
2794.80771 18.933 0.074
2796.74774 18.585 0.045
2808.88816 18.745 0.116
2809.89257 18.757 0.075
2810.81960 18.811 0.069
2811.85681 18.491 0.049
2813.65354 18.589 0.072
2815.77521 18.635 0.056
2817.72809 18.488 0.050
2818.79109 18.963 0.087
2820.66335 18.888 0.071
2826.69205 18.595 0.045
2834.71426 18.520 0.102
2835.83164 18.447 0.069
2837.56960 18.943 0.100
2839.60643 18.486 0.050
2841.62493 18.772 0.069
2843.56101 18.456 0.054
2845.59185 18.800 0.086
2849.74438 18.495 0.059
2849.77196 18.617 0.071
2851.75475 18.438 0.070
2853.75761 18.753 0.080
2856.64638 18.923 0.071
2858.62168 18.542 0.077
2859.61572 18.549 0.067
2860.74383 18.472 0.089
2863.57997 18.442 0.055
2866.67202 18.592 0.067
2869.66305 18.507 0.052
2872.65755 18.608 0.044
2877.62679 18.524 0.062
2883.60238 18.633 0.049
2883.67218 18.931 0.086
2892.59233 18.691 0.095
2896.61397 18.784 0.067
2902.58105 18.334 0.067
2907.55543 18.506 0.068
2917.54307 18.527 0.071
3051.84957 18.695 0.113
3058.84463 18.495 0.046
3063.83929 18.425 0.044
3067.84320 18.649 0.053
3070.80263 18.499 0.077
3072.88144 18.734 0.049
3075.77834 18.512 0.067
3079.83481 18.502 0.060
3082.79590 18.567 0.048
3084.85168 18.954 0.061
3086.78268 18.593 0.040
3087.89605 18.858 0.071
3089.80432 18.719 0.053
3091.76642 18.432 0.042
3096.79617 18.881 0.078
3098.80775 18.530 0.045
3100.86308 18.709 0.055
3102.81901 18.552 0.053
3103.89437 18.854 0.065
3106.77189 18.518 0.061
3107.91872 18.632 0.054
3109.74034 18.965 0.064
3110.78162 18.498 0.050
3112.75639 18.736 0.053
3113.81973 18.521 0.041
3115.81832 18.765 0.059
3118.87540 18.679 0.062
3122.82598 18.376 0.053
3125.80643 18.489 0.065
3126.83731 18.653 0.054
3127.75206 18.524 0.050
3128.77032 19.026 0.079
3129.74511 18.879 0.090
3130.92322 18.821 0.080
3131.77905 18.744 0.083
3134.71538 18.578 0.099
3135.81089 18.994 0.068
3137.86297 18.575 0.061
3138.82054 18.566 0.047
3139.81535 18.935 0.054
3140.82190 18.741 0.059
3142.71684 18.628 0.052
3144.73923 18.817 0.060
3146.70895 18.654 0.064
3151.69926 18.619 0.052
3152.70334 18.666 0.052
3152.91611 18.584 0.078
3153.70736 18.886 0.086
3154.76250 18.421 0.059
3156.74987 18.890 0.067
3158.80889 18.559 0.067
3162.75635 18.516 0.050
3162.94260 18.445 0.069
3163.71824 18.573 0.044
3163.94185 18.481 0.076
3164.68203 18.667 0.056
3165.80385 18.657 0.039
3168.71493 18.824 0.067
3169.67140 18.857 0.056
3170.74427 18.596 0.048
3171.69568 18.565 0.043
3172.68252 18.612 0.040
3174.65937 18.673 0.043
3175.66121 18.475 0.037
3176.70818 18.811 0.074
3177.68175 18.859 0.097
3177.79723 18.541 0.070
3178.54323 18.546 0.061
3178.72379 18.516 0.052
3179.60173 18.598 0.044
3179.85749 18.547 0.058
3180.65243 18.563 0.035
3182.72257 18.444 0.039
3183.66728 18.431 0.055
3184.64693 18.567 0.037
3185.80489 18.504 0.052
3193.48287 18.555 0.082
3193.81966 18.613 0.053
3194.63850 18.571 0.065
3195.61679 18.539 0.045
3196.69235 18.910 0.100
3196.78125 18.528 0.048
3197.59244 18.605 0.048
3202.58963 18.946 0.077
3203.71335 18.687 0.049
3204.70900 19.078 0.067
3205.63398 18.960 0.055
3206.61556 18.681 0.047
3210.60572 18.723 0.064
3211.67775 18.503 0.061
3217.60179 18.835 0.067
3218.60106 18.760 0.073
3219.66023 18.403 0.071
3223.59830 18.511 0.069
3224.64799 18.880 0.053
3226.56086 18.926 0.061
3228.51941 18.449 0.047
3229.57757 18.809 0.051
3230.61628 18.521 0.037
3231.51729 18.797 0.067
3232.49111 18.431 0.075
3239.52592 18.689 0.055
3240.60335 18.627 0.058
3241.60763 18.850 0.114
3244.70414 18.696 0.124
3245.49213 18.564 0.066
3246.60005 18.428 0.071
3247.67073 18.860 0.072
3248.66391 18.987 0.084
3250.60332 18.496 0.054
3253.59615 18.908 0.073
3256.57872 18.542 0.065
3259.57133 18.418 0.057
3266.59687 18.486 0.076
3274.57569 18.625 0.072
3278.54978 18.632 0.061
3281.49143 18.582 0.081
3287.55862 18.357 0.052
3292.54739 18.586 0.053
3415.88202 18.527 0.039
3420.88227 18.678 0.048
3425.85746 18.801 0.081
3428.86323 18.601 0.056
3430.90010 18.503 0.040
3442.83672 18.554 0.051
3444.89055 19.049 0.066
3447.79903 18.477 0.056
3449.81632 18.973 0.060
3452.83726 18.660 0.049
3454.89086 18.560 0.052
3457.82918 18.933 0.075
3459.77436 18.461 0.049
3468.82627 18.759 0.046
3469.83328 18.720 0.043
3471.91353 19.259 0.123
3473.82870 18.869 0.071
3476.72136 18.526 0.038
3478.78699 18.537 0.047
3479.92425 18.831 0.052
3481.76561 18.846 0.053
3483.89924 18.973 0.068
3484.72418 18.512 0.057
3496.80062 17.860 0.028
3497.73833 18.739 0.060
3499.92830 18.590 0.038
3500.79736 18.837 0.056
3501.79115 18.803 0.049
3502.76405 18.599 0.037
3503.73308 18.543 0.037
3504.82278 19.088 0.067
3506.88777 18.763 0.061
3508.83836 19.026 0.077
3509.78807 18.653 0.053
3511.74568 18.415 0.046
3512.78931 18.684 0.062
3517.86281 18.462 0.059
3520.81703 18.903 0.071
3521.62670 18.397 0.035
3522.68106 19.045 0.064
3523.72562 18.540 0.034
3525.69383 18.770 0.044
3526.77631 18.483 0.039
3527.78118 18.549 0.039
3528.72397 18.615 0.056
3529.61394 18.467 0.037
3530.63587 18.768 0.042
3538.66782 18.964 0.067
3541.81830 18.542 0.046
3547.70979 18.490 0.057
3550.58385 18.547 0.049
3551.77327 18.562 0.052
3552.61109 18.712 0.051
3553.74296 18.635 0.074
3554.77991 18.552 0.055
3555.75408 18.528 0.041
3556.81982 18.482 0.060
3558.48270 18.687 0.061
3558.78198 18.509 0.048
3559.55047 18.647 0.070
3560.51349 18.904 0.060
3561.49081 18.742 0.070
3562.53741 18.608 0.047
3563.59242 18.917 0.062
3564.62049 18.470 0.042
3569.50859 18.655 0.073
3573.58576 18.552 0.063
3574.64229 18.929 0.080
3575.62727 18.506 0.040
3576.60753 18.481 0.041
3577.66966 18.789 0.051
3578.61670 19.033 0.064
3579.57393 18.872 0.053
3580.59603 18.364 0.037
3581.62375 18.707 0.050
3582.57194 18.702 0.049
3583.58902 18.661 0.047
3584.59798 18.525 0.036
3585.58824 18.600 0.037
3586.63404 18.757 0.050
3589.62683 18.699 0.038
3590.59554 18.961 0.054
3591.65746 18.513 0.037
3593.53037 18.498 0.038
3594.64649 18.609 0.042
3601.57891 18.596 0.049
3602.59587 18.974 0.064
3603.59293 18.546 0.051
3606.61252 18.713 0.067
3607.58491 18.673 0.047
3608.59381 18.444 0.048
3615.52901 18.958 0.065
3618.63129 18.529 0.048
3620.51971 18.619 0.042
3622.49870 18.749 0.070
3628.62742 18.665 0.066
3630.51285 18.724 0.073
3631.64301 18.473 0.081
3633.49814 18.391 0.057
3637.58817 19.020 0.106
3639.60544 18.587 0.049
3641.50049 18.581 0.067
3643.57695 18.374 0.072
3648.49286 18.552 0.055
3651.54882 18.459 0.072
3654.50190 18.733 0.099
3656.49866 18.524 0.059
3658.53272 18.982 0.115
3661.53061 18.594 0.088
3668.50368 18.415 0.056
3674.51747 18.642 0.074
3775.86214 18.706 0.066
3780.88697 18.611 0.059
3786.86941 18.682 0.066
3787.89027 18.560 0.050
3791.86837 18.558 0.061
3794.84799 18.851 0.062
3796.83574 18.599 0.048
3797.83964 18.687 0.050
3798.88762 18.687 0.050
3801.81121 18.609 0.060
3803.80025 18.721 0.055
3804.84759 18.526 0.050
3805.88798 18.952 0.064
3807.87627 18.527 0.045
3808.91101 18.983 0.069
3811.86925 18.526 0.047
3812.90094 18.706 0.060
3817.88765 18.905 0.076
3818.90834 18.512 0.049
3820.85436 18.662 0.047
3821.86437 18.843 0.053
3822.76341 18.789 0.075
3823.87267 18.558 0.045
3824.86926 18.615 0.053
3826.87371 18.541 0.045
3828.87605 18.738 0.057
3829.86280 19.002 0.065
3832.86307 18.804 0.058
3833.83298 18.965 0.055
3834.88188 18.573 0.041
3835.82521 18.524 0.039
3836.83089 18.644 0.052
3837.82024 18.792 0.063
3838.82425 18.733 0.076
3839.83636 18.575 0.045
3840.82739 18.579 0.051
3841.80625 18.789 0.060
3845.80869 18.723 0.074
3846.81930 18.629 0.048
3848.83478 18.729 0.049
3849.84809 18.916 0.049
3850.78412 18.993 0.070
3851.79047 18.551 0.067
3852.77895 18.522 0.046
3853.77161 18.706 0.039
3856.76041 18.490 0.046
3858.82432 18.521 0.058
3860.81513 18.552 0.053
3861.82577 18.984 0.051
3862.77340 19.031 0.058
3863.71314 18.935 0.061
3864.77424 18.525 0.039
3865.73748 18.579 0.051
3866.76705 18.866 0.057
3867.70396 19.189 0.082
3868.76999 18.634 0.059
3869.75641 18.642 0.061
3873.75720 18.686 0.049
3874.80180 18.655 0.058
3875.71686 18.674 0.042
3877.74649 18.706 0.044
3880.74372 18.502 0.043
3881.75187 18.789 0.049
3882.68996 18.632 0.048
3883.73139 18.603 0.041
3886.70221 18.750 0.052
3887.68528 19.172 0.078
3889.84364 18.592 0.044
3891.57256 18.549 0.064
3892.84163 19.059 0.068
3893.72640 18.710 0.070
3894.77178 18.608 0.060
3896.72008 18.427 0.055
3900.62293 18.813 0.057
3901.63483 18.544 0.045
3902.65273 18.590 0.052
3903.77470 18.452 0.040
3904.63243 18.676 0.044
3905.63938 18.644 0.041
3906.62092 18.596 0.047
3907.68203 18.729 0.075
3908.62057 18.821 0.050
3909.62498 18.545 0.039
3912.62532 18.666 0.037
3913.62286 18.520 0.035
3914.63696 18.668 0.046
3915.61975 18.870 0.056
3916.70151 18.542 0.047
3917.71421 18.692 0.054
3918.71521 18.912 0.063
3919.64847 18.800 0.076
3920.60058 18.706 0.057
3921.61406 18.407 0.053
3930.67348 19.158 0.097
3931.59544 18.735 0.057
3931.73764 18.462 0.056
3932.62289 18.586 0.037
3933.60262 18.489 0.032
3934.57327 18.460 0.038
3935.65046 18.747 0.054
3936.60204 18.739 0.057
3936.79025 18.810 0.073
3937.71876 18.926 0.084
3938.57970 18.358 0.040
3940.71988 18.568 0.044
3944.66463 18.557 0.040
3945.61302 18.428 0.040
3946.60678 18.666 0.054
3950.61176 18.640 0.048
3951.63989 18.578 0.055
3956.64672 18.507 0.069
3957.60098 18.438 0.055
3958.66667 18.781 0.066
3959.59698 19.096 0.075
3960.58526 18.602 0.039
3963.55429 18.829 0.059
3964.61750 18.506 0.038
3965.60322 18.522 0.040
3966.59420 18.682 0.046
3967.62455 18.746 0.053
3968.58074 18.627 0.049
3969.58837 18.501 0.045
3970.60125 18.733 0.059
3971.63127 18.520 0.067
3973.66079 18.733 0.065
3974.59547 18.599 0.061
3975.58695 18.885 0.059
3976.58487 18.588 0.053
3979.60959 18.721 0.083
3982.63987 18.820 0.072
3987.58107 19.041 0.079
3988.59827 18.475 0.034
3990.58231 18.697 0.065
3994.53223 18.484 0.057
3995.65995 18.504 0.069
3996.50795 18.795 0.070
4000.59350 18.554 0.063
4001.61691 18.723 0.073
4002.58751 18.870 0.061
4003.54199 18.985 0.056
4005.63780 18.966 0.086
4006.60671 18.808 0.067
4011.52078 18.952 0.093
4015.55012 18.773 0.081
4017.52783 18.457 0.046
4019.52952 18.851 0.072
4021.53222 18.554 0.081
4024.56176 18.658 0.063
4026.55738 18.959 0.085
4029.51603 18.326 0.059
4149.85994 18.545 0.060
4154.89750 18.886 0.072
4157.86829 18.508 0.050
4159.88455 18.596 0.057
4162.83194 18.515 0.068
4164.87171 18.463 0.048
4166.88750 18.902 0.096
4169.80200 18.512 0.056
4174.80958 18.574 0.068
4176.80256 18.658 0.062
4177.85626 18.612 0.060
4178.89903 18.802 0.067
4180.79643 18.667 0.065
4181.88603 18.802 0.059
4183.76808 18.811 0.063
4184.81645 18.618 0.053
4187.90959 18.547 0.059
4190.82755 18.918 0.079
4192.84633 18.502 0.046
4193.85720 18.664 0.056
4194.87884 18.749 0.064
4196.86737 18.552 0.055
4202.84863 18.907 0.059
4203.83674 18.657 0.045
4204.83224 18.490 0.040
4205.82731 18.601 0.049
4207.82944 18.609 0.044
4208.85290 18.456 0.044
4213.82816 18.671 0.049
4215.83438 18.555 0.057
4216.79215 18.525 0.050
4217.79993 18.590 0.039
4218.85488 18.751 0.061
4219.88792 18.549 0.057
4220.82761 18.500 0.067
4222.79074 18.969 0.077
4224.91007 19.007 0.091
4228.78504 18.620 0.073
4229.76974 18.575 0.050
4230.75351 18.682 0.055
4231.75583 18.719 0.066
4232.76736 18.499 0.057
4234.66794 18.557 0.060
4235.72910 18.901 0.069
4238.77910 18.852 0.073
4239.75824 18.927 0.061
4240.90481 18.946 0.086
4243.79806 18.697 0.062
4244.77294 18.541 0.046
4245.76375 18.583 0.043
4246.82146 18.832 0.072
4250.84684 18.559 0.064
4256.68374 18.946 0.119
4258.69269 18.570 0.056
4267.65799 18.753 0.060
4268.82865 18.639 0.056
4269.63644 18.636 0.052
4272.68697 18.624 0.047
4273.73614 18.553 0.056
4274.53276 18.943 0.118
4275.68756 18.965 0.081
4277.64496 18.583 0.052
4278.66095 18.534 0.066
4283.60623 18.577 0.063
4284.59024 18.762 0.069
4285.59693 18.779 0.089
4286.59312 18.648 0.061
4289.62799 18.510 0.068
4290.65944 18.528 0.061
4291.71421 18.747 0.067
4292.57564 18.745 0.052
4293.60292 18.673 0.049
4294.57477 18.535 0.052
4295.59998 18.620 0.050
4296.58356 18.765 0.072
4297.64880 18.542 0.046
4298.62164 18.518 0.047
4299.59197 18.580 0.043
4300.49044 18.356 0.052
4301.67069 18.539 0.050
4302.65299 18.629 0.057
4304.62778 18.801 0.076
4306.61871 18.488 0.067
4310.71950 19.121 0.139
4312.61368 18.831 0.063
4315.62381 18.820 0.101
4316.64489 18.523 0.063
4317.54333 18.901 0.062
4319.60641 18.748 0.069
4320.69935 18.423 0.061
4326.62222 18.623 0.055
4327.64788 18.854 0.093
4328.59005 18.847 0.063
4329.58231 18.533 0.064
4330.62499 18.637 0.055
4331.58965 18.726 0.073
4332.66791 18.520 0.055
4333.59042 18.622 0.071
4334.55780 18.426 0.089
4338.62080 18.588 0.076
4339.58999 18.723 0.070
4340.68700 18.524 0.069
4341.59190 18.505 0.066
4342.62820 18.746 0.065
4343.60745 19.067 0.073
4344.65695 18.524 0.054
4345.60733 18.493 0.057
4346.60933 18.667 0.067
4347.62322 18.838 0.075
4349.59511 18.474 0.041
4350.65687 18.898 0.079
4351.59721 18.968 0.087
4353.61704 18.425 0.067
4354.63655 18.790 0.077
4355.64955 18.648 0.081
4358.62366 18.778 0.077
4359.64282 18.607 0.079
4362.57162 18.479 0.076
4368.59247 18.609 0.097
4371.61134 18.776 0.083
4373.60505 18.420 0.061
4381.58417 18.347 0.075
4506.87121 18.565 0.070
4512.88637 18.539 0.043
4515.84787 18.757 0.103
4518.88890 18.495 0.069
4521.85924 18.555 0.068
4524.86855 18.731 0.072
4530.85792 18.598 0.046
4533.89555 18.601 0.050
4536.78383 19.223 0.137
4537.84472 18.561 0.046
4539.78803 18.656 0.066
4541.75779 18.922 0.070
4541.91234 18.644 0.064
4542.87581 18.821 0.063
4543.90191 18.773 0.052
4544.89948 18.606 0.045
4545.82411 18.478 0.049
4546.88259 18.840 0.062
4547.89339 18.699 0.063
4550.89316 19.019 0.084
4551.88626 18.695 0.065
4552.87949 18.568 0.066
4556.84744 18.613 0.054
4557.87372 18.540 0.042
4558.87019 18.871 0.059
4559.83788 19.020 0.066
4560.83819 18.580 0.040
4561.82708 18.516 0.037
4564.83140 18.635 0.044
4565.82034 18.532 0.038
4566.82235 18.625 0.042
4567.82270 18.883 0.057
4568.84505 18.530 0.045
4569.83897 18.611 0.047
4570.82966 18.639 0.060
4571.81337 19.032 0.076
4572.85122 18.527 0.056
4573.82687 18.528 0.046
4574.82905 18.664 0.060
4575.83780 18.785 0.060
4583.69796 18.403 0.067
4585.92403 18.936 0.091
4586.84992 19.074 0.080
4587.83056 18.827 0.060
4588.81358 18.554 0.043
4589.65920 18.753 0.075
4590.76381 18.534 0.054
4591.65161 18.547 0.058
4592.75695 18.963 0.077
4593.74225 18.580 0.054
4594.77080 18.521 0.044
4595.75853 18.834 0.073
4596.74770 18.856 0.061
4597.77895 18.589 0.052
4598.74830 18.551 0.040
4599.72412 18.635 0.049
4600.73335 19.015 0.055
4601.73788 18.550 0.040
4602.73206 18.540 0.041
4606.74579 18.601 0.052
4610.83971 19.032 0.129
4611.71953 18.631 0.061
4611.90611 18.553 0.060
4615.89619 18.396 0.067
4616.70503 19.087 0.074
4617.82810 18.635 0.067
4622.68373 18.533 0.050
4623.76373 18.923 0.090
4624.69899 18.925 0.078
4625.68409 18.617 0.070
4626.73456 18.415 0.048
4627.66325 18.544 0.042
4628.65756 18.796 0.073
4629.72266 18.458 0.043
4630.65952 18.478 0.048
4631.68102 18.589 0.043
4632.68100 19.004 0.066
4633.73804 18.524 0.057
4639.78345 18.774 0.074
4640.68343 18.850 0.076
4641.83995 18.871 0.098
4642.68184 18.510 0.049
4643.64782 18.552 0.047
4644.71496 18.716 0.059
4645.64643 18.694 0.053
4646.61817 18.609 0.042
4647.62856 18.468 0.041
4649.62268 18.997 0.085
4650.65104 18.581 0.052
4651.66596 18.539 0.052
4652.59512 18.582 0.055
4653.58899 18.901 0.072
4654.62813 18.564 0.052
4655.59238 18.500 0.056
4656.59545 18.581 0.051
4658.75281 18.827 0.093
4660.70238 18.684 0.067
4661.58495 18.908 0.070
4665.74670 18.515 0.077
4666.65208 18.498 0.060
4670.71799 18.530 0.069
4671.64164 18.601 0.057
4672.60114 18.671 0.058
4674.60799 18.474 0.056
4677.58020 18.882 0.086
4681.59582 18.848 0.082
4682.61304 18.496 0.049
4683.61001 18.464 0.072
4684.62804 18.958 0.080
4685.59571 18.891 0.069
4686.72453 19.017 0.080
4687.64298 18.659 0.067
4688.58918 18.750 0.076
4694.66445 18.625 0.099
4697.59037 18.864 0.113
4698.61659 18.475 0.051
4700.61167 18.992 0.080
4701.59455 18.651 0.072
4702.60950 18.484 0.061
4703.67673 18.945 0.104
4708.61030 18.983 0.098
4710.64546 18.728 0.068
4720.62774 18.748 0.077
4721.59660 18.534 0.070
4724.61102 18.891 0.090
4726.58784 18.379 0.063
4731.63736 18.884 0.094
4738.51335 18.621 0.067
4748.58224 18.997 0.120
4755.53601 18.490 0.067
4761.53251 18.514 0.064
4768.54078 18.888 0.112
4875.86536 18.456 0.055
4878.89558 18.538 0.060
4885.87732 18.611 0.052
4888.82904 18.769 0.067
4892.82472 18.871 0.071
4897.90344 18.569 0.054
4901.84661 18.654 0.056
4903.84599 18.502 0.047
4904.90423 18.538 0.057
4906.89569 18.603 0.061
4910.90220 18.632 0.065
4912.88875 18.741 0.050
4914.87010 18.612 0.047
4925.80278 18.691 0.047
4927.85669 18.844 0.082
4929.82539 18.626 0.059
4930.85872 18.559 0.066
4931.80254 18.467 0.054
4932.75778 18.705 0.063
4933.80609 18.608 0.060
4938.78109 18.575 0.054
4939.80648 18.669 0.067
4941.76052 18.870 0.073
4942.80135 18.530 0.044
4943.79387 18.608 0.054
4945.68296 18.589 0.049
4945.78532 18.631 0.048
4946.67860 18.873 0.061
4950.80650 18.412 0.043
4952.83351 18.728 0.055
4953.79809 18.635 0.058
4954.75994 18.511 0.048
4955.75579 18.635 0.064
