2127.49264 17.830 0.043
2130.52548 17.842 0.032
2133.53959 17.853 0.033
2136.66080 17.913 0.042
2141.65157 17.932 0.048
2165.57403 17.912 0.045
2171.64107 18.057 0.045
2179.53142 17.836 0.046
2189.52642 17.949 0.052
2212.55151 17.949 0.055
2214.50881 17.965 0.061
2337.83855 17.881 0.035
2352.85604 17.848 0.036
2361.85051 17.916 0.043
2373.80531 17.856 0.039
2384.84115 17.888 0.032
2388.84047 17.866 0.033
2390.87877 17.890 0.043
2393.87268 17.922 0.052
2400.82005 17.898 0.035
2402.92676 17.866 0.042
2406.86951 17.915 0.043
2411.72756 17.840 0.035
2415.90281 17.820 0.038
2417.87361 17.904 0.036
2425.90547 18.107 0.081
2428.88365 17.816 0.046
2434.80022 17.868 0.032
2436.84892 17.900 0.043
2438.83028 17.893 0.036
2441.78511 17.942 0.035
2445.70148 18.053 0.036
2448.73852 17.879 0.063
2454.75937 17.863 0.036
2460.73247 17.876 0.046
2463.61209 17.926 0.033
2466.58608 17.845 0.032
2468.77360 17.891 0.038
2470.75755 17.882 0.036
2481.63002 17.751 0.043
2484.69221 17.829 0.042
2496.55867 18.085 0.033
2498.59676 18.000 0.029
2500.62291 17.886 0.030
2502.64108 17.830 0.036
2510.53823 17.796 0.032
2516.50144 17.849 0.040
2517.54832 17.809 0.042
2520.65706 17.879 0.035
2529.52356 17.953 0.038
2538.57282 17.852 0.042
2542.56177 17.875 0.043
2548.52699 18.066 0.048
2552.56361 17.911 0.043
2557.52859 17.841 0.038
2561.52454 17.932 0.052
2568.55905 18.009 0.065
2708.87664 17.894 0.035
2719.88282 17.918 0.035
2729.90836 17.860 0.039
2734.88191 17.944 0.036
2747.76627 18.028 0.059
2754.77630 17.848 0.035
2757.84134 17.940 0.042
2763.79445 17.945 0.038
2767.88675 18.011 0.056
2775.79219 17.923 0.059
2776.74712 17.925 0.092
2783.88124 17.834 0.032
2785.74758 17.880 0.039
2788.62706 17.913 0.038
2790.77342 17.902 0.038
2793.70035 17.932 0.040
2795.66008 17.970 0.033
2797.67119 18.146 0.036
2809.79129 17.925 0.040
2811.71174 17.902 0.042
2812.84101 17.907 0.038
2813.88477 17.891 0.043
2815.86552 17.899 0.043
2817.76399 17.871 0.036
2819.67439 17.904 0.033
2821.72355 17.888 0.033
2830.69583 17.985 0.056
2835.70531 17.938 0.040
2837.71574 17.902 0.065
2837.72636 17.898 0.048
2839.77552 17.870 0.045
2841.79666 17.814 0.036
2843.72394 17.886 0.039
2845.71360 17.856 0.035
2850.60965 18.062 0.036
2852.62098 17.918 0.048
2854.61447 17.856 0.048
2857.52473 17.880 0.038
2858.73701 17.912 0.038
2862.64805 17.827 0.043
2865.62820 17.883 0.033
2868.62447 17.888 0.032
2871.70514 17.869 0.035
2876.70616 17.896 0.042
2879.67149 17.946 0.046
2884.70266 17.890 0.045
2893.57912 17.891 0.032
2894.68868 17.887 0.061
2900.52069 17.897 0.046
2902.50765 17.960 0.053
2902.56893 18.003 0.053
2911.48851 17.864 0.053
2911.57467 17.970 0.039
2915.50114 18.024 0.056
2916.53807 17.867 0.040
2918.51439 17.844 0.052
2918.61736 17.837 0.052
2920.53590 17.852 0.053
2923.53261 17.935 0.039
2925.51987 17.918 0.043
2928.53355 17.948 0.042
2931.57537 18.057 0.045
2941.53293 17.941 0.050
2943.51756 17.913 0.073
2945.52105 17.850 0.056
2946.53105 17.874 0.061
2947.50418 17.911 0.059
2949.52444 17.886 0.056
2952.51303 17.980 0.055
3052.88528 17.931 0.033
3059.87127 17.871 0.033
3064.88260 18.020 0.036
3068.83566 17.953 0.036
3071.88823 17.910 0.038
3073.89738 17.927 0.032
3077.78752 18.029 0.102
3080.83666 17.884 0.035
3083.78214 17.908 0.032
3085.89478 17.955 0.032
3087.82941 17.936 0.035
3089.84616 17.920 0.029
3091.84716 17.935 0.035
3097.82977 17.956 0.033
3099.85579 18.040 0.042
3101.82508 18.197 0.050
3102.85744 18.141 0.043
3104.77304 17.960 0.068
3106.91961 17.961 0.040
3108.80978 17.987 0.032
3109.92371 17.920 0.036
3110.89960 17.911 0.033
3112.85658 17.921 0.035
3114.85159 17.932 0.033
3116.83917 18.030 0.042
3122.84571 17.914 0.045
3125.91211 17.959 0.046
3126.80864 18.033 0.035
3127.89468 17.906 0.038
3128.88396 18.035 0.046
3130.76155 17.902 0.042
3131.62683 17.980 0.068
3134.89694 17.903 0.078
3135.78184 17.892 0.030
3137.83266 17.903 0.042
3138.71898 17.950 0.038
3140.69072 17.917 0.036
3140.92453 17.999 0.040
3141.75583 17.843 0.033
3142.83011 17.923 0.035
3144.84808 17.942 0.035
3146.91449 17.908 0.035
3147.93011 17.982 0.045
3151.82208 17.951 0.048
3152.82177 17.914 0.038
3153.82032 17.979 0.043
3154.91417 18.021 0.055
3157.89424 18.089 0.045
3158.70679 17.917 0.055
3162.85806 17.895 0.036
3163.82039 17.879 0.032
3164.80613 17.926 0.036
3164.91362 18.012 0.046
3165.65940 17.906 0.027
3167.66895 18.002 0.043
3168.81925 17.919 0.032
3169.84520 17.934 0.038
3170.87472 17.898 0.030
3171.72096 17.938 0.030
3173.80646 17.908 0.036
3174.77372 17.992 0.035
3175.85466 17.935 0.036
3177.83028 17.943 0.049
3177.87045 18.012 0.055
3178.73862 17.935 0.039
3179.57316 17.886 0.036
3179.87501 17.931 0.039
3180.79155 18.032 0.032
3182.85180 18.035 0.039
3183.80760 18.128 0.061
3184.80213 17.902 0.036
3185.62111 17.935 0.030
3193.61639 17.967 0.030
3194.51607 17.953 0.043
3194.80682 17.935 0.035
3195.73994 17.944 0.030
3196.59282 17.983 0.038
3196.83560 17.935 0.038
3197.78129 17.970 0.036
3199.77783 17.982 0.042
3201.82500 17.923 0.040
3202.77239 17.917 0.033
3203.60153 18.044 0.029
3204.74958 17.987 0.035
3205.67988 18.083 0.035
3206.78635 18.079 0.050
3210.56345 17.957 0.043
3211.74340 17.908 0.040
3217.71929 17.977 0.042
3218.73029 17.992 0.055
3223.71933 18.036 0.048
3224.76382 17.954 0.043
3226.70093 17.908 0.048
3228.68484 17.925 0.038
3229.71559 17.963 0.040
3230.73148 17.923 0.039
3231.65872 18.218 0.061
3238.68330 17.940 0.042
3240.53246 17.960 0.036
3241.71615 18.031 0.061
3245.64511 18.000 0.043
3247.50641 17.888 0.035
3249.61883 17.878 0.039
3251.52181 18.024 0.049
3254.58523 17.976 0.055
3254.60337 17.944 0.048
3257.54135 18.117 0.035
3260.58683 18.081 0.061
3265.53978 18.036 0.043
3267.59805 17.932 0.042
3273.49303 17.954 0.056
3277.51639 18.011 0.048
3280.51728 17.951 0.042
3282.58800 18.013 0.030
3289.52213 18.117 0.053
3294.51743 18.080 0.043
3296.51654 18.122 0.045
3302.51368 18.054 0.058
3418.85647 17.887 0.032
3423.88449 17.951 0.026
3427.83821 18.140 0.046
3430.82363 17.909 0.038
3436.87024 17.877 0.039
3443.84135 17.907 0.027
3445.86984 17.915 0.026
3447.91417 17.957 0.038
3450.79379 17.899 0.026
3453.83722 18.139 0.043
3455.90273 18.117 0.045
3458.87243 17.955 0.033
3459.88767 17.988 0.035
3468.87111 17.879 0.027
3469.87383 17.889 0.026
3472.85873 17.908 0.027
3474.79238 17.933 0.039
3476.76889 17.928 0.027
3478.86428 17.949 0.029
3480.87992 17.978 0.035
3483.81316 17.934 0.030
3496.90816 17.976 0.045
3497.89513 17.957 0.035
3500.90419 17.921 0.035
3502.88603 17.888 0.030
3503.86558 17.925 0.029
3506.92865 17.986 0.038
3508.90602 18.028 0.050
3509.88882 18.147 0.039
3511.91239 18.158 0.036
3512.89895 17.931 0.035
3520.66452 17.935 0.035
3521.79522 17.931 0.035
3522.86285 17.861 0.035
3524.85412 17.926 0.032
3527.63741 17.996 0.035
3528.88175 17.910 0.035
3529.92056 17.947 0.033
3530.86006 17.875 0.027
3530.89144 17.917 0.027
3538.84960 18.009 0.033
3541.88376 17.903 0.038
3544.88117 17.934 0.045
3547.84861 17.929 0.039
3550.82541 17.997 0.030
3551.83741 17.855 0.027
3552.83279 17.906 0.038
3553.84921 17.749 0.043
3554.86177 17.944 0.039
3556.84383 17.938 0.048
3558.62075 18.012 0.035
3559.62914 17.920 0.032
3560.70553 17.975 0.030
3561.61274 17.930 0.030
3562.66012 17.898 0.029
3563.72478 17.895 0.030
3569.65276 17.960 0.061
3573.78319 17.925 0.042
3574.75539 17.908 0.038
3575.69734 17.899 0.027
3576.76398 17.891 0.039
3578.73843 17.889 0.029
3579.68698 18.000 0.032
3580.72663 17.888 0.035
3581.73649 17.936 0.042
3582.68542 17.913 0.029
3583.70361 18.077 0.036
3584.70749 18.015 0.029
3585.70614 18.061 0.029
3586.76021 18.049 0.033
3589.74962 17.943 0.039
3590.74584 17.942 0.035
3591.72745 17.950 0.029
3592.69868 17.915 0.027
3602.72243 17.939 0.043
3603.71741 17.911 0.038
3607.70138 18.008 0.050
3608.69401 17.928 0.032
3615.65173 17.850 0.030
3617.61334 18.104 0.046
3619.61046 17.922 0.030
3621.65213 17.812 0.032
3629.53639 17.890 0.032
3631.56527 17.896 0.040
3633.59022 17.807 0.042
3640.52361 18.020 0.042
3644.59942 17.936 0.036
3649.57542 17.862 0.036
3652.54937 18.011 0.052
3656.54217 17.785 0.038
3660.54635 17.832 0.039
3665.52914 18.051 0.048
3670.51476 17.879 0.053
3778.83898 17.878 0.045
3783.87785 17.894 0.029
3785.88885 17.864 0.030
3788.89285 17.913 0.038
3792.88301 17.913 0.029
3794.88217 17.956 0.030
3796.87393 17.908 0.035
3797.87358 17.885 0.030
3800.85466 17.932 0.040
3802.80158 17.850 0.032
3803.83417 17.874 0.030
3804.88134 17.972 0.036
3806.89384 17.922 0.030
3808.87882 18.207 0.043
3810.79480 17.859 0.035
3812.78097 17.885 0.038
3814.77188 17.827 0.033
3818.83681 17.907 0.030
3819.89625 17.892 0.026
3820.88848 17.876 0.027
3821.89985 17.890 0.029
3822.91170 17.852 0.027
3824.90671 17.923 0.040
3825.89881 17.868 0.032
3827.89794 17.933 0.027
3828.91008 17.977 0.036
3829.90596 17.885 0.027
3830.87240 17.896 0.030
3832.90018 17.953 0.035
3833.88858 17.905 0.029
3834.81375 18.036 0.032
3835.86617 18.073 0.030
3836.87564 18.063 0.033
3837.85442 17.955 0.039
3838.85856 17.794 0.032
3839.87761 17.903 0.043
3840.86161 17.830 0.030
3841.84491 17.925 0.032
3842.75882 17.854 0.038
3842.91983 17.864 0.053
3845.84883 17.910 0.038
3846.71510 17.859 0.032
3846.80557 17.844 0.030
3846.85327 17.821 0.026
3846.87629 17.852 0.027
3847.75226 17.928 0.046
3847.82054 17.893 0.038
3847.89514 17.935 0.036
3848.72298 17.939 0.040
3848.86886 17.841 0.033
3849.79450 17.938 0.033
3849.89807 17.929 0.038
3850.77485 17.826 0.030
3850.81814 17.818 0.030
3851.82444 17.912 0.038
3852.81654 17.793 0.027
3853.80577 17.898 0.026
3856.79449 17.964 0.035
3858.85849 17.832 0.033
3859.90354 17.949 0.048
3860.84985 17.956 0.042
3861.86512 18.006 0.033
3862.80831 17.957 0.027
3863.78655 17.825 0.027
3864.80999 17.882 0.026
3865.77276 17.852 0.030
3866.73792 17.877 0.027
3867.74527 17.900 0.033
3868.74068 17.903 0.039
3869.72240 17.946 0.042
3873.72588 17.865 0.032
3874.77265 17.920 0.042
3875.75451 17.843 0.025
3877.71423 17.824 0.027
3880.78102 17.950 0.032
3881.78959 17.834 0.025
3882.72454 17.926 0.035
3883.77631 17.993 0.036
3886.73703 18.000 0.036
3887.71964 17.953 0.029
3889.88139 18.024 0.035
3891.56362 17.885 0.040
3891.61303 17.912 0.043
3891.63945 17.850 0.030
3891.69591 17.848 0.030
3891.76121 17.956 0.036
3891.79042 17.879 0.038
3891.84331 17.868 0.030
3891.87263 17.916 0.035
3891.89888 18.077 0.036
3891.92840 18.059 0.048
3892.55994 17.888 0.045
3892.60171 17.731 0.038
3892.65472 17.835 0.029
3892.70783 17.865 0.030
3892.74826 17.893 0.029
3892.77152 17.922 0.039
3892.78801 17.980 0.033
3892.79952 17.875 0.038
3892.81086 17.888 0.035
3892.81945 17.943 0.033
3892.82926 17.982 0.033
3892.83880 17.917 0.032
3892.84727 17.990 0.030
3892.85576 17.961 0.032
3892.86425 18.026 0.035
3892.87280 18.003 0.032
3892.87877 17.993 0.036
3892.88172 17.878 0.029
3892.88890 17.884 0.038
3892.89802 18.032 0.035
3892.90654 17.942 0.030
3892.91499 18.049 0.039
3892.92344 18.051 0.043
3892.93584 18.178 0.052
3892.94431 18.048 0.043
3892.95031 18.020 0.059
3893.56991 17.953 0.046
3893.58569 17.907 0.036
3893.59690 17.969 0.043
3893.61014 17.819 0.035
3893.62494 17.920 0.035
3893.63634 17.865 0.042
3893.64795 17.893 0.030
3893.65940 17.842 0.033
3893.67057 17.840 0.029
3893.68608 17.881 0.035
3893.70033 17.868 0.039
3893.71440 17.875 0.042
3893.73205 17.841 0.042
3893.74617 17.922 0.043
3893.75753 17.999 0.049
3893.76808 17.951 0.049
3893.77947 17.913 0.040
3893.78808 17.885 0.043
3893.79661 17.890 0.035
3893.80245 17.874 0.042
3893.80847 17.862 0.039
3893.81415 17.850 0.038
3893.82352 17.810 0.035
3893.83208 17.876 0.043
3893.84058 17.912 0.043
3893.85486 17.815 0.039
3893.86397 17.809 0.035
3893.87241 17.830 0.038
3893.88944 17.864 0.038
3893.89846 17.838 0.033
3893.90467 17.943 0.048
3893.91353 17.895 0.042
3893.92196 17.874 0.048
3893.93125 17.943 0.048
3894.62941 17.868 0.042
3894.71865 17.880 0.033
3894.75976 17.921 0.039
3894.79842 17.923 0.040
3894.81652 18.007 0.045
3894.84943 17.947 0.042
3894.88216 17.843 0.036
3896.56699 17.809 0.050
3896.76695 17.901 0.038
3896.81567 17.768 0.049
3900.66370 17.879 0.043
3901.66924 17.953 0.036
3902.68675 17.865 0.029
3903.82755 17.898 0.033
3904.66661 17.837 0.025
3905.67729 17.921 0.027
3906.65513 17.926 0.032
3907.72116 17.952 0.040
3908.66105 17.874 0.026
3909.65918 17.977 0.026
3912.66327 18.024 0.025
3913.66345 18.010 0.029
3914.71120 17.971 0.027
3915.66035 17.973 0.030
3916.74209 17.832 0.039
3917.75925 17.948 0.036
3918.75957 17.858 0.030
3919.68974 17.926 0.027
3920.64343 17.899 0.035
3921.65189 17.893 0.040
3930.71353 17.826 0.032
3931.62970 17.912 0.032
3932.59358 17.842 0.025
3933.64044 17.888 0.023
3934.60747 17.908 0.026
3934.81265 17.980 0.039
3935.58848 18.038 0.032
3936.57355 18.132 0.039
3937.65232 18.089 0.038
3938.61780 17.969 0.030
3940.75860 18.073 0.030
3944.71363 17.952 0.029
3945.64988 17.913 0.033
3946.64570 17.900 0.032
3950.66124 17.935 0.030
3951.67204 18.031 0.061
3957.72126 18.004 0.056
3959.63284 17.924 0.035
3960.62396 17.887 0.029
3963.62937 18.016 0.033
3964.66552 17.982 0.030
3965.64038 18.046 0.029
3966.63486 18.051 0.036
3967.65827 17.957 0.033
3968.61778 17.901 0.033
3969.62825 17.849 0.036
3970.63501 17.954 0.035
3971.66636 17.869 0.029
3973.69459 17.938 0.039
3974.63214 17.862 0.032
3975.62468 17.875 0.030
3976.61864 17.886 0.035
3979.65381 17.865 0.039
3982.68651 17.922 0.059
3986.66715 17.909 0.046
3987.61592 17.945 0.032
3988.64806 17.947 0.032
3989.56620 18.028 0.043
3991.56760 18.136 0.052
3995.51543 17.923 0.035
4001.58578 17.876 0.030
4002.62140 17.831 0.033
4003.57586 17.901 0.026
4011.55918 17.891 0.045
4015.58814 17.840 0.043
4017.56182 18.090 0.042
4019.56318 17.872 0.038
4021.58609 17.842 0.040
4025.50433 17.890 0.036
4027.51210 17.800 0.036
4029.55363 17.878 0.046
4151.89462 17.908 0.049
4155.85862 17.845 0.036
4158.82038 17.973 0.042
4160.87996 18.015 0.056
4162.87113 18.021 0.050
4165.85556 17.952 0.049
4167.84848 17.873 0.052
4169.85083 17.873 0.036
4174.86490 17.855 0.038
4176.84219 17.844 0.035
4177.89909 17.931 0.038
4179.79339 17.905 0.039
4180.84536 17.901 0.048
4182.77029 17.857 0.035
4183.80723 17.955 0.042
4185.78299 18.140 0.049
4190.88106 17.908 0.035
4192.88525 17.862 0.035
4193.89627 17.946 0.039
4196.87591 17.899 0.036
4202.88754 17.936 0.033
4203.87569 17.881 0.030
4204.88251 17.881 0.033
4205.87133 17.829 0.032
4207.89526 17.907 0.032
4208.90473 17.909 0.039
4213.87617 17.854 0.029
4215.91036 18.016 0.039
4216.83484 18.093 0.042
4217.85713 17.856 0.026
4218.90147 18.008 0.035
4220.88284 18.025 0.049
4222.84532 17.972 0.039
4228.84926 17.908 0.042
4229.81471 17.851 0.035
4230.79584 17.886 0.032
4231.83814 17.896 0.035
4232.85909 17.898 0.052
4234.79379 17.900 0.032
4234.83126 17.903 0.032
4235.81766 17.896 0.033
4237.63453 18.148 0.062
4238.82223 17.856 0.042
4240.61593 17.909 0.050
4243.86855 18.047 0.049
4244.87526 17.981 0.043
4245.90971 18.032 0.045
4246.92260 17.906 0.043
4247.57968 18.110 0.039
4250.90891 17.881 0.048
4256.80725 17.958 0.048
4257.69115 17.893 0.043
4258.79426 17.852 0.039
4268.57531 17.839 0.042
4269.71511 17.916 0.033
4272.63695 17.894 0.032
4273.68439 17.868 0.039
4274.66824 17.854 0.038
4275.72502 17.932 0.039
4277.56591 17.877 0.050
4278.69899 17.892 0.043
4283.64600 17.857 0.035
4284.62746 17.859 0.039
4285.63443 17.919 0.046
4286.72817 17.701 0.053
4289.67790 17.887 0.049
4290.75709 17.901 0.046
4291.75529 17.904 0.042
4292.61284 17.967 0.035
4293.64058 17.866 0.029
4294.68184 17.952 0.035
4295.64185 17.847 0.030
4296.62102 17.975 0.035
4297.55254 17.864 0.030
4298.78340 17.934 0.049
4299.75421 17.884 0.030
4300.68421 17.928 0.038
4301.55350 17.857 0.032
4302.78742 17.967 0.046
4306.54448 17.925 0.052
4307.56495 17.854 0.033
4311.58698 17.918 0.046
4312.65423 17.895 0.035
4317.64131 18.037 0.043
4319.65029 18.118 0.048
4326.65949 17.856 0.040
4327.69448 17.982 0.046
4328.62925 17.860 0.035
4329.62066 17.974 0.043
4330.63389 17.819 0.032
4331.62930 17.963 0.039
4332.68398 17.870 0.038
4333.63312 17.984 0.049
4334.64657 17.845 0.053
4338.66618 17.889 0.049
4339.63617 17.948 0.043
4340.69934 17.825 0.045
4341.67691 17.928 0.061
4342.67723 17.778 0.042
4343.64705 17.909 0.038
4345.64690 18.130 0.056
4346.65206 18.079 0.061
4347.66621 18.052 0.043
4348.65230 17.915 0.039
4349.64122 17.884 0.035
4350.66581 17.918 0.038
4351.63668 17.923 0.038
4354.64540 17.965 0.046
4357.58348 17.902 0.049
4359.55225 17.922 0.049
4365.59842 17.846 0.049
4368.60145 17.946 0.056
4370.55708 18.096 0.038
4372.58990 18.098 0.042
4377.55063 17.916 0.042
4381.59301 17.969 0.053
4515.89415 18.119 0.055
4520.87316 17.993 0.050
4523.85670 17.878 0.050
4525.85142 17.929 0.058
4532.87629 17.919 0.036
4534.90067 17.866 0.042
4536.91052 17.988 0.052
4537.79173 18.008 0.050
4538.90513 17.876 0.038
4539.79651 18.136 0.043
4541.82839 18.138 0.052
4543.81809 17.983 0.036
4544.81498 17.931 0.042
4545.83249 17.957 0.039
4547.80632 17.988 0.039
4550.80535 17.937 0.048
4552.79539 17.856 0.045
4556.88713 17.909 0.030
4557.91279 17.919 0.032
4558.87930 17.905 0.038
4559.87723 17.938 0.033
4560.87740 17.887 0.027
4561.86646 17.884 0.027
4564.87058 17.898 0.027
4565.86027 17.883 0.026
4566.86148 17.962 0.030
4567.86705 18.019 0.033
4568.89900 18.077 0.038
4569.88223 18.079 0.038
4570.89077 18.156 0.040
4571.85247 17.893 0.029
4572.89085 18.047 0.048
4573.86609 17.879 0.027
4574.87463 17.957 0.038
4575.88264 17.957 0.032
4583.77483 18.084 0.061
4585.83584 17.938 0.035
4586.85864 17.917 0.036
4587.87053 17.874 0.045
4588.76070 17.922 0.036
4589.73009 17.933 0.038
4590.80974 17.901 0.036
4591.72256 18.088 0.039
4592.79611 17.924 0.039
4593.78156 18.151 0.043
4594.80991 18.047 0.038
4595.80073 18.044 0.036
4596.75640 17.901 0.030
4597.81820 17.971 0.036
4598.78774 17.862 0.027
4599.76696 17.898 0.030
4600.78934 17.889 0.026
4601.77792 17.925 0.030
4602.78159 17.905 0.027
4606.83528 17.826 0.032
4611.75902 17.949 0.038
4616.75119 17.875 0.030
4616.93346 17.888 0.048
4617.93551 17.969 0.055
4618.65557 18.081 0.043
4622.73428 17.979 0.039
4623.80734 18.007 0.046
4624.74608 17.951 0.039
4625.72906 17.918 0.039
4626.79113 17.965 0.043
4627.70838 17.987 0.033
4628.69722 17.845 0.032
4629.76675 17.890 0.029
4630.70592 17.897 0.032
4631.72119 17.896 0.027
4632.75564 17.949 0.033
4633.89110 17.916 0.046
4639.84375 17.903 0.066
4640.84821 17.805 0.049
4641.88578 17.921 0.050
4642.53163 18.148 0.052
4643.68802 17.958 0.036
4644.77814 17.982 0.036
4645.69045 18.142 0.042
4646.65772 17.957 0.029
4647.67912 17.941 0.035
4649.66422 17.922 0.035
4650.70224 17.949 0.035
4652.63544 17.889 0.035
4653.63041 17.915 0.035
4654.66744 17.869 0.038
4655.63866 17.845 0.032
4656.63478 17.942 0.036
4658.79201 17.957 0.048
4661.62443 17.960 0.032
4666.49566 18.028 0.053
4670.72713 17.960 0.043
4671.68075 18.048 0.039
4672.64049 18.116 0.050
4674.66842 17.869 0.036
4675.79331 18.207 0.062
4677.71262 18.015 0.039
4679.67646 17.990 0.049
4681.69650 17.833 0.040
4682.69417 17.975 0.035
4683.65020 17.944 0.040
4684.66895 17.890 0.042
4684.76213 17.969 0.042
4685.69478 17.954 0.036
4686.76734 17.890 0.035
4687.68306 17.990 0.043
4688.62890 17.930 0.035
4694.71302 17.935 0.061
4697.63780 18.110 0.052
4698.65588 18.222 0.055
4700.65113 18.009 0.038
4701.63445 17.940 0.038
4702.64888 18.007 0.042
4708.67055 17.923 0.039
4715.63159 17.969 0.049
4720.63727 17.956 0.062
4721.63747 18.062 0.063
4722.63531 17.923 0.046
4725.60818 18.105 0.056
4726.63643 18.071 0.058
4733.59746 17.923 0.046
4739.49025 17.936 0.040
4750.53956 18.176 0.061
4756.57260 17.885 0.055
4763.52275 17.944 0.045
4876.89046 17.917 0.045
4883.87669 17.931 0.050
4886.84343 17.926 0.040
4890.81594 17.943 0.046
4892.89878 17.861 0.050
4894.86690 18.149 0.049
4898.85111 17.921 0.035
4900.84568 17.926 0.036
4901.89728 17.910 0.030
4902.82292 17.884 0.033
4903.88557 17.909 0.033
4904.85105 17.821 0.032
4906.90410 17.900 0.039
4911.88629 17.908 0.029
4913.89968 17.922 0.032
4924.89491 17.916 0.032
4926.74570 17.912 0.038
4928.80163 17.914 0.046
4930.73708 17.860 0.042
4931.87923 17.856 0.035
4932.78711 17.909 0.033
4933.73133 17.914 0.043
4934.83292 17.907 0.039
4938.84144 17.909 0.038
4940.78616 17.916 0.035
4941.83801 17.937 0.036
4942.86341 17.908 0.032
4943.72061 18.076 0.036
4944.78550 17.913 0.030
4949.79994 17.903 0.029
4950.70868 17.884 0.036
4951.82490 17.908 0.039
4953.72950 17.952 0.035
4954.84702 17.920 0.033
4955.84517 17.914 0.039
