2127.63333 17.363 0.018
2130.63282 17.338 0.013
2133.65014 17.361 0.016
2137.60397 17.373 0.014
2142.58606 17.332 0.013
2190.54974 17.329 0.014
2216.51269 17.353 0.018
2357.89492 17.398 0.014
2365.87043 17.379 0.018
2377.82104 17.329 0.016
2384.90534 17.380 0.014
2389.78432 17.362 0.016
2391.72623 17.358 0.021
2406.78943 17.397 0.015
2415.93026 17.325 0.018
2417.90615 17.352 0.020
2431.82472 17.358 0.014
2433.78847 17.352 0.014
2435.89485 17.368 0.019
2437.92643 17.341 0.023
2439.92065 17.352 0.018
2441.86125 17.564 0.019
2445.76905 17.366 0.012
2448.83288 17.364 0.022
2454.53279 17.371 0.016
2454.53678 17.364 0.015
2460.63995 17.381 0.017
2463.68034 17.765 0.016
2467.64534 17.357 0.012
2469.68637 17.388 0.012
2471.59618 17.353 0.012
2473.66475 17.355 0.013
2481.80033 17.401 0.019
2488.63654 17.380 0.019
2491.60796 17.373 0.017
2496.61754 17.628 0.013
2498.66105 17.371 0.012
2500.68376 17.368 0.013
2502.70126 17.630 0.019
2510.59915 17.398 0.015
2516.65198 17.380 0.018
2519.63539 17.495 0.016
2524.66318 17.409 0.019
2529.59082 17.394 0.015
2538.63599 17.356 0.018
2543.53199 17.353 0.013
2548.58794 17.349 0.017
2553.49033 17.305 0.021
2557.58681 17.359 0.018
2561.59418 17.380 0.024
2564.58791 17.340 0.022
2565.57311 17.366 0.019
2579.51964 17.360 0.021
2709.91206 17.372 0.016
2721.83788 17.470 0.021
2730.86512 17.368 0.012
2735.83524 17.372 0.012
2747.82318 17.366 0.018
2754.83343 17.355 0.014
2757.91725 17.341 0.016
2768.79762 17.389 0.013
2776.67575 17.377 0.022
2784.67924 17.378 0.012
2787.77094 17.377 0.014
2790.62413 17.381 0.012
2793.81338 17.349 0.015
2795.75190 17.387 0.013
2797.73434 17.384 0.013
2809.85837 17.348 0.014
2810.90566 17.394 0.020
2811.77810 17.497 0.018
2814.85736 17.387 0.017
2816.76385 17.620 0.016
2817.87518 17.511 0.020
2818.87253 17.376 0.017
2820.87146 17.374 0.019
2821.83102 17.360 0.017
2830.75019 17.367 0.017
2835.77230 17.370 0.016
2837.77926 17.345 0.021
2838.77207 17.378 0.016
2840.79317 17.423 0.020
2843.78796 17.360 0.014
2845.77467 17.392 0.015
2853.79563 17.332 0.020
2854.69099 17.377 0.017
2857.58355 17.348 0.013
2863.53054 17.361 0.017
2866.58749 17.721 0.024
2868.68209 17.374 0.015
2872.54434 17.363 0.013
2878.59831 17.389 0.012
2883.71433 17.576 0.019
2892.62974 17.404 0.024
2895.56349 17.372 0.014
2900.59256 17.413 0.015
2906.54493 17.359 0.016
2911.61448 17.623 0.020
2928.58432 17.394 0.021
