2118.74701 17.916 0.031
2125.51297 17.770 0.037
2129.59852 17.789 0.026
2132.54321 18.022 0.029
2135.67470 17.881 0.024
2140.63856 17.752 0.027
2144.52558 17.821 0.036
2158.56769 17.877 0.034
2167.52291 17.966 0.028
2172.53867 18.005 0.042
2187.48939 17.794 0.037
2330.86266 17.755 0.026
2344.85818 17.775 0.027
2355.82356 17.796 0.024
2371.90370 17.988 0.029
2382.88115 17.955 0.032
2386.83392 17.927 0.033
2390.76372 17.792 0.034
2397.78818 18.025 0.030
2397.84134 17.836 0.030
2401.75445 17.835 0.027
2403.81050 17.771 0.023
2405.77884 17.978 0.030
2415.84672 18.005 0.042
2424.72357 17.755 0.038
2428.68786 18.030 0.029
2434.62791 17.974 0.036
2435.85457 17.772 0.027
2437.79606 17.920 0.034
2439.73667 17.794 0.023
2441.69257 17.851 0.023
2444.82033 17.828 0.032
2446.82658 17.763 0.028
2453.78296 17.859 0.029
2458.83488 17.984 0.034
2462.56425 18.056 0.028
2464.68550 17.771 0.023
2467.58859 17.990 0.030
2469.60305 17.800 0.021
2471.66283 17.874 0.023
2473.56387 18.031 0.036
2483.64460 17.831 0.025
2486.62789 17.839 0.028
2490.59489 17.799 0.028
2493.55413 17.795 0.027
2495.62869 17.770 0.025
2497.68338 17.749 0.025
2499.73120 17.762 0.024
2501.74966 17.799 0.030
2508.56591 17.991 0.034
2512.52594 17.809 0.030
2517.69604 17.875 0.039
2520.48275 17.939 0.033
2526.57894 17.876 0.027
2535.57994 17.891 0.042
2541.55811 17.839 0.031
2547.49810 17.867 0.034
2551.53193 18.018 0.043
2556.48631 17.800 0.043
2563.52197 17.807 0.029
2574.49963 17.832 0.041
2705.85047 18.007 0.036
2713.90454 17.848 0.024
2728.84581 17.757 0.028
2733.82788 17.899 0.035
2744.80067 17.873 0.026
2752.87221 17.751 0.028
2756.84523 17.896 0.029
2760.81121 17.902 0.035
2766.84475 17.766 0.025
2770.75080 17.784 0.028
2783.78537 17.738 0.024
2786.84796 18.057 0.040
2789.65308 17.988 0.030
2791.61507 17.806 0.027
2794.77154 17.744 0.026
2796.71993 17.979 0.025
2802.83378 17.994 0.072
2808.86168 17.841 0.044
2810.78119 17.763 0.026
2811.83026 17.840 0.030
2813.62676 18.018 0.045
2815.74850 17.795 0.024
2817.70135 17.862 0.031
2818.76355 17.742 0.027
2820.63387 17.743 0.027
2826.62589 17.803 0.025
2834.67489 18.005 0.056
2835.80443 17.981 0.038
2837.53915 17.756 0.031
2839.57536 17.816 0.036
2841.58559 17.994 0.037
2843.52105 17.802 0.032
2845.56064 17.792 0.032
2849.71103 17.846 0.030
2851.72533 17.737 0.026
2853.73116 17.785 0.029
2856.61133 17.858 0.035
2858.59510 17.791 0.036
2859.63377 18.054 0.052
2860.72154 17.919 0.050
2863.60416 17.813 0.034
2866.69292 18.047 0.037
2869.63361 17.842 0.029
2872.60762 17.821 0.024
2883.54412 17.764 0.022
2892.56545 18.063 0.048
2896.58722 17.769 0.026
2902.52734 17.797 0.035
2907.52567 17.819 0.035
2916.59985 18.047 0.060
2928.54330 17.857 0.035
3050.87785 17.728 0.028
3058.82496 17.919 0.032
3061.88936 17.761 0.025
3067.82579 17.741 0.027
3069.89948 17.746 0.025
3072.86431 17.732 0.021
3074.90379 17.795 0.025
3079.81072 17.899 0.031
3082.77710 17.855 0.026
3084.77035 17.757 0.025
3086.76517 17.864 0.024
3087.87653 17.867 0.026
3089.78609 17.755 0.023
3091.74812 18.104 0.034
3096.77504 18.045 0.037
3098.78429 17.818 0.025
3100.89569 17.959 0.028
3102.77500 17.902 0.029
3107.77493 17.983 0.027
3108.84502 17.906 0.025
3109.91476 17.761 0.024
3110.76426 17.949 0.029
3111.82177 17.882 0.027
3113.80090 17.779 0.024
3114.73922 17.774 0.021
3115.80110 17.873 0.023
3118.85778 17.793 0.027
3122.80812 17.894 0.035
3125.78559 17.865 0.032
3126.79577 17.847 0.024
3127.72553 17.803 0.027
3128.74512 17.785 0.027
3129.72794 18.108 0.044
3130.89941 17.795 0.030
3134.69823 17.765 0.050
3137.74446 17.952 0.033
3138.85196 18.059 0.029
3139.78776 18.019 0.026
3140.79998 17.756 0.022
3142.65858 17.792 0.026
3142.91473 17.832 0.026
3144.72215 17.764 0.023
3146.68558 17.980 0.031
3151.68077 18.001 0.035
3152.68559 17.824 0.027
3152.89713 17.795 0.032
3153.68717 17.833 0.031
3156.67827 17.833 0.026
3158.77588 17.991 0.040
3162.73374 17.741 0.027
3163.69759 17.756 0.022
3164.66481 17.813 0.024
3165.83283 18.072 0.024
3167.88009 18.108 0.043
3168.67830 17.799 0.024
3169.64994 17.791 0.024
3170.72403 17.844 0.021
3171.67797 17.793 0.021
3172.65781 17.781 0.021
3174.64218 17.822 0.022
3175.64406 17.745 0.022
3176.67817 17.895 0.030
3178.70660 17.943 0.028
3179.74363 17.807 0.024
3180.63525 17.775 0.019
3182.69781 17.829 0.024
3183.64691 17.805 0.026
3184.61772 17.900 0.023
3185.78302 17.935 0.030
3193.46073 17.840 0.062
3193.80135 17.832 0.026
3194.66752 17.932 0.029
3195.59871 17.969 0.025
3196.67488 17.825 0.028
3197.67755 18.021 0.029
3199.70922 17.950 0.027
3202.69701 18.061 0.031
3203.74221 17.812 0.023
3204.73786 17.986 0.026
3205.61630 17.780 0.020
3206.59331 17.981 0.025
3210.70447 18.053 0.033
3211.60939 17.969 0.027
3212.59501 18.021 0.043
3217.58423 17.967 0.057
3218.58339 17.787 0.029
3223.58009 17.952 0.037
3224.58885 17.761 0.023
3226.54367 17.998 0.028
3228.67294 17.753 0.029
3229.55674 17.832 0.026
3230.59570 17.924 0.023
3231.49657 17.801 0.027
3240.70520 17.891 0.041
3241.58955 18.083 0.062
3244.68698 17.836 0.048
3246.57354 17.785 0.030
3248.59836 17.788 0.028
3250.58566 17.828 0.027
3253.57744 17.792 0.022
3256.55297 17.876 0.035
3259.55373 17.827 0.030
3262.56532 17.785 0.029
3266.57894 17.919 0.042
3271.51760 17.693 0.057
3274.55838 18.134 0.045
3278.50870 17.816 0.028
3281.53643 17.774 0.030
3287.54143 17.849 0.029
3292.53013 17.728 0.027
3415.86481 17.913 0.025
3420.86498 18.241 0.035
3424.89781 17.798 0.023
3428.84602 17.956 0.031
3430.88281 17.903 0.024
3442.81923 18.071 0.038
3444.87321 17.985 0.026
3446.90194 17.895 0.029
3449.79165 17.752 0.022
3452.82014 17.805 0.024
3454.87373 17.799 0.025
3457.80841 17.764 0.025
3458.80250 17.887 0.029
3458.85179 18.036 0.028
3467.85986 17.739 0.022
3469.76552 17.784 0.022
3471.85547 18.091 0.042
3472.92280 17.802 0.021
3473.76023 17.884 0.026
3475.78335 18.040 0.028
3477.87045 17.906 0.026
3479.81969 17.787 0.020
3481.71911 17.943 0.030
3483.87872 17.775 0.022
3496.85214 17.859 0.030
3497.72115 18.039 0.039
3500.78018 17.841 0.024
3501.77383 17.770 0.019
3502.80459 17.917 0.024
3503.76615 17.793 0.021
3504.78262 17.901 0.024
3506.91730 17.856 0.032
3508.87017 17.914 0.038
3509.81743 17.896 0.023
3510.83287 17.755 0.022
3511.78143 17.783 0.024
3512.65606 17.954 0.037
3520.64600 18.014 0.028
3521.75172 18.083 0.032
3522.66323 17.888 0.025
3523.70330 17.774 0.019
3524.74650 18.072 0.032
3525.72396 17.815 0.020
3525.80131 17.820 0.022
3526.81053 17.889 0.023
3527.90094 17.996 0.041
3528.76269 17.796 0.027
3530.58554 17.735 0.021
3538.83205 17.822 0.026
3541.87224 18.005 0.032
3547.69150 17.836 0.029
3550.78141 17.991 0.023
3551.75508 17.995 0.024
3552.77528 17.772 0.027
3553.67538 17.785 0.024
3554.75494 17.917 0.027
3556.63813 17.784 0.023
3558.65486 17.850 0.020
3559.73509 18.060 0.026
3560.80956 17.879 0.026
3561.66387 17.799 0.021
3562.51692 18.056 0.026
3563.57085 17.800 0.022
3564.65816 17.826 0.026
3569.76710 17.919 0.037
3573.56846 17.790 0.034
3574.62343 17.973 0.039
3575.61244 17.834 0.024
3576.58685 17.779 0.023
3577.65239 17.851 0.024
3578.59912 17.841 0.023
3579.52753 17.769 0.019
3580.56625 18.002 0.027
3581.60655 17.774 0.023
3582.55458 17.746 0.021
3583.50440 17.861 0.026
3584.58026 17.764 0.021
3585.57099 17.828 0.022
3586.55965 17.990 0.026
3587.70428 17.871 0.029
3589.60968 17.749 0.016
3590.57811 17.861 0.022
3592.59778 17.750 0.022
3593.60131 17.966 0.025
3601.56172 17.824 0.023
3602.56084 18.015 0.031
3603.56709 17.794 0.027
3607.56772 18.122 0.029
3608.56852 17.794 0.026
3619.53491 17.838 0.024
3620.64331 17.952 0.026
3629.57413 17.912 0.035
3632.49712 17.968 0.039
3634.55518 18.090 0.031
3640.50434 18.064 0.040
3643.55161 17.982 0.047
3649.49798 17.852 0.030
3658.51403 17.743 0.033
3661.50983 17.875 0.043
3666.52120 17.813 0.026
3775.83815 17.954 0.039
3780.87001 18.143 0.036
3786.86380 17.893 0.034
3787.88462 17.824 0.025
3788.86764 18.121 0.046
3791.86280 18.076 0.036
3794.84239 18.022 0.031
3796.83016 17.762 0.027
3797.83409 17.962 0.028
3798.88204 17.808 0.023
3801.80564 17.787 0.027
3803.79468 17.944 0.027
3804.84200 17.800 0.027
3805.88239 17.825 0.024
3807.87069 18.035 0.030
3808.90542 17.766 0.024
3811.86369 17.787 0.025
3812.89536 18.090 0.034
3817.88209 17.876 0.027
3818.90276 17.788 0.025
3820.84882 17.812 0.021
3821.85880 17.861 0.022
3822.74836 17.959 0.039
3823.86708 18.043 0.027
3824.86369 17.799 0.024
3826.86813 18.009 0.029
3828.87048 17.892 0.025
3829.85722 17.923 0.026
3830.91043 17.882 0.023
3832.85750 17.875 0.026
3833.82741 17.747 0.019
3834.87628 17.957 0.024
3835.81964 17.840 0.020
3836.82526 17.783 0.024
3837.81464 17.946 0.030
3838.81862 17.809 0.029
3839.83081 17.780 0.024
3840.82178 18.051 0.031
3841.80065 17.776 0.024
3845.80215 17.911 0.034
3846.81372 17.858 0.022
3848.82920 18.049 0.027
3849.84247 17.760 0.021
3850.77852 17.763 0.022
3851.78491 18.062 0.035
3852.77333 17.855 0.027
3853.76601 17.783 0.018
3856.75481 17.791 0.025
3858.81870 17.779 0.026
3860.80954 17.787 0.029
3861.82016 17.931 0.021
3862.76781 18.064 0.027
3863.70751 18.107 0.030
3864.76864 17.801 0.021
3865.73188 17.921 0.028
3866.76147 17.780 0.022
3867.69835 17.802 0.025
3868.76380 17.886 0.031
3869.75078 17.794 0.028
3873.75094 18.005 0.028
3874.79620 17.794 0.025
3875.71121 17.787 0.020
3877.74086 17.786 0.019
3880.73812 17.748 0.022
3881.74625 18.000 0.026
3882.68435 17.993 0.027
3883.72576 17.733 0.021
3886.69660 17.739 0.022
3887.67970 17.820 0.022
3889.83798 17.736 0.022
3891.56695 17.795 0.029
3892.83316 17.743 0.023
3893.72075 17.919 0.032
3894.76615 17.909 0.032
3896.71128 17.795 0.027
3900.61731 17.782 0.024
3901.62923 17.808 0.024
3902.64710 17.862 0.022
3903.76278 17.892 0.024
3904.62676 17.897 0.024
3905.63376 17.845 0.022
3906.61527 17.799 0.025
3907.67636 17.937 0.031
3908.61495 17.829 0.021
3909.61937 17.762 0.019
3912.61579 17.798 0.018
3913.61724 17.933 0.020
3914.63132 17.818 0.022
3915.61412 17.929 0.026
3916.69584 17.850 0.023
3917.70855 17.989 0.027
3918.70954 17.764 0.023
3919.64279 17.952 0.036
3920.59493 17.828 0.027
3921.60833 18.026 0.037
3930.65569 17.806 0.023
3931.58976 17.833 0.028
3931.72721 17.794 0.023
3932.61725 17.921 0.022
3933.59695 17.773 0.018
3934.56759 17.779 0.021
3935.64478 17.839 0.032
3936.59634 17.810 0.027
3936.78462 17.835 0.030
3937.71310 17.805 0.027
3938.57401 17.849 0.027
3940.71413 17.794 0.021
3944.65898 17.964 0.022
3945.60735 18.032 0.027
3946.59663 17.800 0.027
3950.60615 17.966 0.025
3951.63424 17.811 0.026
3956.64116 17.812 0.037
3957.59386 17.806 0.030
3958.66109 17.957 0.028
3959.59140 17.912 0.027
3960.57969 17.766 0.020
3963.54869 17.814 0.023
3964.61190 17.977 0.025
3965.59760 17.808 0.021
3966.58862 17.805 0.022
3967.61790 17.841 0.026
3968.57514 17.764 0.025
3969.58277 17.863 0.025
3970.59565 17.902 0.027
3971.62565 17.916 0.037
3973.65517 17.811 0.026
3974.58983 17.758 0.027
3975.58139 18.070 0.026
3976.57923 17.825 0.024
3979.59952 17.836 0.038
3982.63427 17.953 0.035
3987.57543 17.757 0.025
3988.59267 17.993 0.023
3990.56302 17.804 0.029
3994.52663 17.917 0.033
3995.65433 17.923 0.034
3996.50238 17.820 0.030
4000.58790 17.826 0.030
4001.61133 17.859 0.029
4002.58190 18.015 0.027
4003.53640 17.921 0.024
4005.63221 17.798 0.028
4006.60112 17.823 0.025
4011.51519 17.956 0.033
4015.54398 17.906 0.038
4017.52223 17.841 0.026
4019.52395 17.991 0.032
4021.52658 17.860 0.041
4024.55618 17.905 0.032
4026.55175 17.928 0.031
4029.51046 17.868 0.040
4143.85824 18.081 0.058
4149.85445 17.843 0.034
4154.89203 17.793 0.025
4157.86285 17.836 0.026
4159.87908 17.999 0.041
4162.82645 17.999 0.042
4164.86625 17.949 0.033
4166.88203 17.800 0.035
4169.79653 17.785 0.033
4174.80413 17.831 0.035
4176.79709 18.024 0.035
4177.85082 17.771 0.026
4178.89361 17.794 0.025
4180.79100 17.799 0.028
4181.88057 17.803 0.027
4183.76263 17.759 0.026
4184.81101 18.021 0.031
4187.90080 17.768 0.030
4190.82210 17.767 0.028
4191.92224 17.851 0.041
4192.84085 17.908 0.031
4193.85174 17.756 0.025
4194.87338 17.921 0.032
4196.86189 17.838 0.027
4202.84317 17.979 0.027
4203.83132 17.802 0.024
4204.82677 17.809 0.024
4205.82184 18.000 0.027
4207.82395 17.829 0.025
4208.84743 17.914 0.027
4213.82267 17.966 0.026
4215.82892 17.795 0.025
4216.78668 17.893 0.028
4217.79446 17.831 0.021
4218.84940 18.000 0.030
4219.88242 17.731 0.031
4220.81937 17.814 0.031
4222.78522 18.070 0.039
4224.90176 17.735 0.033
4228.77956 17.814 0.029
4229.76426 17.818 0.028
4230.74800 17.869 0.029
4231.75037 17.802 0.027
4232.76188 17.797 0.028
4234.65962 17.908 0.030
4235.72363 17.800 0.025
4238.77362 18.175 0.042
4239.75276 17.825 0.024
4240.89643 17.744 0.028
4243.79254 17.983 0.034
4244.76744 17.899 0.028
4245.75826 17.802 0.024
4246.81594 17.864 0.027
4250.84131 17.830 0.033
4256.67822 17.939 0.040
4258.68744 18.013 0.033
4267.65273 17.905 0.027
4268.82340 17.820 0.030
4269.63118 17.801 0.023
4272.68173 17.940 0.026
4273.73085 17.823 0.028
4274.52750 18.123 0.055
4275.68231 17.843 0.033
4277.63972 17.839 0.027
4278.65569 17.906 0.033
4283.60098 17.841 0.031
4284.58499 18.038 0.038
4285.59165 17.767 0.033
4286.58784 17.849 0.026
4289.62274 17.962 0.039
4290.65418 17.835 0.031
4291.70898 17.785 0.028
4292.57039 18.045 0.028
4293.59709 17.752 0.022
4294.56952 17.798 0.025
4295.59470 17.846 0.027
4296.57831 17.759 0.023
4297.64250 17.847 0.026
4298.61637 17.785 0.026
4299.58671 17.819 0.025
4300.48516 17.789 0.031
4301.66544 17.895 0.026
4302.64773 18.001 0.033
4304.61255 17.848 0.040
4306.61344 17.741 0.039
4310.71423 17.768 0.038
4312.60839 17.781 0.026
4315.61853 17.816 0.036
4316.63962 17.867 0.033
4317.53804 17.980 0.031
4319.60113 17.851 0.031
4320.69408 18.068 0.044
4326.61695 17.943 0.027
4327.64232 17.847 0.037
4328.58448 17.799 0.022
4329.57696 17.862 0.030
4330.61941 17.834 0.026
4331.58408 17.846 0.033
4332.65516 17.798 0.028
4333.58481 17.761 0.031
4334.55223 17.821 0.054
4338.61525 17.794 0.037
4339.58434 17.751 0.028
4340.68143 17.844 0.035
4341.58630 17.829 0.034
4342.62260 17.902 0.034
4343.60189 17.946 0.030
4344.65134 17.884 0.035
4345.60175 17.973 0.036
4346.60375 17.849 0.031
4347.61765 17.826 0.035
4349.58955 17.797 0.026
4350.65132 18.144 0.043
4351.59162 18.082 0.038
4353.61147 17.923 0.041
4354.63101 17.266 0.022
4355.64396 17.888 0.039
4356.61445 18.133 0.046
4358.61809 17.877 0.032
4359.63723 17.819 0.037
4362.56601 18.079 0.053
4368.58690 17.817 0.042
4371.60575 17.824 0.035
4373.59949 17.801 0.033
4381.57862 17.936 0.049
4398.57443 17.841 0.050
4506.86601 17.825 0.036
4512.88092 17.736 0.022
4514.89924 17.757 0.029
4518.88341 17.877 0.040
4521.85375 17.849 0.032
4524.86310 17.924 0.030
4530.85114 17.977 0.026
4533.89010 17.763 0.027
4535.91245 17.835 0.040
4537.83925 17.728 0.024
4539.78255 18.111 0.043
4540.91019 17.897 0.030
4541.90691 17.760 0.023
4542.87032 17.798 0.024
4543.89643 17.925 0.026
4544.89402 17.793 0.022
4545.81862 17.789 0.025
4546.87278 17.941 0.028
4547.88794 17.787 0.026
4550.88771 17.799 0.028
4551.88080 18.047 0.037
4552.87402 17.773 0.027
4556.84195 17.811 0.024
4557.86826 17.854 0.023
4558.86473 17.798 0.025
4559.83241 17.833 0.023
4560.83270 17.917 0.024
4561.82160 17.752 0.018
4564.82591 17.796 0.021
4565.81486 17.991 0.025
4566.81688 17.839 0.021
4567.81722 17.796 0.023
4568.83960 17.873 0.026
4569.83351 17.760 0.025
4570.82420 17.882 0.028
4571.80789 17.958 0.027
4572.84573 17.776 0.029
4573.82141 17.999 0.027
4574.82359 17.848 0.027
4575.83233 17.837 0.029
4583.69250 17.999 0.042
4585.89657 17.835 0.031
4586.84443 17.909 0.029
4587.82508 17.913 0.029
4588.80809 17.767 0.021
4589.65376 18.074 0.041
4590.75832 17.956 0.027
4591.64612 17.798 0.029
4592.75147 17.821 0.029
4593.73676 17.957 0.028
4594.76533 17.791 0.022
4595.75305 17.819 0.027
4596.74223 18.056 0.028
4597.77347 17.804 0.023
4598.74285 17.814 0.021
4599.71863 18.034 0.028
4600.72782 17.733 0.018
4601.73240 17.878 0.023
4602.72655 17.856 0.024
4606.74032 17.808 0.027
4610.83419 17.887 0.048
4611.71406 17.764 0.028
4611.90061 17.749 0.029
4615.89070 18.022 0.048
4616.69952 17.801 0.027
4617.81548 17.839 0.038
4622.67820 17.754 0.027
4623.75822 17.869 0.028
4624.69347 17.896 0.030
4625.67856 17.742 0.030
4626.72862 17.923 0.031
4627.65771 17.905 0.024
4628.65202 17.791 0.032
4629.71717 17.854 0.026
4630.65402 17.835 0.028
4631.67553 17.769 0.021
4632.67546 18.016 0.028
4633.73253 17.838 0.031
4639.77792 17.815 0.035
4640.67788 17.995 0.035
4641.83441 17.852 0.038
4642.67631 17.886 0.028
4643.64229 18.073 0.031
4644.70934 17.860 0.028
4645.64087 17.823 0.025
4646.61263 18.026 0.026
4647.62299 17.790 0.024
4649.61714 18.001 0.029
4650.64551 17.815 0.026
4651.66043 17.963 0.033
4652.58956 18.084 0.035
4653.58347 17.782 0.028
4654.62262 18.117 0.032
4655.58684 17.899 0.034
4656.58990 17.816 0.025
4658.74727 17.866 0.039
4660.69683 17.821 0.035
4661.57939 17.799 0.026
4665.74114 17.780 0.038
4666.64657 17.808 0.032
4670.71202 17.790 0.034
4671.63601 17.793 0.026
4672.59564 17.756 0.023
4674.60245 17.823 0.032
4677.57465 17.818 0.027
4681.59023 17.934 0.032
4682.60749 17.810 0.026
4683.60445 17.868 0.036
4684.62248 17.939 0.029
4685.59016 17.792 0.029
4686.71896 17.815 0.030
4687.63740 17.825 0.028
4688.58358 17.840 0.035
4694.65886 18.027 0.055
4697.58482 17.835 0.031
4698.61101 17.856 0.029
4700.60611 18.044 0.036
4701.58897 17.861 0.037
4702.60393 17.807 0.035
4703.67118 17.816 0.035
4708.60469 18.146 0.050
4710.63988 18.021 0.036
4716.67663 17.669 0.043
4720.62218 17.786 0.033
4721.59104 17.837 0.041
4724.60304 18.032 0.048
4726.58225 17.810 0.038
4731.63182 17.854 0.034
4738.50775 17.829 0.032
4740.61191 18.084 0.050
4748.57669 17.856 0.044
4755.53046 17.989 0.044
4759.52410 17.786 0.039
4875.85988 17.761 0.028
4878.89014 17.820 0.027
4885.87184 17.795 0.024
4888.82357 17.852 0.032
4892.81922 17.829 0.038
4897.89797 17.933 0.031
4901.84114 17.964 0.030
4903.84050 17.847 0.028
4904.89874 17.772 0.028
4906.89024 17.898 0.036
4910.89674 17.850 0.029
4912.88332 17.773 0.021
4914.86463 18.052 0.027
4925.79758 17.817 0.024
4927.85149 17.878 0.029
4929.82018 17.727 0.025
4930.85355 18.030 0.038
4931.79733 18.138 0.040
4932.75260 17.975 0.032
4933.80089 17.763 0.028
4938.77593 17.789 0.030
4939.80130 18.122 0.036
4941.75535 17.792 0.027
4942.79613 17.973 0.027
4943.78868 17.786 0.024
4949.67017 18.063 0.029
4950.80132 17.965 0.028
4951.79745 17.776 0.027
4952.82831 18.046 0.029
4953.79290 17.899 0.029
4954.75474 17.788 0.025
