2106.78026 18.301 0.052
2112.76960 18.534 0.053
2125.65790 18.341 0.074
2128.58569 18.382 0.047
2131.57905 18.371 0.047
2134.68273 18.586 0.085
2138.56286 18.365 0.068
2143.53162 18.506 0.091
2158.53081 18.379 0.046
2162.51615 18.663 0.087
2168.55094 18.297 0.059
2173.50896 18.650 0.101
2180.50755 18.460 0.055
2184.51226 18.524 0.070
2194.56713 18.557 0.073
2321.88481 18.604 0.092
2326.81791 18.464 0.077
2345.82746 18.434 0.045
2350.83153 18.381 0.038
2358.89620 18.434 0.059
2370.82443 18.378 0.060
2381.83168 18.520 0.047
2384.80455 18.617 0.065
2388.86237 18.430 0.053
2391.74839 18.514 0.092
2396.77989 18.547 0.099
2400.70787 18.698 0.080
2402.82485 18.524 0.051
2404.85471 18.601 0.051
2406.93870 18.422 0.091
2415.73554 18.564 0.068
2417.71237 18.485 0.058
2426.69357 18.488 0.052
2431.82123 18.489 0.061
2433.74839 18.591 0.072
2434.82149 18.546 0.057
2436.59600 18.534 0.065
2438.62637 18.514 0.061
2440.60787 18.502 0.058
2442.62486 18.529 0.060
2444.72124 18.439 0.058
2446.68969 18.471 0.051
2453.75290 18.510 0.065
2458.74592 18.593 0.063
2462.73469 18.551 0.050
2463.83533 18.490 0.055
2466.76525 18.452 0.056
2468.48053 18.342 0.065
2470.48356 18.538 0.081
2474.48983 18.510 0.098
2482.63434 18.430 0.060
2485.64437 18.381 0.072
2489.71497 18.431 0.046
2492.66039 18.457 0.056
2494.71403 18.384 0.054
2497.51661 18.625 0.066
2499.55258 18.486 0.055
2501.58020 18.461 0.051
2503.50542 18.421 0.144
2511.56052 18.506 0.098
2517.49740 18.580 0.096
2520.68654 18.392 0.055
2526.54079 18.385 0.057
2537.49089 18.550 0.093
2540.50685 18.621 0.090
2546.51732 18.534 0.074
2550.49868 18.689 0.115
2554.57053 18.544 0.068
2558.50709 18.435 0.082
2565.50776 18.455 0.085
2698.90196 18.809 0.104
2711.88495 18.552 0.054
2721.90666 18.575 0.107
2730.90549 18.477 0.050
2743.78198 18.437 0.047
2748.80063 18.365 0.058
2755.79071 18.420 0.046
2759.78575 18.574 0.061
2765.79887 18.496 0.051
2769.78350 18.477 0.042
2782.72177 18.385 0.057
2784.71460 18.490 0.043
2786.60118 18.369 0.075
2788.71353 18.587 0.047
2790.82740 18.616 0.058
2792.58823 18.694 0.108
2794.62164 18.524 0.063
2796.57636 18.436 0.051
2802.59511 18.478 0.074
2808.64272 18.345 0.054
2810.58105 18.547 0.065
2812.58263 18.554 0.057
2813.82645 18.468 0.053
2815.60495 18.479 0.058
2816.67066 18.521 0.051
2817.78513 18.458 0.068
2818.68034 18.547 0.050
2819.77424 18.546 0.063
2821.67230 18.635 0.068
2826.66316 18.396 0.053
2830.79342 18.283 0.090
2835.49040 18.618 0.093
2837.50936 18.436 0.089
2838.73973 18.541 0.058
2840.51051 18.459 0.067
2842.56842 18.557 0.069
2844.62320 18.539 0.052
2848.56270 18.495 0.085
2851.54910 18.514 0.060
2853.55286 18.509 0.056
2854.74845 18.412 0.065
2857.73549 18.399 0.053
2862.51672 18.610 0.105
2864.51866 18.478 0.088
2867.66791 18.515 0.072
2868.52989 18.660 0.061
2871.49582 18.464 0.054
2875.64878 18.572 0.077
2877.66586 18.619 0.065
2882.55573 18.488 0.078
2889.54259 18.440 0.087
2894.59000 18.667 0.085
2898.64573 18.604 0.087
2903.54844 18.611 0.062
2908.60658 18.482 0.085
2912.55237 18.476 0.061
2926.57593 18.502 0.075
3043.87523 18.397 0.063
3044.87000 18.731 0.091
3055.88602 18.436 0.052
3059.81597 18.480 0.061
3064.83281 18.514 0.078
3068.78667 18.564 0.101
3070.86530 18.503 0.075
3073.82135 18.633 0.063
3075.85943 18.405 0.053
3079.90434 18.651 0.073
3082.88557 18.545 0.049
3085.82195 18.454 0.057
3086.89434 18.544 0.056
3088.80950 18.583 0.047
3089.91548 18.618 0.075
3096.88286 18.581 0.082
3098.90274 18.428 0.038
3099.91610 18.651 0.081
3101.75480 18.422 0.068
3103.78771 18.463 0.053
3104.84635 18.337 0.136
3106.85964 18.524 0.065
3108.77966 18.546 0.046
3109.83912 18.428 0.045
3110.84546 18.478 0.050
3112.83076 18.407 0.051
3114.79535 18.452 0.046
3116.88329 18.698 0.066
3122.92134 18.529 0.067
3125.88189 18.561 0.083
3127.82515 18.517 0.061
3128.83128 18.583 0.057
3130.71248 18.442 0.060
3131.67900 18.516 0.084
3135.91059 18.478 0.058
3138.66487 18.535 0.062
3139.89006 18.651 0.061
3140.88966 18.528 0.061
3142.77864 18.525 0.051
3144.79876 18.406 0.048
3146.82623 18.553 0.069
3151.76159 18.374 0.057
3151.91758 18.561 0.063
3152.76653 18.578 0.068
3153.76987 18.461 0.060
3154.83416 18.535 0.082
3156.87494 18.517 0.055
3162.57922 18.679 0.101
3163.76575 18.504 0.057
3164.74802 18.529 0.055
3164.88104 18.821 0.113
3165.72158 18.443 0.041
3167.60789 18.492 0.067
3168.86976 18.591 0.056
3169.73774 18.592 0.063
3170.82267 18.593 0.049
3171.79398 18.463 0.039
3172.76493 18.628 0.056
3173.86293 18.666 0.089
3174.72171 18.489 0.045
3175.73046 18.413 0.044
3177.77093 18.683 0.097
3179.50589 18.555 0.056
3179.89497 18.435 0.062
3180.73278 18.416 0.036
3182.79740 18.537 0.058
3183.77539 18.527 0.064
3184.71341 18.698 0.059
3184.76006 18.401 0.048
3184.79864 18.486 0.061
3184.82752 18.405 0.052
3184.85443 18.485 0.076
3184.88730 18.601 0.104
3185.49917 18.426 0.068
3185.71694 18.441 0.052
3185.76292 18.526 0.057
3185.85495 18.469 0.055
3191.80364 18.603 0.069
3193.54834 18.402 0.045
3194.55997 18.473 0.075
3195.69152 18.462 0.043
3195.81209 18.667 0.058
3196.61297 18.469 0.059
3197.53588 18.528 0.055
3197.84117 18.465 0.069
3199.63487 18.425 0.052
3202.52917 18.514 0.050
3202.81893 18.514 0.071
3203.67074 18.541 0.047
3204.66518 18.506 0.047
3205.52409 18.402 0.043
3206.72941 18.487 0.053
3209.64937 18.463 0.043
3210.64947 18.554 0.057
3211.61839 18.527 0.064
3217.48513 18.372 0.059
3217.66410 18.564 0.073
3218.66239 18.579 0.078
3219.61860 18.430 0.072
3223.66360 18.698 0.088
3224.70895 18.547 0.058
3226.63327 18.517 0.066
3228.61288 18.535 0.057
3229.64536 18.436 0.050
3230.67889 18.514 0.058
3231.58290 18.442 0.047
3232.61936 18.542 0.075
3238.63117 18.672 0.081
3239.71021 18.461 0.070
3240.48332 18.409 0.052
3241.66605 18.688 0.088
3245.56718 18.600 0.096
3246.67289 18.633 0.091
3247.59206 18.726 0.076
3249.53956 18.708 0.070
3250.67051 18.453 0.064
3253.63600 18.715 0.094
3256.64974 18.496 0.077
3260.55949 18.600 0.088
3265.48997 18.542 0.086
3267.54360 18.456 0.056
3272.59908 18.592 0.076
3275.49567 18.639 0.093
3278.61148 18.615 0.075
3282.49100 18.505 0.056
3288.55734 18.506 0.061
3293.52795 18.625 0.047
3294.56094 18.931 0.078
3295.53828 18.395 0.033
3300.52174 18.657 0.090
3315.51054 18.668 0.121
3416.89546 18.532 0.070
3422.88331 18.658 0.060
3426.87434 18.530 0.055
3429.85943 18.546 0.063
3432.89972 18.540 0.054
3442.90225 18.511 0.049
3445.81525 18.464 0.041
3447.86557 18.761 0.073
3449.88243 18.577 0.052
3452.89960 18.563 0.044
3453.77148 18.604 0.075
3455.84209 18.541 0.072
3456.85319 18.442 0.041
3457.77087 18.399 0.053
3458.81444 18.389 0.047
3459.78901 18.547 0.064
3467.89179 18.567 0.050
3469.80146 18.510 0.043
3470.84155 18.431 0.037
3472.77280 18.459 0.044
3473.86777 18.473 0.066
3474.83904 18.578 0.054
3477.77678 18.544 0.055
3478.89107 18.479 0.052
3480.84305 18.502 0.050
3481.84292 18.524 0.038
3483.78735 18.556 0.049
3496.74120 18.643 0.062
3497.80892 18.569 0.063
3498.93016 18.377 0.044
3499.73764 18.414 0.042
3500.74223 18.558 0.049
3501.83297 18.357 0.036
3502.68854 18.517 0.045
3503.70139 18.424 0.042
3504.71573 18.524 0.053
3506.80114 18.719 0.081
3508.79757 18.568 0.056
3509.70100 18.595 0.062
3511.68771 18.382 0.045
3512.75087 18.455 0.052
3517.79705 18.535 0.051
3520.83232 18.475 0.060
3521.65147 18.549 0.044
3522.76099 18.434 0.047
3523.79633 18.616 0.046
3524.78020 18.491 0.061
3525.76369 18.568 0.052
3526.84903 18.631 0.051
3528.56765 18.538 0.063
3529.78850 18.430 0.040
3530.76880 18.485 0.041
3537.76089 18.377 0.046
3538.69040 18.446 0.040
3539.83142 18.473 0.039
3540.66433 18.449 0.047
3544.73854 18.397 0.056
3546.86242 18.633 0.094
3547.82271 18.608 0.082
3549.78733 18.555 0.050
3550.64914 18.406 0.038
3551.65204 18.539 0.033
3552.68593 18.587 0.050
3553.68867 18.485 0.060
3554.67719 18.549 0.071
3555.70736 18.598 0.063
3555.72351 18.686 0.063
3556.73561 18.463 0.065
3558.57146 18.665 0.058
3558.84875 18.447 0.051
3559.66729 18.613 0.065
3560.62046 18.527 0.043
3561.56019 18.561 0.053
3561.82730 18.595 0.067
3562.60486 18.545 0.065
3562.82770 18.482 0.052
3563.65430 18.438 0.043
3564.54793 18.582 0.065
3569.60663 18.577 0.069
3573.67263 18.471 0.061
3573.70218 18.558 0.062
3574.70317 18.657 0.062
3575.64209 18.443 0.043
3575.78723 18.419 0.059
3576.70452 18.487 0.048
3577.75279 18.695 0.065
3578.68948 18.520 0.044
3579.63480 18.597 0.048
3580.67137 18.448 0.048
3581.68776 18.592 0.049
3582.61353 18.427 0.039
3583.65005 18.466 0.048
3584.65881 18.580 0.050
3584.77394 18.547 0.063
3585.65695 18.553 0.042
3586.68131 18.572 0.042
3588.73942 18.401 0.042
3589.70078 18.580 0.045
3590.69683 18.569 0.052
3592.65329 18.508 0.033
3597.62282 18.439 0.059
3601.67319 18.588 0.059
3602.65675 18.451 0.052
3603.65350 18.486 0.052
3607.65196 18.597 0.061
3608.66789 18.640 0.059
3609.52955 18.424 0.045
3615.59521 18.506 0.047
3618.59874 18.636 0.056
3620.56204 18.610 0.048
3628.56407 18.576 0.072
3630.57805 18.776 0.083
3632.60555 18.572 0.079
3634.50892 18.603 0.056
3639.51472 18.490 0.040
3641.56143 18.474 0.077
3644.52628 18.517 0.050
3648.55482 18.884 0.100
3649.50690 18.682 0.073
3651.56777 18.485 0.091
3654.55742 18.493 0.094
3655.53292 18.552 0.057
3657.52610 18.532 0.062
3659.52789 18.662 0.098
3662.53247 18.537 0.080
3665.48986 18.901 0.129
3671.50583 18.695 0.104
3777.83750 18.452 0.075
3782.87352 18.410 0.044
3784.89381 18.478 0.060
3785.83515 18.675 0.074
3788.87718 18.651 0.064
3791.88740 18.653 0.074
3794.86486 18.487 0.046
3796.85362 18.524 0.052
3797.85652 18.440 0.041
3798.90445 18.578 0.064
3801.82809 18.532 0.054
3803.81708 18.582 0.051
3804.86434 18.505 0.047
3805.90487 18.525 0.053
3807.89317 18.445 0.042
3809.80757 18.470 0.045
3811.88611 18.493 0.050
3813.76642 18.605 0.068
3817.90556 18.399 0.048
3819.76704 18.667 0.047
3820.87121 18.514 0.045
3821.88121 18.574 0.051
3822.78026 18.632 0.061
3823.89321 18.545 0.047
3824.88606 18.571 0.060
3826.89057 18.543 0.053
3828.89292 18.735 0.057
3829.87963 18.552 0.050
3832.88282 18.543 0.051
3833.85747 18.618 0.048
3834.89872 18.455 0.045
3835.84214 18.696 0.053
3836.85457 18.436 0.042
3837.83720 18.792 0.074
3838.84110 18.538 0.056
3839.85318 18.503 0.070
3840.84437 18.588 0.053
3841.82320 18.353 0.044
3845.82872 18.807 0.078
3846.83612 18.509 0.045
3848.85165 18.728 0.065
3849.86494 18.490 0.042
3850.80096 18.649 0.061
3851.80734 18.539 0.065
3852.79581 18.586 0.055
3853.78852 18.415 0.035
3856.77734 18.531 0.052
3858.84117 18.610 0.062
3860.83196 18.881 0.104
3861.84633 18.492 0.044
3862.79030 18.539 0.047
3863.73059 18.510 0.046
3864.79114 18.646 0.045
3865.75548 18.509 0.056
3866.78399 18.563 0.046
3867.72082 18.370 0.050
3868.78755 18.512 0.057
3869.77390 18.661 0.071
3873.77474 18.547 0.047
3874.81889 18.676 0.064
3875.73381 18.402 0.036
3877.76338 18.447 0.040
3880.76061 18.433 0.047
3881.76883 18.602 0.043
3882.70684 18.623 0.056
3883.58944 18.695 0.097
3883.59628 18.656 0.079
3883.60536 18.634 0.071
3883.62891 18.706 0.074
3883.69082 18.535 0.045
3883.74834 18.550 0.045
3883.75729 18.552 0.046
3883.79975 18.521 0.057
3883.82597 18.514 0.048
3883.83568 18.508 0.045
3883.84694 18.517 0.045
3883.86625 18.529 0.042
3883.87357 18.472 0.045
3883.87939 18.677 0.059
3883.88506 18.655 0.052
3883.89102 18.620 0.054
3883.89660 18.632 0.047
3883.90232 18.614 0.049
3883.90820 18.658 0.056
3883.91384 18.529 0.053
3883.91943 18.736 0.054
3883.92503 18.580 0.059
3883.93084 18.543 0.056
3883.93363 18.629 0.058
3883.93643 18.548 0.055
3883.93922 18.622 0.055
3883.94200 18.501 0.055
3883.94477 18.541 0.064
3883.94787 18.585 0.085
3884.73281 18.596 0.040
3884.74157 18.473 0.046
3884.74456 18.483 0.047
3884.74763 18.644 0.049
3884.75070 18.604 0.043
3884.75830 18.733 0.044
3884.76477 18.630 0.045
3884.76791 18.386 0.035
3884.77974 18.644 0.048
3886.56103 18.459 0.063
3886.57950 18.463 0.058
3886.59682 18.577 0.056
3886.62317 18.477 0.047
3886.63765 18.521 0.049
3886.66694 18.486 0.042
3886.69329 18.567 0.042
3886.71920 18.643 0.051
3886.73990 18.651 0.057
3886.76296 18.618 0.052
3886.78968 18.616 0.049
3886.83882 18.480 0.043
3886.91068 18.700 0.062
3886.93677 18.622 0.064
3887.56678 18.928 0.092
3887.64214 18.516 0.046
3887.70219 18.431 0.038
3887.74260 18.433 0.046
3887.76892 18.533 0.047
3887.82178 18.654 0.060
3887.87251 18.663 0.062
3888.58208 18.460 0.056
3888.90270 18.676 0.054
3888.91571 19.099 0.101
3888.92264 18.733 0.074
3889.62948 18.566 0.067
3889.86372 18.474 0.043
3890.56329 18.492 0.068
3891.58945 18.368 0.057
3892.86707 18.716 0.069
3893.74900 18.694 0.082
3894.78876 18.655 0.073
3896.74014 18.694 0.075
3900.63988 18.490 0.080
3901.65177 18.519 0.059
3902.66959 18.376 0.047
3903.79892 18.604 0.070
3904.64932 18.574 0.047
3905.65630 18.658 0.047
3906.63794 18.540 0.048
3907.70330 18.688 0.082
3908.63752 18.464 0.038
3909.64190 18.447 0.039
3912.64224 18.608 0.039
3913.63981 18.468 0.038
3914.67301 18.492 0.046
3915.63673 18.638 0.053
3916.71839 18.689 0.065
3917.73123 18.505 0.050
3918.73558 18.531 0.060
3919.66542 18.827 0.096
3920.61758 18.547 0.047
3921.63105 18.763 0.090
3930.69324 18.625 0.059
3931.61243 18.586 0.059
3931.80089 18.424 0.074
3932.63987 18.629 0.044
3933.61957 18.475 0.036
3934.59018 18.651 0.049
3935.66742 18.774 0.070
3936.61901 18.522 0.051
3936.80731 18.730 0.087
3937.73578 18.686 0.080
3937.74464 18.679 0.076
3937.77814 18.704 0.086
3938.46599 18.700 0.116
3938.49189 18.625 0.074
3938.59663 18.557 0.057
3938.64567 18.637 0.066
3938.71642 18.631 0.069
3939.52472 18.498 0.049
3940.57106 18.451 0.047
3940.64398 18.561 0.044
3940.74129 18.504 0.038
3940.80557 18.422 0.045
3941.65519 18.587 0.079
3942.51790 18.542 0.074
3944.49833 18.457 0.046
3944.60548 18.664 0.056
3944.68165 18.545 0.045
3944.77182 18.673 0.068
3945.46656 18.685 0.087
3945.55084 18.551 0.055
3945.63013 18.585 0.056
3945.73556 18.626 0.072
3945.79709 18.591 0.075
3946.47008 18.428 0.073
3946.62374 18.616 0.058
3946.78840 18.617 0.072
3946.79701 18.652 0.067
3950.47333 18.647 0.071
3950.64024 18.561 0.050
3950.77888 18.590 0.061
3951.65657 18.421 0.057
3957.63513 18.680 0.079
3958.68345 18.614 0.068
3959.61371 18.635 0.060
3960.60693 18.523 0.039
3963.57498 18.530 0.047
3964.63821 18.588 0.048
3965.62002 18.489 0.041
3966.61487 18.510 0.045
3967.64128 18.702 0.061
3968.59746 18.536 0.057
3969.60508 18.645 0.053
3970.57501 18.514 0.056
3970.61797 18.775 0.068
3970.70484 18.609 0.053
3971.64798 18.540 0.061
3973.67755 18.572 0.059
3974.61222 18.649 0.053
3975.60760 18.509 0.047
3976.60159 18.570 0.053
3979.62995 19.283 0.232
3982.65884 18.755 0.082
3987.59787 18.524 0.048
3988.63112 18.477 0.040
3990.59899 18.524 0.058
3994.54892 18.756 0.089
3996.52469 18.551 0.075
4000.61029 18.634 0.086
4002.60422 18.549 0.051
4003.55869 18.528 0.042
4005.65452 18.708 0.074
4011.53753 18.633 0.074
4015.56685 18.756 0.095
4017.54457 18.550 0.059
4019.54624 18.703 0.075
4021.54903 18.731 0.089
4024.57851 18.474 0.064
4027.49473 18.681 0.086
4029.53272 18.678 0.078
4150.86671 18.489 0.060
4155.83901 18.580 0.068
4157.89420 18.617 0.062
4159.90431 18.616 0.074
4162.85154 18.464 0.069
4164.89141 18.607 0.058
4166.90739 18.539 0.089
4167.81898 18.516 0.070
4167.84437 18.458 0.060
4167.86879 18.551 0.065
4167.89040 18.649 0.066
4167.91042 18.599 0.076
4168.79385 18.681 0.081
4168.80382 18.630 0.071
4168.83087 18.620 0.075
4168.85320 18.556 0.068
4168.86861 18.522 0.059
4168.88867 18.505 0.058
4168.90996 18.552 0.078
4169.78995 18.527 0.071
4169.81094 18.453 0.059
4169.82608 18.578 0.063
4169.84061 18.570 0.058
4169.86782 18.570 0.053
4169.89378 18.646 0.055
4170.79032 18.624 0.114
4170.81946 18.552 0.064
4170.84674 18.552 0.064
4170.88450 18.470 0.057
4174.78368 18.460 0.068
4174.82640 18.514 0.063
4174.84065 18.574 0.065
4174.89624 18.614 0.063
4174.90847 18.640 0.062
4175.86041 18.418 0.059
4176.82234 18.591 0.057
4176.89274 18.619 0.057
4177.87602 18.573 0.065
4179.77380 18.394 0.054
4180.82053 18.624 0.074
4181.90869 18.448 0.047
4183.78767 18.664 0.060
4184.75631 18.529 0.061
4184.85573 18.616 0.047
4185.83510 18.401 0.058
4190.85346 18.489 0.065
4192.86576 18.466 0.053
4193.87673 18.632 0.067
4194.89830 18.603 0.055
4196.91862 18.568 0.061
4202.86806 18.466 0.046
4203.85621 18.530 0.044
4204.85536 18.614 0.051
4205.85190 18.457 0.045
4207.85552 18.442 0.041
4208.88517 18.564 0.053
4212.93324 18.576 0.094
4213.85325 18.599 0.050
4215.89081 18.574 0.063
4216.81166 18.494 0.056
4217.83396 18.439 0.038
4218.87472 18.556 0.059
4219.91573 18.536 0.083
4220.85314 18.538 0.065
4222.82249 18.496 0.049
4228.81046 18.639 0.083
4229.78929 18.535 0.066
4230.77626 18.593 0.046
4231.79836 18.448 0.047
4232.80659 18.589 0.089
4234.75080 18.563 0.060
4235.77564 18.653 0.053
4237.76399 18.543 0.078
4238.79872 18.594 0.069
4239.85857 18.606 0.100
4243.69322 18.530 0.059
4244.85505 18.435 0.057
4245.84828 18.424 0.049
4246.90304 18.557 0.062
4250.86887 18.515 0.085
4256.71392 18.565 0.083
4258.71146 18.531 0.057
4268.61493 18.598 0.071
4269.65505 18.589 0.056
4272.70567 18.471 0.053
4273.66574 18.593 0.058
4274.64946 18.526 0.059
4275.70633 18.506 0.057
4277.60540 18.514 0.062
4278.67968 18.621 0.074
4283.62502 18.672 0.068
4284.60890 18.563 0.066
4285.61564 18.707 0.086
4286.70454 18.428 0.054
4289.65419 18.495 0.067
4290.68358 18.671 0.097
4290.70555 18.522 0.074
4291.73318 18.588 0.062
4292.59423 18.554 0.051
4293.62172 18.610 0.048
4294.59347 18.493 0.057
4295.62284 18.590 0.054
4296.60229 18.496 0.044
4297.59607 18.516 0.045
4298.70561 18.608 0.061
4299.67259 18.537 0.048
4300.79742 18.712 0.074
4301.47492 18.564 0.066
4302.75402 18.663 0.068
4307.58533 18.604 0.054
4310.73879 18.457 0.098
4312.63484 18.576 0.059
4315.66871 18.718 0.106
4319.62996 18.426 0.057
4320.73136 18.748 0.094
4326.64091 18.540 0.062
4327.66857 18.626 0.090
4328.60962 18.637 0.062
4328.74201 18.537 0.083
4329.60105 18.695 0.083
4330.58313 18.720 0.066
4331.60960 18.556 0.066
4332.60698 18.574 0.061
4333.61005 18.491 0.067
4334.60430 18.514 0.097
4338.64423 18.712 0.082
4339.61325 18.513 0.091
4340.52482 18.496 0.091
4341.61165 18.481 0.076
4342.64789 18.600 0.074
4343.62724 18.568 0.057
4344.67669 18.438 0.060
4345.62705 18.721 0.087
4346.63236 18.477 0.066
4347.64637 18.535 0.059
4349.61817 18.487 0.052
4351.61683 18.616 0.085
4353.63997 18.516 0.096
4357.62826 18.600 0.074
4359.59941 18.660 0.094
4367.59850 18.733 0.106
4370.59750 18.610 0.065
4372.56950 18.709 0.072
4380.57926 18.623 0.063
4515.87471 18.547 0.079
4519.84627 18.589 0.088
4520.83843 18.575 0.086
4522.90202 18.548 0.079
4524.88812 18.428 0.054
4530.87763 18.561 0.048
4534.81929 18.813 0.105
4536.82398 18.616 0.079
4537.91170 18.606 0.074
4538.84238 18.545 0.060
4540.87224 18.563 0.055
4542.89857 18.579 0.055
4543.86001 18.487 0.044
4544.85680 18.543 0.048
4545.87435 18.591 0.062
4546.90529 18.458 0.046
4550.84812 18.482 0.060
4551.90591 18.472 0.056
4552.90288 18.716 0.088
4556.86719 18.419 0.047
4557.89322 18.608 0.047
4558.82831 18.481 0.047
4559.85748 18.544 0.047
4560.85793 18.531 0.043
4561.84681 18.563 0.043
4564.85097 18.636 0.048
4565.83988 18.486 0.037
4566.84194 18.466 0.044
4567.84623 18.494 0.043
4568.87623 18.549 0.053
4569.86213 18.554 0.050
4570.86745 18.518 0.050
4571.83292 18.614 0.055
4572.87071 18.702 0.100
4573.84647 18.433 0.039
4574.84863 18.737 0.073
4575.86031 18.500 0.049
4579.91262 18.491 0.057
4583.82492 18.624 0.070
4586.81292 18.554 0.078
4587.85069 18.674 0.066
4588.73900 18.623 0.056
4589.77276 18.732 0.073
4590.78715 18.493 0.053
4591.76439 18.549 0.049
4592.77653 18.529 0.056
4593.76196 18.687 0.072
4594.79028 18.529 0.049
4595.78081 18.584 0.054
4596.80134 18.604 0.062
4597.79858 18.473 0.049
4598.76791 18.548 0.043
4599.74737 18.464 0.048
4600.75294 18.559 0.042
4601.75755 18.520 0.043
4602.75510 18.395 0.038
4606.77581 18.614 0.049
4610.87800 18.526 0.051
4611.73919 18.537 0.052
4611.92575 18.448 0.058
4616.72800 18.437 0.043
4617.89594 18.870 0.109
4622.70780 18.723 0.091
4623.78761 18.692 0.074
4624.72643 18.479 0.052
4625.70776 18.677 0.082
4626.75504 18.719 0.101
4627.68705 18.611 0.046
4628.67725 18.508 0.046
4629.74294 18.434 0.043
4630.68276 18.546 0.050
4631.70107 18.432 0.038
4632.71568 18.533 0.047
4633.86362 18.528 0.074
4639.80414 18.608 0.088
4640.77967 18.575 0.062
4641.86490 18.052 0.054
4642.70257 18.620 0.056
4643.66866 18.520 0.059
4644.75175 18.530 0.056
4645.67048 18.557 0.057
4646.63815 18.499 0.038
4647.64915 18.565 0.049
4648.65043 18.468 0.046
4648.75987 18.642 0.059
4649.64348 18.633 0.056
4650.67491 18.560 0.056
4651.68577 18.499 0.051
4652.61465 18.468 0.050
4652.67789 18.752 0.067
4652.75871 18.565 0.058
4652.78212 18.394 0.049
4652.81059 18.362 0.052
4653.60852 18.622 0.069
4654.64770 18.721 0.063
4655.61195 18.421 0.046
4656.61512 18.600 0.056
4658.77240 18.639 0.080
4660.72205 18.640 0.087
4661.60456 18.626 0.050
4666.53730 18.421 0.058
4671.66119 18.438 0.048
4672.62070 18.515 0.047
4674.64882 18.592 0.068
4677.67352 18.766 0.090
4681.67682 18.600 0.062
4682.63252 18.628 0.063
4683.63039 18.586 0.068
4684.64893 18.646 0.066
4685.67505 18.513 0.049
4686.74757 18.507 0.059
4687.66308 18.725 0.073
4688.60926 18.568 0.054
4694.69330 18.499 0.076
4697.61456 18.599 0.083
4698.63615 18.575 0.065
4700.63135 18.533 0.074
4701.61428 18.602 0.063
4702.62907 18.609 0.070
4704.69029 18.459 0.063
4708.65070 18.486 0.059
4710.66864 18.644 0.078
4720.58179 18.694 0.076
4721.61639 18.815 0.121
4724.63407 18.688 0.087
4725.65004 18.564 0.106
4726.61028 18.742 0.105
4733.57448 18.698 0.095
4738.53458 18.748 0.089
4741.61665 18.772 0.074
4755.55573 18.643 0.101
4763.49669 18.664 0.102
4876.87098 18.643 0.071
4883.85675 18.760 0.084
4885.89699 18.512 0.065
4888.85125 18.648 0.066
4892.84531 18.663 0.080
4898.81559 18.527 0.067
4901.81844 18.612 0.060
4902.90731 18.425 0.047
4903.86580 18.711 0.060
4905.86221 18.634 0.085
4912.84701 18.431 0.039
4914.89306 18.551 0.053
4924.74311 18.648 0.055
4925.86083 18.559 0.052
4928.75107 18.512 0.055
4930.79514 18.541 0.061
4931.83961 18.508 0.056
4932.84811 18.624 0.056
4933.84303 18.575 0.055
4934.89883 18.535 0.085
4938.82292 18.749 0.093
4940.76441 18.514 0.053
4941.80016 18.484 0.058
4942.74322 18.498 0.045
4944.74556 18.678 0.058
4945.79864 18.527 0.042
4950.85842 18.590 0.052
4952.85194 18.544 0.047
4953.83780 18.523 0.064
4954.80745 18.574 0.051
4955.79884 18.793 0.076
