2127.63643 18.026 0.025
2130.63574 18.067 0.020
2133.65327 18.229 0.030
2137.60708 18.124 0.021
2142.59083 17.930 0.019
2169.63624 18.149 0.031
2190.55287 17.939 0.019
2216.51539 18.051 0.031
2357.89793 18.280 0.025
2365.87341 18.198 0.034
2377.82405 17.975 0.020
2389.78735 17.991 0.025
2391.72926 18.042 0.038
2406.79249 18.109 0.023
2415.93389 18.125 0.033
2417.91227 18.086 0.032
2431.82781 18.039 0.022
2433.79153 17.953 0.020
2435.89791 18.019 0.029
2437.92951 18.024 0.034
2439.92680 18.122 0.036
2441.86395 18.239 0.032
2445.77174 17.990 0.020
2448.83911 18.176 0.042
2454.53990 18.130 0.028
2460.64306 18.159 0.031
2463.68383 17.984 0.017
2467.64842 18.008 0.019
2469.68988 18.240 0.021
2471.59929 18.218 0.022
2473.66811 18.177 0.020
2482.56992 18.185 0.029
2488.63968 18.349 0.032
2491.61638 18.244 0.035
2494.56067 18.222 0.032
2496.62066 18.190 0.019
2498.66415 17.995 0.017
2500.68689 18.034 0.020
2502.70439 18.179 0.028
2510.60228 17.999 0.020
2516.65515 18.116 0.032
2519.63853 18.057 0.022
2524.66633 18.136 0.030
2529.59379 17.984 0.022
2538.63897 17.989 0.036
2543.53498 18.041 0.020
2548.59092 18.030 0.027
2553.49331 18.204 0.044
2557.58982 17.936 0.024
2561.59720 18.064 0.043
2564.59091 18.165 0.040
2565.57613 17.970 0.032
2579.52265 18.038 0.036
2709.91491 18.032 0.030
2721.84077 17.999 0.026
2730.86795 18.014 0.019
2735.83802 18.150 0.021
2747.82582 18.065 0.028
2754.83622 18.118 0.022
2757.92009 18.070 0.026
2768.80043 17.978 0.020
2776.67856 18.084 0.033
2784.68207 18.082 0.019
2787.77376 17.981 0.020
2790.62697 18.145 0.020
2793.81607 18.062 0.024
2795.75476 17.918 0.020
2797.73719 18.246 0.022
2809.86123 17.993 0.021
2810.90855 17.974 0.029
2811.78098 18.010 0.024
2814.86024 17.981 0.022
2816.76671 17.956 0.020
2817.87805 18.096 0.033
2818.87538 17.916 0.023
2820.87433 18.226 0.036
2821.83687 18.014 0.025
2830.75308 18.097 0.025
2835.77522 18.017 0.025
2837.78215 18.084 0.041
2838.77497 18.248 0.033
2840.79607 17.984 0.027
2843.79086 18.177 0.024
2845.77754 18.024 0.022
2853.79855 17.866 0.030
2854.69389 17.987 0.025
2857.58645 18.110 0.024
2863.53345 17.950 0.026
2866.59039 18.266 0.034
2868.68502 18.292 0.028
2872.54726 18.048 0.020
2878.60124 18.223 0.020
2884.57146 17.973 0.021
2892.63268 18.008 0.035
2895.56640 17.987 0.021
2900.59550 18.012 0.022
2906.54784 18.074 0.025
2911.61740 18.166 0.029
2928.58724 17.931 0.033
