2130.50844 13.707 0.004
2133.52462 13.737 0.004
2136.64590 13.729 0.004
2141.63661 13.709 0.004
2144.71632 13.713 0.004
2170.61831 13.710 0.004
2179.51657 13.700 0.004
2189.51165 13.717 0.004
2212.53706 13.710 0.004
2337.82349 13.704 0.004
2349.84185 13.701 0.004
2357.83499 13.726 0.004
2365.90954 13.721 0.004
2373.78999 13.708 0.004
2384.83215 13.710 0.004
2388.83138 13.707 0.004
2390.86938 13.707 0.004
2393.86361 13.997 0.004
2400.81097 13.694 0.004
2402.91767 13.704 0.004
2406.86044 13.722 0.004
2411.71852 13.751 0.004
2415.89374 13.700 0.004
2417.85835 13.687 0.004
2425.89043 13.978 0.004
2428.87466 13.714 0.004
2432.90333 13.695 0.004
2434.79126 13.698 0.004
2436.83995 13.701 0.004
2438.82131 13.719 0.004
2441.77612 13.719 0.004
2445.69333 13.765 0.004
2448.72336 13.737 0.004
2454.73088 13.710 0.004
2460.72194 13.745 0.004
2463.60322 13.995 0.004
2466.57414 13.707 0.004
2468.75876 13.707 0.004
2470.74244 13.708 0.004
2472.77307 13.722 0.004
2481.62080 13.731 0.004
2484.68338 13.729 0.004
2486.77644 13.713 0.004
2491.50558 13.709 0.004
2493.70390 13.856 0.004
2496.54987 13.741 0.004
2498.58797 13.725 0.004
2500.61418 13.714 0.004
2502.63227 13.699 0.004
2516.49267 13.813 0.004
2517.53705 13.714 0.004
2520.64826 13.710 0.004
2529.51478 13.844 0.004
2538.56409 13.707 0.004
2542.55307 13.723 0.004
2548.51827 13.867 0.004
2552.55489 13.730 0.004
2557.51987 13.704 0.004
2561.51578 13.747 0.004
2568.55033 13.709 0.004
2575.55003 13.710 0.004
2584.53083 13.730 0.004
2708.86754 13.741 0.004
2719.87370 13.767 0.004
2734.83425 13.726 0.004
2747.75798 13.717 0.004
2754.76330 13.726 0.004
2757.83250 13.735 0.004
2763.78558 13.709 0.004
2767.87786 13.713 0.004
2775.78332 13.715 0.004
2776.73086 13.738 0.004
2783.87243 13.742 0.004
2785.73873 13.729 0.004
2788.61825 13.717 0.004
2790.76174 13.744 0.004
2793.69212 13.740 0.004
2795.65127 13.729 0.004
2797.66234 13.717 0.004
2809.78254 13.718 0.004
2811.70300 13.723 0.004
2812.83226 13.715 0.004
2813.87603 13.728 0.004
2815.85675 13.735 0.004
2817.75522 13.740 0.004
2819.66567 13.736 0.004
2821.71477 13.905 0.004
2830.68563 13.719 0.004
2835.69659 13.723 0.004
2837.70705 13.739 0.004
2839.76684 13.745 0.004
2841.77926 13.725 0.004
2843.71528 13.717 0.004
2845.70493 13.714 0.004
2850.59368 13.709 0.004
2852.61239 13.715 0.004
2854.60588 13.719 0.004
2857.51607 13.857 0.004
2858.72842 13.721 0.004
2865.61955 13.717 0.004
2868.61582 13.729 0.004
2871.69651 13.764 0.004
2876.69752 13.734 0.004
2879.66295 13.723 0.004
2884.69404 13.722 0.004
2893.57059 13.745 0.004
2894.68008 13.724 0.004
2900.50581 13.723 0.004
2905.64483 13.772 0.004
2911.56614 13.720 0.004
2918.60883 13.719 0.004
2923.60961 13.963 0.004
2931.56287 13.720 0.004
3052.87485 13.719 0.004
