2125.62800 18.466 0.077
2129.70367 18.344 0.035
2132.64521 18.360 0.036
2136.55029 18.353 0.050
2141.56105 18.246 0.032
2144.65011 18.473 0.039
2160.61881 18.572 0.052
2169.53258 18.499 0.071
2188.50814 18.566 0.067
2211.51254 18.376 0.072
2332.88065 18.337 0.053
2347.84450 18.290 0.033
2357.87202 18.439 0.040
2372.85993 18.296 0.035
2383.88568 18.275 0.035
2388.80265 18.241 0.040
2390.83199 18.356 0.037
2397.71224 18.282 0.036
2401.84141 18.410 0.040
2403.91842 18.552 0.042
2405.90580 18.265 0.035
2414.91620 18.393 0.060
2416.86321 18.274 0.041
2424.83426 18.440 0.048
2428.85918 18.195 0.040
2432.87264 18.555 0.082
2434.75753 18.261 0.031
2436.80630 18.302 0.039
2438.76703 18.458 0.037
2441.74477 18.322 0.034
2445.65007 18.283 0.035
2448.67532 18.253 0.040
2455.70900 18.342 0.042
2459.65509 18.289 0.036
2463.56042 18.324 0.037
2466.66251 18.448 0.041
2468.69265 18.496 0.036
2470.67523 18.266 0.033
2472.70336 18.298 0.031
2481.57686 18.386 0.056
2484.63939 18.366 0.040
2486.73146 18.405 0.054
2490.69967 18.448 0.042
2493.66121 18.312 0.048
2495.76526 18.439 0.054
2498.52666 18.389 0.031
2500.57119 18.359 0.036
2502.58236 18.442 0.042
2508.68279 18.282 0.050
2512.62916 18.254 0.045
2517.58296 18.284 0.043
2520.59835 18.271 0.038
2528.50366 18.267 0.045
2538.51007 18.382 0.047
2542.53735 18.408 0.057
2552.51128 18.420 0.054
2556.59539 18.536 0.067
2563.50980 18.308 0.039
2575.53749 18.238 0.054
2707.88242 18.442 0.037
2714.91783 18.272 0.057
2729.85165 18.262 0.048
2734.79211 18.326 0.034
2744.92949 18.469 0.056
2753.90337 18.285 0.045
2757.81578 18.358 0.041
2761.83289 18.292 0.040
2767.81101 18.267 0.047
2775.73737 18.369 0.079
2783.84139 18.293 0.035
2785.77991 18.365 0.039
2787.61733 18.285 0.045
2789.77407 18.428 0.038
2791.73050 18.282 0.035
2794.94448 18.311 0.055
2796.84427 18.324 0.032
2797.90550 18.199 0.037
2809.73342 18.450 0.054
2811.66053 18.418 0.070
2812.73226 18.516 0.054
2813.84584 18.394 0.045
2814.76511 18.429 0.043
2816.62984 18.267 0.033
2818.60107 18.540 0.041
2820.81503 18.446 0.042
2826.77125 18.257 0.040
2835.66528 18.256 0.048
2837.65218 18.156 0.061
2839.72473 18.255 0.041
2841.73401 18.368 0.039
2843.67060 18.278 0.035
2845.67118 18.530 0.048
2850.53925 18.261 0.036
2852.55163 18.255 0.057
2854.55536 18.423 0.047
2858.69836 18.307 0.037
2862.61106 18.459 0.064
2865.71465 18.345 0.070
2868.60088 18.293 0.034
2876.59716 18.417 0.046
2879.64744 18.233 0.036
2892.66622 18.364 0.066
2895.63992 18.253 0.034
2900.56814 18.262 0.046
2906.52004 18.356 0.050
2911.54417 18.458 0.050
2918.56820 18.293 0.051
2930.58916 18.451 0.057
3059.82435 18.375 0.040
3064.84114 18.162 0.056
3068.79498 18.339 0.054
3070.87361 18.310 0.039
3073.82972 18.350 0.039
3075.86778 18.350 0.042
3080.77203 18.539 0.049
3082.89569 18.263 0.033
3085.83030 18.411 0.036
3086.90371 18.425 0.038
3088.82286 18.470 0.038
3090.73598 18.456 0.039
3096.89117 18.605 0.059
3098.91828 18.337 0.035
3100.90508 18.252 0.033
3101.76309 18.183 0.046
3103.79608 18.324 0.041
3104.85469 18.479 0.072
3106.86797 18.445 0.057
3108.78849 18.421 0.035
3109.84743 18.414 0.037
3110.85383 18.349 0.038
3112.83912 18.296 0.035
3114.80374 18.415 0.035
3116.89166 18.220 0.038
3122.92971 18.244 0.048
3125.89428 18.437 0.056
3127.83767 18.303 0.043
3128.83964 18.298 0.035
3130.72084 18.254 0.043
3131.68736 18.352 0.054
3134.83496 18.274 0.065
3135.91898 18.239 0.035
3138.67330 18.344 0.042
3139.89849 18.308 0.034
3140.89805 18.492 0.038
3142.78707 18.341 0.033
3144.80714 18.240 0.036
3146.84045 18.219 0.037
3151.77006 18.224 0.038
3151.92600 18.280 0.042
3152.77493 18.343 0.035
3153.77833 18.349 0.044
3154.84261 18.507 0.067
3156.88341 18.517 0.047
3162.59326 18.376 0.056
3163.77421 18.346 0.039
3164.75645 18.303 0.037
3164.88947 18.188 0.040
3165.73005 18.222 0.027
3168.87821 18.349 0.037
3169.74623 18.325 0.037
3170.83119 18.499 0.037
3171.80245 18.535 0.035
3172.77340 18.328 0.036
3173.87141 18.370 0.048
3174.73020 18.244 0.028
3175.73892 18.435 0.035
3177.77943 18.345 0.051
3179.52419 18.243 0.036
3179.90348 18.310 0.045
3180.74521 18.268 0.028
3182.80589 18.223 0.034
3183.76086 18.312 0.042
3184.72193 18.219 0.031
3185.72543 18.473 0.042
3193.55688 18.281 0.035
3194.56851 18.236 0.042
3195.70007 18.429 0.032
3195.82064 18.322 0.034
3196.62153 18.309 0.034
3197.54629 18.300 0.035
3197.84972 18.398 0.057
3199.64342 18.328 0.031
3202.53773 18.460 0.039
3203.68183 18.299 0.031
3204.67376 18.300 0.028
3205.53265 18.433 0.034
3206.73801 18.250 0.035
3209.67250 18.377 0.041
3210.65804 18.314 0.033
3211.62852 18.266 0.036
3217.67272 18.299 0.041
3218.67101 18.481 0.052
3219.63306 18.686 0.075
3223.67222 18.266 0.046
3224.72032 18.314 0.039
3226.64299 18.329 0.042
3228.62153 18.277 0.030
3229.65403 18.321 0.032
3230.68753 18.346 0.035
3231.59152 18.282 0.032
3232.62799 18.324 0.041
3238.63983 18.529 0.055
3239.71884 18.522 0.056
3240.49201 18.311 0.044
3241.67465 18.391 0.047
3246.68153 18.569 0.065
3247.60071 18.306 0.052
3249.54818 18.408 0.047
3250.67919 18.442 0.056
3253.64844 18.424 0.047
3256.65843 18.621 0.066
3260.56817 18.184 0.035
3265.49865 18.256 0.044
3267.55231 18.243 0.036
3272.61026 18.401 0.051
3278.62018 18.387 0.053
3282.49964 18.551 0.045
3288.56600 18.435 0.039
3293.53661 18.325 0.028
3295.54511 18.371 0.025
3300.53041 18.522 0.062
3312.53123 18.337 0.065
3417.86531 18.259 0.029
3422.89162 18.412 0.035
3426.88269 18.344 0.035
3429.86773 18.412 0.039
3432.90801 18.296 0.054
3442.91056 18.262 0.039
3445.82359 18.391 0.030
3447.87389 18.422 0.038
3449.89078 18.278 0.030
3452.90793 18.294 0.028
3453.77979 18.505 0.053
3455.85042 18.270 0.053
3456.86151 18.268 0.031
3457.77917 18.347 0.041
3458.82274 18.543 0.045
3459.79735 18.448 0.043
3467.90011 18.238 0.028
3469.80975 18.221 0.028
3470.84995 18.513 0.030
3472.78113 18.341 0.031
3473.87615 18.447 0.044
3474.84857 18.302 0.032
3477.78513 18.274 0.029
3478.89939 18.440 0.035
3480.85135 18.397 0.036
3481.85537 18.229 0.026
3483.79567 18.326 0.032
3496.74953 18.266 0.035
3497.81734 18.268 0.036
3498.93853 18.196 0.040
3499.74601 18.282 0.031
3500.75059 18.323 0.032
3501.86412 18.366 0.035
3502.69691 18.432 0.030
3503.70973 18.280 0.030
3504.72410 18.340 0.035
3506.81302 18.407 0.044
3508.80597 18.384 0.038
3509.70934 18.324 0.033
3511.69609 18.390 0.050
3512.76506 18.235 0.036
3517.80551 18.229 0.039
3520.84069 18.330 0.034
3521.65983 18.247 0.027
3522.77010 18.397 0.036
3523.80477 18.286 0.028
3524.79247 18.444 0.046
3525.77213 18.388 0.033
3526.85747 18.294 0.034
3528.57607 18.304 0.036
3530.80152 18.323 0.027
3537.76936 18.267 0.031
3538.69885 18.260 0.028
3540.67277 18.449 0.039
3544.75285 18.276 0.038
3546.87375 18.438 0.062
3547.83120 18.281 0.042
3550.65763 18.446 0.031
3551.66163 18.358 0.023
3552.69450 18.374 0.034
3553.69720 18.384 0.043
3554.68929 18.337 0.039
3555.71586 18.386 0.032
3556.74414 18.261 0.035
3558.57995 18.386 0.036
3558.85727 18.455 0.045
3559.67585 18.418 0.040
3560.62896 18.441 0.031
3561.56926 18.258 0.032
3561.83638 18.365 0.034
3562.61343 18.271 0.035
3562.83624 18.495 0.043
3563.66287 18.486 0.035
3564.55644 18.296 0.035
3569.61517 18.259 0.039
3573.68384 18.320 0.044
3573.71078 18.359 0.042
3574.71177 18.417 0.041
3575.65066 18.319 0.031
3575.79584 18.376 0.042
3576.71308 18.246 0.034
3577.76143 18.384 0.035
3578.69808 18.456 0.031
3579.64340 18.576 0.037
3580.67997 18.331 0.033
3581.69632 18.448 0.034
3582.62210 18.329 0.029
3583.65870 18.285 0.031
3584.66747 18.371 0.033
3585.66555 18.509 0.032
3586.68993 18.244 0.026
3588.74804 18.361 0.034
3589.70935 18.312 0.030
3590.70547 18.388 0.037
3592.67789 18.244 0.027
3597.66387 18.452 0.050
3601.68181 18.363 0.042
3602.68200 18.178 0.041
3603.66213 18.276 0.039
3607.66058 18.445 0.035
3608.67661 18.281 0.038
3615.60384 18.476 0.035
3618.60742 18.526 0.040
3620.57066 18.360 0.033
3628.57270 18.520 0.052
3630.58672 18.330 0.046
3632.61419 18.292 0.051
3634.51759 18.243 0.031
3639.52342 18.474 0.033
3641.57012 18.476 0.054
3644.53494 18.253 0.033
3649.51556 18.373 0.038
3651.57643 18.269 0.045
3655.54162 18.298 0.042
3657.53479 18.334 0.048
3659.53656 18.261 0.052
3662.54108 18.274 0.061
3665.51151 18.309 0.047
3671.51444 18.310 0.059
3777.84586 18.479 0.056
3782.88185 18.400 0.038
3785.84348 18.310 0.040
3788.87989 18.367 0.042
3791.89011 18.286 0.037
3794.86754 18.279 0.032
3796.85629 18.329 0.037
3797.85919 18.219 0.032
3798.90713 18.447 0.065
3801.83077 18.246 0.041
3803.81976 18.391 0.040
3804.86702 18.338 0.035
3805.90758 18.280 0.039
3807.89891 18.475 0.036
3809.81028 18.508 0.043
3811.88879 18.384 0.039
3813.76912 18.531 0.050
3817.90828 18.405 0.055
3819.76971 18.332 0.029
3820.87390 18.431 0.034
3821.88393 18.288 0.032
3822.78296 18.326 0.041
3823.89590 18.482 0.035
3824.88874 18.297 0.038
3826.89323 18.381 0.037
3828.89563 18.202 0.035
3829.88233 18.295 0.033
3832.88551 18.353 0.035
3833.86020 18.406 0.035
3834.90142 18.212 0.035
3835.84483 18.273 0.029
3836.85727 18.378 0.035
3837.83990 18.440 0.042
3838.84382 18.218 0.035
3839.85586 18.376 0.054
3840.84708 18.458 0.040
3841.82593 18.365 0.040
3845.83188 18.290 0.042
3846.83881 18.392 0.035
3848.85438 18.207 0.034
3849.86765 18.487 0.038
3850.80366 18.458 0.043
3851.81008 18.269 0.035
3852.79855 18.300 0.033
3853.79125 18.349 0.029
3856.78007 18.214 0.033
3858.84399 18.323 0.039
3860.83472 18.292 0.043
3861.84905 18.274 0.031
3862.79304 18.222 0.028
3863.73334 18.237 0.029
3864.79386 18.321 0.028
3865.75826 18.281 0.037
3866.78674 18.352 0.034
3867.72355 18.293 0.037
3868.79030 18.279 0.041
3869.77665 18.268 0.042
3873.77803 18.428 0.038
3874.82163 18.373 0.039
3875.73662 18.336 0.029
3877.76617 18.364 0.033
3880.76342 18.405 0.034
3881.77158 18.226 0.027
3882.70965 18.356 0.036
3883.75114 18.405 0.031
3886.72206 18.325 0.035
3887.70499 18.365 0.031
3889.86652 18.317 0.031
3891.59227 18.340 0.041
3892.86989 18.234 0.031
3893.75185 18.480 0.055
3894.79157 18.324 0.045
3896.74590 18.399 0.044
3900.64277 18.321 0.057
3901.65461 18.465 0.046
3902.67244 18.251 0.035
3903.80518 18.286 0.034
3904.65215 18.417 0.034
3905.65915 18.353 0.031
3906.64081 18.261 0.030
3907.70618 18.485 0.052
3908.64035 18.440 0.033
3909.64476 18.321 0.029
3912.64512 18.311 0.026
3913.64268 18.233 0.026
3914.67589 18.327 0.030
3915.63961 18.328 0.031
3916.72128 18.434 0.039
3917.73413 18.235 0.031
3918.73847 18.413 0.041
3919.66830 18.454 0.053
3920.62049 18.349 0.041
3921.63399 18.433 0.052
3930.69615 18.278 0.035
3931.61537 18.360 0.041
3931.80381 18.315 0.052
3932.64301 18.292 0.031
3933.62250 18.384 0.026
3934.59310 18.379 0.032
3935.67037 18.391 0.044
3936.62196 18.346 0.034
3936.81025 18.367 0.053
3937.73873 18.488 0.061
3938.59962 18.380 0.037
3940.74422 18.493 0.032
3944.68462 18.441 0.031
3945.63309 18.198 0.032
3946.62672 18.281 0.033
3950.64317 18.269 0.028
3951.65952 18.394 0.041
3957.63808 18.292 0.043
3958.68640 18.477 0.065
3959.61666 18.411 0.043
3960.60989 18.315 0.027
3963.57794 18.391 0.039
3964.64116 18.294 0.031
3965.62296 18.490 0.033
3966.61784 18.354 0.033
3967.64424 18.339 0.035
3968.60047 18.296 0.036
3969.60806 18.394 0.033
3970.62095 18.229 0.032
3971.65092 18.523 0.046
3973.68053 18.518 0.045
3974.61519 18.336 0.035
3975.61059 18.433 0.035
3976.60458 18.448 0.041
3979.63766 18.296 0.054
3982.66181 18.208 0.047
3987.60083 18.317 0.033
3988.63411 18.275 0.030
3990.60196 18.383 0.043
3994.55191 18.352 0.048
3996.52768 18.628 0.057
4000.61328 18.562 0.061
4002.60722 18.252 0.033
4003.56169 18.217 0.031
4005.65750 18.378 0.049
4011.54049 18.414 0.044
4015.56980 18.346 0.051
4017.54754 18.349 0.043
4019.54924 18.266 0.043
4021.55200 18.406 0.054
4024.58147 18.308 0.043
4027.49770 18.411 0.056
4029.53570 18.270 0.045
4150.87211 18.306 0.045
4155.84441 18.264 0.041
4158.80631 18.306 0.040
4159.90968 18.114 0.067
4160.83429 18.304 0.050
4162.85690 18.374 0.053
4164.89676 18.426 0.044
4166.91275 18.290 0.071
4167.82436 18.302 0.047
4169.83144 18.487 0.047
4174.84600 18.288 0.037
4176.82768 18.377 0.040
4177.88134 18.432 0.041
4179.77913 18.373 0.040
4180.82585 18.333 0.049
4181.91402 18.319 0.040
4183.79303 18.406 0.042
4184.86106 18.468 0.037
4185.84041 18.401 0.040
4190.85879 18.336 0.042
4192.87111 18.264 0.035
4193.88206 18.505 0.045
4194.90361 18.224 0.033
4196.92399 18.363 0.044
4202.87341 18.299 0.033
4203.86155 18.494 0.036
4204.86070 18.351 0.036
4205.85722 18.280 0.032
4207.86088 18.343 0.032
4208.89053 18.321 0.034
4213.85862 18.476 0.035
4215.89617 18.520 0.044
4216.81703 18.356 0.038
4217.83936 18.324 0.029
4218.88012 18.360 0.035
4219.92110 18.315 0.048
4220.86137 18.307 0.048
4222.82788 18.289 0.035
4228.81587 18.254 0.050
4229.79471 18.278 0.036
4230.78167 18.445 0.034
4231.80376 18.239 0.032
4232.81200 18.291 0.047
4234.75620 18.473 0.044
4235.78106 18.290 0.036
4238.80414 18.281 0.041
4239.90306 18.369 0.051
4243.69866 18.286 0.038
4244.86050 18.446 0.044
4245.85374 18.379 0.040
4246.90847 18.443 0.057
4250.87430 18.568 0.070
4256.71937 18.370 0.053
4258.71664 18.294 0.036
4268.62013 18.377 0.050
4269.66029 18.307 0.035
4272.71091 18.326 0.032
4273.67100 18.309 0.040
4274.65466 18.459 0.043
4275.71153 18.261 0.041
4277.61063 18.229 0.042
4278.68490 18.237 0.043
4283.63032 18.256 0.035
4284.61415 18.320 0.043
4285.62092 18.430 0.058
4286.71477 18.258 0.050
4289.66024 18.325 0.044
4290.74474 18.253 0.045
4291.73844 18.469 0.047
4292.59952 18.334 0.034
4293.62699 18.302 0.033
4294.59876 18.344 0.042
4295.62811 18.277 0.033
4296.60760 18.202 0.028
4297.60140 18.343 0.032
4298.71093 18.481 0.040
4299.67788 18.558 0.041
4300.80272 18.354 0.050
4301.48023 18.373 0.042
4302.75933 18.241 0.035
4307.59441 18.434 0.040
4310.74414 18.488 0.073
4312.64019 18.394 0.037
4315.67405 18.504 0.067
4317.62753 18.333 0.035
4319.63529 18.562 0.046
4320.73671 18.600 0.060
4326.64626 18.324 0.044
4327.67421 18.415 0.057
4328.61525 18.283 0.040
4328.74767 18.231 0.056
4329.60642 18.520 0.054
4330.58881 18.378 0.041
4331.61524 18.250 0.037
4332.62035 18.488 0.046
4333.61572 18.301 0.039
4334.60998 18.291 0.054
4338.64991 18.464 0.063
4339.61892 18.321 0.042
4340.53050 18.338 0.058
4341.61733 18.442 0.062
4342.65358 18.235 0.042
4343.63292 18.255 0.040
4344.68236 18.310 0.046
4345.63277 18.315 0.040
4346.63806 18.261 0.040
4347.65208 18.447 0.045
4349.62385 18.329 0.037
4351.62252 18.427 0.054
4357.63398 18.545 0.052
4359.60509 18.352 0.047
4367.60420 18.420 0.067
4370.60315 18.437 0.050
4372.57519 18.302 0.038
4380.58494 18.497 0.048
4515.88009 18.362 0.051
4519.85163 18.317 0.055
4520.84403 18.479 0.065
4523.84240 18.502 0.056
4524.89345 18.291 0.040
4530.88296 18.288 0.032
4534.82968 18.247 0.042
4536.83881 18.408 0.048
4538.84773 18.388 0.041
4540.87756 18.286 0.033
4542.90394 18.235 0.036
4543.86535 18.282 0.033
4544.86216 18.384 0.035
4545.87972 18.342 0.039
4546.91461 18.342 0.048
4550.85346 18.301 0.037
4551.91124 18.247 0.042
4552.90820 18.267 0.038
4556.87254 18.273 0.034
4557.89858 18.366 0.032
4558.83364 18.633 0.046
4559.86281 18.286 0.032
4560.86327 18.437 0.034
4561.85216 18.454 0.033
4564.85632 18.459 0.039
4565.84525 18.272 0.028
4566.84730 18.282 0.029
4567.85157 18.508 0.039
4568.88160 18.245 0.035
4569.86751 18.384 0.035
4570.87280 18.423 0.038
4571.83827 18.366 0.035
4572.87607 18.287 0.050
4573.85184 18.476 0.035
4574.85399 18.339 0.043
4575.86569 18.326 0.036
4579.91798 18.360 0.047
4583.83781 18.467 0.053
4586.81829 18.358 0.046
4587.85605 18.293 0.037
4588.74440 18.498 0.046
4589.77814 18.266 0.037
4590.79254 18.441 0.044
4591.76978 18.476 0.040
4592.78193 18.192 0.038
4593.76735 18.271 0.035
4594.79566 18.415 0.035
4595.78618 18.235 0.032
4596.80672 18.390 0.035
4597.80399 18.381 0.037
4598.77331 18.297 0.030
4599.75277 18.257 0.030
4600.75830 18.306 0.029
4601.76297 18.421 0.034
4602.76052 18.213 0.030
4606.75764 18.240 0.035
4606.78122 18.376 0.037
4610.88344 18.385 0.042
4611.74464 18.373 0.037
4611.93115 18.236 0.042
4616.73345 18.337 0.033
4617.90431 18.424 0.061
4622.71325 18.294 0.042
4623.79309 18.258 0.047
4624.73191 18.356 0.039
4625.71323 18.227 0.045
4626.76816 18.542 0.056
4627.69256 18.404 0.033
4628.68273 18.407 0.034
4629.74842 18.406 0.039
4630.68823 18.359 0.036
4631.70657 18.384 0.031
4632.72924 18.297 0.032
4633.86912 18.491 0.055
4639.80967 18.253 0.055
4640.78519 18.281 0.037
4641.87042 18.398 0.061
4642.70811 18.285 0.039
4643.67422 18.355 0.037
4644.75726 18.350 0.042
4645.67600 18.353 0.039
4646.64370 18.298 0.029
4647.66487 18.475 0.037
4648.65877 18.374 0.035
4648.76819 18.525 0.044
4649.64900 18.213 0.032
4650.68046 18.577 0.046
4651.69178 18.301 0.040
4652.62020 18.298 0.041
4653.61409 18.273 0.036
4654.65323 18.449 0.038
4655.61754 18.466 0.041
4656.62075 18.269 0.035
4658.77797 18.380 0.055
4660.72764 18.308 0.054
4661.61011 18.474 0.039
4666.54290 18.427 0.051
4671.66678 18.300 0.035
4672.62629 18.290 0.043
4674.65445 18.268 0.040
4677.67914 18.304 0.045
4681.68246 18.389 0.045
4682.63813 18.421 0.043
4683.63602 18.401 0.040
4684.65455 18.218 0.039
4685.68068 18.451 0.036
4686.75322 18.467 0.045
4687.66871 18.237 0.038
4688.61490 18.253 0.037
4694.69897 18.518 0.078
4697.62023 18.310 0.048
4698.64181 18.536 0.051
4700.63703 18.246 0.040
4701.61992 18.201 0.036
4702.63474 18.447 0.047
4704.69600 18.303 0.043
4708.65637 18.397 0.043
4710.67432 18.395 0.047
4720.58745 18.239 0.042
4721.62210 18.466 0.068
4724.63977 18.406 0.062
4725.65571 18.332 0.060
4726.61594 18.205 0.051
4733.58015 18.228 0.045
4738.54028 18.411 0.051
4741.62235 18.296 0.043
4755.56140 18.354 0.064
4763.50359 18.284 0.049
4876.87634 18.426 0.048
4883.86214 18.597 0.055
4885.90237 18.376 0.080
4886.82252 18.313 0.041
4886.82908 18.316 0.040
4888.85659 18.336 0.041
4892.85067 18.331 0.043
4898.82092 18.277 0.045
4901.82378 18.245 0.037
4902.91266 18.247 0.047
4903.87116 18.196 0.033
4905.86757 18.537 0.056
4912.85234 18.416 0.034
4914.89840 18.436 0.038
4924.74816 18.386 0.035
4925.86588 18.300 0.032
4928.75614 18.298 0.041
4930.80021 18.303 0.043
4931.84466 18.440 0.047
4932.85319 18.249 0.035
4933.84807 18.382 0.044
4934.70637 18.430 0.079
4934.90390 18.172 0.063
4938.82799 18.353 0.059
4940.76950 18.279 0.036
4941.80524 18.591 0.050
4942.74830 18.427 0.035
4944.75063 18.324 0.040
4945.80373 18.337 0.033
4950.86352 18.340 0.035
4953.84291 18.428 0.046
4954.81257 18.409 0.035
4955.80397 18.266 0.037
