2127.52182 18.630 0.080
2130.55443 18.767 0.065
2133.56410 18.893 0.067
2136.68533 18.678 0.060
2141.67533 18.668 0.095
2165.60452 18.780 0.082
2166.50345 18.671 0.069
2172.56565 18.671 0.083
2189.55020 18.747 0.090
2214.53339 18.653 0.112
2337.86234 18.684 0.053
2352.88458 18.825 0.083
2361.87832 18.745 0.061
2373.82921 18.828 0.075
2464.79999 18.704 0.060
2816.69606 18.753 0.057
2852.65132 18.675 0.092
2859.66533 18.688 0.094
3059.88273 18.709 0.056
3064.89401 18.642 0.058
3068.84704 18.759 0.060
3071.89957 18.745 0.060
3073.90873 18.754 0.073
3077.80037 18.801 0.162
3080.84805 18.778 0.065
3083.79500 18.662 0.048
3085.90613 18.663 0.046
3087.84074 18.594 0.049
3089.85753 18.803 0.051
3091.86242 18.660 0.054
3097.84116 18.729 0.057
3099.86715 18.760 0.071
3101.84023 18.800 0.086
3102.86879 18.632 0.057
3104.78440 18.830 0.161
3107.79145 18.676 0.054
3108.82111 18.721 0.051
3110.91092 18.702 0.056
3112.86799 18.820 0.063
3114.86289 18.576 0.050
3116.85055 18.792 0.068
3122.86636 18.596 0.068
3125.92712 18.652 0.071
3126.81995 18.832 0.057
3127.90602 18.743 0.063
3128.89537 18.829 0.077
3130.77287 18.698 0.066
3131.63822 18.933 0.157
3134.90835 18.792 0.175
3135.79321 18.762 0.057
3137.84562 18.578 0.064
3138.73034 18.743 0.060
3140.70207 18.594 0.048
3140.93590 18.819 0.080
3141.76716 18.650 0.045
3142.84147 18.964 0.070
3144.85940 18.651 0.055
3146.92915 18.708 0.058
3151.83470 18.744 0.068
3152.83310 18.701 0.063
3153.83164 18.742 0.072
3154.92653 18.623 0.073
3157.93734 18.926 0.124
3158.72241 18.934 0.088
3162.86946 18.895 0.077
3163.83177 18.807 0.059
3164.81749 18.761 0.064
3165.67370 18.639 0.042
3167.68030 18.912 0.076
3168.83060 18.752 0.056
3169.86063 18.620 0.063
3170.88606 18.837 0.060
3171.73343 18.785 0.049
3173.81779 18.671 0.057
3174.78504 18.579 0.049
3175.86597 18.655 0.060
3177.84162 18.584 0.082
3179.58450 18.727 0.058
3179.88632 18.784 0.081
3180.80288 18.860 0.053
3180.85898 18.589 0.047
3180.88101 18.670 0.052
3180.89619 18.693 0.070
3182.50331 18.761 0.112
3182.59802 18.822 0.080
3182.67912 18.629 0.052
3182.78838 18.651 0.055
3182.86314 18.584 0.052
3183.57103 18.734 0.049
3183.72349 18.682 0.069
3183.81892 18.752 0.097
3184.49165 18.911 0.090
3184.62951 18.783 0.050
3184.77758 18.696 0.056
3185.63240 18.770 0.053
3191.79440 18.694 0.063
3193.62767 18.890 0.064
3194.52737 18.661 0.073
3194.81811 18.759 0.064
3195.75129 18.777 0.051
3196.60414 18.614 0.081
3196.84693 18.740 0.069
3197.79266 18.850 0.072
3199.79290 18.568 0.080
3201.83993 18.864 0.104
3202.78375 18.670 0.055
3203.61283 18.665 0.039
3204.76092 18.650 0.052
3205.69122 18.678 0.046
3210.58845 18.795 0.059
3211.75469 18.702 0.070
3217.73062 18.852 0.088
3218.74159 18.620 0.085
3226.72528 18.647 0.076
3228.69611 18.874 0.079
3229.72686 18.520 0.056
3230.74273 18.618 0.068
3231.67002 18.688 0.071
3238.69456 18.614 0.082
3240.54449 18.783 0.071
3245.65639 18.696 0.077
3247.51848 18.656 0.051
3249.63773 18.634 0.066
3251.53321 18.504 0.066
3254.61474 18.700 0.073
3257.55265 18.888 0.055
3260.61225 18.776 0.094
3265.55109 18.937 0.083
3267.60931 18.780 0.072
3273.50830 18.583 0.090
3277.52772 18.772 0.078
3280.52958 18.715 0.077
3282.59931 18.611 0.047
3289.53343 18.547 0.065
3294.52868 18.816 0.064
3296.52783 18.754 0.078
3302.52498 18.655 0.088
3418.86777 18.857 0.063
3424.85146 18.777 0.087
3427.85336 18.771 0.074
3430.83493 18.669 0.056
3436.88159 18.637 0.066
3443.85270 18.804 0.050
3445.88115 18.642 0.040
3448.78776 18.647 0.066
3450.80511 18.619 0.041
3453.84854 18.818 0.067
3455.91831 18.706 0.066
3458.88378 18.611 0.051
3459.89900 18.778 0.057
3468.88247 18.727 0.048
3469.88515 18.670 0.040
3472.87002 18.844 0.052
3474.80369 18.873 0.065
3476.78031 18.673 0.043
3478.87566 18.574 0.043
3480.89151 18.875 0.064
3483.82614 18.709 0.052
3496.93322 18.765 0.079
3497.90647 18.759 0.063
3500.91549 18.784 0.057
3502.89973 18.637 0.050
3503.88058 18.624 0.042
3506.94002 18.636 0.066
3508.91733 18.781 0.080
3509.90012 18.800 0.050
3511.92367 18.821 0.057
3512.91683 19.000 0.091
3520.67585 18.551 0.051
3521.80657 18.651 0.055
3522.87424 18.694 0.059
3524.86545 18.627 0.059
3527.64873 19.036 0.069
3527.73418 18.631 0.039
3528.89310 18.612 0.060
3530.87138 18.834 0.045
3530.90277 18.725 0.047
3538.86092 18.966 0.069
3541.89505 18.797 0.083
3544.89247 18.781 0.096
3547.85984 18.789 0.071
3550.83667 18.804 0.065
3551.84870 18.989 0.071
3552.84403 18.726 0.064
3554.84705 18.638 0.060
3558.63203 18.658 0.048
3559.64047 18.788 0.047
3560.71679 18.646 0.048
3561.63836 18.837 0.054
3562.67165 18.612 0.047
3563.73612 18.815 0.065
3569.66407 18.526 0.115
3573.79447 18.966 0.096
3574.76667 19.059 0.105
3575.70861 18.881 0.054
3576.77526 18.613 0.065
3579.69826 18.809 0.055
3580.75993 18.738 0.096
3581.74778 18.736 0.067
3582.69669 18.684 0.051
3583.71489 18.949 0.076
3584.71888 18.853 0.059
3585.71741 18.634 0.046
3586.77145 18.954 0.063
3590.75717 18.747 0.068
3591.74225 19.020 0.069
3592.71651 18.804 0.051
3602.73370 18.851 0.127
3603.72869 18.897 0.085
3608.70528 18.819 0.063
3615.66297 18.751 0.066
3617.62458 18.516 0.056
3619.62173 18.806 0.067
3621.66338 18.895 0.082
3629.54765 18.986 0.066
3631.57650 18.484 0.058
3634.53225 18.855 0.061
3640.53543 18.817 0.085
3644.61073 18.903 0.080
3649.58665 18.594 0.058
3652.56061 18.638 0.088
3656.55338 18.781 0.091
3660.55757 18.638 0.083
3665.54385 18.808 0.080
3671.49676 18.811 0.112
3778.85032 19.014 0.100
3783.88926 18.688 0.050
3786.87495 18.865 0.110
3792.89437 18.648 0.055
3794.89347 18.859 0.059
3796.88530 18.705 0.056
3797.88493 18.737 0.049
3800.86598 18.823 0.074
3802.81287 18.655 0.053
3803.84552 18.906 0.061
3804.89270 18.872 0.072
3806.90517 18.777 0.054
3808.89013 18.653 0.052
3810.80619 18.644 0.064
3812.79231 18.748 0.076
3814.78326 18.728 0.060
3818.84811 18.645 0.051
3819.90755 18.755 0.043
3820.89981 18.680 0.045
3821.91117 18.750 0.044
3823.90806 18.757 0.049
3824.91808 18.745 0.088
3825.91011 18.855 0.068
3826.90922 18.929 0.066
3827.90931 18.729 0.057
3829.91741 18.732 0.047
3830.88663 18.745 0.047
3832.91154 18.755 0.061
3833.90804 18.690 0.051
3834.82511 18.609 0.042
3835.88440 18.893 0.050
3836.88699 18.810 0.052
3837.86577 18.749 0.051
3838.86992 18.615 0.053
3839.88894 18.817 0.077
3840.87294 18.828 0.057
3841.85633 18.720 0.053
3842.77018 18.969 0.082
3845.86269 18.595 0.127
3846.86459 18.642 0.042
3847.91074 18.827 0.072
3848.88045 19.006 0.089
3849.90939 18.645 0.053
3850.82945 18.825 0.060
3851.83578 18.627 0.063
3852.82788 18.785 0.060
3853.81716 18.913 0.050
3856.80578 18.592 0.050
3860.86121 18.974 0.086
3861.87649 18.777 0.053
3862.82008 18.758 0.055
3863.79787 18.816 0.051
3864.82178 18.704 0.040
3865.78417 18.878 0.065
3866.74984 18.753 0.050
3867.76071 18.908 0.069
3868.75197 18.819 0.074
3869.73452 18.737 0.067
3873.73716 18.702 0.048
3874.78400 18.798 0.067
3875.76728 18.808 0.047
3877.72559 18.772 0.051
3880.79298 18.776 0.051
3881.80089 18.702 0.046
3882.73586 18.567 0.051
3883.78784 18.888 0.066
3886.75118 18.753 0.051
3887.73100 18.748 0.055
3889.89272 18.793 0.057
3891.62434 18.630 0.076
3892.76004 18.810 0.065
3893.79382 18.698 0.070
3894.82780 18.776 0.079
3896.78128 18.763 0.089
3900.67503 18.512 0.067
3901.68052 18.742 0.053
3902.69809 19.021 0.065
3903.84613 18.745 0.056
3904.67786 18.741 0.039
3905.68865 18.691 0.047
3906.66641 18.877 0.068
3907.73244 18.776 0.085
3908.67241 18.805 0.048
3909.67045 18.689 0.039
3912.67453 18.706 0.036
3913.67477 18.625 0.043
3914.73421 18.868 0.055
3915.67164 18.858 0.047
3916.75335 18.618 0.064
3917.77057 19.060 0.094
3918.77084 18.690 0.059
3919.70105 18.771 0.049
3920.65468 18.834 0.067
3921.66318 18.676 0.075
3930.52131 18.527 0.053
3930.72483 18.785 0.074
3931.64099 18.785 0.059
3932.60484 18.698 0.042
3933.65231 18.684 0.040
3934.61876 18.883 0.055
3934.82768 18.704 0.060
3935.59977 18.703 0.052
3936.58482 18.685 0.061
3937.66362 18.686 0.051
3938.62981 18.748 0.058
3940.77386 18.859 0.058
3944.72213 18.873 0.052
3945.66621 18.778 0.051
3946.65699 18.631 0.049
3950.67233 18.712 0.046
3951.69471 18.709 0.063
3959.64400 18.609 0.053
3960.63510 18.717 0.046
3963.64047 18.668 0.050
3964.67666 18.810 0.054
3965.65142 18.961 0.057
3966.64587 18.852 0.056
3967.66934 18.644 0.046
3968.62889 18.615 0.051
3969.63931 18.857 0.064
3970.64609 18.872 0.063
3971.67739 18.676 0.050
3974.64321 18.870 0.067
3975.63575 18.755 0.058
3976.62969 18.656 0.054
3979.66664 18.649 0.098
3986.67824 18.725 0.097
3987.62702 18.783 0.064
3988.66084 18.756 0.074
3989.57726 18.697 0.069
3991.57871 18.741 0.064
3995.52653 18.768 0.060
4001.59684 18.880 0.063
4002.63245 18.656 0.057
4003.58689 18.776 0.058
4011.57021 18.664 0.068
4016.54005 18.749 0.093
4017.57291 19.038 0.091
4019.58104 18.827 0.098
4023.56382 18.683 0.083
4025.51537 18.667 0.063
4027.52311 18.773 0.076
4030.51518 18.781 0.092
4152.88992 18.660 0.098
4155.86980 18.685 0.066
4158.83154 18.706 0.068
4160.89856 18.716 0.094
4162.88231 18.764 0.073
4165.86663 18.683 0.075
4167.85959 18.822 0.077
4169.86200 18.634 0.055
4174.87598 18.831 0.065
4176.85329 18.703 0.061
4177.91022 18.772 0.078
4179.80447 18.620 0.052
4180.87303 18.654 0.076
4182.78140 18.651 0.054
4183.81835 18.675 0.056
4185.79415 18.768 0.061
4190.89215 18.766 0.061
4192.89635 18.582 0.051
4193.90738 18.593 0.052
4196.88698 18.627 0.054
4202.89862 18.683 0.054
4203.88678 18.853 0.055
4204.89358 18.687 0.051
4205.88243 18.719 0.056
4207.90632 18.848 0.063
4208.91580 18.572 0.049
4213.88730 18.660 0.057
4216.84595 18.759 0.060
4217.86884 18.668 0.042
4218.91254 18.692 0.057
4220.89947 18.589 0.079
4222.85946 18.671 0.063
4228.86038 18.746 0.081
4229.82629 18.774 0.058
4230.80696 18.786 0.052
4231.84926 18.622 0.054
4232.87020 18.903 0.106
4234.80764 18.841 0.059
4234.84510 18.672 0.056
4235.82872 18.632 0.047
4237.64561 18.692 0.072
4238.83326 18.675 0.086
4240.62703 18.671 0.088
4243.87962 18.607 0.073
4244.89029 18.799 0.086
4245.92940 18.617 0.057
4246.93370 18.788 0.095
4247.59078 18.799 0.060
4256.81834 18.544 0.085
4257.70224 18.845 0.077
4258.80476 18.694 0.075
4268.58579 18.705 0.068
4269.72620 18.836 0.057
4272.64743 18.695 0.058
4273.69485 18.771 0.068
4274.67869 18.767 0.065
4275.73547 18.721 0.070
4277.57635 18.899 0.090
4278.70971 18.822 0.093
4283.65653 18.897 0.072
4284.63794 18.773 0.070
4285.64491 18.627 0.075
4286.73863 18.752 0.082
4289.68844 18.670 0.071
4291.57820 18.594 0.075
4292.62331 18.820 0.057
4293.65171 18.713 0.050
4294.69227 18.621 0.056
4295.65292 18.829 0.054
4296.63575 18.743 0.051
4297.56297 18.707 0.050
4299.76468 18.663 0.049
4300.70081 18.674 0.054
4301.56393 18.724 0.053
4302.79789 18.640 0.068
4306.55494 18.790 0.088
4311.59744 18.552 0.086
4312.66472 18.886 0.063
4317.65179 18.743 0.070
4319.66074 18.656 0.069
4326.66991 18.655 0.057
4327.70554 18.737 0.081
4328.64031 18.782 0.064
4329.63111 18.722 0.075
4330.64494 18.652 0.052
4331.64036 18.635 0.058
4332.69499 18.874 0.085
4333.64414 19.012 0.111
4334.65762 18.689 0.147
4338.67722 18.657 0.089
4339.64716 18.625 0.076
4340.71036 18.875 0.105
4341.69183 18.608 0.095
4342.68828 18.680 0.080
4343.65807 18.548 0.068
4345.65794 18.855 0.104
4346.66311 18.687 0.082
4347.67724 18.627 0.067
4349.65228 18.805 0.073
4350.67685 18.758 0.072
4351.64773 18.651 0.068
4354.65648 18.686 0.074
4357.59450 18.606 0.072
4359.56800 18.779 0.067
4365.61294 18.616 0.085
4368.61248 18.793 0.117
4370.56810 18.677 0.057
4372.60092 18.855 0.081
4377.56164 18.618 0.077
4381.60405 18.805 0.129
4517.89550 18.717 0.090
4520.88763 18.639 0.071
4523.86779 18.573 0.064
4525.86249 18.651 0.098
4532.89069 18.615 0.059
4535.85285 18.528 0.067
4537.80281 18.581 0.052
4539.80762 18.731 0.058
4541.83948 18.553 0.052
4543.82921 18.739 0.053
4544.82605 18.725 0.064
4545.84363 18.702 0.055
4547.81744 18.730 0.058
4547.83714 18.867 0.066
4547.90204 18.650 0.056
4548.79001 18.787 0.100
4548.88075 18.692 0.093
4550.75693 18.645 0.086
4550.81641 18.552 0.068
4551.72938 18.563 0.068
4552.80650 18.848 0.082
4556.89825 18.672 0.045
4557.92424 18.758 0.076
4558.89331 18.893 0.057
4559.88835 18.691 0.052
4560.88852 18.707 0.049
4561.87757 18.642 0.039
4564.88173 18.686 0.047
4565.87132 18.617 0.036
4566.87257 18.693 0.047
4567.87812 18.772 0.051
4568.91031 18.741 0.055
4569.89638 18.719 0.054
4570.90200 18.886 0.074
4571.86358 18.773 0.052
4572.90217 18.701 0.060
4573.87721 18.667 0.043
4574.88571 18.756 0.064
4575.89699 18.759 0.057
4583.86722 18.829 0.066
4585.85094 18.699 0.052
4586.86973 18.736 0.065
4587.88161 18.748 0.086
4588.77185 18.615 0.051
4589.74117 18.744 0.063
4590.82083 18.703 0.054
4591.73365 18.839 0.063
4592.80719 18.708 0.067
4593.79267 18.743 0.056
4594.82099 18.780 0.058
4594.93730 18.788 0.091
4595.81181 18.737 0.055
4596.76744 18.688 0.047
4596.89127 18.776 0.065
4596.92675 18.621 0.054
4597.75045 18.639 0.051
4597.82933 18.900 0.068
4598.64715 18.764 0.051
4598.79883 18.830 0.048
4599.77802 18.731 0.049
4600.80043 18.642 0.040
4601.78901 18.717 0.049
4602.79266 18.829 0.054
4606.85449 18.598 0.060
4611.77005 18.955 0.099
4616.76221 18.744 0.051
4618.66662 18.815 0.071
4622.74537 18.691 0.059
4623.81842 18.600 0.060
4624.75720 18.630 0.060
4625.56975 18.753 0.090
4625.74018 18.630 0.064
4626.80221 18.745 0.063
4627.71944 18.683 0.042
4628.70829 18.611 0.047
4629.77781 18.552 0.047
4630.71698 18.642 0.045
4631.73283 18.637 0.042
4632.76666 18.874 0.063
4633.90209 18.783 0.110
4639.85479 18.579 0.111
4641.89691 18.888 0.114
4642.54266 18.872 0.083
4643.69970 18.682 0.056
4644.78923 18.773 0.061
4645.70183 18.707 0.066
4646.66875 18.756 0.052
4647.69073 18.751 0.061
4649.67521 18.683 0.052
4650.71337 18.770 0.066
4651.71391 18.657 0.059
4652.64649 18.785 0.061
4653.66030 18.730 0.054
4654.67873 18.686 0.057
4655.67939 18.824 0.053
4656.64578 18.758 0.064
4658.80309 18.573 0.087
4661.63547 18.570 0.049
4666.50668 18.690 0.075
4671.69175 18.720 0.061
4672.65157 18.694 0.068
4674.67948 18.761 0.068
4677.72365 18.694 0.069
4681.70759 18.692 0.069
4682.70520 18.759 0.055
4683.66125 18.677 0.063
4684.68001 18.728 0.067
4684.77316 18.651 0.078
4685.70581 18.581 0.055
4687.69405 18.708 0.074
4688.63997 18.754 0.059
4694.72405 18.755 0.111
4697.64881 18.777 0.087
4698.66695 18.685 0.078
4700.66217 18.749 0.073
4701.64549 18.824 0.078
4702.65994 18.691 0.068
4708.68156 18.676 0.067
4715.64264 18.610 0.075
4720.64829 18.716 0.125
4721.65607 19.068 0.141
4722.64632 18.757 0.085
4725.61922 18.809 0.097
4726.64744 18.846 0.097
4733.60851 18.701 0.079
4739.50125 18.648 0.064
4750.55059 18.693 0.097
4757.55744 18.831 0.073
4763.53378 18.699 0.074
4877.87391 18.801 0.058
4883.88779 18.663 0.082
4886.85451 18.913 0.083
4890.82704 18.932 0.075
4894.87801 18.894 0.100
4898.89003 18.761 0.060
4900.85678 18.647 0.055
4901.90841 18.922 0.070
4902.83400 18.768 0.059
4903.89667 18.774 0.061
4904.86216 18.655 0.058
4911.89737 18.673 0.043
4913.91081 18.750 0.057
4924.90541 18.672 0.049
4928.81216 18.718 0.076
4930.74763 18.766 0.072
4931.88974 18.685 0.059
4932.79759 18.791 0.064
4933.74520 18.723 0.075
4934.84345 18.665 0.057
4938.85195 18.585 0.057
4940.79668 18.606 0.054
4941.84849 18.632 0.061
4942.87453 18.738 0.055
4943.73110 18.740 0.050
4944.79600 18.722 0.052
4949.81047 18.864 0.063
4950.71168 18.615 0.051
4951.79441 18.647 0.054
4951.83544 18.716 0.067
4953.73998 18.559 0.049
