2125.58113 13.020 0.005
2129.66049 13.017 0.005
2132.60303 12.997 0.005
2135.74127 13.024 0.005
2144.59054 13.035 0.005
2160.57200 13.052 0.005
2187.54890 13.031 0.005
2206.54347 13.030 0.005
2331.88481 13.015 0.005
2355.85917 13.038 0.005
2364.91659 13.053 0.005
2372.81736 13.054 0.005
2403.87520 13.005 0.005
2414.75550 13.033 0.005
2416.79086 13.036 0.005
2428.78565 13.050 0.005
2432.83016 13.059 0.005
2434.69605 13.052 0.005
2436.75210 13.056 0.005
2438.72191 13.055 0.005
2440.75511 13.050 0.005
2443.72397 13.055 0.005
2445.60496 13.043 0.005
2448.60147 13.043 0.005
2453.85012 13.032 0.005
2456.55795 13.034 0.005
2458.69395 13.024 0.005
2460.76634 13.023 0.005
2463.51553 13.024 0.005
2466.72815 13.016 0.005
2468.59762 13.024 0.005
2470.60093 13.024 0.005
2484.59573 13.050 0.005
2486.68851 13.048 0.005
2490.65502 13.060 0.005
2493.61720 13.052 0.005
2495.68856 13.056 0.005
2497.77252 13.060 0.005
2498.48197 13.065 0.005
2502.53949 13.055 0.005
2508.63882 13.055 0.005
2512.58623 13.049 0.005
2517.62813 13.033 0.005
2520.55493 13.030 0.005
2526.64395 13.023 0.005
2537.62360 13.014 0.005
2542.49097 13.024 0.005
2547.55838 13.037 0.005
2551.59584 13.051 0.005
2556.54926 13.048 0.005
2564.50649 13.055 0.005
2575.50503 13.043 0.005
2706.89530 13.047 0.005
2714.87558 13.060 0.005
2728.90664 13.028 0.005
2733.88779 13.015 0.005
2744.87489 13.034 0.005
2753.86056 13.039 0.005
2756.93066 13.023 0.005
2760.87362 13.048 0.005
2766.92680 13.055 0.005
2770.79758 13.048 0.005
2783.74220 13.014 0.005
2785.85417 13.027 0.005
2786.90755 13.031 0.005
2789.71780 12.993 0.005
2791.69897 13.022 0.005
2794.91838 13.002 0.005
2796.78481 13.016 0.005
2809.69097 13.012 0.005
2810.85784 13.017 0.005
2811.89101 13.023 0.005
2813.68640 13.036 0.005
2816.57172 13.033 0.005
2818.55919 13.037 0.005
2820.72433 13.044 0.005
2826.72481 13.048 0.005
2826.73851 13.046 0.005
2834.76589 13.046 0.005
2836.70573 13.047 0.005
2837.60302 13.048 0.005
2839.65128 13.051 0.005
2841.67542 13.054 0.005
2843.59958 13.045 0.005
2843.61176 13.044 0.005
2843.62514 13.048 0.005
2843.64487 13.050 0.005
2843.65875 13.039 0.005
2843.66764 13.046 0.005
2843.68229 13.046 0.005
2845.62893 13.035 0.005
2850.48651 13.013 0.005
2852.50179 13.031 0.005
2854.49940 13.026 0.005
2856.68910 13.027 0.005
2858.65447 13.026 0.005
2862.58106 13.022 0.005
2865.69035 13.016 0.005
2868.57018 13.016 0.005
2871.67734 13.013 0.005
2874.57190 13.016 0.005
2876.56097 13.025 0.005
2879.60512 13.022 0.005
2885.50002 13.043 0.005
2894.60783 13.058 0.005
2898.59271 13.065 0.005
2904.56547 13.065 0.005
2909.56003 13.055 0.005
2917.59994 13.041 0.005
2930.54254 13.019 0.005
2952.51943 13.038 0.005
3058.87068 13.021 0.005
3063.89428 13.022 0.005
3067.86914 13.014 0.005
3070.82910 13.015 0.005
3072.90790 12.990 0.005
3075.80479 13.005 0.005
3079.86122 12.983 0.005
3082.82410 13.027 0.005
3084.87970 13.026 0.005
3086.81374 13.027 0.005
3088.77143 13.029 0.005
3089.88070 13.032 0.005
3091.79789 13.032 0.005
3096.83538 13.041 0.005
3098.88278 13.037 0.005
3100.83319 13.042 0.005
3102.79653 13.045 0.005
3103.86732 13.044 0.005
3106.80425 13.035 0.005
3108.74176 13.039 0.005
3109.76842 13.045 0.005
3110.80789 13.044 0.005
3111.84189 13.042 0.005
3112.81520 13.037 0.005
3113.84906 13.039 0.005
3114.75917 13.050 0.005
3115.84173 13.033 0.005
3118.90322 13.030 0.005
3122.88671 13.032 0.005
3125.84326 13.022 0.005
3126.87259 13.021 0.005
3127.77820 13.020 0.005
3128.79655 13.017 0.005
3129.77120 13.016 0.005
3131.65884 13.013 0.005
3134.73900 13.011 0.005
3134.85647 13.014 0.005
3135.83944 13.011 0.005
3137.91499 13.009 0.005
3138.79926 13.015 0.005
3139.84348 13.015 0.005
3140.85087 13.015 0.005
3142.74304 13.006 0.005
3144.76367 13.018 0.005
3146.74174 13.023 0.005
3151.72590 13.034 0.005
3152.72971 13.039 0.005
3152.94306 13.039 0.005
3153.73366 13.037 0.005
3154.79465 13.041 0.005
3156.79361 13.041 0.005
3158.85226 13.046 0.005
3162.78870 13.051 0.005
3163.74999 13.055 0.005
3164.70832 13.054 0.005
3165.77958 13.057 0.005
3166.87114 13.055 0.005
3168.56722 13.052 0.005
3168.90547 13.052 0.005
3169.70211 13.057 0.005
3170.77979 13.051 0.005
3171.87494 13.057 0.005
3172.72289 13.058 0.005
3174.68586 13.038 0.005
3175.69517 13.054 0.005
3176.73819 13.050 0.005
3178.75633 13.044 0.005
3179.76933 13.042 0.005
3180.68205 13.037 0.005
3182.74925 13.040 0.005
3183.70778 13.048 0.005
3184.67521 13.039 0.005
3185.83985 13.023 0.005
3193.50900 13.017 0.005
3194.61845 13.018 0.005
3195.67490 13.017 0.005
3196.71864 13.014 0.005
3197.61859 13.017 0.005
3199.76338 13.013 0.005
3202.51420 13.012 0.005
3203.63522 13.012 0.005
3204.59610 13.008 0.005
3205.73783 13.013 0.005
3206.64543 13.013 0.005
3209.68850 13.020 0.005
3210.63354 13.016 0.005
3217.62793 13.034 0.005
3218.62740 13.026 0.005
3219.73139 13.034 0.005
3223.62472 13.045 0.005
3224.67445 13.047 0.005
3226.58768 13.051 0.005
3228.57583 13.044 0.005
3229.61899 13.041 0.005
3230.64256 13.045 0.005
3231.54357 13.042 0.005
3232.57221 13.042 0.005
3238.59315 13.047 0.005
3239.55291 13.049 0.005
3240.62962 13.039 0.005
3241.62866 13.061 0.005
3245.52305 13.045 0.005
3246.63514 13.046 0.005
3247.65060 13.044 0.005
3249.50218 13.037 0.005
3250.62977 13.042 0.005
3253.62304 13.032 0.005
3256.60596 13.031 0.005
3259.59818 13.024 0.005
3267.50519 13.016 0.005
3272.56413 13.019 0.005
3274.60457 13.015 0.005
3278.57632 13.025 0.005
3281.55707 13.028 0.005
3293.49344 13.045 0.005
3295.49793 13.050 0.005
3299.50132 13.054 0.005
3312.51635 13.052 0.005
3416.87733 13.025 0.005
3421.87409 13.038 0.005
3425.89707 13.046 0.005
3428.88957 13.053 0.005
3432.86314 13.055 0.005
3442.86382 13.056 0.005
3445.78008 13.050 0.005
3447.82986 13.045 0.005
3449.84271 13.043 0.005
3452.86336 13.030 0.005
3454.91686 13.031 0.005
3458.77594 13.015 0.005
3459.82359 13.015 0.005
3468.85236 13.008 0.005
3469.85932 13.005 0.005
3471.89272 13.020 0.005
3473.85481 13.011 0.005
3474.87820 13.004 0.005
3476.75094 13.011 0.005
3478.76667 13.019 0.005
3479.90397 13.017 0.005
3481.79462 13.018 0.005
3484.75040 13.026 0.005
3496.70065 13.043 0.005
3497.76627 13.039 0.005
3499.72379 13.037 0.005
3500.70661 13.036 0.005
3501.74464 13.038 0.005
3502.74316 13.040 0.005
3503.66985 13.051 0.005
3506.86052 13.042 0.005
3508.72701 13.050 0.005
3509.75751 13.043 0.005
3510.90417 13.046 0.005
3511.80966 13.033 0.005
3512.83836 13.039 0.005
3517.83280 13.033 0.005
3520.79004 13.035 0.005
3522.71602 13.030 0.005
3523.77711 13.031 0.005
3524.67923 13.028 0.005
3525.67335 13.013 0.005
3526.72608 13.023 0.005
3527.75991 13.026 0.005
3528.70087 13.018 0.005
3529.65879 13.018 0.005
3530.66685 13.021 0.005
3538.64510 13.017 0.005
3540.63234 13.010 0.005
3544.83205 13.020 0.005
3547.76359 13.027 0.005
3550.61046 13.026 0.005
3551.61281 13.027 0.005
3552.64427 13.025 0.005
3553.76920 13.040 0.005
3554.72253 13.035 0.005
3555.78679 13.046 0.005
3556.69888 13.035 0.005
3558.50970 13.047 0.005
3558.80837 13.046 0.005
3559.59128 13.044 0.005
3560.57967 13.050 0.005
3561.52380 13.054 0.005
3562.56442 13.051 0.005
3562.81579 13.051 0.005
3563.61867 13.050 0.005
3564.60034 13.052 0.005
3569.53718 13.060 0.005
3573.62758 13.057 0.005
3574.66854 13.059 0.005
3575.51613 13.055 0.005
3576.67008 13.053 0.005
3577.73773 13.055 0.005
3578.64294 13.061 0.005
3579.60026 13.050 0.005
3579.76795 13.049 0.005
3580.63004 13.044 0.005
3581.65349 13.046 0.005
3582.60158 13.043 0.005
3583.61557 13.046 0.005
3584.62433 13.040 0.005
3585.61465 13.040 0.005
3586.66037 13.038 0.005
3589.65306 13.028 0.005
3590.62195 13.028 0.005
3592.63844 13.032 0.005
3594.68686 13.023 0.005
3601.62902 13.011 0.005
3602.64509 13.017 0.005
3603.61913 13.017 0.005
3607.61746 13.015 0.005
3608.63235 13.016 0.005
3615.56010 13.027 0.005
3616.56756 13.032 0.005
3618.54423 13.037 0.005
3619.56886 13.035 0.005
3621.56849 13.042 0.005
3628.54237 13.047 0.005
3629.62703 13.050 0.005
3631.51193 13.050 0.005
3633.52503 13.059 0.005
3637.62121 13.054 0.005
3639.57473 13.053 0.005
3641.52690 13.054 0.005
3644.48723 13.056 0.005
3648.51912 13.047 0.005
3650.55652 13.049 0.005
3654.52833 13.044 0.005
3655.50700 13.036 0.005
3657.51450 13.042 0.005
3660.50864 13.038 0.005
3662.51388 13.035 0.005
3666.54138 13.035 0.005
3776.84916 13.069 0.005
3784.85920 13.059 0.005
3794.85356 13.033 0.005
3796.84127 13.035 0.005
3797.84518 13.032 0.005
3798.89318 13.034 0.005
3801.81678 13.030 0.005
3803.80578 13.030 0.005
3804.85312 13.022 0.005
3805.89357 13.023 0.005
3807.88187 13.028 0.005
3809.79626 13.028 0.005
3811.87481 13.029 0.005
3812.90652 13.032 0.005
3817.89319 13.035 0.005
3818.91389 13.033 0.005
3820.85991 13.043 0.005
3821.86992 13.048 0.005
3822.76894 13.044 0.005
3823.87822 13.038 0.005
3824.87481 13.050 0.005
3826.87927 13.057 0.005
3828.88160 13.059 0.005
3829.86835 13.059 0.005
3832.87150 13.058 0.005
3833.83852 13.060 0.005
3834.88743 13.062 0.005
3835.83077 13.060 0.005
3836.84330 13.060 0.005
3837.82581 13.065 0.005
3838.82981 13.068 0.005
3839.84190 13.070 0.005
3840.83295 13.068 0.005
3841.81180 13.058 0.005
3845.81520 13.070 0.005
3846.82485 13.058 0.005
3848.84034 13.053 0.005
3849.85365 13.053 0.005
3850.78969 13.054 0.005
3851.79601 13.054 0.005
3852.78450 13.046 0.005
3853.77719 13.012 0.005
3856.76602 13.038 0.005
3858.82992 13.036 0.005
3860.82068 13.035 0.005
3861.83497 13.024 0.005
3862.77899 13.025 0.005
3863.71874 13.025 0.005
3864.77984 13.022 0.005
3865.74420 13.024 0.005
3866.77264 13.022 0.005
3867.70954 13.019 0.005
3868.77558 13.023 0.005
3869.76198 13.018 0.005
3873.76283 13.016 0.005
3874.80743 13.023 0.005
3875.72247 13.017 0.005
3877.75209 13.018 0.005
3880.74933 13.019 0.005
3881.75752 13.020 0.005
3882.69558 13.027 0.005
3883.73698 13.028 0.005
3886.70785 13.033 0.005
3887.69092 13.035 0.005
3889.84926 13.043 0.005
3891.57818 13.043 0.005
3892.85010 13.043 0.005
3893.73486 13.055 0.005
3894.77742 13.051 0.005
3896.72570 13.048 0.005
3900.62859 13.051 0.005
3901.64048 13.057 0.005
3902.65837 13.056 0.005
3903.78371 13.058 0.005
3904.63809 13.050 0.005
3905.64505 13.051 0.005
3906.62662 13.057 0.005
3907.68770 13.059 0.005
3908.62627 13.050 0.005
3909.63066 13.055 0.005
3912.63100 13.044 0.005
3913.62856 13.050 0.005
3914.64265 13.049 0.005
3915.62545 13.054 0.005
3916.70720 13.054 0.005
3917.71990 13.060 0.005
3918.72094 13.052 0.005
3919.65417 13.054 0.005
3920.60627 13.044 0.005
3921.61974 13.049 0.005
3930.68203 13.034 0.005
3931.60114 13.032 0.005
3931.78429 13.028 0.005
3932.62860 13.020 0.005
3933.60832 13.030 0.005
3934.57896 13.023 0.005
3935.65616 13.026 0.005
3936.60776 13.033 0.005
3936.79600 13.027 0.005
3937.72448 13.029 0.005
3938.58541 13.022 0.005
3940.72564 13.027 0.005
3944.67037 13.033 0.005
3945.61874 13.027 0.005
3946.61251 13.036 0.005
3950.61807 13.040 0.005
3951.64552 13.047 0.005
3956.65238 13.058 0.005
3957.60707 13.054 0.005
3958.67238 13.060 0.005
3959.60265 13.056 0.005
3960.59090 13.062 0.005
3963.55998 13.061 0.005
3964.62313 13.071 0.005
3965.60887 13.070 0.005
3966.60379 13.067 0.005
3967.63020 13.076 0.005
3968.58642 13.074 0.005
3969.59404 13.074 0.005
3970.60693 13.083 0.005
3971.63695 13.086 0.005
3973.66650 13.074 0.005
3974.60115 13.077 0.005
3975.59654 13.071 0.005
3976.59052 13.067 0.005
3979.61697 13.064 0.005
3982.64556 13.066 0.005
3987.58676 13.052 0.005
3988.60398 13.048 0.005
3990.58798 13.047 0.005
3994.53789 13.043 0.005
3995.66560 13.042 0.005
3996.51366 13.042 0.005
4000.59923 13.030 0.005
4002.59320 13.031 0.005
4003.54764 13.031 0.005
4005.64349 13.030 0.005
4006.61235 13.033 0.005
4011.52646 13.031 0.005
4015.55583 13.038 0.005
4017.53347 13.040 0.005
4019.53521 13.050 0.005
4021.53796 13.069 0.005
4024.56745 13.050 0.005
4026.56305 13.059 0.005
4029.52170 13.068 0.005
4149.86541 13.028 0.005
4155.82485 13.058 0.005
4157.87705 13.056 0.005
4159.89001 13.062 0.005
4162.83741 13.061 0.005
4164.87714 13.046 0.005
4166.89296 13.071 0.005
4169.80743 13.068 0.005
4174.81504 13.062 0.005
4176.80797 13.065 0.005
4177.86170 13.067 0.005
4178.90447 13.069 0.005
4180.80184 13.065 0.005
4181.89147 13.066 0.005
4183.77353 13.066 0.005
4184.84120 13.054 0.005
4187.92276 13.061 0.005
4190.83921 13.054 0.005
4192.85178 13.050 0.005
4193.86262 13.051 0.005
4194.88430 13.041 0.005
4196.87284 13.041 0.005
4202.85406 13.018 0.005
4203.84220 13.009 0.005
4204.83769 13.021 0.005
4205.83278 13.022 0.005
4207.84136 13.008 0.005
4208.85838 13.027 0.005
4213.83365 13.027 0.005
4215.83987 13.036 0.005
4216.79762 13.040 0.005
4217.80541 13.034 0.005
4218.86037 13.049 0.005
4219.89615 13.048 0.005
4220.83304 13.050 0.005
4222.79623 13.037 0.005
4224.91837 13.061 0.005
4228.79050 13.057 0.005
4229.77524 13.059 0.005
4230.75900 13.046 0.005
4231.76131 13.059 0.005
4232.77282 13.067 0.005
4234.67627 13.066 0.005
4235.73457 13.068 0.005
4238.78459 13.081 0.005
4239.76961 13.074 0.005
4240.91030 13.068 0.005
4243.80360 13.068 0.005
4244.77847 13.073 0.005
4245.76924 13.068 0.005
4246.82699 13.064 0.005
4250.85238 13.063 0.005
4256.68929 13.051 0.005
4258.69792 13.047 0.005
4267.66318 13.027 0.005
4268.83385 13.032 0.005
4269.64169 13.026 0.005
4272.69219 13.018 0.005
4273.74139 13.024 0.005
4274.54204 13.025 0.005
4275.69281 13.028 0.005
4277.65020 13.029 0.005
4278.66620 13.032 0.005
4283.61148 13.034 0.005
4284.59550 13.036 0.005
4285.60220 13.043 0.005
4286.59836 13.031 0.005
4289.63326 13.050 0.005
4290.66471 13.050 0.005
4291.71949 13.046 0.005
4292.58090 13.031 0.005
4293.60819 13.029 0.005
4294.58006 13.053 0.005
4295.60526 13.052 0.005
4296.58883 13.047 0.005
4298.62694 13.054 0.005
4299.59725 13.043 0.005
4300.49573 13.051 0.005
4301.67599 13.048 0.005
4302.65826 13.062 0.005
4304.63307 13.064 0.005
4306.62402 13.057 0.005
4310.72480 13.064 0.005
4312.61901 13.060 0.005
4315.62915 13.056 0.005
4316.65018 13.058 0.005
4317.54866 13.057 0.005
4319.61170 13.054 0.005
4320.70465 13.050 0.005
4326.62755 13.036 0.005
4327.65348 13.041 0.005
4328.59568 13.040 0.005
4329.58764 13.045 0.005
4330.63067 13.031 0.005
4331.59528 13.031 0.005
4332.67358 13.029 0.005
4333.59608 13.024 0.005
4334.56343 13.027 0.005
4338.62645 13.031 0.005
4339.59566 13.028 0.005
4340.69266 13.024 0.005
4341.59756 13.027 0.005
4342.63385 13.023 0.005
4343.61309 13.015 0.005
4344.66261 13.027 0.005
4345.61301 13.032 0.005
4346.61502 13.027 0.005
4347.62886 13.036 0.005
4349.60075 13.034 0.005
4350.66253 13.035 0.005
4351.60290 13.031 0.005
4353.62270 13.036 0.005
4354.64222 13.043 0.005
4355.65521 13.044 0.005
4358.62934 13.050 0.005
4368.59812 13.070 0.005
4371.61704 13.070 0.005
4373.61069 13.070 0.005
4381.58984 13.063 0.005
4506.87636 13.069 0.005
4512.89183 13.060 0.005
4515.85333 13.063 0.005
4518.89438 13.055 0.005
4521.86469 13.051 0.005
4524.87400 13.041 0.005
4530.86335 13.038 0.005
4533.90099 13.023 0.005
4536.78927 13.016 0.005
4537.85013 13.016 0.005
4539.79348 13.020 0.005
4541.76320 13.016 0.005
4542.88125 13.020 0.005
4543.90742 13.018 0.005
4544.90494 13.022 0.005
4545.82952 13.026 0.005
4546.88804 13.025 0.005
4547.89882 13.019 0.005
4550.89860 13.031 0.005
4551.89173 13.037 0.005
4552.88495 13.036 0.005
4556.85290 13.037 0.005
4557.87918 13.041 0.005
4558.87565 13.044 0.005
4559.84334 13.050 0.005
4560.84364 13.053 0.005
4561.83254 13.048 0.005
4564.83684 13.056 0.005
4565.82578 13.125 0.005
4566.82784 13.059 0.005
4567.82816 13.061 0.005
4568.85048 13.056 0.005
4569.84440 13.053 0.005
4570.83512 13.054 0.005
4571.81886 13.050 0.005
4572.85666 13.056 0.005
4573.83234 13.041 0.005
4574.83451 13.062 0.005
4575.84328 13.061 0.005
4583.70337 13.057 0.005
4585.92949 13.051 0.005
4586.85540 13.048 0.005
4587.83604 13.051 0.005
4588.81905 13.050 0.005
4589.66467 13.048 0.005
4590.76926 13.045 0.005
4591.65706 13.037 0.005
4592.76242 13.044 0.005
4593.74775 13.045 0.005
4594.77628 13.039 0.005
4595.76403 13.032 0.005
4596.75318 13.035 0.005
4597.78444 13.034 0.005
4598.75378 13.031 0.005
4599.72964 13.032 0.005
4600.73883 13.022 0.005
4601.74336 13.002 0.005
4602.73758 12.998 0.005
4606.75129 13.027 0.005
4610.85449 13.028 0.005
4611.72505 13.023 0.005
4611.91161 13.025 0.005
4615.90175 13.030 0.005
4616.71056 13.019 0.005
4617.83363 13.030 0.005
4622.68932 13.040 0.005
4623.76926 13.041 0.005
4624.70452 13.043 0.005
4625.68963 13.046 0.005
4626.74011 13.044 0.005
4627.66882 13.045 0.005
4628.66312 13.046 0.005
4629.72821 13.048 0.005
4630.66505 13.049 0.005
4631.68655 13.051 0.005
4632.68656 13.050 0.005
4633.74357 13.056 0.005
4639.78902 13.060 0.005
4640.68896 13.065 0.005
4641.84551 13.066 0.005
4642.68741 13.057 0.005
4643.65341 13.047 0.005
4644.72052 13.061 0.005
4645.65202 13.063 0.005
4646.62374 13.059 0.005
4647.63410 13.057 0.005
4649.62827 13.053 0.005
4650.65662 13.050 0.005
4651.67155 13.055 0.005
4652.60069 13.048 0.005
4653.59455 13.050 0.005
4654.63370 13.048 0.005
4655.59797 13.042 0.005
4656.60104 13.045 0.005
4658.75843 13.047 0.005
4660.70796 13.035 0.005
4661.59057 13.006 0.005
4666.65770 13.024 0.005
4670.72402 13.021 0.005
4671.64726 13.024 0.005
4672.60679 13.016 0.005
4677.58583 13.027 0.005
4681.60145 13.027 0.005
4682.61866 13.033 0.005
4683.61563 13.033 0.005
4684.63367 13.038 0.005
4685.60135 13.034 0.005
4686.73016 13.033 0.005
4687.64864 13.037 0.005
4688.59482 13.036 0.005
4694.67918 13.050 0.005
4697.59603 13.046 0.005
4698.62222 13.047 0.005
4700.61732 13.049 0.005
4701.60018 13.056 0.005
4702.61514 13.057 0.005
4703.68375 13.057 0.005
4708.61594 13.070 0.005
4710.65111 13.052 0.005
4720.63339 13.050 0.005
4721.60227 13.057 0.005
4724.61668 13.046 0.005
4726.59351 13.047 0.005
4731.64304 13.040 0.005
4738.51901 13.020 0.005
4748.58789 13.036 0.005
4755.54166 13.045 0.005
4761.53813 13.054 0.005
4875.87081 13.020 0.005
4885.88280 13.034 0.005
4888.83444 13.037 0.005
4892.83018 13.041 0.005
4898.80136 13.063 0.005
4901.85205 13.069 0.005
4903.85141 13.070 0.005
4904.90964 13.069 0.005
4906.90110 13.067 0.005
4910.90766 13.067 0.005
4912.89416 13.062 0.005
4914.87553 13.066 0.005
4925.80791 13.041 0.005
4927.86184 13.045 0.005
4929.83049 13.029 0.005
4930.86384 13.030 0.005
4931.80765 13.028 0.005
4932.76290 13.023 0.005
4933.81122 13.026 0.005
4938.78623 13.012 0.005
4939.81160 13.025 0.005
4941.76563 13.018 0.005
4942.80648 13.020 0.005
4943.79902 13.021 0.005
4947.87055 13.017 0.005
4950.81167 13.021 0.005
4952.83866 13.024 0.005
4953.80324 13.022 0.005
4954.76509 13.026 0.005
4955.76096 13.028 0.005
