2127.65286 16.884 0.012
2133.66822 16.792 0.011
2134.52345 16.863 0.009
2137.62362 16.863 0.009
2142.60955 16.791 0.008
2157.58420 16.805 0.011
2166.51091 16.806 0.011
2172.58982 16.868 0.010
2180.55992 16.791 0.010
2190.56887 16.804 0.009
2216.53495 16.782 0.011
2224.52411 16.824 0.011
2347.85624 16.801 0.009
2349.85102 16.828 0.009
2358.84476 16.796 0.009
2377.84031 16.873 0.010
2384.92199 16.785 0.009
2388.90860 16.833 0.008
2391.70982 16.788 0.013
2404.75232 16.799 0.008
2406.75885 16.796 0.011
2415.91427 16.817 0.011
2417.93392 16.857 0.014
2431.84289 16.785 0.009
2433.80666 16.787 0.009
2435.91299 16.776 0.011
2445.79322 16.816 0.008
2446.90681 16.827 0.012
2448.86100 16.832 0.016
2460.62067 16.831 0.010
2463.69898 16.820 0.008
2465.80092 16.823 0.010
2467.66469 16.812 0.008
2469.70501 16.840 0.008
2471.57877 16.843 0.008
2473.68334 16.888 0.010
2482.58695 16.869 0.010
2485.55624 16.817 0.012
2491.63144 16.824 0.011
2494.57590 16.855 0.011
2496.63574 16.872 0.007
2498.68022 16.849 0.008
2500.70197 16.822 0.008
2502.71941 16.805 0.010
2510.61764 16.814 0.008
2516.63620 16.817 0.010
2519.67497 16.854 0.011
2526.51427 16.839 0.009
2529.60886 16.843 0.009
2542.50696 16.878 0.012
2548.60925 16.803 0.010
2558.48569 16.769 0.015
2565.55439 16.876 0.012
2580.52338 16.837 0.013
2710.84249 16.849 0.009
2721.86541 16.869 0.011
2730.88368 16.774 0.009
2734.90969 16.841 0.009
2747.84091 16.906 0.012
2754.85125 16.799 0.008
2757.93636 16.817 0.015
2768.81612 16.868 0.009
2784.64728 16.786 0.008
2786.92343 16.842 0.011
2789.78688 16.785 0.008
2791.77707 16.847 0.010
2795.73472 16.842 0.008
2797.75347 16.828 0.008
2809.88040 16.837 0.010
2811.79639 16.800 0.009
2812.89211 16.810 0.011
2814.88005 16.781 0.011
2816.87478 16.792 0.010
2818.72908 16.853 0.009
2821.85691 16.896 0.010
2830.76834 16.852 0.010
2835.79416 16.804 0.010
2838.74812 16.808 0.009
2840.81179 16.818 0.013
2843.81304 16.915 0.011
2845.79274 16.877 0.011
2850.71452 16.825 0.009
2852.70912 16.859 0.010
2853.78038 16.809 0.011
2854.71225 16.847 0.011
2857.60161 16.774 0.009
2859.68723 16.795 0.011
2863.54928 16.884 0.011
2866.55033 16.810 0.011
2868.69994 16.851 0.010
2872.56634 16.827 0.008
2877.70159 16.858 0.010
2883.69857 16.798 0.010
2892.61396 16.792 0.013
2895.53134 16.818 0.010
2900.61034 16.849 0.010
2906.60071 16.785 0.009
2911.63808 16.852 0.011
2922.60163 16.824 0.015
2931.58777 16.791 0.010
3053.88201 16.820 0.009
