2112.78514 18.087 0.020
2128.59784 18.137 0.019
2131.72055 18.122 0.023
2134.69617 18.071 0.024
2138.57546 18.481 0.032
2143.54310 18.169 0.031
2155.63211 18.174 0.033
2162.53689 18.011 0.023
2168.56303 18.139 0.028
2173.52115 18.067 0.029
2180.51968 18.057 0.022
2184.52447 18.457 0.037
2194.58016 18.159 0.026
2322.88257 18.087 0.021
2326.83174 18.099 0.030
2341.84095 18.125 0.026
2350.85496 18.116 0.021
2359.82031 18.054 0.022
2370.85972 18.653 0.036
2384.71485 18.099 0.022
2388.71588 18.164 0.029
2390.68678 18.132 0.034
2393.91422 18.154 0.043
2400.71467 18.103 0.023
2402.83195 18.061 0.020
2404.86410 18.138 0.019
2406.92215 18.379 0.036
2415.64095 18.032 0.032
2417.67102 18.093 0.027
2425.60538 18.205 0.040
2431.65548 18.085 0.024
2433.59349 18.063 0.023
2435.75006 18.097 0.020
2437.63142 18.089 0.029
2439.57504 18.587 0.030
2440.58293 18.087 0.020
2443.63709 18.069 0.025
2444.74760 18.078 0.024
2446.58134 18.084 0.022
2452.56487 18.606 0.048
2462.84393 18.089 0.023
2464.48478 18.073 0.027
2466.79295 18.113 0.024
2468.50382 18.093 0.020
2470.51418 18.264 0.030
2474.63271 18.062 0.019
2482.64975 18.068 0.022
2485.66005 18.057 0.027
2489.73020 18.108 0.028
2492.67545 18.066 0.022
2497.53176 18.110 0.022
2499.56810 18.100 0.019
2501.59535 18.605 0.030
2503.52057 18.023 0.048
2511.57572 18.296 0.028
2518.48789 18.069 0.023
2519.68561 18.197 0.030
2524.51919 18.697 0.032
2529.64184 18.037 0.025
2537.50647 18.382 0.039
2540.52224 18.135 0.032
2546.53248 18.080 0.024
2550.51407 18.176 0.028
2554.58590 18.050 0.023
2558.56557 18.202 0.041
2565.52574 18.267 0.037
2699.88569 18.166 0.023
2711.90156 18.142 0.023
2726.89457 18.129 0.017
2732.81020 18.108 0.022
2743.80243 18.212 0.021
2748.81664 18.143 0.025
2755.81006 18.082 0.018
2759.80237 18.176 0.023
2765.81561 18.118 0.022
2769.84250 18.608 0.026
2782.73710 18.333 0.028
2784.72999 18.135 0.018
2786.62085 17.997 0.027
2788.73875 18.103 0.019
2790.81034 18.110 0.020
2792.61329 18.631 0.041
2794.64070 18.098 0.025
2796.59176 18.077 0.020
2802.61390 18.361 0.038
2808.65800 18.181 0.028
2810.55652 18.166 0.024
2812.54531 18.144 0.026
2814.54892 18.056 0.027
2816.54742 18.094 0.020
2818.53499 18.158 0.025
2820.51980 18.202 0.029
2826.58754 18.083 0.021
2830.81105 18.052 0.037
2834.60447 18.054 0.060
2836.51746 18.121 0.024
2838.55886 18.437 0.031
2840.52944 18.107 0.025
2842.58348 18.129 0.020
2844.63900 18.117 0.020
2848.69991 18.090 0.025
2851.56400 18.695 0.038
2853.56809 18.053 0.020
2854.77284 18.843 0.059
2857.75019 18.206 0.031
2862.55540 18.065 0.022
2866.63127 18.111 0.027
2868.54533 18.113 0.019
2871.51813 18.057 0.020
2875.66446 18.080 0.023
2878.62953 18.069 0.018
2884.50115 18.139 0.024
2893.62981 18.136 0.020
2896.49270 18.122 0.027
2900.66405 18.658 0.054
2905.57716 18.294 0.039
2909.53298 18.103 0.028
2912.57212 18.144 0.026
2927.53808 18.071 0.024
3043.89144 18.048 0.042
3044.88577 18.179 0.030
3045.86724 18.212 0.027
3056.83918 18.087 0.031
3059.86507 18.084 0.020
3060.82120 18.602 0.041
3066.81894 18.172 0.024
3072.82002 18.081 0.020
3075.83326 18.116 0.023
3078.86706 18.244 0.027
3085.86225 18.108 0.018
3087.85113 18.021 0.019
3090.91752 18.084 0.021
3097.88379 18.088 0.017
3105.88319 18.031 0.032
3112.82758 18.119 0.019
3153.89469 18.138 0.027
3166.74477 18.141 0.028
3180.87180 18.051 0.019
3195.78583 18.100 0.017
