2116.78286 17.778 0.028
2128.66878 17.811 0.024
2131.64705 17.814 0.030
2135.55467 17.788 0.021
2143.62309 17.844 0.027
2162.61569 17.835 0.026
2170.52196 17.742 0.021
2173.59591 17.906 0.034
2183.53879 17.840 0.036
2195.57625 17.952 0.040
2200.55046 17.827 0.041
2346.82570 17.776 0.026
2351.82683 17.809 0.024
2360.83548 17.803 0.026
2371.79222 17.840 0.026
2380.79675 17.837 0.033
2384.76870 17.859 0.026
2388.77241 17.845 0.031
2390.74228 17.936 0.044
2397.90060 17.808 0.027
2401.70298 17.767 0.023
2403.76427 17.845 0.021
2405.70012 17.872 0.034
2410.81453 17.773 0.020
2415.70158 17.802 0.030
2417.78195 17.852 0.030
2425.86583 17.848 0.033
2431.71301 17.850 0.028
2433.68792 17.929 0.031
2434.83377 17.850 0.026
2436.62307 17.851 0.027
2438.63871 17.875 0.027
2440.62007 17.802 0.026
2443.65447 17.842 0.028
2445.54960 17.820 0.033
2452.62189 17.832 0.033
2458.75790 17.824 0.026
2462.67436 17.783 0.021
2464.54174 17.891 0.030
2467.46835 17.786 0.036
2469.47879 17.858 0.027
2471.76875 17.795 0.021
2473.46693 17.764 0.034
2483.52172 17.839 0.024
2490.49836 17.832 0.027
2492.73491 17.867 0.036
2495.52588 17.854 0.028
2497.58694 17.875 0.024
2499.62420 17.893 0.024
2501.65112 17.891 0.026
2511.63018 17.769 0.036
2521.57685 17.828 0.024
2535.50587 17.853 0.034
2539.60238 17.843 0.034
2540.58041 17.910 0.041
2545.53232 17.805 0.026
2550.56899 17.873 0.038
2555.53139 17.931 0.038
2561.55578 17.869 0.043
2571.49819 17.818 0.040
2701.89115 17.810 0.026
2712.89176 17.908 0.031
2727.85079 17.827 0.023
2732.86854 17.894 0.031
2743.85638 17.813 0.023
2748.88812 17.787 0.037
2755.87888 17.818 0.027
2759.87026 17.868 0.026
2765.89661 17.812 0.026
2769.93825 17.963 0.037
2782.81024 17.868 0.034
2784.80344 17.829 0.024
2786.69404 17.852 0.033
2788.84598 17.673 0.019
2790.89479 17.818 0.027
2792.54484 17.841 0.038
2794.68588 17.846 0.031
2796.62365 17.768 0.020
2802.68082 17.767 0.030
2808.72832 17.848 0.030
2810.64704 17.814 0.026
2812.62405 17.840 0.024
2813.71297 17.912 0.028
2815.65255 17.790 0.026
2816.78769 17.796 0.027
2817.79708 17.842 0.033
2819.57185 17.858 0.028
2821.56079 17.814 0.026
2830.59730 17.779 0.041
2835.52840 17.787 0.036
2836.75651 17.870 0.040
2838.65281 17.895 0.034
2840.57751 17.838 0.027
2844.68830 17.786 0.023
2849.51719 17.820 0.031
2851.61781 17.852 0.028
2853.62847 17.838 0.023
2856.50624 17.794 0.027
2858.47788 17.853 0.031
2860.59668 17.878 0.037
2863.68367 17.867 0.037
2867.59002 17.869 0.026
2870.66827 17.825 0.027
2874.65680 17.979 0.034
2878.54884 17.821 0.024
2884.62030 17.790 0.027
2893.66594 17.824 0.026
2896.51089 17.853 0.030
2906.65099 17.821 0.033
2912.63039 17.799 0.033
2924.55361 17.770 0.028
2934.57048 17.853 0.037
2942.53119 17.881 0.036
3048.87039 17.857 0.027
3057.86559 17.845 0.021
3066.89774 17.815 0.024
3069.85040 17.832 0.027
3071.85797 17.963 0.030
3074.84565 17.816 0.026
3076.88285 17.801 0.034
3078.89733 17.883 0.057
3081.79286 17.796 0.024
3083.91582 17.797 0.030
3086.73872 17.850 0.024
3088.74233 17.808 0.023
3090.84186 17.829 0.024
3092.81704 17.909 0.034
3097.77980 17.865 0.027
3099.77794 17.841 0.027
3101.71626 17.841 0.043
3103.72507 17.851 0.034
3107.86172 17.879 0.037
3109.69607 17.808 0.023
3110.70676 17.837 0.028
3112.70719 17.916 0.026
3113.75044 17.819 0.020
3114.92464 17.898 0.028
3115.74908 17.882 0.027
3118.76325 17.856 0.030
3122.75869 17.841 0.033
3125.71167 17.993 0.040
3126.67421 17.871 0.024
3127.67625 17.844 0.026
3128.69466 17.809 0.024
3129.67411 17.847 0.030
3130.83658 17.831 0.033
3131.83600 17.831 0.036
3134.64332 17.958 0.051
3135.70961 17.810 0.026
3139.70545 17.951 0.027
3140.67296 17.904 0.024
3141.83663 17.874 0.023
3144.66968 17.789 0.024
3146.62419 17.831 0.027
3151.62568 17.995 0.041
3152.63464 17.906 0.026
3153.63685 17.883 0.031
3153.92653 17.838 0.036
3154.71218 17.865 0.034
3156.62717 17.826 0.030
3158.66080 17.854 0.040
3162.67797 17.814 0.023
3163.59620 17.891 0.026
3163.91760 17.888 0.036
3164.58965 17.871 0.024
3165.58938 17.953 0.027
3166.80013 17.910 0.037
3167.81484 17.930 0.033
3168.63044 17.862 0.024
3169.60077 17.808 0.021
3170.69565 17.793 0.020
3171.61362 17.861 0.023
3172.60331 17.851 0.020
3174.58934 17.798 0.020
3175.59061 17.802 0.021
3176.61654 17.941 0.031
3178.65241 17.924 0.034
3179.67677 17.912 0.026
3180.55137 17.833 0.024
3182.58577 17.869 0.028
3183.55854 17.812 0.024
3183.58862 17.832 0.023
3184.56863 17.851 0.023
3184.83909 17.850 0.027
3185.65232 17.827 0.023
3191.88329 17.908 0.050
3194.71831 17.933 0.026
3195.52390 17.796 0.023
3196.52225 17.826 0.033
3197.75800 17.867 0.027
3199.56301 17.863 0.031
3202.61777 17.842 0.031
3203.56182 17.824 0.020
3205.55843 17.891 0.021
3206.54035 17.922 0.023
3207.54338 17.990 0.037
3210.77101 17.921 0.036
3211.52982 17.855 0.027
3212.52481 17.936 0.044
3217.53524 17.831 0.026
3218.53267 17.881 0.031
3223.52403 17.823 0.033
3224.53949 17.831 0.024
3226.49441 17.893 0.030
3229.50298 17.767 0.023
3230.54299 17.797 0.023
3239.65160 17.802 0.028
3241.53898 17.881 0.031
3244.63751 17.762 0.038
3246.53966 17.909 0.028
3248.54734 17.939 0.034
3250.53220 17.816 0.024
3251.67593 17.884 0.030
3254.53450 17.901 0.034
3257.67646 17.800 0.024
3262.51558 17.931 0.037
3266.49701 17.930 0.037
3268.53237 17.899 0.030
3270.56369 17.832 0.064
3273.58671 17.877 0.040
3277.58669 17.850 0.055
3279.56709 17.892 0.041
3287.49132 17.884 0.036
3291.54980 17.960 0.036
3431.88917 17.839 0.021
3438.88734 17.836 0.023
3444.82402 17.870 0.020
3446.84896 18.018 0.031
3448.87861 17.858 0.021
3450.91767 17.808 0.026
3454.82451 17.767 0.026
3456.83215 17.793 0.023
3467.79560 17.904 0.030
3469.90600 17.777 0.019
3471.78268 17.948 0.038
3474.93024 17.922 0.037
3477.89593 17.819 0.021
3480.69471 17.849 0.023
3483.68962 17.786 0.023
3496.89350 17.828 0.030
3497.65684 17.865 0.034
3499.70037 17.879 0.021
3500.88574 17.809 0.021
3501.69229 17.855 0.028
3502.84768 17.912 0.023
3503.84932 17.687 0.019
3504.68511 17.898 0.024
3508.69923 17.873 0.030
3509.83715 17.820 0.020
3511.72234 17.809 0.021
3512.67347 17.949 0.030
3520.57368 17.807 0.028
3521.82450 17.908 0.027
3522.81998 17.835 0.024
3523.64301 17.835 0.021
3524.62718 17.773 0.021
3525.85856 17.759 0.023
3526.89164 17.781 0.026
3527.80480 17.921 0.028
3528.63516 17.793 0.021
3529.59240 17.801 0.021
3530.72695 17.790 0.017
3538.79526 17.749 0.020
3544.70427 17.840 0.026
3547.73422 17.847 0.028
3550.70995 17.788 0.019
3551.82250 17.872 0.024
3553.62519 17.932 0.031
3554.58067 17.925 0.038
3556.58920 17.831 0.026
3558.55905 17.838 0.026
3559.77572 17.872 0.021
3560.74769 17.862 0.021
3561.70831 17.851 0.020
3562.77388 17.895 0.024
3563.52138 17.872 0.027
3569.80881 17.865 0.037
3573.50809 17.948 0.043
3574.57058 17.894 0.028
3575.55902 17.805 0.019
3576.51729 17.775 0.020
3577.56968 17.783 0.020
3578.54303 17.836 0.019
3579.50141 17.930 0.023
3580.51704 17.922 0.023
3581.54678 17.837 0.023
3582.50557 17.839 0.024
3583.54525 17.798 0.021
3584.53143 17.839 0.019
3585.52197 17.821 0.019
3586.58036 17.811 0.020
3587.63641 17.870 0.028
3588.57293 17.925 0.020
3589.53166 17.851 0.021
3590.51174 17.817 0.019
3591.55664 17.829 0.020
3592.52653 17.821 0.020
3593.61858 17.851 0.023
3594.55393 17.881 0.020
3601.48311 17.818 0.024
3602.50816 17.870 0.030
3603.50213 17.779 0.028
3607.51828 17.910 0.023
3608.50984 18.002 0.034
3617.56336 17.811 0.026
3620.66702 17.796 0.021
3632.53770 17.842 0.030
3634.60093 17.859 0.028
3640.58141 17.795 0.026
3646.50892 17.814 0.031
3651.50054 17.851 0.028
3653.52842 17.865 0.040
3774.83636 17.791 0.027
3779.88986 18.002 0.044
