2130.49956 17.564 0.027
2133.51579 17.772 0.033
2136.63707 17.696 0.035
2141.62774 17.865 0.044
2144.70818 17.680 0.035
2170.60940 17.839 0.038
2179.50769 17.657 0.039
2189.50275 17.567 0.037
2212.52896 17.735 0.035
2337.81492 17.667 0.030
2349.83330 17.679 0.032
2357.82644 17.876 0.038
2365.90100 17.826 0.038
2373.78144 17.776 0.031
2405.86133 17.832 0.033
2464.77599 17.903 0.033
2708.90736 17.733 0.031
2850.63977 17.558 0.027
2858.76712 17.548 0.037
3059.85290 17.614 0.030
3064.86806 17.757 0.032
3068.82139 17.782 0.031
3070.90666 17.852 0.042
3073.85910 17.549 0.026
3075.89516 17.659 0.029
3080.80837 17.899 0.036
3083.76049 17.576 0.025
3085.88281 17.572 0.025
3087.78475 17.716 0.032
3089.83415 17.567 0.022
3091.88599 17.538 0.025
3097.81469 17.701 0.032
3099.89747 17.662 0.031
3101.80259 17.492 0.029
3102.89733 17.599 0.033
3104.75302 17.732 0.063
3106.89467 17.919 0.052
3107.88516 17.679 0.034
3109.82335 17.614 0.027
3109.89326 17.539 0.028
3110.81770 17.744 0.031
3110.88880 17.593 0.027
3111.77541 17.570 0.030
3112.75135 17.563 0.026
3112.89028 17.788 0.036
3113.73347 17.633 0.023
3113.89933 17.816 0.033
3114.66956 17.680 0.028
3114.82970 17.560 0.026
3115.89012 17.623 0.028
3115.92482 17.637 0.027
3116.87052 17.603 0.031
3124.76712 17.510 0.036
3126.70182 17.883 0.031
3127.86817 17.580 0.032
3128.86800 17.663 0.038
3130.74696 17.546 0.031
3131.71340 17.763 0.040
3134.88243 17.673 0.067
3137.76758 17.659 0.032
3138.64974 17.713 0.034
3139.93705 17.652 0.033
3142.81775 17.655 0.030
3144.83484 17.576 0.027
3146.89333 17.567 0.026
3151.80609 17.711 0.037
3152.80707 17.884 0.040
3153.80566 17.941 0.052
3154.89332 17.738 0.048
3156.86203 17.619 0.042
3157.91863 17.539 0.030
3158.88479 17.613 0.037
3162.84346 17.639 0.032
3163.80260 17.684 0.029
3164.79125 17.866 0.031
3165.70833 17.529 0.023
3167.65367 17.868 0.049
3168.85575 17.578 0.027
3169.82247 17.687 0.032
3170.64003 17.495 0.021
3171.77810 17.774 0.024
3171.90367 17.651 0.028
3172.80243 17.689 0.029
3173.84447 17.697 0.037
3174.75892 17.661 0.027
3175.76937 17.850 0.029
3177.81599 17.940 0.050
3179.55010 17.554 0.024
3180.77408 17.631 0.026
3182.83420 17.687 0.030
3183.79316 17.779 0.039
3184.74771 17.602 0.027
3185.67884 17.800 0.032
3193.59803 17.506 0.025
3194.54848 17.847 0.040
3194.79097 17.817 0.033
3195.54814 17.874 0.033
3196.74163 17.599 0.029
3197.57227 17.637 0.028
3199.68021 17.714 0.029
3201.54262 17.771 0.030
3202.67138 17.622 0.028
3203.58541 17.623 0.023
3204.62873 17.630 0.024
3205.71035 17.858 0.027
3206.77186 17.777 0.043
3210.50238 17.621 0.033
3211.65761 17.575 0.032
3217.69843 17.870 0.038
3218.69748 17.695 0.038
3223.70148 17.798 0.040
3224.74600 17.834 0.041
3226.67689 17.665 0.037
3228.64734 17.794 0.041
3230.71724 17.702 0.030
3231.62057 17.637 0.031
3232.65409 17.736 0.039
3238.66891 17.637 0.031
3240.51798 17.590 0.028
3241.70161 17.968 0.053
3245.60490 17.742 0.042
3247.49194 17.731 0.033
3249.59831 17.742 0.044
3251.50929 17.543 0.033
3254.59037 17.585 0.034
3257.50344 17.589 0.027
3260.53970 17.743 0.045
3265.52517 17.744 0.041
3267.57588 17.762 0.036
3274.53172 17.841 0.040
3277.54782 17.477 0.028
3279.61069 17.663 0.032
3282.52558 17.572 0.027
3289.50759 17.592 0.038
3294.49862 17.713 0.043
3302.49804 18.003 0.060
3418.88958 17.559 0.023
3423.86316 17.595 0.028
3427.86773 17.644 0.027
3429.89590 17.609 0.034
3436.85301 17.653 0.034
3443.80825 17.683 0.022
3445.85125 17.651 0.022
3447.89974 17.564 0.029
3450.77933 17.544 0.022
3453.81909 17.616 0.031
3455.87897 17.747 0.032
3456.88749 17.878 0.031
3457.88197 17.637 0.026
3459.87293 17.574 0.027
3468.92334 17.793 0.030
3470.91439 17.784 0.031
3472.84378 17.715 0.024
3473.90584 17.649 0.030
3474.91225 17.834 0.032
3475.90338 17.843 0.027
3477.91908 17.545 0.027
3479.78971 17.719 0.023
3480.91867 17.790 0.029
3482.92266 17.737 0.029
3496.77749 17.839 0.038
3497.87872 17.728 0.030
3499.83745 17.635 0.025
3500.85887 17.563 0.024
3502.67628 17.554 0.022
3503.82736 17.930 0.035
3506.78349 17.669 0.029
3508.89099 17.635 0.035
3509.68912 17.472 0.027
3510.93436 17.650 0.027
3511.86822 17.726 0.029
3512.87361 17.678 0.032
3517.76561 17.559 0.043
3520.87726 17.596 0.031
3521.69305 17.535 0.021
3522.79860 17.695 0.033
3523.83280 17.615 0.027
3524.83313 17.598 0.027
3525.90824 17.625 0.028
3526.93904 17.538 0.030
3528.61153 17.847 0.027
3530.83123 17.569 0.020
3537.79899 17.774 0.027
3538.72485 17.726 0.027
3540.78114 17.631 0.026
3544.79249 17.795 0.042
3547.79118 17.643 0.031
3550.80790 17.822 0.029
3551.79925 17.879 0.035
3552.81835 17.815 0.040
3553.80135 17.568 0.043
3554.82030 17.563 0.037
3555.80980 17.631 0.036
3556.72210 17.714 0.031
3558.60618 17.885 0.030
3559.61455 17.794 0.027
3560.65587 17.749 0.022
3561.59232 17.532 0.023
3562.64501 17.540 0.024
3563.69704 17.521 0.027
3564.53138 17.504 0.036
3569.63564 17.579 0.038
3573.74402 17.823 0.036
3574.74109 17.695 0.032
3575.68288 17.610 0.024
3576.74939 17.529 0.027
3577.78728 17.628 0.032
3578.72399 17.808 0.028
3579.66932 17.701 0.025
3580.70893 17.676 0.031
3581.72211 17.626 0.033
3582.67111 17.613 0.024
3583.68922 17.773 0.030
3584.69322 17.901 0.028
3585.69142 17.807 0.025
3586.74588 17.842 0.027
3589.73517 17.594 0.025
3590.73139 17.700 0.030
3591.70647 17.870 0.028
3591.75230 17.747 0.028
3592.47825 17.752 0.030
3592.57704 17.612 0.022
3592.66574 17.588 0.024
3592.73977 17.864 0.033
3593.48901 17.572 0.018
3593.57888 17.811 0.027
3594.50278 17.570 0.031
3594.54096 17.600 0.025
3594.56664 17.730 0.023
3594.58031 17.915 0.027
3594.59178 17.876 0.027
3594.59844 17.852 0.027
3594.60487 17.788 0.027
3594.61275 17.861 0.031
3594.61911 17.802 0.026
3594.63504 17.816 0.027
3594.66833 17.636 0.026
3594.74287 17.492 0.026
3596.63531 17.742 0.042
3596.65689 17.753 0.038
3597.49052 17.663 0.038
3597.55813 17.530 0.025
3599.61339 17.593 0.035
3601.49868 17.513 0.024
3601.70767 17.655 0.031
3602.70797 17.893 0.044
3603.68919 17.810 0.031
3607.68688 17.705 0.029
3609.51472 17.586 0.034
3615.63337 17.601 0.026
3617.66259 17.601 0.029
3619.59557 17.717 0.027
3621.59795 17.618 0.028
3628.66252 17.546 0.035
3629.52065 17.855 0.032
3631.62145 17.920 0.040
3633.54804 17.506 0.034
3634.62710 17.579 0.031
3639.49771 17.739 0.025
3644.58446 17.587 0.029
3649.55786 17.674 0.026
3652.53506 17.632 0.050
3655.57085 17.679 0.033
3659.56862 17.746 0.048
3664.54824 17.722 0.030
3668.53343 17.614 0.033
3676.51242 17.932 0.044
3777.87256 17.628 0.027
3783.85891 17.587 0.022
3785.87442 17.491 0.024
3788.83874 17.659 0.031
3791.89299 17.615 0.030
3794.87041 17.800 0.030
3796.85917 17.563 0.024
3797.86208 17.537 0.023
3799.87448 17.728 0.037
3801.83366 17.573 0.029
3803.82261 17.619 0.026
3804.86991 17.683 0.028
3805.91048 17.655 0.033
3807.90179 17.757 0.027
3809.81315 17.652 0.025
3811.89166 17.717 0.028
3813.77199 17.527 0.027
3818.76117 17.547 0.027
3819.77259 17.543 0.021
3820.87677 17.563 0.023
3821.88680 17.522 0.024
3822.78585 17.812 0.031
3823.89875 17.640 0.025
3824.89162 17.795 0.036
3826.89613 17.570 0.027
3828.89852 17.610 0.027
3829.88520 17.672 0.026
3832.88839 17.646 0.029
3833.86307 17.495 0.023
3834.90432 17.530 0.031
3835.84771 17.790 0.028
3836.86018 17.781 0.029
3837.84280 17.637 0.029
3838.84672 17.557 0.025
3839.85875 17.530 0.036
3840.85002 17.639 0.025
3841.82880 17.813 0.033
3845.83573 17.582 0.030
3846.84172 17.726 0.028
3848.85728 17.761 0.028
3849.87056 17.668 0.027
3850.80654 17.530 0.025
3851.81296 17.644 0.030
3852.80145 17.825 0.030
3853.79411 17.670 0.022
3856.78296 17.573 0.026
3858.84685 17.768 0.038
3860.83760 17.768 0.037
3861.85210 17.661 0.027
3862.79591 17.557 0.022
3863.73622 17.819 0.027
3864.79675 17.879 0.027
3865.76114 17.642 0.029
3866.78961 17.628 0.025
3867.73401 17.611 0.027
3868.79318 17.629 0.030
3869.77953 17.767 0.036
3873.78089 17.576 0.031
3874.82451 17.591 0.028
3875.73949 17.770 0.024
3877.76904 17.605 0.021
3880.76630 17.650 0.025
3881.77446 17.755 0.026
3882.71252 17.618 0.027
3883.75400 17.588 0.023
3886.72491 17.794 0.031
3887.70792 17.825 0.027
3889.86939 17.713 0.027
3891.59512 17.657 0.028
3892.87562 17.591 0.024
3893.76053 17.839 0.037
3894.79444 17.820 0.038
3896.74875 17.509 0.027
3900.64565 17.530 0.032
3901.65747 17.577 0.026
3902.67531 17.671 0.029
3903.80829 17.586 0.026
3904.65504 17.747 0.024
3905.66204 17.613 0.024
3906.64366 17.556 0.024
3907.70905 17.515 0.033
3908.64324 17.747 0.026
3909.64764 17.790 0.025
3912.64804 17.552 0.019
3913.64560 17.612 0.023
3914.67872 17.580 0.021
3915.64252 17.818 0.027
3916.72411 17.826 0.032
3917.73700 17.854 0.039
3918.74131 17.705 0.029
3919.67114 17.539 0.028
3920.62335 17.853 0.036
3921.63684 17.901 0.040
3930.69899 17.623 0.030
3931.61822 17.693 0.028
3931.80664 17.854 0.043
3932.64585 17.668 0.027
3933.62533 17.716 0.023
3934.59596 17.567 0.022
3935.67318 17.760 0.036
3936.62480 17.572 0.026
3936.81307 17.669 0.041
3937.74157 17.686 0.037
3938.60247 17.806 0.031
3940.74707 17.655 0.023
3944.68745 17.577 0.022
3945.63590 17.890 0.035
3946.62953 17.694 0.030
3950.64595 17.717 0.027
3951.66230 17.892 0.037
3957.65120 17.792 0.049
3959.61947 17.640 0.030
3960.61268 17.615 0.024
3963.58072 17.076 0.018
3964.64396 17.781 0.027
3965.62572 17.638 0.024
3966.62060 17.636 0.027
3967.64701 17.550 0.026
3968.60321 17.904 0.037
3969.61081 17.792 0.030
3970.62375 17.681 0.032
3971.65369 17.726 0.032
3973.68329 17.544 0.029
3974.61793 17.807 0.031
3975.61336 17.858 0.030
3976.60738 17.701 0.027
3979.64042 17.611 0.036
3982.66456 17.909 0.043
3987.60361 17.806 0.028
3988.63689 17.742 0.028
3990.60471 17.684 0.034
3994.55465 17.542 0.033
3996.53044 17.871 0.046
4002.60997 17.535 0.024
4003.56446 17.796 0.026
4005.66028 17.895 0.043
4011.54324 17.683 0.035
4015.57255 17.877 0.050
4017.55030 17.662 0.029
4019.55200 17.619 0.035
4021.55477 17.860 0.046
4024.58423 17.586 0.036
4027.50046 17.722 0.039
4029.53848 17.495 0.035
4150.87776 17.938 0.054
4155.85006 17.945 0.045
4158.81194 17.633 0.033
4160.86318 17.729 0.044
4162.86252 17.803 0.044
4164.90242 17.640 0.031
4167.82999 17.838 0.044
4169.83707 17.595 0.030
4174.85163 17.788 0.034
4176.83333 17.593 0.027
4177.88697 17.565 0.030
4179.78477 17.679 0.031
4180.83650 17.703 0.043
4182.75963 17.759 0.031
4183.79866 17.750 0.036
4184.86674 17.666 0.028
4185.84604 17.958 0.043
4190.86440 17.712 0.031
4192.87675 17.887 0.035
4193.88771 17.740 0.034
4194.90927 17.711 0.029
4202.87905 17.639 0.027
4203.86721 17.837 0.031
4204.86634 17.843 0.034
4205.86282 17.678 0.027
4207.86650 17.569 0.024
4208.89620 17.605 0.029
4213.86428 17.569 0.024
4215.90183 17.643 0.029
4216.82266 17.657 0.032
4217.84500 17.644 0.025
4218.88579 17.625 0.029
4219.92949 17.629 0.034
4220.86703 17.649 0.035
4222.83353 17.795 0.032
4228.82150 17.682 0.036
4229.80032 17.603 0.028
4230.78729 17.627 0.027
4231.80940 17.704 0.029
4232.81764 17.821 0.045
4234.76469 17.602 0.029
4235.78670 17.598 0.027
4238.81052 17.913 0.045
4239.91197 17.744 0.051
4243.70427 17.744 0.044
4244.86611 17.584 0.028
4245.85934 17.866 0.038
4246.91404 17.797 0.044
4250.87990 17.609 0.043
4256.72499 17.804 0.052
4258.72189 17.658 0.033
4268.62538 17.479 0.026
4269.66555 17.621 0.029
4272.71682 17.815 0.031
4273.67624 17.737 0.031
4274.65990 17.622 0.030
4275.71677 17.609 0.035
4277.61589 17.778 0.036
4278.69015 17.894 0.046
4283.63555 17.810 0.035
4284.61940 17.692 0.034
4285.62613 17.616 0.036
4286.72000 17.876 0.053
4289.66547 17.868 0.038
4290.74175 17.642 0.040
4291.74367 17.909 0.041
4292.60478 17.636 0.027
4293.63222 17.682 0.028
4294.60401 17.957 0.041
4295.63336 17.878 0.031
4296.61284 17.626 0.027
4297.60660 17.594 0.026
4298.71617 17.711 0.031
4299.68313 17.647 0.030
4300.80795 17.789 0.039
4301.48544 17.588 0.029
4302.76454 17.660 0.034
4307.59963 17.714 0.031
4310.74933 17.865 0.053
4312.64544 17.746 0.031
4317.63275 17.585 0.032
4319.64051 17.916 0.040
4320.74191 17.668 0.041
4326.65148 17.757 0.037
4327.67980 17.805 0.043
4328.62082 17.611 0.032
4328.75325 17.834 0.055
4329.61162 17.659 0.038
4330.59438 17.979 0.041
4331.62082 17.796 0.041
4332.62596 17.725 0.031
4333.62129 17.610 0.038
4334.61554 17.517 0.040
4338.65548 17.757 0.042
4339.62448 17.629 0.031
4340.55127 17.780 0.046
4341.62294 17.711 0.046
4342.65912 17.676 0.036
4343.63850 17.888 0.039
4344.68793 17.857 0.037
4345.63832 17.645 0.032
4346.64364 17.578 0.035
4347.65766 17.624 0.030
4349.62942 17.917 0.036
4351.62810 17.598 0.037
4357.63953 17.702 0.038
4359.61064 17.648 0.041
4367.60975 17.750 0.051
4370.60870 17.568 0.031
4372.58077 17.906 0.041
4380.59050 17.656 0.035
4515.88575 17.611 0.033
4519.85724 17.700 0.036
4520.84969 17.539 0.040
4523.84802 17.908 0.048
4524.89908 17.940 0.038
4530.88858 17.903 0.030
4534.83531 17.850 0.042
4536.84443 17.715 0.035
4538.85335 17.579 0.028
4540.88321 17.736 0.031
4542.90958 17.882 0.034
4543.87100 17.655 0.028
4544.86779 17.592 0.025
4545.88535 17.614 0.028
4547.91146 17.643 0.029
4550.85907 17.576 0.027
4551.91686 17.593 0.036
4552.91381 17.628 0.034
4556.87825 17.619 0.026
4557.90426 17.629 0.025
4558.83930 17.829 0.030
4559.86849 17.952 0.037
4560.86889 17.834 0.028
4561.85778 17.671 0.025
4564.86200 17.723 0.025
4565.85087 17.893 0.027
4566.85294 17.875 0.029
4567.85719 17.731 0.028
4568.88725 17.616 0.029
4569.87315 17.590 0.025
4570.87843 17.627 0.027
4571.84393 17.857 0.031
4572.88170 17.930 0.040
4573.85747 17.641 0.024
4574.85963 17.566 0.028
4575.87132 17.582 0.026
4579.92365 17.880 0.037
4583.84344 17.883 0.041
4586.82392 17.627 0.031
4587.86169 17.605 0.030
4588.75003 17.734 0.031
4589.78377 17.748 0.035
4590.79815 17.663 0.032
4591.77545 17.561 0.028
4592.78756 17.688 0.033
4593.77298 17.802 0.035
4594.80128 17.865 0.034
4595.79180 17.723 0.029
4596.81236 17.697 0.027
4597.80959 17.602 0.027
4598.77898 17.717 0.025
4599.75838 17.939 0.032
4600.76395 17.813 0.027
4601.76861 17.676 0.026
4602.76619 17.588 0.024
4606.81602 17.841 0.034
4610.88907 17.631 0.032
4611.75028 17.934 0.036
4611.93678 17.686 0.036
4616.74252 17.729 0.029
4617.90991 17.641 0.040
4622.71885 17.808 0.039
4623.79871 17.684 0.036
4624.73753 17.702 0.034
4625.71885 17.595 0.035
4626.77376 17.646 0.039
4627.69819 17.768 0.028
4628.68835 17.870 0.033
4629.75402 17.848 0.030
4630.69386 17.627 0.027
4631.71219 17.584 0.023
4632.73486 17.593 0.025
4633.87471 17.782 0.039
4639.81529 17.647 0.037
4640.79080 17.649 0.034
4641.87604 17.600 0.038
4642.71372 17.668 0.033
4643.67980 17.663 0.030
4644.76288 17.611 0.029
4645.68158 17.809 0.033
4646.64929 17.763 0.027
4647.67046 17.642 0.027
4648.66439 17.608 0.026
4648.77668 17.901 0.038
4649.65460 17.583 0.025
4650.68605 17.627 0.027
4651.69738 17.718 0.031
4652.62583 17.654 0.028
4653.61966 17.562 0.027
4654.65882 17.601 0.027
4655.62310 17.722 0.029
4656.62634 17.887 0.036
4658.78356 17.589 0.033
4660.73392 17.733 0.041
4661.61574 17.706 0.027
4666.54852 17.779 0.039
4671.67237 17.673 0.028
4672.63202 17.585 0.032
4674.66001 17.673 0.032
4677.68471 17.761 0.039
4681.68805 17.847 0.038
4682.64373 17.758 0.033
4683.64163 17.619 0.034
4684.66010 17.662 0.033
4685.68624 17.592 0.027
4686.75880 17.666 0.031
4687.67431 17.764 0.036
4688.62044 17.605 0.029
4694.70453 17.869 0.053
4697.62583 17.604 0.031
4698.64739 17.707 0.031
4700.64258 17.775 0.036
4701.62551 17.582 0.027
4702.64033 17.595 0.029
4704.70160 17.686 0.038
4708.66196 17.576 0.030
4710.67987 17.635 0.033
4720.59302 17.638 0.040
4721.62856 17.700 0.051
4724.64530 17.811 0.050
4726.62151 17.583 0.042
4733.58574 17.720 0.043
4738.54592 17.858 0.047
4741.62790 17.856 0.047
4755.57096 17.617 0.043
4763.50917 17.954 0.048
4876.88193 17.574 0.031
4883.86776 17.565 0.035
4886.83469 17.679 0.032
4888.86223 17.573 0.026
4892.85628 17.748 0.034
4898.82657 17.664 0.031
4901.82942 17.644 0.028
4903.87681 17.877 0.034
4905.87318 17.656 0.036
4912.85796 17.534 0.021
4914.90409 17.606 0.027
4924.75345 17.732 0.027
4925.87117 17.559 0.022
4928.76141 17.571 0.029
4930.80551 17.512 0.029
4931.84992 17.628 0.029
4932.85846 17.690 0.027
4933.85335 17.798 0.041
4934.90917 17.851 0.043
4938.83326 17.807 0.033
4940.77478 17.569 0.028
4941.81051 17.600 0.030
4942.75359 17.804 0.031
4944.75592 17.744 0.028
4945.80900 17.709 0.025
4950.86895 17.624 0.027
4953.84860 17.696 0.031
4954.81784 17.594 0.027
4955.80924 17.607 0.031
