2128.55335 18.325 0.024
2131.54876 18.538 0.034
2135.48328 18.260 0.028
2138.48670 18.696 0.049
2142.48835 18.658 0.045
2345.83712 18.383 0.026
2356.86649 18.369 0.029
2365.82174 18.563 0.056
2379.77753 18.437 0.041
2385.78495 18.423 0.030
2389.76027 18.475 0.037
2392.67132 18.686 0.081
2396.87011 18.407 0.036
2400.92458 18.461 0.041
2402.70155 18.219 0.029
2403.68316 18.269 0.028
2414.65298 18.318 0.044
2416.68482 18.263 0.034
2424.66245 18.456 0.036
2433.87622 18.413 0.045
2435.80642 18.456 0.035
2437.89376 18.338 0.053
2439.85205 18.506 0.036
2441.88165 18.326 0.028
2443.84126 18.489 0.060
2445.85439 18.316 0.031
2446.88082 18.249 0.037
2459.53193 18.534 0.046
2465.63449 18.316 0.026
2471.52354 18.319 0.029
2492.58289 18.583 0.037
2501.49938 18.325 0.036
2539.52744 18.488 0.044
2544.57351 18.442 0.041
2568.53150 18.408 0.065
2710.89326 18.544 0.034
2725.88843 18.455 0.030
2731.82788 18.316 0.026
2747.88818 18.419 0.050
2758.81826 18.664 0.066
2764.87351 18.259 0.031
2783.66388 18.302 0.026
2785.63780 18.545 0.038
2809.59474 18.489 0.035
2814.67812 18.340 0.024
2815.87772 18.297 0.043
2817.57567 18.316 0.041
2820.59305 18.438 0.036
2841.50672 18.328 0.031
2841.52130 18.298 0.028
2841.53674 18.321 0.036
2841.54989 18.292 0.028
2841.80399 18.283 0.037
2841.82297 18.268 0.038
2842.51527 18.312 0.036
2843.51348 18.448 0.035
2843.54173 18.496 0.042
2844.47867 18.555 0.051
2844.53321 18.493 0.030
2844.54284 18.469 0.034
2844.58585 18.303 0.024
2844.64861 18.258 0.027
2844.66410 18.287 0.026
2844.70631 18.383 0.028
2844.77538 18.515 0.037
2844.80280 18.334 0.038
2845.55390 18.329 0.038
2845.58158 18.323 0.036
2845.61984 18.240 0.030
2845.68036 18.435 0.030
2845.76184 18.333 0.033
2847.50670 18.333 0.047
2847.51981 18.519 0.059
2849.49829 18.542 0.044
2850.47334 18.476 0.037
2850.51502 18.339 0.030
2850.55670 18.237 0.022
2852.56054 18.570 0.054
2855.56057 18.262 0.030
2863.50866 18.596 0.049
2866.53265 18.382 0.037
