2128.69518 19.831 0.164
2131.61300 19.289 0.087
2135.58241 19.758 0.105
2140.56252 19.524 0.104
2143.67081 19.913 0.141
2162.63971 19.399 0.104
2170.54620 19.341 0.095
2173.61982 19.595 0.125
2183.56384 19.477 0.173
2200.52260 19.475 0.147
2371.83414 19.578 0.108
2381.84146 19.623 0.096
2389.86521 20.508 0.232
2391.75884 20.457 0.381
2400.74790 19.389 0.089
2400.77536 19.525 0.091
2402.86043 19.443 0.094
2406.89777 19.427 0.105
2433.71217 19.820 0.140
2435.66504 20.468 0.213
2441.63718 19.558 0.089
2444.63733 19.537 0.101
2446.73737 19.699 0.127
2452.64614 19.758 0.183
2458.78220 19.461 0.110
2462.64209 19.519 0.080
2464.60045 19.422 0.081
2467.49333 19.557 0.119
2469.50300 19.660 0.104
2471.73861 19.680 0.098
2473.49122 19.698 0.171
2483.57139 19.569 0.111
2486.53983 19.336 0.114
2490.52249 19.514 0.130
2492.76132 19.484 0.161
2495.55307 19.394 0.089
2497.61113 19.570 0.091
2499.65730 19.751 0.113
2501.67542 19.525 0.099
2508.49402 19.420 0.107
2511.67093 19.423 0.140
2518.58746 19.542 0.115
2521.60109 19.726 0.121
2535.53061 19.625 0.171
2541.50595 19.611 0.094
2546.54799 19.544 0.132
2555.55556 19.691 0.162
2562.50864 19.432 0.127
2572.50084 20.347 0.446
2703.90123 19.782 0.149
2732.89277 19.805 0.131
2743.88012 20.360 0.160
2752.79356 19.450 0.093
2813.74010 19.482 0.099
2815.67630 19.713 0.106
2819.61476 19.526 0.084
2821.58499 19.666 0.109
2830.62415 19.791 0.234
2835.55201 19.496 0.183
2836.78328 19.315 0.124
2840.65225 19.600 0.101
2844.71550 19.400 0.078
2856.52984 19.706 0.137
2858.50703 19.658 0.122
2870.69182 19.614 0.130
2907.50179 20.202 0.282
3049.85254 19.516 0.122
3099.73961 20.035 0.208
3110.72626 19.784 0.131
3111.78294 19.655 0.109
3118.81522 20.552 0.315
3127.69111 19.595 0.105
3134.66196 20.001 0.269
3199.58855 19.695 0.166
3211.54577 19.561 0.098
3217.54986 19.701 0.144
3218.54894 20.094 0.260
3223.54257 19.787 0.173
3224.55419 19.591 0.090
3226.50903 19.603 0.122
3230.55814 19.652 0.106
3241.55396 19.329 0.200
3250.54808 20.541 0.232
3253.48909 19.808 0.120
3255.65941 19.820 0.199
3258.58387 19.633 0.145
3262.53051 19.554 0.114
3266.53805 19.522 0.133
3268.60617 20.457 0.275
3274.49932 19.580 0.142
3277.60269 19.113 0.107
3280.57552 19.730 0.142
3287.50698 19.561 0.120
3292.49101 20.154 0.223
3444.83898 19.535 0.086
3446.86757 19.491 0.091
3448.89835 19.672 0.098
3452.78233 20.315 0.203
3454.83947 19.567 0.137
3538.76347 19.645 0.095
3550.73570 19.473 0.067
3551.68149 19.610 0.079
3552.78679 19.606 0.124
3553.63992 20.125 0.253
3554.60212 19.318 0.089
3556.60390 19.280 0.075
3558.66705 20.312 0.149
3559.74700 19.617 0.085
3560.76935 19.501 0.075
3561.67917 19.776 0.104
3562.48224 19.862 0.140
3563.53607 19.784 0.114
3564.67794 19.541 0.089
3569.77932 19.659 0.140
3573.53413 19.921 0.194
3574.58869 19.492 0.109
3575.57743 19.383 0.072
3576.63172 19.512 0.081
3577.60774 19.611 0.094
3578.56125 19.464 0.073
3579.54491 19.442 0.073
3580.53164 19.530 0.090
3581.57187 19.936 0.157
3582.52039 19.981 0.144
3583.55981 20.222 0.167
3584.54608 19.687 0.085
3585.53665 19.564 0.085
3586.60177 19.782 0.092
3587.66944 19.582 0.114
3589.57527 19.515 0.062
3590.53287 19.509 0.077
3591.58071 19.706 0.086
3593.49800 19.598 0.083
3594.60129 19.619 0.081
3601.51140 19.511 0.095
3602.52620 19.550 0.128
3603.51701 20.372 0.279
3607.53291 19.450 0.069
3608.52470 19.638 0.141
3617.52830 19.509 0.105
3620.60389 19.751 0.102
3629.58776 19.722 0.138
3632.50904 19.470 0.110
3634.56877 19.815 0.116
3640.59607 19.695 0.123
3643.48449 19.459 0.123
3651.51513 19.556 0.120
3653.54314 19.358 0.138
3774.85607 19.680 0.117
3780.83569 19.476 0.151
4151.84973 19.551 0.121
4154.85936 19.655 0.096
4157.82965 19.602 0.111
4161.89957 19.572 0.118
4164.83547 19.526 0.105
4166.84796 19.289 0.130
4168.88286 19.986 0.167
4170.90191 19.644 0.117
4175.91217 19.581 0.138
4177.80979 19.495 0.095
4178.86305 19.903 0.134
4179.90287 20.161 0.171
4181.83961 19.768 0.105
4182.88798 19.496 0.079
4183.92025 19.670 0.153
4184.77934 19.711 0.126
4185.89793 19.580 0.100
4190.78457 19.579 0.124
4191.88541 19.767 0.160
4192.80281 19.597 0.125
4193.82126 19.669 0.133
4194.84275 19.499 0.093
4196.83133 19.494 0.098
4202.81279 20.010 0.126
4203.80088 19.627 0.090
4204.79300 19.558 0.091
4205.79133 19.540 0.091
4208.78474 19.627 0.090
4213.79197 19.470 0.086
4215.79848 19.467 0.102
4216.75619 19.454 0.087
4217.76376 19.507 0.072
4218.81578 19.700 0.148
4219.84155 19.465 0.102
4224.75237 20.375 0.368
4224.84834 19.719 0.274
4228.64433 19.773 0.182
4230.71746 19.585 0.111
4231.69975 19.573 0.092
4232.71195 19.756 0.151
4233.89861 20.034 0.234
4234.87605 19.081 0.090
4235.63109 19.677 0.137
4235.67350 19.842 0.121
4238.74307 19.465 0.089
4239.69369 19.548 0.104
4240.74657 19.536 0.087
4243.60249 19.732 0.193
4244.67107 19.744 0.140
4245.66440 20.142 0.165
4246.72319 19.834 0.144
4247.75955 19.484 0.107
4250.81040 19.670 0.140
4256.57996 19.530 0.163
4258.59676 19.874 0.202
4267.55588 19.755 0.174
4268.79203 19.571 0.104
4269.53891 20.302 0.265
4272.56233 19.533 0.105
4273.76089 19.774 0.144
4274.62427 19.824 0.174
4275.65316 19.515 0.112
4276.74557 19.918 0.239
4277.66896 19.863 0.136
4278.62637 20.236 0.286
4283.56399 19.515 0.119
4284.55581 19.460 0.112
4285.55920 19.692 0.140
4286.55874 19.859 0.169
4289.59340 20.696 0.360
4290.61602 19.791 0.147
4291.67640 19.509 0.096
4292.54114 19.666 0.099
4293.54741 19.551 0.092
4294.54044 19.552 0.095
4295.55856 19.628 0.119
4296.54490 19.672 0.111
4297.66848 19.621 0.094
4298.50767 19.673 0.140
4299.49412 19.497 0.100
4300.58616 19.667 0.106
4301.76739 19.376 0.083
4302.72366 19.546 0.109
4303.73196 19.480 0.114
4304.50389 19.545 0.180
4310.67006 19.619 0.172
4312.57874 19.556 0.117
4315.58615 19.436 0.096
4316.66891 19.542 0.127
4317.59283 19.797 0.132
4319.56955 19.769 0.163
4320.65639 19.519 0.114
4326.58757 19.467 0.099
4327.54592 19.763 0.164
4328.55176 19.498 0.077
4329.48836 19.395 0.103
4330.55766 19.713 0.117
4331.55338 21.029 0.416
4332.56737 20.130 0.155
4338.55511 19.428 0.104
4339.55127 19.561 0.102
4340.48981 19.424 0.167
4341.55569 19.999 0.214
4342.59176 19.573 0.114
4343.57127 19.542 0.091
4344.61260 19.384 0.106
4345.56750 19.527 0.095
4346.57311 19.605 0.169
4347.58696 19.507 0.119
4349.55570 19.604 0.097
4350.61350 20.137 0.183
4351.56102 19.758 0.127
4353.57752 19.828 0.151
4354.59687 19.716 0.154
4355.61318 19.553 0.134
4356.56177 19.494 0.111
4358.58097 19.326 0.112
4361.60716 19.432 0.159
4367.57128 19.605 0.161
4371.57098 19.410 0.116
4377.53596 19.515 0.121
4380.61541 19.737 0.166
4505.87242 19.504 0.116
4508.86452 19.669 0.093
4512.85043 20.181 0.164
4514.86876 19.779 0.144
4518.85303 19.519 0.144
4521.88488 19.829 0.134
4523.82572 19.536 0.146
4525.81784 19.472 0.186
4531.89322 19.879 0.171
4534.79424 20.610 0.409
4536.87413 19.776 0.136
4538.79502 19.906 0.182
4539.90851 19.443 0.104
4540.77928 19.473 0.095
4541.87627 19.594 0.087
4542.83971 19.634 0.116
4545.91186 19.696 0.124
4546.83773 19.837 0.146
4547.85715 19.675 0.110
4550.91870 19.469 0.153
4551.83888 19.642 0.121
4556.81148 20.012 0.144
4557.83449 19.651 0.118
4558.80309 19.435 0.082
4559.80172 19.561 0.091
4560.80211 19.470 0.101
4561.79100 19.556 0.077
4564.79514 19.663 0.089
4565.77977 19.612 0.075
4566.78061 19.856 0.110
4567.77952 19.526 0.090
4568.80913 19.615 0.098
4569.79880 19.472 0.078
4570.79242 19.656 0.101
4571.77992 19.473 0.100
4572.80306 19.725 0.162
4573.79070 19.632 0.095
4574.79300 19.703 0.127
4575.80183 20.226 0.202
4577.89082 19.763 0.156
4578.84443 19.701 0.173
4583.79989 19.801 0.176
4585.70752 19.715 0.157
4586.91264 19.547 0.132
4587.66571 19.810 0.251
4588.64963 19.892 0.171
4589.80935 19.341 0.093
4590.65298 20.189 0.232
4590.83647 19.529 0.089
4591.80539 19.659 0.098
4592.71705 19.530 0.098
4593.70609 19.544 0.104
4594.72734 19.634 0.103
4595.71966 19.399 0.079
4596.71164 19.507 0.093
4597.73638 19.942 0.131
4598.71238 20.296 0.140
4599.68493 21.086 0.401
4600.69728 20.019 0.104
4601.69993 19.777 0.102
4602.69232 19.599 0.102
4603.91534 19.691 0.143
4606.70026 19.490 0.096
4610.80363 19.351 0.125
4611.67923 19.687 0.113
4611.87009 19.539 0.116
4612.70367 19.702 0.120
4615.84620 19.736 0.173
4616.66214 19.664 0.129
4617.76457 19.562 0.093
4618.70305 19.541 0.087
4622.86179 19.612 0.173
4623.72344 19.430 0.089
4624.66267 19.852 0.153
4625.64781 19.567 0.121
4626.68568 19.555 0.135
4627.61912 19.453 0.089
4628.62117 19.615 0.120
4629.68587 19.826 0.115
4630.62218 19.600 0.114
4631.64438 19.606 0.083
4632.63117 19.678 0.101
4633.62475 19.763 0.114
4638.80867 20.359 0.261
4639.62972 19.489 0.107
4640.64661 19.781 0.132
4641.72915 19.975 0.153
4642.64518 20.199 0.159
4643.61133 20.743 0.310
4644.67270 19.377 0.095
4645.58515 19.507 0.104
4646.58168 19.632 0.084
4647.57531 19.506 0.099
4648.57970 19.567 0.109
4649.58183 19.540 0.094
4650.61454 19.553 0.108
4651.58600 19.662 0.114
4652.55878 19.665 0.120
4653.55275 19.635 0.137
4654.59195 19.680 0.104
4655.55258 19.531 0.117
4656.55456 19.641 0.104
4658.71327 19.571 0.133
4660.66603 19.501 0.114
4661.54267 19.565 0.118
4665.71045 19.606 0.152
4666.61574 19.582 0.126
4670.68059 19.498 0.129
4671.72779 19.665 0.123
4672.56160 19.653 0.091
4674.56747 19.851 0.161
4677.54412 19.624 0.113
4681.49015 19.384 0.093
4682.53384 19.713 0.115
4683.57234 19.727 0.141
4684.59159 20.429 0.248
4685.55600 20.529 0.273
4686.55702 20.064 0.166
4687.55700 19.574 0.106
4688.55022 19.399 0.098
4694.50016 20.071 0.291
4697.55380 19.421 0.102
4698.57991 19.594 0.109
4699.58605 19.364 0.122
4700.57523 19.540 0.110
4701.55814 19.495 0.115
4702.57304 19.524 0.119
4703.64042 19.801 0.178
4705.62440 20.470 0.276
4707.66966 19.490 0.114
4709.56834 19.826 0.175
4710.60889 19.760 0.156
4716.64118 19.736 0.254
4721.55914 19.446 0.144
4724.56596 19.474 0.127
4725.59357 20.393 0.321
4730.63527 19.365 0.108
4739.54305 19.500 0.134
4743.60228 19.807 0.212
4754.52125 19.601 0.170
4759.55183 19.937 0.223
4874.87997 19.876 0.159
4878.84003 19.914 0.174
4885.84138 19.748 0.127
4887.87944 20.563 0.200
4891.83594 19.717 0.141
4897.86753 19.727 0.125
4900.83189 19.635 0.114
4902.80892 19.550 0.097
4904.83723 19.690 0.105
4906.85968 19.801 0.137
4910.86628 19.563 0.100
4914.83099 19.620 0.092
4925.75009 19.410 0.071
4927.78112 19.573 0.108
4929.76578 20.337 0.241
4930.90518 19.577 0.141
4931.74981 20.403 0.326
4932.88276 19.581 0.116
4933.87749 19.477 0.109
4938.74701 19.445 0.087
4939.77003 19.573 0.108
4941.72645 19.488 0.091
4942.83087 19.564 0.093
4943.84553 19.467 0.084
4944.85479 19.405 0.073
4945.74833 19.654 0.085
4950.83051 21.117 0.390
4953.71312 20.405 0.205
4954.70728 19.691 0.106
4955.71424 19.685 0.114
