2127.59042 18.157 0.036
2130.61176 18.041 0.022
2133.62414 18.142 0.029
2137.57561 18.055 0.020
2142.55616 18.117 0.023
2171.67092 18.180 0.034
2190.52861 18.084 0.022
2215.53832 18.050 0.046
2338.84178 18.036 0.029
2353.87346 18.122 0.027
2363.85002 18.096 0.027
2377.79528 18.045 0.027
2384.87809 18.092 0.022
2388.89647 18.062 0.021
2390.92025 18.013 0.023
2393.83778 18.056 0.030
2400.84010 18.078 0.022
2404.71362 18.136 0.021
2406.81670 18.341 0.028
2416.83735 18.059 0.025
2424.93045 18.027 0.051
2431.77416 18.073 0.023
2433.76429 18.083 0.024
2434.93498 18.124 0.038
2436.92178 18.037 0.034
2439.88646 18.442 0.038
2441.83688 18.052 0.023
2444.89203 18.107 0.040
2445.74575 18.085 0.022
2448.79960 18.166 0.053
2454.60985 18.057 0.023
2460.66704 18.108 0.024
2463.65565 18.486 0.027
2466.48381 18.104 0.029
2468.83019 18.040 0.030
2469.66125 18.049 0.018
2471.62328 18.091 0.020
2473.63747 18.073 0.023
2481.77648 18.107 0.034
2485.47415 18.036 0.034
2491.56466 18.210 0.036
2493.75476 18.112 0.030
2496.59614 18.094 0.019
2498.63947 18.071 0.019
2500.66113 18.081 0.020
2502.67960 18.221 0.034
2510.57737 18.114 0.027
2516.68263 18.079 0.043
2519.61390 18.371 0.031
2524.64182 18.302 0.033
2529.56253 18.054 0.025
2538.61174 18.077 0.032
2543.51054 18.021 0.023
2548.56583 18.004 0.028
2552.60176 18.205 0.030
2557.56535 18.057 0.025
2564.56601 18.184 0.038
2583.51460 17.949 0.035
2709.88673 18.102 0.020
2719.91986 18.087 0.043
2730.83122 18.104 0.021
2735.81420 18.150 0.023
2747.80388 17.978 0.035
2754.81241 18.105 0.023
2757.89611 18.134 0.031
2763.85551 18.046 0.023
2767.92507 18.311 0.039
2776.71071 18.037 0.041
2783.92082 18.110 0.028
2785.69933 18.134 0.027
2787.80034 18.027 0.025
2790.59442 18.038 0.020
2793.78803 18.303 0.030
2795.70396 18.078 0.021
2797.71223 18.135 0.023
2802.75897 18.186 0.047
2809.83303 18.095 0.025
2811.75234 18.072 0.028
2812.87730 18.439 0.038
2816.73725 18.125 0.028
2818.71426 18.104 0.024
2820.84069 18.090 0.027
2829.84216 18.566 0.047
2835.74429 18.352 0.031
2837.75813 18.092 0.039
2838.79946 18.145 0.037
2840.77102 18.121 0.034
2843.76430 18.029 0.024
2845.74980 18.083 0.024
2850.69616 18.058 0.023
2852.69385 18.334 0.031
2854.66137 18.063 0.026
2857.56125 18.124 0.026
2862.68762 18.052 0.035
2865.57691 18.072 0.025
2872.52324 18.055 0.022
2877.68669 18.092 0.027
2883.68264 18.158 0.027
2885.67836 18.129 0.041
2893.54904 18.105 0.027
2896.66305 18.087 0.027
2902.61212 18.042 0.030
2907.58611 18.050 0.029
2911.59366 18.093 0.027
2927.56291 18.109 0.031
3053.84499 18.053 0.023
