2072.60813 18.750 0.061
2072.61948 18.697 0.056
2072.62808 18.701 0.055
2072.63669 18.770 0.056
2072.65214 18.815 0.063
2072.66075 18.870 0.067
2072.66940 18.919 0.063
2072.67807 18.877 0.058
2072.68670 18.858 0.065
2072.69536 18.952 0.074
2072.70463 19.009 0.074
2072.72545 19.030 0.067
2072.73409 18.942 0.061
2072.74270 19.027 0.068
2072.75131 18.965 0.063
2072.75992 18.860 0.067
2072.76854 18.884 0.064
2072.77757 18.853 0.061
2072.78619 18.795 0.059
2072.79478 18.656 0.052
2072.80341 18.799 0.063
2072.81204 18.760 0.058
2072.82065 18.680 0.057
2072.83019 18.733 0.064
2072.83909 18.700 0.063
2072.84818 18.784 0.067
2072.85906 18.717 0.065
2072.86764 18.701 0.062
2072.87625 18.686 0.069
2072.89043 18.826 0.094
2072.89901 18.753 0.091
2072.90758 18.759 0.077
2073.57944 18.917 0.081
2073.59481 18.771 0.064
2073.60345 18.843 0.064
2073.61203 18.777 0.061
2073.62065 18.841 0.060
2073.62927 18.845 0.062
2073.63788 18.841 0.061
2073.64666 18.870 0.067
2073.65531 18.693 0.055
2073.66392 18.815 0.054
2073.67476 18.708 0.050
2073.68338 18.814 0.057
2073.69205 18.658 0.049
2073.70065 18.705 0.049
2073.70929 18.714 0.049
2073.71793 18.760 0.050
2073.72741 18.755 0.058
2073.73599 18.780 0.057
2073.74457 18.813 0.055
2073.75315 18.743 0.050
2073.76176 18.724 0.051
2073.77035 18.718 0.050
2073.78361 18.835 0.055
2073.79221 18.849 0.060
2073.82208 19.118 0.082
2073.83106 19.004 0.100
2073.84627 19.144 0.092
2073.85487 18.932 0.069
2073.86348 19.137 0.098
2073.87206 19.050 0.089
2073.88066 19.235 0.104
2073.89417 19.182 0.112
2073.90273 19.035 0.095
2073.91133 18.831 0.087
2074.57341 18.645 0.050
2074.58204 18.707 0.050
2074.59067 18.724 0.059
2074.59929 18.820 0.065
2074.60790 18.761 0.055
2074.61656 18.740 0.063
2074.62566 18.868 0.067
2074.63427 18.630 0.060
2074.64289 18.818 0.078
2074.65149 18.980 0.078
2074.66011 18.824 0.074
2074.66876 18.893 0.064
2074.67760 18.917 0.061
2074.69996 18.953 0.077
2074.70863 18.922 0.063
2074.71724 18.926 0.067
2074.72848 18.902 0.059
2074.73707 18.830 0.057
2074.76083 18.797 0.059
2074.76943 18.900 0.071
2074.77804 18.858 0.066
2074.78664 18.763 0.072
2074.79650 18.813 0.070
2074.80510 18.733 0.061
2074.81394 18.716 0.051
2074.82256 18.657 0.054
2074.83117 18.784 0.051
2074.83978 18.582 0.048
2074.84840 18.718 0.045
2074.85699 18.669 0.044
2074.86605 18.709 0.049
2074.87460 18.642 0.052
2074.88319 18.701 0.060
2074.89183 18.803 0.061
2074.90046 18.752 0.062
2074.90905 18.783 0.067
2075.60820 18.767 0.071
2075.61680 18.853 0.070
2075.62539 18.768 0.066
2075.63403 18.767 0.065
2075.64264 18.758 0.063
2075.66227 18.755 0.063
2075.67087 18.727 0.067
2075.67947 18.687 0.055
2075.68807 18.679 0.050
2075.69674 18.711 0.057
2075.70534 18.672 0.056
2075.71436 18.781 0.061
2075.72360 18.843 0.073
2075.73220 18.756 0.063
2075.74080 18.785 0.062
2075.76760 18.807 0.063
2075.77619 18.775 0.073
2075.78477 18.862 0.071
2075.79365 19.031 0.087
2075.80226 18.993 0.085
2075.81086 18.840 0.072
2075.81946 18.967 0.082
2075.82805 18.934 0.073
2075.84070 18.970 0.078
2075.84929 18.926 0.072
2075.85790 18.821 0.073
2075.86650 18.886 0.076
2075.87510 18.929 0.085
2075.88364 19.060 0.094
2075.89256 18.825 0.085
2076.68671 19.105 0.090
2076.69532 19.084 0.087
2076.70396 18.921 0.069
2076.71257 18.915 0.085
2076.72734 18.921 0.095
2076.73613 18.809 0.071
2076.74494 18.844 0.089
2076.75368 18.731 0.072
2076.76245 18.803 0.066
2076.77125 18.632 0.055
2076.78711 18.714 0.061
2076.79852 18.687 0.064
2076.81120 18.824 0.076
2076.82370 18.770 0.072
2076.83245 18.709 0.059
2076.84118 18.741 0.063
2076.84991 18.790 0.075
2076.85866 18.768 0.066
2076.86741 18.743 0.072
2076.87671 18.864 0.074
2076.88543 18.836 0.072
2077.58337 18.780 0.070
2077.60399 18.776 0.069
2077.61467 18.783 0.063
2077.62559 18.734 0.057
2077.63434 18.688 0.050
2077.64726 18.627 0.041
2077.65601 18.694 0.045
2077.66475 18.697 0.044
2077.67350 18.647 0.041
2077.68568 18.703 0.045
2077.69444 18.709 0.044
2077.70322 18.809 0.052
2077.71199 18.811 0.054
2077.72072 18.786 0.053
2077.72947 18.825 0.056
2077.73923 18.945 0.070
2077.74802 18.842 0.063
2077.75681 18.803 0.054
2077.76558 18.983 0.062
2077.77432 18.929 0.066
2077.78643 18.957 0.061
2077.79519 18.982 0.067
2077.80390 19.088 0.071
2077.81269 19.075 0.066
2077.82145 19.003 0.063
2077.83020 18.956 0.068
2077.83932 19.089 0.110
2077.84805 18.925 0.078
2077.85681 18.916 0.093
2077.86557 18.771 0.068
2077.87425 18.626 0.060
2077.88299 18.664 0.067
2077.89198 18.777 0.070
2077.90071 18.710 0.079
2078.58929 18.747 0.063
2078.59800 18.868 0.073
2078.60677 18.888 0.073
2078.61552 18.975 0.070
2078.62429 18.858 0.069
2078.63305 18.922 0.068
2078.65343 18.888 0.053
2078.66218 18.960 0.054
2078.67094 18.902 0.051
2078.67968 18.870 0.056
2078.68846 18.801 0.052
2078.69721 18.957 0.062
2078.70686 18.802 0.052
2078.71577 18.788 0.052
2078.72452 18.733 0.046
2078.73325 18.748 0.049
2078.74200 18.701 0.047
2078.75075 18.802 0.059
2078.76379 18.746 0.054
2078.78265 18.753 0.056
2078.79142 18.788 0.061
2078.80018 18.738 0.061
2078.80891 18.683 0.057
2078.83496 18.718 0.060
2078.84375 18.809 0.075
2078.85248 18.737 0.066
2078.86202 18.951 0.085
2078.87072 18.853 0.081
2078.87947 18.937 0.096
2078.88825 18.942 0.103
2079.61930 18.854 0.070
2079.62802 18.682 0.065
2079.63683 18.722 0.059
2079.64558 18.692 0.057
2079.65431 18.697 0.053
2079.66308 18.772 0.057
2079.67289 18.676 0.049
2079.68164 18.770 0.053
2079.69040 18.790 0.056
2079.69911 18.770 0.060
2079.70783 18.817 0.063
2079.71661 18.859 0.062
2079.73070 18.895 0.060
2079.73949 18.903 0.065
2079.74824 18.956 0.069
2079.75696 19.007 0.069
2079.76570 18.948 0.063
2079.77443 18.949 0.060
2079.79311 19.013 0.071
2079.80185 18.996 0.072
2079.81061 18.916 0.074
2079.82108 18.748 0.079
2080.55266 18.796 0.051
2080.56711 18.805 0.051
2080.57583 18.892 0.053
2080.58455 18.971 0.055
2080.59328 18.957 0.060
2080.60202 18.965 0.056
2080.61074 19.005 0.074
2080.62544 18.942 0.064
2080.63422 18.960 0.062
2080.64297 19.100 0.072
2080.65177 18.866 0.058
2080.66048 18.824 0.055
2080.67514 18.927 0.061
2080.69678 18.822 0.065
2080.70554 18.688 0.058
2080.71428 18.788 0.059
2080.74805 18.725 0.050
2080.76051 18.681 0.047
2080.77481 18.717 0.051
2080.80020 18.786 0.056
2080.81055 18.781 0.059
2080.81932 18.775 0.065
2080.82807 18.796 0.067
2080.83678 18.763 0.064
2080.84552 18.862 0.072
2080.85430 18.824 0.087
2081.56627 18.700 0.050
2081.57616 18.725 0.052
2081.58490 18.678 0.048
2081.59555 18.683 0.049
2081.61509 18.770 0.060
2081.65783 18.785 0.056
2081.69927 19.036 0.068
2081.70808 18.908 0.062
2081.71687 19.005 0.069
2081.72563 18.997 0.065
2081.73439 19.047 0.072
2081.74314 19.087 0.078
2081.75394 19.086 0.072
2081.76271 19.029 0.070
2081.77148 19.025 0.074
2081.78026 18.943 0.069
2081.79834 18.919 0.070
2081.80708 18.969 0.067
2081.81583 18.745 0.059
2081.82786 18.863 0.061
2081.83658 18.754 0.054
2081.86137 18.743 0.055
2081.87668 18.701 0.064
2082.63985 18.931 0.069
2082.64861 18.799 0.061
2082.68219 18.763 0.055
2082.69294 18.808 0.056
2082.70231 18.678 0.053
2082.71108 18.682 0.061
2082.72356 18.740 0.060
2082.73527 18.697 0.052
2082.74402 18.797 0.060
2082.75275 18.740 0.052
2082.76382 18.725 0.051
2082.78055 18.744 0.051
2082.78930 18.823 0.057
2082.79806 18.813 0.054
2082.80677 18.823 0.056
2082.81553 18.826 0.057
2082.82428 18.846 0.059
2082.83680 18.936 0.068
2082.84556 18.920 0.073
2082.85433 18.971 0.070
2082.86309 18.993 0.078
2082.87185 19.087 0.092
2082.88062 19.063 0.095
2085.62793 18.942 0.078
2085.63649 18.761 0.066
2085.64506 18.854 0.074
2085.65371 18.972 0.077
2085.66233 18.949 0.074
2085.67091 18.950 0.070
2085.68217 19.006 0.086
2085.69075 18.970 0.083
2085.69931 18.879 0.081
2085.70792 19.038 0.087
2085.71663 18.948 0.085
2085.72527 19.141 0.102
2085.73505 19.142 0.097
2085.74364 19.023 0.094
2085.75587 18.990 0.100
2085.76598 18.771 0.071
2085.78189 18.745 0.073
2085.79206 18.835 0.073
2085.80064 18.730 0.070
2085.82309 18.762 0.076
2085.83168 18.603 0.069
2085.84027 18.669 0.080
2085.84886 18.602 0.074
2085.85747 18.688 0.078
2086.55194 19.032 0.066
2086.56053 18.872 0.056
2086.56914 18.907 0.056
2086.58887 18.883 0.061
2086.59750 18.958 0.064
2086.60610 18.830 0.052
2086.62541 18.750 0.046
2086.63403 18.741 0.048
2086.64261 18.725 0.048
2086.65121 18.779 0.053
2086.65980 18.731 0.050
2086.66842 18.720 0.048
2086.68017 18.747 0.047
2086.68873 18.670 0.045
2086.69729 18.679 0.047
2086.70590 18.657 0.046
2086.71455 18.785 0.061
2086.72797 18.738 0.061
2086.73664 18.815 0.060
2086.74527 18.714 0.055
2086.75386 18.785 0.056
2086.76246 18.832 0.060
2086.77577 18.964 0.071
2086.78437 19.000 0.071
2086.79301 19.015 0.075
2086.80541 19.012 0.082
2086.81399 18.997 0.079
2086.82259 18.932 0.071
2086.83504 19.006 0.092
2086.84367 19.165 0.113
2086.85228 18.953 0.095
2086.86091 19.084 0.115
2087.55752 18.751 0.052
2087.59914 18.832 0.052
2087.60787 18.756 0.048
2087.61660 18.808 0.059
2087.62535 18.852 0.055
2087.63409 18.908 0.055
2087.64284 18.873 0.057
2087.65180 18.900 0.059
2087.66056 18.896 0.057
2087.67263 18.942 0.060
2087.68138 18.921 0.058
2087.69076 18.909 0.059
2087.70821 18.858 0.056
2087.71697 18.882 0.056
2087.72575 18.893 0.057
2087.73454 18.859 0.054
2087.74334 18.809 0.051
2087.75209 18.745 0.051
2087.76256 18.720 0.049
2087.77131 18.794 0.050
2087.78006 18.736 0.049
2087.78881 18.728 0.050
2087.79755 18.754 0.052
2087.80630 18.595 0.050
2087.81553 18.712 0.054
2087.82429 18.816 0.057
2087.83300 18.709 0.056
2087.84176 18.714 0.059
2087.85055 18.757 0.063
2087.85925 18.732 0.067
2088.55489 18.981 0.080
2088.56685 18.943 0.077
2088.57556 18.991 0.079
2088.58433 18.765 0.061
2088.59312 18.780 0.061
2088.60207 18.739 0.057
2088.61082 18.772 0.057
2088.61961 18.767 0.059
2088.62839 18.761 0.057
2088.63867 18.690 0.052
2088.64745 18.753 0.056
2088.65624 18.763 0.053
2088.66500 18.804 0.058
2088.67619 18.684 0.052
2088.68549 18.692 0.050
2088.69419 18.734 0.051
2088.70292 18.727 0.057
2088.71168 18.718 0.058
2088.73565 18.754 0.057
2088.74439 18.820 0.060
2088.75314 18.770 0.056
2088.76188 19.016 0.082
2088.77373 19.042 0.081
2088.78249 18.905 0.076
2088.79130 18.876 0.068
2088.80006 18.873 0.081
2088.80886 19.043 0.091
2088.81760 19.010 0.084
2088.82677 19.107 0.101
2088.83550 19.016 0.087
2088.84428 18.931 0.098
2089.60741 18.931 0.081
2089.61615 19.062 0.093
2089.62486 19.100 0.091
2089.63361 18.969 0.078
2089.64236 18.945 0.070
2089.65153 19.107 0.079
2089.66021 18.986 0.079
2090.63951 18.706 0.065
2090.64831 18.683 0.063
2090.65825 18.683 0.056
2090.66702 18.748 0.060
2090.67577 18.642 0.060
2090.68468 18.908 0.094
2090.70421 18.860 0.079
2090.71295 18.726 0.080
2090.72169 19.032 0.100
2090.73040 18.912 0.088
2090.73913 18.955 0.076
2090.74788 18.924 0.084
2090.75745 19.026 0.079
2090.76620 18.977 0.071
2090.77493 19.046 0.078
2090.78369 19.085 0.080
2090.79246 19.047 0.072
2090.80127 18.980 0.067
2090.81334 19.009 0.093
2090.82207 19.072 0.102
2090.83642 18.769 0.079
2091.58381 18.722 0.059
2091.59258 18.804 0.061
2091.60137 18.902 0.061
2091.61206 18.951 0.068
2091.62820 18.929 0.060
2091.64867 18.947 0.060
2091.65933 18.961 0.063
2091.66805 18.894 0.059
2091.67740 18.908 0.062
2091.68618 18.837 0.062
2091.69495 18.824 0.060
2091.70370 18.639 0.050
2091.71271 18.827 0.059
2091.72142 18.713 0.053
2091.73016 18.695 0.051
2091.73891 18.741 0.053
2091.74769 18.734 0.050
2091.75881 18.816 0.058
2091.77170 18.738 0.053
2091.78046 18.713 0.061
2091.78922 18.741 0.051
2091.79798 18.698 0.049
2091.80675 18.718 0.051
2091.81552 18.719 0.054
2091.82443 18.818 0.061
2091.83367 18.852 0.068
2091.84243 18.907 0.067
2091.85120 18.753 0.059
2091.85993 18.893 0.072
2091.86863 18.914 0.076
2092.64121 18.805 0.060
2092.64999 18.688 0.052
2092.65880 18.718 0.058
2092.67034 18.722 0.054
2092.67910 18.823 0.072
2092.68785 18.672 0.079
2092.69665 18.714 0.057
2092.70541 18.797 0.067
2092.71418 18.857 0.066
2092.72946 18.957 0.066
2092.73822 18.933 0.066
2092.74882 18.883 0.069
2092.75754 19.044 0.086
2092.76628 18.848 0.079
2092.77503 19.032 0.088
2092.78379 19.017 0.091
2092.79427 18.929 0.080
2092.80305 18.963 0.098
2092.81177 18.751 0.072
2092.82695 18.942 0.125
2101.54876 18.954 0.074
2101.55749 18.890 0.070
2101.56621 18.852 0.060
2101.57498 18.737 0.053
2101.58369 18.817 0.061
2101.59244 18.773 0.071
2101.60700 18.689 0.052
2101.61575 18.736 0.070
2101.62456 18.706 0.049
2101.63331 18.706 0.054
2101.64202 18.646 0.051
2101.65141 18.604 0.052
2101.66040 18.647 0.056
2101.66914 18.639 0.052
2101.67790 18.750 0.059
2101.68664 18.727 0.063
2101.69539 18.810 0.067
2101.70412 18.662 0.055
2101.72132 18.774 0.062
2101.73008 18.741 0.060
2101.75527 18.883 0.074
2101.76399 18.954 0.090
2101.77278 19.015 0.087
2101.78151 18.926 0.084
2102.53314 18.768 0.048
2102.54191 18.758 0.047
2102.55249 18.731 0.050
2102.56123 18.750 0.051
2102.57699 18.787 0.054
2102.58575 18.858 0.056
2102.59451 18.790 0.054
2102.60327 18.929 0.066
2102.61202 18.936 0.059
2102.62080 19.045 0.067
2102.63011 19.156 0.074
2102.63888 19.009 0.062
2102.64826 18.928 0.062
2103.49708 18.951 0.068
2103.50580 18.922 0.065
2103.51625 18.964 0.066
2103.52502 18.899 0.063
2103.53378 18.922 0.065
2103.54249 18.810 0.058
2103.55125 18.804 0.056
2103.55995 18.755 0.056
2103.57185 18.834 0.051
2103.58063 18.776 0.048
2103.58938 18.739 0.047
2103.59815 18.739 0.041
2103.60757 18.670 0.040
2103.61633 18.738 0.039
2103.62509 18.641 0.037
2103.63382 18.716 0.040
2103.64312 18.896 0.045
2103.65186 18.686 0.042
2103.66175 18.745 0.041
2103.67058 18.848 0.048
2103.67931 18.749 0.045
2103.72031 18.825 0.059
2103.72909 18.904 0.067
2103.74662 19.022 0.092
2103.75538 19.076 0.077
2103.76410 19.059 0.073
2103.77285 19.008 0.063
2103.78160 18.960 0.064
2103.79033 19.011 0.061
2105.50333 19.014 0.094
2105.51593 18.872 0.077
2105.52609 18.812 0.068
2105.53482 18.719 0.057
2105.54357 18.843 0.068
2105.55229 18.785 0.061
2105.56351 18.708 0.056
2105.57223 18.741 0.052
2105.58100 18.771 0.048
2105.58972 18.694 0.045
2105.59922 18.674 0.043
2105.61765 18.634 0.040
2105.62948 18.681 0.040
2105.64029 18.712 0.040
2105.64905 18.756 0.045
2105.66159 18.714 0.044
2105.67033 18.754 0.048
2105.67909 18.839 0.052
2105.68783 18.839 0.051
2105.69659 18.781 0.047
2105.70535 18.975 0.055
2105.71153 18.806 0.049
2105.72177 18.969 0.057
2105.73048 18.930 0.057
2105.73920 18.898 0.060
2105.74797 18.986 0.062
2105.75671 18.902 0.069
2105.76546 18.950 0.070
2105.77462 18.920 0.070
2105.78336 18.924 0.070
2105.79210 18.745 0.071
2105.80093 18.751 0.071
2106.59248 19.017 0.073
2106.60210 18.957 0.065
2106.61137 18.992 0.066
2106.62012 18.924 0.066
2106.62888 18.918 0.078
2106.63841 18.979 0.070
2106.64716 18.849 0.065
2106.65593 18.828 0.064
2106.66499 18.863 0.057
2106.67377 18.905 0.059
2106.68251 18.785 0.055
2106.69122 18.723 0.057
2106.69994 18.759 0.056
2106.72413 18.688 0.047
2106.73287 18.664 0.047
2106.74164 18.721 0.058
2106.75036 18.659 0.055
2106.75910 18.701 0.060
2111.50915 18.749 0.061
2111.51790 18.714 0.071
2111.52667 18.673 0.064
2111.53544 18.854 0.090
2111.55298 18.661 0.065
2111.56217 18.744 0.065
2111.57097 18.787 0.065
2111.57973 18.744 0.068
2111.58846 18.764 0.064
2111.59724 18.742 0.064
2111.60596 18.827 0.059
2111.61509 18.855 0.077
2111.62443 19.131 0.102
2111.64197 19.231 0.126
2111.65073 18.928 0.088
2111.65948 19.112 0.083
2111.66868 19.024 0.084
2111.67742 18.948 0.076
2111.68618 19.010 0.086
2111.69492 19.096 0.097
2111.70366 18.978 0.088
2111.71241 18.812 0.068
2111.72175 18.823 0.072
2111.73047 19.023 0.106
2111.73918 18.914 0.088
2111.74796 18.559 0.063
2112.50173 19.011 0.082
2112.51136 18.863 0.067
2112.52438 18.980 0.069
2112.53313 18.986 0.073
2112.55267 18.903 0.069
2112.56142 18.825 0.067
2112.57572 18.807 0.061
2112.58446 18.804 0.061
2112.59775 18.706 0.047
2112.60654 18.737 0.045
2112.61530 18.738 0.043
2112.62402 18.713 0.045
2112.63277 18.726 0.048
2112.64162 18.724 0.045
2112.66347 18.591 0.042
2112.67221 18.690 0.044
2112.68098 18.705 0.048
2112.68971 18.722 0.048
2112.69848 18.776 0.052
2112.70884 18.768 0.053
2112.71761 18.798 0.052
2112.72635 18.836 0.055
2112.73517 18.784 0.054
2112.74391 18.848 0.056
2112.75331 18.899 0.059
2113.51288 18.731 0.075
2113.52163 18.965 0.098
2113.53041 18.691 0.076
2113.53970 18.832 0.080
2113.54846 18.695 0.063
2113.55721 18.740 0.062
2113.56594 18.779 0.069
2113.57465 18.873 0.076
2113.58339 18.848 0.060
2113.59266 18.779 0.060
2113.60142 19.001 0.097
2113.61015 18.938 0.084
2113.61922 18.949 0.082
2113.62797 18.934 0.075
2113.63667 18.820 0.072
2113.64622 18.865 0.067
2113.65499 19.038 0.095
2113.71240 18.781 0.070
2113.72115 18.707 0.061
2113.72989 18.837 0.067
2113.73865 18.744 0.065
2113.74740 18.666 0.063
2113.75611 18.766 0.074
2113.76535 18.723 0.076
2113.77410 18.647 0.063
2114.69080 18.821 0.067
2114.69958 18.729 0.061
2114.70833 18.808 0.069
2114.71713 18.768 0.063
2114.72784 18.819 0.074
2114.73760 18.803 0.075
2114.74631 18.939 0.090
2114.75729 19.019 0.097
2114.76608 18.873 0.084
2114.77488 19.015 0.091
2114.79498 18.856 0.083
2115.55031 18.897 0.089
2115.55907 18.839 0.074
2115.56942 18.834 0.072
2115.58381 18.876 0.075
2115.59258 18.922 0.077
2115.60130 19.079 0.090
2115.61524 18.988 0.098
2115.62395 18.893 0.094
2115.63275 18.971 0.099
2115.64159 19.004 0.084
2115.65312 19.023 0.082
2115.66184 19.071 0.089
2115.67062 18.911 0.079
2115.67933 18.877 0.071
2115.68808 18.827 0.072
2115.69685 18.970 0.077
2115.73080 18.703 0.062
2115.74234 18.700 0.055
2116.50651 18.966 0.086
2116.51528 18.770 0.074
2116.55956 18.843 0.072
2116.56831 18.705 0.061
2116.58642 18.779 0.071
2116.59806 18.687 0.055
2116.60740 18.719 0.053
2116.61613 18.729 0.057
2116.62494 18.738 0.057
2116.63370 18.746 0.057
2116.65382 18.709 0.052
2116.66253 18.762 0.053
2116.67131 18.744 0.051
2116.68007 18.792 0.059
2116.68882 18.685 0.049
2116.69755 18.914 0.061
2116.70751 18.749 0.054
2116.71627 18.952 0.065
2116.72506 18.938 0.062
2116.73380 18.939 0.066
2116.74253 18.954 0.076
2116.75461 18.968 0.073
2116.76340 18.975 0.078
2117.48725 18.727 0.055
2117.49606 18.671 0.051
2117.50525 18.694 0.051
2117.51396 18.770 0.052
2117.52271 18.723 0.051
2117.55409 18.870 0.061
2117.56282 18.891 0.061
2117.57157 18.863 0.062
2117.58101 18.888 0.064
2117.58977 18.973 0.066
2117.59852 18.912 0.060
2117.61055 18.887 0.055
2117.61931 18.916 0.058
2117.62807 18.883 0.054
2117.63688 18.977 0.059
2117.64561 18.891 0.057
2117.65439 18.882 0.062
2117.66355 18.836 0.057
2117.67237 18.817 0.070
2117.68112 18.812 0.057
2117.68991 18.808 0.065
2117.69867 18.721 0.054
2117.70902 18.729 0.053
2117.71777 18.701 0.052
2117.72652 18.754 0.054
2117.73529 18.773 0.059
2117.74403 18.766 0.059
2117.75272 18.739 0.060
2118.49489 18.878 0.070
2118.50365 18.910 0.068
2118.51242 18.886 0.072
2118.52121 18.780 0.065
2118.64024 18.778 0.049
2118.65295 18.804 0.052
2118.66171 18.795 0.052
2118.67049 18.813 0.055
2118.67924 18.915 0.068
2118.68799 18.829 0.057
2118.69675 18.975 0.068
2118.70692 18.897 0.056
2118.71565 18.948 0.065
2118.72441 18.926 0.065
2118.73321 19.106 0.075
2125.63682 18.719 0.090
2128.56705 18.892 0.056
2131.56377 18.701 0.048
2134.66675 18.675 0.062
2138.54419 18.949 0.075
2143.51767 18.807 0.083
2155.64420 18.539 0.087
2156.48328 18.765 0.066
2158.49164 18.798 0.054
2158.53461 18.940 0.063
2162.50112 19.300 0.111
2168.53590 18.562 0.067
2173.49387 18.807 0.093
2184.49712 19.391 0.177
2194.55176 18.898 0.080
2321.87019 18.805 0.081
2324.87230 18.861 0.069
2341.82879 18.775 0.076
2350.84190 18.869 0.058
2358.88135 18.817 0.067
2370.80960 18.853 0.074
2381.80499 18.851 0.063
2384.78749 18.759 0.060
2388.84731 18.834 0.059
2391.68985 18.882 0.110
2400.68770 18.800 0.071
2402.80267 18.780 0.059
2404.83958 18.672 0.051
2414.60114 18.894 0.113
2414.61026 18.979 0.118
2414.61966 18.850 0.091
2414.63051 18.840 0.095
2414.64075 19.077 0.121
2414.65895 18.894 0.093
2414.66939 18.722 0.090
2414.67833 18.739 0.077
2414.68729 18.742 0.069
2414.69635 18.687 0.061
2414.70973 18.663 0.062
2414.72089 18.793 0.060
2414.73163 18.773 0.055
2414.74051 18.699 0.051
2414.74957 18.697 0.050
2414.75861 18.711 0.050
2414.76761 18.686 0.051
2414.77468 18.737 0.053
2414.78359 18.848 0.061
2414.79318 18.787 0.058
2414.80206 18.824 0.066
2414.81130 18.818 0.073
2414.82196 18.922 0.069
2414.83112 18.955 0.076
2414.84152 18.987 0.071
2414.85062 18.992 0.066
2414.85854 18.992 0.070
2414.86843 18.983 0.071
2414.87750 19.164 0.092
2414.88637 19.166 0.094
2414.89911 19.018 0.090
2414.91050 18.933 0.086
2414.92833 19.054 0.119
2414.93245 18.784 0.079
2414.93571 18.730 0.079
2414.93936 19.047 0.119
2415.72058 19.011 0.092
2416.74275 18.749 0.057
2417.59416 18.712 0.103
2417.61864 18.921 0.115
2417.63944 18.958 0.102
2417.64895 18.911 0.085
2417.65788 18.879 0.083
2417.66801 18.899 0.080
2417.67719 19.033 0.096
2417.68690 19.132 0.109
2417.69591 18.951 0.084
2417.70656 19.063 0.090
2417.71834 18.996 0.084
2417.72735 19.005 0.080
2417.73632 18.994 0.083
2417.74846 18.906 0.075
2417.75736 18.811 0.074
2417.76685 18.889 0.079
2417.77609 18.861 0.072
2417.78508 18.803 0.065
2417.79456 18.802 0.077
2417.80393 18.872 0.083
2417.81463 18.714 0.069
2417.82346 18.664 0.061
2417.83232 18.704 0.067
2417.84120 18.698 0.062
2417.85268 18.813 0.072
2417.86163 18.666 0.060
2417.87075 18.771 0.065
2417.88301 18.713 0.061
2417.89203 18.794 0.071
2417.91857 18.797 0.089
2417.92197 18.889 0.117
2424.76068 19.156 0.167
2426.57757 18.707 0.085
2426.59343 18.776 0.063
2426.60264 18.657 0.067
2426.61593 18.745 0.064
2426.62504 18.682 0.062
2426.63397 18.722 0.068
2426.64427 18.779 0.068
2426.65339 18.822 0.064
2426.66260 18.782 0.060
2426.67194 18.802 0.064
2426.68175 18.794 0.062
2426.69063 18.938 0.070
2426.70066 18.902 0.059
2426.71069 19.079 0.072
2426.71985 18.959 0.082
2431.80628 18.901 0.065
2433.73344 18.763 0.059
2434.80649 18.717 0.049
2436.57924 18.908 0.074
2438.61141 18.956 0.072
2440.59264 18.848 0.061
2442.61073 18.885 0.066
2444.70336 18.672 0.063
2448.52439 19.106 0.190
2448.54209 18.605 0.119
2448.55101 18.681 0.129
2448.55993 18.775 0.133
2448.57055 18.786 0.165
2448.57749 18.470 0.121
2448.58634 18.661 0.120
2448.59540 19.113 0.258
2448.60443 19.054 0.233
2448.61341 19.076 0.229
2448.62353 18.741 0.164
2448.63245 18.701 0.158
2448.65030 18.956 0.195
2448.66940 18.863 0.075
2448.67825 18.774 0.132
2448.68709 18.729 0.113
2448.69719 18.988 0.102
2448.70601 18.744 0.170
2448.71735 19.026 0.238
2448.72641 18.855 0.203
2448.73551 19.502 0.365
2448.74441 18.846 0.235
2448.75631 18.954 0.256
2448.76517 18.447 0.165
2448.78177 19.174 0.335
2448.79362 19.268 0.370
2448.80550 18.875 0.278
2448.81822 18.974 0.320
2448.83606 19.017 0.346
2448.84812 18.825 0.286
2453.73371 18.676 0.074
2454.52468 18.674 0.074
2454.54857 18.672 0.058
2454.55753 18.700 0.055
2454.56649 18.706 0.051
2454.57719 18.712 0.051
2454.58607 18.815 0.056
2454.59489 18.687 0.048
2454.60383 18.827 0.061
2454.61282 18.712 0.056
2454.63062 18.820 0.070
2454.63966 18.995 0.069
2454.64861 18.911 0.064
2454.65908 18.914 0.064
2454.66821 18.978 0.067
2454.67707 18.983 0.079
2454.68680 18.910 0.065
2454.69653 18.889 0.063
2454.70534 18.896 0.062
2454.71600 18.926 0.059
2454.72492 18.909 0.062
2454.73382 18.909 0.073
2454.74292 18.983 0.076
2454.75346 18.735 0.059
2454.76228 18.754 0.063
2454.77109 18.693 0.076
2454.78464 18.883 0.104
2458.73095 18.765 0.063
2462.71975 18.692 0.043
2463.81682 18.710 0.052
2465.46506 18.858 0.114
2465.47403 18.858 0.093
2465.48323 18.740 0.077
2465.49219 18.767 0.083
2465.50123 18.773 0.069
2465.52029 18.754 0.063
2465.52943 18.685 0.063
2465.53950 18.740 0.061
2465.54849 18.731 0.058
2465.55750 18.647 0.052
2465.56646 18.746 0.057
2465.58092 18.663 0.048
2465.58996 18.736 0.056
2465.59921 18.839 0.057
2465.60827 18.774 0.052
2465.61861 18.779 0.054
2465.62822 18.821 0.052
2465.63796 18.837 0.055
2465.64795 18.842 0.052
2465.65723 18.866 0.060
2465.66613 18.943 0.062
2465.67597 19.102 0.072
2465.68492 19.036 0.064
2465.69394 19.080 0.067
2465.70298 18.963 0.065
2465.71217 18.949 0.061
2465.72139 19.002 0.065
2465.73042 19.025 0.070
2465.74066 18.851 0.056
2465.74963 18.840 0.056
2465.75867 18.842 0.055
2465.76553 18.815 0.076
2465.77452 18.802 0.078
2465.78593 18.806 0.077
2465.79477 18.840 0.083
2465.80367 18.775 0.067
2465.81278 18.666 0.070
2465.82251 18.711 0.077
2465.83147 18.700 0.069
2465.84248 18.686 0.071
2466.74680 18.921 0.088
2468.46189 18.844 0.134
2470.46218 19.104 0.158
2470.47159 19.029 0.110
2470.48048 18.965 0.098
2470.49118 18.909 0.113
2470.50450 18.999 0.091
2470.51117 18.923 0.092
2470.52037 18.988 0.084
2470.53036 18.953 0.076
2470.53943 19.001 0.087
2470.54885 18.936 0.071
2470.55772 18.800 0.063
2470.57682 18.765 0.057
2470.58566 18.764 0.058
2470.59471 18.843 0.065
2470.60381 18.767 0.064
2470.61281 18.654 0.054
2470.62319 18.715 0.056
2470.63210 18.689 0.056
2470.64490 18.716 0.054
2470.66016 18.727 0.051
2470.66917 18.761 0.057
2470.67802 18.708 0.051
2470.68699 18.792 0.053
2470.69891 18.771 0.050
2470.70799 18.772 0.051
2470.71789 18.800 0.053
2470.72671 18.921 0.061
2470.73628 18.935 0.060
2470.74526 18.967 0.072
2470.75439 19.019 0.073
2470.76331 19.036 0.074
2470.77287 19.035 0.073
2470.78205 19.144 0.079
2470.79136 19.060 0.083
2470.80406 19.069 0.084
2470.81323 19.016 0.086
2470.82245 19.010 0.100
2474.46247 18.914 0.104
2474.47380 18.893 0.102
2474.48269 19.060 0.180
2474.61134 18.697 0.058
2474.62067 18.660 0.050
2474.62972 18.760 0.058
2474.63908 18.753 0.058
2474.64919 18.753 0.056
2474.65834 18.765 0.057
2474.66747 18.818 0.064
2474.67784 18.880 0.068
2474.68692 18.962 0.073
2474.69752 18.958 0.068
2474.70637 18.993 0.085
2482.61915 19.073 0.098
2485.62915 18.709 0.070
2489.70001 18.752 0.055
2492.64469 18.741 0.054
2494.69903 18.865 0.066
2497.50157 18.737 0.060
2499.53738 18.937 0.063
2501.56513 18.923 0.061
2503.48859 19.172 0.288
2511.54530 18.791 0.082
2521.51374 18.786 0.060
2526.54389 18.729 0.054
2537.47505 18.904 0.132
2540.49166 19.023 0.109
2546.50226 18.821 0.086
2550.48040 18.876 0.128
2554.55539 18.772 0.070
2558.49192 18.718 0.088
2565.48480 18.828 0.161
2693.88926 18.889 0.080
2698.88723 18.959 0.073
2711.87027 19.006 0.066
2721.77936 18.856 0.147
2721.79719 18.935 0.176
2721.81312 18.877 0.165
2721.83541 18.700 0.154
2721.84737 18.911 0.165
2721.86303 18.639 0.133
2721.87771 18.892 0.174
2721.90102 18.980 0.159
2721.91165 18.773 0.137
2721.92050 18.779 0.170
2730.89105 18.778 0.053
2743.76745 18.923 0.064
2748.78598 18.770 0.070
2755.77588 18.709 0.050
2758.92729 18.713 0.074
2765.78399 18.878 0.059
2769.76862 18.728 0.065
2782.70485 18.952 0.073
2784.69609 19.027 0.055
2786.58164 18.787 0.097
2788.68346 18.996 0.060
2790.78856 18.732 0.055
2794.55196 18.892 0.115
2796.56046 18.947 0.065
2802.55533 18.820 0.133
2808.62355 18.726 0.058
2810.56612 18.605 0.057
2812.56799 18.696 0.067
2813.81172 18.939 0.068
2815.59032 18.709 0.054
2816.65576 18.967 0.058
2817.77043 18.988 0.075
2818.66527 18.839 0.057
2819.75935 19.001 0.085
2821.65763 18.962 0.076
2826.64829 18.781 0.065
2830.77849 18.866 0.094
2835.47491 18.965 0.112
2837.49370 18.955 0.092
2838.72418 18.764 0.060
2840.49577 18.739 0.070
2842.53224 18.871 0.075
2844.60836 18.866 0.053
2848.53607 19.151 0.143
2851.53080 18.678 0.053
2853.52865 18.764 0.065
2853.54060 18.792 0.067
2853.57767 19.003 0.064
2854.47799 18.950 0.094
2854.49041 18.923 0.092
2854.51895 18.791 0.069
2854.53985 18.811 0.064
2854.56145 18.738 0.058
2854.58118 18.731 0.061
2854.61779 18.734 0.082
2854.63296 18.753 0.075
2854.64531 18.752 0.063
2854.66402 18.784 0.076
2854.68446 18.848 0.079
2854.70532 19.206 0.130
2854.72477 19.191 0.120
2854.73730 19.067 0.110
2854.75157 19.169 0.120
2854.78219 18.918 0.112
2855.52631 18.923 0.099
2855.54818 18.955 0.081
2855.57011 18.905 0.079
2855.60741 19.128 0.114
2855.65903 18.923 0.104
2856.49445 18.831 0.080
2856.58183 18.650 0.055
2856.66539 18.868 0.070
2857.48826 18.822 0.087
2857.71452 18.647 0.059
2858.46566 18.850 0.125
2862.49084 18.790 0.094
2864.49781 18.645 0.081
2865.55629 18.731 0.056
2865.58847 18.736 0.054
2866.64757 18.962 0.080
2867.65300 18.902 0.069
2868.51132 18.845 0.061
2869.58563 18.760 0.059
2871.47390 18.792 0.072
2875.61249 19.092 0.105
2877.64804 18.841 0.064
2879.55036 19.171 0.083
2884.47335 18.705 0.091
2892.50218 18.777 0.081
2896.57802 18.835 0.058
2899.60146 18.945 0.064
2905.54135 19.041 0.105
2909.51216 19.071 0.093
2912.53477 18.854 0.070
2921.59534 18.847 0.116
2926.56257 18.719 0.065
3044.85536 18.840 0.102
3046.86528 18.736 0.082
3047.85403 18.947 0.080
3055.87169 18.739 0.060
3058.88993 18.863 0.059
3064.81044 18.952 0.105
3067.88390 18.917 0.053
3070.84543 18.717 0.076
3073.80092 19.051 0.090
3075.83947 18.831 0.071
3079.88409 18.752 0.074
3082.85735 19.015 0.063
3084.89668 18.714 0.041
3086.82903 18.980 0.053
3088.78653 18.871 0.047
3089.89577 18.962 0.056
3091.81595 18.830 0.054
3096.85406 18.696 0.060
3098.83457 18.716 0.046
3100.79506 18.711 0.054
3101.90156 18.817 0.058
3103.76632 18.865 0.061
3104.88084 18.877 0.192
3108.75891 18.967 0.058
3109.79382 18.639 0.048
3110.82546 18.911 0.058
3111.85665 18.909 0.061
3112.77429 18.981 0.059
3113.86407 19.010 0.060
3114.77560 18.991 0.058
3115.85666 18.950 0.057
3116.91449 18.737 0.060
3118.91822 18.829 0.059
3122.90162 18.983 0.083
3125.86188 18.750 0.068
3126.88748 19.052 0.076
3127.79298 18.808 0.064
3128.81136 18.914 0.062
3130.68937 18.724 0.069
3135.85426 18.808 0.054
3137.92972 18.940 0.076
3138.69243 18.869 0.071
3139.86373 19.001 0.060
3140.86946 18.610 0.050
3142.75778 18.798 0.053
3144.77868 18.700 0.048
3146.77847 18.658 0.052
3151.74126 19.002 0.075
3151.89394 18.684 0.068
3152.74455 18.743 0.059
3153.74930 18.878 0.073
3154.81079 19.071 0.095
3156.83051 18.921 0.073
3158.90120 18.743 0.109
3162.80550 18.796 0.069
3163.61482 19.132 0.073
3164.72710 19.078 0.075
3165.74794 18.755 0.046
3166.89306 19.053 0.119
3167.74593 18.863 0.069
3168.74111 18.873 0.060
3169.71700 18.854 0.060
3170.79455 18.724 0.048
3171.81721 18.841 0.049
3172.74423 18.795 0.046
3174.70053 18.750 0.043
3175.71047 18.928 0.051
3178.77418 18.979 0.062
3179.78392 18.728 0.053
3180.71227 18.783 0.043
3182.76372 19.142 0.076
3183.73236 18.723 0.057
3184.69020 18.836 0.046
3185.74282 18.682 0.057
3193.52836 19.129 0.083
3194.58705 18.946 0.085
3195.63433 18.728 0.045
3195.79202 19.098 0.065
3196.53745 18.778 0.066
3197.50497 18.933 0.063
3199.61473 18.816 0.068
3201.50657 18.739 0.061
3202.56101 18.940 0.062
3203.65048 19.062 0.065
3204.64375 18.723 0.044
3205.76688 18.716 0.049
3206.70935 18.797 0.054
3207.65791 18.929 0.074
3209.70296 18.872 0.070
3210.53672 18.733 0.069
3210.64614 18.691 0.056
3210.73364 18.972 0.088
3211.48856 18.768 0.063
3211.57520 19.077 0.077
3211.69245 18.780 0.066
3217.46637 18.869 0.086
3217.64378 18.723 0.057
3218.64209 18.876 0.087
3223.64335 19.145 0.121
3224.68887 18.789 0.058
3226.60618 18.843 0.075
3228.59258 18.776 0.053
3229.62508 18.987 0.063
3230.65867 18.703 0.050
3231.56199 18.957 0.069
3232.58990 18.886 0.084
3238.65420 19.059 0.083
3239.68974 18.778 0.071
3240.67085 19.347 0.138
3245.54564 18.684 0.058
3246.64934 18.940 0.086
3247.61549 18.893 0.076
3249.51743 18.905 0.074
3250.65018 18.751 0.074
3253.51445 18.867 0.080
3256.62725 18.802 0.073
3259.61406 18.910 0.080
3264.52422 18.667 0.061
3267.52331 18.825 0.069
3272.57873 19.010 0.092
3275.56167 18.819 0.082
3278.59060 18.695 0.072
3281.58952 18.819 0.056
3288.53718 18.776 0.054
3293.50776 18.882 0.060
3295.51795 18.777 0.050
3314.50671 19.052 0.143
3408.88185 18.958 0.077
3410.87793 19.090 0.090
3413.88277 19.033 0.093
3421.88901 18.902 0.051
3422.85895 18.708 0.063
3426.85454 18.708 0.056
3429.82767 19.089 0.106
3432.87996 18.933 0.091
3442.88236 18.714 0.046
3445.79519 18.777 0.046
3447.84580 18.904 0.060
3449.85843 19.051 0.058
3452.87903 18.868 0.046
3455.81331 19.130 0.094
3457.84678 18.817 0.051
3459.84196 18.740 0.052
3467.87187 18.903 0.050
3469.77775 18.731 0.043
3470.79072 18.914 0.056
3472.75314 19.084 0.068
3473.77293 18.838 0.054
3474.76957 18.807 0.059
3475.79515 19.079 0.062
3477.75700 18.920 0.056
3479.75583 18.981 0.050
3480.71598 18.802 0.048
3481.73390 18.956 0.070
3482.67623 18.632 0.060
3496.71345 19.112 0.072
3497.78498 18.685 0.065
3498.90661 18.880 0.059
3499.85612 18.930 0.052
3500.72233 18.857 0.057
3501.81875 18.945 0.061
3502.71460 18.791 0.044
3503.68379 18.727 0.046
3504.69854 18.850 0.065
3506.74234 18.672 0.042
3508.74653 18.708 0.055
3509.72500 18.895 0.052
3510.79482 19.025 0.064
3511.83394 18.812 0.056
3512.70311 18.765 0.069
3517.67944 18.834 0.087
3520.75467 18.846 0.067
3521.71188 18.736 0.044
3522.73992 18.890 0.045
3522.93112 18.957 0.077
3523.74441 18.814 0.040
3524.88960 19.014 0.082
3525.74278 18.926 0.050
3526.74625 18.706 0.047
3528.66711 18.897 0.054
3529.68946 18.986 0.045
3530.60453 19.148 0.062
3537.73536 18.803 0.050
3538.60666 18.809 0.050
3539.60989 19.010 0.073
3540.64718 18.645 0.048
3544.72217 18.898 0.062
3546.84126 18.753 0.081
3547.80554 19.038 0.089
3549.84801 18.967 0.087
3550.62918 18.837 0.064
3551.62841 18.644 0.037
3552.66286 18.918 0.055
3553.71453 18.885 0.075
3554.64982 19.010 0.100
3555.66194 18.826 0.057
3556.66970 18.800 0.050
3558.52450 18.903 0.066
3558.82324 19.107 0.087
3559.69317 19.086 0.067
3560.59450 18.787 0.046
3561.54228 18.639 0.049
3562.58293 18.721 0.067
3564.57139 18.815 0.063
3572.81223 18.729 0.089
3573.64318 18.759 0.067
3574.68309 18.994 0.070
3575.53058 18.806 0.047
3575.76719 19.170 0.080
3576.47399 18.870 0.063
3576.53553 18.768 0.046
3576.56937 18.898 0.055
3576.59549 18.852 0.069
3576.62253 19.089 0.066
3576.65195 18.829 0.055
3576.73632 18.710 0.055
3577.52434 18.780 0.049
3577.58460 18.702 0.049
3577.63169 18.684 0.046
3577.70998 18.954 0.058
3578.47803 18.718 0.049
3578.55518 19.016 0.056
3579.61462 18.760 0.046
3580.47338 18.912 0.071
3580.61533 18.864 0.054
3580.64784 18.737 0.048
3580.73281 18.840 0.084
3580.77667 18.913 0.103
3581.48375 18.824 0.068
3581.55874 18.876 0.062
3581.66775 19.067 0.057
3581.75638 18.932 0.094
3582.46531 18.948 0.113
3582.63955 18.829 0.057
3583.46339 19.007 0.129
3583.63000 18.993 0.062
3583.74987 18.890 0.085
3583.76998 18.757 0.075
3585.62900 18.932 0.053
3586.71410 18.804 0.043
3589.66765 18.823 0.042
3590.65160 18.850 0.048
3591.67514 18.742 0.041
3592.75108 18.961 0.066
3593.74208 18.692 0.060
3594.70429 18.946 0.069
3601.65283 18.765 0.054
3602.61344 19.036 0.068
3603.63343 18.769 0.058
3608.64715 18.861 0.060
3609.62771 19.024 0.069
3615.57495 19.020 0.062
3618.57656 18.808 0.060
3620.53972 18.697 0.039
3622.51763 18.785 0.064
3628.59381 18.979 0.091
3630.53314 19.392 0.140
3632.58328 18.912 0.075
3634.48385 19.161 0.094
3639.54274 18.984 0.052
3641.54118 18.968 0.088
3644.50148 18.752 0.071
3648.53330 18.808 0.064
3650.58738 18.949 0.081
3654.53737 18.987 0.098
3656.51861 19.106 0.093
3658.55044 18.830 0.109
3660.52305 18.896 0.081
3664.49986 18.746 0.062
3669.52773 18.966 0.106
3675.50517 18.848 0.111
3776.86388 18.747 0.070
3782.84860 18.798 0.074
3784.87392 18.715 0.050
3786.89348 18.886 0.077
3788.84275 18.813 0.062
3790.88652 18.953 0.074
3793.85379 18.732 0.047
3795.84037 18.721 0.072
3798.80442 19.020 0.069
3799.80466 18.745 0.078
3800.82351 18.741 0.064
3801.88301 18.924 0.067
3802.84859 18.818 0.058
3803.88390 19.009 0.061
3805.80025 18.842 0.065
3806.76661 18.744 0.062
3807.78573 18.880 0.089
3808.79336 18.763 0.059
3809.87847 18.863 0.062
3810.84513 18.778 0.056
3811.83671 18.785 0.054
3812.83280 18.670 0.061
3813.82275 18.773 0.048
3814.82463 18.759 0.053
3817.85617 18.652 0.047
3818.88525 18.872 0.050
3819.80297 18.756 0.040
3820.76961 19.020 0.059
3821.77275 18.733 0.050
3822.81214 18.849 0.062
3823.77512 18.718 0.058
3824.73849 18.913 0.072
3825.80335 18.795 0.066
3826.73188 18.783 0.052
3827.79966 18.865 0.053
3828.73548 19.050 0.103
3829.75931 18.768 0.055
3830.69838 18.997 0.082
3832.71309 18.861 0.069
3833.75941 18.897 0.054
3834.73841 18.706 0.058
3834.90943 19.102 0.073
3835.73421 18.767 0.060
3836.76245 18.733 0.066
3837.72981 19.091 0.078
3837.90155 18.656 0.044
3838.74155 18.753 0.071
3839.73736 18.979 0.091
3840.70334 18.774 0.073
3840.90827 18.824 0.056
3841.74188 18.964 0.073
3841.89247 18.742 0.058
3842.84379 19.103 0.077
3845.71737 18.743 0.096
3845.90517 19.207 0.120
3846.72807 18.846 0.053
3846.91239 18.775 0.053
3847.79422 18.784 0.073
3848.74917 18.854 0.065
3848.92861 18.639 0.073
3849.74825 18.723 0.050
3850.69229 18.950 0.061
3850.86400 18.690 0.049
3851.70743 18.752 0.078
3851.87228 19.015 0.067
3851.91844 18.919 0.066
3852.69601 18.905 0.079
3852.86638 18.675 0.051
3853.68444 18.734 0.049
3853.85277 18.966 0.047
3853.92352 18.868 0.049
3854.74827 19.104 0.066
3856.67448 18.903 0.059
3856.84124 18.773 0.058
3857.91215 18.668 0.047
3858.76087 18.766 0.044
3859.79907 18.901 0.051
3860.66753 19.027 0.083
3860.90742 19.042 0.085
3861.66497 18.714 0.058
3861.77023 19.131 0.068
3861.93348 18.734 0.055
3862.69836 18.709 0.049
3862.86233 18.886 0.052
3863.63379 18.793 0.071
3863.85142 18.742 0.045
3863.93072 18.825 0.056
3864.67432 18.750 0.058
3864.86432 19.034 0.051
3865.68511 19.135 0.079
3865.82060 18.809 0.054
3865.89859 18.870 0.051
3866.68353 18.792 0.049
3866.82304 18.907 0.060
3866.90194 18.827 0.056
3867.62645 18.837 0.077
3867.81208 18.672 0.052
3867.88514 18.926 0.060
3868.70952 18.803 0.067
3868.85477 18.740 0.063
3869.68929 18.912 0.074
3869.87029 18.918 0.078
3872.88665 18.632 0.048
3873.64160 18.963 0.069
3873.78430 18.691 0.049
3873.85707 19.052 0.071
3873.92662 19.000 0.072
3874.74127 18.992 0.079
3875.65497 18.710 0.040
3875.80246 18.832 0.045
3875.90137 19.014 0.065
3876.63222 18.886 0.050
3877.63034 18.628 0.042
3877.78104 18.898 0.051
3877.85555 19.029 0.061
3877.94175 18.801 0.112
3879.66177 18.790 0.044
3880.83117 18.647 0.052
3881.66036 18.728 0.053
3881.87189 18.697 0.043
3881.91865 18.688 0.046
3882.74867 18.689 0.053
3882.82290 18.688 0.050
3882.89179 19.044 0.066
3883.63808 18.671 0.063
3883.83290 18.856 0.052
3886.60016 18.931 0.063
3886.79289 18.727 0.041
3886.86476 19.047 0.068
3887.57346 18.840 0.067
3887.77601 18.804 0.047
3887.87567 18.776 0.054
3889.65596 18.910 0.059
3889.93422 18.998 0.077
3890.63145 18.689 0.048
3891.66555 19.002 0.060
3891.79383 18.784 0.070
3891.87580 18.941 0.070
3892.56716 18.684 0.071
3893.61656 18.993 0.076
3893.85840 18.771 0.066
3894.66979 18.822 0.076
3896.60739 18.862 0.093
3900.52871 18.822 0.089
3900.71437 18.816 0.093
3900.79371 18.787 0.060
3900.86232 18.740 0.058
3901.53883 19.020 0.077
3901.72014 18.725 0.052
3901.79741 18.805 0.065
3901.86635 19.020 0.083
3902.55896 18.664 0.052
3902.74101 18.858 0.054
3902.85520 18.739 0.061
3903.64917 18.797 0.064
3903.89484 18.951 0.089
3904.54975 18.708 0.047
3904.71284 18.823 0.045
3904.78181 18.694 0.043
3904.88405 18.957 0.069
3905.54658 18.894 0.060
3905.72317 18.772 0.041
3905.79327 18.967 0.050
3905.86181 18.793 0.052
3906.56110 18.829 0.066
3906.70090 18.960 0.060
3906.77404 18.708 0.051
3906.85326 18.826 0.063
3907.59185 18.618 0.050
3907.77409 19.058 0.088
3907.85863 18.872 0.094
3908.52688 18.780 0.060
3908.71359 18.830 0.054
3908.79365 18.820 0.053
3908.87327 19.190 0.091
3908.88482 19.017 0.073
3909.52970 18.682 0.061
3909.71251 19.037 0.049
3909.80300 18.824 0.047
3909.87925 18.796 0.059
3910.55917 18.998 0.086
3912.52899 18.805 0.043
3912.71629 18.703 0.037
3912.81018 18.991 0.054
3913.52043 18.779 0.046
3913.81478 18.781 0.049
3914.54418 18.967 0.073
3914.78539 18.865 0.057
3915.52197 18.686 0.055
3915.72396 18.760 0.046
3915.82214 18.736 0.046
3916.56066 19.125 0.096
3916.80451 19.215 0.101
3917.54833 18.849 0.065
3917.81506 18.874 0.077
3918.81282 19.182 0.094
3919.53957 18.873 0.072
3919.74957 18.675 0.042
3920.50727 18.999 0.073
3920.70334 19.042 0.075
3920.78874 18.920 0.052
3921.50345 18.868 0.066
3921.70269 18.845 0.087
3921.71716 18.928 0.094
3922.70712 18.882 0.077
3930.52818 18.747 0.053
3930.78216 18.714 0.071
3931.49269 19.077 0.091
3931.80961 18.735 0.080
3932.52357 18.762 0.053
3932.79533 18.628 0.061
3933.51006 19.068 0.070
3933.69445 19.019 0.058
3933.76643 19.194 0.072
3934.48388 18.752 0.052
3934.65393 18.760 0.045
3934.72375 18.673 0.040
3935.53380 18.802 0.058
3935.70508 18.893 0.071
3935.80267 18.968 0.076
3936.48720 18.844 0.069
3936.65264 18.793 0.052
3936.72903 18.763 0.060
3937.55147 18.974 0.089
3938.49489 18.834 0.077
3938.68585 18.969 0.074
3938.79512 19.005 0.081
3940.57518 18.779 0.043
3941.69619 19.044 0.088
3944.54750 18.700 0.050
3944.74786 18.923 0.062
3945.50886 18.920 0.067
3945.77570 18.690 0.059
3946.50661 18.965 0.088
3946.69878 19.034 0.066
3950.51554 18.759 0.052
3950.73056 18.840 0.060
3951.50824 18.953 0.073
3951.73952 18.835 0.085
3955.68501 18.899 0.147
3956.56076 18.997 0.101
3957.49986 18.649 0.061
3958.57061 19.087 0.074
3959.50341 18.909 0.072
3959.67785 19.005 0.070
3960.49270 18.890 0.053
3960.67174 18.592 0.038
3961.56400 18.686 0.062
3963.52530 18.837 0.057
3963.70267 18.958 0.068
3964.52039 18.927 0.055
3964.72529 18.823 0.057
3965.50484 18.812 0.047
3965.69614 18.853 0.053
3966.48002 19.123 0.082
3966.68176 18.813 0.060
3967.51439 18.744 0.069
3967.70721 18.763 0.058
3968.49247 19.029 0.082
3968.66241 18.836 0.056
3969.47414 18.832 0.074
3969.67478 18.771 0.058
3970.50321 18.761 0.066
3970.68177 18.940 0.065
3971.54714 19.186 0.098
3973.56523 18.902 0.075
3974.50258 18.696 0.058
3974.68136 18.814 0.079
3975.50549 19.030 0.072
3975.67737 18.651 0.059
3976.50002 18.688 0.047
3976.67603 18.891 0.078
3979.50230 18.879 0.119
3982.56293 19.151 0.083
3983.51661 18.744 0.097
3986.57735 18.707 0.070
3987.49973 18.833 0.065
3988.50553 19.021 0.064
3989.52320 18.653 0.055
3990.54007 18.789 0.067
3991.49582 18.816 0.077
3993.54752 18.966 0.082
3994.55816 18.714 0.066
3995.56575 18.981 0.059
3999.58099 18.825 0.067
4002.48924 18.624 0.047
4003.48671 18.914 0.062
4004.52089 18.776 0.052
4006.51381 18.810 0.064
4012.49369 18.884 0.080
4016.50936 18.921 0.081
4018.54560 18.825 0.077
4020.53238 18.651 0.065
4023.53270 19.005 0.100
4025.55212 18.735 0.066
4027.55814 18.681 0.073
4030.54927 18.918 0.083
4036.52989 19.108 0.139
4038.49695 19.248 0.171
4040.51131 18.998 0.112
4041.49353 18.560 0.105
4043.50374 18.779 0.104
4141.87150 18.788 0.067
4143.88868 18.704 0.087
4150.88669 18.939 0.075
4153.87460 18.828 0.064
4156.85304 18.711 0.065
4158.87261 18.777 0.063
4161.84059 19.098 0.093
4163.82343 19.024 0.087
4165.80480 19.095 0.125
4170.79398 18.696 0.112
4175.78462 18.707 0.062
4176.89600 18.798 0.052
4178.79973 18.982 0.068
4179.84407 18.802 0.056
4181.78041 18.758 0.067
4182.82543 18.761 0.048
4183.86156 19.098 0.084
4184.90217 18.718 0.044
4189.81336 18.888 0.086
4191.80246 18.991 0.099
4193.73681 18.868 0.108
4194.78234 18.681 0.057
4196.77248 18.755 0.071
4202.75398 18.856 0.058
4203.74198 18.669 0.043
4204.73427 18.967 0.070
4204.91660 18.673 0.048
4205.73080 18.717 0.058
4207.72026 18.708 0.059
4208.74233 18.934 0.064
4211.78649 18.969 0.082
4212.86368 18.731 0.074
4213.70688 18.903 0.080
4213.91044 18.741 0.050
4215.73959 18.898 0.068
4216.69737 18.729 0.065
4216.92176 18.987 0.077
4217.70481 18.920 0.062
4217.90843 18.669 0.043
4218.75443 18.743 0.076
4219.75258 18.927 0.076
4220.69458 18.761 0.069
4222.66330 18.764 0.088
4222.91079 18.833 0.078
4224.77952 18.876 0.076
4228.67496 18.734 0.061
4228.90853 18.577 0.063
4229.66860 18.782 0.073
4229.86559 18.994 0.070
4229.93276 18.848 0.068
4230.67833 18.868 0.057
4230.86638 18.724 0.059
4230.93125 18.905 0.096
4231.62065 18.792 0.076
4231.76485 18.798 0.061
4231.88907 19.093 0.090
4231.93217 18.760 0.072
4232.67273 19.070 0.112
4232.83373 18.702 0.085
4233.80450 18.987 0.087
4234.70615 19.000 0.075
4235.63422 18.813 0.060
4235.79542 19.014 0.059
4235.88783 18.832 0.057
4238.62007 18.968 0.108
4238.87252 18.893 0.079
4239.62101 18.849 0.078
4240.67422 18.797 0.048
4240.80858 18.799 0.059
4243.64003 18.751 0.068
4243.73272 18.961 0.064
4243.82647 18.600 0.059
4243.94389 18.659 0.103
4244.61240 18.864 0.084
4244.70861 18.649 0.049
4244.80142 18.973 0.069
4244.91326 18.875 0.070
4245.60547 18.778 0.063
4245.69937 18.886 0.053
4245.79521 18.747 0.047
4246.66378 18.708 0.054
4246.75668 18.798 0.067
4246.84997 18.922 0.079
4247.67899 18.951 0.069
4247.81687 18.680 0.050
4250.72715 18.861 0.067
4251.79870 18.815 0.135
4256.61483 18.712 0.076
4256.76085 18.900 0.097
4256.85866 18.720 0.097
4257.64651 18.849 0.080
4258.63030 18.894 0.080
4258.75282 18.786 0.065
4258.84690 18.763 0.069
4267.59089 18.734 0.077
4268.55408 19.275 0.130
4268.83697 18.912 0.066
4269.57333 18.654 0.056
4269.69385 18.934 0.061
4269.78310 18.850 0.065
4270.56684 18.863 0.072
4272.59518 18.780 0.053
4272.74435 18.789 0.051
4272.80358 18.903 0.061
4272.87511 18.789 0.084
4273.61232 18.957 0.090
4273.79297 18.724 0.079
4273.85287 18.773 0.077
4274.54497 18.786 0.076
4274.69728 18.812 0.064
4274.75985 19.045 0.070
4274.81825 19.044 0.095
4275.59741 18.994 0.066
4275.77274 18.703 0.065
4275.83122 18.889 0.089
4276.58216 18.712 0.066
4277.52596 18.855 0.083
4277.70155 18.679 0.051
4277.76157 18.715 0.073
4277.82020 18.972 0.104
4278.56317 18.696 0.083
4278.74704 19.045 0.106
4278.82606 18.772 0.096
4283.50538 18.934 0.093
4283.72571 18.779 0.076
4284.50036 18.689 0.068
4284.69050 18.938 0.079
4284.75326 18.795 0.057
4284.81220 18.727 0.070
4285.50341 18.964 0.111
4285.69153 18.870 0.076
4285.75798 18.926 0.066
4285.82331 18.928 0.081
4286.50313 18.672 0.068
4286.80030 18.777 0.097
4289.51092 18.750 0.079
4289.72949 18.835 0.074
4289.79460 18.805 0.071
4290.55726 19.130 0.109
4291.61985 18.792 0.062
4291.78255 18.908 0.088
4292.48553 18.742 0.055
4292.66468 18.752 0.049
4292.72329 18.677 0.047
4292.78183 18.885 0.060
4293.46379 18.900 0.105
4293.48584 18.795 0.059
4293.52666 18.683 0.050
4293.67020 18.945 0.066
4293.71043 18.937 0.057
4293.76923 18.771 0.054
4294.48500 18.913 0.073
4295.49211 18.768 0.066
4295.69012 19.119 0.065
4295.74874 18.785 0.048
4296.48907 19.188 0.100
4296.68177 18.751 0.053
4296.79993 18.971 0.066
4297.50870 18.726 0.065
4297.71029 18.774 0.052
4298.54358 18.880 0.084
4298.64932 18.669 0.058
4298.74890 18.965 0.081
4299.52661 18.797 0.057
4299.61958 18.995 0.066
4299.71180 18.688 0.048
4300.52226 18.812 0.060
4300.64236 18.715 0.049
4300.73786 19.040 0.070
4301.51313 18.751 0.055
4301.60891 18.878 0.053
4301.70750 18.643 0.049
4301.79987 18.879 0.056
4302.68583 18.923 0.069
4303.67135 18.743 0.068
4304.54623 18.739 0.077
4304.65633 18.951 0.092
4306.63020 18.904 0.076
4306.67096 19.049 0.097
4310.60943 18.961 0.104
4312.54171 18.813 0.077
4312.74016 18.669 0.059
4315.63268 18.771 0.085
4316.70587 18.773 0.059
4317.55392 18.696 0.049
4319.51120 18.690 0.066
4319.76604 18.688 0.069
4320.53802 18.930 0.065
4326.50525 18.838 0.061
4326.70244 19.116 0.093
4327.58349 18.970 0.097
4327.72477 18.689 0.073
4328.51025 18.742 0.073
4329.52041 19.014 0.081
4329.66830 18.712 0.064
4330.49120 18.707 0.059
4330.68444 19.068 0.075
4331.47127 18.977 0.133
4331.68012 18.763 0.074
4332.50104 18.657 0.051
4333.52212 18.947 0.078
4333.68329 18.772 0.065
4334.49550 19.064 0.248
4334.62373 19.355 0.257
4338.49538 18.760 0.075
4339.47272 18.824 0.108
4339.68913 19.100 0.121
4340.58777 19.018 0.093
4341.49604 18.781 0.086
4343.50109 18.702 0.044
4344.53225 19.024 0.108
4345.49714 18.652 0.046
4346.51016 18.922 0.079
4347.52487 18.907 0.078
4349.48608 18.698 0.070
4350.53316 18.757 0.055
4352.54961 18.709 0.074
4353.50297 18.885 0.063
4354.53167 18.716 0.055
4355.53329 19.175 0.100
4356.49967 18.713 0.054
4357.52873 18.846 0.086
4358.48524 18.738 0.082
4359.52932 18.720 0.069
4360.51675 18.736 0.086
4361.56211 18.684 0.084
4362.50384 18.728 0.077
4365.55468 18.675 0.084
4367.48077 18.723 0.071
4368.52437 18.992 0.098
4369.60376 19.139 0.134
4370.48168 18.937 0.102
4371.52685 18.723 0.056
4372.51141 18.886 0.061
4373.48710 18.818 0.097
4376.56349 18.731 0.089
4377.60074 18.967 0.095
4378.51127 18.710 0.061
4379.52631 18.881 0.094
4380.53781 18.785 0.063
4381.51649 18.910 0.101
4382.55819 18.854 0.087
4383.54959 18.822 0.079
4384.52374 18.741 0.075
4387.57497 18.773 0.075
4393.52361 18.713 0.061
4394.53896 18.741 0.068
4395.51035 18.771 0.076
4396.50237 19.027 0.129
4397.52669 18.757 0.079
4398.53159 18.755 0.080
4399.52425 19.003 0.111
4400.52633 18.740 0.103
4402.54274 18.759 0.095
4403.54182 18.882 0.105
4407.51774 18.884 0.096
4507.84838 18.684 0.071
4510.85351 18.797 0.064
4513.85463 18.846 0.061
4517.84808 18.888 0.114
4519.87471 18.879 0.065
4522.86861 18.846 0.091
4524.80451 18.676 0.064
4530.81211 18.940 0.057
4533.84572 18.866 0.067
4535.79914 18.716 0.072
4536.88837 18.714 0.050
4537.87402 18.964 0.055
4538.80916 18.777 0.067
4539.84720 18.914 0.060
4540.79336 18.783 0.052
4541.78610 18.958 0.064
4542.78076 18.778 0.072
4543.77630 18.833 0.063
4544.77321 18.747 0.075
4545.77948 19.036 0.083
4546.78666 18.661 0.058
4547.78063 18.938 0.070
4548.74964 18.695 0.084
4550.73460 18.876 0.097
4551.75217 19.010 0.079
4552.75373 18.804 0.144
4556.74983 18.835 0.056
4557.76711 18.701 0.054
4558.74405 19.069 0.066
4558.91381 18.748 0.048
4559.74196 18.706 0.052
4560.74206 18.981 0.071
4561.73209 18.720 0.052
4561.91830 18.886 0.060
4564.72231 18.922 0.061
4564.92279 18.835 0.064
4565.72039 18.746 0.045
4565.91123 18.721 0.040
4566.71987 18.896 0.057
4566.91623 18.877 0.051
4567.71285 18.783 0.058
4567.91871 18.722 0.052
4568.71873 18.849 0.068
4569.72775 18.934 0.075
4570.72116 18.851 0.079
4571.71582 18.934 0.090
4571.90437 18.713 0.050
4572.74329 18.634 0.054
4573.73167 18.937 0.071
4573.89804 18.739 0.046
4574.73405 18.638 0.057
4575.73956 18.977 0.069
4576.74968 18.807 0.060
4577.83137 18.673 0.056
4578.78242 18.834 0.089
4579.85930 18.708 0.064
4583.72612 18.845 0.076
4583.91225 19.047 0.067
4585.74985 18.726 0.068
4586.77502 18.908 0.076
4587.76273 18.791 0.073
4587.92132 18.876 0.086
4588.68523 19.210 0.098
4588.91611 18.744 0.055
4589.66814 18.697 0.063
4589.82356 19.119 0.077
4589.88557 18.794 0.070
4590.68773 18.875 0.072
4590.89340 18.820 0.062
4591.69943 18.831 0.066
4591.82431 18.961 0.062
4591.89143 18.751 0.059
4592.65800 18.960 0.075
4592.84732 18.779 0.080
4592.92564 18.950 0.075
4593.64716 18.737 0.074
4593.85688 18.733 0.060
4593.93905 18.559 0.082
4594.66821 18.859 0.070
4594.86320 18.977 0.071
4594.92873 19.183 0.101
4595.65774 18.742 0.057
4595.85212 18.847 0.058
4595.91400 18.669 0.055
4596.65293 18.904 0.071
4597.67739 18.956 0.073
4597.86891 18.673 0.055
4598.65367 18.767 0.045
4598.92234 18.783 0.062
4599.62609 18.662 0.075
4599.91666 18.835 0.077
4600.63538 18.766 0.050
4600.84411 18.971 0.062
4601.64098 18.954 0.066
4601.85719 18.753 0.048
4601.91906 18.912 0.071
4602.63360 18.759 0.050
4602.84300 19.030 0.060
4603.76103 18.744 0.059
4606.63488 18.746 0.071
4606.88623 18.737 0.062
4610.73103 18.981 0.075
4610.93824 18.773 0.080
4611.62038 18.929 0.081
4611.81123 18.947 0.060
4612.64172 19.064 0.100
4615.78345 19.021 0.077
4616.59249 18.770 0.086
4616.80896 18.699 0.052
4616.87892 18.933 0.078
4617.65870 18.781 0.054
4618.60421 19.111 0.084
4621.90199 18.697 0.053
4622.80264 18.843 0.066
4622.90409 18.858 0.093
4623.62699 18.765 0.069
4623.86179 18.659 0.075
4623.93423 18.824 0.104
4624.58170 18.936 0.083
4624.80589 19.063 0.082
4624.87225 19.059 0.079
4625.59581 18.715 0.069
4625.78616 18.635 0.064
4625.87774 18.838 0.088
4626.59432 18.888 0.073
4626.84963 18.904 0.065
4627.55477 18.791 0.063
4627.82208 18.732 0.044
4627.91135 19.019 0.066
4628.54050 18.875 0.073
4628.74834 18.946 0.068
4628.81376 19.145 0.090
4628.88367 18.755 0.061
4629.61946 18.932 0.062
4629.82210 18.714 0.055
4629.90011 19.076 0.088
4630.55538 18.823 0.071
4630.76126 18.918 0.060
4630.84456 18.873 0.061
4630.90736 18.755 0.079
4631.55682 18.872 0.055
4631.77256 18.667 0.043
4631.85920 18.893 0.064
4632.56056 18.726 0.058
4632.84733 18.758 0.065
4633.56056 18.972 0.067
4633.67207 18.784 0.056
4633.78783 18.777 0.057
4633.81048 18.949 0.069
4638.74557 18.772 0.065
4638.85583 18.773 0.073
4639.56814 18.891 0.085
4639.66593 18.755 0.057
4640.58767 18.984 0.062
4640.71983 18.803 0.056
4641.66165 18.655 0.049
4641.77162 18.974 0.074
4642.58555 18.836 0.064
4642.74808 18.762 0.065
4642.82316 18.884 0.074
4643.54333 18.788 0.076
4644.59069 19.077 0.096
4644.84692 18.852 0.062
4645.51375 18.760 0.076
4645.76224 18.852 0.072
4645.83697 18.799 0.075
4646.51180 18.660 0.056
4646.84421 18.974 0.082
4647.50818 18.779 0.076
4647.73124 18.942 0.078
4647.84226 18.654 0.069
4648.49132 18.759 0.070
4648.70497 18.737 0.059
4648.80886 19.185 0.100
4649.51742 18.696 0.067
4649.72613 18.964 0.067
4649.85253 18.588 0.063
4650.50338 18.912 0.088
4650.76731 18.997 0.069
4650.86103 18.921 0.088
4651.50676 18.668 0.070
4651.80189 18.779 0.068
4652.49780 19.001 0.083
4652.71095 18.910 0.063
4652.78584 18.968 0.079
4652.83557 18.780 0.072
4653.49413 18.731 0.078
4653.71334 18.761 0.060
4653.77849 18.791 0.086
4654.53294 18.775 0.065
4654.74438 18.938 0.072
4654.80950 19.087 0.105
4655.49403 18.765 0.070
4655.71852 18.716 0.046
4656.49595 18.911 0.055
4656.68571 18.951 0.076
4656.80498 18.868 0.084
4657.61237 19.093 0.104
4658.65428 18.793 0.067
4659.58841 19.039 0.089
4660.60674 18.722 0.066
4661.48403 18.826 0.077
4661.68472 18.807 0.073
4661.74620 18.834 0.112
4661.81338 18.958 0.107
4665.65144 18.813 0.095
4666.55690 18.927 0.077
4666.69997 18.745 0.066
4666.74214 18.765 0.070
4667.49984 18.960 0.110
4667.56843 18.773 0.079
4669.60716 18.706 0.079
4670.64159 18.886 0.069
4671.57711 18.792 0.056
4672.50261 18.788 0.054
4672.69508 18.667 0.047
4672.71738 18.752 0.052
4674.50573 19.184 0.108
4674.69883 18.614 0.052
4675.67234 18.983 0.070
4677.48232 18.723 0.054
4677.77120 18.784 0.071
4678.68571 18.696 0.053
4679.48790 18.705 0.078
4681.52369 18.782 0.055
4681.62371 18.855 0.064
4681.75592 18.815 0.068
4682.49471 18.821 0.058
4682.65204 18.826 0.057
4682.74725 18.948 0.068
4683.51323 19.080 0.105
4683.70013 18.756 0.064
4684.50576 18.711 0.059
4684.71947 19.038 0.072
4685.49068 18.917 0.089
4685.72565 18.812 0.063
4686.49447 18.794 0.065
4687.47824 19.013 0.082
4687.73374 18.792 0.073
4688.49115 18.663 0.068
4688.68099 19.071 0.070
4688.74279 18.841 0.083
4693.53875 18.743 0.055
4694.53396 19.068 0.110
4697.49462 18.644 0.052
4698.50015 18.861 0.063
4699.49628 18.795 0.066
4700.50255 19.156 0.075
4701.49785 18.749 0.068
4702.49636 18.881 0.065
4703.56687 18.990 0.071
4704.63663 18.741 0.055
4705.50005 18.904 0.067
4707.60089 18.837 0.057
4708.53323 18.646 0.057
4709.50936 19.099 0.106
4710.53899 18.728 0.061
4711.51834 18.926 0.087
4715.57835 18.626 0.068
4716.58073 18.743 0.090
4720.54785 18.879 0.082
4721.47940 18.818 0.107
4722.51196 18.960 0.080
4724.50178 19.206 0.123
4725.47656 18.576 0.092
4728.58661 18.772 0.080
4729.54210 19.043 0.087
4730.55843 18.714 0.056
4731.56536 19.008 0.091
4733.51704 18.862 0.066
4734.54641 18.700 0.063
4737.53734 18.864 0.073
4740.54781 18.945 0.085
4741.55551 18.717 0.059
4743.53048 18.778 0.070
4753.54140 19.000 0.096
4758.50304 18.848 0.093
4868.87357 18.811 0.056
4869.85742 19.098 0.091
4873.84624 19.179 0.101
4874.84076 18.590 0.077
4877.84058 18.980 0.069
4884.84809 18.887 0.063
4886.89705 18.833 0.087
4890.87618 18.714 0.050
4896.86443 18.731 0.051
4899.83531 19.128 0.083
4900.87678 18.825 0.058
4901.87516 18.798 0.055
4902.87388 18.870 0.055
4904.79796 18.721 0.052
4905.90196 18.708 0.063
4910.80386 18.932 0.072
4911.77450 18.626 0.041
4912.77141 19.013 0.054
4914.78848 18.963 0.068
4917.74954 18.861 0.053
4920.72997 18.946 0.058
4924.77047 18.765 0.046
4925.81095 18.963 0.055
4925.89800 18.675 0.038
4927.70459 18.733 0.081
4927.86511 18.724 0.066
4928.72711 18.658 0.061
4929.78340 19.031 0.066
4930.69787 18.629 0.065
4930.81681 19.002 0.075
4931.71270 18.954 0.093
4931.85840 18.777 0.063
4932.71579 18.718 0.055
4932.81646 19.005 0.061
4933.76410 18.794 0.075
4934.76250 18.837 0.112
4934.86994 18.881 0.086
4938.67310 18.731 0.069
4938.87773 18.775 0.057
4939.69200 18.758 0.061
4940.69199 18.897 0.062
4941.67077 18.772 0.055
4941.76876 18.753 0.059
4941.88713 19.242 0.113
4942.66541 18.719 0.067
4943.66259 18.861 0.069
4943.80209 19.041 0.067
4944.65939 19.024 0.079
4944.81486 18.819 0.052
4945.70783 18.680 0.054
4945.76430 18.876 0.052
4946.65750 18.898 0.067
4947.65119 18.668 0.054
4947.84913 18.908 0.051
4948.83174 18.643 0.042
4949.77984 18.846 0.057
4951.63988 18.655 0.057
4952.63810 18.844 0.070
4953.63173 18.685 0.062
4953.80630 18.760 0.060
4954.63325 18.934 0.081
4954.82614 18.835 0.056
4955.62825 19.003 0.105
4955.76735 18.923 0.078
