2116.79755 16.955 0.011
2128.68592 16.928 0.009
2131.66141 16.928 0.010
2135.56950 16.938 0.008
2143.63663 16.999 0.010
2162.63062 16.964 0.010
2170.53686 16.926 0.009
2173.61081 16.937 0.011
2183.55368 16.928 0.012
2184.60963 16.938 0.015
2195.58984 16.930 0.012
2200.56400 16.983 0.014
2346.84005 16.936 0.010
2351.84112 16.948 0.009
2360.84975 16.934 0.009
2371.82239 16.913 0.009
2384.78299 16.918 0.010
2388.78685 16.945 0.013
2390.75685 16.942 0.011
2397.91512 16.943 0.011
2401.71748 16.921 0.009
2403.77879 16.940 0.008
2405.71463 16.936 0.009
2415.71622 16.926 0.011
2417.80692 16.936 0.011
2425.88047 16.948 0.012
2431.72770 16.927 0.008
2433.70253 16.933 0.010
2434.84846 16.947 0.010
2436.63785 16.913 0.009
2438.65338 16.933 0.009
2440.64219 16.951 0.009
2443.66791 16.939 0.009
2445.56497 16.920 0.010
2452.63673 16.923 0.012
2458.77270 16.931 0.008
2462.68912 16.992 0.008
2464.55663 16.950 0.011
2467.48316 16.919 0.010
2469.49364 16.923 0.009
2471.78363 16.935 0.008
2473.48179 16.931 0.013
2483.53660 16.944 0.009
2490.51328 16.912 0.010
2492.74992 16.943 0.012
2495.54084 16.906 0.009
2497.60185 16.978 0.008
2499.64795 16.930 0.009
2501.66604 16.940 0.008
2511.65986 16.941 0.011
2521.59191 16.941 0.009
2545.54735 16.938 0.010
2550.58400 16.978 0.013
2555.54639 16.936 0.011
2571.51750 16.947 0.016
2701.90564 16.954 0.012
2712.90627 16.956 0.011
2727.86495 16.933 0.008
2732.88269 16.923 0.010
2743.87052 16.919 0.008
2748.90229 16.920 0.011
2755.89312 16.925 0.009
2759.88451 16.926 0.009
2765.91083 16.921 0.009
2770.64041 16.939 0.014
2782.82451 17.026 0.012
2784.82347 16.936 0.009
2786.71347 16.925 0.010
2790.93545 16.917 0.010
2792.57642 16.921 0.013
2794.69921 16.932 0.009
2796.63796 16.944 0.008
2802.69516 16.938 0.012
2808.74279 16.963 0.012
2810.66155 16.942 0.009
2812.63847 16.915 0.009
2813.72740 16.928 0.009
2815.66698 16.936 0.010
2816.80217 16.932 0.009
2817.81153 16.950 0.011
2819.59038 16.943 0.009
2821.57532 16.928 0.010
2830.61186 16.919 0.015
2835.54291 16.923 0.013
2836.77110 16.945 0.012
2838.66734 16.921 0.010
2840.59207 16.979 0.009
2844.70288 16.969 0.009
2849.53182 16.936 0.010
2851.63247 16.917 0.009
2853.64311 16.923 0.008
2856.52086 17.035 0.011
2858.49677 16.937 0.010
2860.61137 16.925 0.014
2863.69836 16.977 0.014
2867.60474 16.932 0.009
2870.68295 16.921 0.010
2878.56352 16.939 0.008
2884.63503 16.940 0.011
2893.66278 16.942 0.009
2896.52563 16.940 0.009
2906.66578 16.920 0.012
2912.64508 17.003 0.014
2924.57551 16.934 0.010
2934.58629 16.917 0.012
2942.54589 16.926 0.013
3048.88457 16.942 0.010
