2112.78809 18.730 0.028
2128.60082 19.110 0.039
2131.72352 19.043 0.050
2134.69916 18.783 0.040
2138.57841 18.860 0.045
2143.54579 18.706 0.051
2155.63508 18.871 0.056
2162.53985 18.810 0.042
2168.56599 18.824 0.051
2173.52414 18.892 0.052
2180.52268 18.917 0.049
2184.52745 19.298 0.073
2194.58290 18.806 0.045
2322.88543 18.774 0.038
2326.83463 18.720 0.055
2341.84381 18.650 0.042
2350.85782 18.745 0.032
2359.82316 18.808 0.041
2370.86258 18.913 0.040
2384.71770 19.044 0.043
2388.71877 19.001 0.053
2390.68966 18.682 0.045
2393.91713 18.631 0.071
2400.71758 18.757 0.034
2402.83485 19.102 0.045
2404.86699 19.053 0.038
2406.92508 19.059 0.061
2415.64387 18.877 0.057
2417.67397 19.087 0.061
2425.60832 18.830 0.062
2431.65841 19.250 0.068
2433.59641 18.943 0.046
2435.75301 19.044 0.040
2437.63434 18.793 0.048
2439.57801 19.042 0.040
2440.58586 18.808 0.034
2443.63979 18.741 0.039
2444.75027 19.186 0.059
2446.58404 18.676 0.035
2452.56783 19.035 0.065
2458.56346 19.031 0.065
2462.84690 19.098 0.052
2464.48775 19.007 0.056
2466.79590 19.017 0.061
2468.50993 18.653 0.028
2470.51717 18.997 0.053
2474.63569 19.006 0.039
2482.65273 18.852 0.042
2485.66305 19.140 0.060
2489.73319 18.808 0.040
2492.67843 18.882 0.054
2497.53473 18.889 0.038
2499.57109 18.822 0.029
2501.59837 18.757 0.030
2503.52356 18.817 0.076
2511.57872 18.735 0.045
2518.50053 18.819 0.041
2519.68864 18.796 0.048
2524.52217 18.845 0.034
2529.64487 19.166 0.068
2537.50944 18.765 0.053
2540.52525 19.110 0.068
2546.53547 18.969 0.048
2550.51707 19.085 0.054
2554.58890 18.860 0.046
2558.56856 18.733 0.058
2565.52872 19.082 0.073
2699.88858 18.789 0.036
2711.90446 19.105 0.043
2726.89743 19.093 0.034
2732.81347 18.943 0.038
2743.80523 19.119 0.043
2748.82490 19.005 0.051
2755.81289 18.780 0.028
2759.81043 18.875 0.038
2765.81848 18.738 0.037
2769.84532 18.960 0.037
2782.73998 18.818 0.041
2784.73287 19.015 0.033
2786.62370 19.145 0.067
2788.74159 18.811 0.028
2790.81322 18.735 0.030
2792.61596 18.874 0.043
2794.64336 18.746 0.039
2796.59461 18.882 0.034
2802.61678 18.803 0.052
2808.66088 18.914 0.048
2810.55943 18.951 0.046
2812.54820 18.917 0.045
2814.55183 19.148 0.060
2816.55028 18.854 0.035
2818.53788 19.134 0.053
2820.52267 18.711 0.043
2826.59042 18.841 0.037
2830.81396 18.919 0.073
2834.60735 19.248 0.193
2836.52034 18.951 0.046
2838.56175 19.167 0.052
2840.53232 18.772 0.037
2842.58641 18.549 0.026
2844.64192 18.746 0.031
2848.70609 19.142 0.061
2851.56691 18.775 0.034
2853.57102 19.099 0.045
2854.77575 18.880 0.063
2857.75312 18.791 0.047
2862.55831 18.906 0.047
2866.63421 19.064 0.054
2868.54826 19.121 0.041
2871.52104 19.097 0.043
2875.66742 18.788 0.038
2878.63247 18.734 0.031
2884.50411 18.830 0.043
2893.63272 18.744 0.029
2896.49563 19.066 0.056
2900.66699 19.097 0.077
2905.58009 18.698 0.042
2909.53593 18.794 0.048
2912.57630 19.058 0.053
2927.54100 19.093 0.054
3044.88862 18.837 0.058
3045.87010 18.862 0.045
3056.84201 19.000 0.066
3105.89758 18.602 0.051
