2112.80522 18.567 0.034
2113.79378 18.764 0.053
2115.76263 18.698 0.043
2128.61630 18.718 0.035
2131.71454 18.978 0.056
2134.71492 18.596 0.043
2138.59528 18.679 0.045
2143.56080 18.719 0.065
2157.49094 18.685 0.053
2162.55737 18.691 0.046
2168.58137 18.688 0.052
2173.53946 18.747 0.065
2184.54273 18.908 0.072
2195.52707 18.582 0.054
2323.88417 18.647 0.044
2326.84980 18.790 0.062
2341.85933 18.742 0.052
2350.87332 18.625 0.037
2359.83890 18.885 0.048
2370.87779 19.011 0.054
2384.72406 18.664 0.043
2390.69614 18.735 0.060
2400.72457 18.726 0.043
2402.84180 18.609 0.037
2404.88867 18.602 0.039
2410.73444 18.847 0.042
2415.65140 18.735 0.067
2417.68381 18.596 0.049
2425.61630 18.811 0.079
2431.66609 18.891 0.060
2433.64262 18.679 0.040
2435.75984 18.712 0.038
2437.64442 18.710 0.059
2439.58484 18.797 0.038
2441.59362 18.765 0.041
2444.57727 18.636 0.042
2446.59275 18.514 0.034
2452.57442 18.656 0.060
2458.54262 18.533 0.051
2462.85333 18.678 0.051
2464.49567 18.617 0.050
2466.80659 18.756 0.048
2468.52000 18.633 0.036
2470.52733 18.748 0.050
2474.67165 18.664 0.042
2482.65961 18.807 0.063
2485.66983 18.819 0.060
2489.73967 18.634 0.043
2492.68497 18.779 0.059
2497.54121 18.932 0.051
2499.57773 18.760 0.036
2501.60478 18.620 0.034
2503.55280 18.671 0.100
2511.58521 18.650 0.051
2518.53213 18.760 0.050
2521.52486 18.632 0.039
2526.55340 18.976 0.047
2529.65191 18.763 0.049
2537.51585 18.655 0.060
2540.53476 18.620 0.055
2545.57460 18.722 0.055
2550.52383 18.513 0.044
2555.48470 19.010 0.086
2560.56177 18.795 0.102
2561.49720 18.717 0.055
2562.48080 18.559 0.108
2563.49069 19.026 0.070
2566.53896 18.595 0.056
2699.89497 18.692 0.047
2711.91105 18.585 0.047
2726.90402 18.689 0.031
2732.82006 18.691 0.041
2743.81166 18.761 0.038
2748.83134 18.668 0.047
2755.81950 18.614 0.032
2756.89156 18.745 0.045
2759.81919 18.551 0.035
2765.84064 18.616 0.037
2769.88661 18.681 0.042
2782.76194 18.987 0.062
2784.75597 18.746 0.034
2786.64642 18.652 0.043
2788.74811 18.649 0.030
2790.83163 18.630 0.036
2792.64355 18.714 0.042
2792.65842 18.797 0.045
2794.66379 19.001 0.052
2796.60099 18.599 0.032
2802.62819 18.877 0.078
2808.66748 18.566 0.043
2810.59927 19.001 0.055
2812.55589 18.692 0.046
2814.57356 18.915 0.057
2815.60821 18.701 0.043
2817.63895 18.737 0.051
2821.53980 18.655 0.043
2829.79915 18.674 0.049
2834.65583 18.514 0.118
2836.53902 18.597 0.041
2838.56813 18.565 0.038
2839.80906 18.768 0.049
2841.74927 18.688 0.040
2844.47265 18.725 0.075
2848.72429 18.691 0.052
2849.47120 18.649 0.055
2849.50132 18.800 0.055
2849.51075 18.750 0.049
2849.64832 18.643 0.042
2849.70525 18.668 0.042
2850.47924 18.618 0.043
2851.57323 18.619 0.038
2853.58423 18.653 0.036
2855.63429 18.682 0.054
2857.75950 18.826 0.058
2863.72507 18.714 0.060
2866.73829 18.733 0.053
2869.59488 18.643 0.038
2871.53453 18.588 0.034
2875.67396 18.530 0.037
2878.63878 18.622 0.033
2884.52119 18.642 0.043
2886.55820 18.560 0.104
2894.56965 18.631 0.037
2897.64600 18.575 0.048
2906.60665 19.069 0.065
2910.58348 18.982 0.069
2912.58574 18.764 0.047
2922.58429 18.559 0.059
2932.57489 18.550 0.041
3045.87710 18.647 0.049
3046.87727 18.816 0.062
3056.85725 18.778 0.058
3060.82444 18.757 0.059
3066.82203 18.921 0.057
3068.87952 18.598 0.036
3072.79866 18.608 0.044
3076.78125 18.671 0.070
3077.88804 18.539 0.076
3081.84468 18.792 0.038
3084.81108 18.597 0.034
3086.87446 18.613 0.031
3088.86196 18.618 0.026
3090.77531 18.617 0.030
3097.88707 18.660 0.032
3099.80256 18.725 0.047
3101.87979 18.600 0.039
3103.83782 18.648 0.035
3104.82392 18.675 0.103
3107.82735 18.592 0.045
3108.91280 18.624 0.034
3113.91906 18.979 0.044
3114.87200 18.629 0.038
3116.77802 18.968 0.049
3124.85561 18.558 0.044
3126.73657 18.764 0.038
3128.61540 18.627 0.049
3130.80506 18.576 0.043
3131.75183 18.654 0.052
3135.76105 18.642 0.030
3138.76949 18.597 0.035
3140.73796 18.640 0.031
3141.80077 19.069 0.044
3142.87388 18.816 0.045
3144.89572 18.770 0.049
3147.72867 18.728 0.043
3151.86785 18.663 0.044
3152.86507 18.761 0.049
3153.87244 18.690 0.065
3154.94103 18.754 0.080
3156.94537 18.518 0.056
3158.92513 18.709 0.072
3162.88169 18.653 0.042
3163.87606 18.782 0.053
3164.85637 18.648 0.038
3165.63837 19.037 0.045
3167.72077 18.628 0.038
3168.79452 18.725 0.037
3169.76657 18.712 0.045
3170.92415 18.512 0.040
3171.58227 18.766 0.038
3173.69642 18.591 0.039
3174.81865 18.552 0.032
3175.88189 19.035 0.063
3178.52806 18.600 0.050
3179.83013 19.023 0.057
3180.83740 18.573 0.031
3182.89470 18.731 0.049
3183.86539 18.668 0.061
3184.47396 18.629 0.053
3185.53668 18.975 0.065
3193.66287 18.642 0.049
3194.46831 18.503 0.070
3195.71784 18.872 0.037
3196.75469 18.527 0.036
3197.71410 18.764 0.043
3201.79384 18.637 0.043
3202.73781 18.654 0.041
3203.78686 18.744 0.034
3205.64885 18.700 0.027
3206.66546 18.610 0.033
3210.67230 18.646 0.034
3211.72256 18.675 0.043
3217.76838 18.678 0.076
3218.70884 18.720 0.060
3224.59799 18.694 0.033
3229.67184 18.634 0.033
3231.71448 18.667 0.053
3239.56813 18.638 0.036
3240.57661 18.776 0.049
3245.69049 18.824 0.058
3247.55009 18.560 0.041
3249.67667 18.868 0.062
3251.57201 18.589 0.032
3254.65505 18.594 0.044
3257.58928 18.634 0.031
3261.52807 18.539 0.031
3265.60228 18.975 0.058
3267.64080 18.872 0.061
3270.51191 18.827 0.101
3273.54495 18.967 0.081
3276.57051 18.540 0.055
3279.57921 18.947 0.069
3283.51305 18.681 0.038
3289.56606 18.922 0.053
3459.91479 19.183 0.118
3778.88219 18.789 0.043
4911.83765 18.624 0.029
