2125.55531 15.586 0.007
2129.63785 15.529 0.005
2132.58215 15.617 0.005
2135.71975 15.657 0.005
2140.67778 15.628 0.006
2144.56092 15.585 0.005
2160.55124 15.629 0.006
2168.61873 15.599 0.006
2187.52806 15.604 0.006
2206.52252 15.613 0.007
2331.86377 15.604 0.006
2358.83577 15.648 0.006
2372.79597 15.661 0.005
2382.92011 15.725 0.006
2386.86359 15.646 0.006
2390.80673 15.589 0.006
2397.76880 15.655 0.006
2401.79354 15.732 0.006
2403.84958 15.569 0.005
2405.81813 15.631 0.006
2414.80479 15.568 0.006
2416.76938 15.641 0.006
2424.86207 15.644 0.007
2428.76373 15.554 0.005
2432.80669 15.595 0.007
2434.67452 15.653 0.006
2436.72017 15.593 0.005
2438.69847 15.597 0.005
2440.84343 15.649 0.006
2443.70403 15.633 0.006
2445.58512 15.627 0.005
2448.56757 15.611 0.007
2453.82348 15.652 0.006
2459.51971 15.706 0.007
2463.49439 15.674 0.007
2464.72456 15.622 0.005
2467.62750 15.650 0.006
2469.64199 15.630 0.005
2471.65374 15.584 0.005
2473.61882 15.668 0.006
2483.68374 15.678 0.006
2486.66707 15.710 0.007
2490.63368 15.624 0.006
2493.59596 15.657 0.006
2495.66757 15.615 0.005
2497.74704 15.684 0.006
2499.77034 15.573 0.005
2502.51400 15.699 0.006
2512.56521 15.669 0.006
2517.68694 15.622 0.006
2520.52505 15.742 0.006
2526.62082 15.648 0.006
2541.59930 15.631 0.006
2547.53740 15.607 0.006
2551.57354 15.622 0.007
2556.52838 15.604 0.006
2563.56187 15.751 0.006
2574.54054 15.594 0.006
2705.90266 15.707 0.006
2706.87003 15.619 0.006
2714.85435 15.667 0.005
2728.88387 15.628 0.006
2733.86682 15.686 0.006
2744.85460 15.591 0.014
2752.91949 15.693 0.006
2756.88407 15.584 0.005
2760.85232 15.537 0.006
2766.88446 15.625 0.006
2770.77935 15.575 0.006
2783.77275 15.520 0.005
2785.88439 15.612 0.006
2786.88647 15.625 0.007
2789.69244 15.544 0.005
2791.67501 15.672 0.006
2794.81842 15.585 0.006
2796.75946 15.609 0.005
2808.89997 15.569 0.007
2809.90436 15.665 0.006
2810.83138 15.632 0.006
2811.86865 15.542 0.005
2813.66535 15.586 0.006
2815.78705 15.605 0.006
2817.73995 15.520 0.005
2818.80295 15.601 0.006
2820.67518 15.600 0.006
2826.70389 15.501 0.005
2834.73791 15.596 0.006
2835.84778 15.532 0.006
2837.58150 15.615 0.007
2839.62468 15.605 0.006
2841.64382 15.549 0.006
2843.57296 15.639 0.005
2845.60386 15.523 0.006
2849.75637 15.551 0.006
2849.78390 15.562 0.007
2851.76672 15.596 0.007
2853.76962 15.590 0.006
2856.65838 15.617 0.006
2858.63365 15.603 0.007
2859.62773 15.519 0.006
2863.59266 15.593 0.006
2866.68402 15.674 0.006
2869.67507 15.536 0.006
2872.66954 15.598 0.005
2877.63886 15.603 0.006
2883.61441 15.512 0.005
2892.60438 15.537 0.007
2896.62603 15.606 0.006
2902.59308 15.525 0.006
2907.56746 15.529 0.006
2917.55512 15.537 0.006
2929.59291 15.593 0.007
