2125.59967 17.492 0.035
2129.67684 17.445 0.023
2132.61829 17.458 0.023
2141.53350 17.399 0.020
2144.62492 17.501 0.024
2160.59185 17.428 0.027
2187.58868 17.487 0.035
2206.55815 17.606 0.053
2347.81794 17.452 0.023
2357.84491 17.468 0.024
2372.83274 17.478 0.024
2383.78508 17.443 0.021
2386.87661 17.503 0.021
2391.84287 17.512 0.031
2397.73348 17.389 0.021
2401.81332 17.414 0.024
2403.89093 17.486 0.024
2405.87351 17.445 0.026
2415.87145 17.538 0.030
2424.80273 17.471 0.025
2428.83144 17.455 0.023
2432.84557 17.465 0.029
2434.71665 17.441 0.024
2436.77718 17.450 0.023
2438.73990 17.510 0.025
2441.71668 17.436 0.019
2445.61930 17.437 0.022
2448.62648 17.445 0.033
2455.67704 17.411 0.021
2459.58454 17.449 0.023
2463.53277 17.441 0.025
2466.68109 17.422 0.025
2468.62327 17.449 0.021
2470.62622 17.465 0.025
2481.54639 17.543 0.039
2484.61199 17.469 0.031
2486.70405 17.514 0.034
2490.67063 17.470 0.030
2493.63383 17.392 0.024
2495.70406 17.467 0.025
2498.49854 17.413 0.022
2500.53276 17.519 0.027
2502.55524 17.394 0.025
2508.65562 17.440 0.027
2512.60171 17.426 0.027
2517.59787 17.430 0.024
2520.57077 17.422 0.023
2526.65952 17.497 0.025
2538.48268 17.506 0.030
2542.51615 17.453 0.030
2547.57720 17.431 0.026
2552.48316 17.477 0.036
2556.56810 17.515 0.034
2563.57107 17.428 0.030
2575.51401 17.513 0.036
2707.85049 17.495 0.025
2714.89108 17.517 0.022
2721.91732 17.452 0.039
2729.82006 17.439 0.028
2733.90477 17.479 0.030
2744.90365 17.499 0.022
2753.87891 17.426 0.024
2757.77544 17.434 0.024
2760.88959 17.481 0.029
2767.78011 17.513 0.030
2768.85821 17.394 0.017
2770.81776 17.486 0.029
2783.71219 17.381 0.020
2785.80643 17.435 0.028
2786.80909 17.523 0.030
2789.58105 17.459 0.027
2789.73928 17.420 0.021
2790.67079 17.474 0.022
2790.93904 17.468 0.029
2791.74106 17.535 0.025
2792.64016 17.466 0.027
2793.84787 17.480 0.027
2796.81315 17.420 0.023
2797.91803 17.411 0.022
2809.70629 17.532 0.026
2810.88068 17.416 0.026
2812.70400 17.500 0.027
2813.79530 17.500 0.024
2814.73303 17.410 0.025
2816.58789 17.473 0.024
2818.57454 17.385 0.024
2820.74309 17.413 0.029
2826.74439 17.417 0.024
2835.62762 17.470 0.032
2837.62487 17.388 0.031
2839.67148 17.502 0.028
2841.70361 17.431 0.024
2843.61800 17.428 0.024
2845.64439 17.529 0.030
2850.50936 17.481 0.026
2852.52466 17.495 0.031
2854.52524 17.405 0.026
2856.71411 17.449 0.033
2858.67150 17.470 0.025
2859.59207 17.419 0.030
2863.55861 17.449 0.026
2865.66075 17.411 0.030
2867.70455 17.445 0.022
2871.64614 17.425 0.021
2876.60915 17.465 0.027
2878.65936 17.466 0.025
2884.64258 17.486 0.027
2892.67840 17.475 0.038
2895.65249 17.354 0.020
2898.65921 17.405 0.029
2904.58532 17.510 0.036
2909.58630 17.456 0.030
2918.53217 17.422 0.031
2930.56062 17.444 0.029
3058.87926 17.466 0.023
3063.90290 17.501 0.039
3067.87781 17.489 0.021
3070.83775 17.484 0.030
3073.79300 17.430 0.024
3075.82634 17.425 0.024
3079.86986 17.475 0.028
3082.83273 17.434 0.021
3084.88833 17.416 0.018
3086.82233 17.401 0.019
3088.78000 17.415 0.018
3089.88928 17.432 0.019
3091.80648 17.460 0.020
3096.84399 17.475 0.027
3098.89974 17.469 0.019
3100.84576 17.475 0.022
3102.80547 17.471 0.023
3103.87592 17.519 0.026
3106.81285 17.479 0.029
3108.75157 17.468 0.021
3109.78451 17.469 0.021
3111.85046 17.449 0.025
3112.82380 17.482 0.022
3113.85771 17.427 0.021
3114.76780 17.512 0.026
3115.85038 17.464 0.021
3118.91184 17.476 0.026
3122.89532 17.532 0.031
3125.85240 17.508 0.032
3126.88122 17.417 0.026
3127.78680 17.536 0.026
3128.80512 17.418 0.023
3129.77982 17.450 0.042
3131.66743 17.526 0.032
3135.84804 17.415 0.022
3137.92362 17.402 0.022
3138.80786 17.426 0.022
3139.85720 17.463 0.022
3140.85942 17.543 0.030
3142.75165 17.419 0.022
3144.77223 17.441 0.023
3146.76479 17.420 0.024
3151.73450 17.488 0.028
3152.73833 17.404 0.024
3153.74225 17.476 0.029
3153.90710 17.465 0.025
3154.80323 17.602 0.039
3156.80220 17.447 0.030
3158.86086 17.524 0.032
3162.79732 17.404 0.024
3163.75853 17.536 0.027
3164.71693 17.413 0.022
3165.78815 17.422 0.017
3166.87973 17.554 0.037
3168.57579 17.411 0.021
3168.91407 17.467 0.027
3169.71073 17.509 0.025
3170.78837 17.452 0.020
3171.88352 17.442 0.021
3172.73150 17.515 0.018
3174.69445 17.492 0.020
3175.70378 17.473 0.019
3177.70617 17.530 0.035
3178.76492 17.507 0.025
3179.77793 17.503 0.024
3180.69062 17.484 0.019
3182.75780 17.492 0.024
3183.71634 17.579 0.030
3184.68380 17.449 0.020
3185.84846 17.543 0.026
3193.52156 17.471 0.026
3194.62703 17.474 0.028
3195.68350 17.451 0.021
3196.72725 17.485 0.024
3197.62720 17.488 0.024
3199.77193 17.575 0.031
3202.52279 17.434 0.020
3203.64432 17.432 0.020
3204.60466 17.472 0.020
3205.74637 17.503 0.021
3206.65402 17.406 0.022
3209.69705 17.567 0.036
3210.64311 17.497 0.024
3211.71665 17.517 0.029
3217.63648 17.471 0.023
3218.63599 17.415 0.030
3223.63552 17.527 0.033
3224.68305 17.409 0.020
3226.59916 17.503 0.030
3228.58327 17.534 0.023
3229.61247 17.490 0.026
3230.65111 17.475 0.023
3231.55598 17.456 0.026
3232.58379 17.508 0.030
3238.60165 17.436 0.024
3239.56148 17.490 0.025
3240.63820 17.532 0.028
3241.63992 17.557 0.041
3245.53154 17.475 0.030
3246.64365 17.509 0.033
3247.65915 17.541 0.028
3249.51131 17.456 0.025
3250.63829 17.478 0.026
3256.61450 17.525 0.030
3259.53634 17.476 0.030
3259.60672 17.554 0.033
3267.59179 17.496 0.024
3272.57268 17.423 0.027
3274.61311 17.582 0.035
3278.58485 17.436 0.026
3281.56561 17.452 0.025
3288.52716 17.574 0.028
3293.50198 17.547 0.024
3295.50646 17.467 0.019
3312.52490 17.534 0.034
3416.88592 17.466 0.023
3421.88263 17.423 0.018
3426.84636 17.508 0.025
3428.89813 17.422 0.025
3432.87174 17.517 0.022
3442.87251 17.405 0.020
3445.78863 17.399 0.018
3447.83852 17.460 0.023
3449.85129 17.452 0.024
3452.87196 17.418 0.019
3455.80570 17.442 0.025
3458.78454 17.444 0.022
3459.83218 17.464 0.022
3468.86095 17.462 0.019
3469.86790 17.471 0.018
3471.90189 17.502 0.027
3473.86464 17.457 0.027
3474.89351 17.462 0.023
3476.75953 17.465 0.019
3478.77521 17.467 0.020
3479.91259 17.467 0.019
3481.80781 17.392 0.017
3484.75902 17.356 0.022
3496.70639 17.427 0.022
3497.77484 17.453 0.025
3499.73367 17.374 0.018
3500.71610 17.506 0.023
3501.75324 17.404 0.018
3502.75168 17.401 0.018
3503.67845 17.495 0.020
3506.86923 17.432 0.021
3508.73555 17.445 0.025
3509.76614 17.454 0.021
3510.91276 17.428 0.019
3511.81901 17.444 0.021
3512.85250 17.428 0.023
3517.84142 17.524 0.030
3520.79862 17.454 0.023
3522.72797 17.482 0.017
3523.78569 17.475 0.020
3524.68787 17.486 0.023
3525.68193 17.409 0.019
3526.73463 17.388 0.018
3527.76854 17.437 0.021
3528.70945 17.526 0.024
3529.67774 17.399 0.014
3530.67541 17.471 0.016
3538.65364 17.411 0.021
3540.64088 17.445 0.021
3544.84318 17.459 0.027
3547.77217 17.571 0.025
3550.61904 17.483 0.023
3551.62136 17.495 0.016
3552.65491 17.495 0.021
3553.77777 17.556 0.031
3554.73450 17.376 0.022
3555.79533 17.520 0.031
3556.70754 17.465 0.024
3558.51827 17.444 0.030
3558.81691 17.453 0.024
3559.59981 17.426 0.019
3560.58825 17.548 0.023
3561.53231 17.413 0.021
3562.57297 17.453 0.019
3562.82430 17.442 0.022
3563.62719 17.471 0.017
3564.60887 17.463 0.020
3569.54569 17.470 0.026
3573.63639 17.500 0.029
3574.67715 17.448 0.025
3575.52469 17.434 0.019
3576.67860 17.602 0.027
3577.74632 17.522 0.023
3578.65155 17.467 0.022
3579.60879 17.455 0.020
3579.77649 17.435 0.024
3580.63862 17.451 0.022
3581.66203 17.410 0.018
3582.61016 17.441 0.018
3583.62411 17.459 0.021
3584.63289 17.476 0.019
3585.62316 17.479 0.019
3586.66892 17.407 0.017
3589.66156 17.421 0.016
3590.63046 17.449 0.020
3592.64704 17.394 0.015
3594.69536 17.507 0.021
3601.63756 17.446 0.020
3602.65362 17.430 0.024
3603.62763 17.501 0.023
3607.62603 17.425 0.023
3608.64086 17.497 0.025
3615.56861 17.449 0.022
3618.55280 17.429 0.022
3619.57739 17.463 0.025
3621.57701 17.437 0.025
3628.55088 17.451 0.026
3629.63553 17.456 0.029
3631.52046 17.454 0.030
3633.53355 17.524 0.030
3637.62980 17.491 0.028
3639.58493 17.490 0.019
3641.53538 17.547 0.030
3644.49577 17.505 0.030
3648.52760 17.542 0.029
3650.56507 17.509 0.024
3655.51722 17.425 0.023
3657.52302 17.448 0.027
3660.51718 17.468 0.029
3662.52242 17.497 0.030
3666.54990 17.440 0.024
3776.85775 17.508 0.028
3781.88388 17.453 0.032
3784.86781 17.423 0.020
3787.90155 17.430 0.032
3791.88455 17.482 0.026
3794.86207 17.443 0.022
3796.85079 17.426 0.021
3797.85370 17.500 0.021
3798.90164 17.512 0.023
3801.82528 17.436 0.026
3803.81425 17.478 0.022
3804.86151 17.528 0.026
3805.90205 17.403 0.021
3807.89037 17.399 0.019
3809.80476 17.455 0.020
3811.88330 17.415 0.022
3813.76360 17.417 0.024
3817.90275 17.378 0.023
3819.76421 17.384 0.017
3820.86842 17.394 0.019
3821.87841 17.487 0.021
3822.77742 17.396 0.020
3823.89038 17.442 0.019
3824.88325 17.510 0.026
3826.88773 17.437 0.023
3828.89012 17.551 0.022
3829.87684 17.409 0.020
3832.87998 17.458 0.021
3833.85467 17.420 0.018
3834.89589 17.520 0.020
3835.83928 17.384 0.018
3836.85178 17.436 0.019
3837.83431 17.526 0.031
3838.83828 17.396 0.022
3839.85036 17.493 0.025
3840.84155 17.491 0.022
3841.82033 17.368 0.021
3845.82531 17.570 0.029
3846.83329 17.466 0.019
3848.84883 17.461 0.021
3849.86213 17.458 0.018
3850.79816 17.433 0.021
3851.80450 17.563 0.027
3852.79294 17.424 0.021
3853.78571 17.379 0.016
3856.77453 17.436 0.021
3858.83836 17.509 0.024
3860.82915 17.548 0.030
3861.84349 17.466 0.020
3862.78746 17.388 0.018
3863.72776 17.484 0.020
3864.78832 17.453 0.018
3865.75268 17.472 0.024
3866.78115 17.465 0.019
3867.71801 17.392 0.020
3868.78472 17.405 0.021
3869.77106 17.431 0.026
3873.77191 17.434 0.020
3874.81608 17.471 0.025
3875.73099 17.492 0.018
3877.76058 17.377 0.017
3880.75777 17.372 0.022
3881.76602 17.457 0.017
3882.70402 17.486 0.022
3883.74550 17.434 0.018
3886.71638 17.436 0.018
3887.69935 17.495 0.019
3889.86091 17.457 0.019
3891.58662 17.476 0.023
3893.74331 17.648 0.035
3894.78592 17.285 0.022
3896.73732 17.456 0.022
3900.63707 17.448 0.024
3901.64894 17.479 0.022
3902.66679 17.416 0.021
3903.79567 17.551 0.029
3904.64650 17.429 0.019
3905.65347 17.531 0.020
3906.63506 17.448 0.020
3907.69617 17.516 0.032
3908.63470 17.417 0.017
3909.63908 17.398 0.018
3912.63943 17.395 0.016
3913.63700 17.415 0.017
3914.67018 17.503 0.021
3915.63392 17.400 0.020
3916.71557 17.400 0.020
3917.72837 17.490 0.022
3918.73278 17.535 0.023
3919.66262 17.584 0.027
3920.61471 17.453 0.022
3921.62819 17.542 0.033
3930.69041 17.493 0.024
3931.60960 17.501 0.024
3931.79266 17.544 0.032
3932.63703 17.422 0.017
3933.61676 17.367 0.016
3934.58735 17.477 0.018
3935.66459 17.585 0.029
3936.61619 17.452 0.021
3936.80447 17.503 0.028
3937.73294 17.441 0.025
3938.59383 17.057 0.017
3940.73846 17.407 0.016
3944.67881 17.437 0.018
3945.62731 17.383 0.021
3946.62091 17.492 0.023
3950.63747 17.489 0.021
3951.48136 17.469 0.023
3951.56988 17.485 0.026
3951.65378 17.438 0.027
3951.70642 17.526 0.030
3956.66069 17.647 0.042
3957.62284 17.410 0.027
3958.68067 17.355 0.023
3959.61093 17.526 0.024
3960.60408 17.426 0.017
3963.56852 17.433 0.023
3964.63539 17.429 0.019
3965.61723 17.526 0.020
3966.61209 17.446 0.019
3967.63847 17.471 0.023
3968.59469 17.570 0.025
3969.60231 17.475 0.023
3970.61520 17.561 0.025
3971.64521 17.562 0.026
3973.67477 17.526 0.025
3974.60942 17.493 0.022
3975.60482 17.467 0.020
3976.59882 17.424 0.020
3979.62525 17.423 0.027
3982.65606 17.418 0.025
3987.59506 17.406 0.020
3988.62834 17.392 0.017
3990.59625 17.463 0.023
3994.54614 17.557 0.030
3996.52190 17.525 0.032
4000.60751 17.472 0.029
4002.60144 17.476 0.020
4003.55593 17.424 0.018
4005.65174 17.447 0.024
4011.53473 17.476 0.030
4015.56406 17.504 0.030
4017.54180 17.441 0.024
4019.54347 17.493 0.029
4021.54624 17.553 0.032
4024.57572 17.462 0.026
4027.49195 17.521 0.036
4029.52992 17.437 0.027
4149.89512 17.382 0.039
4155.83350 17.424 0.025
4157.88585 17.466 0.025
4159.89877 17.452 0.027
4162.84603 17.473 0.030
4164.88591 17.382 0.023
4166.90188 17.525 0.037
4167.81349 17.393 0.027
4169.82059 17.441 0.025
4174.83514 17.477 0.027
4176.81683 17.411 0.023
4177.87052 17.423 0.023
4179.76831 17.481 0.026
4180.81068 17.567 0.035
4181.90024 17.482 0.022
4183.78216 17.441 0.023
4184.85020 17.463 0.023
4185.82956 17.399 0.023
4190.84799 17.449 0.024
4192.86025 17.439 0.025
4193.87123 17.461 0.025
4194.89280 17.438 0.023
4196.91278 17.432 0.024
4202.86256 17.478 0.022
4203.85069 17.385 0.020
4204.84987 17.392 0.021
4205.84640 17.480 0.023
4207.85002 17.405 0.019
4208.87906 17.465 0.024
4212.92776 17.561 0.030
4213.84776 17.426 0.021
4215.88529 17.439 0.023
4216.80616 17.436 0.023
4217.82846 17.485 0.020
4218.86919 17.446 0.023
4219.90744 17.493 0.030
4220.84486 17.490 0.028
4222.81420 17.431 0.024
4228.80499 17.441 0.023
4229.78379 17.467 0.026
4230.77073 17.400 0.019
4231.79283 17.434 0.022
4232.80107 17.435 0.028
4234.74528 17.511 0.028
4235.77014 17.476 0.022
4237.72895 17.506 0.025
4238.79318 17.460 0.025
4239.83230 17.584 0.040
4240.94490 17.439 0.039
4243.68771 17.456 0.028
4244.84953 17.448 0.022
4245.84274 17.455 0.024
4246.89750 17.429 0.025
4250.86334 17.461 0.031
4256.70843 17.418 0.029
4258.70620 17.510 0.028
4267.73264 17.503 0.021
4268.60970 17.462 0.028
4269.64983 17.422 0.023
4272.70046 17.386 0.020
4273.66049 17.490 0.026
4274.64422 17.391 0.023
4275.70107 17.410 0.024
4277.60017 17.443 0.028
4278.67443 17.498 0.030
4283.61977 17.373 0.024
4284.60366 17.484 0.028
4285.61042 17.524 0.032
4286.60647 17.413 0.021
4289.64435 17.432 0.026
4290.67394 17.473 0.030
4291.72794 17.415 0.026
4292.58898 17.367 0.020
4293.61647 17.434 0.022
4294.58821 17.515 0.022
4295.61760 17.410 0.021
4296.59705 17.418 0.020
4297.59085 17.439 0.021
4298.70038 17.480 0.025
4299.66734 17.392 0.020
4300.79219 17.426 0.025
4301.46971 17.469 0.028
4302.74880 17.485 0.025
4307.58009 17.412 0.021
4310.73356 17.481 0.030
4312.62962 17.482 0.024
4315.66347 17.491 0.028
4317.61695 17.463 0.023
4319.62473 17.501 0.028
4320.72611 17.456 0.028
4326.63568 17.419 0.023
4327.66305 17.474 0.030
4328.60411 17.451 0.024
4328.73651 17.474 0.030
4329.59584 17.522 0.030
4330.57762 17.512 0.029
4331.60410 17.497 0.026
4332.60148 17.397 0.021
4333.60455 17.502 0.027
4334.59878 17.442 0.036
4338.63871 17.397 0.026
4339.60773 17.460 0.030
4340.51935 17.476 0.034
4341.60615 17.436 0.030
4342.64236 17.477 0.026
4343.62172 17.463 0.023
4344.67115 17.302 0.024
4345.62151 17.505 0.029
4346.62686 17.482 0.026
4347.64088 17.373 0.023
4349.61267 17.482 0.024
4351.61133 17.487 0.029
4353.63448 17.450 0.033
4357.62273 17.479 0.031
4359.59393 17.430 0.024
4362.58726 17.413 0.039
4367.59302 17.570 0.039
4370.59200 17.456 0.025
4372.56399 17.483 0.024
4380.57376 17.398 0.023
4508.88853 17.408 0.026
4515.86920 17.424 0.029
4519.84077 17.500 0.031
4520.82927 17.476 0.033
4522.89650 17.534 0.033
4524.88262 17.459 0.025
4530.87215 17.440 0.021
4534.81375 17.487 0.029
4536.81846 17.454 0.027
4537.90622 17.477 0.023
4538.83690 17.421 0.025
4540.86675 17.518 0.023
4542.89306 17.398 0.020
4543.85451 17.456 0.022
4544.85129 17.386 0.022
4545.86885 17.456 0.024
4546.89980 17.454 0.023
4550.84262 17.394 0.022
4551.90041 17.429 0.024
4552.89737 17.529 0.032
4556.86170 17.441 0.022
4557.88773 17.367 0.020
4558.82278 17.439 0.022
4559.85199 17.430 0.022
4560.85239 17.423 0.019
4561.84131 17.445 0.020
4564.84548 17.476 0.021
4565.83438 17.442 0.018
4566.83643 17.406 0.020
4567.84073 17.461 0.020
4568.85922 17.454 0.021
4569.85662 17.360 0.020
4570.86195 17.449 0.022
4571.82745 17.420 0.021
4572.86520 17.439 0.028
4573.84098 17.416 0.018
4574.84313 17.454 0.026
4575.85479 17.381 0.023
4579.90711 17.446 0.025
4583.81943 17.418 0.027
4586.80742 17.413 0.028
4587.84477 17.397 0.022
4588.73353 17.413 0.022
4589.76728 17.440 0.025
4590.78168 17.431 0.024
4591.75885 17.414 0.021
4592.77102 17.469 0.027
4593.75646 17.421 0.023
4594.78477 17.493 0.023
4595.77532 17.418 0.023
4596.79584 17.409 0.020
4597.79312 17.438 0.021
4598.76239 17.395 0.018
4599.74188 17.461 0.021
4600.74742 17.465 0.019
4601.75203 17.406 0.020
4602.74961 17.448 0.019
4606.76640 17.497 0.021
4610.86411 17.466 0.022
4611.73371 17.427 0.022
4611.92022 17.464 0.027
4615.91345 17.503 0.035
4616.72246 17.395 0.021
4617.88744 17.443 0.028
4622.70230 17.538 0.032
4623.78209 17.440 0.027
4624.72094 17.465 0.024
4625.70222 17.464 0.031
4626.74952 17.470 0.028
4627.68151 17.423 0.021
4628.67175 17.417 0.021
4629.73743 17.408 0.020
4630.67725 17.449 0.021
4631.69557 17.381 0.018
4632.71021 17.411 0.021
4633.85812 17.441 0.028
4639.79863 17.456 0.032
4640.77417 17.416 0.022
4641.85940 17.468 0.031
4642.69708 17.464 0.023
4643.66314 17.460 0.026
4644.74628 17.389 0.021
4645.66498 17.492 0.024
4646.63262 17.419 0.018
4647.64364 17.451 0.021
4648.64205 17.434 0.022
4648.75151 17.497 0.024
4649.63796 17.423 0.021
4650.66939 17.438 0.021
4651.68023 17.493 0.025
4652.60915 17.437 0.023
4653.60300 17.498 0.026
4654.64223 17.422 0.023
4655.60645 17.396 0.021
4656.60962 17.499 0.025
4658.76689 17.513 0.032
4660.71654 17.504 0.029
4661.59905 17.392 0.019
4666.53177 17.393 0.026
4670.77961 17.571 0.038
4671.65568 17.467 0.024
4672.61520 17.442 0.022
4674.64328 17.467 0.026
4677.66801 17.476 0.030
4681.67131 17.492 0.027
4682.62705 17.431 0.024
4683.62487 17.464 0.026
4684.64343 17.497 0.025
4685.66954 17.416 0.021
4686.74204 17.476 0.024
4687.65754 17.525 0.028
4688.60371 17.421 0.025
4694.68776 17.520 0.039
4697.63454 17.430 0.029
4698.63067 17.462 0.026
4700.62582 17.419 0.023
4701.60877 17.510 0.027
4702.62358 17.534 0.028
4704.68480 17.444 0.025
4708.64520 17.518 0.026
4710.66314 17.484 0.030
4720.57631 17.474 0.026
4721.61087 17.470 0.033
4724.62860 17.438 0.029
4725.64454 17.453 0.031
4726.60481 17.541 0.033
4733.56894 17.487 0.028
4738.52906 17.502 0.030
4741.61111 17.508 0.029
4755.55026 17.466 0.030
4761.55498 17.495 0.032
4876.86549 17.395 0.025
4883.85126 17.514 0.030
4885.89148 17.418 0.023
4888.84578 17.400 0.021
4892.83982 17.414 0.023
4898.81008 17.483 0.029
4901.81296 17.441 0.025
4902.90180 17.396 0.021
4903.86030 17.390 0.022
4905.85670 17.496 0.025
4912.84152 17.414 0.018
4914.88758 17.422 0.021
4924.73788 17.416 0.021
4925.85559 17.381 0.019
4927.91014 17.466 0.026
4930.78990 17.423 0.028
4931.83436 17.392 0.025
4932.84288 17.411 0.021
4933.83781 17.431 0.024
4934.89361 17.416 0.031
4938.81770 17.462 0.030
4939.90414 17.475 0.025
4940.75917 17.458 0.023
4941.79495 17.498 0.025
4942.73797 17.393 0.022
4944.73771 17.429 0.023
4945.79338 17.434 0.020
4950.85320 17.407 0.021
4952.84670 17.409 0.021
4953.83256 17.452 0.024
4954.80223 17.470 0.021
4955.79360 17.483 0.030
