2125.59967 18.692 0.091
2129.67684 18.773 0.061
2132.61829 18.803 0.063
2141.53350 18.822 0.058
2144.62492 19.002 0.079
2160.59185 18.840 0.082
2187.58868 18.945 0.121
2206.55815 18.837 0.149
2347.81794 18.777 0.060
2357.84491 18.954 0.071
2372.83274 19.187 0.085
2383.78508 18.905 0.060
2386.87661 18.899 0.070
2391.84287 18.829 0.089
2397.73348 19.128 0.077
2401.81332 19.009 0.082
2403.89093 18.711 0.059
2405.87351 18.789 0.073
2415.87145 18.983 0.095
2424.80273 18.927 0.077
2428.83144 18.840 0.067
2432.84557 18.796 0.084
2434.71665 18.996 0.080
2436.77718 18.815 0.060
2438.73990 18.955 0.071
2441.71668 18.978 0.059
2445.61930 18.772 0.059
2448.62648 18.999 0.124
2455.67704 18.718 0.065
2459.58454 18.881 0.072
2463.53277 18.820 0.072
2466.68109 18.752 0.071
2468.62327 19.048 0.069
2470.62622 19.056 0.087
2481.54639 18.962 0.129
2484.61199 18.881 0.101
2486.70405 18.893 0.110
2490.67063 18.903 0.096
2493.63383 18.830 0.072
2495.70406 18.851 0.072
2498.49854 18.861 0.062
2500.53276 18.723 0.066
2502.55524 18.756 0.070
2508.65562 18.836 0.081
2512.60171 18.918 0.087
2517.59787 18.795 0.068
2520.57077 18.992 0.075
2526.65952 19.090 0.089
2538.48268 18.834 0.085
2542.51615 18.765 0.088
2547.57720 18.941 0.085
2552.48316 19.003 0.129
2556.56810 19.032 0.121
2563.57107 18.667 0.083
2575.51401 19.022 0.128
2707.85049 18.968 0.084
2714.89108 18.868 0.060
2721.91732 18.984 0.144
2729.82006 18.978 0.091
2733.90477 19.196 0.121
2744.90365 18.867 0.052
2753.87891 18.831 0.064
2757.77544 18.745 0.062
2760.88959 18.836 0.077
2767.78011 18.931 0.090
2770.81776 18.902 0.081
2783.71219 18.897 0.055
2785.80643 18.812 0.077
2786.80909 19.010 0.092
2789.58105 18.749 0.077
2789.73928 18.954 0.061
2790.67079 18.827 0.057
2790.93904 18.863 0.088
2791.74106 19.043 0.076
2792.64016 18.965 0.087
2793.84787 18.775 0.070
2796.81315 18.806 0.062
2797.91803 18.775 0.062
2809.70629 18.873 0.068
2810.88068 18.712 0.072
2812.70400 18.811 0.068
2813.79530 18.720 0.057
2814.73303 18.932 0.075
2816.58789 19.039 0.073
2818.57454 18.834 0.071
2820.74309 18.861 0.095
2826.74439 18.865 0.070
2835.62762 18.902 0.101
2837.62487 19.196 0.143
2839.67148 19.038 0.092
2841.70361 19.065 0.079
2843.61800 18.751 0.066
2845.64439 18.867 0.078
2850.50936 18.911 0.077
2852.52466 19.063 0.112
2854.52524 19.045 0.091
2856.71411 18.875 0.112
2858.67150 18.724 0.060
2859.59207 18.875 0.092
2863.55861 18.698 0.065
2865.66075 18.807 0.086
2867.70455 18.967 0.071
2871.64614 18.687 0.051
2876.60915 18.784 0.071
2878.65936 18.864 0.071
2884.64258 18.798 0.073
2892.67840 18.932 0.134
2895.65249 18.687 0.053
2898.65921 19.089 0.114
2904.58532 18.967 0.124
2909.58630 18.862 0.091
2918.53217 18.955 0.109
2930.56062 19.104 0.103
3058.87926 18.785 0.062
3063.90290 19.197 0.171
3067.87781 18.809 0.054
3070.83775 18.793 0.088
3073.79300 18.944 0.080
3075.82634 19.171 0.094
3079.86986 19.185 0.113
3082.83273 18.824 0.057
3084.88833 18.846 0.048
3086.82233 19.139 0.063
3088.78000 18.904 0.053
3089.88928 18.812 0.047
3091.80648 18.862 0.053
3096.84399 18.796 0.070
3098.89974 18.867 0.045
3100.84576 18.722 0.051
3102.80547 18.932 0.068
3103.87592 19.031 0.078
3106.81285 18.883 0.083
3108.75157 18.982 0.066
3109.78451 18.804 0.052
3111.85046 18.834 0.067
3112.82380 19.010 0.064
3113.85771 18.852 0.054
3114.76780 18.940 0.074
3115.85038 18.789 0.050
3118.91184 18.891 0.071
3122.89532 19.145 0.110
3125.85240 19.007 0.101
3126.88122 18.918 0.076
3127.78680 18.920 0.072
3128.80512 18.932 0.065
3129.77982 18.809 0.135
3131.66743 19.119 0.118
3135.84804 18.819 0.056
3137.92362 18.890 0.069
3138.80786 19.037 0.065
3139.85720 18.753 0.053
3140.85942 18.934 0.087
3142.75165 18.847 0.061
3144.77223 18.814 0.057
3146.76479 18.822 0.064
3151.73450 18.742 0.071
3152.73833 19.162 0.090
3153.74225 18.854 0.080
3153.90710 19.007 0.082
3154.80323 19.102 0.127
3156.80220 18.931 0.094
3158.86086 18.875 0.091
3162.79732 19.051 0.080
3163.75853 19.207 0.087
3164.71693 18.836 0.057
3165.78815 18.928 0.048
3166.87973 19.347 0.169
3168.57579 18.767 0.055
3168.91407 19.023 0.093
3169.71073 18.822 0.065
3170.78837 18.696 0.046
3171.88352 18.907 0.065
3172.73150 19.052 0.056
3174.69445 19.077 0.060
3175.70378 18.814 0.044
3177.70617 18.883 0.094
3178.76492 18.989 0.074
3179.77793 18.764 0.056
3180.69062 18.792 0.042
3182.75780 18.938 0.065
3183.71634 19.234 0.108
3184.68380 18.785 0.048
3185.84846 18.734 0.062
3193.52156 18.973 0.084
3194.62703 18.945 0.086
3195.68350 18.831 0.053
3196.72725 18.999 0.072
3197.62720 19.029 0.075
3199.77193 19.159 0.111
3202.52279 19.185 0.072
3203.64432 19.190 0.070
3204.60466 18.923 0.053
3205.74637 18.755 0.051
3206.65402 18.939 0.062
3209.69705 19.322 0.158
3210.64311 19.064 0.083
3211.71665 19.357 0.129
3217.63648 18.755 0.057
3218.63599 18.977 0.101
3223.63552 18.900 0.092
3224.68305 19.013 0.063
3226.59916 19.033 0.103
3228.58327 18.925 0.059
3229.61247 18.894 0.073
3230.65111 18.779 0.061
3231.55598 18.884 0.072
3232.58379 19.176 0.111
3238.60165 18.946 0.079
3239.56148 18.953 0.076
3240.63820 19.206 0.108
3241.63992 18.867 0.117
3245.53154 18.766 0.074
3246.64365 18.989 0.111
3247.65915 18.908 0.079
3249.51131 18.792 0.065
3250.63829 18.864 0.075
3256.61450 19.107 0.109
3259.53634 19.292 0.132
3259.60672 18.808 0.089
3267.59179 18.851 0.068
3272.57268 18.737 0.071
3274.61311 18.799 0.096
3278.58485 18.836 0.077
3281.56561 18.813 0.070
3288.52716 19.161 0.098
3293.50198 18.843 0.064
3295.50646 18.726 0.047
3312.52490 19.128 0.134
3416.88592 19.095 0.082
3421.88263 18.936 0.059
3426.84636 18.915 0.078
3428.89813 18.723 0.069
3432.87174 18.926 0.069
3442.87251 18.969 0.067
3445.78863 18.827 0.055
3447.83852 19.203 0.095
3449.85129 18.825 0.070
3452.87196 18.790 0.053
3455.80570 18.790 0.074
3458.78454 18.879 0.070
3459.83218 18.670 0.056
3468.86095 18.738 0.046
3469.86790 18.945 0.052
3471.90189 18.958 0.079
3473.86464 19.066 0.099
3474.89351 19.038 0.071
3476.75953 19.037 0.064
3478.77521 19.012 0.064
3479.91259 19.062 0.060
3481.80781 18.719 0.044
3484.75902 18.844 0.073
3496.70639 18.985 0.076
3497.77484 18.622 0.061
3499.73367 18.789 0.051
3500.71610 18.805 0.065
3501.75324 18.883 0.062
3502.75168 19.053 0.062
3503.67845 19.044 0.071
3506.86923 18.981 0.067
3508.73555 19.058 0.089
3509.76614 18.990 0.064
3510.91276 18.871 0.055
3511.81901 18.911 0.059
3512.85250 19.104 0.085
3517.84142 19.131 0.106
3520.79862 18.756 0.063
3522.72797 19.019 0.050
3523.78569 18.802 0.049
3524.68787 18.705 0.057
3525.68193 19.128 0.071
3526.73463 18.986 0.058
3527.76854 18.933 0.065
3528.70945 18.885 0.066
3529.67774 19.030 0.050
3530.67541 18.791 0.043
3538.65364 18.931 0.065
3540.64088 18.881 0.064
3544.84318 18.580 0.065
3547.77217 18.785 0.062
3550.61904 18.794 0.066
3551.62136 18.894 0.051
3552.65491 18.857 0.060
3553.77777 18.671 0.075
3554.73450 18.872 0.067
3555.79533 18.849 0.094
3556.70754 18.825 0.067
3558.51827 18.918 0.110
3558.81691 19.089 0.088
3559.59981 18.912 0.062
3560.58825 18.821 0.059
3561.53231 19.055 0.080
3562.57297 18.800 0.054
3562.82430 18.880 0.070
3563.62719 18.812 0.044
3564.60887 18.892 0.060
3569.54569 18.760 0.071
3573.63639 19.205 0.116
3574.67715 18.798 0.071
3575.52469 18.843 0.055
3576.67860 18.792 0.065
3577.74632 19.012 0.072
3578.65155 18.849 0.062
3579.60879 18.878 0.057
3579.77649 19.026 0.084
3580.63862 19.071 0.074
3581.66203 18.888 0.053
3582.61016 19.083 0.060
3583.62411 18.820 0.056
3584.63289 19.106 0.063
3585.62316 18.752 0.047
3586.66892 18.994 0.053
3589.66156 18.826 0.040
3590.63046 18.934 0.061
3592.64704 18.916 0.044
3594.69536 18.996 0.064
3601.63756 18.908 0.062
3602.65362 18.694 0.065
3603.62763 18.999 0.071
3607.62603 18.895 0.071
3608.64086 19.030 0.084
3615.56861 19.093 0.074
3618.55280 18.985 0.069
3619.57739 18.932 0.077
3621.57701 18.816 0.074
3628.55088 19.010 0.088
3629.63553 18.703 0.079
3631.52046 19.069 0.107
3633.53355 18.909 0.091
3637.62980 18.921 0.093
3639.58493 18.921 0.055
3641.53538 18.842 0.088
3644.49577 19.081 0.109
3648.52760 19.399 0.130
3650.56507 19.023 0.081
3655.51722 19.054 0.083
3657.52302 19.087 0.100
3660.51718 18.915 0.089
3662.52242 18.973 0.097
3666.54990 18.835 0.071
3776.85775 18.808 0.079
3781.88388 18.851 0.104
3784.86781 19.056 0.075
3787.90155 18.846 0.103
3791.88455 18.785 0.072
3794.86207 18.645 0.054
3796.85079 18.768 0.062
3797.85370 19.055 0.071
3798.90164 18.825 0.064
3801.82528 19.168 0.105
3803.81425 18.916 0.071
3804.86151 19.014 0.084
3805.90205 18.959 0.070
3807.89037 18.797 0.052
3809.80476 18.902 0.063
3811.88330 18.954 0.071
3813.76360 19.027 0.090
3817.90275 18.822 0.070
3819.76421 18.862 0.053
3820.86842 18.738 0.050
3821.87841 19.097 0.071
3822.77742 19.184 0.085
3823.89038 19.137 0.066
3824.88325 19.212 0.099
3826.88773 18.900 0.069
3828.89012 18.935 0.062
3829.87684 18.772 0.055
3832.87998 19.127 0.074
3833.85467 18.879 0.053
3834.89589 19.111 0.065
3835.83928 18.936 0.056
3836.85178 18.958 0.059
3837.83431 19.352 0.150
3838.83828 18.793 0.064
3839.85036 19.104 0.088
3840.84155 18.900 0.063
3841.82033 19.107 0.082
3845.82531 19.036 0.095
3846.83329 18.852 0.053
3848.84883 18.846 0.058
3849.86213 18.804 0.044
3850.79816 19.262 0.089
3851.80450 18.943 0.080
3852.79294 18.973 0.069
3853.78571 18.891 0.047
3856.77453 18.758 0.056
3858.83836 19.003 0.077
3860.82915 19.114 0.104
3861.84349 19.002 0.058
3862.78746 18.865 0.054
3863.72776 18.776 0.053
3864.78832 18.866 0.048
3865.75268 18.857 0.069
3866.78115 19.007 0.059
3867.71801 18.756 0.057
3868.78472 19.009 0.074
3869.77106 18.943 0.085
3873.77191 18.855 0.058
3874.81608 19.111 0.087
3875.73099 18.954 0.052
3877.76058 18.834 0.049
3880.75777 18.816 0.066
3881.76602 19.105 0.055
3882.70402 18.887 0.064
3883.74550 18.924 0.055
3886.71638 18.955 0.055
3887.69935 18.696 0.044
3889.86091 18.895 0.052
3891.58662 18.915 0.074
3893.74331 18.778 0.086
3894.78592 19.069 0.087
3896.73732 18.771 0.058
3900.63707 19.055 0.084
3901.64894 18.893 0.065
3902.66679 18.827 0.060
3903.79567 18.929 0.084
3904.64650 18.914 0.057
3905.65347 18.881 0.053
3906.63506 19.176 0.075
3907.69617 19.159 0.128
3908.63470 18.891 0.048
3909.63908 18.842 0.049
3912.63943 18.916 0.046
3913.63700 18.977 0.050
3914.67018 19.145 0.073
3915.63392 19.037 0.068
3916.71557 19.208 0.081
3917.72837 18.724 0.053
3918.73278 18.957 0.064
3919.66262 19.164 0.098
3920.61471 18.832 0.063
3921.62819 19.534 0.179
3930.69041 18.947 0.071
3931.60960 18.856 0.066
3931.79266 19.042 0.116
3932.63703 19.045 0.056
3933.61676 18.994 0.050
3934.58735 18.910 0.054
3935.66459 18.912 0.080
3936.61619 18.942 0.066
3936.80447 18.788 0.078
3937.73294 18.659 0.066
3938.59383 18.911 0.069
3940.73846 18.985 0.049
3944.67881 18.878 0.055
3945.62731 19.045 0.071
3946.62091 18.959 0.070
3950.63747 19.069 0.066
3951.48136 19.185 0.090
3951.56988 18.955 0.082
3951.65378 19.109 0.100
3951.70642 19.224 0.126
3956.66069 19.729 0.252
3957.62284 18.797 0.078
3958.68067 19.212 0.100
3959.61093 18.920 0.065
3960.60408 18.879 0.046
3963.56852 18.887 0.068
3964.63539 18.856 0.052
3965.61723 19.106 0.062
3966.61209 18.814 0.051
3967.63847 19.213 0.086
3968.59469 18.971 0.070
3969.60231 19.049 0.076
3970.61520 19.008 0.075
3971.64521 19.015 0.080
3973.67477 19.191 0.099
3974.60942 19.025 0.069
3975.60482 18.717 0.049
3976.59882 19.011 0.067
3979.62525 18.887 0.086
3982.65606 19.195 0.110
3987.59506 19.130 0.077
3988.62834 18.871 0.052
3990.59625 18.838 0.067
3994.54614 19.146 0.110
3996.52190 19.117 0.120
4000.60751 19.059 0.111
4002.60144 19.040 0.069
4003.55593 18.814 0.048
4005.65174 18.778 0.071
4011.53473 18.914 0.094
4015.56406 18.786 0.087
4017.54180 18.743 0.066
4019.54347 18.729 0.078
4021.54624 19.157 0.122
4024.57572 18.935 0.084
4027.49195 19.387 0.172
4029.52992 19.411 0.141
4149.89512 18.941 0.149
4155.83350 18.986 0.083
4157.88585 18.828 0.063
4159.89877 18.887 0.083
4162.84603 18.903 0.089
4164.88591 18.832 0.068
4166.90188 18.811 0.103
4167.81349 18.869 0.082
4169.82059 18.836 0.066
4174.83514 19.212 0.101
4176.81683 19.095 0.088
4177.87052 18.835 0.066
4179.76831 18.990 0.092
4180.81068 18.936 0.103
4181.90024 18.799 0.054
4183.78216 18.959 0.068
4184.85020 18.858 0.060
4185.82956 19.140 0.080
4190.84799 18.857 0.066
4192.86025 18.858 0.069
4193.87123 19.001 0.073
4194.89280 18.725 0.058
4196.91278 18.779 0.064
4202.86256 19.091 0.064
4203.85069 18.846 0.053
4204.84987 18.911 0.065
4205.84640 18.859 0.062
4207.85002 18.963 0.055
4208.87906 18.972 0.065
4212.92776 19.014 0.099
4213.84776 19.073 0.067
4215.88529 19.173 0.081
4216.80616 19.004 0.073
4217.82846 18.850 0.048
4218.86919 18.863 0.064
4219.90744 19.239 0.134
4220.84486 19.055 0.091
4222.81420 19.023 0.072
4228.80499 18.848 0.067
4229.78379 19.130 0.096
4230.77073 18.836 0.050
4231.79283 19.053 0.073
4232.80107 18.717 0.071
4234.74528 19.075 0.092
4235.77014 18.904 0.061
4237.72895 18.961 0.074
4238.79318 19.146 0.093
4239.83230 19.506 0.195
4240.94490 19.025 0.160
4243.68771 19.286 0.121
4244.84953 18.889 0.068
4245.84274 18.938 0.071
4246.89750 18.905 0.076
4250.86334 19.189 0.134
4256.70843 18.988 0.099
4258.70620 19.089 0.094
4267.73264 19.071 0.071
4268.60970 18.916 0.090
4269.64983 18.992 0.073
4272.70046 18.789 0.055
4273.66049 18.922 0.077
4274.64422 19.093 0.082
4275.70107 18.933 0.078
4277.60017 18.920 0.087
4278.67443 19.156 0.116
4283.61977 19.106 0.086
4284.60366 18.887 0.083
4285.61042 19.256 0.137
4286.60647 18.761 0.061
4289.64435 19.264 0.108
4290.67394 18.918 0.095
4291.72794 19.105 0.101
4292.58898 19.132 0.069
4293.61647 18.903 0.063
4294.58821 18.998 0.073
4295.61760 18.812 0.057
4296.59705 19.174 0.067
4297.59085 18.811 0.057
4298.70038 19.012 0.082
4299.66734 18.889 0.062
4300.79219 18.849 0.072
4301.46971 18.893 0.081
4302.74880 18.844 0.069
4307.58009 19.109 0.075
4310.73356 19.012 0.109
4312.62962 18.786 0.058
4315.66347 19.004 0.094
4317.61695 18.865 0.065
4319.62473 18.792 0.074
4320.72611 18.921 0.082
4326.63568 19.202 0.094
4327.66305 18.705 0.086
4328.60411 19.075 0.087
4328.73651 19.074 0.117
4329.59584 18.885 0.088
4330.57762 18.916 0.088
4331.60410 19.290 0.108
4332.60148 18.783 0.057
4333.60455 18.940 0.076
4334.59878 18.673 0.102
4338.63871 18.889 0.086
4339.60773 18.995 0.106
4340.51935 19.064 0.129
4341.60615 18.814 0.092
4342.64236 18.806 0.077
4343.62172 18.837 0.068
4344.67115 18.881 0.088
4345.62151 18.809 0.081
4346.62686 18.920 0.081
4347.64088 18.856 0.075
4349.61267 18.834 0.071
4351.61133 18.898 0.093
4353.63448 18.986 0.126
4357.62273 19.049 0.109
4359.59393 18.904 0.073
4362.58726 18.987 0.150
4367.59302 18.696 0.100
4370.59200 19.019 0.088
4372.56399 18.860 0.068
4380.57376 18.767 0.064
4508.88853 18.853 0.077
4515.86920 19.092 0.104
4519.84077 18.747 0.090
4520.82927 19.048 0.122
4522.89650 19.172 0.124
4524.88262 19.099 0.085
4530.87215 18.821 0.055
4534.81375 19.000 0.102
4536.81846 18.973 0.094
4537.90622 19.155 0.072
4538.83690 18.982 0.090
4540.86675 18.992 0.071
4542.89306 18.754 0.055
4543.85451 18.776 0.052
4544.85129 18.966 0.062
4545.86885 18.854 0.064
4546.89980 18.934 0.063
4550.84262 18.853 0.064
4551.90041 18.774 0.066
4552.89737 19.032 0.106
4556.86170 18.858 0.058
4557.88773 18.931 0.055
4558.82278 18.792 0.056
4559.85199 19.209 0.082
4560.85239 18.902 0.059
4561.84131 18.956 0.050
4564.84548 18.917 0.054
4565.83438 18.775 0.043
4566.83643 19.112 0.066
4567.84073 18.871 0.053
4568.85922 18.992 0.071
4569.85662 18.737 0.052
4570.86195 18.993 0.067
4571.82745 18.866 0.057
4572.86520 19.265 0.123
4573.84098 18.827 0.050
4574.84313 18.894 0.072
4575.85479 18.852 0.069
4579.90711 18.841 0.071
4583.81943 18.998 0.094
4586.80742 18.838 0.087
4587.84477 18.966 0.071
4588.73353 18.939 0.069
4589.76728 18.843 0.070
4590.78168 19.175 0.089
4591.75885 18.815 0.054
4592.77102 18.808 0.075
4593.75646 18.937 0.065
4594.78477 18.889 0.059
4595.77532 18.951 0.067
4596.79584 18.863 0.057
4597.79312 18.937 0.061
4598.76239 18.816 0.048
4599.74188 19.080 0.062
4600.74742 18.805 0.046
4601.75203 18.923 0.062
4602.74961 18.935 0.054
4606.76640 19.046 0.071
4610.86411 18.776 0.063
4611.73371 18.839 0.060
4611.92022 18.947 0.091
4615.91345 19.004 0.136
4616.72246 18.750 0.056
4617.88744 18.859 0.091
4622.70230 18.978 0.105
4623.78209 19.176 0.109
4624.72094 18.963 0.074
4625.70222 18.927 0.098
4626.74952 18.850 0.083
4627.68151 18.797 0.053
4628.67175 19.065 0.071
4629.73743 18.813 0.058
4630.67725 19.016 0.067
4631.69557 18.807 0.047
4632.71021 18.941 0.063
4633.85812 19.046 0.108
4639.79863 18.822 0.112
4640.77417 18.983 0.078
4641.85940 18.975 0.115
4642.69708 18.828 0.065
4643.66314 19.000 0.084
4644.74628 18.770 0.060
4645.66498 18.870 0.070
4646.63262 19.078 0.059
4647.64364 18.853 0.056
4648.64205 19.091 0.072
4648.75151 18.882 0.068
4649.63796 18.910 0.061
4650.66939 19.100 0.075
4651.68023 18.971 0.082
4652.60915 18.816 0.065
4653.60300 19.134 0.080
4654.64223 18.886 0.064
4655.60645 19.125 0.083
4656.60962 18.978 0.078
4658.76689 19.264 0.149
4660.71654 18.827 0.089
4661.59905 18.910 0.066
4666.53177 18.990 0.086
4670.77961 19.044 0.134
4671.65568 18.903 0.077
4672.61520 19.069 0.077
4674.64328 19.204 0.107
4677.66801 18.826 0.087
4681.67131 19.042 0.098
4682.62705 18.702 0.058
4683.62487 19.160 0.094
4684.64343 18.689 0.064
4685.66954 19.146 0.077
4686.74204 18.916 0.074
4687.65754 19.098 0.106
4688.60371 18.965 0.087
4694.68776 19.105 0.159
4697.63454 18.957 0.110
4698.63067 19.031 0.100
4700.62582 18.951 0.086
4701.60877 19.364 0.134
4702.62358 18.863 0.086
4704.68480 19.078 0.094
4708.64520 18.839 0.074
4710.66314 18.861 0.096
4720.57631 18.866 0.074
4721.61087 18.927 0.115
4724.62860 19.046 0.109
4725.64454 19.008 0.112
4726.60481 19.260 0.138
4733.56894 18.889 0.090
4738.52906 19.091 0.113
4741.61111 18.811 0.083
4755.55026 18.716 0.083
4761.55498 19.201 0.134
4876.86549 19.032 0.089
4883.85126 19.035 0.097
4885.89148 19.198 0.087
4888.84578 19.242 0.091
4892.83982 19.032 0.087
4898.81008 18.885 0.094
4901.81296 19.076 0.092
4902.90180 18.974 0.068
4903.86030 19.027 0.076
4905.85670 19.199 0.103
4912.84152 19.179 0.068
4914.88758 18.886 0.062
4924.73788 19.047 0.067
4925.85559 19.102 0.067
4927.91014 19.062 0.100
4930.78990 19.007 0.098
4931.83436 18.988 0.090
4932.84288 18.879 0.062
4933.83781 18.960 0.075
4934.89361 18.941 0.123
4938.81770 19.156 0.128
4939.90414 19.019 0.090
4940.75917 18.795 0.063
4941.79495 19.078 0.096
4942.73797 18.856 0.065
4944.73771 18.903 0.073
4945.79338 19.121 0.072
4950.85320 18.951 0.075
4952.84670 18.853 0.068
4953.83256 19.290 0.109
4954.80223 18.972 0.066
4955.79360 18.967 0.092
