2127.52182 17.029 0.023
2130.55443 17.072 0.018
2133.56410 17.135 0.017
2136.68533 17.023 0.017
2141.67533 17.055 0.026
2165.60452 17.154 0.022
2166.50345 17.031 0.019
2172.56565 17.021 0.021
2189.55020 17.016 0.022
2214.53339 17.110 0.030
2337.86234 17.107 0.016
2352.88458 17.056 0.021
2361.87832 17.201 0.019
2373.82921 17.055 0.019
2464.79999 17.047 0.017
2816.69606 17.272 0.021
2852.65132 17.093 0.025
2859.66533 17.081 0.025
3059.88273 17.263 0.017
3064.89401 17.063 0.017
3068.84704 17.083 0.016
3071.89957 17.034 0.016
3073.90873 17.032 0.018
3077.80037 17.012 0.032
3080.84805 17.103 0.017
3083.79500 17.069 0.015
3085.90613 17.091 0.015
3087.84074 17.107 0.017
3089.85753 17.136 0.015
3091.86242 17.842 0.031
3097.84116 17.101 0.016
3099.86715 17.093 0.019
3101.84023 17.045 0.021
3102.86879 17.105 0.018
3104.78440 17.081 0.034
3107.79145 17.059 0.016
3108.82111 17.233 0.017
3110.91092 17.328 0.021
3112.86799 17.141 0.018
3114.86289 17.088 0.017
3116.85055 17.052 0.018
3122.86636 17.028 0.021
3125.92712 17.817 0.038
3126.81995 17.012 0.015
3127.90602 17.145 0.018
3128.89537 17.042 0.019
3130.77287 17.040 0.018
3131.63822 17.126 0.033
3134.90835 17.041 0.039
3135.79321 17.082 0.016
3137.84562 17.069 0.020
3138.73034 17.083 0.017
3140.70207 17.117 0.016
3140.93590 18.058 0.045
3141.76716 17.037 0.015
3142.84147 17.268 0.020
3144.85940 17.372 0.022
3146.92915 17.110 0.017
3151.83470 17.064 0.019
3152.83310 17.072 0.018
3153.83164 17.088 0.020
3154.92653 17.029 0.020
3157.93734 17.311 0.032
3158.72241 17.034 0.019
3162.86946 17.076 0.018
3163.83177 17.113 0.016
3164.81749 17.057 0.017
3165.67370 17.130 0.015
3167.68030 17.093 0.019
3168.83060 17.075 0.016
3169.86063 17.076 0.017
3170.88606 17.117 0.015
3171.73343 17.061 0.015
3173.81779 17.034 0.016
3174.78504 17.470 0.021
3175.86597 17.042 0.017
3177.84162 17.055 0.024
3179.58450 17.058 0.016
3179.88632 17.004 0.019
3180.80288 17.091 0.015
3180.85898 17.097 0.015
3180.88101 17.111 0.015
3180.89619 17.087 0.019
3182.50331 17.869 0.050
3182.59802 17.306 0.024
3182.67912 17.094 0.017
3182.78838 17.141 0.018
3182.86314 17.101 0.017
3183.57103 17.042 0.015
3183.72349 17.050 0.020
3183.81892 17.049 0.025
3184.49165 17.119 0.020
3184.62951 17.113 0.015
3184.77758 17.100 0.017
3185.63240 17.056 0.015
3191.79440 17.214 0.020
3193.62767 17.364 0.020
3194.52737 17.025 0.018
3194.81811 17.048 0.017
3195.75129 17.208 0.016
3196.60414 16.988 0.022
3196.84693 17.045 0.018
3197.79266 17.124 0.018
3199.79290 17.016 0.023
3201.83993 17.081 0.022
3202.78375 17.106 0.016
3203.61283 17.085 0.014
3204.76092 17.111 0.017
3205.69122 17.052 0.015
3210.58845 17.134 0.015
3211.75469 17.001 0.018
3217.73062 17.021 0.019
3218.74159 17.027 0.022
3226.72528 17.057 0.021
3228.69611 17.026 0.018
3229.72686 17.148 0.019
3230.74273 17.052 0.019
3231.67002 17.189 0.021
3238.69456 17.131 0.024
3240.54449 17.088 0.018
3245.65639 17.020 0.019
3247.51848 17.023 0.015
3249.63773 17.074 0.018
3251.53321 16.988 0.020
3254.61474 17.087 0.021
3257.55265 17.110 0.015
3260.61225 17.019 0.023
3265.55109 17.430 0.025
3267.60931 17.117 0.017
3273.50830 17.009 0.025
3277.52772 17.068 0.020
3280.52958 17.919 0.042
3282.59931 17.073 0.015
3289.53343 17.131 0.021
3294.52868 16.981 0.015
3296.52783 16.946 0.017
3302.52498 17.126 0.025
3418.86777 17.073 0.015
3424.85146 17.112 0.021
3427.85336 17.125 0.018
3430.83493 17.080 0.015
3436.88159 17.102 0.019
3443.85270 17.051 0.013
3445.88115 17.074 0.013
3448.78776 17.069 0.017
3450.80511 17.090 0.013
3453.84854 17.168 0.017
3455.91831 17.295 0.021
3458.88378 17.010 0.015
3459.89900 17.131 0.016
3468.88247 17.123 0.015
3469.88515 17.057 0.013
3472.87002 18.018 0.028
3474.80369 17.267 0.018
3476.78031 17.563 0.018
3478.87566 17.112 0.015
3480.89151 17.089 0.015
3483.82614 17.109 0.015
3496.93322 17.117 0.020
3497.90647 17.077 0.016
3500.91549 17.110 0.015
3502.89973 17.158 0.016
3503.88058 17.026 0.012
3506.94002 17.686 0.030
3508.91733 17.089 0.020
3509.90012 17.068 0.014
3511.92367 17.062 0.015
3512.91683 17.089 0.018
3520.67585 17.076 0.016
3521.80657 17.365 0.020
3522.87424 17.050 0.016
3524.86545 17.074 0.017
3527.64873 17.269 0.015
3527.73418 17.195 0.015
3528.89310 17.094 0.018
3530.87138 17.118 0.013
3530.90277 17.086 0.014
3538.86092 17.267 0.017
3541.89505 17.038 0.019
3544.89247 17.121 0.022
3547.85984 17.096 0.017
3550.83667 17.113 0.016
3551.84870 17.116 0.015
3552.84403 17.059 0.016
3554.84705 17.052 0.016
3558.63203 17.033 0.015
3559.64047 18.058 0.028
3560.71679 17.038 0.015
3561.63836 17.239 0.016
3562.67165 17.049 0.015
3563.73612 17.108 0.017
3569.66407 17.097 0.033
3573.79447 17.079 0.019
3574.76667 18.101 0.049
3575.70861 17.039 0.014
3576.77526 17.188 0.021
3579.69826 17.035 0.015
3580.75993 17.115 0.025
3581.74778 17.116 0.018
3582.69669 17.128 0.015
3583.71489 17.117 0.017
3584.71888 17.042 0.015
3585.71741 17.109 0.015
3586.77145 17.084 0.014
3590.75717 17.051 0.016
3591.74225 17.289 0.017
3592.71651 17.046 0.014
3602.73370 17.071 0.026
3603.72869 17.050 0.018
3608.70528 18.111 0.035
3615.66297 17.103 0.017
3617.62458 17.065 0.018
3619.62173 17.081 0.016
3621.66338 17.135 0.019
3629.54765 17.177 0.016
3631.57650 17.115 0.019
3634.53225 17.073 0.015
3640.53543 17.085 0.021
3644.61073 17.191 0.019
3649.58665 17.035 0.015
3652.56061 17.107 0.023
3656.55338 17.048 0.020
3660.55757 16.809 0.017
3665.54385 17.133 0.019
3671.49676 17.095 0.026
3778.85032 17.107 0.020
3783.88926 17.121 0.015
3786.87495 17.048 0.023
3792.89437 17.033 0.015
3794.89347 17.066 0.015
3796.88530 17.100 0.016
3797.88493 17.074 0.015
3800.86598 17.151 0.020
3802.81287 17.159 0.016
3803.84552 17.048 0.015
3804.89270 18.004 0.037
3806.90517 17.177 0.016
3808.89013 17.121 0.016
3810.80619 17.113 0.018
3812.79231 17.134 0.020
3814.78326 17.085 0.015
3818.84811 17.020 0.015
3819.90755 18.026 0.026
3820.89981 17.057 0.014
3821.91117 17.238 0.015
3823.90806 17.151 0.015
3824.91808 17.090 0.022
3825.91011 17.126 0.017
3826.90922 17.056 0.015
3827.90931 17.108 0.017
3829.91741 17.066 0.015
3830.88663 17.087 0.015
3832.91154 17.133 0.017
3833.90804 17.026 0.015
3834.82511 17.137 0.015
3835.88440 17.057 0.014
3836.88699 17.267 0.016
3837.86577 17.006 0.014
3838.86992 17.828 0.030
3839.88894 17.011 0.018
3840.87294 17.164 0.016
3841.85633 17.051 0.015
3842.77018 17.144 0.017
3845.86269 17.013 0.033
3846.86459 17.109 0.014
3847.91074 17.106 0.018
3848.88045 17.044 0.018
3849.90939 17.104 0.017
3850.82945 17.057 0.015
3851.83578 17.154 0.019
3852.82788 17.037 0.015
3853.81716 17.718 0.020
3856.80578 17.025 0.015
3860.86121 17.039 0.018
3861.87649 17.109 0.015
3862.82008 17.049 0.015
3863.79787 17.080 0.015
3864.82178 17.123 0.014
3865.78417 17.074 0.016
3866.74984 17.111 0.015
3867.76071 17.058 0.015
3868.75197 17.117 0.018
3869.73452 17.047 0.016
3873.73716 17.060 0.015
3874.78400 17.174 0.019
3875.76728 17.046 0.014
3877.72559 17.074 0.015
3880.79298 17.081 0.015
3881.80089 17.089 0.015
3882.73586 17.065 0.016
3883.78784 17.082 0.016
3886.75118 17.081 0.015
3887.73100 17.504 0.021
3889.89272 17.150 0.016
3891.62434 18.231 0.058
3892.76004 17.049 0.016
3893.79382 17.068 0.019
3894.82780 17.097 0.020
3896.78128 17.049 0.022
3900.67503 17.107 0.021
3901.68052 17.040 0.015
3902.69809 17.114 0.015
3903.84613 17.050 0.015
3904.67786 17.156 0.014
3905.68865 17.050 0.015
3906.66641 17.932 0.032
3907.73244 17.017 0.021
3908.67241 17.245 0.015
3909.67045 17.063 0.013
3912.67453 17.081 0.013
3913.67477 17.066 0.015
3914.73421 17.059 0.014
3915.67164 17.083 0.014
3916.75335 17.019 0.018
3917.77057 17.103 0.019
3918.77084 17.056 0.017
3919.70105 17.118 0.015
3920.65468 17.070 0.017
3921.66318 17.359 0.027
3930.52131 17.081 0.016
3930.72483 17.114 0.018
3931.64099 17.076 0.016
3932.60484 17.091 0.013
3933.65231 17.085 0.014
3934.61876 17.112 0.015
3934.82768 17.139 0.016
3935.59977 17.080 0.015
3936.58482 17.101 0.017
3937.66362 17.051 0.015
3938.62981 17.162 0.017
3940.77386 17.459 0.019
3944.72213 17.114 0.014
3945.66621 17.065 0.015
3946.65699 17.020 0.015
3950.67233 17.048 0.014
3951.69471 17.093 0.017
3959.64400 17.447 0.022
3960.63510 17.030 0.014
3963.64047 17.114 0.015
3964.67666 17.077 0.015
3965.65142 17.119 0.015
3966.64587 17.117 0.015
3967.66934 17.098 0.015
3968.62889 17.142 0.017
3969.63931 17.064 0.016
3970.64609 17.119 0.016
3971.67739 17.054 0.015
3974.64321 17.947 0.033
3975.63575 17.066 0.015
3976.62969 17.210 0.017
3979.66664 17.055 0.025
3986.67824 17.096 0.023
3987.62702 17.150 0.016
3988.66084 17.001 0.016
3989.57726 17.539 0.028
3991.57871 17.274 0.019
3995.52653 17.179 0.018
4001.59684 17.077 0.015
4002.63245 17.110 0.016
4003.58689 17.029 0.015
4011.57021 17.049 0.018
4016.54005 17.113 0.024
4017.57291 17.085 0.017
4019.58104 17.123 0.024
4023.56382 17.683 0.035
4025.51537 17.327 0.022
4027.52311 17.511 0.027
4030.51518 17.051 0.022
4152.88992 17.018 0.026
4155.86980 17.124 0.020
4158.83154 17.069 0.020
4160.89856 17.116 0.027
4162.88231 17.125 0.021
4165.86663 17.046 0.021
4167.85959 17.034 0.019
4169.86200 17.050 0.018
4174.87598 17.121 0.018
4176.85329 17.071 0.018
4177.91022 17.101 0.021
4179.80447 17.099 0.017
4180.87303 17.036 0.022
4182.78140 17.066 0.017
4183.81835 17.173 0.019
4185.79415 17.915 0.036
4190.89215 17.082 0.018
4192.89635 17.085 0.017
4193.90738 17.103 0.018
4196.88698 17.127 0.018
4202.89862 17.242 0.019
4203.88678 17.049 0.015
4204.89358 17.176 0.016
4205.88243 17.048 0.016
4207.90632 17.080 0.016
4208.91580 17.098 0.017
4213.88730 17.130 0.018
4216.84595 17.061 0.017
4217.86884 17.272 0.016
4218.91254 17.064 0.017
4220.89947 17.034 0.023
4222.85946 17.062 0.018
4228.86038 17.109 0.022
4229.82629 17.081 0.016
4230.80696 17.133 0.016
4231.84926 17.056 0.017
4232.87020 17.197 0.027
4234.80764 17.773 0.027
4234.84510 17.958 0.034
4235.82872 17.043 0.015
4237.64561 17.044 0.021
4238.83326 17.223 0.027
4240.62703 17.239 0.028
4243.87962 17.114 0.022
4244.89029 17.078 0.021
4245.92940 17.125 0.017
4246.93370 17.050 0.023
4247.59078 17.039 0.015
4256.81834 17.086 0.026
4257.70224 17.147 0.021
4258.80476 17.076 0.021
4268.58579 17.120 0.020
4269.72620 17.032 0.015
4272.64743 17.954 0.035
4273.69485 17.029 0.018
4274.67869 17.159 0.019
4275.73547 17.083 0.019
4277.57635 17.072 0.021
4278.70971 17.111 0.023
4283.65653 17.118 0.018
4284.63794 17.052 0.018
4285.64491 17.172 0.024
4286.73863 17.028 0.019
4289.68844 17.216 0.023
4291.57820 17.435 0.031
4292.62331 17.043 0.015
4293.65171 17.125 0.016
4294.69227 17.078 0.016
4295.65292 17.114 0.015
4296.63575 17.089 0.016
4297.56297 17.104 0.015
4299.76468 17.059 0.015
4300.70081 17.150 0.019
4301.56393 17.057 0.016
4302.79789 18.086 0.050
4306.55494 18.018 0.048
4311.59744 17.068 0.025
4312.66472 17.114 0.016
4317.65179 17.091 0.019
4319.66074 17.221 0.023
4326.66991 17.042 0.017
4327.70554 17.112 0.022
4328.64031 17.105 0.018
4329.63111 17.125 0.022
4330.64494 17.101 0.016
4331.64036 17.070 0.018
4332.69499 17.097 0.019
4333.64414 17.062 0.023
4334.65762 17.070 0.036
4338.67722 17.269 0.029
4339.64716 17.025 0.021
4340.71036 17.136 0.025
4341.69183 17.065 0.027
4342.68828 17.106 0.023
4343.65807 17.078 0.020
4345.65794 17.073 0.023
4346.66311 17.057 0.022
4347.67724 17.124 0.020
4349.65228 17.123 0.019
4350.67685 17.060 0.018
4351.64773 17.173 0.021
4354.65648 17.048 0.020
4357.59450 17.203 0.024
4359.56800 17.151 0.019
4365.61294 17.083 0.024
4368.61248 17.115 0.028
4370.56810 17.473 0.022
4372.60092 17.276 0.023
4377.56164 17.015 0.021
4381.60405 17.095 0.031
4517.89550 17.593 0.037
4520.88763 17.061 0.021
4523.86779 17.084 0.020
4525.86249 17.063 0.024
4532.89069 18.080 0.041
4535.85285 17.025 0.020
4537.80281 17.041 0.016
4539.80762 17.067 0.016
4541.83948 17.085 0.018
4543.82921 17.103 0.016
4544.82605 17.071 0.019
4545.84363 17.144 0.018
4547.81744 17.273 0.020
4547.83714 17.397 0.022
4547.90204 17.775 0.031
4548.79001 17.039 0.023
4548.88075 17.043 0.024
4550.75693 17.048 0.024
4550.81641 17.061 0.021
4551.72938 18.062 0.046
4552.80650 17.064 0.020
4556.89825 17.100 0.015
4557.92424 17.097 0.019
4558.89331 17.108 0.015
4559.88835 17.081 0.017
4560.88852 17.098 0.015
4561.87757 17.030 0.014
4564.88173 17.247 0.016
4565.87132 17.055 0.013
4566.87257 17.993 0.029
4567.87812 17.064 0.015
4568.91031 17.159 0.016
4569.89638 17.093 0.016
4570.90200 17.106 0.018
4571.86358 17.074 0.015
4572.90217 17.109 0.017
4573.87721 17.107 0.014
4574.88571 17.092 0.018
4575.89699 17.097 0.016
4583.86722 17.233 0.019
4585.85094 17.283 0.018
4586.86973 17.054 0.017
4587.88161 17.132 0.023
4588.77185 17.072 0.016
4589.74117 17.129 0.019
4590.82083 17.083 0.016
4591.73365 17.097 0.016
4592.80719 17.105 0.018
4593.79267 17.114 0.017
4594.82099 17.122 0.017
4594.93730 17.114 0.021
4595.81181 17.051 0.016
4596.76744 17.157 0.016
4596.89127 17.444 0.022
4596.92675 17.674 0.025
4597.75045 17.038 0.016
4597.82933 17.068 0.017
4598.64715 17.057 0.015
4598.79883 17.203 0.015
4599.77802 17.015 0.015
4600.80043 18.115 0.029
4601.78901 17.050 0.015
4602.79266 17.182 0.015
4606.85449 17.072 0.017
4611.77005 17.147 0.022
4616.76221 17.014 0.015
4618.66662 17.004 0.015
4622.74537 17.110 0.018
4623.81842 17.087 0.018
4624.75720 17.060 0.018
4625.56975 17.117 0.024
4625.74018 17.070 0.019
4626.80221 17.103 0.018
4627.71944 17.067 0.015
4628.70829 17.116 0.016
4629.77781 17.036 0.015
4630.71698 17.141 0.015
4631.73283 17.046 0.015
4632.76666 17.238 0.018
4633.90209 17.055 0.024
4639.85479 17.043 0.027
4641.89691 17.123 0.025
4642.54266 17.106 0.020
4643.69970 17.095 0.017
4644.78923 17.031 0.016
4645.70183 17.146 0.019
4646.66875 17.061 0.015
4647.69073 17.086 0.017
4649.67521 17.285 0.019
4650.71337 17.027 0.017
4651.71391 17.281 0.021
4652.64649 17.044 0.016
4653.66030 17.879 0.030
4654.67873 17.051 0.016
4655.67939 17.152 0.015
4656.64578 17.046 0.016
4658.80309 17.099 0.026
4661.63547 17.085 0.015
4666.50668 17.132 0.023
4671.69175 17.057 0.016
4672.65157 17.151 0.020
4674.67948 17.095 0.019
4677.72365 17.128 0.020
4681.70759 17.175 0.020
4682.70520 17.037 0.015
4683.66125 17.488 0.026
4684.68001 17.053 0.018
4684.77316 17.037 0.022
4685.70581 17.294 0.020
4687.69405 17.359 0.026
4688.63997 17.061 0.016
4694.72405 17.140 0.028
4697.64881 17.062 0.020
4698.66695 17.176 0.022
4700.66217 17.211 0.020
4701.64549 17.027 0.018
4702.65994 18.044 0.041
4708.68156 17.107 0.019
4715.64264 17.111 0.022
4720.64829 17.005 0.030
4721.65607 17.296 0.031
4722.64632 17.047 0.021
4725.61922 17.118 0.025
4726.64744 17.059 0.024
4733.60851 17.022 0.021
4739.50125 17.013 0.018
4750.55059 17.025 0.025
4757.55744 17.137 0.020
4763.53378 17.084 0.021
4877.87391 17.172 0.017
4883.88779 17.166 0.025
4886.85451 17.074 0.019
4890.82704 17.142 0.018
4894.87801 17.385 0.029
4898.89003 17.568 0.026
4900.85678 17.130 0.018
4901.90841 17.096 0.016
4902.83400 17.164 0.017
4903.89667 17.110 0.016
4904.86216 17.129 0.017
4911.89737 17.217 0.015
4913.91081 17.989 0.033
4924.90541 17.149 0.016
4928.81216 17.331 0.025
4930.74763 17.269 0.022
4931.88974 17.032 0.017
4932.79759 17.833 0.031
4933.74520 17.025 0.020
4934.84345 17.117 0.018
4938.85195 17.060 0.016
4940.79668 17.085 0.017
4941.84849 17.122 0.017
4942.87453 17.064 0.015
4943.73110 17.143 0.015
4944.79600 17.059 0.015
4949.81047 17.186 0.016
4950.71168 17.074 0.016
4951.79441 17.179 0.017
4951.83544 17.111 0.018
4953.73998 17.087 0.016
