2130.47735 16.562 0.013
2133.50402 16.583 0.013
2136.62524 16.551 0.013
2141.61590 16.560 0.013
2144.69735 16.510 0.013
2160.65511 16.549 0.014
2170.59752 16.560 0.013
2179.49575 16.575 0.016
2189.49090 16.547 0.016
2212.51811 16.588 0.014
2333.89683 16.547 0.015
2337.80349 16.560 0.013
2349.82189 16.483 0.013
2357.81505 16.551 0.013
2365.88959 16.565 0.014
2373.76895 16.501 0.014
2405.84973 16.524 0.013
2464.76100 16.517 0.011
2708.89580 16.502 0.013
2850.62812 16.571 0.013
2858.75544 16.561 0.015
3059.84180 16.539 0.013
3064.85700 16.561 0.013
3068.81038 16.483 0.014
3070.89562 16.557 0.013
3073.84807 16.539 0.013
3075.88267 16.542 0.013
3077.87371 16.484 0.023
3080.79138 16.590 0.013
3083.74847 16.537 0.013
3085.84603 16.524 0.012
3087.77377 16.484 0.013
3089.82072 16.566 0.012
3091.87499 16.528 0.012
3096.91391 16.583 0.014
3097.79599 16.536 0.013
3099.88645 16.471 0.014
3100.91925 16.541 0.013
3101.78776 16.539 0.013
3102.88102 16.588 0.013
3104.74200 16.521 0.026
3106.88365 16.614 0.014
3107.87411 16.565 0.014
3109.81107 16.509 0.012
3110.87771 16.574 0.012
3112.87698 16.552 0.012
3113.88827 16.475 0.012
3114.81864 16.520 0.012
3115.87910 16.600 0.013
3116.85944 16.600 0.013
3124.75120 16.455 0.014
3126.69074 16.590 0.012
3127.85711 16.498 0.012
3128.85693 16.519 0.013
3130.73592 16.570 0.013
3131.70227 16.578 0.016
3134.87134 16.600 0.016
3137.75328 16.517 0.012
3138.63251 16.492 0.013
3139.92218 16.538 0.012
3142.80667 16.511 0.011
3144.82373 16.616 0.013
3146.86246 16.505 0.013
3151.79432 16.504 0.013
3152.79591 16.551 0.013
3153.79450 16.573 0.014
3154.88215 16.508 0.015
3156.85083 16.529 0.013
3157.91303 16.577 0.014
3158.86859 16.555 0.014
3162.83229 16.637 0.013
3163.79142 16.564 0.013
3164.78003 16.534 0.011
3165.69283 16.520 0.011
3167.63191 16.473 0.016
3168.84453 16.510 0.012
3169.81125 16.485 0.012
3170.62881 16.527 0.009
3171.76684 16.569 0.010
3171.89240 16.602 0.013
3172.79123 16.587 0.011
3173.75019 16.537 0.013
3173.84168 16.497 0.013
3174.50268 16.600 0.014
3174.74768 16.499 0.011
3174.85829 16.501 0.013
3175.53166 16.562 0.013
3175.75814 16.540 0.011
3175.83396 16.573 0.012
3177.69963 16.594 0.016
3178.55601 16.545 0.015
3179.53881 16.599 0.013
3180.76279 16.565 0.011
3182.82288 16.539 0.012
3183.78188 16.478 0.013
3184.73647 16.501 0.011
3185.66757 16.523 0.012
3191.81419 16.521 0.012
3194.53713 16.508 0.013
3194.77764 16.572 0.012
3195.53683 16.481 0.012
3195.71468 16.595 0.011
3196.56057 16.518 0.013
3196.73031 16.570 0.012
3197.49911 16.582 0.013
3197.56094 16.619 0.013
3197.65406 16.540 0.012
3197.73383 16.510 0.012
3197.81115 16.484 0.014
3199.60888 16.498 0.013
3199.66892 16.512 0.012
3201.52979 16.583 0.012
3202.48027 16.613 0.014
3202.65752 16.515 0.012
3202.70597 16.507 0.012
3202.76641 16.510 0.013
3202.82551 16.510 0.014
3203.47587 16.588 0.013
3203.57405 16.519 0.011
3203.69742 16.512 0.012
3203.75134 16.560 0.012
3203.83090 16.567 0.013
3204.54112 16.503 0.011
3204.60779 16.528 0.012
3204.69006 16.566 0.011
3204.77468 16.604 0.013
3205.47083 16.502 0.013
3205.52043 16.535 0.012
3205.59360 16.588 0.011
3205.66783 16.623 0.012
3205.67115 16.608 0.012
3205.72176 16.590 0.011
3205.76392 16.544 0.012
3206.46457 16.554 0.014
3206.48291 16.545 0.015
3206.49570 16.538 0.014
3206.52285 16.591 0.012
3206.75645 16.485 0.013
3207.65058 16.481 0.013
3209.54938 16.492 0.013
3210.49098 16.497 0.012
3211.64629 16.542 0.013
3217.68705 16.507 0.013
3217.71329 16.527 0.013
3217.73948 16.526 0.014
3218.68610 16.563 0.015
3223.69002 16.604 0.014
3224.73460 16.530 0.013
3224.75760 16.507 0.013
3226.66545 16.394 0.014
3228.63591 16.591 0.012
3229.73572 16.408 0.014
3230.70582 16.493 0.013
3231.60914 16.508 0.013
3232.64261 16.510 0.013
3238.65746 16.587 0.014
3240.50658 16.549 0.013
3241.69016 16.605 0.021
3245.59342 16.505 0.014
3247.48050 16.519 0.012
3249.58682 16.493 0.013
3250.69383 16.538 0.017
3254.54756 16.467 0.013
3254.65119 16.488 0.013
3255.61703 16.434 0.014
3256.53728 16.482 0.014
3256.55936 16.477 0.014
3256.62052 16.582 0.014
3256.67926 16.606 0.015
3257.49196 16.620 0.013
3257.65736 16.537 0.013
3257.67267 16.533 0.013
3258.56645 16.528 0.013
3260.52822 16.487 0.014
3261.52168 16.554 0.013
3264.51778 16.516 0.013
3265.51373 16.529 0.014
3267.56436 16.557 0.013
3272.62496 16.443 0.013
3277.53637 16.500 0.013
3279.59171 16.585 0.013
3282.51415 16.503 0.012
3289.49611 16.505 0.013
3294.48711 16.443 0.017
3295.55939 16.557 0.008
3300.54676 16.491 0.016
3305.54804 16.513 0.014
3307.52800 16.542 0.019
3311.50730 16.484 0.015
3417.89338 16.505 0.012
3423.85220 16.502 0.013
3423.87538 16.537 0.011
3426.90067 16.504 0.013
3429.88490 16.594 0.013
3436.84204 16.484 0.013
3443.79725 16.597 0.012
3445.84026 16.506 0.010
3447.88876 16.589 0.013
3449.90596 16.504 0.011
3453.80814 16.563 0.013
3455.86792 16.528 0.012
3456.87649 16.581 0.013
3457.87098 16.572 0.012
3459.86192 16.521 0.011
3467.91528 16.503 0.011
3470.90339 16.599 0.011
3472.81322 16.518 0.011
3473.89480 16.512 0.012
3474.89673 16.597 0.012
3474.90678 16.592 0.012
3475.89233 16.601 0.011
3477.90810 16.488 0.011
3479.77871 16.542 0.010
3480.90762 16.547 0.010
3482.91052 16.521 0.011
3484.67908 16.488 0.015
3484.87770 16.619 0.013
3496.76639 16.489 0.012
3497.86761 16.530 0.013
3499.76085 16.635 0.012
3500.84778 16.514 0.011
3502.66360 16.460 0.011
3503.81629 16.601 0.011
3506.76354 16.455 0.013
3508.87988 16.523 0.013
3509.67727 16.607 0.013
3510.91779 16.553 0.011
3511.85114 16.558 0.011
3512.86249 16.586 0.014
3517.71375 16.543 0.015
3520.86606 16.539 0.013
3521.67894 16.486 0.010
3522.78749 16.596 0.012
3523.82158 16.500 0.011
3524.82198 16.503 0.011
3525.89707 16.607 0.012
3526.92785 16.519 0.014
3528.60033 16.602 0.012
3530.81998 16.571 0.010
3537.78776 16.526 0.010
3538.71359 16.494 0.010
3540.76726 16.589 0.012
3544.77536 16.570 0.012
3547.77991 16.490 0.012
3550.79326 16.583 0.011
3551.78801 16.400 0.013
3552.80714 16.475 0.013
3553.78689 16.554 0.013
3554.80901 16.592 0.014
3555.79853 16.476 0.014
3556.71083 16.523 0.012
3558.59488 16.512 0.012
3559.60332 16.536 0.011
3560.64459 16.615 0.011
3561.58107 16.595 0.012
3562.63372 16.502 0.011
3563.68575 16.551 0.011
3564.52010 16.474 0.015
3569.62430 16.525 0.016
3573.73264 16.598 0.013
3574.72976 16.524 0.012
3575.67150 16.539 0.011
3576.72758 16.528 0.013
3577.77595 16.611 0.013
3578.71261 16.607 0.011
3579.65795 16.578 0.011
3580.69758 16.498 0.012
3581.71082 16.509 0.011
3582.65973 16.568 0.011
3583.67793 16.597 0.011
3584.68187 16.534 0.011
3585.68010 16.456 0.010
3586.69343 16.542 0.011
3588.76301 16.500 0.013
3589.72380 16.489 0.012
3590.72005 16.496 0.012
3591.69508 16.582 0.011
3592.72841 16.582 0.011
3593.49194 16.584 0.009
3593.58185 16.619 0.011
3601.69622 16.615 0.013
3602.69652 16.548 0.014
3603.67775 16.511 0.013
3607.67544 16.517 0.012
3609.50330 16.489 0.013
3615.62075 16.575 0.012
3617.65122 16.490 0.013
3619.58414 16.535 0.012
3621.58653 16.598 0.013
3628.65113 16.537 0.016
3629.50919 16.530 0.011
3631.61000 16.517 0.013
3633.53663 16.488 0.014
3634.61567 16.557 0.013
3639.48627 16.566 0.010
3641.59028 16.482 0.013
3644.57303 16.597 0.012
3649.54648 16.598 0.011
3651.59072 16.494 0.014
3655.55940 16.496 0.013
3657.54929 16.555 0.014
3659.55717 16.466 0.016
3662.55553 16.600 0.018
3668.52203 16.515 0.015
3676.50107 16.574 0.016
3777.86161 16.507 0.012
3783.84568 16.589 0.013
3785.86348 16.507 0.011
3787.87312 16.544 0.012
3791.84747 16.499 0.013
3793.89168 16.579 0.012
3795.87594 16.500 0.013
3796.90837 16.563 0.014
3798.83928 16.568 0.012
3799.89364 16.480 0.014
3801.84840 16.549 0.012
3802.88285 16.580 0.013
3804.79605 16.496 0.013
3805.83458 16.502 0.012
3806.83130 16.539 0.013
3807.85548 16.607 0.013
3807.89632 16.582 0.011
3807.90503 16.579 0.011
3807.91118 16.552 0.013
3807.91409 16.529 0.013
3808.76521 16.570 0.015
3808.85912 16.529 0.013
3809.76706 16.490 0.013
3810.77419 16.492 0.012
3810.91209 16.559 0.013
3811.80264 16.542 0.013
3812.88357 16.535 0.013
3813.86328 16.522 0.012
3814.85875 16.508 0.012
3818.77638 16.503 0.012
3819.84001 16.502 0.011
3820.80408 16.557 0.011
3821.80723 16.597 0.011
3822.85089 16.525 0.012
3823.81187 16.515 0.011
3824.80582 16.469 0.013
3825.83793 16.607 0.013
3826.80709 16.592 0.012
3827.83806 16.492 0.010
3828.81814 16.486 0.012
3829.74596 16.500 0.012
3830.77449 16.579 0.011
3833.80514 16.512 0.011
3834.77810 16.550 0.011
3835.76576 16.603 0.013
3836.72721 16.596 0.013
3837.76783 16.504 0.012
3838.77580 16.489 0.013
3838.89389 16.540 0.014
3839.77172 16.570 0.013
3840.77488 16.597 0.013
3841.73007 16.557 0.013
3841.87998 16.524 0.011
3842.72843 16.502 0.015
3845.75158 16.552 0.020
3846.76244 16.511 0.011
3846.89113 16.519 0.011
3847.83550 16.505 0.013
3848.78557 16.548 0.013
3848.90987 16.564 0.013
3849.78309 16.602 0.013
3850.73190 16.552 0.012
3850.90112 16.488 0.012
3851.74188 16.502 0.011
3851.90666 16.531 0.012
3852.73041 16.497 0.012
3852.85449 16.565 0.012
3853.72310 16.544 0.010
3853.88729 16.574 0.011
3856.71133 16.500 0.011
3856.89945 16.556 0.010
3858.74823 16.596 0.012
3860.70365 16.548 0.013
3861.70108 16.494 0.011
3861.71268 16.516 0.012
3861.80518 16.530 0.011
3861.81679 16.516 0.010
3861.90411 16.577 0.011
3862.68289 16.517 0.012
3862.89767 16.584 0.013
3863.69575 16.581 0.012
3863.83970 16.548 0.011
3863.91565 16.499 0.010
3864.71253 16.556 0.011
3864.89874 16.503 0.010
3865.67324 16.537 0.012
3865.80812 16.496 0.011
3865.88673 16.548 0.011
3866.71802 16.516 0.011
3866.85747 16.573 0.012
3867.66390 16.533 0.013
3867.84934 16.597 0.012
3867.91960 16.534 0.012
3868.67170 16.584 0.014
3868.81497 16.539 0.013
3868.89548 16.476 0.013
3869.64142 16.608 0.013
3869.82985 16.485 0.013
3869.90603 16.526 0.013
3873.70531 16.577 0.011
3873.84437 16.494 0.012
3873.91485 16.508 0.012
3874.70660 16.494 0.012
3874.87507 16.503 0.011
3875.64326 16.492 0.011
3875.79049 16.540 0.010
3875.86922 16.592 0.010
3876.66667 16.502 0.009
3877.67114 16.566 0.012
3877.81936 16.566 0.011
3877.89316 16.530 0.012
3880.87469 16.615 0.012
3881.60906 16.474 0.015
3881.69491 16.559 0.011
3881.83767 16.590 0.010
3882.60700 16.559 0.013
3882.81000 16.521 0.011
3882.88014 16.508 0.011
3883.67237 16.535 0.011
3883.91105 16.539 0.012
3886.64052 16.546 0.011
3886.82717 16.565 0.012
3886.89922 16.518 0.011
3886.92525 16.500 0.012
3887.60771 16.610 0.013
3887.81040 16.520 0.012
3887.83819 16.494 0.013
3887.91025 16.535 0.012
3889.69018 16.486 0.010
3890.57848 16.486 0.013
3891.71478 16.611 0.012
3891.83175 16.558 0.012
3891.91343 16.470 0.012
3892.62514 16.612 0.013
3893.66227 16.522 0.013
3893.91077 16.543 0.014
3894.70724 16.479 0.013
3896.65098 16.595 0.013
3900.56626 16.536 0.014
3900.59217 16.511 0.012
3900.64886 16.573 0.013
3900.75271 16.602 0.012
3900.82805 16.579 0.013
3901.58013 16.587 0.015
3901.75490 16.492 0.012
3901.83171 16.485 0.013
3901.90419 16.506 0.014
3902.60105 16.564 0.011
3902.78615 16.498 0.012
3902.90842 16.542 0.017
3903.69345 16.510 0.012
3904.58406 16.493 0.010
3904.74729 16.595 0.012
3904.81632 16.577 0.011
3904.86914 16.542 0.013
3905.58098 16.538 0.011
3905.75500 16.588 0.011
3905.82762 16.540 0.010
3905.89622 16.504 0.013
3906.51963 16.544 0.014
3906.55793 16.588 0.013
3906.68948 16.535 0.012
3906.76247 16.481 0.011
3906.83513 16.495 0.011
3907.62615 16.522 0.012
3907.82101 16.503 0.013
3908.56231 16.504 0.012
3908.59983 16.515 0.011
3908.68391 16.507 0.010
3908.75277 16.555 0.011
3908.79053 16.578 0.012
3908.82803 16.616 0.011
3909.56743 16.495 0.011
3909.76534 16.603 0.011
3909.84374 16.498 0.012
3910.62364 16.609 0.012
3912.56658 16.548 0.010
3912.76336 16.527 0.010
3912.85122 16.602 0.011
3913.56434 16.500 0.010
3913.76654 16.598 0.012
3913.85636 16.589 0.012
3914.58178 16.519 0.012
3915.56234 16.586 0.012
3915.76563 16.505 0.011
3915.86268 16.475 0.013
3916.61018 16.567 0.013
3916.78284 16.483 0.013
3917.65016 16.462 0.013
3917.85643 16.605 0.013
3918.64362 16.521 0.012
3918.85333 16.534 0.013
3919.59647 16.538 0.013
3919.83352 16.547 0.012
3920.54811 16.594 0.012
3920.74439 16.501 0.011
3920.82316 16.494 0.011
3921.54115 16.564 0.012
3921.75159 16.462 0.013
3922.74806 16.515 0.014
3930.59564 16.526 0.011
3931.54672 16.474 0.011
3931.67339 16.490 0.012
3932.55856 16.501 0.012
3933.54755 16.540 0.011
3933.72885 16.575 0.010
3933.80453 16.540 0.012
3934.51833 16.572 0.013
3934.64235 16.568 0.011
3934.71212 16.503 0.011
3934.78118 16.507 0.011
3935.56812 16.523 0.013
3935.73945 16.524 0.011
3935.79124 16.502 0.013
3936.52173 16.499 0.013
3936.68708 16.497 0.011
3936.76470 16.608 0.013
3937.59696 16.530 0.011
3938.52929 16.550 0.013
3938.73087 16.549 0.013
3938.78008 16.488 0.013
3940.63229 16.516 0.009
3941.68144 16.508 0.013
3944.58578 16.573 0.011
3945.53466 16.535 0.012
3945.72269 16.529 0.012
3946.54495 16.480 0.012
3946.73434 16.608 0.012
3950.48162 16.513 0.012
3950.55277 16.500 0.010
3950.68809 16.560 0.011
3950.77229 16.614 0.013
3951.54903 16.504 0.013
3956.59543 16.565 0.014
3957.53632 16.595 0.013
3958.60907 16.508 0.013
3959.54902 16.503 0.012
3959.71338 16.540 0.013
3960.52700 16.495 0.011
3960.70690 16.625 0.012
3961.60212 16.557 0.015
3963.48860 16.588 0.013
3963.66319 16.490 0.012
3963.73652 16.470 0.014
3964.56184 16.501 0.011
3965.54873 16.514 0.011
3966.53991 16.591 0.012
3966.72241 16.504 0.013
3967.56372 16.508 0.013
3968.52643 16.497 0.012
3968.69794 16.510 0.013
3969.53421 16.468 0.013
3969.70894 16.579 0.014
3970.54213 16.520 0.012
3971.58193 16.545 0.013
3973.60711 16.493 0.012
3974.53692 16.473 0.013
3975.53941 16.551 0.011
3976.53415 16.603 0.012
3979.54393 16.510 0.017
3982.61108 16.508 0.015
3986.61114 16.476 0.013
3987.53354 16.511 0.012
3988.54638 16.552 0.011
3989.60808 16.569 0.014
3990.65032 16.514 0.013
3994.50305 16.574 0.013
3995.60067 16.519 0.011
3999.63824 16.558 0.013
4000.54525 16.509 0.013
4001.53500 16.476 0.012
4002.53171 16.536 0.011
4004.55466 16.502 0.014
4005.55733 16.492 0.013
4006.55204 16.499 0.011
4012.52771 16.588 0.014
4016.57282 16.509 0.014
4018.58224 16.429 0.013
4021.56619 16.556 0.014
4024.51391 16.494 0.013
4026.50944 16.592 0.012
4028.52544 16.481 0.013
4031.52557 16.557 0.015
4039.50047 16.394 0.016
4042.49824 16.470 0.019
4142.88109 16.526 0.016
4151.88623 16.562 0.015
4154.83367 16.495 0.013
4156.88666 16.566 0.015
4159.82070 16.493 0.014
4161.87414 16.587 0.014
4163.89014 16.502 0.013
4165.84701 16.548 0.015
4168.84450 16.485 0.013
4170.85511 16.592 0.014
4175.88059 16.608 0.013
4177.78031 16.525 0.013
4178.83766 16.477 0.013
4179.87753 16.570 0.013
4181.81396 16.558 0.013
4182.86253 16.495 0.012
4183.89501 16.532 0.013
4185.77146 16.614 0.015
4191.78201 16.542 0.014
4193.79311 16.504 0.015
4194.81594 16.610 0.014
4196.80598 16.502 0.013
4202.78754 16.520 0.012
4203.77533 16.567 0.013
4204.76773 16.608 0.013
4205.76590 16.520 0.012
4205.91729 16.522 0.013
4207.75716 16.520 0.013
4208.71110 16.543 0.013
4211.82243 16.457 0.015
4212.85199 16.593 0.016
4213.76006 16.605 0.013
4215.77306 16.494 0.013
4216.73092 16.490 0.013
4217.73845 16.553 0.012
4217.89974 16.557 0.012
4218.78822 16.543 0.016
4219.79824 16.495 0.013
4220.73725 16.497 0.013
4222.70587 16.578 0.015
4224.81623 16.508 0.013
4228.70854 16.554 0.013
4229.70212 16.500 0.014
4229.89908 16.551 0.013
4230.65032 16.489 0.013
4230.83831 16.579 0.013
4230.89998 16.602 0.016
4231.67426 16.535 0.011
4231.72538 16.562 0.011
4231.88035 16.538 0.013
4232.66200 16.578 0.017
4232.78704 16.546 0.013
4232.92457 16.489 0.014
4233.85477 16.503 0.013
4234.78508 16.519 0.013
4234.90745 16.572 0.013
4235.69867 16.504 0.013
4235.75612 16.565 0.013
4235.85972 16.597 0.013
4235.92229 16.574 0.015
4237.62521 16.569 0.017
4238.69655 16.508 0.013
4238.90605 16.511 0.014
4239.66842 16.498 0.013
4240.70805 16.539 0.013
4240.86449 16.567 0.014
4243.67373 16.509 0.013
4243.76716 16.493 0.013
4243.86006 16.534 0.014
4244.64593 16.491 0.014
4244.74230 16.534 0.013
4244.83490 16.585 0.013
4245.63899 16.520 0.013
4245.73331 16.588 0.013
4245.82877 16.597 0.013
4245.90140 16.524 0.013
4246.69766 16.573 0.013
4246.79081 16.536 0.012
4246.88350 16.498 0.013
4247.71273 16.483 0.015
4247.72115 16.503 0.013
4247.72730 16.520 0.013
4247.73296 16.528 0.013
4247.73869 16.503 0.013
4247.74464 16.498 0.013
4247.75041 16.500 0.012
4247.75651 16.510 0.012
4247.76508 16.499 0.012
4247.77346 16.497 0.012
4247.78293 16.497 0.012
4247.78839 16.502 0.012
4247.79392 16.476 0.012
4247.79944 16.497 0.012
4247.81981 16.485 0.012
4247.82532 16.482 0.012
4247.83358 16.477 0.012
4247.83647 16.483 0.013
4247.83921 16.483 0.012
4247.84199 16.477 0.013
4247.84475 16.503 0.013
4247.84749 16.480 0.013
4247.85043 16.486 0.012
4247.85318 16.498 0.013
4247.85588 16.497 0.012
4247.85864 16.495 0.012
4247.86139 16.508 0.013
4247.86450 16.484 0.013
4247.86726 16.499 0.013
4247.86996 16.495 0.013
4247.87270 16.497 0.013
4247.87544 16.500 0.013
4247.87813 16.501 0.013
4247.88174 16.490 0.013
4247.88442 16.519 0.014
4247.88709 16.507 0.013
4247.88984 16.495 0.013
4247.89253 16.514 0.014
4247.89529 16.491 0.015
4247.89806 16.487 0.015
4247.90074 16.474 0.015
4247.90350 16.504 0.014
4247.90626 16.488 0.015
4247.90947 16.510 0.014
4247.91217 16.509 0.015
4247.91493 16.504 0.015
4247.91762 16.509 0.015
4247.92036 16.497 0.015
4247.92311 16.491 0.015
4247.92579 16.518 0.017
4247.92856 16.524 0.015
4247.93130 16.509 0.015
4247.93400 16.508 0.016
4247.93706 16.480 0.016
4247.94349 16.508 0.016
4247.94644 16.544 0.020
4250.69952 16.569 0.013
4250.76078 16.620 0.014
4256.65321 16.560 0.017
4256.79874 16.464 0.015
4257.68008 16.518 0.013
4258.66320 16.487 0.014
4258.78602 16.553 0.014
4258.87865 16.588 0.016
4267.62287 16.486 0.011
4268.73794 16.580 0.011
4268.86985 16.558 0.014
4269.60508 16.556 0.013
4269.75534 16.559 0.013
4270.53978 16.578 0.015
4272.58625 16.492 0.013
4272.73615 16.535 0.013
4272.79477 16.569 0.014
4272.86615 16.595 0.014
4273.64665 16.546 0.014
4273.82479 16.549 0.016
4273.88599 16.494 0.017
4274.57769 16.564 0.015
4274.73064 16.558 0.014
4274.79153 16.514 0.013
4275.62924 16.540 0.014
4275.80452 16.481 0.014
4275.86562 16.502 0.016
4276.61399 16.495 0.014
4277.55771 16.475 0.015
4277.73476 16.548 0.014
4277.79343 16.586 0.015
4278.60265 16.523 0.015
4278.78952 16.527 0.017
4283.54025 16.519 0.014
4284.53200 16.569 0.015
4284.68237 16.489 0.013
4284.74176 16.501 0.012
4284.80379 16.472 0.014
4284.86876 16.481 0.018
4285.53519 16.558 0.014
4285.72872 16.477 0.013
4285.79002 16.520 0.013
4285.85522 16.568 0.015
4286.53496 16.504 0.014
4286.84314 16.538 0.019
4289.54583 16.605 0.015
4289.76472 16.487 0.013
4289.83144 16.528 0.013
4290.59212 16.489 0.014
4291.61180 16.506 0.013
4292.51738 16.506 0.012
4292.69639 16.587 0.013
4292.75518 16.578 0.013
4292.81816 16.519 0.013
4293.51812 16.578 0.013
4293.70227 16.545 0.013
4293.76104 16.507 0.013
4293.80129 16.483 0.013
4293.83879 16.505 0.015
4294.51675 16.586 0.013
4295.52691 16.516 0.013
4295.72200 16.523 0.012
4295.78061 16.583 0.013
4296.52099 16.455 0.014
4296.73204 16.584 0.013
4297.54080 16.537 0.013
4297.74537 16.552 0.012
4298.59111 16.563 0.013
4298.68687 16.496 0.012
4298.82431 16.484 0.015
4299.56236 16.535 0.012
4299.65228 16.473 0.012
4299.74354 16.519 0.012
4300.55899 16.479 0.013
4300.67415 16.523 0.013
4300.81961 16.610 0.015
4301.54513 16.503 0.013
4301.64139 16.573 0.013
4301.74357 16.577 0.013
4302.61811 16.573 0.013
4302.78321 16.489 0.013
4303.70470 16.493 0.013
4304.58298 16.515 0.013
4306.58874 16.567 0.014
4310.64235 16.531 0.018
4312.52992 16.573 0.016
4312.77281 16.483 0.013
4314.78739 16.596 0.017
4315.56140 16.511 0.013
4316.59166 16.586 0.013
4317.51358 16.601 0.013
4319.54864 16.497 0.013
4319.69461 16.559 0.015
4320.61596 16.569 0.014
4326.53727 16.611 0.013
4326.74151 16.462 0.013
4327.61725 16.503 0.014
4328.48238 16.491 0.014
4328.72203 16.566 0.015
4329.55289 16.488 0.014
4329.70021 16.564 0.015
4330.48272 16.564 0.013
4330.72003 16.540 0.013
4331.52487 16.570 0.013
4332.53488 16.523 0.012
4333.55986 16.486 0.014
4333.62988 16.506 0.015
4333.70600 16.555 0.017
4334.53262 16.544 0.014
4338.53002 16.494 0.014
4338.70788 16.607 0.022
4339.52612 16.554 0.013
4340.64632 16.522 0.013
4341.53038 16.491 0.015
4342.56242 16.483 0.013
4343.54627 16.542 0.012
4344.57584 16.573 0.013
4345.53792 16.572 0.013
4346.54753 16.475 0.015
4347.56186 16.509 0.013
4349.52756 16.604 0.013
4350.58106 16.504 0.012
4351.53275 16.504 0.013
4352.58909 16.517 0.015
4353.55240 16.613 0.013
4354.57180 16.541 0.013
4355.57963 16.502 0.013
4356.53682 16.475 0.014
4357.50824 16.485 0.016
4358.55165 16.595 0.013
4359.52059 16.534 0.014
4361.53396 16.426 0.016
4362.55133 16.563 0.016
4365.58955 16.501 0.015
4367.54295 16.599 0.014
4368.51592 16.549 0.018
4369.59507 16.468 0.017
4370.52295 16.504 0.012
4371.49737 16.551 0.013
4372.54650 16.615 0.013
4373.53755 16.508 0.014
4377.51076 16.599 0.013
4378.54514 16.503 0.013
4380.50261 16.513 0.013
4381.55027 16.550 0.016
4382.53677 16.534 0.016
4383.54098 16.480 0.014
4384.51540 16.446 0.014
4388.59074 16.454 0.015
4393.55744 16.507 0.013
4394.53067 16.557 0.013
4395.56684 16.535 0.016
4396.53660 16.445 0.016
4397.56031 16.488 0.014
4398.56565 16.539 0.016
4399.51558 16.523 0.015
4400.56002 16.561 0.020
4403.51393 16.456 0.016
4409.53138 16.480 0.018
4507.88949 16.565 0.018
4511.85694 16.602 0.013
4511.87672 16.594 0.012
4513.88812 16.487 0.012
4517.88724 16.520 0.014
4521.82658 16.625 0.016
4523.89901 16.502 0.014
4525.84290 16.588 0.018
4531.85079 16.509 0.013
4534.87993 16.561 0.014
4536.80444 16.545 0.015
4537.86457 16.466 0.011
4538.89697 16.574 0.013
4539.88308 16.583 0.013
4540.82701 16.553 0.012
4541.81950 16.512 0.013
4542.81431 16.484 0.013
4543.80980 16.535 0.013
4544.80678 16.605 0.013
4545.77089 16.565 0.013
4546.77759 16.522 0.013
4547.75228 16.499 0.013
4548.86818 16.591 0.014
4548.89552 16.522 0.017
4550.77464 16.531 0.015
4551.80115 16.479 0.013
4552.74496 16.491 0.020
4556.78436 16.494 0.012
4557.80551 16.546 0.013
4558.73515 16.553 0.013
4559.77602 16.538 0.012
4560.77640 16.474 0.013
4561.76571 16.500 0.011
4564.75596 16.545 0.012
4565.75399 16.493 0.011
4566.75343 16.495 0.011
4567.75338 16.572 0.013
4568.76290 16.590 0.013
4569.77330 16.524 0.012
4570.75858 16.493 0.012
4571.75025 16.509 0.013
4572.77707 16.601 0.013
4573.76524 16.553 0.013
4574.76781 16.495 0.013
4574.91632 16.518 0.013
4575.77663 16.523 0.013
4576.88654 16.606 0.014
4577.86483 16.508 0.013
4577.92085 16.500 0.013
4578.81915 16.509 0.013
4579.89298 16.526 0.013
4583.76322 16.499 0.013
4585.79017 16.570 0.015
4586.76627 16.608 0.014
4587.79985 16.509 0.014
4588.67500 16.540 0.014
4588.90749 16.509 0.012
4589.72145 16.486 0.012
4589.87675 16.537 0.014
4590.73024 16.545 0.013
4590.93545 16.528 0.013
4591.67133 16.558 0.013
4591.88264 16.499 0.013
4592.69155 16.582 0.013
4592.88084 16.479 0.013
4593.68073 16.507 0.012
4593.89056 16.561 0.013
4593.93039 16.591 0.013
4594.70197 16.478 0.013
4594.89681 16.583 0.013
4595.69452 16.545 0.013
4595.88581 16.551 0.013
4596.68637 16.580 0.013
4597.71100 16.544 0.013
4597.90260 16.512 0.012
4598.68720 16.499 0.011
4599.65971 16.476 0.013
4599.69899 16.493 0.013
4599.73331 16.530 0.012
4599.79820 16.609 0.012
4599.83033 16.595 0.012
4599.91321 16.537 0.013
4599.93063 16.555 0.014
4600.61240 16.510 0.012
4600.65788 16.534 0.012
4600.67207 16.557 0.012
4600.77249 16.605 0.012
4600.82132 16.566 0.012
4600.86657 16.534 0.012
4600.88074 16.524 0.012
4601.61815 16.600 0.013
4601.67460 16.602 0.012
4601.89086 16.484 0.012
4602.66717 16.543 0.012
4602.89148 16.546 0.010
4603.87857 16.606 0.013
4606.67500 16.578 0.013
4606.93018 16.497 0.013
4610.90559 16.495 0.013
4611.65384 16.537 0.013
4611.80271 16.478 0.013
4612.67533 16.477 0.013
4615.81766 16.493 0.013
4616.62931 16.532 0.013
4616.84560 16.493 0.013
4617.73021 16.490 0.014
4618.63787 16.517 0.013
4622.65145 16.466 0.012
4622.83640 16.563 0.014
4623.69808 16.508 0.016
4623.89568 16.489 0.014
4624.61956 16.597 0.016
4624.83957 16.485 0.013
4624.90863 16.477 0.013
4625.62997 16.552 0.014
4625.84933 16.481 0.014
4626.65397 16.492 0.014
4627.58855 16.469 0.013
4627.87797 16.574 0.012
4628.59552 16.501 0.013
4628.78527 16.510 0.013
4628.84761 16.510 0.013
4628.92181 16.479 0.013
4629.65835 16.573 0.012
4629.86595 16.480 0.012
4630.59339 16.543 0.012
4630.80917 16.492 0.013
4630.87872 16.550 0.013
4631.61894 16.511 0.012
4631.81760 16.592 0.012
4631.89300 16.601 0.014
4632.52865 16.485 0.016
4632.55250 16.500 0.014
4632.58365 16.497 0.012
4632.59802 16.505 0.013
4632.60115 16.487 0.013
4632.61761 16.507 0.012
4632.64501 16.530 0.012
4632.67028 16.532 0.012
4632.69008 16.558 0.013
4632.71813 16.583 0.013
4632.74917 16.592 0.013
4632.78719 16.605 0.013
4632.80797 16.602 0.013
4632.84104 16.593 0.013
4632.87022 16.555 0.014
4633.53368 16.532 0.013
4633.59507 16.554 0.013
4633.63889 16.572 0.013
4633.70603 16.587 0.012
4633.83944 16.502 0.013
4638.70403 16.557 0.014
4638.77952 16.510 0.013
4639.53214 16.607 0.014
4639.60317 16.579 0.013
4639.74620 16.469 0.013
4640.62129 16.478 0.013
4640.75320 16.544 0.012
4641.69686 16.547 0.013
4641.80894 16.581 0.013
4642.61928 16.556 0.012
4642.78151 16.519 0.015
4642.86060 16.485 0.013
4643.57854 16.612 0.013
4644.62705 16.494 0.013
4645.55742 16.481 0.014
4645.80512 16.562 0.013
4645.87068 16.581 0.015
4646.55245 16.499 0.012
4646.87818 16.536 0.014
4647.54876 16.533 0.013
4647.76496 16.538 0.013
4647.78915 16.518 0.013
4648.54584 16.565 0.014
4648.79974 16.458 0.014
4649.55607 16.529 0.013
4649.78245 16.522 0.013
4650.55722 16.500 0.013
4650.82030 16.595 0.015
4651.54064 16.508 0.013
4652.53210 16.549 0.014
4652.74630 16.524 0.013
4653.52772 16.566 0.015
4653.74697 16.479 0.013
4654.56682 16.514 0.013
4654.78141 16.544 0.013
4655.52758 16.504 0.013
4655.75217 16.574 0.013
4656.52953 16.518 0.013
4656.71939 16.582 0.013
4656.83872 16.500 0.014
4657.75793 16.486 0.014
4658.68817 16.463 0.013
4660.64044 16.550 0.013
4661.51763 16.527 0.013
4661.71830 16.527 0.015
4661.78534 16.524 0.013
4665.68526 16.601 0.015
4666.59055 16.607 0.013
4666.69156 16.533 0.014
4666.73375 16.510 0.014
4666.80609 16.453 0.017
4670.58764 16.545 0.015
4671.61073 16.603 0.012
4671.78282 16.460 0.015
4672.53658 16.561 0.012
4672.68677 16.493 0.012
4672.77195 16.487 0.014
4674.54237 16.500 0.013
4674.73259 16.564 0.015
4675.79013 16.516 0.014
4677.51595 16.539 0.013
4677.60065 16.459 0.013
4677.75545 16.504 0.014
4679.65472 16.549 0.014
4681.56455 16.542 0.013
4681.65734 16.488 0.013
4681.74762 16.466 0.012
4682.58191 16.467 0.013
4682.68564 16.490 0.012
4683.54697 16.454 0.014
4683.73557 16.591 0.015
4684.53956 16.540 0.013
4684.71093 16.559 0.013
4685.48218 16.539 0.016
4685.75967 16.479 0.013
4686.52827 16.537 0.013
4687.53164 16.484 0.013
4687.76752 16.570 0.013
4688.52494 16.486 0.013
4688.71465 16.592 0.014
4693.58398 16.561 0.014
4694.63375 16.538 0.016
4697.52838 16.495 0.013
4698.53382 16.565 0.012
4699.53195 16.598 0.013
4700.53644 16.546 0.013
4701.53251 16.487 0.014
4702.54791 16.524 0.013
4703.61536 16.594 0.015
4704.67073 16.522 0.013
4705.59899 16.508 0.013
4707.62721 16.605 0.013
4708.57908 16.582 0.013
4709.54318 16.527 0.015
4710.58391 16.484 0.013
4715.61819 16.480 0.015
4716.61582 16.578 0.014
4720.53612 16.492 0.013
4721.53387 16.514 0.016
4722.49963 16.568 0.015
4724.53638 16.470 0.014
4725.51508 16.491 0.013
4726.51158 16.493 0.016
4729.49662 16.493 0.014
4729.52561 16.467 0.015
4729.61628 16.485 0.014
4730.49801 16.508 0.013
4731.60499 16.550 0.014
4733.55344 16.483 0.013
4734.58278 16.525 0.013
4737.57140 16.500 0.013
4740.58427 16.536 0.016
4753.57528 16.531 0.016
4758.54105 16.529 0.013
4767.52667 16.545 0.015
4768.52082 16.554 0.017
4869.87694 16.504 0.013
4872.86932 16.505 0.015
4873.89111 16.482 0.016
4875.89098 16.622 0.015
4878.86509 16.501 0.013
4884.88169 16.594 0.013
4887.85411 16.480 0.012
4891.81041 16.494 0.014
4896.90135 16.516 0.013
4899.86909 16.537 0.013
4901.79869 16.497 0.013
4903.79442 16.585 0.013
4905.84265 16.484 0.013
4910.84069 16.465 0.013
4913.89115 16.519 0.012
4917.73775 16.530 0.012
4921.73931 16.504 0.013
4925.72610 16.492 0.011
4925.84240 16.538 0.012
4926.71922 16.527 0.013
4927.74226 16.540 0.014
4927.89691 16.495 0.013
4928.79069 16.506 0.013
4929.73735 16.518 0.013
4930.72934 16.504 0.013
4930.87720 16.572 0.013
4931.77350 16.583 0.013
4932.70760 16.590 0.012
4932.90675 16.508 0.013
4933.72348 16.541 0.014
4933.90119 16.508 0.014
4934.82212 16.510 0.012
4938.72305 16.509 0.013
4939.68387 16.475 0.013
4940.68386 16.526 0.013
4941.87897 16.487 0.013
4942.70033 16.537 0.013
4942.77230 16.494 0.012
4943.71273 16.499 0.011
4943.86956 16.525 0.013
4944.72414 16.491 0.011
4945.66930 16.503 0.013
4946.69519 16.608 0.013
4947.68274 16.571 0.012
4948.66239 16.513 0.013
4950.65311 16.536 0.012
4951.81683 16.521 0.013
4952.78599 16.490 0.012
4953.68618 16.486 0.011
4954.66492 16.508 0.012
4954.73103 16.539 0.013
4955.83400 16.516 0.013
