2118.74401 17.412 0.019
2125.50995 17.569 0.035
2129.59548 17.201 0.016
2132.54020 17.482 0.019
2135.67104 17.567 0.018
2140.63558 17.456 0.020
2382.87826 17.477 0.022
2386.83097 17.452 0.026
2390.76081 17.529 0.026
2397.78527 17.493 0.020
2397.83844 17.376 0.019
2401.75155 17.488 0.020
2403.80757 17.433 0.018
2405.77595 17.434 0.021
2415.84381 17.544 0.029
2424.72065 17.470 0.024
2428.68491 17.387 0.017
2434.62499 17.511 0.026
2435.85162 17.489 0.022
2437.79020 17.501 0.024
2439.73373 17.432 0.017
2441.68961 17.382 0.015
2444.81497 17.444 0.026
2446.82389 17.429 0.022
2453.78003 17.388 0.018
2458.83189 17.493 0.024
2462.56127 17.388 0.017
2464.68252 17.364 0.016
2467.58561 17.537 0.021
2469.59751 17.380 0.015
2471.65987 17.432 0.016
2473.56089 17.504 0.023
2483.64161 17.403 0.018
2486.62492 17.411 0.022
2490.59189 17.503 0.024
2493.55112 17.555 0.021
2495.62572 17.515 0.020
2497.68039 17.390 0.018
2499.72822 17.450 0.018
2501.74668 17.473 0.022
2508.56293 17.418 0.022
2512.52293 17.443 0.023
2517.69305 17.419 0.026
2520.47973 17.395 0.021
2526.57591 17.432 0.018
2535.57693 17.355 0.028
2541.55507 17.429 0.023
2547.49510 17.412 0.024
2551.52891 17.422 0.026
2556.48331 17.498 0.041
2563.51899 17.600 0.024
2574.49664 17.417 0.026
2705.84757 17.439 0.021
2713.90164 17.490 0.017
2728.84299 17.451 0.021
2733.82505 17.420 0.022
2744.79802 17.437 0.017
2752.86956 17.412 0.022
2756.84239 17.574 0.023
2760.80837 17.390 0.024
2766.84189 17.551 0.021
2770.72161 17.553 0.025
2783.78254 17.402 0.017
2786.84507 17.529 0.028
2789.65022 17.553 0.021
2791.61222 17.518 0.021
2794.76883 17.533 0.022
2796.71705 17.464 0.017
2802.83091 17.512 0.037
2808.85879 17.346 0.029
2810.77829 17.410 0.019
2811.82738 17.399 0.021
2813.62386 17.394 0.023
2815.74560 17.447 0.018
2817.69845 17.501 0.023
2818.76067 17.546 0.023
2820.63098 17.391 0.021
2826.62300 17.442 0.019
2834.67198 17.530 0.057
2835.80150 17.560 0.028
2837.53623 17.590 0.028
2839.57245 17.377 0.022
2841.57346 17.511 0.022
2843.51812 17.585 0.024
2845.55770 17.448 0.026
2849.70814 17.410 0.022
2851.72244 17.439 0.022
2853.72822 17.444 0.022
2856.60838 17.392 0.023
2858.59215 17.546 0.027
2859.63086 17.515 0.031
2860.71858 17.531 0.032
2863.60123 17.383 0.023
2866.68996 17.533 0.024
2869.63069 17.503 0.021
2872.60464 17.517 0.018
2877.59472 17.452 0.020
2883.54114 17.497 0.019
2892.56251 17.384 0.028
2896.58427 17.414 0.018
2902.52437 17.376 0.027
2907.52272 17.518 0.028
2916.59689 17.379 0.026
2928.54035 17.447 0.025
3050.87503 17.543 0.025
3058.82218 17.401 0.020
3061.88662 17.453 0.019
3067.82302 17.449 0.021
3069.89671 17.378 0.018
3072.86153 17.439 0.017
3074.90105 17.562 0.020
3079.80794 17.561 0.022
3082.77430 17.527 0.020
3084.76756 17.465 0.020
3086.76241 17.408 0.016
3087.87280 17.553 0.020
3089.78332 17.496 0.019
3091.74535 17.542 0.022
3096.77228 17.398 0.023
3098.78152 17.534 0.020
3100.89293 17.460 0.019
3102.77221 17.504 0.022
3107.77214 17.422 0.018
3108.84226 17.382 0.016
3109.91196 17.421 0.018
3110.76147 17.410 0.018
3111.81898 17.378 0.020
3113.79815 17.425 0.017
3113.83462 17.517 0.018
3113.88488 17.455 0.019
3113.91610 17.409 0.017
3113.92264 17.417 0.018
3114.66644 17.415 0.019
3114.73647 17.585 0.018
3115.79834 17.528 0.017
3118.85499 17.392 0.021
3122.80535 17.489 0.029
3125.78282 17.532 0.028
3126.79300 17.485 0.018
3127.72275 17.541 0.021
3128.74231 17.549 0.021
3129.72518 17.351 0.022
3130.89663 17.484 0.027
3134.69544 17.470 0.035
3137.74168 17.462 0.024
3138.84918 17.381 0.018
3139.78496 17.526 0.019
3140.79718 17.442 0.017
3142.65578 17.452 0.019
3142.91195 17.428 0.020
3144.71936 17.572 0.018
3146.68198 17.523 0.023
3151.67799 17.395 0.021
3152.68140 17.424 0.020
3152.89433 17.417 0.025
3153.68434 17.511 0.022
3156.67546 17.471 0.020
3158.77309 17.490 0.028
3162.73092 17.377 0.022
3163.69475 17.482 0.018
3164.66201 17.412 0.017
3165.83000 17.437 0.015
3167.87727 17.542 0.025
3168.67546 17.399 0.019
3169.64710 17.513 0.019
3170.72120 17.525 0.018
3171.67518 17.418 0.016
3172.65499 17.469 0.018
3174.63935 17.387 0.016
3175.64119 17.467 0.017
3176.67535 17.518 0.025
3178.70379 17.454 0.021
3179.74081 17.377 0.017
3180.63243 17.460 0.016
3182.69498 17.343 0.019
3183.64407 17.504 0.021
3184.61491 17.414 0.016
3185.78019 17.610 0.023
3193.45792 17.430 0.055
3193.79847 17.452 0.020
3194.66469 17.422 0.020
3195.59588 17.609 0.022
3196.67202 17.533 0.023
3197.67470 17.487 0.021
3199.70639 17.420 0.017
3202.69416 17.427 0.019
3203.73938 17.413 0.016
3204.73503 17.538 0.018
3205.61342 17.562 0.018
3206.59049 17.408 0.016
3210.70160 17.500 0.020
3211.60652 17.473 0.021
3212.59213 17.503 0.029
3217.58136 17.412 0.027
3218.58053 17.574 0.027
3223.57720 17.433 0.024
3224.58597 17.473 0.018
3226.54079 17.390 0.021
3228.67006 17.380 0.022
3229.55387 17.389 0.019
3230.59284 17.407 0.015
3231.49368 17.415 0.021
3238.71842 17.476 0.029
3240.70232 17.515 0.029
3241.58666 17.525 0.042
3244.68409 17.508 0.032
3246.57066 17.409 0.025
3248.59550 17.498 0.026
3250.58275 17.443 0.020
3253.57457 17.409 0.017
3256.55011 17.363 0.024
3259.55085 17.398 0.023
3262.56242 17.441 0.020
3266.57605 17.389 0.026
3271.51474 17.413 0.045
3274.55549 17.543 0.027
3278.50581 17.445 0.022
3281.53276 17.522 0.023
3287.53854 17.578 0.024
3292.52729 17.475 0.019
3414.89082 17.590 0.024
3420.86221 17.580 0.023
3424.89505 17.572 0.019
3428.84328 17.433 0.019
3430.88006 17.478 0.016
3442.81644 17.471 0.022
3444.87048 17.567 0.019
3446.89918 17.395 0.018
3449.78888 17.569 0.019
3452.81740 17.448 0.019
3454.87098 17.589 0.022
3457.80562 17.443 0.019
3458.79974 17.419 0.018
3458.84902 17.461 0.018
3467.85710 17.635 0.020
3469.76277 17.555 0.017
3471.85271 17.479 0.025
3472.92003 17.553 0.016
3473.75745 17.440 0.017
3475.78060 17.529 0.018
3477.86769 17.533 0.020
3479.81694 17.537 0.015
3481.71632 17.625 0.024
3483.87596 17.411 0.016
3496.84867 17.433 0.020
3497.71837 17.532 0.026
3500.77741 17.409 0.017
3501.77107 17.486 0.015
3502.80181 17.501 0.016
3503.76336 17.439 0.016
3504.77983 17.425 0.017
3506.91450 17.455 0.023
3508.86735 17.423 0.024
3509.81466 17.559 0.018
3510.76808 17.464 0.019
3510.83009 17.583 0.019
3511.77863 17.427 0.017
3512.65195 17.443 0.024
3520.64320 17.618 0.022
3521.74891 17.493 0.020
3522.66045 17.396 0.016
3523.70052 17.467 0.015
3524.74368 17.457 0.020
3525.72117 17.522 0.017
3525.79843 17.471 0.017
3526.80772 17.566 0.018
3527.89813 17.468 0.025
3528.75990 17.532 0.020
3530.58270 17.454 0.017
3538.82924 17.380 0.019
3541.86941 17.520 0.020
3547.68866 17.615 0.026
3550.77858 17.466 0.017
3551.75191 17.457 0.016
3552.77246 17.624 0.025
3553.67257 17.528 0.020
3554.75210 17.487 0.021
3556.63529 17.547 0.020
3558.65202 17.425 0.015
3559.73226 17.490 0.017
3560.80675 17.551 0.018
3561.66103 17.475 0.018
3562.51411 17.417 0.015
3563.56802 17.416 0.016
3564.65535 17.501 0.021
3569.76291 17.553 0.024
3573.56562 17.432 0.025
3574.62059 17.431 0.024
3575.60959 17.498 0.017
3576.58399 17.519 0.019
3577.64952 17.580 0.024
3578.59619 17.499 0.017
3579.52468 17.411 0.015
3580.56340 17.414 0.017
3581.60370 17.453 0.018
3582.55174 17.549 0.019
3583.50155 17.503 0.018
3584.57740 17.431 0.015
3585.56815 17.627 0.017
3586.55681 17.440 0.015
3587.70142 17.525 0.022
3589.60684 17.553 0.015
3590.57528 17.408 0.017
3592.59491 17.581 0.017
3593.59845 17.539 0.018
3601.55886 17.490 0.018
3602.55799 17.515 0.020
3603.56425 17.383 0.019
3607.56481 17.471 0.017
3607.59962 17.453 0.019
3608.56186 17.622 0.027
3615.68285 17.517 0.027
3619.53204 17.463 0.018
3620.64043 17.610 0.019
3629.57124 17.480 0.023
3632.49423 17.479 0.026
3634.55231 17.508 0.020
3640.50147 17.489 0.025
3649.49507 17.375 0.021
3658.51114 17.505 0.027
3661.50695 17.487 0.033
3666.51836 17.433 0.020
3775.83537 17.450 0.025
3780.86723 17.481 0.020
3786.85534 17.410 0.021
3790.85593 17.533 0.026
3793.84596 17.437 0.017
3795.83664 17.459 0.022
3797.83088 17.590 0.021
3798.87900 17.572 0.019
3801.80138 17.469 0.021
3803.79160 17.564 0.019
3804.83435 17.591 0.021
3805.87180 17.503 0.019
3806.86855 17.440 0.018
3808.84154 17.464 0.019
3809.84524 17.438 0.019
3810.89330 17.412 0.018
3812.76153 17.578 0.027
3813.90609 17.422 0.019
3814.90370 17.487 0.019
3818.81358 17.426 0.017
3819.87724 17.481 0.016
3820.84095 17.544 0.017
3821.84513 17.575 0.017
3822.89553 17.560 0.017
3823.85945 17.443 0.017
3824.85711 17.551 0.023
3825.87898 17.592 0.022
3826.85685 17.443 0.017
3827.87977 17.508 0.016
3828.85522 17.553 0.022
3829.83339 17.425 0.015
3830.82868 17.554 0.019
3832.81751 17.411 0.015
3832.85356 17.514 0.017
3833.72869 17.528 0.018
3834.86596 17.556 0.018
3835.81644 17.419 0.015
3836.82128 17.457 0.019
3837.81137 17.566 0.021
3838.81553 17.450 0.021
3839.82763 17.435 0.018
3840.81869 17.566 0.021
3841.79681 17.446 0.019
3845.79882 17.425 0.022
3846.80206 17.552 0.018
3847.88373 17.472 0.020
3848.82584 17.439 0.016
3849.83743 17.412 0.015
3850.77188 17.540 0.021
3851.78173 17.420 0.021
3852.77026 17.503 0.019
3853.76294 17.546 0.015
3856.75188 17.620 0.021
3858.81204 17.434 0.020
3859.76210 17.506 0.020
3860.90226 17.430 0.020
3861.74413 17.457 0.018
3862.76139 17.568 0.019
3863.77307 17.574 0.016
3864.76229 17.419 0.015
3865.65315 17.451 0.020
3866.65725 17.382 0.018
3867.80060 17.534 0.022
3868.65629 17.399 0.025
3869.81317 17.475 0.025
3873.63832 17.578 0.020
3874.86032 17.537 0.020
3875.62846 17.398 0.016
3877.62381 17.550 0.018
3880.73482 17.445 0.016
3881.73456 17.477 0.017
3882.66961 17.437 0.017
3883.72217 17.425 0.017
3886.68382 17.416 0.015
3887.67650 17.530 0.016
3889.83128 17.419 0.017
3890.62190 17.612 0.022
3891.75462 17.416 0.020
3892.81658 17.371 0.016
3893.71154 17.397 0.021
3894.75335 17.444 0.020
3896.70445 17.446 0.019
3900.60939 17.599 0.021
3901.62603 17.525 0.019
3902.64061 17.450 0.016
3903.75086 17.481 0.019
3904.62368 17.517 0.018
3905.62393 17.445 0.016
3906.61204 17.561 0.020
3907.67322 17.544 0.023
3908.60858 17.403 0.015
3909.60795 17.567 0.016
3910.67554 17.462 0.018
3912.60941 17.480 0.015
3913.60698 17.630 0.017
3914.62504 17.527 0.018
3915.60487 17.432 0.018
3916.68070 17.456 0.018
3917.69662 17.472 0.019
3918.69915 17.620 0.018
3919.63632 17.469 0.020
3920.58834 17.499 0.020
3920.86586 17.467 0.018
3921.60038 17.364 0.023
3930.65064 17.582 0.020
3931.58644 17.417 0.020
3931.72406 17.520 0.020
3932.76755 17.532 0.021
3933.59058 17.567 0.016
3934.56126 17.442 0.016
3935.63946 17.494 0.020
3936.56179 17.534 0.020
3937.63748 17.590 0.019
3938.57042 17.523 0.021
3940.71067 17.458 0.016
3944.65221 17.624 0.019
3945.59185 17.504 0.021
3946.58910 17.666 0.024
3950.60148 17.561 0.018
3951.63084 17.539 0.021
3956.63794 17.477 0.026
3957.57578 17.427 0.033
3958.65618 17.506 0.021
3959.58822 17.584 0.023
3960.57660 17.489 0.016
3963.61781 17.642 0.018
3964.60586 17.478 0.015
3965.59444 17.490 0.016
3966.58241 17.596 0.020
3967.61476 17.547 0.020
3968.56884 17.465 0.019
3969.57635 17.591 0.018
3970.58950 17.535 0.023
3971.62123 17.438 0.027
3973.65090 17.538 0.020
3974.58672 17.397 0.021
3975.57826 17.496 0.018
3976.57580 17.586 0.019
3979.59462 17.534 0.027
3982.52709 17.498 0.025
3986.65244 17.461 0.028
3987.57240 17.442 0.019
3988.58966 17.437 0.015
3989.65505 17.438 0.027
3991.54811 17.559 0.023
3994.62701 17.482 0.027
3995.65101 17.501 0.021
3999.55071 17.574 0.023
4001.57416 17.488 0.018
4002.57508 17.569 0.016
4004.59381 17.449 0.025
4005.60925 17.471 0.020
4006.59483 17.651 0.021
4011.51192 17.628 0.027
4015.53852 17.567 0.030
4017.51320 17.452 0.019
4019.51738 17.473 0.021
4021.52336 17.628 0.033
4024.55301 17.470 0.021
4026.54853 17.482 0.020
4029.50710 17.353 0.025
4146.89449 17.564 0.035
4154.88932 17.454 0.019
4157.86014 17.454 0.020
4159.87636 17.585 0.024
4162.82372 17.424 0.028
4164.86351 17.534 0.021
4166.87933 17.515 0.028
4169.79383 17.474 0.022
4169.87587 17.536 0.020
4174.80142 17.595 0.029
4176.79441 17.501 0.020
4177.84813 17.510 0.021
4178.89092 17.510 0.020
4180.78830 17.619 0.027
4181.87787 17.508 0.020
4183.75993 17.591 0.022
4184.80831 17.577 0.022
4187.89776 17.444 0.021
4190.81939 17.549 0.024
4191.91955 17.462 0.025
4192.83814 17.506 0.023
4193.84904 17.434 0.021
4194.87070 17.466 0.020
4196.85919 17.465 0.021
4202.84046 17.474 0.018
4203.82861 17.477 0.018
4204.82407 17.589 0.019
4205.81915 17.451 0.019
4207.82122 17.569 0.019
4208.84471 17.598 0.021
4213.81998 17.480 0.017
4215.82621 17.484 0.020
4216.78395 17.516 0.021
4217.79175 17.588 0.017
4218.84669 17.586 0.022
4219.87685 17.520 0.023
4220.81665 17.509 0.026
4222.78248 17.408 0.022
4224.89902 17.417 0.024
4228.77683 17.415 0.028
4229.76154 17.544 0.025
4230.74529 17.523 0.024
4231.74767 17.412 0.019
4232.75915 17.476 0.023
4234.65689 17.576 0.024
4235.72090 17.545 0.019
4238.77090 17.397 0.022
4239.75000 17.545 0.019
4240.89372 17.492 0.021
4243.78979 17.575 0.024
4244.76469 17.478 0.021
4245.75551 17.437 0.018
4246.81319 17.414 0.019
4250.83855 17.446 0.025
4256.67548 17.455 0.029
4258.68485 17.580 0.025
4267.65011 17.536 0.019
4268.81973 17.537 0.021
4269.62856 17.416 0.017
4272.67913 17.545 0.019
4273.72825 17.514 0.022
4274.52489 17.444 0.028
4275.67971 17.600 0.024
4277.63711 17.587 0.022
4278.65306 17.588 0.028
4283.59834 17.597 0.025
4284.58235 17.472 0.024
4285.58902 17.436 0.026
4286.58522 17.532 0.021
4289.62011 17.433 0.025
4290.65154 17.439 0.023
4291.70634 17.496 0.021
4292.56774 17.524 0.019
4293.59376 17.602 0.018
4294.56689 17.417 0.018
4295.59208 17.424 0.018
4296.57566 17.622 0.020
4297.63948 17.564 0.020
4298.61372 17.517 0.020
4299.58408 17.534 0.018
4300.48253 17.451 0.025
4301.66280 17.629 0.022
4302.64508 17.438 0.021
4303.78313 17.548 0.028
4304.60992 17.568 0.029
4306.61081 17.503 0.026
4310.71160 17.458 0.029
4312.60575 17.426 0.019
4315.61588 17.434 0.023
4316.63695 17.458 0.023
4317.53540 17.428 0.019
4319.59849 17.488 0.023
4320.69141 17.445 0.026
4326.61429 17.481 0.019
4327.63950 17.538 0.027
4328.58169 17.437 0.018
4329.57428 17.519 0.023
4330.61660 17.605 0.022
4331.58128 17.466 0.023
4332.65233 17.471 0.021
4333.58200 17.599 0.026
4334.54942 17.477 0.042
4338.61243 17.500 0.027
4339.58154 17.525 0.022
4340.67860 17.404 0.024
4341.58350 17.474 0.026
4342.61978 17.442 0.022
4343.59909 17.581 0.020
4344.64431 17.580 0.026
4345.59894 17.426 0.020
4346.60093 17.523 0.023
4347.61484 17.640 0.027
4349.58673 17.506 0.020
4350.64852 17.481 0.023
4351.58879 17.466 0.024
4353.60866 17.613 0.029
4354.62819 17.609 0.027
4355.64113 17.503 0.029
4356.59278 17.501 0.027
4358.61526 17.440 0.026
4359.63441 17.432 0.025
4362.56319 17.529 0.032
4368.58409 17.463 0.031
4371.60008 17.515 0.031
4373.59667 17.576 0.026
4381.57581 17.396 0.031
4397.57451 17.502 0.037
4506.86345 17.462 0.024
4512.87822 17.552 0.017
4514.89652 17.446 0.020
4518.88068 17.486 0.028
4521.85103 17.533 0.023
4524.86040 17.442 0.021
4530.84842 17.424 0.016
4533.88738 17.575 0.022
4535.90976 17.510 0.027
4537.83656 17.453 0.017
4539.77983 17.477 0.025
4540.90749 17.584 0.022
4541.90422 17.444 0.016
4542.86760 17.591 0.021
4543.89374 17.556 0.019
4544.89132 17.430 0.017
4545.81593 17.544 0.021
4546.87008 17.563 0.021
4547.88524 17.411 0.020
4550.88500 17.482 0.020
4551.87811 17.431 0.022
4552.87132 17.641 0.025
4556.83925 17.469 0.018
4557.86555 17.451 0.017
4558.86204 17.536 0.019
4559.82970 17.451 0.018
4560.82999 17.419 0.016
4561.81890 17.577 0.017
4564.82321 17.531 0.017
4565.81217 17.514 0.015
4566.81418 17.416 0.015
4567.81451 17.538 0.018
4568.83690 17.580 0.018
4569.83078 17.515 0.021
4570.82147 17.476 0.022
4571.80516 17.608 0.021
4572.84303 17.576 0.023
4573.81871 17.427 0.018
4574.82087 17.561 0.023
4575.82963 17.582 0.025
4583.68979 17.493 0.028
4585.89386 17.486 0.021
4586.84171 17.437 0.021
4587.82235 17.542 0.022
4588.80536 17.566 0.018
4589.65104 17.446 0.028
4590.75562 17.624 0.023
4591.64341 17.593 0.026
4592.74875 17.449 0.019
4593.73402 17.605 0.023
4594.76260 17.574 0.020
4595.75034 17.397 0.018
4596.73952 17.571 0.018
4597.77074 17.581 0.020
4598.74013 17.445 0.015
4599.71591 17.594 0.021
4600.72507 17.509 0.016
4601.72967 17.451 0.016
4602.72380 17.484 0.017
4606.73760 17.597 0.021
4610.83146 17.426 0.024
4611.71134 17.452 0.023
4611.89788 17.428 0.021
4615.88797 17.519 0.028
4616.69676 17.602 0.021
4617.80798 17.508 0.026
4618.73847 17.465 0.020
4622.67546 17.608 0.023
4623.75546 17.605 0.023
4624.69074 17.463 0.021
4625.67580 17.628 0.027
4626.72588 17.670 0.030
4627.65497 17.440 0.016
4628.64928 17.594 0.022
4629.71441 17.552 0.020
4630.65127 17.447 0.021
4631.67278 17.492 0.017
4632.67270 17.605 0.020
4633.72978 17.597 0.023
4639.77515 17.459 0.024
4640.67511 17.424 0.022
4641.83164 17.535 0.028
4642.67356 17.583 0.022
4643.63952 17.447 0.019
4644.70659 17.437 0.019
4645.63808 17.532 0.020
4646.60986 17.478 0.015
4647.62024 17.556 0.019
4649.61438 17.432 0.021
4650.64274 17.456 0.018
4651.65765 17.548 0.020
4652.58677 17.415 0.019
4653.58067 17.564 0.024
4654.61984 17.615 0.021
4655.58406 17.438 0.022
4656.58712 17.485 0.018
4658.74447 17.438 0.022
4660.69404 17.403 0.022
4661.57661 17.464 0.019
4665.73837 17.427 0.027
4666.64378 17.465 0.023
4670.70855 17.507 0.024
4671.63320 17.605 0.021
4672.59289 17.436 0.017
4674.59929 17.635 0.027
4677.57187 17.557 0.021
4681.58745 17.504 0.020
4682.60467 17.444 0.018
4683.60166 17.494 0.025
4684.61967 17.672 0.024
4685.58734 17.476 0.020
4686.71616 17.713 0.028
4687.63462 17.507 0.023
4688.58075 17.456 0.022
4694.65604 17.480 0.032
4697.58202 17.573 0.024
4698.60821 17.534 0.021
4700.60327 17.551 0.022
4701.58615 17.485 0.027
4702.60111 17.418 0.020
4703.66836 17.425 0.024
4708.60189 17.483 0.024
4710.63708 17.473 0.021
4716.67380 17.545 0.032
4720.61934 17.466 0.026
4721.58820 17.496 0.030
4724.60022 17.619 0.029
4726.57946 17.520 0.029
4731.62902 17.572 0.026
4738.50494 17.501 0.023
4740.60911 17.545 0.028
4748.57386 17.456 0.029
4755.52763 17.532 0.028
4759.51800 17.563 0.030
4875.85715 17.583 0.027
4878.88743 17.439 0.018
4885.86914 17.551 0.020
4888.82087 17.643 0.026
4892.81653 17.557 0.031
4897.89527 17.584 0.021
4901.83844 17.516 0.019
4903.83781 17.492 0.018
4904.89605 17.491 0.019
4906.88754 17.635 0.023
4910.89406 17.584 0.021
4912.88060 17.503 0.015
4914.86195 17.477 0.017
4925.79503 17.562 0.017
4927.84893 17.444 0.021
4929.81761 17.560 0.021
4930.85098 17.483 0.023
4931.79478 17.626 0.026
4932.75003 17.497 0.022
4933.79834 17.493 0.021
4938.77337 17.599 0.022
4939.79872 17.477 0.020
4941.75280 17.529 0.019
4942.79358 17.483 0.017
4943.78610 17.590 0.031
4950.79875 17.457 0.019
4952.82573 17.645 0.021
4953.79033 17.484 0.019
4954.75216 17.596 0.021
