2106.78026 17.264 0.021
2112.76960 17.272 0.017
2125.65790 17.177 0.026
2128.58569 17.321 0.018
2131.57905 17.289 0.019
2134.68273 17.275 0.024
2138.56286 17.313 0.025
2143.53162 17.174 0.027
2158.53081 17.228 0.016
2162.51615 17.263 0.025
2168.55094 17.094 0.020
2173.50896 17.167 0.027
2180.50755 17.394 0.021
2184.51226 17.248 0.023
2194.56713 17.014 0.018
2321.88481 17.337 0.030
2326.81791 17.194 0.026
2345.82746 17.296 0.017
2350.83153 17.270 0.016
2358.89620 17.249 0.021
2370.82443 17.198 0.022
2381.83168 17.434 0.020
2384.80455 17.302 0.021
2388.86237 17.340 0.021
2391.74839 17.173 0.029
2396.77989 17.296 0.033
2400.70787 17.389 0.026
2402.82485 17.337 0.019
2404.85471 17.400 0.019
2406.93870 17.247 0.030
2415.73554 17.271 0.023
2417.71237 17.312 0.022
2426.69357 17.411 0.021
2431.82123 17.278 0.020
2433.74839 17.362 0.025
2434.82149 17.212 0.019
2436.59600 17.233 0.021
2438.62637 17.316 0.023
2440.60787 17.275 0.021
2442.62486 17.236 0.019
2444.72124 17.221 0.021
2446.68969 17.333 0.021
2453.75290 17.332 0.024
2458.74592 17.193 0.019
2462.73469 17.247 0.016
2463.83533 17.253 0.019
2466.76525 17.400 0.024
2468.48053 17.207 0.023
2470.48356 17.373 0.030
2474.48983 17.244 0.028
2482.63434 17.257 0.022
2485.64437 17.238 0.027
2489.71497 17.229 0.017
2492.66039 17.213 0.019
2494.71403 17.385 0.023
2497.51661 17.224 0.020
2499.55258 17.417 0.022
2501.58020 17.253 0.019
2503.50542 17.342 0.054
2511.56052 17.216 0.030
2517.49740 17.189 0.027
2520.68654 17.282 0.021
2526.54079 17.345 0.021
2537.49089 17.287 0.028
2540.50685 17.319 0.028
2546.51732 17.236 0.022
2550.49868 17.331 0.032
2554.57053 17.146 0.020
2558.50709 17.174 0.026
2565.50776 16.944 0.020
2698.90196 17.228 0.026
2711.88495 17.379 0.022
2721.90666 17.239 0.030
2730.90549 17.290 0.018
2743.78198 17.217 0.018
2748.80063 17.432 0.024
2755.79071 17.350 0.019
2759.78575 17.400 0.023
2765.79887 17.435 0.020
2769.78350 17.430 0.016
2782.72177 17.239 0.020
2784.71460 17.256 0.016
2786.60118 17.213 0.028
2788.71353 17.195 0.016
2790.82740 17.195 0.017
2792.58823 17.157 0.030
2794.62164 17.321 0.023
2796.57636 17.227 0.020
2802.59511 17.258 0.026
2808.64272 17.274 0.020
2810.58105 17.213 0.021
2812.58263 17.405 0.022
2813.82645 17.266 0.020
2815.60495 17.386 0.023
2816.67066 17.260 0.018
2817.78513 17.171 0.023
2818.68034 17.279 0.017
2819.77424 17.453 0.026
2821.67230 17.379 0.024
2826.66316 17.137 0.017
2830.79342 17.253 0.034
2835.49040 17.261 0.029
2837.50936 17.221 0.030
2838.73973 17.187 0.018
2840.51051 17.255 0.024
2842.56842 17.294 0.023
2844.62320 17.396 0.020
2848.56270 17.255 0.028
2851.54910 17.234 0.020
2853.55286 17.257 0.019
2854.74845 17.205 0.024
2857.73549 17.333 0.022
2862.51672 17.258 0.030
2864.51866 17.150 0.026
2867.66791 17.341 0.026
2868.52989 17.206 0.017
2871.49582 17.209 0.019
2875.64878 17.269 0.026
2877.66586 17.283 0.022
2882.55573 17.273 0.025
2889.54259 17.302 0.029
2894.59000 17.195 0.023
2898.64573 17.348 0.028
2903.54844 17.332 0.019
2908.60658 17.125 0.026
2912.55237 17.305 0.021
2926.57593 17.334 0.027
3043.87523 17.270 0.023
3044.87000 17.471 0.031
3055.88602 17.228 0.020
3059.81597 17.206 0.021
3064.83281 17.446 0.033
3068.78667 17.290 0.033
3070.86530 17.297 0.027
3073.82135 17.210 0.020
3075.85943 17.306 0.022
3079.90434 17.201 0.019
3082.88557 17.224 0.017
3085.82195 17.340 0.022
3086.89434 17.209 0.018
3088.80950 17.337 0.017
3089.91548 17.181 0.020
3096.88286 17.124 0.021
3098.90274 17.314 0.015
3099.91610 17.194 0.022
3101.75480 17.222 0.024
3103.78771 17.258 0.020
3104.84635 17.319 0.052
3106.85964 17.191 0.020
3108.77966 17.305 0.017
3109.83912 17.264 0.016
3110.84546 17.201 0.017
3112.83076 17.377 0.020
3114.79535 17.185 0.016
3116.88329 17.175 0.018
3122.92134 17.164 0.020
3125.88189 17.237 0.026
3127.82515 17.186 0.019
3128.83128 17.351 0.019
3130.71248 17.355 0.023
3131.67900 17.330 0.030
3135.91059 17.278 0.020
3138.66487 17.232 0.021
3139.89006 17.189 0.018
3140.88966 17.194 0.019
3142.77864 17.371 0.019
3144.79876 17.185 0.016
3146.82623 17.260 0.021
3151.76159 17.182 0.019
3151.91758 17.297 0.021
3152.76653 17.358 0.024
3153.76987 17.352 0.022
3154.83416 17.114 0.023
3156.87494 17.227 0.018
3162.57922 17.474 0.036
3163.76575 17.462 0.023
3164.74802 17.242 0.018
3164.88104 17.034 0.024
3165.72158 17.194 0.015
3167.60789 17.265 0.024
3168.86976 17.337 0.021
3169.73774 17.314 0.021
3170.82267 17.215 0.016
3171.79398 17.227 0.014
3172.76493 17.278 0.017
3173.86293 17.118 0.023
3174.72171 17.344 0.017
3175.73046 17.226 0.016
3177.77093 17.245 0.023
3179.50589 17.506 0.025
3179.89497 17.179 0.022
3180.73278 17.464 0.016
3182.79740 17.311 0.019
3183.77539 17.415 0.024
3184.71341 17.332 0.018
3184.76006 17.246 0.018
3184.79864 17.155 0.019
3184.82752 17.155 0.018
3184.85443 17.098 0.023
3184.88730 16.992 0.026
3185.49917 17.321 0.028
3185.71694 17.182 0.017
3185.76292 17.202 0.018
3185.85495 17.367 0.022
3191.80364 17.163 0.019
3193.54834 17.248 0.017
3194.55997 17.225 0.026
3195.69152 17.213 0.016
3195.81209 17.316 0.019
3196.61297 17.227 0.020
3197.53588 17.196 0.018
3197.84117 17.146 0.022
3199.63487 17.225 0.018
3202.52917 17.435 0.020
3202.81893 17.223 0.024
3203.67074 17.246 0.016
3204.66518 17.344 0.017
3205.52409 17.278 0.017
3206.72941 17.288 0.021
3209.64937 17.219 0.015
3210.64947 17.188 0.019
3211.61839 17.349 0.022
3217.48513 17.303 0.023
3217.66410 17.307 0.024
3218.66239 17.335 0.027
3219.61860 17.215 0.024
3223.66360 17.165 0.022
3224.70895 17.316 0.021
3226.63327 17.212 0.021
3228.61288 17.431 0.022
3229.64536 17.212 0.018
3230.67889 17.184 0.019
3231.58290 17.244 0.017
3232.61936 17.305 0.025
3238.63117 17.272 0.025
3239.71021 17.121 0.023
3240.48332 17.339 0.022
3241.66605 17.273 0.025
3245.56718 17.255 0.030
3246.67289 17.138 0.026
3247.59206 17.174 0.019
3249.53956 17.334 0.022
3250.67051 17.180 0.022
3253.63600 16.964 0.022
3256.64974 17.070 0.023
3260.55949 17.175 0.024
3265.48997 17.073 0.024
3267.54360 17.322 0.019
3272.59908 17.262 0.022
3275.49567 17.159 0.023
3278.61148 17.148 0.021
3282.49100 17.169 0.017
3288.55734 17.060 0.016
3293.52795 17.434 0.016
3294.56094 17.056 0.015
3295.53828 17.191 0.012
3300.52174 17.262 0.026
3315.51054 16.996 0.027
3416.89546 17.214 0.023
3422.88331 17.196 0.018
3426.87434 17.204 0.018
3429.85943 17.221 0.021
3432.89972 17.228 0.018
3442.90225 17.184 0.016
3445.81525 17.429 0.018
3447.86557 17.300 0.021
3449.88243 17.211 0.016
3452.89960 17.238 0.015
3453.77148 17.287 0.024
3455.84209 17.384 0.026
3456.85319 17.240 0.016
3457.77087 17.235 0.020
3458.81444 17.349 0.020
3459.78901 17.395 0.024
3467.89179 17.269 0.017
3469.80146 17.389 0.017
3470.84155 17.191 0.015
3472.77280 17.362 0.018
3473.86777 17.139 0.020
3474.83904 17.308 0.018
3477.77678 17.186 0.018
3478.89107 17.339 0.019
3480.84305 17.182 0.016
3481.84292 17.322 0.015
3483.78735 17.294 0.017
3496.74120 17.488 0.022
3497.80892 17.145 0.018
3498.93016 17.312 0.017
3499.73764 17.406 0.018
3500.74223 17.348 0.018
3501.83297 17.283 0.014
3502.68854 17.228 0.016
3503.70139 17.311 0.016
3504.71573 17.279 0.017
3506.80114 17.334 0.022
3508.79757 17.266 0.017
3509.70100 17.234 0.019
3511.68771 17.277 0.018
3512.75087 17.279 0.019
3517.79705 17.218 0.016
3520.83232 17.215 0.019
3521.65147 17.424 0.018
3522.76099 17.302 0.017
3523.79633 17.334 0.016
3524.78020 17.212 0.019
3525.76369 17.213 0.016
3526.84903 17.287 0.016
3528.56765 17.347 0.023
3529.78850 17.330 0.016
3530.76880 17.403 0.016
3537.76089 17.295 0.017
3538.69040 17.280 0.015
3539.83142 17.440 0.016
3540.66433 17.305 0.018
3544.73854 17.350 0.021
3546.86242 17.130 0.026
3547.82271 17.131 0.022
3549.78733 17.331 0.017
3550.64914 17.279 0.016
3551.65204 17.347 0.012
3552.68593 17.242 0.016
3553.68867 17.271 0.021
3554.67719 17.314 0.023
3555.70736 17.229 0.018
3555.72351 17.168 0.016
3556.73561 17.233 0.021
3558.57146 17.345 0.019
3558.84875 17.200 0.018
3559.66729 17.198 0.018
3560.62046 17.221 0.016
3561.56019 17.204 0.017
3561.82730 17.084 0.019
3562.60486 17.330 0.022
3562.82770 17.337 0.021
3563.65430 17.199 0.015
3564.54793 17.232 0.020
3569.60663 17.273 0.021
3573.67263 17.235 0.021
3573.70218 17.234 0.019
3574.70317 17.395 0.021
3575.64209 17.445 0.017
3575.78723 17.161 0.020
3576.70452 17.210 0.016
3577.75279 17.295 0.019
3578.68948 17.392 0.017
3579.63480 17.246 0.016
3580.67137 17.232 0.017
3581.68776 17.413 0.018
3582.61353 17.342 0.016
3583.65005 17.208 0.016
3584.65881 17.366 0.017
3584.77394 17.196 0.019
3585.65695 17.342 0.016
3586.68131 17.221 0.014
3588.73942 17.195 0.015
3589.70078 17.219 0.016
3590.69683 17.279 0.017
3592.65329 17.370 0.014
3597.62282 17.204 0.019
3601.67319 17.439 0.021
3602.65675 17.347 0.020
3603.65350 17.209 0.017
3607.65196 17.157 0.018
3608.66789 17.336 0.019
3609.52955 17.323 0.016
3615.59521 17.338 0.016
3618.59874 17.288 0.018
3620.56204 17.325 0.016
3628.56407 17.132 0.019
3630.57805 17.195 0.020
3632.60555 17.407 0.029
3634.50892 17.338 0.018
3639.51472 17.235 0.015
3641.56143 17.094 0.023
3644.52628 17.299 0.017
3648.55482 17.064 0.019
3649.50690 17.192 0.019
3651.56777 16.999 0.024
3654.55742 17.205 0.030
3655.53292 17.166 0.018
3657.52610 17.337 0.021
3659.52789 17.032 0.023
3662.53247 17.098 0.022
3665.48986 17.141 0.026
3671.50583 17.261 0.029
3777.83750 17.329 0.031
3782.87352 17.249 0.017
3784.89381 17.451 0.025
3785.83515 17.328 0.023
3788.87718 17.319 0.021
3791.88740 17.288 0.022
3794.86486 17.330 0.018
3796.85362 17.195 0.017
3797.85652 17.304 0.016
3798.90445 17.370 0.022
3801.82809 17.411 0.021
3803.81708 17.208 0.017
3804.86434 17.419 0.019
3805.90487 17.272 0.018
3807.89317 17.416 0.017
3809.80757 17.349 0.018
3811.88611 17.309 0.018
3813.76642 17.339 0.022
3817.90556 17.352 0.020
3819.76704 17.374 0.017
3820.87121 17.228 0.016
3821.88121 17.439 0.018
3822.78026 17.315 0.020
3823.89321 17.245 0.016
3824.88606 17.353 0.020
3826.89057 17.188 0.016
3828.89292 17.361 0.017
3829.87963 17.225 0.016
3832.88282 17.286 0.018
3833.85747 17.201 0.016
3834.89872 17.331 0.017
3835.84214 17.426 0.018
3836.85457 17.207 0.016
3837.83720 17.204 0.019
3838.84110 17.462 0.022
3839.85318 17.260 0.023
3840.84437 17.199 0.016
3841.82320 17.293 0.018
3845.82872 17.326 0.021
3846.83612 17.274 0.016
3848.85165 17.368 0.020
3849.86494 17.308 0.016
3850.80096 17.200 0.017
3851.80734 17.176 0.020
3852.79581 17.376 0.020
3853.78852 17.322 0.015
3856.77734 17.356 0.020
3858.84117 17.337 0.021
3860.83196 17.112 0.021
3861.84633 17.322 0.016
3862.79030 17.357 0.017
3863.73059 17.440 0.019
3864.79114 17.242 0.015
3865.75548 17.209 0.018
3866.78399 17.442 0.018
3867.72082 17.355 0.022
3868.78755 17.224 0.019
3869.77390 17.437 0.024
3873.77474 17.319 0.017
3874.81889 17.220 0.017
3875.73381 17.216 0.015
3877.76338 17.322 0.016
3880.76061 17.385 0.019
3881.76883 17.223 0.015
3882.70684 17.218 0.017
3883.58944 17.229 0.027
3883.59628 17.200 0.023
3883.60536 17.192 0.021
3883.62891 17.212 0.021
3883.69082 17.310 0.017
3883.74834 17.467 0.018
3883.75729 17.439 0.018
3883.79975 17.385 0.021
3883.82597 17.368 0.018
3883.83568 17.266 0.016
3883.84694 17.269 0.016
3883.86625 17.244 0.015
3883.87357 17.210 0.016
3883.87939 17.175 0.016
3883.88506 17.167 0.016
3883.89102 17.170 0.016
3883.89660 17.178 0.015
3883.90232 17.175 0.016
3883.90820 17.177 0.016
3883.91384 17.163 0.017
3883.91943 17.171 0.016
3883.92503 17.170 0.018
3883.93084 17.139 0.017
3883.93363 17.149 0.017
3883.93643 17.158 0.017
3883.93922 17.233 0.017
3883.94200 17.214 0.018
3883.94477 17.179 0.020
3883.94787 17.169 0.025
3884.73281 17.314 0.013
3884.74157 17.230 0.015
3884.74456 17.253 0.016
3884.74763 17.245 0.015
3884.75070 17.276 0.014
3884.75830 17.191 0.013
3884.76477 17.242 0.014
3884.76791 17.272 0.014
3884.77974 17.201 0.016
3886.56103 17.314 0.024
3886.57950 17.230 0.020
3886.59682 17.202 0.018
3886.62317 17.166 0.016
3886.63765 17.184 0.016
3886.66694 17.236 0.016
3886.69329 17.226 0.015
3886.71920 17.318 0.017
3886.73990 17.376 0.019
3886.76296 17.418 0.018
3886.78968 17.440 0.018
3886.83882 17.384 0.016
3886.91068 17.198 0.017
3886.93677 17.135 0.018
3887.56678 17.204 0.020
3887.64214 17.298 0.017
3887.70219 17.335 0.016
3887.74260 17.324 0.018
3887.76892 17.343 0.016
3887.82178 17.186 0.016
3887.87251 17.184 0.017
3888.58208 17.432 0.024
3888.90270 17.333 0.016
3888.91571 17.300 0.020
3888.92264 17.318 0.021
3889.62948 17.195 0.020
3889.86372 17.404 0.017
3890.56329 17.193 0.023
3891.58945 17.357 0.024
3892.86707 17.309 0.019
3893.74900 17.255 0.023
3894.78876 17.173 0.019
3896.74014 17.320 0.021
3900.63988 17.230 0.026
3901.65177 17.337 0.021
3902.66959 17.208 0.017
3903.79892 17.320 0.022
3904.64932 17.346 0.017
3905.65630 17.353 0.016
3906.63794 17.207 0.016
3907.70330 17.341 0.025
3908.63752 17.452 0.017
3909.64190 17.240 0.016
3912.64224 17.287 0.014
3913.63981 17.213 0.015
3914.67301 17.406 0.018
3915.63673 17.341 0.018
3916.71839 17.166 0.016
3917.73123 17.393 0.019
3918.73558 17.207 0.018
3919.66542 17.166 0.022
3920.61758 17.230 0.016
3921.63105 17.304 0.024
3930.69324 17.278 0.017
3931.61243 17.349 0.019
3931.80089 17.094 0.023
3932.63987 17.326 0.016
3933.61957 17.232 0.014
3934.59018 17.216 0.016
3935.66742 17.289 0.019
3936.61901 17.317 0.018
3936.80731 17.249 0.024
3937.73578 17.357 0.026
3937.74464 17.410 0.027
3937.77814 17.304 0.028
3938.46599 17.227 0.030
3938.49189 17.226 0.022
3938.59663 17.253 0.019
3938.64567 17.277 0.019
3938.71642 17.263 0.020
3939.52472 17.429 0.020
3940.57106 17.242 0.016
3940.64398 17.184 0.014
3940.74129 17.412 0.016
3940.80557 17.335 0.018
3941.65519 17.258 0.024
3942.51790 17.241 0.023
3944.49833 17.290 0.016
3944.60548 17.219 0.015
3944.68165 17.341 0.016
3944.77182 17.316 0.020
3945.46656 17.180 0.023
3945.55084 17.240 0.017
3945.63013 17.446 0.020
3945.73556 17.195 0.020
3945.79709 17.168 0.023
3946.47008 17.229 0.024
3946.62374 17.227 0.017
3946.78840 17.324 0.025
3946.79701 17.376 0.024
3950.47333 17.441 0.025
3950.64024 17.146 0.015
3950.77888 17.239 0.020
3951.65657 17.393 0.023
3957.63513 17.173 0.020
3958.68345 17.279 0.021
3959.61371 17.413 0.020
3960.60693 17.237 0.014
3963.57498 17.311 0.017
3964.63821 17.202 0.016
3965.62002 17.454 0.017
3966.61487 17.317 0.016
3967.64128 17.150 0.016
3968.59746 17.235 0.017
3969.60508 17.363 0.018
3970.57501 17.261 0.018
3970.61797 17.158 0.016
3970.70484 17.194 0.017
3971.64798 17.224 0.019
3973.67755 17.161 0.018
3974.61222 17.193 0.016
3975.60760 17.329 0.017
3976.60159 17.355 0.019
3979.62995 17.229 0.035
3982.65884 17.396 0.025
3987.59787 17.226 0.017
3988.63112 17.324 0.017
3990.59899 17.229 0.020
3994.54892 17.124 0.021
3996.52469 17.270 0.023
4000.61029 17.059 0.021
4002.60422 17.415 0.019
4003.55869 17.378 0.016
4005.65452 17.405 0.026
4011.53753 17.222 0.022
4015.56685 17.142 0.023
4017.54457 17.342 0.021
4019.54624 17.134 0.019
4021.54903 17.155 0.022
4024.57851 17.197 0.021
4027.49473 17.369 0.026
4029.53272 17.102 0.019
4150.86671 17.250 0.022
4155.83901 17.349 0.024
4157.89420 17.397 0.021
4159.90431 17.166 0.021
4162.85154 17.331 0.025
4164.89141 17.353 0.020
4166.90739 17.166 0.027
4167.81898 17.166 0.022
4167.84437 17.198 0.021
4167.86879 17.246 0.022
4167.89040 17.287 0.020
4167.91042 17.348 0.026
4168.79385 17.385 0.027
4168.80382 17.401 0.025
4168.83087 17.440 0.027
4168.85320 17.456 0.027
4168.86861 17.467 0.025
4168.88867 17.428 0.024
4168.90996 17.372 0.028
4169.78995 17.360 0.026
4169.81094 17.350 0.022
4169.82608 17.311 0.021
4169.84061 17.248 0.019
4169.86782 17.217 0.017
4169.89378 17.174 0.016
4170.79032 17.204 0.032
4170.81946 17.188 0.019
4170.84674 17.176 0.019
4170.88450 17.216 0.018
4174.78368 17.186 0.021
4174.82640 17.249 0.022
4174.84065 17.269 0.021
4174.89624 17.424 0.022
4174.90847 17.457 0.022
4175.86041 17.287 0.020
4176.82234 17.276 0.020
4176.89274 17.188 0.017
4177.87602 17.271 0.021
4179.77380 17.463 0.025
4180.82053 17.175 0.021
4181.90869 17.361 0.018
4183.78767 17.264 0.019
4184.75631 17.212 0.020
4184.85573 17.255 0.016
4185.83510 17.364 0.024
4190.85346 17.183 0.021
4192.86576 17.313 0.020
4193.87673 17.191 0.019
4194.89830 17.421 0.021
4196.91862 17.174 0.019
4202.86806 17.421 0.019
4203.85621 17.206 0.016
4204.85536 17.225 0.017
4205.85190 17.441 0.020
4207.85552 17.199 0.016
4208.88517 17.437 0.021
4212.93324 17.193 0.028
4213.85325 17.217 0.016
4215.89081 17.332 0.021
4216.81166 17.400 0.022
4217.83396 17.198 0.015
4218.87472 17.301 0.021
4219.91573 17.136 0.025
4220.85314 17.165 0.020
4222.82249 17.412 0.020
4228.81046 17.250 0.025
4229.78929 17.310 0.023
4230.77626 17.399 0.017
4231.79836 17.196 0.017
4232.80659 17.258 0.027
4234.75080 17.228 0.019
4235.77564 17.206 0.017
4237.76399 17.203 0.022
4238.79872 17.185 0.020
4239.85857 17.318 0.030
4243.69322 17.233 0.020
4244.85505 17.192 0.021
4245.84828 17.380 0.020
4246.90304 17.204 0.020
4250.86887 17.138 0.025
4256.71392 17.183 0.025
4258.71146 17.271 0.019
4268.61493 17.251 0.022
4269.65505 17.228 0.018
4272.70567 17.202 0.019
4273.66574 17.173 0.018
4274.64946 17.315 0.022
4275.70633 17.251 0.020
4277.60540 17.162 0.020
4278.67968 17.348 0.026
4283.62502 17.222 0.020
4284.60890 17.256 0.022
4285.61564 17.295 0.026
4286.70454 17.177 0.018
4289.65419 17.205 0.022
4290.68358 17.100 0.025
4290.70555 17.258 0.025
4291.73318 17.313 0.022
4292.59423 17.459 0.021
4293.62172 17.210 0.016
4294.59347 17.198 0.020
4295.62284 17.431 0.021
4296.60229 17.288 0.016
4297.59607 17.190 0.016
4298.70561 17.390 0.022
4299.67259 17.257 0.018
4300.79742 17.309 0.023
4301.47492 17.222 0.021
4302.75402 17.146 0.019
4307.58533 17.169 0.016
4310.73879 17.301 0.034
4312.63484 17.556 0.026
4315.66871 17.276 0.030
4319.62996 17.333 0.023
4320.73136 17.150 0.023
4326.64091 17.264 0.021
4327.66857 17.087 0.024
4328.60962 17.237 0.019
4328.74201 17.260 0.027
4329.60105 17.389 0.027
4330.58313 17.251 0.020
4331.60960 17.166 0.021
4332.60698 17.403 0.023
4333.61005 17.240 0.023
4334.60430 17.160 0.029
4338.64423 17.351 0.025
4339.61325 17.219 0.029
4340.52482 17.321 0.030
4341.61165 17.122 0.024
4342.64789 17.273 0.024
4343.62724 17.284 0.020
4344.67669 17.245 0.022
4345.62705 17.289 0.025
4346.63236 17.388 0.026
4347.64637 17.202 0.020
4349.61817 17.388 0.022
4351.61683 17.102 0.023
4353.63997 17.157 0.029
4357.62826 17.172 0.022
4359.59941 17.276 0.028
4367.59850 17.203 0.027
4370.59750 17.296 0.022
4372.56950 17.234 0.020
4380.57926 17.365 0.022
4515.87471 17.366 0.027
4519.84627 17.173 0.026
4520.83843 17.167 0.025
4522.90202 17.206 0.024
4524.88812 17.429 0.023
4530.87763 17.251 0.016
4534.81929 17.194 0.028
4536.82398 17.263 0.025
4537.91170 17.293 0.022
4538.84238 17.379 0.023
4540.87224 17.184 0.017
4542.89857 17.222 0.017
4543.86001 17.212 0.016
4544.85680 17.280 0.016
4545.87435 17.336 0.020
4546.90529 17.191 0.016
4550.84812 17.186 0.019
4551.90591 17.358 0.023
4552.90288 17.263 0.025
4556.86719 17.227 0.017
4557.89322 17.249 0.016
4558.82831 17.371 0.018
4559.85748 17.312 0.017
4560.85793 17.170 0.016
4561.84681 17.313 0.016
4564.85097 17.226 0.016
4565.83988 17.337 0.016
4566.84194 17.317 0.017
4567.84623 17.198 0.016
4568.87623 17.351 0.019
4569.86213 17.369 0.019
4570.86745 17.172 0.016
4571.83292 17.200 0.017
4572.87071 17.255 0.028
4573.84647 17.240 0.016
4574.84863 17.218 0.019
4575.86031 17.479 0.022
4579.91262 17.218 0.020
4583.82492 17.323 0.023
4586.81292 17.374 0.028
4587.85069 17.179 0.019
4588.73900 17.225 0.018
4589.77276 17.360 0.023
4590.78715 17.324 0.020
4591.76439 17.233 0.017
4592.77653 17.308 0.020
4593.76196 17.362 0.022
4594.79028 17.218 0.016
4595.78081 17.243 0.017
4596.80134 17.303 0.021
4597.79858 17.280 0.019
4598.76791 17.208 0.016
4599.74737 17.247 0.017
4600.75294 17.418 0.017
4601.75755 17.249 0.016
4602.75510 17.206 0.016
4606.77581 17.445 0.020
4610.87800 17.184 0.017
4611.73919 17.252 0.018
4611.92575 17.339 0.022
4616.72800 17.244 0.016
4617.89594 17.129 0.024
4622.70780 17.111 0.022
4623.78761 17.394 0.025
4624.72643 17.361 0.021
4625.70776 17.220 0.022
4626.75504 17.126 0.025
4627.68705 17.306 0.016
4628.67725 17.447 0.019
4629.74294 17.201 0.016
4630.68276 17.266 0.017
4631.70107 17.405 0.017
4632.71568 17.219 0.016
4633.86362 17.236 0.024
4639.80414 17.164 0.025
4640.77967 17.386 0.023
4641.86490 17.171 0.025
4642.70257 17.249 0.018
4643.66866 17.152 0.018
4644.75175 17.370 0.022
4645.67048 17.406 0.022
4646.63815 17.247 0.015
4647.64915 17.226 0.016
4648.65043 17.409 0.019
4648.75987 17.228 0.018
4649.64348 17.291 0.018
4650.67491 17.178 0.018
4651.68577 17.424 0.022
4652.61465 17.340 0.020
4652.67789 17.264 0.019
4652.75871 17.173 0.018
4652.78212 17.183 0.018
4652.81059 17.200 0.020
4653.60852 17.214 0.019
4654.64770 17.258 0.018
4655.61195 17.341 0.019
4656.61512 17.335 0.020
4658.77240 17.175 0.023
4660.72205 17.214 0.026
4661.60456 17.192 0.016
4666.53730 17.297 0.022
4671.66119 17.351 0.021
4672.62070 17.315 0.018
4674.64882 17.215 0.021
4677.67352 17.196 0.023
4681.67682 17.282 0.021
4682.63252 17.439 0.024
4683.63039 17.239 0.021
4684.64893 17.160 0.019
4685.67505 17.406 0.020
4686.74757 17.176 0.018
4687.66308 17.147 0.019
4688.60926 17.252 0.019
4694.69330 17.190 0.025
4697.61456 17.208 0.026
4698.63615 17.242 0.022
4700.63135 17.180 0.023
4701.61428 17.122 0.019
4702.62907 17.366 0.025
4704.69029 17.181 0.021
4708.65070 17.309 0.022
4710.66864 17.127 0.021
4720.58179 17.337 0.024
4721.61639 17.082 0.026
4724.63407 17.159 0.022
4725.65004 17.183 0.029
4726.61028 17.010 0.021
4733.57448 17.168 0.025
4738.53458 17.160 0.022
4741.61665 17.159 0.019
4755.55573 17.005 0.023
4763.49669 17.063 0.024
4876.87098 17.214 0.020
4883.85675 17.197 0.020
4885.89699 17.347 0.022
4888.85125 17.419 0.023
4892.84531 17.290 0.025
4898.81559 17.246 0.022
4901.81844 17.240 0.019
4902.90731 17.239 0.017
4903.86580 17.205 0.017
4905.86221 17.380 0.028
4912.84701 17.333 0.016
4914.89306 17.332 0.019
4924.74311 17.302 0.017
4925.86083 17.420 0.020
4928.75107 17.183 0.018
4930.79514 17.329 0.021
4931.83961 17.232 0.019
4932.84811 17.334 0.020
4933.84303 17.245 0.018
4934.89883 17.330 0.030
4938.82292 17.263 0.026
4940.76441 17.335 0.020
4941.80016 17.209 0.020
4942.74322 17.225 0.016
4944.74556 17.298 0.019
4945.79864 17.274 0.016
4950.85842 17.225 0.018
4952.85194 17.372 0.020
4953.83780 17.371 0.026
4954.80745 17.238 0.018
4955.79884 17.177 0.019
