2127.55832 17.174 0.026
2130.58201 17.032 0.016
2133.59213 17.071 0.018
2136.71323 17.039 0.022
2141.70381 17.047 0.023
2169.60852 17.073 0.021
2179.56716 17.209 0.040
2189.57685 17.107 0.022
2190.49852 17.053 0.019
2215.51063 17.119 0.029
2337.89014 17.070 0.016
2353.84230 17.031 0.019
2363.82011 17.042 0.020
2373.85594 17.034 0.018
2464.82042 17.100 0.018
2816.71372 17.107 0.019
2852.66894 17.032 0.019
3066.80087 17.044 0.023
3068.86139 17.086 0.018
3072.78053 17.113 0.020
3075.91245 17.063 0.020
3077.83323 17.045 0.035
3081.81537 17.021 0.015
3084.79325 17.040 0.016
3086.85461 17.032 0.014
3088.84399 17.055 0.014
3090.75669 17.065 0.016
3091.90718 17.047 0.015
3097.85541 17.059 0.015
3099.82903 17.007 0.020
3101.85456 17.024 0.019
3102.92334 17.031 0.017
3104.80620 17.074 0.027
3107.80952 17.101 0.018
3108.85927 17.055 0.015
3112.90898 17.008 0.015
3114.89552 17.016 0.016
3115.90738 17.072 0.015
3116.81875 17.011 0.015
3124.83663 17.009 0.019
3126.71905 17.087 0.016
3127.92030 17.043 0.016
3128.90955 17.068 0.018
3130.78731 17.043 0.019
3131.73085 17.111 0.021
3135.74319 17.012 0.014
3138.74473 17.006 0.015
3140.72016 17.015 0.015
3141.78195 17.039 0.015
3142.85607 17.079 0.016
3144.87405 17.057 0.016
3147.69335 17.050 0.017
3151.85024 17.004 0.017
3152.84750 17.082 0.018
3153.85068 17.040 0.019
3156.90353 17.046 0.018
3162.61725 17.029 0.019
3163.87256 17.015 0.018
3164.83561 17.067 0.016
3165.61765 17.058 0.015
3168.77193 17.024 0.015
3169.87763 17.065 0.020
3170.90695 17.112 0.019
3171.74886 17.056 0.014
3171.92600 17.022 0.017
3173.78622 17.027 0.016
3174.79939 17.094 0.017
3175.90862 17.076 0.019
3177.85598 17.133 0.026
3178.57407 17.106 0.022
3179.81314 17.089 0.017
3180.82033 17.059 0.014
3182.87749 17.114 0.017
3183.84833 17.021 0.019
3184.79194 17.092 0.017
3185.58800 17.085 0.016
3193.64547 17.111 0.016
3194.49166 17.113 0.024
3194.83238 17.090 0.017
3195.76568 17.027 0.014
3195.84088 17.048 0.017
3196.56953 17.037 0.020
3197.82006 17.078 0.021
3201.56022 17.009 0.014
3201.57663 17.046 0.014
3202.80133 17.073 0.019
3203.81063 17.018 0.015
3204.81102 17.179 0.025
3206.68922 17.090 0.015
3210.74267 17.018 0.016
3211.77497 17.103 0.020
3217.74844 17.060 0.020
3224.51126 17.081 0.016
3229.69573 17.033 0.018
3231.68797 17.101 0.020
3239.49285 17.089 0.015
3245.67092 17.089 0.019
3247.53293 17.116 0.017
3249.65292 17.012 0.018
3254.63191 16.999 0.018
3257.57194 17.074 0.015
3261.50463 17.048 0.018
3265.56626 17.095 0.016
3267.62389 17.091 0.015
3273.52786 17.043 0.022
3277.48829 17.074 0.020
3280.48727 17.035 0.018
3283.49562 17.048 0.017
3289.54922 17.066 0.017
3294.54408 17.124 0.019
3296.49239 17.124 0.023
3419.86234 17.036 0.015
3424.86592 17.000 0.016
3427.88512 17.022 0.015
3430.85111 17.043 0.014
3436.89584 17.072 0.019
3443.86801 17.112 0.013
3445.89551 17.072 0.012
3448.80213 17.061 0.017
3450.81966 17.110 0.013
3453.86293 17.111 0.015
3457.90792 17.010 0.016
3458.89798 17.108 0.015
3468.89665 17.106 0.014
3469.92336 17.061 0.015
3472.88932 17.019 0.013
3474.81796 17.044 0.016
3476.91473 17.110 0.015
3479.84152 17.012 0.012
3481.81844 17.009 0.012
3484.76762 17.088 0.020
3500.93739 17.090 0.017
3508.93161 17.081 0.020
3511.94341 17.088 0.019
3520.69149 16.994 0.019
3521.93307 17.115 0.017
3522.83825 17.076 0.017
3523.86513 17.085 0.016
3528.86091 17.050 0.017
3530.91860 17.050 0.013
3538.88396 17.092 0.020
3544.85551 17.061 0.018
3547.87413 17.115 0.020
3550.85715 17.056 0.016
3551.86304 17.065 0.020
3553.82214 17.009 0.020
3554.87363 17.073 0.021
3556.78254 17.032 0.017
3558.75560 17.001 0.014
3560.50166 17.136 0.017
3560.56479 17.099 0.015
3560.67439 17.017 0.013
3560.73042 17.032 0.014
3560.83072 17.062 0.016
3561.47265 17.037 0.020
3561.63460 17.122 0.014
3561.80981 17.051 0.013
3562.47195 17.073 0.019
3562.68981 17.056 0.014
3562.80122 17.089 0.016
3563.48515 17.091 0.018
3563.67512 17.106 0.015
3563.75788 17.038 0.016
3563.78550 17.009 0.016
3564.79298 17.117 0.018
3568.81167 17.036 0.020
3569.49570 16.996 0.020
3574.78099 17.066 0.020
3575.72329 17.045 0.014
3579.71266 17.097 0.014
3581.77761 17.054 0.015
3582.71143 17.031 0.016
3583.72927 17.074 0.016
3584.73329 17.104 0.015
3585.74174 17.002 0.014
3618.68308 17.095 0.018
3631.59242 17.049 0.018
3635.57013 17.120 0.014
3643.51993 17.029 0.019
3644.61969 17.038 0.018
3649.56956 17.066 0.015
3650.60208 17.145 0.024
3652.57522 17.091 0.022
3778.86458 17.063 0.020
