2127.53364 17.275 0.017
2130.56632 17.451 0.015
2133.57596 17.285 0.013
2136.69727 17.253 0.014
2141.68722 17.186 0.019
2172.57758 17.104 0.015
2189.56217 17.217 0.019
2214.54421 17.052 0.020
2337.87389 17.269 0.012
2352.89601 17.242 0.017
2361.88988 17.292 0.015
2373.84069 17.303 0.016
2384.85605 17.281 0.014
2388.87507 17.320 0.014
2390.89396 17.287 0.014
2397.68755 17.311 0.015
2401.87531 17.254 0.013
2404.69065 17.347 0.014
2406.83879 17.321 0.015
2416.81600 17.252 0.013
2428.89883 17.317 0.017
2433.62447 17.290 0.017
2434.91313 17.261 0.017
2436.90032 17.285 0.017
2438.84946 17.318 0.015
2440.87360 17.239 0.016
2441.80114 17.257 0.012
2444.86621 17.288 0.018
2445.72144 17.315 0.012
2448.76830 17.278 0.020
2454.68315 17.538 0.018
2460.69128 17.255 0.015
2463.63432 17.325 0.013
2466.54618 17.288 0.014
2468.79564 17.307 0.015
2470.77921 17.272 0.015
2484.70763 17.185 0.017
2487.65796 17.263 0.017
2491.53722 17.260 0.019
2496.57406 17.299 0.011
2498.61486 17.313 0.011
2500.63833 17.396 0.014
2502.65642 17.243 0.018
2510.55593 17.295 0.017
2516.70972 17.240 0.020
2518.69431 17.189 0.017
2521.68582 17.253 0.015
2529.54050 17.528 0.019
2538.59033 17.313 0.016
2543.48917 17.274 0.014
2548.54434 17.208 0.016
2552.58032 17.300 0.015
2557.54397 17.258 0.014
2564.54446 17.320 0.018
2584.51227 17.254 0.019
2709.86531 17.245 0.011
2719.89843 17.288 0.013
2730.80905 17.322 0.012
2734.89689 17.258 0.013
2747.78028 17.292 0.019
2754.79127 17.290 0.014
2757.87432 17.286 0.018
2763.82379 17.330 0.014
2767.90350 17.232 0.019
2775.84593 17.263 0.019
2783.89943 17.274 0.013
2785.72302 17.263 0.014
2787.82148 17.178 0.013
2790.65317 17.270 0.011
2793.71539 17.298 0.014
2795.68089 17.550 0.015
2797.68616 17.300 0.012
2809.81195 17.273 0.015
2811.72889 17.276 0.016
2812.85632 17.313 0.014
2814.79412 17.241 0.013
2816.68384 17.268 0.013
2818.69258 17.267 0.013
2819.83104 17.269 0.016
2821.74581 17.268 0.015
2829.82096 17.264 0.017
2835.72185 17.311 0.015
2837.73555 17.256 0.018
2839.79584 17.249 0.014
2841.81871 17.310 0.016
2843.74303 17.285 0.013
2845.72876 17.274 0.013
2850.67507 17.287 0.013
2852.63603 17.212 0.019
2854.63636 17.222 0.016
2857.54033 17.337 0.015
2862.73379 17.223 0.018
2865.60421 17.323 0.014
2868.63972 17.264 0.013
2871.72374 17.268 0.014
2877.48896 17.226 0.014
2879.68993 17.158 0.018
2885.54481 17.209 0.016
2894.56026 17.243 0.014
2898.56848 17.293 0.017
2904.62546 17.087 0.014
2910.55791 17.200 0.015
2929.56948 17.201 0.019
3052.90013 17.285 0.022
