2128.71010 18.293 0.029
2131.62790 18.559 0.037
2135.59913 18.339 0.022
2140.58201 18.755 0.039
2143.68433 18.289 0.024
2162.65457 18.451 0.040
2170.56117 18.587 0.034
2173.63474 18.296 0.026
2183.57876 18.258 0.041
2185.51280 18.792 0.051
2200.53611 18.492 0.045
2328.84981 18.326 0.030
2344.90327 18.395 0.030
2351.86520 18.319 0.025
2360.87468 18.333 0.027
2371.84852 18.483 0.030
2381.85587 18.350 0.026
2385.87638 18.445 0.028
2389.88688 18.315 0.026
2391.77342 18.390 0.050
2400.76250 18.297 0.029
2400.79001 18.466 0.030
2402.87506 18.820 0.044
2404.92563 18.681 0.037
2406.91247 18.325 0.028
2414.84735 18.633 0.035
2416.73556 18.759 0.046
2424.79136 18.677 0.039
2428.82151 18.292 0.026
2431.75338 18.494 0.033
2433.72690 18.380 0.032
2435.67983 18.489 0.030
2437.74194 18.522 0.037
2439.67844 18.294 0.022
2441.65195 18.646 0.028
2444.65616 18.536 0.038
2446.75080 18.368 0.029
2452.66102 18.649 0.050
2458.79708 18.380 0.032
2462.65700 18.384 0.023
2464.61538 18.401 0.025
2467.50824 18.528 0.033
2469.51795 18.631 0.030
2471.75355 18.576 0.026
2473.50619 18.434 0.042
2483.58639 18.721 0.041
2486.56526 18.607 0.036
2490.53748 18.523 0.037
2492.77631 18.551 0.050
2495.56811 18.702 0.040
2497.62620 18.802 0.035
2499.67230 18.732 0.033
2501.69051 18.430 0.029
2508.50905 18.523 0.038
2511.68604 18.565 0.045
2518.60256 18.759 0.043
2521.61612 18.522 0.030
2535.54564 18.253 0.033
2541.52105 18.357 0.026
2546.56304 18.372 0.033
2555.57070 18.378 0.040
2562.52364 18.306 0.041
2573.55423 18.445 0.054
2713.84684 18.657 0.041
2727.88908 18.733 0.034
2732.90707 18.347 0.029
2743.89441 18.337 0.024
2752.80791 18.713 0.043
2755.91719 18.307 0.025
2759.90883 18.786 0.041
2765.93571 18.445 0.043
2770.66478 18.301 0.036
2782.90560 18.413 0.043
2784.88541 18.345 0.030
2786.73754 18.388 0.042
2789.60893 18.328 0.027
2791.56994 18.727 0.045
2794.72726 18.662 0.041
2796.67005 18.378 0.024
2802.72168 18.398 0.042
2808.76653 18.806 0.062
2810.70048 18.251 0.031
2812.66622 18.397 0.030
2813.75460 18.327 0.036
2815.69077 18.696 0.031
2816.82602 18.629 0.036
2817.83536 18.341 0.034
2819.62933 18.839 0.043
2821.59956 18.279 0.035
2830.63873 18.326 0.052
2835.56660 18.705 0.062
2836.79797 18.376 0.050
2838.69121 18.409 0.029
2840.66695 18.360 0.025
2842.73047 18.300 0.024
2844.73013 18.721 0.030
2849.62327 18.586 0.040
2851.65961 18.688 0.036
2853.66909 18.468 0.026
2856.54450 18.648 0.041
2858.52176 18.412 0.030
2860.67517 18.504 0.059
2863.66893 18.504 0.045
2867.62846 18.354 0.026
2870.70657 18.390 0.036
2876.68194 18.374 0.029
2879.62674 18.337 0.027
2882.58009 18.572 0.030
2893.68992 18.296 0.032
2896.56026 18.531 0.032
2907.51664 18.289 0.036
2925.55423 18.406 0.034
2935.57241 18.463 0.049
3049.86676 18.387 0.029
4686.64773 18.524 0.030
