2072.60108 19.116 0.127
2072.61102 19.115 0.100
2072.62234 19.001 0.096
2072.63095 18.999 0.094
2072.63958 19.101 0.095
2072.65503 19.041 0.091
2072.66365 18.994 0.086
2072.67231 19.064 0.085
2072.68095 18.987 0.085
2072.68960 19.083 0.103
2072.69825 19.104 0.102
2072.72835 19.073 0.081
2072.73697 19.022 0.080
2072.74556 19.116 0.082
2072.75421 19.207 0.108
2072.76281 19.240 0.109
2072.77143 19.457 0.128
2072.78046 19.341 0.116
2072.78907 19.655 0.156
2072.79767 19.573 0.136
2072.80629 19.607 0.147
2072.81493 20.123 0.258
2072.82353 19.888 0.202
2072.83306 19.922 0.219
2072.84195 19.950 0.228
2072.85106 19.349 0.147
2072.86194 19.678 0.187
2072.87052 19.733 0.197
2072.87913 19.441 0.179
2072.89329 19.272 0.177
2072.90189 19.205 0.152
2072.91045 19.097 0.146
2073.58234 19.114 0.123
2073.59771 18.963 0.094
2073.60632 19.166 0.105
2073.61491 19.138 0.098
2073.62354 18.918 0.081
2073.63217 19.050 0.090
2073.64077 19.150 0.102
2073.64955 19.123 0.104
2073.65819 19.101 0.094
2073.66871 19.038 0.078
2073.67766 18.861 0.073
2073.68629 19.072 0.087
2073.69492 18.994 0.086
2073.70352 19.132 0.085
2073.71219 19.040 0.081
2073.72082 19.034 0.081
2073.73028 19.220 0.119
2073.73886 18.899 0.076
2073.74743 18.998 0.080
2073.75603 19.067 0.082
2073.76461 18.964 0.068
2073.77321 19.013 0.080
2073.78648 19.100 0.087
2073.80914 19.001 0.096
2073.82494 19.000 0.091
2073.83397 19.140 0.126
2073.84915 19.288 0.127
2073.85774 19.162 0.108
2073.86633 19.110 0.107
2073.87493 19.173 0.127
2073.88353 19.269 0.140
2073.89703 19.112 0.138
2073.90560 19.152 0.130
2074.57630 19.245 0.108
2074.58493 19.477 0.134
2074.59355 19.283 0.133
2074.60217 19.137 0.108
2074.61079 19.210 0.113
2074.61943 19.016 0.098
2074.63716 19.225 0.152
2074.64576 19.130 0.129
2074.65436 19.142 0.112
2074.66303 19.000 0.108
2074.67166 19.156 0.097
2074.68051 19.157 0.102
2074.70288 19.208 0.105
2074.71152 19.080 0.087
2074.72012 19.125 0.092
2074.73135 19.142 0.097
2074.73992 19.114 0.094
2074.76370 19.130 0.096
2074.77232 19.095 0.099
2074.78091 19.042 0.108
2074.78951 19.088 0.120
2074.79938 19.140 0.105
2074.80798 19.221 0.107
2074.81682 18.926 0.086
2074.82543 18.895 0.083
2074.83403 19.051 0.092
2074.84266 18.988 0.073
2074.85130 19.057 0.083
2074.85987 19.093 0.078
2074.86892 19.153 0.091
2074.87746 19.054 0.113
2074.88606 19.200 0.110
2074.89472 19.034 0.096
2074.90334 19.134 0.103
2075.61108 18.933 0.105
2075.61969 19.205 0.124
2075.62828 18.869 0.099
2075.63690 19.056 0.115
2075.64553 19.070 0.112
2075.66516 19.310 0.132
2075.67375 19.346 0.146
2075.68236 19.163 0.102
2075.69099 19.219 0.116
2075.69963 19.264 0.120
2075.70822 19.135 0.110
2075.71725 19.265 0.127
2075.72650 19.280 0.135
2075.73510 19.341 0.144
2075.74367 19.336 0.145
2075.77047 19.269 0.137
2075.77907 19.136 0.120
2075.78765 19.190 0.141
2075.79652 19.060 0.123
2075.80514 19.066 0.110
2075.81375 19.090 0.116
2075.82236 19.052 0.103
2075.83093 19.150 0.113
2075.84358 19.024 0.098
2075.85218 19.049 0.107
2075.86080 19.053 0.113
2075.86939 18.995 0.124
2075.87794 19.071 0.108
2075.88654 19.150 0.132
2075.89544 19.243 0.177
2076.68960 19.129 0.118
2076.69822 19.184 0.127
2076.70684 19.289 0.138
2076.72033 19.103 0.115
2076.73029 19.150 0.146
2076.73910 19.197 0.119
2076.74787 19.150 0.167
2076.75661 19.042 0.115
2076.76539 19.580 0.214
2076.77417 19.099 0.131
2076.79006 19.156 0.111
2076.80142 19.079 0.115
2076.81414 19.316 0.173
2076.82663 19.228 0.125
2076.83536 19.259 0.121
2076.84411 19.155 0.127
2076.85283 19.180 0.117
2076.86160 19.151 0.128
2076.87031 19.274 0.163
2076.87962 19.347 0.159
2076.88836 18.987 0.124
2077.58633 19.145 0.128
2077.60692 19.041 0.103
2077.61760 19.145 0.119
2077.62853 19.048 0.095
2077.63729 19.121 0.088
2077.65017 19.035 0.076
2077.65894 19.074 0.079
2077.66767 19.147 0.080
2077.67639 19.029 0.068
2077.68859 19.020 0.077
2077.69738 19.067 0.075
2077.70615 19.033 0.082
2077.71491 19.101 0.093
2077.72365 19.153 0.092
2077.73240 18.998 0.084
2077.74219 19.326 0.158
2077.75096 19.210 0.121
2077.75976 19.150 0.092
2077.76851 18.970 0.082
2077.77725 19.061 0.097
2077.78938 19.243 0.102
2077.79809 19.066 0.093
2077.80684 19.127 0.088
2077.81563 19.131 0.085
2077.82438 19.102 0.093
2077.83314 19.081 0.107
2077.84225 19.040 0.097
2077.85098 19.042 0.117
2077.85974 19.212 0.140
2077.86848 19.061 0.103
2077.87716 18.986 0.103
2077.88592 19.177 0.129
2077.89489 19.265 0.142
2077.90367 19.198 0.160
2078.59219 20.361 0.347
2078.60094 19.999 0.248
2078.60971 19.997 0.253
2078.61844 20.052 0.262
2078.62721 20.183 0.295
2078.63599 19.786 0.197
2078.65637 19.723 0.144
2078.66510 19.393 0.098
2078.67388 19.239 0.090
2078.68263 19.167 0.103
2078.69140 19.174 0.096
2078.70013 19.097 0.097
2078.70979 19.029 0.087
2078.71872 19.032 0.085
2078.72744 19.167 0.081
2078.73619 19.015 0.084
2078.74492 19.070 0.091
2078.75368 19.006 0.092
2078.76672 19.120 0.100
2078.78557 19.105 0.098
2078.79435 19.138 0.102
2078.80310 19.224 0.114
2078.81185 19.185 0.108
2078.83791 19.041 0.099
2078.84667 18.823 0.093
2078.86497 18.990 0.107
2078.87365 19.079 0.137
2078.88240 19.100 0.130
2079.62222 19.162 0.137
2079.63097 19.038 0.136
2079.63977 18.970 0.102
2079.64852 19.132 0.108
2079.65727 19.001 0.091
2079.66603 19.179 0.112
2079.67583 19.260 0.102
2079.68456 19.377 0.120
2079.69331 19.449 0.141
2079.70202 19.421 0.132
2079.71077 19.592 0.156
2079.73364 19.989 0.218
2079.74242 19.930 0.217
2079.75116 20.271 0.311
2079.75986 20.207 0.259
2079.76862 20.027 0.224
2079.78392 19.683 0.166
2079.79604 19.727 0.185
2079.80478 19.450 0.149
2079.81356 19.503 0.182
2080.55559 19.053 0.075
2080.57005 19.050 0.077
2080.57875 18.944 0.070
2080.58749 19.065 0.074
2080.59620 19.037 0.075
2080.60494 19.007 0.073
2080.61368 19.159 0.097
2080.62838 18.903 0.074
2080.63716 19.069 0.082
2080.64591 19.112 0.085
2080.65470 19.059 0.086
2080.66342 19.120 0.088
2080.67809 19.036 0.079
2080.69972 19.008 0.093
2080.70845 18.988 0.083
2080.71720 19.031 0.085
2080.75097 18.961 0.073
2080.76345 19.174 0.092
2080.77774 19.028 0.080
2080.80314 19.056 0.091
2080.81348 19.149 0.104
2080.82227 19.191 0.127
2080.83101 19.462 0.157
2080.83969 19.342 0.147
2080.84846 19.516 0.195
2080.85724 19.731 0.277
2081.56920 19.013 0.084
2081.57910 19.096 0.088
2081.58783 19.154 0.098
2081.59848 19.125 0.091
2081.61801 19.186 0.103
2081.66077 19.034 0.088
2081.70219 19.057 0.090
2081.71103 19.190 0.103
2081.71987 19.156 0.105
2081.72859 19.224 0.108
2081.73731 18.964 0.087
2081.74607 19.075 0.092
2081.75688 19.120 0.098
2081.76567 19.095 0.097
2081.77442 19.105 0.099
2081.78318 19.134 0.111
2081.80125 19.048 0.102
2081.80999 19.009 0.084
2081.81875 19.133 0.099
2081.83077 19.150 0.109
2081.83952 19.107 0.095
2081.86475 19.216 0.100
2081.86834 19.088 0.091
2081.87962 19.195 0.130
2082.64280 19.295 0.133
2082.68513 19.237 0.110
2082.69589 19.085 0.096
2082.70523 19.158 0.103
2082.71402 19.176 0.108
2082.72649 19.218 0.116
2082.73821 19.191 0.110
2082.74694 19.044 0.095
2082.75565 19.094 0.097
2082.76677 19.171 0.094
2082.78348 19.174 0.097
2082.79222 19.146 0.092
2082.80097 18.961 0.082
2082.80971 19.159 0.099
2082.81847 19.022 0.085
2082.82723 19.187 0.098
2082.83972 19.135 0.099
2082.84849 19.164 0.110
2082.85727 19.133 0.110
2082.86602 19.359 0.141
2082.87479 19.095 0.118
2082.88358 19.068 0.117
2082.89623 19.256 0.149
2085.63080 19.045 0.120
2085.63939 19.396 0.163
2085.64798 19.078 0.118
2085.65662 19.083 0.119
2085.66521 19.282 0.140
2085.67382 19.124 0.114
2085.68505 19.450 0.178
2085.69361 19.279 0.146
2085.70221 19.169 0.144
2085.71082 19.378 0.168
2085.71953 19.170 0.141
2085.72816 19.216 0.146
2085.73794 19.239 0.134
2085.74656 19.229 0.140
2085.75876 19.369 0.158
2085.77536 19.072 0.115
2085.78478 19.253 0.170
2085.79494 19.067 0.117
2085.80353 19.180 0.146
2085.82598 19.065 0.125
2085.83456 19.216 0.124
2085.84315 19.126 0.138
2085.85175 19.344 0.199
2085.86037 19.172 0.179
2086.55481 19.063 0.095
2086.56343 19.197 0.097
2086.57202 18.993 0.077
2086.59175 19.005 0.081
2086.60037 19.218 0.099
2086.60899 19.184 0.091
2086.62829 19.402 0.104
2086.63691 19.444 0.109
2086.64548 19.477 0.113
2086.65410 19.734 0.158
2086.66270 19.772 0.163
2086.67132 19.964 0.176
2086.68306 19.957 0.154
2086.69161 19.927 0.173
2086.70018 19.951 0.179
2086.70878 19.797 0.170
2086.71745 19.921 0.229
2086.73088 19.635 0.174
2086.73953 19.477 0.137
2086.74814 19.136 0.097
2086.75675 19.356 0.119
2086.76535 19.252 0.114
2086.77865 19.095 0.096
2086.78727 18.993 0.094
2086.79592 19.055 0.102
2086.80830 19.106 0.114
2086.81687 19.085 0.115
2086.82549 19.184 0.126
2086.83795 19.019 0.111
2086.84658 19.038 0.124
2086.85519 19.076 0.152
2086.86379 19.263 0.174
2087.56046 18.958 0.073
2087.60209 19.052 0.075
2087.61082 19.014 0.074
2087.61954 19.033 0.079
2087.62827 19.014 0.075
2087.63703 19.195 0.096
2087.64578 19.159 0.090
2087.65476 18.907 0.071
2087.66352 19.015 0.080
2087.67559 19.105 0.088
2087.68432 19.134 0.091
2087.69371 19.142 0.093
2087.71116 19.209 0.093
2087.71993 19.130 0.083
2087.72870 19.065 0.079
2087.73750 19.199 0.088
2087.74628 19.271 0.105
2087.75502 19.007 0.078
2087.76551 19.111 0.080
2087.77426 19.247 0.090
2087.78301 19.192 0.086
2087.79175 19.706 0.145
2087.80049 19.719 0.143
2087.80924 19.938 0.190
2087.81847 19.943 0.190
2087.82720 19.816 0.180
2087.83596 20.059 0.252
2087.84471 20.098 0.252
2087.85346 19.652 0.179
2087.86218 19.199 0.117
2088.55786 18.879 0.092
2088.56977 19.086 0.104
2088.57851 18.937 0.091
2088.58730 19.076 0.097
2088.59609 19.028 0.093
2088.60499 18.997 0.102
2088.61378 19.106 0.098
2088.62254 19.131 0.099
2088.63134 19.051 0.098
2088.64161 19.161 0.097
2088.65041 19.031 0.090
2088.65917 19.080 0.090
2088.66797 19.058 0.090
2088.67912 19.098 0.091
2088.68842 18.930 0.077
2088.69713 19.092 0.094
2088.70588 19.125 0.094
2088.71463 18.993 0.093
2088.72469 19.049 0.098
2088.73859 19.121 0.095
2088.74735 19.007 0.090
2088.75608 19.160 0.105
2088.76481 19.307 0.141
2088.77668 18.980 0.086
2088.78548 18.891 0.082
2088.79423 19.120 0.118
2088.80301 19.172 0.140
2088.81180 19.058 0.111
2088.82055 19.215 0.140
2088.82971 19.050 0.103
2088.83843 19.200 0.142
2088.84722 19.361 0.182
2089.61034 19.086 0.120
2089.61908 19.018 0.101
2089.62781 19.007 0.095
2089.63654 19.022 0.114
2089.64530 19.121 0.110
2089.65445 19.115 0.095
2090.64245 19.095 0.121
2090.65125 19.130 0.109
2090.66119 19.092 0.088
2090.66997 19.228 0.116
2090.67890 19.312 0.136
2090.70715 19.261 0.148
2090.71589 19.380 0.168
2090.72461 19.336 0.152
2090.73332 19.232 0.144
2090.74206 19.207 0.126
2090.75084 19.584 0.240
2090.76041 19.183 0.108
2090.76914 19.331 0.128
2090.77788 19.193 0.112
2090.78664 19.095 0.097
2090.79543 19.111 0.087
2090.80420 18.957 0.084
2090.81627 19.212 0.131
2090.82501 19.580 0.240
2090.83936 19.457 0.209
2091.58676 19.111 0.104
2091.59555 19.065 0.085
2091.60431 18.925 0.080
2091.61502 19.118 0.086
2091.63115 19.080 0.081
2091.65270 18.955 0.075
2091.66227 19.124 0.090
2091.67098 19.097 0.086
2091.68033 19.208 0.103
2091.68916 18.987 0.083
2091.69790 19.249 0.111
2091.70666 19.174 0.099
2091.71565 18.976 0.084
2091.72437 19.002 0.083
2091.73309 18.886 0.079
2091.74185 19.116 0.091
2091.75063 19.210 0.094
2091.76173 18.994 0.088
2091.77465 19.053 0.085
2091.78342 19.058 0.091
2091.79215 19.213 0.093
2091.80094 19.134 0.093
2091.80969 19.101 0.093
2091.81846 19.164 0.108
2091.82741 19.177 0.102
2091.83661 19.139 0.107
2091.84537 19.087 0.101
2091.85414 19.065 0.107
2091.86285 19.294 0.134
2091.87157 19.185 0.128
2092.64416 19.076 0.090
2092.65296 18.999 0.083
2092.66173 19.222 0.102
2092.67328 18.885 0.085
2092.68206 19.060 0.098
2092.69081 19.046 0.088
2092.69959 19.104 0.098
2092.70837 18.956 0.080
2092.71714 19.111 0.102
2092.73240 19.010 0.082
2092.74117 19.124 0.104
2092.75175 19.117 0.102
2092.76047 19.160 0.113
2092.76922 19.264 0.136
2092.77798 19.079 0.121
2092.78672 19.347 0.161
2092.79724 19.280 0.134
2092.80598 19.209 0.147
2092.81470 19.253 0.149
2092.82988 19.614 0.260
2101.55169 19.003 0.101
2101.56043 19.067 0.096
2101.56917 19.030 0.090
2101.57793 19.120 0.100
2101.58661 19.101 0.100
2101.59540 19.337 0.135
2101.60995 19.412 0.149
2101.61873 19.230 0.109
2101.62751 19.324 0.107
2101.63626 19.275 0.109
2101.64495 19.585 0.148
2101.65437 19.668 0.151
2101.66334 19.727 0.177
2101.67209 19.928 0.210
2101.68084 20.183 0.273
2101.68958 20.462 0.387
2101.69833 19.816 0.201
2101.70706 19.610 0.173
2101.72427 19.542 0.165
2101.73964 19.161 0.116
2101.75822 19.311 0.166
2101.76695 19.398 0.166
2101.77573 19.026 0.104
2101.78446 19.158 0.144
2102.53609 19.090 0.080
2102.54486 19.112 0.080
2102.55544 19.002 0.079
2102.56419 19.071 0.095
2102.57994 19.034 0.091
2102.58872 18.904 0.074
2102.59745 18.974 0.084
2102.60623 19.115 0.095
2102.61496 19.136 0.087
2102.62375 19.066 0.090
2102.63307 19.116 0.090
2102.64183 19.028 0.078
2102.65119 18.977 0.069
2103.50001 19.102 0.094
2103.50874 18.935 0.088
2103.51923 18.955 0.085
2103.52796 19.023 0.084
2103.53673 19.147 0.100
2103.54544 19.060 0.080
2103.55418 19.015 0.086
2103.56289 19.142 0.093
2103.57481 19.083 0.080
2103.58359 19.094 0.083
2103.59235 18.921 0.067
2103.60111 19.044 0.067
2103.61052 19.127 0.067
2103.61929 18.976 0.062
2103.62804 19.022 0.067
2103.63674 19.012 0.060
2103.64607 19.070 0.070
2103.65481 18.882 0.060
2103.66471 19.127 0.076
2103.67354 19.012 0.073
2103.68224 19.079 0.071
2103.72327 19.105 0.101
2103.73207 19.107 0.096
2103.74082 19.113 0.100
2103.74956 19.080 0.108
2103.75834 19.181 0.109
2103.76706 19.094 0.090
2103.77580 19.205 0.092
2103.78454 19.042 0.078
2103.79328 18.993 0.071
2105.50627 19.015 0.104
2105.51998 19.048 0.110
2105.52902 19.063 0.101
2105.53777 19.176 0.108
2105.54651 19.055 0.097
2105.55524 19.144 0.111
2105.56644 19.053 0.093
2105.57518 18.970 0.075
2105.58396 19.002 0.073
2105.59270 18.998 0.074
2105.60219 19.140 0.081
2105.61152 19.004 0.070
2105.62059 19.067 0.071
2105.63243 19.037 0.066
2105.64325 19.151 0.073
2105.65200 19.051 0.066
2105.65546 19.101 0.069
2105.66455 19.160 0.082
2105.67330 18.983 0.070
2105.68205 19.129 0.082
2105.69079 19.149 0.075
2105.69956 19.168 0.075
2105.70830 19.184 0.076
2105.71445 19.211 0.083
2105.72470 19.130 0.076
2105.73342 19.171 0.095
2105.74216 19.296 0.101
2105.75092 19.061 0.082
2105.75966 19.245 0.109
2105.76845 19.050 0.094
2105.77758 19.266 0.117
2105.78631 19.186 0.110
2105.79509 19.150 0.136
2105.80391 19.236 0.148
2106.59545 18.997 0.091
2106.60510 19.095 0.087
2106.61431 19.001 0.092
2106.62309 19.022 0.101
2106.63185 18.993 0.098
2106.64136 19.216 0.110
2106.65011 19.102 0.108
2106.65890 19.199 0.124
2106.66795 19.248 0.111
2106.67673 19.130 0.091
2106.68548 19.012 0.091
2106.69416 18.985 0.095
2106.70292 18.985 0.087
2106.71833 19.067 0.096
2106.72710 19.241 0.104
2106.73584 19.316 0.146
2106.74459 19.142 0.113
2106.75329 19.078 0.119
2106.76205 19.223 0.134
2111.51213 19.241 0.115
2111.52090 19.158 0.125
2111.52964 19.397 0.163
2111.53837 19.192 0.133
2111.54716 19.051 0.112
2111.55592 19.203 0.135
2111.56516 19.125 0.126
2111.57389 19.209 0.136
2111.58270 19.186 0.130
2111.59143 19.147 0.131
2111.60019 19.306 0.146
2111.60890 19.251 0.114
2111.61805 19.266 0.165
2111.62740 19.220 0.147
2111.63618 19.582 0.238
2111.64495 19.198 0.157
2111.65372 19.075 0.108
2111.66244 19.181 0.121
2111.67165 19.129 0.123
2111.68039 19.024 0.108
2111.68915 19.219 0.143
2111.69788 19.368 0.172
2111.70662 19.315 0.145
2111.71539 19.144 0.133
2111.72470 19.145 0.134
2111.73343 19.107 0.151
2111.74216 19.475 0.207
2112.50470 19.075 0.095
2112.51432 19.203 0.116
2112.52732 19.146 0.111
2112.53610 19.018 0.096
2112.55565 19.218 0.119
2112.56437 18.989 0.097
2112.57867 19.124 0.104
2112.58742 19.203 0.098
2112.60076 19.183 0.087
2112.60949 19.148 0.085
2112.61827 19.173 0.083
2112.62699 19.126 0.090
2112.63574 19.221 0.098
2112.64457 19.270 0.097
2112.66642 19.152 0.091
2112.67518 19.154 0.087
2112.68392 19.071 0.084
2112.69269 19.182 0.095
2112.70281 19.259 0.112
2112.71181 19.155 0.099
2112.72057 19.360 0.116
2112.72933 19.222 0.107
2112.73812 19.125 0.093
2112.74686 19.293 0.107
2112.75627 19.041 0.086
2113.51586 19.358 0.176
2113.52462 18.939 0.119
2113.53337 18.999 0.130
2113.54266 18.996 0.125
2113.55143 19.076 0.125
2113.56017 19.180 0.123
2113.56887 19.106 0.117
2113.57759 18.950 0.100
2113.58635 19.227 0.113
2113.59562 18.949 0.099
2113.60437 19.582 0.233
2113.61311 19.111 0.124
2113.62217 19.029 0.121
2113.63092 19.343 0.144
2113.63966 19.315 0.151
2113.64918 19.189 0.129
2113.65796 19.389 0.158
2113.71536 19.260 0.141
2113.72413 19.077 0.115
2113.73287 18.920 0.105
2113.74161 19.293 0.147
2113.75035 19.237 0.118
2113.75910 19.530 0.203
2113.76831 19.625 0.224
2113.77707 19.310 0.174
2114.69378 19.317 0.141
2114.70253 19.204 0.141
2114.71130 19.192 0.140
2114.72011 19.162 0.138
2114.73080 19.049 0.113
2114.74057 19.164 0.133
2114.74929 19.296 0.161
2114.76028 19.388 0.185
2114.76905 19.089 0.123
2114.77785 18.952 0.103
2114.79797 19.132 0.125
2115.55328 19.723 0.199
2115.56202 19.777 0.212
2115.57238 19.794 0.225
2115.58678 19.520 0.173
2115.59553 19.607 0.179
2115.60429 19.501 0.162
2115.61819 19.352 0.182
2115.62691 19.281 0.168
2115.63570 19.233 0.169
2115.64683 19.542 0.176
2115.65607 19.064 0.110
2115.66482 19.220 0.133
2115.67357 18.929 0.104
2115.68229 18.984 0.110
2115.69102 19.252 0.126
2115.69982 18.964 0.102
2115.73419 19.156 0.123
2115.74529 19.279 0.117
2116.50948 19.202 0.152
2116.51824 19.411 0.205
2116.56251 19.040 0.105
2116.57128 19.227 0.125
2116.58942 19.433 0.178
2116.60102 19.059 0.099
2116.61037 19.077 0.100
2116.61913 19.559 0.161
2116.62791 19.161 0.104
2116.63666 19.362 0.126
2116.65678 19.358 0.119
2116.66549 19.865 0.182
2116.67428 19.808 0.185
2116.68304 19.788 0.169
2116.69181 19.959 0.193
2116.70050 19.626 0.160
2116.71048 19.917 0.208
2116.71926 19.753 0.173
2116.72802 20.039 0.241
2116.73677 19.546 0.161
2116.74551 19.589 0.182
2116.75758 19.330 0.146
2116.76637 19.293 0.141
2117.49022 19.016 0.087
2117.49903 18.943 0.079
2117.50819 18.959 0.077
2117.51694 18.910 0.069
2117.55705 18.970 0.083
2117.56580 19.201 0.113
2117.57455 19.006 0.087
2117.58397 19.166 0.107
2117.59272 18.987 0.080
2117.60149 19.060 0.081
2117.61349 19.131 0.090
2117.62228 18.947 0.073
2117.63103 19.004 0.075
2117.63983 19.029 0.088
2117.64860 19.133 0.093
2117.65736 18.962 0.081
2117.66652 19.211 0.110
2117.67533 19.075 0.102
2117.68411 18.919 0.090
2117.69288 19.077 0.109
2117.70160 19.035 0.091
2117.71197 19.186 0.111
2117.72073 19.104 0.099
2117.72948 19.027 0.095
2117.73827 19.198 0.115
2117.74699 19.112 0.105
2117.75570 19.071 0.117
2118.49786 19.072 0.102
2118.50661 19.076 0.103
2118.51541 19.069 0.108
2118.52417 18.881 0.100
2118.64321 19.037 0.080
2118.65592 19.027 0.076
2118.66467 19.096 0.086
2118.67346 18.995 0.101
2118.68223 19.168 0.099
2118.69095 18.916 0.074
2118.70086 18.984 0.082
2118.70988 18.965 0.079
2118.71863 19.125 0.103
2118.72736 19.030 0.112
2118.73619 19.031 0.091
2125.64150 18.772 0.116
2128.57003 19.102 0.088
2131.56674 18.988 0.078
2134.66975 19.364 0.199
2138.54720 19.296 0.144
2143.52040 20.121 0.421
2155.64720 19.040 0.178
2156.48627 19.254 0.160
2158.49461 19.131 0.114
2158.53762 19.069 0.099
2162.50413 19.044 0.111
2168.53885 19.348 0.162
2173.49686 19.183 0.169
2184.50009 19.413 0.219
2194.55447 19.312 0.147
2321.87307 19.128 0.148
2324.87519 19.021 0.098
2341.83166 19.173 0.133
2350.84477 19.146 0.090
2358.88424 19.054 0.088
2370.81249 18.998 0.097
2381.80789 18.947 0.084
2384.79037 19.032 0.094
2388.85023 19.046 0.097
2391.69275 19.310 0.223
2400.69063 19.005 0.102
2402.80557 19.016 0.086
2404.84251 19.068 0.077
2414.86148 19.006 0.082
2415.72351 19.107 0.121
2416.74571 19.708 0.181
2417.72128 19.110 0.113
2424.76361 19.183 0.214
2426.67492 18.999 0.094
2431.80926 19.460 0.120
2433.73642 19.024 0.088
2434.80945 19.051 0.084
2436.58220 19.027 0.104
2438.61435 19.195 0.111
2440.59561 19.020 0.098
2442.61343 19.139 0.100
2444.70605 19.075 0.127
2446.64060 19.104 0.103
2448.52739 19.498 0.308
2453.73666 19.393 0.147
2458.73393 19.055 0.113
2462.72273 19.063 0.074
2463.81981 19.079 0.088
2466.46291 19.189 0.178
2466.47175 18.864 0.105
2466.48065 19.204 0.126
2466.48963 19.025 0.098
2466.50234 19.126 0.102
2466.51152 19.146 0.107
2466.52054 19.167 0.123
2466.52952 19.189 0.112
2466.53998 19.191 0.096
2466.54915 19.186 0.105
2466.55848 19.105 0.085
2466.56215 19.093 0.088
2466.56808 19.230 0.097
2466.57700 19.206 0.099
2466.58895 19.110 0.087
2466.59889 19.168 0.099
2466.60791 19.083 0.086
2466.61675 19.162 0.102
2466.62753 19.210 0.126
2466.63726 19.020 0.110
2466.64749 19.173 0.132
2466.65646 19.205 0.114
2466.66539 19.062 0.104
2466.67805 19.147 0.117
2466.68691 19.115 0.101
2466.69577 19.065 0.108
2466.70568 19.062 0.093
2466.71596 19.049 0.099
2466.72507 19.203 0.126
2466.73407 19.214 0.138
2466.74332 18.999 0.116
2466.74979 19.035 0.130
2466.75931 19.301 0.154
2466.76807 19.192 0.123
2466.77743 19.227 0.123
2466.79001 19.157 0.126
2466.79904 19.370 0.175
2466.80971 19.181 0.123
2466.81862 19.165 0.151
2466.82854 18.968 0.124
2466.83737 19.103 0.136
2466.84634 19.087 0.162
2468.46484 19.262 0.190
2470.46516 19.243 0.193
2472.67213 19.020 0.080
2472.68097 19.033 0.084
2472.69128 19.186 0.093
2472.70023 19.105 0.086
2472.70912 19.061 0.080
2472.71931 19.147 0.085
2472.73262 19.285 0.110
2472.74220 19.130 0.088
2472.75127 19.243 0.119
2472.76016 19.225 0.105
2472.76991 19.568 0.134
2474.46546 20.113 0.360
2482.62214 19.139 0.131
2485.63215 19.171 0.150
2489.70299 19.060 0.091
2492.64767 19.055 0.093
2494.70205 19.465 0.153
2497.50460 19.364 0.141
2499.54039 19.184 0.105
2501.56811 19.173 0.095
2503.49162 18.628 0.230
2511.54830 19.262 0.148
2521.51672 19.077 0.097
2526.54693 18.968 0.087
2537.47811 19.316 0.210
2540.49470 19.001 0.134
2546.50525 19.043 0.115
2550.48652 19.091 0.135
2554.55841 19.093 0.114
2558.49496 19.195 0.163
2565.48782 19.117 0.215
2693.89219 18.974 0.100
2698.89013 19.059 0.101
2711.87315 18.906 0.076
2721.88060 19.089 0.243
2730.89389 19.066 0.086
2743.77029 19.205 0.101
2748.78884 19.014 0.110
2755.77874 19.049 0.078
2758.93016 19.561 0.215
2765.78688 19.094 0.092
2769.77149 18.685 0.065
2782.71004 19.081 0.136
2784.69899 19.051 0.073
2786.58455 19.380 0.239
2788.68634 19.069 0.077
2790.79144 19.139 0.103
2792.52842 19.068 0.178
2794.55466 19.196 0.198
2796.56337 19.038 0.098
2802.55824 19.065 0.177
2808.63079 19.183 0.115
2810.56903 19.133 0.114
2812.57090 19.573 0.166
2813.81465 19.678 0.173
2815.59325 19.128 0.096
2816.65868 19.130 0.093
2817.77333 19.205 0.118
2818.66818 19.021 0.096
2819.76228 19.179 0.132
2821.66052 19.305 0.125
2826.65119 18.910 0.110
2830.78143 19.191 0.154
2835.47782 19.255 0.189
2837.49663 18.792 0.112
2838.72714 19.085 0.102
2840.49871 19.127 0.134
2842.53514 18.972 0.103
2844.61128 19.087 0.084
2848.54648 19.202 0.169
2851.53374 19.064 0.108
2853.53159 18.988 0.102
2854.75453 19.240 0.156
2857.71747 19.215 0.130
2862.49376 18.950 0.151
2864.50077 19.393 0.206
2867.65598 19.272 0.143
2867.69807 19.183 0.102
2867.71936 19.187 0.124
2867.72930 19.128 0.140
2867.73251 19.243 0.138
2867.73556 19.065 0.128
2867.73861 19.296 0.156
2868.51429 19.054 0.091
2869.56728 18.893 0.084
2869.58857 19.144 0.103
2870.65628 18.966 0.086
2871.47684 20.050 0.265
2871.51151 19.595 0.162
2871.52781 19.528 0.140
2871.54698 19.295 0.100
2871.55026 19.246 0.102
2871.55365 19.205 0.094
2871.55700 19.272 0.107
2871.56044 19.167 0.100
2871.56414 19.101 0.094
2871.56803 19.100 0.092
2871.57980 19.041 0.079
2871.58743 19.003 0.082
2871.59090 19.117 0.086
2871.59428 19.090 0.085
2871.59764 19.114 0.082
2871.60093 19.099 0.082
2871.60426 19.028 0.081
2871.60748 19.112 0.086
2871.61118 19.088 0.084
2871.61585 19.092 0.085
2871.63049 19.178 0.095
2871.71129 19.091 0.101
2872.50170 19.144 0.115
2872.67540 19.610 0.124
2872.70262 19.438 0.128
2874.57627 19.235 0.118
2875.53658 19.172 0.095
2875.61544 19.244 0.145
2875.69346 19.109 0.137
2876.49411 19.010 0.093
2876.65169 19.368 0.120
2877.52165 19.332 0.144
2877.65100 19.088 0.100
2878.49816 19.023 0.083
2878.56930 18.963 0.071
2879.55333 19.630 0.156
2880.70010 19.841 0.251
2881.65634 19.093 0.093
2882.50044 19.037 0.109
2883.58619 19.260 0.098
2884.47633 19.204 0.156
2892.51419 19.262 0.174
2896.58101 18.948 0.081
2899.60441 19.027 0.093
2905.54431 19.468 0.225
2909.51514 19.434 0.174
2912.53773 19.122 0.110
2921.59831 19.072 0.175
2926.56551 19.320 0.156
3040.88363 19.311 0.227
3044.85820 19.523 0.219
3046.86814 19.397 0.167
3047.85686 19.068 0.099
3055.87452 18.961 0.093
3058.89269 19.007 0.087
3064.81324 18.980 0.125
3067.88666 19.094 0.083
3070.84819 18.959 0.105
3070.89257 19.060 0.093
3071.87693 19.224 0.111
3073.80367 19.110 0.121
3075.84225 19.140 0.105
3079.88686 19.131 0.124
3082.86016 19.176 0.101
3084.89946 19.154 0.075
3086.83181 19.100 0.078
3088.78930 19.069 0.073
3089.89856 18.994 0.084
3091.81875 19.125 0.088
3096.85686 18.973 0.101
3098.83736 19.848 0.156
3100.79783 19.087 0.087
3101.90434 19.168 0.112
3103.76910 19.136 0.097
3104.88363 19.166 0.309
3108.76167 19.114 0.086
3109.79661 19.391 0.113
3110.82828 18.963 0.080
3112.77709 19.289 0.098
3113.86686 20.019 0.193
3114.77838 19.122 0.087
3115.86120 19.083 0.083
3116.91732 18.912 0.084
3122.90439 18.943 0.102
3125.86465 19.175 0.128
3126.89027 19.096 0.093
3127.79578 18.976 0.090
3128.81415 19.385 0.120
3130.69216 19.250 0.145
3137.93253 19.183 0.116
3138.69522 19.497 0.174
3139.86654 19.317 0.099
3140.87225 19.045 0.091
3140.90258 19.200 0.108
3142.76055 19.222 0.096
3144.78149 19.105 0.101
3146.78130 19.221 0.121
3151.74408 19.287 0.137
3151.89676 19.519 0.164
3152.74737 19.289 0.125
3153.75212 19.473 0.174
3154.81363 19.269 0.145
3156.83333 19.103 0.103
3162.80832 19.280 0.127
3163.62123 19.048 0.083
3163.64006 19.127 0.087
3164.72995 19.255 0.112
3165.75076 19.504 0.110
3166.89589 19.654 0.266
3167.74876 19.300 0.150
3168.74394 19.113 0.092
3169.71984 19.073 0.095
3170.79736 18.994 0.073
3171.82006 19.135 0.078
3172.74707 19.726 0.144
3174.70336 19.088 0.074
3175.71330 19.001 0.073
3177.75044 19.065 0.138
3178.77701 19.145 0.095
3179.78676 19.189 0.101
3180.71510 19.183 0.079
3182.76659 19.054 0.092
3183.73524 19.168 0.109
3184.69303 19.103 0.078
3185.74569 19.315 0.120
3185.76592 19.100 0.109
3185.79186 19.219 0.113
3185.82991 19.260 0.111
3185.85790 19.310 0.136
3185.87937 19.351 0.160
3186.62474 19.265 0.147
3190.63676 19.260 0.136
3191.77823 19.296 0.143
3193.53123 19.612 0.162
3194.58989 19.517 0.178
3195.63717 19.210 0.085
3195.79485 19.720 0.143
3196.54027 19.002 0.102
3196.55746 19.135 0.124
3197.50783 19.194 0.095
3199.61760 19.011 0.096
3201.50944 19.250 0.103
3202.47390 19.284 0.159
3202.52602 19.032 0.081
3202.56388 19.096 0.092
3202.63017 19.113 0.102
3202.75567 19.829 0.203
3202.79234 19.330 0.127
3202.82853 19.170 0.167
3203.46962 19.152 0.129
3203.65337 19.143 0.100
3204.64660 19.046 0.079
3205.75522 19.266 0.110
3206.71223 19.381 0.134
3207.66076 18.991 0.111
3209.70588 19.173 0.100
3210.53961 19.217 0.138
3211.57807 19.110 0.110
3217.47623 18.918 0.094
3218.64498 19.154 0.123
3219.59333 19.277 0.190
3223.64623 19.015 0.144
3224.69175 19.394 0.115
3226.60906 19.242 0.159
3228.59549 19.070 0.104
3229.62796 19.120 0.096
3230.66154 19.131 0.094
3231.56488 19.957 0.245
3238.61386 19.111 0.111
3239.69262 20.067 0.322
3240.67375 19.115 0.157
3245.54852 19.074 0.094
3246.65224 19.211 0.138
3247.61839 19.457 0.166
3249.52031 19.188 0.130
3250.65307 19.167 0.133
3251.49826 19.088 0.123
3251.59855 19.115 0.094
3251.64976 19.228 0.132
3253.51737 19.845 0.230
3256.63014 19.289 0.160
3259.61960 19.162 0.133
3264.52709 19.125 0.111
3267.52620 19.221 0.142
3272.58162 19.331 0.151
3275.56458 19.129 0.153
3278.59349 18.951 0.113
3281.60025 19.208 0.096
3288.54008 18.966 0.079
3293.51065 18.982 0.081
3295.52085 19.335 0.102
3305.54167 19.271 0.153
3307.54072 19.050 0.197
3309.51660 18.891 0.116
3310.52622 18.901 0.125
3314.51011 18.953 0.173
3408.88462 19.007 0.107
3410.88473 19.207 0.136
3413.88556 19.789 0.231
3421.89178 19.388 0.094
3422.86168 19.095 0.112
3426.85731 18.987 0.088
3429.83041 18.908 0.119
3432.88273 19.143 0.111
3442.88513 19.180 0.095
3445.79797 19.218 0.083
3447.84859 19.223 0.111
3449.86122 19.231 0.109
3452.88183 19.165 0.078
3455.81607 19.080 0.109
3457.84953 19.326 0.108
3459.84475 19.131 0.088
3469.78051 19.022 0.070
3470.79348 19.105 0.081
3472.75591 19.658 0.146
3473.77571 18.999 0.090
3474.77237 19.627 0.174
3475.79793 19.104 0.082
3477.75977 19.202 0.092
3479.75860 19.391 0.087
3480.71874 19.036 0.073
3481.73667 19.165 0.095
3482.67900 19.166 0.117
3496.71626 19.153 0.095
3497.78781 19.160 0.128
3498.91109 19.160 0.114
3499.85893 19.162 0.080
3500.72514 19.028 0.083
3501.82158 18.862 0.062
3502.71742 19.407 0.098
3503.68661 19.201 0.082
3504.70133 19.246 0.107
3506.74514 19.182 0.102
3508.74935 19.082 0.096
3509.72782 19.948 0.181
3510.79760 19.224 0.096
3511.83673 19.089 0.080
3512.70641 19.158 0.112
3517.68222 19.189 0.149
3520.75750 19.219 0.114
3521.71471 18.921 0.061
3522.74274 18.963 0.057
3522.93395 19.428 0.144
3523.74723 19.053 0.058
3524.89241 19.369 0.154
3525.74562 18.974 0.067
3526.74905 19.076 0.092
3528.66990 19.146 0.082
3529.69227 19.006 0.058
3530.60734 19.135 0.074
3537.73817 18.902 0.068
3538.55386 20.180 0.310
3538.60102 19.981 0.232
3538.63175 19.202 0.096
3538.68725 19.115 0.077
3538.73637 19.188 0.082
3538.78384 19.077 0.075
3538.81495 19.115 0.081
3538.84381 19.109 0.088
3538.87524 19.145 0.119
3538.90769 18.918 0.118
3539.51083 19.023 0.138
3539.53042 19.213 0.179
3539.56304 19.004 0.100
3539.59305 19.041 0.102
3539.61593 19.144 0.138
3539.68199 19.554 0.147
3539.73745 19.784 0.136
3539.80860 18.756 0.061
3540.51620 19.167 0.158
3540.61626 19.197 0.111
3540.73621 19.353 0.161
3540.83437 19.389 0.162
3541.63152 19.013 0.102
3541.78057 19.059 0.090
3542.56565 19.462 0.179
3542.83831 19.292 0.241
3544.61196 19.120 0.137
3544.72499 18.912 0.084
3546.84410 19.012 0.157
3547.80836 19.510 0.195
3549.84020 18.880 0.096
3550.63202 19.354 0.126
3551.63161 18.943 0.061
3552.66733 18.989 0.070
3553.71738 19.054 0.111
3554.65271 19.373 0.142
3555.66479 19.183 0.104
3556.67254 19.152 0.090
3558.52735 19.070 0.104
3558.82609 19.398 0.141
3559.69603 19.148 0.094
3560.59735 19.029 0.075
3561.54511 19.249 0.098
3562.58579 19.338 0.147
3563.63648 19.232 0.076
3564.57425 19.313 0.135
3569.55961 18.829 0.101
3572.81507 19.120 0.181
3573.64605 19.105 0.116
3574.68595 19.525 0.131
3575.53344 19.573 0.118
3575.77005 19.071 0.094
3576.68735 19.815 0.218
3577.58745 19.354 0.140
3578.67206 19.186 0.091
3579.61750 19.202 0.085
3580.65072 19.129 0.093
3581.67061 19.052 0.071
3582.64244 19.062 0.082
3583.63288 19.598 0.129
3583.75281 19.289 0.143
3584.64156 19.194 0.075
3584.75615 19.541 0.159
3585.63187 19.067 0.074
3585.77460 19.159 0.101
3586.46947 19.605 0.174
3586.56846 19.136 0.070
3586.67493 19.040 0.065
3586.71697 19.166 0.073
3587.59338 20.139 0.345
3587.64873 19.368 0.145
3587.71438 18.977 0.102
3588.55798 19.705 0.136
3589.49306 19.141 0.081
3589.54506 19.226 0.080
3589.67054 19.068 0.067
3589.69740 19.103 0.079
3590.65448 19.210 0.082
3591.49752 19.196 0.097
3591.54072 19.077 0.066
3591.64564 19.649 0.119
3591.67802 19.923 0.143
3591.75825 19.292 0.110
3592.75423 19.245 0.112
3593.74495 19.101 0.104
3594.70716 19.285 0.140
3601.65572 18.994 0.085
3601.72213 19.058 0.111
3602.61631 19.208 0.101
3603.63634 19.130 0.108
3607.63470 19.321 0.111
3608.65006 19.367 0.134
3609.63060 18.974 0.086
3615.57781 19.066 0.087
3618.57944 18.953 0.091
3620.54264 19.400 0.097
3622.52050 19.204 0.124
3628.59671 19.540 0.187
3630.53603 19.606 0.223
3632.58615 19.313 0.143
3634.48675 19.138 0.121
3639.54561 19.437 0.102
3641.54407 19.190 0.138
3644.50439 19.249 0.134
3648.53623 18.985 0.104
3650.57858 19.189 0.091
3654.54028 19.615 0.235
3656.52150 19.047 0.105
3658.55330 20.060 0.404
3660.52593 19.108 0.143
3664.50273 18.987 0.092
3675.50804 19.494 0.229
3675.52524 19.241 0.158
3676.49774 19.176 0.198
3776.86666 19.004 0.107
3782.85138 19.221 0.138
3784.87670 19.185 0.094
3786.89627 19.210 0.144
3788.84686 19.155 0.124
3790.88929 19.125 0.101
3793.85656 18.998 0.074
3795.84399 19.152 0.109
3798.80720 19.393 0.134
3799.83136 18.990 0.102
3800.82630 19.397 0.167
3801.88578 19.127 0.103
3802.85137 20.121 0.232
3803.88664 19.142 0.088
3805.80308 19.249 0.110
3806.76939 19.256 0.128
3807.78847 19.406 0.177
3808.79614 19.052 0.102
3809.88126 19.056 0.092
3810.84788 19.285 0.104
3811.83947 19.077 0.098
3812.83558 19.139 0.125
3813.82552 19.299 0.103
3814.82739 19.178 0.102
3817.85893 19.751 0.165
3818.88802 19.178 0.087
3819.80573 19.177 0.073
3820.77237 19.194 0.092
3821.77549 19.030 0.079
3822.81491 19.105 0.096
3822.86280 19.107 0.084
3822.88373 19.131 0.083
3822.91798 19.318 0.113
3823.74126 19.064 0.099
3823.79522 19.296 0.101
3823.83900 19.207 0.078
3823.88712 19.091 0.078
3823.92038 19.280 0.120
3824.74127 19.846 0.225
3824.82034 19.748 0.245
3824.86053 19.433 0.135
3824.89538 19.301 0.126
3825.80613 19.266 0.131
3825.84993 19.348 0.119
3825.88261 19.324 0.127
3825.91910 19.579 0.180
3826.73466 19.527 0.151
3826.77342 19.168 0.098
3826.82792 19.069 0.096
3826.90004 19.139 0.099
3827.76609 19.131 0.108
3827.80246 19.092 0.081
3827.85050 19.148 0.079
3827.92210 19.059 0.083
3828.75189 19.290 0.150
3828.79947 19.310 0.149
3828.86375 19.353 0.115
3828.91913 19.346 0.130
3829.73331 19.073 0.092
3829.77952 19.219 0.118
3829.84867 19.062 0.084
3829.89464 19.101 0.077
3829.92346 19.065 0.093
3830.69453 18.991 0.103
3830.70868 19.213 0.109
3830.73142 19.247 0.098
3830.74754 19.130 0.084
3830.76319 19.167 0.088
3830.77736 19.198 0.083
3830.79213 19.203 0.100
3830.80630 19.182 0.096
3830.82027 19.310 0.096
3830.83216 19.152 0.095
3830.84383 19.144 0.078
3830.85761 19.036 0.084
3830.86987 19.199 0.088
3830.88120 19.478 0.117
3830.89251 19.134 0.075
3830.90230 19.109 0.079
3830.91349 19.183 0.081
3830.92325 19.162 0.100
3830.92650 19.081 0.111
3831.69282 19.944 0.202
3831.70232 19.860 0.174
3831.71506 20.038 0.190
3831.72433 19.876 0.150
3831.72722 19.843 0.149
3831.73049 19.525 0.110
3831.73328 19.609 0.119
3831.73606 19.560 0.112
3831.73915 19.825 0.137
3831.74194 19.634 0.114
3831.74473 19.626 0.118
3831.74789 19.504 0.103
3831.75069 19.483 0.110
3831.75349 19.498 0.113
3831.75671 19.588 0.112
3831.75945 19.503 0.104
3831.76226 19.406 0.095
3831.76573 19.512 0.097
3831.76901 19.472 0.092
3831.77236 19.285 0.078
3831.77516 19.316 0.086
3831.77794 19.309 0.081
3831.78134 19.339 0.080
3831.78451 19.385 0.087
3831.78811 19.244 0.079
3831.79136 19.254 0.085
3831.79413 19.243 0.082
3831.79693 19.349 0.092
3831.80037 19.212 0.083
3831.80352 19.231 0.083
3831.80663 19.082 0.077
3831.80942 19.145 0.078
3831.81220 19.103 0.075
3831.81540 19.162 0.090
3831.81820 19.131 0.092
3831.82100 19.191 0.085
3831.82421 19.162 0.083
3831.82701 19.150 0.091
3831.82981 19.234 0.095
3831.83338 19.201 0.095
3831.83682 19.235 0.092
3831.83960 19.050 0.076
3831.84239 19.199 0.092
3831.84590 19.123 0.082
3831.84895 19.337 0.102
3831.85173 19.314 0.110
3831.85453 19.039 0.080
3831.85733 19.242 0.097
3831.86047 19.240 0.102
3831.86326 19.172 0.093
3831.86606 19.233 0.103
3831.87571 19.278 0.100
3831.88127 19.028 0.080
3831.88685 19.261 0.090
3831.89242 19.267 0.100
3831.90378 19.127 0.081
3831.91135 19.384 0.095
3831.91778 19.219 0.082
3831.92417 19.321 0.111
3831.92728 19.265 0.120
3831.93025 19.291 0.191
3832.69746 19.085 0.123
3832.70964 19.263 0.121
3832.73347 18.958 0.077
3832.77960 19.062 0.080
3832.82546 19.870 0.174
3832.86883 19.675 0.146
3832.91484 19.604 0.154
3833.69203 19.347 0.137
3833.71386 19.173 0.090
3833.73818 19.079 0.076
3833.78086 19.028 0.069
3833.82362 19.097 0.067
3833.84562 19.033 0.067
3833.87403 19.217 0.086
3833.90449 19.181 0.092
3833.92084 19.107 0.090
3834.69807 19.136 0.123
3834.71734 19.140 0.116
3834.74118 19.106 0.101
3834.79019 19.104 0.077
3834.87001 19.064 0.079
3834.91248 19.003 0.093
3835.70754 19.068 0.099
3835.77773 19.290 0.104
3835.85155 19.092 0.067
3835.88133 19.130 0.069
3835.92110 19.324 0.101
3836.70365 19.231 0.167
3836.76522 19.280 0.130
3836.80968 19.154 0.099
3836.84025 19.253 0.097
3836.89700 19.257 0.094
3837.70232 19.155 0.153
3837.73259 19.191 0.115
3837.90433 19.024 0.068
3838.74437 19.162 0.144
3838.91167 19.561 0.198
3839.74014 19.367 0.193
3839.81869 19.615 0.161
3839.86286 19.218 0.150
3839.92328 19.150 0.108
3840.70612 18.903 0.105
3840.78725 19.115 0.094
3840.91107 19.492 0.137
3841.74464 18.989 0.097
3841.83337 19.063 0.094
3841.89524 19.051 0.093
3842.84722 18.990 0.082
3845.72015 19.042 0.177
3845.90886 19.366 0.182
3846.73085 19.901 0.168
3846.91520 19.207 0.095
3847.79698 19.050 0.125
3848.75195 19.171 0.117
3849.75102 19.130 0.085
3849.92157 19.233 0.103
3850.69508 19.375 0.105
3850.86679 18.993 0.081
3851.71023 19.216 0.120
3851.87509 19.431 0.131
3851.92125 19.422 0.144
3852.69879 19.424 0.172
3852.87008 19.129 0.098
3853.68722 19.379 0.103
3853.85556 19.247 0.083
3853.92630 19.091 0.069
3856.67728 19.194 0.091
3856.84401 19.225 0.092
3857.91495 19.080 0.088
3858.76365 19.217 0.076
3859.80186 19.153 0.086
3860.67032 19.190 0.126
3860.91020 19.102 0.108
3861.66778 19.364 0.129
3861.77301 19.586 0.125
3861.93627 19.163 0.113
3862.70115 19.066 0.080
3862.86513 20.234 0.216
3863.63658 19.013 0.098
3863.85422 19.093 0.070
3863.93351 19.191 0.102
3864.67711 19.181 0.111
3864.86713 19.063 0.070
3865.68793 19.316 0.116
3865.82339 19.305 0.100
3865.90139 19.026 0.077
3866.68633 19.272 0.102
3866.82582 19.318 0.105
3866.90472 19.202 0.084
3867.62923 19.244 0.161
3867.81489 19.078 0.102
3867.88795 19.335 0.104
3868.71231 19.109 0.121
3868.86399 19.210 0.135
3869.69210 19.032 0.087
3869.87310 19.155 0.125
3872.88947 19.179 0.101
3873.64441 18.842 0.073
3873.78712 19.173 0.097
3873.85985 19.350 0.130
3873.92942 19.348 0.134
3874.74408 19.448 0.148
3875.65777 19.023 0.062
3875.80525 18.976 0.064
3875.90419 19.127 0.087
3876.63502 19.232 0.093
3877.63314 19.099 0.085
3877.78382 19.180 0.078
3877.85836 19.708 0.136
3879.66460 19.071 0.066
3880.83400 19.282 0.124
3880.91278 19.058 0.096
3881.66319 19.165 0.088
3881.87469 19.151 0.080
3881.92144 19.342 0.104
3882.75148 19.304 0.109
3882.82572 19.129 0.093
3882.89458 19.022 0.074
3883.64089 20.086 0.257
3883.83854 19.135 0.080
3886.60296 19.157 0.107
3886.79572 19.262 0.095
3886.86759 19.036 0.104
3887.57628 19.259 0.119
3887.77883 19.070 0.075
3887.87851 19.175 0.095
3888.59233 18.774 0.069
3889.65877 19.127 0.091
3889.93701 19.084 0.102
3890.63801 19.304 0.098
3891.66836 19.533 0.129
3891.79664 19.073 0.104
3891.87862 19.154 0.105
3892.56996 19.198 0.130
3892.93307 19.537 0.207
3893.61937 19.284 0.126
3893.86123 19.184 0.134
3894.67263 19.152 0.127
3896.61021 19.436 0.196
3900.53154 19.097 0.156
3900.71721 19.068 0.151
3900.79651 19.114 0.100
3900.86518 19.287 0.116
3901.54164 19.238 0.112
3901.72296 19.339 0.127
3901.80026 19.195 0.125
3901.86919 18.937 0.088
3902.56432 18.923 0.078
3902.74384 19.064 0.081
3902.86280 19.224 0.135
3903.65200 19.005 0.091
3903.89770 19.074 0.126
3904.55258 19.356 0.101
3904.71569 18.992 0.074
3904.78472 19.282 0.098
3904.88687 19.055 0.096
3905.54940 19.695 0.148
3905.72600 19.237 0.082
3905.79609 19.077 0.066
3905.86464 19.130 0.088
3906.56391 19.056 0.101
3906.70373 19.613 0.138
3906.77686 19.523 0.136
3906.85606 19.091 0.098
3907.59466 19.179 0.109
3907.77690 19.311 0.156
3907.86146 19.851 0.299
3908.53081 18.910 0.088
3908.71642 19.069 0.092
3908.79650 19.167 0.090
3908.87610 19.268 0.117
3909.53255 19.175 0.120
3909.71536 19.079 0.062
3909.80585 19.115 0.078
3909.88209 19.081 0.105
3910.56201 18.907 0.092
3912.53181 19.666 0.107
3912.71911 19.252 0.069
3912.81298 19.155 0.077
3913.52327 19.168 0.079
3913.72868 19.195 0.091
3913.81763 19.114 0.074
3914.54703 19.068 0.107
3915.52479 19.176 0.110
3915.72677 19.017 0.077
3915.82500 19.131 0.084
3916.56350 19.561 0.191
3916.80737 18.987 0.095
3917.55117 19.162 0.107
3917.81791 19.310 0.142
3918.59191 19.289 0.107
3918.81566 19.341 0.145
3919.54241 19.236 0.131
3919.75241 19.227 0.088
3920.51012 19.439 0.136
3920.70621 19.110 0.099
3920.79156 19.207 0.087
3921.50629 19.409 0.136
3921.70554 19.499 0.213
3922.70997 19.175 0.137
3930.53762 19.121 0.087
3930.78501 19.395 0.185
3931.49555 19.056 0.117
3931.82270 19.247 0.152
3932.52644 19.185 0.100
3932.79819 19.524 0.177
3933.51288 19.012 0.083
3933.69729 19.164 0.079
3933.76931 19.339 0.111
3934.48675 19.324 0.117
3934.65679 19.094 0.071
3934.72662 19.014 0.066
3935.53665 19.792 0.178
3935.70795 19.222 0.136
3935.80551 19.165 0.114
3936.49004 19.118 0.117
3936.65553 19.346 0.105
3936.73190 20.076 0.255
3937.55431 19.778 0.260
3938.49782 19.211 0.135
3938.68874 19.178 0.103
3938.79796 19.154 0.133
3940.57805 19.028 0.067
3941.69904 19.445 0.182
3944.55038 19.013 0.090
3944.75072 19.159 0.097
3945.51209 19.074 0.103
3945.77859 19.015 0.101
3946.50948 19.504 0.159
3946.70167 19.030 0.093
3950.51836 19.346 0.109
3950.73340 19.133 0.102
3951.51106 19.197 0.114
3956.56358 18.852 0.112
3957.50269 20.396 0.440
3958.57350 19.230 0.110
3959.50625 18.991 0.095
3959.68067 19.064 0.094
3960.49552 19.136 0.088
3960.67458 19.175 0.077
3961.56682 19.560 0.174
3963.52813 19.188 0.102
3963.70552 19.201 0.128
3964.52323 19.411 0.104
3964.72811 19.243 0.120
3965.50767 19.228 0.086
3965.69897 19.196 0.087
3966.48285 19.366 0.135
3966.68461 19.517 0.152
3967.51722 19.101 0.130
3967.71002 19.424 0.138
3968.49534 19.487 0.163
3968.57205 19.158 0.105
3968.66525 19.379 0.129
3969.47696 19.380 0.148
3969.67764 19.550 0.185
3970.50608 19.190 0.137
3970.68464 19.371 0.124
3971.54996 19.418 0.165
3973.56806 19.438 0.167
3974.50540 19.359 0.145
3974.68840 19.382 0.163
3975.50832 18.930 0.081
3975.68018 18.902 0.102
3976.50287 19.189 0.083
3976.67889 19.090 0.131
3982.56575 18.994 0.092
3983.51944 19.409 0.224
3986.58020 18.983 0.113
3987.50256 20.047 0.258
3988.50840 19.273 0.098
3989.52606 19.448 0.145
3989.59339 19.474 0.181
3989.65912 19.193 0.160
3990.54287 19.416 0.168
3990.60769 19.309 0.149
3990.63502 19.043 0.112
3990.66921 18.908 0.110
3991.49865 19.417 0.178
3991.64194 19.084 0.129
3993.55037 19.284 0.131
3994.56103 19.074 0.119
3995.56860 19.882 0.179
3999.58387 19.405 0.137
4002.49208 19.723 0.170
4003.48958 18.970 0.077
4004.52370 19.126 0.083
4006.51665 19.420 0.130
4012.49654 19.485 0.207
4016.51218 19.328 0.154
4018.54847 19.383 0.162
4020.53521 19.246 0.142
4023.53555 19.315 0.152
4025.55494 19.595 0.189
4028.49433 19.202 0.147
4031.49442 18.996 0.130
4038.49978 19.313 0.202
4040.51413 20.130 0.400
4041.49634 19.209 0.222
4043.50658 19.195 0.169
4141.87425 19.236 0.125
4143.89158 19.349 0.220
4150.88943 19.058 0.109
4153.87732 19.238 0.119
4156.85575 19.091 0.126
4158.87533 19.378 0.137
4161.84330 19.444 0.181
4163.80945 19.032 0.104
4163.82618 19.157 0.116
4165.80755 19.286 0.199
4168.80086 19.067 0.108
4170.79671 18.991 0.170
4175.78733 19.137 0.126
4176.89869 19.226 0.094
4178.80243 19.231 0.116
4179.84679 19.124 0.091
4181.78315 19.051 0.107
4182.82815 19.063 0.083
4183.86427 19.158 0.110
4184.90489 19.542 0.119
4189.83630 19.248 0.162
4191.80518 19.800 0.263
4193.73955 19.357 0.210
4194.78508 19.100 0.111
4196.77521 19.275 0.153
4202.75669 19.106 0.090
4203.74471 19.200 0.082
4204.73698 19.026 0.097
4204.91930 19.139 0.091
4205.73353 19.241 0.117
4207.72299 19.037 0.099
4208.74507 19.099 0.097
4211.78923 19.176 0.127
4212.86641 19.154 0.152
4213.70960 20.290 0.391
4213.91318 19.146 0.086
4215.74231 19.243 0.121
4216.70011 19.133 0.117
4216.92447 19.061 0.113
4217.70755 19.200 0.095
4217.91117 19.094 0.073
4218.75716 19.033 0.113
4219.75533 19.092 0.110
4220.70006 19.501 0.189
4222.66603 19.190 0.168
4222.91352 19.519 0.152
4224.78224 19.279 0.123
4228.67769 19.613 0.162
4228.91127 19.044 0.113
4229.67133 19.315 0.148
4229.86831 19.886 0.205
4229.93550 19.471 0.161
4230.68107 19.086 0.098
4230.86912 19.362 0.132
4230.93399 19.371 0.212
4231.62340 19.446 0.169
4231.76761 19.222 0.112
4231.89179 19.244 0.133
4231.93490 19.321 0.162
4232.67545 19.232 0.162
4232.83648 18.926 0.138
4233.80725 19.442 0.186
4234.70891 19.111 0.108
4235.63696 19.755 0.197
4235.79816 19.031 0.083
4235.89058 19.144 0.103
4238.62283 19.047 0.164
4238.87527 19.012 0.101
4239.62372 19.069 0.116
4240.67695 19.265 0.109
4240.81133 19.227 0.118
4243.64276 19.314 0.145
4243.82923 19.220 0.135
4244.61516 19.173 0.165
4244.71136 19.112 0.093
4244.80419 19.427 0.152
4244.91602 19.707 0.205
4245.60820 19.182 0.117
4245.70212 19.126 0.082
4245.79797 19.213 0.092
4246.66654 19.171 0.114
4246.75941 19.025 0.113
4246.85272 19.363 0.137
4247.68174 19.118 0.100
4247.82259 19.205 0.100
4250.72988 19.281 0.130
4251.80147 19.760 0.370
4256.61760 19.168 0.134
4256.76362 19.175 0.142
4256.86143 19.307 0.222
4257.64927 19.370 0.168
4258.63292 19.375 0.182
4258.75541 19.993 0.235
4258.84951 19.042 0.117
4267.59350 19.110 0.125
4268.55670 19.432 0.168
4268.83957 19.164 0.115
4269.57593 19.032 0.101
4269.69646 19.219 0.101
4269.78570 19.138 0.086
4270.56946 19.165 0.114
4272.59781 19.948 0.187
4272.74695 19.187 0.097
4272.80620 19.108 0.092
4272.87774 19.283 0.168
4273.61494 19.343 0.175
4273.79560 19.513 0.190
4273.85674 19.181 0.151
4274.54757 19.102 0.125
4274.69991 19.215 0.124
4274.76248 19.167 0.121
4274.82088 19.484 0.165
4275.60002 19.069 0.095
4275.77537 19.186 0.133
4275.83384 19.004 0.130
4276.58481 19.249 0.134
4277.52860 19.130 0.152
4277.70549 19.086 0.103
4277.76419 19.449 0.177
4277.82283 19.686 0.274
4278.57236 19.099 0.161
4278.74964 19.150 0.144
4278.82870 19.173 0.174
4283.50801 19.203 0.148
4283.72834 19.200 0.149
4284.50297 19.187 0.137
4284.69312 19.275 0.133
4284.75590 19.290 0.126
4284.81484 19.273 0.150
4285.50605 19.247 0.178
4285.69418 19.239 0.137
4285.76062 19.232 0.109
4285.82594 19.311 0.151
4286.50575 19.162 0.141
4286.80293 19.234 0.151
4289.51356 19.264 0.167
4289.73212 19.014 0.108
4289.79724 19.234 0.131
4290.55988 19.119 0.142
4291.62250 19.234 0.108
4291.78520 19.425 0.207
4292.48816 19.118 0.098
4292.66732 19.262 0.119
4292.72592 19.131 0.085
4292.78445 19.195 0.094
4293.48847 19.158 0.112
4293.71307 19.004 0.087
4294.48765 19.731 0.187
4295.49476 19.133 0.114
4295.69278 19.643 0.124
4295.75137 19.048 0.079
4296.49173 19.033 0.107
4296.68443 19.245 0.099
4296.81270 20.326 0.397
4297.51134 19.210 0.135
4297.71294 19.045 0.082
4298.54621 19.163 0.142
4298.65195 19.188 0.120
4298.75155 19.151 0.136
4299.52924 19.061 0.090
4299.62223 19.141 0.092
4299.71442 19.239 0.109
4299.80517 19.160 0.140
4300.52491 19.177 0.117
4300.64499 19.122 0.093
4300.74051 19.350 0.123
4301.51578 19.265 0.109
4301.61155 19.251 0.087
4301.71129 19.298 0.105
4301.80251 19.077 0.087
4302.58876 19.902 0.220
4302.68896 19.287 0.134
4303.67480 19.394 0.174
4304.54890 19.144 0.135
4304.65959 19.472 0.248
4306.63285 19.131 0.118
4306.68565 19.190 0.135
4310.61207 19.434 0.176
4311.76074 19.717 0.307
4312.54435 18.969 0.116
4312.74280 19.133 0.101
4315.63534 19.370 0.177
4316.70852 19.193 0.129
4317.55659 19.768 0.164
4319.51385 19.411 0.162
4319.76870 19.134 0.123
4320.54067 19.119 0.101
4320.59554 19.216 0.118
4320.77207 19.203 0.161
4326.50790 19.270 0.126
4326.70510 19.110 0.135
4327.58629 18.922 0.128
4327.72759 19.582 0.242
4328.51309 18.973 0.115
4328.69113 19.413 0.165
4329.52309 19.181 0.119
4329.67097 19.438 0.170
4330.49401 19.214 0.121
4330.68727 19.161 0.116
4331.47409 19.756 0.287
4331.68295 19.431 0.189
4332.50388 19.194 0.105
4333.52495 19.118 0.123
4333.68609 19.292 0.137
4334.49833 19.202 0.304
4334.62657 19.326 0.335
4338.49820 19.011 0.107
4339.47556 19.435 0.196
4339.69197 19.047 0.146
4340.59585 19.269 0.137
4341.49886 19.354 0.186
4342.52808 19.271 0.132
4343.50688 19.163 0.085
4344.53510 19.211 0.160
4345.49997 19.094 0.087
4346.51297 19.443 0.157
4347.52770 19.364 0.150
4349.48892 19.437 0.189
4350.53598 19.297 0.124
4351.50187 19.210 0.110
4352.55243 19.061 0.135
4353.50579 19.200 0.108
4354.53451 19.756 0.162
4355.53613 19.174 0.111
4356.50250 19.221 0.125
4357.53158 19.109 0.135
4358.49461 19.125 0.149
4359.53217 18.968 0.097
4360.51960 19.078 0.143
4361.56492 19.571 0.258
4362.50666 19.095 0.120
4365.55748 19.076 0.162
4367.48358 19.113 0.105
4368.52723 19.361 0.182
4369.60659 19.079 0.182
4370.48450 19.118 0.140
4371.52966 19.292 0.115
4372.51542 19.074 0.080
4373.48991 19.141 0.147
4376.56630 19.158 0.154
4377.60358 20.007 0.313
4378.51410 19.173 0.114
4379.52915 19.190 0.164
4380.54064 19.290 0.129
4381.51930 19.282 0.183
4382.56131 19.136 0.130
4383.55241 19.076 0.130
4384.52658 19.829 0.248
4387.58054 19.062 0.113
4393.52643 19.154 0.112
4394.54178 19.171 0.123
4395.51318 19.220 0.147
4396.50517 19.218 0.174
4397.52950 18.956 0.107
4398.53441 19.234 0.145
4399.52707 19.521 0.225
4400.52917 18.971 0.152
4402.54558 19.191 0.176
4403.54462 19.111 0.158
4407.52056 19.307 0.186
4507.85096 19.108 0.133
4510.85622 19.414 0.160
4513.85736 19.300 0.109
4517.85647 19.397 0.244
4519.87741 19.218 0.114
4522.87132 18.954 0.115
4524.80722 19.230 0.133
4530.81482 19.089 0.085
4533.84845 19.004 0.105
4535.80187 19.362 0.168
4536.89110 19.706 0.158
4537.87675 19.095 0.085
4538.81187 18.940 0.102
4539.84992 19.278 0.119
4540.79607 19.179 0.091
4541.78880 19.213 0.096
4542.78349 19.254 0.146
4543.77903 20.018 0.233
4544.77593 18.944 0.101
4545.78221 19.249 0.119
4546.78936 19.121 0.110
4547.78333 19.171 0.107
4548.79431 19.340 0.174
4550.73734 19.645 0.234
4551.76054 19.300 0.124
4552.75644 18.981 0.181
4556.75256 19.145 0.092
4557.76983 19.229 0.112
4558.74677 19.411 0.113
4558.91653 19.136 0.092
4559.74466 19.034 0.085
4560.74477 19.173 0.113
4561.73482 19.430 0.130
4561.92101 19.077 0.101
4564.72502 19.018 0.087
4564.92553 18.949 0.107
4565.72309 20.090 0.191
4565.91395 19.208 0.078
4566.72257 19.257 0.105
4566.91943 19.358 0.098
4567.71554 18.951 0.094
4567.92144 19.110 0.098
4568.72145 19.364 0.142
4569.73047 19.146 0.132
4570.72389 19.044 0.112
4571.71852 19.076 0.145
4571.90711 19.257 0.108
4572.74601 19.192 0.111
4573.73441 19.045 0.098
4573.90077 19.252 0.094
4574.73680 19.131 0.129
4575.74229 19.042 0.094
4576.75240 19.307 0.112
4577.83408 19.196 0.108
4578.78513 19.096 0.161
4579.86203 19.320 0.190
4583.72884 19.127 0.128
4583.91498 19.159 0.100
4585.75258 19.229 0.141
4586.77776 19.112 0.115
4587.76544 19.302 0.135
4587.92403 19.216 0.160
4588.68795 19.213 0.135
4588.91884 19.180 0.097
4589.67089 19.120 0.108
4589.82630 19.445 0.129
4589.88829 19.385 0.135
4590.69049 19.092 0.112
4590.89615 19.061 0.091
4591.70215 19.398 0.149
4591.82705 19.168 0.099
4591.89416 19.213 0.117
4592.66075 19.052 0.103
4592.85004 19.273 0.148
4592.92836 18.944 0.101
4593.64992 19.092 0.114
4593.85961 19.011 0.088
4593.94178 19.242 0.215
4594.67097 19.033 0.111
4594.86596 19.149 0.108
4594.93148 19.114 0.113
4595.66048 19.148 0.103
4595.85485 19.210 0.108
4595.91674 19.148 0.114
4596.65567 19.025 0.101
4597.68013 19.271 0.119
4597.87164 19.064 0.098
4598.65642 19.404 0.100
4598.92509 19.046 0.094
4599.62885 19.186 0.149
4599.91943 19.190 0.138
4600.63812 19.197 0.090
4600.84684 19.378 0.112
4601.64370 19.330 0.108
4601.85993 19.225 0.090
4601.92178 19.335 0.138
4602.63634 20.016 0.197
4602.84575 19.283 0.100
4603.76378 19.565 0.163
4606.63762 19.528 0.180
4606.88897 19.228 0.119
4610.73377 20.400 0.279
4610.94100 19.173 0.140
4611.62311 19.229 0.142
4611.81395 19.218 0.097
4612.64448 19.268 0.158
4615.78621 18.953 0.110
4616.59523 19.257 0.156
4616.81174 19.173 0.105
4616.88170 19.147 0.115
4617.66147 20.208 0.260
4618.60696 19.162 0.123
4621.73592 19.055 0.074
4622.80539 19.387 0.150
4622.90685 19.541 0.225
4623.64076 19.441 0.206
4623.86454 19.207 0.159
4624.58447 20.355 0.357
4624.80866 19.233 0.134
4624.87501 19.191 0.113
4625.59857 19.268 0.150
4625.78893 20.204 0.331
4625.90369 19.479 0.220
4626.59709 19.177 0.131
4626.85240 19.397 0.187
4627.55754 19.076 0.104
4627.82975 19.287 0.091
4627.91410 19.136 0.087
4628.54325 19.126 0.108
4628.75111 19.023 0.096
4628.81654 18.982 0.100
4628.88643 19.237 0.123
4629.62222 19.050 0.085
4629.82486 19.240 0.114
4629.90286 19.042 0.103
4630.55817 19.331 0.138
4630.76401 19.214 0.098
4630.84735 19.109 0.094
4630.91014 19.185 0.144
4631.55957 19.513 0.114
4631.77533 19.176 0.090
4631.86199 19.071 0.097
4632.56335 19.266 0.112
4632.85009 19.094 0.104
4633.56332 19.129 0.105
4633.67486 19.153 0.102
4633.79060 20.061 0.251
4638.74837 19.187 0.128
4638.85858 19.205 0.135
4639.57093 19.983 0.269
4639.66871 19.341 0.127
4640.59044 19.053 0.092
4640.72261 19.827 0.195
4640.82762 18.901 0.110
4641.66443 19.193 0.102
4641.77439 19.111 0.111
4642.58832 19.035 0.100
4642.75085 19.157 0.124
4642.82592 19.203 0.134
4643.54611 19.145 0.131
4644.59349 19.266 0.148
4644.84970 19.183 0.101
4645.51655 18.945 0.111
4645.76503 19.177 0.123
4645.83977 19.200 0.136
4646.51461 20.150 0.255
4646.84700 19.107 0.109
4647.51098 19.160 0.134
4647.73402 19.517 0.186
4647.84504 19.042 0.126
4648.49412 19.204 0.132
4648.70775 19.134 0.109
4648.81164 20.064 0.287
4649.52021 19.212 0.143
4649.72891 19.199 0.093
4649.85532 19.316 0.147
4650.50620 19.189 0.129
4650.77012 19.130 0.112
4650.86381 18.970 0.119
4651.50953 19.191 0.160
4651.80468 19.287 0.135
4652.50059 19.317 0.146
4652.71373 19.266 0.113
4652.78861 19.326 0.125
4652.83834 19.336 0.165
4653.49694 19.695 0.261
4653.71612 19.215 0.124
4653.78129 19.086 0.134
4654.53574 19.537 0.185
4654.74719 19.071 0.104
4654.81232 19.374 0.196
4655.49681 19.066 0.133
4655.72130 19.857 0.162
4655.78309 19.660 0.173
4656.49875 19.100 0.083
4656.68849 19.350 0.132
4656.80777 18.957 0.114
4657.72310 19.309 0.145
4658.65708 19.463 0.160
4659.59119 19.057 0.146
4660.60952 19.057 0.105
4661.48681 19.382 0.164
4661.68750 19.104 0.126
4661.74898 19.178 0.136
4661.81617 19.018 0.128
4665.65426 19.368 0.185
4666.55968 19.224 0.131
4666.70276 19.065 0.108
4666.74491 19.290 0.149
4667.57123 19.291 0.186
4670.64440 19.350 0.157
4671.57992 19.155 0.105
4672.50540 19.260 0.099
4672.69790 19.144 0.093
4672.72018 19.187 0.095
4674.50853 19.074 0.127
4674.70164 19.123 0.105
4674.74093 19.469 0.178
4675.67582 19.142 0.104
4677.48511 19.199 0.102
4677.63144 19.256 0.141
4677.77402 19.399 0.148
4678.68853 19.134 0.103
4679.49073 18.986 0.132
4681.52651 19.019 0.100
4681.62653 19.089 0.111
4681.75875 19.355 0.130
4682.49752 19.164 0.104
4682.65485 19.203 0.105
4682.75007 19.115 0.102
4683.51604 18.986 0.120
4683.70294 19.111 0.105
4684.50859 19.401 0.131
4684.72229 19.332 0.117
4685.49352 19.363 0.183
4685.51327 19.108 0.132
4685.57035 19.119 0.112
4685.60439 19.225 0.104
4685.65929 19.304 0.110
4685.72849 19.794 0.206
4686.49730 19.153 0.113
4686.70129 19.266 0.150
4687.48106 19.336 0.142
4687.73655 19.267 0.130
4688.49398 18.962 0.110
4688.68381 19.055 0.090
4688.74562 19.403 0.160
4693.54156 19.106 0.084
4694.53679 19.654 0.264
4697.49745 19.246 0.120
4698.50297 19.474 0.141
4699.49911 19.107 0.110
4700.50538 19.119 0.096
4701.50066 19.128 0.117
4702.49919 19.321 0.112
4703.56967 19.120 0.107
4704.63945 19.018 0.087
4705.50288 19.173 0.103
4708.53608 19.108 0.136
4709.51218 19.249 0.170
4710.54181 19.268 0.119
4711.52116 19.333 0.141
4715.58116 19.669 0.230
4716.58355 19.172 0.157
4720.55070 19.041 0.116
4721.48225 19.915 0.357
4722.51479 19.034 0.105
4724.50459 19.306 0.162
4725.48288 19.034 0.147
4726.54431 19.570 0.251
4728.58944 19.179 0.157
4729.54492 19.361 0.183
4730.56128 19.291 0.113
4731.56818 19.135 0.115
4733.51988 19.353 0.137
4734.54926 19.073 0.119
4737.54014 19.317 0.136
4740.55065 19.429 0.174
4741.55834 19.124 0.117
4743.53330 19.169 0.126
4753.54423 19.198 0.162
4756.52306 19.257 0.153
4758.50588 19.522 0.209
4868.87629 19.100 0.098
4869.86015 19.099 0.110
4873.84898 19.875 0.210
4877.84329 18.962 0.087
4883.84531 19.249 0.123
4884.85082 19.205 0.105
4886.89396 19.307 0.140
4890.87888 19.175 0.095
4896.86714 19.241 0.101
4899.83804 19.134 0.104
4900.87949 19.046 0.097
4901.87787 19.348 0.118
4902.87659 19.152 0.091
4904.80068 19.071 0.097
4905.90466 19.697 0.202
4910.82642 19.931 0.207
4911.77720 19.252 0.088
4912.77411 19.130 0.071
4914.79119 19.100 0.104
4917.75222 19.879 0.166
4920.73252 19.102 0.080
4924.77358 19.157 0.090
4925.81352 20.395 0.263
4925.90056 19.349 0.091
4927.70715 19.268 0.168
4927.86768 19.253 0.136
4928.72968 19.363 0.149
4929.78595 19.133 0.094
4930.70045 19.232 0.119
4930.81938 19.123 0.102
4931.71528 19.114 0.118
4931.86095 19.219 0.113
4932.71834 20.121 0.255
4932.78452 19.543 0.138
4932.81901 19.446 0.117
4933.76667 19.068 0.120
4934.76507 19.351 0.243
4934.83033 18.882 0.109
4938.67566 19.281 0.130
4938.88031 19.224 0.125
4939.69457 19.967 0.285
4940.69457 19.397 0.134
4941.67332 19.071 0.117
4941.77132 18.904 0.093
4942.71109 19.033 0.091
4943.66516 19.236 0.109
4943.80465 19.183 0.104
4944.66197 19.163 0.095
4944.81741 19.378 0.105
4945.71042 19.283 0.107
4945.76687 19.244 0.088
4946.66009 19.437 0.140
4947.65375 19.372 0.102
4947.85169 19.218 0.088
4948.83430 19.332 0.088
4949.78240 19.099 0.091
4951.64246 18.987 0.102
4952.64068 19.193 0.115
4953.63432 19.380 0.135
4953.80888 19.238 0.113
4954.63584 20.640 0.472
4954.82871 19.191 0.094
4955.76991 19.337 0.136
