2125.67797 18.427 0.090
2129.73066 18.649 0.065
2132.67366 18.558 0.071
2136.57709 18.453 0.081
2141.59222 18.656 0.067
2144.67555 18.658 0.072
2160.63158 18.428 0.076
2170.57250 18.533 0.064
2178.58328 18.464 0.138
2211.53652 18.578 0.118
2333.87310 18.505 0.068
2344.83443 18.681 0.077
2355.88525 18.372 0.055
2364.87688 18.739 0.093
2372.88866 18.588 0.071
2384.82360 18.410 0.050
2388.82277 18.376 0.058
2390.86077 18.430 0.069
2393.85495 18.503 0.133
2400.80224 18.458 0.066
2402.90893 18.597 0.080
2406.85173 18.414 0.069
2414.87438 18.481 0.070
2416.88999 18.501 0.082
2424.74861 18.389 0.067
2428.73383 18.379 0.052
2432.88536 18.496 0.104
2436.82132 18.645 0.077
2438.79499 18.544 0.068
2454.79065 18.185 0.065
2459.68581 18.406 0.051
2460.70387 18.536 0.083
2463.58512 18.580 0.054
2466.60490 18.449 0.054
2468.73120 18.554 0.050
2470.71494 18.665 0.063
2472.74535 18.453 0.059
2481.60173 18.482 0.090
2484.66504 18.338 0.066
2486.75774 18.593 0.115
2490.74094 18.482 0.104
2493.68564 18.539 0.089
2496.53168 18.494 0.053
2498.55229 18.592 0.048
2500.59574 18.625 0.064
2502.60935 18.633 0.069
2508.70756 18.382 0.081
2517.55846 18.574 0.088
2520.62593 18.573 0.070
2529.49178 18.368 0.070
2538.54343 18.415 0.068
2542.57120 18.383 0.056
2548.49971 18.395 0.086
2552.53602 18.586 0.092
2557.50120 18.383 0.068
2564.52261 18.725 0.094
2708.85013 18.427 0.051
2719.85581 18.524 0.082
2729.87783 18.742 0.099
2734.81679 18.614 0.061
2747.74141 18.764 0.139
2753.92643 18.606 0.098
2757.85255 18.326 0.070
2761.90136 18.415 0.066
2767.84833 18.413 0.085
2775.76517 18.704 0.121
2782.68652 18.530 0.098
2782.70091 18.613 0.089
2784.60917 18.386 0.055
2786.82718 18.394 0.067
2788.63909 18.402 0.058
2790.74352 18.641 0.072
2793.85327 18.631 0.095
2793.86462 18.467 0.078
2793.88164 18.351 0.073
2793.88526 18.348 0.059
2793.89568 18.407 0.068
2793.90492 18.328 0.060
2793.91355 18.447 0.073
2793.92231 18.382 0.080
2793.93144 18.517 0.084
2793.93766 18.394 0.085
2793.95112 18.569 0.166
2794.54063 18.712 0.131
2794.58339 18.606 0.106
2794.59339 18.680 0.109
2794.60212 18.477 0.090
2794.61049 18.434 0.094
2794.63441 18.298 0.065
2794.70248 18.502 0.081
2794.76567 18.530 0.085
2794.93062 18.599 0.093
2795.63111 18.595 0.063
2795.66892 18.450 0.054
2795.72439 18.425 0.065
2796.55591 18.478 0.056
2796.68089 18.506 0.056
2796.79845 18.443 0.063
2796.82250 18.330 0.055
2796.85330 18.457 0.055
2796.86727 18.375 0.053
2796.87462 18.442 0.064
2796.88057 18.486 0.066
2796.88671 18.503 0.064
2796.89283 18.492 0.067
2796.90221 18.616 0.074
2796.91151 18.499 0.068
2796.92039 18.552 0.065
2796.94036 18.582 0.080
2797.56578 18.301 0.055
2797.64306 18.601 0.054
2797.84594 18.673 0.066
2802.57117 18.604 0.112
2802.73544 18.579 0.098
2808.79693 18.525 0.088
2809.75800 18.287 0.068
2811.68512 18.682 0.096
2812.81444 18.501 0.086
2813.85823 18.547 0.069
2815.83887 18.603 0.069
2816.85986 18.399 0.063
2818.62954 18.477 0.068
2819.80605 18.391 0.059
2821.69191 18.587 0.072
2835.67732 18.476 0.076
2837.68506 18.310 0.092
2838.82081 18.544 0.114
2840.73813 18.373 0.072
2843.68941 18.393 0.062
2845.68677 18.474 0.068
2850.57566 18.352 0.052
2854.58785 18.410 0.067
2857.49810 18.358 0.067
2858.71046 18.510 0.080
2859.57095 18.598 0.105
2862.65755 18.762 0.126
2866.60703 18.352 0.074
2868.70887 18.510 0.066
2871.62714 18.525 0.063
2883.62372 18.707 0.082
2892.55004 18.701 0.102
2895.61565 18.531 0.066
2900.62732 18.620 0.089
2905.62644 18.429 0.079
2909.63576 18.590 0.082
2920.55069 18.534 0.115
2931.54751 18.594 0.068
3052.85736 18.468 0.055
3059.83029 18.315 0.053
3064.84717 18.559 0.090
3068.80096 18.489 0.083
3070.87962 18.476 0.068
3073.83570 18.399 0.053
3075.87380 18.373 0.053
3080.77802 18.460 0.062
3082.90585 18.446 0.061
3085.83628 18.367 0.055
3086.91091 18.635 0.073
3088.82891 18.396 0.049
3090.74198 18.576 0.054
3096.89717 18.650 0.104
3099.79287 18.471 0.064
3101.76911 18.278 0.064
3103.80208 18.551 0.062
3104.86073 18.548 0.192
3106.87399 18.454 0.073
3108.79451 18.294 0.044
3109.85340 18.486 0.059
3110.85983 18.525 0.068
3112.84512 18.336 0.055
3114.80974 18.445 0.055
3116.89782 18.428 0.066
3122.93574 18.393 0.152
3125.90022 18.454 0.084
3127.84443 18.694 0.090
3128.84634 18.404 0.071
3130.72683 18.345 0.064
3131.69331 18.409 0.070
3135.92492 18.459 0.063
3138.67921 18.289 0.058
3139.90441 18.663 0.073
3140.90862 18.438 0.065
3142.79302 18.533 0.063
3144.81301 18.412 0.056
3146.84633 18.481 0.071
3151.77591 18.575 0.082
3151.93363 18.433 0.076
3152.78153 18.453 0.062
3153.78422 18.436 0.080
3154.86971 18.386 0.073
3156.88927 18.426 0.068
3162.59910 18.361 0.069
3163.78007 18.595 0.074
3164.76230 18.157 0.052
3164.89530 18.446 0.129
3165.73589 18.523 0.056
3167.62226 18.650 0.115
3167.80001 18.447 0.102
3167.86256 18.364 0.063
3168.53038 18.554 0.096
3168.58428 18.275 0.046
3168.69466 18.575 0.079
3168.79118 18.309 0.058
3168.91914 18.468 0.069
3169.52892 18.295 0.050
3169.58627 18.632 0.057
3169.68699 18.329 0.056
3169.79938 18.453 0.071
3169.89546 18.265 0.059
3170.58519 18.214 0.039
3170.75965 18.428 0.055
3170.83703 18.563 0.054
3170.89729 18.390 0.062
3171.53108 18.458 0.055
3171.63617 18.318 0.050
3171.73992 18.606 0.061
3171.83782 18.161 0.055
3172.53038 18.592 0.067
3172.73676 18.409 0.049
3173.75752 18.548 0.081
3173.87723 18.326 0.084
3174.50977 18.536 0.068
3174.73602 18.431 0.050
3174.83742 18.581 0.063
3175.53852 18.417 0.071
3175.74480 18.786 0.105
3176.53304 18.432 0.096
3176.69016 18.630 0.089
3177.78526 18.609 0.115
3178.54950 18.291 0.062
3179.53001 18.363 0.051
3179.90925 18.340 0.063
3180.75101 18.315 0.047
3182.81168 18.330 0.056
3183.76662 18.791 0.093
3184.72776 18.440 0.054
3185.73121 18.292 0.056
3193.56263 18.286 0.051
3194.57425 18.417 0.076
3195.70581 18.335 0.048
3195.82635 18.614 0.065
3196.62725 18.430 0.054
3197.55200 18.311 0.055
3197.85541 18.266 0.084
3199.64984 18.520 0.058
3202.54347 18.467 0.066
3203.68854 18.441 0.051
3204.67946 18.427 0.054
3205.53831 18.443 0.053
3206.74368 18.549 0.091
3209.66366 18.488 0.069
3210.66372 18.409 0.046
3211.63416 18.413 0.066
3217.67837 18.709 0.080
3218.67669 18.436 0.081
3219.64184 18.396 0.075
3223.67791 18.486 0.085
3224.72595 18.485 0.066
3226.64961 18.447 0.080
3228.62716 18.646 0.075
3229.65966 18.569 0.058
3230.69314 18.488 0.062
3231.59715 18.341 0.057
3232.63360 18.539 0.083
3238.64543 18.555 0.085
3240.49759 18.449 0.059
3245.58146 18.337 0.090
3246.68715 18.310 0.072
3247.60629 18.613 0.088
3249.55381 18.562 0.074
3250.68477 18.395 0.072
3256.66404 18.631 0.085
3260.57380 18.318 0.057
3265.50420 18.612 0.091
3267.55787 18.744 0.089
3272.61583 18.532 0.080
3279.54675 18.545 0.083
3282.50523 18.677 0.079
3288.57159 18.150 0.043
3293.54218 18.080 0.033
3295.55071 18.280 0.038
3300.53601 18.813 0.118
3305.55791 18.462 0.083
3308.53321 18.758 0.129
3315.50481 18.691 0.125
3417.88062 18.477 0.043
3422.89757 18.722 0.071
3426.88870 18.492 0.056
3429.87368 18.615 0.066
3436.83177 18.474 0.083
3442.91652 18.506 0.091
3445.82954 18.495 0.048
3447.87988 18.509 0.057
3449.89681 18.736 0.068
3452.91396 18.378 0.052
3453.78580 18.433 0.066
3455.85643 18.573 0.087
3456.86750 18.457 0.053
3457.78516 18.354 0.049
3458.82874 18.771 0.074
3459.80331 18.436 0.064
3469.81574 18.497 0.045
3470.85595 18.640 0.055
3472.78715 18.515 0.049
3473.88213 18.457 0.067
3474.85452 18.703 0.074
3475.91833 18.583 0.053
3477.79107 18.509 0.063
3480.85733 18.815 0.131
3481.86136 18.442 0.047
3483.80162 18.522 0.055
3496.75548 18.463 0.061
3497.82447 18.450 0.068
3499.75191 18.454 0.051
3500.75649 18.449 0.059
3501.87006 18.415 0.053
3502.70499 18.735 0.059
3503.71564 18.491 0.051
3504.73003 18.508 0.066
3506.83502 18.596 0.092
3508.81220 18.548 0.082
3509.71528 18.481 0.059
3511.70196 18.485 0.066
3512.77092 18.647 0.077
3517.81137 18.688 0.078
3520.84654 18.408 0.059
3521.66574 18.688 0.065
3522.77593 18.553 0.066
3523.81065 18.551 0.076
3524.79829 18.586 0.079
3525.77798 18.434 0.054
3526.86337 18.494 0.065
3528.58195 18.638 0.061
3530.80734 18.471 0.048
3537.77516 18.418 0.055
3538.70466 18.524 0.071
3540.67860 18.398 0.052
3544.75858 18.496 0.074
3546.87958 18.581 0.086
3547.83699 18.557 0.082
3550.66346 18.492 0.047
3551.66814 18.539 0.042
3552.70026 18.485 0.060
3553.70295 18.760 0.106
3554.69508 18.416 0.073
3555.72922 18.549 0.067
3556.74989 18.406 0.063
3558.58569 18.425 0.052
3559.68159 18.406 0.055
3560.76311 18.410 0.052
3560.79227 18.638 0.056
3560.81555 18.526 0.061
3560.84105 18.562 0.069
3561.47648 18.408 0.087
3561.63091 18.404 0.047
3561.75009 18.663 0.057
3561.78009 18.523 0.055
3561.84212 18.485 0.058
3562.45994 18.751 0.108
3562.52576 18.410 0.045
3562.78939 18.498 0.057
3562.84199 18.715 0.075
3563.47102 18.316 0.069
3563.74665 18.569 0.072
3563.81802 18.489 0.083
3564.51139 18.537 0.103
3564.63543 18.562 0.059
3564.78897 18.658 0.089
3565.48809 18.586 0.103
3568.80493 18.666 0.080
3569.48661 18.498 0.095
3569.52491 18.629 0.108
3573.68951 18.406 0.068
3573.71648 18.535 0.074
3574.71748 18.562 0.068
3577.76713 18.759 0.082
3578.70378 18.712 0.064
3579.64908 18.522 0.058
3580.68561 18.665 0.079
3582.62780 18.507 0.058
3585.67119 18.517 0.053
3586.70260 18.601 0.054
3588.75367 18.445 0.060
3589.71500 18.492 0.065
3592.68385 18.614 0.058
3597.67421 18.384 0.081
3601.68744 18.436 0.062
3602.68759 18.801 0.094
3603.66774 18.480 0.061
3607.66625 18.560 0.070
3608.68220 18.493 0.061
3615.60950 18.651 0.068
3618.61300 18.391 0.062
3620.57623 18.639 0.061
3628.57827 18.781 0.097
3630.59231 18.611 0.084
3632.61978 18.645 0.111
3634.52316 18.498 0.057
3639.53020 18.655 0.058
3641.57573 18.567 0.080
3644.54054 18.490 0.062
3649.52992 18.612 0.074
3651.58201 18.444 0.076
3654.56708 18.249 0.079
3655.54719 18.720 0.075
3659.54215 18.543 0.100
3662.54664 18.636 0.106
3665.51715 18.722 0.094
3672.51844 18.358 0.092
3777.85183 18.319 0.061
3782.88781 18.564 0.056
3785.84945 18.437 0.054
3787.87015 18.529 0.054
3791.84453 18.524 0.083
3793.88874 18.437 0.051
3795.87297 18.408 0.055
3796.90541 18.491 0.062
3798.83631 18.493 0.054
3799.89067 18.525 0.073
3802.87987 18.751 0.074
3804.79308 18.458 0.065
3805.83159 18.589 0.065
3806.82831 18.444 0.060
3807.85252 18.548 0.064
3808.85616 18.524 0.072
3809.91305 18.458 0.068
3810.90911 18.690 0.075
3811.79967 18.813 0.104
3813.86033 18.514 0.061
3814.85576 18.489 0.060
3818.77342 18.482 0.055
3820.80110 18.408 0.043
3821.80427 18.824 0.071
3822.84794 18.427 0.050
3823.80893 18.781 0.059
3824.79537 18.583 0.079
3824.80287 18.452 0.068
3825.83496 18.719 0.068
3826.79467 18.498 0.059
3827.83511 18.658 0.053
3828.81518 18.466 0.055
3829.74300 18.363 0.051
3830.77155 18.586 0.055
3832.77489 18.581 0.056
3833.80217 18.572 0.046
3834.77411 18.645 0.056
3835.76281 18.437 0.052
3836.72425 18.531 0.065
3837.76489 18.378 0.058
3838.77283 18.845 0.105
3839.76876 18.424 0.058
3840.77190 18.765 0.073
3841.72710 18.476 0.062
3841.87704 18.825 0.077
3842.71872 18.696 0.114
3845.74861 18.356 0.114
3846.75947 18.630 0.060
3846.88820 18.488 0.057
3847.83256 18.551 0.071
3848.78260 18.784 0.088
3848.90576 18.692 0.087
3849.78014 18.428 0.053
3850.72529 18.554 0.059
3850.89816 18.566 0.079
3851.73892 18.492 0.052
3851.90369 18.550 0.071
3852.72746 18.553 0.063
3852.85128 18.648 0.066
3852.93295 18.771 0.144
3853.72018 18.538 0.040
3853.88435 18.654 0.057
3856.70840 18.364 0.047
3856.89647 18.425 0.053
3858.74528 18.684 0.064
3859.86541 18.743 0.088
3860.70070 18.584 0.059
3861.69813 18.721 0.073
3861.80224 18.447 0.048
3861.90115 18.748 0.067
3862.67995 18.408 0.050
3862.89471 18.553 0.072
3863.69281 18.771 0.061
3863.83658 18.552 0.056
3863.91271 18.694 0.058
3864.70959 18.510 0.053
3864.89580 18.455 0.050
3865.66950 18.514 0.057
3865.80519 18.511 0.055
3865.88377 18.780 0.077
3866.64256 18.595 0.063
3866.71506 18.303 0.041
3866.85455 18.440 0.055
3866.92891 18.474 0.046
3867.66099 18.474 0.056
3867.84643 18.469 0.063
3867.91666 18.730 0.070
3868.66877 18.486 0.072
3868.70615 18.355 0.058
3868.81099 18.760 0.077
3868.89255 18.546 0.077
3868.92473 18.597 0.084
3869.61933 18.615 0.077
3869.65373 18.564 0.059
3869.68557 18.652 0.068
3869.74703 18.582 0.066
3869.81668 18.537 0.085
3869.86668 18.720 0.089
3869.90306 18.778 0.095
3869.93767 18.707 0.114
3870.69461 18.548 0.129
3870.75441 18.456 0.086
3870.84136 18.763 0.156
3872.74053 18.341 0.053
3872.85179 18.510 0.064
3873.62090 18.518 0.065
3873.70236 18.563 0.060
3873.84143 18.392 0.057
3873.91192 18.840 0.081
3874.70364 18.541 0.061
3874.87212 18.634 0.067
3875.64031 18.342 0.042
3875.78758 18.453 0.043
3875.86628 18.560 0.057
3876.60528 18.460 0.053
3876.66370 18.642 0.050
3877.66820 18.464 0.044
3877.81641 18.552 0.058
3877.89020 18.521 0.064
3877.92864 18.779 0.087
3879.92509 18.724 0.088
3879.93286 19.012 0.122
3880.60132 18.397 0.040
3880.87173 18.594 0.062
3880.94527 18.344 0.089
3881.69198 18.430 0.049
3881.83472 18.419 0.048
3882.60408 18.554 0.063
3882.80700 18.455 0.055
3882.87721 18.645 0.062
3883.66945 18.464 0.048
3883.90527 18.543 0.054
3886.63471 18.639 0.051
3886.82424 18.644 0.058
3886.89630 18.356 0.048
3886.92231 18.553 0.063
3887.60479 18.604 0.060
3887.80747 18.421 0.059
3887.83528 18.486 0.059
3887.90732 18.533 0.066
3888.63562 18.510 0.055
3889.68726 18.486 0.048
3889.78328 18.689 0.062
3889.79502 18.518 0.063
3889.83447 18.589 0.066
3889.85231 18.574 0.058
3889.90479 18.453 0.054
3889.93122 18.577 0.069
3890.56007 18.471 0.070
3890.57553 18.412 0.063
3890.62499 18.479 0.054
3890.63492 18.502 0.051
3890.64373 18.604 0.057
3890.66090 18.634 0.057
3890.66983 18.650 0.056
3890.67879 18.589 0.054
3890.69906 18.760 0.054
3890.72211 18.500 0.043
3891.55443 18.673 0.093
3891.60146 18.566 0.063
3891.63612 18.481 0.061
3891.68852 18.432 0.061
3891.71187 18.623 0.071
3891.75805 18.711 0.082
3891.81707 18.541 0.061
3891.86943 18.572 0.075
3891.91051 18.776 0.075
3892.55290 18.436 0.079
3892.56387 18.517 0.072
3892.59852 18.601 0.089
3892.62222 18.752 0.090
3892.65818 18.818 0.072
3892.73210 18.420 0.051
3892.82596 18.676 0.073
3892.92709 18.640 0.102
3893.57326 18.723 0.096
3893.61338 18.618 0.078
3893.65649 18.325 0.055
3893.81755 18.569 0.074
3893.90784 18.611 0.092
3894.63321 18.481 0.078
3894.70430 18.746 0.092
3894.75656 18.593 0.076
3894.80182 18.644 0.098
3894.84625 18.818 0.103
3894.87896 18.814 0.098
3896.56367 18.296 0.076
3896.60366 18.534 0.093
3896.61875 18.649 0.110
3896.63311 18.435 0.079
3896.64806 18.595 0.090
3896.67870 18.896 0.121
3896.69024 18.752 0.087
3896.70163 18.706 0.074
3896.71711 18.498 0.074
3896.72874 18.554 0.068
3896.74310 18.616 0.078
3896.76117 18.442 0.069
3896.77836 18.636 0.097
3896.79707 18.573 0.102
3896.82703 18.679 0.112
3900.52541 18.447 0.087
3900.56336 18.519 0.072
3900.61408 18.435 0.058
3900.65209 18.662 0.083
3900.70110 18.465 0.091
3900.73811 18.421 0.055
3900.74978 18.434 0.057
3900.76437 18.414 0.059
3900.82516 18.421 0.059
3900.88532 18.487 0.063
3901.56530 18.535 0.082
3901.57720 18.628 0.083
3901.76669 18.679 0.070
3901.82881 18.556 0.076
3901.90127 18.500 0.071
3902.55449 18.539 0.055
3902.58607 18.488 0.052
3902.59813 18.410 0.049
3902.64393 18.456 0.053
3902.76384 18.638 0.067
3902.77430 18.580 0.070
3902.78326 18.485 0.063
3902.79262 18.458 0.065
3902.80518 18.554 0.062
3902.82032 18.655 0.078
3902.82971 18.659 0.077
3902.84573 18.665 0.082
3902.85942 18.559 0.066
3902.89016 18.634 0.092
3902.90553 18.669 0.096
3903.68698 18.449 0.054
3904.58114 18.438 0.039
3904.74440 18.521 0.066
3904.81338 18.731 0.067
3904.86620 18.635 0.062
3905.57807 18.555 0.049
3905.75209 18.629 0.055
3905.82469 18.583 0.047
3905.89327 18.324 0.051
3906.51672 18.788 0.100
3906.68657 18.755 0.080
3906.75953 18.501 0.066
3906.83221 18.518 0.068
3906.85017 18.541 0.064
3906.88264 18.573 0.069
3907.62324 18.707 0.064
3907.81809 18.785 0.107
3907.89063 18.580 0.088
3908.55942 18.530 0.054
3908.74987 18.723 0.072
3908.82513 18.548 0.055
3909.56452 18.557 0.059
3909.75891 18.551 0.053
3909.84082 18.501 0.058
3910.61325 18.403 0.044
3912.56365 18.571 0.040
3912.76044 18.198 0.038
3912.84833 18.518 0.050
3913.56143 18.507 0.044
3914.57888 18.384 0.054
3915.55942 18.420 0.055
3915.76274 18.667 0.067
3915.85975 18.427 0.061
3916.60730 18.551 0.070
3916.77993 18.854 0.110
3917.64726 18.483 0.067
3917.85015 18.608 0.080
3918.64072 18.476 0.066
3918.85044 18.593 0.075
3919.59360 18.609 0.072
3919.82005 18.654 0.082
3920.54523 18.594 0.054
3920.74149 18.606 0.067
3920.82025 18.544 0.049
3921.53824 18.437 0.056
3921.74870 18.877 0.134
3922.74516 18.842 0.106
3931.54384 18.462 0.059
3931.66726 18.651 0.076
3933.54466 18.513 0.051
3933.72595 18.401 0.051
3933.80161 18.666 0.075
3934.51543 18.534 0.065
3934.70925 18.569 0.063
3934.77828 18.600 0.056
3935.56525 18.536 0.078
3935.73656 18.449 0.063
3935.78834 18.463 0.059
3936.51887 18.806 0.089
3936.68419 18.507 0.065
3936.76177 18.750 0.074
3938.52640 18.647 0.082
3938.72799 18.748 0.082
3938.77720 18.868 0.094
3940.62940 18.445 0.046
3941.67355 18.685 0.083
3944.58290 18.578 0.068
3945.53178 18.847 0.093
3945.71982 18.451 0.055
3946.54205 18.685 0.079
3946.73145 18.608 0.057
3950.54995 18.608 0.052
3950.76944 18.766 0.078
3951.54619 18.541 0.071
3956.59260 18.920 0.119
3957.53348 18.654 0.087
3958.60625 18.731 0.083
3958.63530 18.510 0.075
3959.54619 18.596 0.070
3959.71058 18.728 0.082
3960.52417 18.445 0.052
3960.70409 18.497 0.048
3961.52381 18.748 0.094
3961.59926 18.502 0.087
3961.66529 18.778 0.115
3963.48578 18.555 0.073
3963.66035 18.518 0.056
3963.73369 18.781 0.083
3965.73509 18.756 0.068
3966.53710 18.531 0.063
3966.71957 18.525 0.065
3968.52363 18.614 0.078
3968.69513 18.417 0.061
3969.52752 18.649 0.083
3969.70614 18.665 0.068
3970.53933 18.661 0.088
3970.71926 18.455 0.050
3971.57912 18.595 0.085
3973.60427 18.606 0.063
3974.53411 18.591 0.084
3975.53660 18.797 0.073
3976.53135 18.558 0.064
3979.54112 18.770 0.135
3982.60829 18.663 0.084
3986.60833 18.466 0.061
3987.53075 18.664 0.073
3988.54357 18.585 0.054
3989.60525 18.617 0.087
3990.64752 18.687 0.073
3994.50024 18.726 0.101
3995.59785 18.625 0.065
3999.63540 18.696 0.068
4000.54244 18.969 0.110
4001.53220 18.742 0.093
4002.52891 18.532 0.065
4004.55183 18.465 0.080
4005.55453 18.561 0.073
4006.54922 18.576 0.062
4012.52492 18.764 0.111
4016.56681 18.984 0.131
4018.57940 18.753 0.101
4021.56336 18.931 0.110
4024.51110 18.440 0.076
4026.50663 18.666 0.072
4028.52265 18.772 0.089
4031.52274 18.678 0.091
4038.52794 19.208 0.179
4041.52708 18.533 0.106
4142.87817 18.433 0.095
4151.88332 18.740 0.103
4154.83075 18.494 0.068
4156.88374 18.423 0.081
4159.81780 18.471 0.074
4161.87123 18.663 0.098
4163.88722 18.763 0.080
4165.84408 18.775 0.132
4175.87767 18.575 0.071
4177.77740 18.519 0.071
4178.83476 18.563 0.074
4179.87463 18.615 0.071
4181.81103 18.522 0.068
4182.85962 18.497 0.059
4183.89211 18.730 0.084
4185.76854 18.481 0.072
4191.77910 18.674 0.094
4193.79020 18.525 0.089
4194.81305 18.631 0.086
4196.80307 18.558 0.072
4202.78465 18.481 0.061
4203.77242 18.738 0.072
4204.70721 18.654 0.081
4204.73063 18.440 0.064
4204.76479 18.424 0.066
4204.80708 18.503 0.056
4204.84109 18.786 0.071
4204.87522 18.623 0.064
4204.91343 18.488 0.057
4205.70750 18.530 0.083
4205.76301 18.669 0.065
4205.83637 18.409 0.048
4205.91440 18.519 0.066
4207.75426 18.635 0.068
4208.70820 18.523 0.080
4211.81953 18.632 0.096
4212.84908 18.720 0.093
4213.75714 18.681 0.068
4215.77018 18.732 0.095
4216.72805 18.631 0.072
4216.93326 18.443 0.077
4217.73555 18.480 0.054
4217.89684 18.500 0.051
4218.78531 18.676 0.105
4219.79256 18.758 0.076
4220.73435 18.509 0.069
4222.70018 18.789 0.104
4224.81334 18.504 0.070
4228.70564 18.689 0.085
4229.69922 18.529 0.082
4229.89619 18.506 0.065
4230.64742 18.472 0.063
4230.83540 18.423 0.068
4230.89709 18.731 0.106
4231.67138 18.304 0.048
4231.72248 18.458 0.060
4231.87748 18.596 0.080
4232.65913 18.635 0.110
4232.78414 18.614 0.083
4232.92166 18.701 0.101
4233.85187 18.746 0.092
4234.77945 18.438 0.064
4234.90180 18.623 0.080
4235.69577 18.459 0.059
4235.75321 18.469 0.057
4235.85684 18.563 0.068
4235.91895 18.789 0.138
4237.62231 18.749 0.111
4238.69366 18.646 0.077
4239.66553 18.772 0.091
4240.70519 18.549 0.067
4240.86158 18.588 0.084
4243.67085 18.751 0.100
4243.76428 18.530 0.068
4243.85716 18.658 0.087
4244.64304 18.413 0.072
4244.73940 18.715 0.075
4244.83200 18.504 0.069
4245.63612 18.688 0.075
4245.73043 18.438 0.056
4245.82591 18.711 0.077
4245.89851 18.592 0.081
4246.69480 18.476 0.068
4246.78792 18.592 0.068
4246.88062 18.553 0.074
4247.70983 18.519 0.077
4250.75791 18.805 0.090
4256.65032 18.502 0.090
4256.79585 18.718 0.119
4257.67722 18.746 0.085
4258.66056 18.511 0.077
4258.78339 18.671 0.086
4258.87600 18.553 0.085
4267.62024 18.549 0.068
4268.73096 18.581 0.059
4268.86721 18.555 0.080
4269.60246 18.399 0.053
4269.75273 18.459 0.063
4270.53716 18.667 0.098
4272.58363 18.536 0.067
4272.73353 18.461 0.057
4272.79216 18.615 0.080
4272.86352 18.531 0.085
4273.64401 18.487 0.075
4273.82216 18.502 0.080
4273.88337 18.876 0.165
4274.57508 18.534 0.085
4274.72801 18.497 0.078
4274.78892 18.783 0.086
4274.86216 18.544 0.093
4275.62664 18.556 0.076
4275.80189 18.524 0.089
4275.86301 18.718 0.117
4276.61136 18.853 0.116
4277.55508 18.690 0.101
4277.73216 18.756 0.089
4277.79080 18.543 0.095
4278.60002 18.621 0.094
4278.78650 18.825 0.136
4283.53762 18.690 0.097
4284.52940 18.425 0.085
4284.67976 18.835 0.108
4284.73914 18.446 0.067
4284.80118 18.649 0.093
4285.53258 18.818 0.112
4285.72610 18.643 0.086
4285.78741 18.424 0.069
4285.85262 18.644 0.092
4286.53234 18.570 0.093
4286.84055 18.334 0.093
4289.54321 18.739 0.099
4289.76212 18.587 0.078
4289.82694 18.565 0.076
4290.58950 18.517 0.082
4291.60919 18.538 0.061
4292.51476 18.500 0.057
4292.69377 18.482 0.062
4292.75257 18.488 0.054
4292.81556 18.689 0.094
4293.51552 18.549 0.066
4293.69968 18.599 0.069
4293.75844 18.617 0.067
4293.79869 18.492 0.066
4293.83620 18.446 0.082
4294.51414 18.558 0.068
4295.52430 18.622 0.075
4295.71940 18.698 0.067
4295.77800 18.654 0.066
4296.51840 18.565 0.074
4296.72411 18.492 0.067
4297.53820 18.640 0.078
4297.74276 18.677 0.075
4298.57267 18.499 0.082
4298.68429 18.693 0.079
4298.82171 19.022 0.134
4299.55976 18.658 0.061
4299.64967 18.477 0.057
4299.74096 18.758 0.074
4300.55641 18.555 0.072
4300.67155 18.879 0.085
4300.81656 18.813 0.105
4301.54253 18.738 0.077
4301.63878 18.495 0.060
4301.74096 18.769 0.074
4303.70210 18.590 0.078
4304.58039 18.510 0.083
4306.58614 18.338 0.076
4306.72266 18.470 0.084
4310.63975 18.706 0.122
4312.52734 18.831 0.123
4314.78479 18.411 0.091
4315.55882 18.576 0.071
4316.58908 18.486 0.059
4317.51098 18.438 0.062
4319.54606 18.623 0.071
4319.69202 18.755 0.109
4320.61337 18.645 0.086
4326.56280 18.539 0.065
4326.73894 18.667 0.101
4327.61443 18.811 0.102
4328.47958 18.659 0.090
4329.54960 18.590 0.087
4330.47991 18.506 0.067
4331.52206 18.612 0.067
4332.53206 18.705 0.063
4333.55706 18.471 0.083
4334.52979 19.084 0.130
4338.52719 18.579 0.092
4339.52332 18.497 0.075
4340.64350 18.636 0.084
4341.52757 18.578 0.100
4346.54474 18.937 0.121
4352.58627 18.691 0.123
4353.54961 18.527 0.080
4354.56899 18.817 0.095
4355.57683 18.648 0.094
4356.53402 18.538 0.083
4357.50542 18.807 0.113
4358.54884 18.624 0.086
4359.51780 18.621 0.100
4361.53114 18.733 0.132
4362.54852 18.662 0.118
4365.58677 18.392 0.079
4367.54018 18.739 0.100
4368.51313 18.494 0.100
4369.59229 18.550 0.119
4370.51949 18.455 0.062
4371.49457 18.715 0.088
4372.54370 18.532 0.066
4373.53475 18.723 0.112
4377.50799 18.680 0.078
4378.54234 18.535 0.074
4379.56433 18.555 0.118
4380.49981 18.502 0.070
4381.54745 19.064 0.178
4382.53397 18.378 0.091
4383.53817 18.867 0.124
4384.51258 18.638 0.122
4388.58362 18.516 0.113
4393.55465 18.847 0.102
4394.52785 18.516 0.078
4395.56402 18.823 0.141
4396.53381 18.534 0.116
4397.55750 18.720 0.120
4398.56284 18.650 0.104
4399.51278 18.478 0.095
4400.55725 18.595 0.132
4403.51114 18.774 0.139
4409.52856 18.817 0.156
4507.88682 18.529 0.106
4511.85403 18.424 0.058
4511.87384 18.564 0.060
4513.88522 18.748 0.081
4517.88434 18.648 0.106
4523.89609 18.580 0.084
4525.84000 18.647 0.109
4530.90558 18.557 0.077
4531.84788 18.690 0.081
4534.86950 18.630 0.096
4536.80154 18.444 0.080
4537.86168 18.642 0.065
4538.89408 18.685 0.075
4539.88018 18.599 0.070
4540.82410 18.373 0.055
4541.81663 18.760 0.074
4542.81139 18.493 0.073
4543.80690 18.737 0.077
4544.80386 18.495 0.069
4545.76800 18.514 0.087
4546.77465 18.391 0.073
4547.74937 18.547 0.091
4548.84166 18.736 0.115
4548.89259 18.665 0.108
4550.77172 18.702 0.121
4551.79281 18.758 0.118
4552.74205 18.591 0.132
4556.78144 18.592 0.071
4557.80259 18.573 0.073
4558.73225 18.811 0.084
4559.77311 18.477 0.064
4560.77350 18.629 0.072
4561.76280 18.437 0.053
4564.75306 18.725 0.071
4565.75109 18.478 0.049
4566.75054 18.636 0.062
4567.75048 18.623 0.066
4568.75999 18.673 0.069
4569.76762 18.438 0.068
4570.75568 18.630 0.076
4571.74735 18.523 0.087
4572.77419 18.665 0.072
4573.76234 18.532 0.066
4574.76492 18.712 0.088
4574.91294 18.403 0.063
4575.77372 18.427 0.061
4576.79285 18.656 0.064
4576.88362 18.528 0.068
4576.91524 18.743 0.087
4577.86192 18.765 0.084
4577.91795 18.594 0.065
4578.81626 18.769 0.106
4579.89009 18.698 0.099
4583.76032 18.533 0.083
4585.78727 18.441 0.079
4586.76338 18.771 0.099
4587.79695 18.548 0.078
4588.67211 18.573 0.083
4588.90459 18.528 0.056
4589.71854 18.719 0.083
4589.87384 18.684 0.090
4589.93573 18.607 0.100
4590.72732 18.497 0.071
4590.92927 18.555 0.068
4591.66843 18.623 0.078
4591.87977 18.782 0.078
4592.68864 18.549 0.067
4592.87794 18.474 0.060
4593.67783 18.666 0.077
4593.88766 18.666 0.068
4593.92752 18.660 0.076
4594.69908 18.475 0.068
4594.89391 18.493 0.068
4595.69162 18.580 0.075
4595.88290 18.671 0.075
4596.68346 18.766 0.083
4597.70811 18.650 0.081
4597.89972 18.844 0.083
4598.68431 18.558 0.054
4599.65681 18.518 0.069
4600.66918 18.636 0.065
4600.87786 18.581 0.059
4601.67171 18.538 0.058
4601.88796 18.558 0.057
4602.66427 18.615 0.062
4602.88859 18.624 0.057
4603.87568 18.617 0.071
4606.67211 18.724 0.074
4606.92731 18.475 0.074
4610.77454 18.563 0.086
4611.65095 18.474 0.074
4611.79982 18.496 0.060
4612.67247 18.631 0.073
4615.81477 18.588 0.075
4616.62644 18.560 0.072
4616.84274 18.751 0.089
4617.72735 18.598 0.065
4618.63502 18.621 0.068
4622.64858 18.562 0.077
4622.83351 18.683 0.087
4623.69521 18.686 0.090
4623.89282 18.587 0.101
4624.61669 18.586 0.093
4624.83669 18.569 0.074
4625.62709 18.540 0.093
4625.84646 18.570 0.093
4625.93501 18.816 0.137
4626.64770 18.541 0.090
4627.58568 18.776 0.082
4628.59265 18.581 0.078
4628.78239 18.677 0.088
4628.84472 18.813 0.098
4629.65547 18.573 0.063
4629.86312 18.548 0.078
4630.59053 18.385 0.060
4630.80630 18.468 0.056
4630.87585 18.746 0.082
4631.61606 18.755 0.071
4631.81475 18.707 0.068
4631.89012 18.743 0.110
4632.59518 18.417 0.063
4632.88482 19.177 0.160
4633.59221 18.700 0.079
4633.70316 18.543 0.056
4633.83658 18.647 0.077
4638.77665 18.549 0.070
4639.60031 18.671 0.077
4639.69781 18.506 0.062
4640.61843 18.543 0.069
4640.75034 18.658 0.066
4640.76506 18.576 0.060
4641.69400 18.515 0.057
4641.80609 18.804 0.087
4642.61644 18.465 0.060
4642.77863 18.541 0.075
4643.57571 18.468 0.068
4644.62419 18.429 0.067
4645.55455 18.664 0.103
4645.80226 18.803 0.098
4646.54960 18.752 0.077
4647.54591 18.514 0.075
4647.76210 18.508 0.074
4647.78631 18.680 0.094
4648.54300 19.004 0.128
4649.55321 18.432 0.075
4649.77959 18.768 0.087
4650.55435 18.948 0.110
4651.53778 18.506 0.083
4652.52925 18.720 0.099
4652.74346 18.721 0.077
4653.52490 18.625 0.108
4653.74413 18.508 0.069
4654.56398 18.695 0.096
4654.77857 18.615 0.075
4655.52474 18.653 0.080
4655.74934 18.554 0.063
4656.52668 18.641 0.068
4656.83588 18.539 0.082
4657.75510 18.526 0.087
4658.68532 18.763 0.109
4660.63758 18.462 0.068
4661.51478 18.533 0.068
4661.71547 18.505 0.068
4665.68241 18.808 0.095
4666.58772 18.844 0.093
4666.68866 18.615 0.085
4666.73091 18.614 0.082
4670.58430 18.829 0.119
4671.60790 18.471 0.053
4672.53375 18.579 0.060
4672.68393 18.486 0.062
4674.53955 18.622 0.079
4677.51312 18.754 0.087
4681.56153 18.497 0.068
4684.53674 18.502 0.066
4685.47934 18.644 0.103
4686.52545 18.420 0.067
4687.52881 18.903 0.114
4687.76471 18.325 0.073
4693.56977 18.517 0.063
4697.52556 18.693 0.093
4701.52884 18.704 0.083
4702.54509 18.479 0.063
4707.62439 18.589 0.060
4708.57629 18.549 0.059
4709.54037 18.714 0.115
4710.58112 18.494 0.066
4715.61538 18.777 0.101
4716.48861 18.714 0.076
4716.61303 18.490 0.083
4720.53078 18.493 0.074
4720.54486 18.456 0.082
4721.53106 18.448 0.094
4722.49685 18.656 0.098
4724.53356 18.698 0.109
4725.51226 18.478 0.076
4726.50837 18.688 0.120
4729.49380 18.583 0.088
4729.52906 18.569 0.099
4730.49523 18.727 0.088
4734.57997 18.669 0.093
4737.56860 18.743 0.114
4740.58147 18.582 0.103
4776.52464 18.696 0.135
4778.52991 19.040 0.183
4869.87405 18.653 0.098
4872.86644 18.446 0.099
4873.88825 18.544 0.094
4875.88807 18.729 0.109
4878.86216 18.405 0.071
4884.87881 18.495 0.060
4887.85122 18.563 0.065
4891.80751 18.572 0.095
4896.89844 18.452 0.070
4899.86618 18.502 0.070
4901.79581 18.626 0.093
4903.79150 18.440 0.067
4905.83975 18.301 0.065
4910.83778 18.694 0.092
4911.87474 18.562 0.052
4913.88824 18.468 0.051
4917.73483 18.592 0.062
4917.91604 18.723 0.087
4921.73663 18.343 0.061
4921.75318 18.597 0.069
4921.78846 18.446 0.059
4925.72342 18.455 0.068
4925.83975 18.419 0.052
4926.71657 18.429 0.084
4927.73958 18.712 0.101
4927.89425 18.720 0.088
4928.78804 18.507 0.071
4930.72666 18.447 0.077
4930.87452 18.905 0.104
4931.77082 18.627 0.082
4932.70492 18.617 0.082
4932.90407 18.627 0.068
4933.72080 18.629 0.107
4933.73961 18.844 0.128
4933.89851 18.530 0.075
4934.81945 18.460 0.068
4938.72038 18.655 0.080
4939.68121 18.645 0.088
4940.68120 18.758 0.086
4941.87629 18.370 0.055
4942.76962 18.431 0.051
4942.80942 18.451 0.049
4943.71005 18.470 0.060
4943.86688 18.558 0.061
4944.72147 18.794 0.069
4944.87629 18.626 0.053
4945.66662 18.497 0.079
4946.68925 18.663 0.067
4947.68006 18.590 0.066
4948.65971 18.642 0.082
4950.65045 18.518 0.071
4952.78332 18.502 0.059
4953.68354 18.515 0.061
4954.66225 18.388 0.063
4954.72836 18.738 0.086
4955.66299 18.844 0.114
4955.83135 18.639 0.077
