2124.51209 18.061 0.043
2128.54081 18.102 0.020
2131.53617 18.137 0.024
2135.50730 18.173 0.024
2138.53725 18.402 0.036
2142.51232 18.028 0.026
2171.62523 18.184 0.034
2345.86110 18.242 0.025
2356.85426 18.097 0.022
2369.90112 18.052 0.024
2379.80169 18.091 0.029
2385.80930 18.268 0.025
2389.81240 18.059 0.025
2396.85734 18.147 0.033
2401.90156 18.244 0.037
2403.92899 18.093 0.027
2405.92755 18.332 0.036
2411.70382 18.170 0.032
2426.63711 18.100 0.029
2432.62781 18.098 0.032
2434.87487 18.220 0.037
2436.86978 18.088 0.033
2438.87952 18.411 0.034
2439.78874 18.349 0.028
2443.75087 18.095 0.027
2445.87971 18.018 0.033
2453.69350 18.175 0.036
2458.67239 18.133 0.022
2462.55127 18.094 0.022
2463.75173 18.357 0.024
2464.58798 18.399 0.030
2465.55441 18.098 0.024
2466.52349 18.201 0.029
2467.55164 18.404 0.030
2468.66474 18.240 0.021
2469.81690 18.131 0.029
2471.50722 18.090 0.026
2473.75678 18.252 0.029
2484.53185 18.140 0.033
2489.65426 18.154 0.022
2492.60700 18.149 0.034
2494.65442 18.080 0.027
2496.71612 18.206 0.029
2499.49104 18.203 0.028
2501.52333 18.094 0.028
2516.55957 18.273 0.038
2519.55795 18.210 0.027
2524.60286 18.128 0.028
2528.54851 18.290 0.036
2539.55167 18.072 0.030
2545.51400 18.089 0.028
2554.50558 18.090 0.034
2560.55495 18.123 0.046
2711.83217 18.256 0.022
2725.91299 18.074 0.022
2731.85197 18.114 0.021
2747.91044 18.051 0.036
2758.88927 18.199 0.041
2764.89817 18.259 0.033
2769.71606 18.117 0.024
2783.68835 18.142 0.020
2785.62538 18.104 0.028
2787.68249 18.142 0.024
2789.89245 18.113 0.028
2791.87144 18.381 0.032
2793.93474 18.020 0.043
2796.92636 18.127 0.031
2797.82714 18.095 0.020
2809.62547 18.236 0.025
2811.60908 18.281 0.034
2813.55205 18.108 0.033
2815.56198 18.101 0.028
2817.60199 18.247 0.040
2819.71013 18.372 0.030
2821.76696 18.093 0.031
2830.55258 18.053 0.048
2834.63048 18.140 0.062
2836.58364 18.244 0.033
2838.59630 18.087 0.026
2840.61141 18.200 0.021
2842.50827 18.113 0.029
2844.56671 18.220 0.025
2847.62332 18.101 0.036
2851.48648 18.073 0.024
2853.49162 18.345 0.030
2855.58797 18.180 0.035
2857.67351 18.112 0.028
2861.53601 18.166 0.058
2864.60379 18.355 0.048
2867.53841 18.113 0.026
2870.59703 18.361 0.034
2876.51460 18.080 0.024
2882.54296 18.164 0.022
2885.59442 18.299 0.049
2888.65835 18.090 0.050
2894.51377 18.135 0.027
2908.52110 18.172 0.042
2923.56689 18.123 0.035
2934.55035 18.166 0.045
3054.89270 18.104 0.033
3060.83625 18.213 0.032
3066.83388 18.199 0.026
3068.89142 18.200 0.022
3072.81054 18.198 0.030
3076.79385 18.185 0.043
3077.90005 18.242 0.043
3081.85659 18.101 0.022
3084.82296 18.123 0.022
3086.88646 18.240 0.023
3088.87489 18.206 0.020
3090.78719 18.222 0.021
3097.90305 18.100 0.020
3099.81453 18.062 0.027
3101.89223 18.247 0.031
3103.85163 18.189 0.054
3107.84056 18.179 0.023
3108.92489 18.401 0.035
3114.88433 18.181 0.023
3116.78998 18.045 0.023
3124.86781 18.060 0.032
3126.74848 18.156 0.021
3128.62726 18.351 0.042
3130.81756 18.175 0.039
3135.77312 18.121 0.021
3138.78176 18.070 0.020
3140.74989 18.131 0.020
3141.81300 18.086 0.022
3142.88586 18.098 0.025
3144.90766 18.398 0.039
3147.75224 18.056 0.027
3151.87981 18.131 0.027
3152.87703 18.105 0.030
3153.88437 18.351 0.040
3156.93642 18.126 0.038
3162.89356 18.244 0.032
3163.89070 18.286 0.039
3164.86821 18.146 0.033
3165.65014 18.217 0.022
3167.73301 18.125 0.028
3168.80636 18.331 0.026
3169.79283 18.072 0.027
3171.59392 18.273 0.024
3173.77457 18.258 0.030
3174.83048 18.415 0.028
3175.89368 18.221 0.041
3178.56235 18.094 0.030
3179.84190 18.032 0.026
3180.84912 18.244 0.027
3184.48550 18.248 0.037
3185.54825 18.325 0.035
3193.67480 18.348 0.036
3194.47981 18.296 0.048
3195.72953 18.147 0.020
3196.76633 18.121 0.026
3197.72572 18.214 0.025
3201.80730 18.298 0.034
3202.74936 18.075 0.023
3203.79843 18.107 0.023
3205.66054 18.348 0.020
3206.67696 18.255 0.025
3210.68389 18.164 0.023
3211.73408 18.096 0.029
3218.72037 18.165 0.045
3224.60945 18.134 0.023
3229.68326 18.111 0.023
3231.72593 18.308 0.051
3239.57958 18.111 0.022
3240.58801 18.123 0.029
3247.56150 18.377 0.038
3249.68805 18.506 0.059
3251.58336 18.210 0.024
3254.66637 18.135 0.036
3257.60059 18.258 0.025
3261.53935 18.101 0.022
3265.61468 18.138 0.033
3270.52299 18.175 0.048
3273.55594 17.986 0.034
3277.50652 18.368 0.046
3280.50754 18.321 0.037
3283.52420 18.454 0.027
3289.57735 18.188 0.034
3779.85222 18.400 0.043
