2125.56420 18.949 0.131
2129.64762 18.988 0.062
2132.59101 18.979 0.082
2135.72855 18.755 0.058
2140.69098 18.769 0.080
2144.57345 19.034 0.091
2160.55996 18.991 0.098
2168.62773 19.012 0.109
2187.53684 18.972 0.093
2206.53264 19.116 0.165
2331.87317 18.826 0.073
2345.90164 18.845 0.078
2355.84756 18.905 0.070
2364.90507 18.854 0.078
2372.80569 18.897 0.058
2403.86029 19.019 0.067
2414.73752 18.956 0.068
2416.77893 18.920 0.074
2424.87211 19.077 0.128
2428.77374 18.844 0.081
2432.81625 18.848 0.111
2434.68414 18.927 0.074
2436.73246 18.870 0.066
2438.70995 18.935 0.076
2440.73996 18.970 0.079
2443.71323 19.025 0.082
2445.59416 18.946 0.068
2448.58338 19.270 0.240
2453.83352 18.980 0.090
2456.54501 18.895 0.084
2458.68197 18.955 0.067
2460.75428 19.123 0.103
2463.50349 19.149 0.103
2466.70863 18.888 0.066
2468.57948 18.933 0.059
2470.58273 19.185 0.097
2481.48434 18.717 0.099
2484.58365 18.979 0.092
2490.64288 18.983 0.093
2493.60508 18.900 0.077
2495.67646 18.884 0.062
2497.76044 19.020 0.095
2498.46980 18.952 0.081
2500.49460 18.953 0.087
2502.52737 18.956 0.070
2508.62665 18.963 0.083
2512.57408 18.967 0.090
2517.61594 18.946 0.073
2520.54078 18.985 0.074
2526.63176 18.925 0.074
2537.61144 19.042 0.133
2542.47876 18.886 0.121
2547.54620 19.113 0.111
2551.58369 18.984 0.107
2556.53713 19.044 0.099
2564.49433 18.949 0.122
2575.49243 19.024 0.127
2706.87963 19.041 0.082
2714.86386 19.099 0.074
2728.89320 18.942 0.089
2733.87629 18.847 0.079
2744.86438 18.856 0.060
2753.85001 19.016 0.091
2756.90851 18.908 0.080
2760.86210 18.786 0.075
2766.91526 18.865 0.076
2770.78602 18.854 0.076
2783.73060 18.920 0.060
2785.83551 18.832 0.083
2786.89596 19.131 0.115
2789.70616 18.890 0.060
2791.68536 19.009 0.076
2794.89192 19.059 0.088
2796.77315 18.915 0.061
2797.93584 18.893 0.081
2809.67927 18.932 0.076
2810.84616 18.938 0.081
2811.87790 19.061 0.090
2813.67469 18.940 0.080
2814.69675 18.882 0.065
2816.55997 18.940 0.070
2818.54748 18.998 0.093
2820.68504 18.877 0.071
2826.71304 18.898 0.065
2834.74947 18.773 0.140
2837.59124 18.913 0.127
2839.63945 18.952 0.091
2841.65283 18.973 0.083
2843.58556 18.944 0.080
2845.61370 18.900 0.082
2849.79305 18.883 0.113
2852.48996 18.916 0.108
2854.48419 19.132 0.123
2856.67723 18.949 0.100
2858.64263 19.000 0.110
2862.56915 19.196 0.113
2865.67843 18.949 0.071
2868.55822 18.969 0.064
2871.66546 18.985 0.066
2876.54906 18.904 0.074
2879.59322 18.971 0.083
2885.48806 18.877 0.098
2894.59592 19.061 0.111
2898.58077 18.878 0.091
2904.55355 18.768 0.089
2908.61640 18.824 0.115
2909.54809 19.041 0.100
2917.58697 19.066 0.102
2930.53067 18.861 0.077
3051.86594 19.120 0.137
3058.85943 18.983 0.073
3062.89433 19.077 0.067
3063.88304 18.813 0.059
3067.85793 18.957 0.064
3070.81786 18.879 0.110
3072.89668 18.818 0.055
3075.79359 18.902 0.089
3079.85003 19.011 0.088
3082.81288 19.064 0.070
3082.83644 18.941 0.064
3082.87561 19.072 0.073
3082.89961 18.989 0.068
3083.77264 18.927 0.057
3083.87165 18.914 0.060
3084.75267 18.910 0.077
3085.87157 18.926 0.055
3086.80248 19.060 0.064
3087.82318 18.996 0.070
3088.75821 18.935 0.062
3089.76334 19.027 0.074
3090.82604 18.841 0.058
3091.78666 18.991 0.061
3092.87883 18.838 0.080
3093.89080 18.868 0.083
3096.82416 18.969 0.087
3097.79269 18.889 0.093
3097.87705 19.038 0.064
3097.89617 19.001 0.061
3097.91547 18.885 0.057
3098.75097 18.983 0.070
3098.86797 19.001 0.056
3099.78987 18.938 0.075
3100.82195 18.975 0.070
3102.78472 18.908 0.074
3103.85855 19.033 0.084
3106.79298 19.350 0.167
3108.73060 19.007 0.065
3109.75719 18.983 0.065
3110.79666 18.821 0.060
3111.83069 19.043 0.072
3112.80394 18.828 0.060
3113.83778 18.843 0.056
3114.74794 19.127 0.068
3115.83047 18.919 0.062
3118.89196 18.709 0.062
3122.87544 18.741 0.086
3125.83203 18.927 0.085
3126.86134 18.884 0.060
3127.76690 18.808 0.064
3128.78527 18.989 0.072
3129.75998 18.706 0.065
3131.64756 18.941 0.138
3134.72772 18.712 0.099
3134.84497 18.761 0.076
3135.82813 19.017 0.063
3137.90373 18.997 0.088
3138.78799 18.826 0.054
3139.83215 18.918 0.059
3140.83957 18.719 0.055
3142.73177 18.923 0.060
3144.75233 18.807 0.055
3146.72588 18.708 0.060
3151.71460 18.598 0.063
3152.71836 18.772 0.062
3152.93173 18.655 0.081
3153.72235 18.306 0.058
3154.78243 18.862 0.079
3156.76583 18.823 0.066
3158.83638 18.938 0.096
3162.77732 18.803 0.070
3163.73865 18.878 0.059
3164.69690 18.841 0.057
3165.76820 18.909 0.049
3166.85609 18.611 0.079
3168.55581 18.771 0.066
3168.89407 18.749 0.072
3169.69068 18.779 0.061
3170.76326 18.914 0.059
3171.84111 18.942 0.056
3172.70279 18.864 0.053
3174.67439 18.988 0.057
3175.68374 18.881 0.050
3176.72672 18.607 0.076
3178.74489 18.787 0.067
3179.75787 18.879 0.061
3180.67061 18.986 0.051
3182.73777 18.856 0.056
3183.69624 18.827 0.073
3184.66377 18.978 0.056
3185.81975 18.798 0.063
3193.49749 19.081 0.126
3194.60693 18.897 0.073
3195.66342 18.858 0.055
3196.70712 18.674 0.065
3197.49303 18.908 0.075
3197.60708 18.735 0.054
3197.66013 18.816 0.063
3197.74030 18.836 0.062
3197.80477 18.821 0.076
3197.83745 18.904 0.092
3198.70176 18.753 0.060
3199.57912 18.763 0.074
3199.75189 18.703 0.073
3201.49717 18.819 0.068
3202.50268 18.924 0.068
3203.62369 18.968 0.050
3204.58457 19.084 0.066
3205.72626 19.182 0.063
3206.63384 18.926 0.057
3209.67564 18.679 0.068
3210.62194 18.998 0.080
3211.71959 18.613 0.067
3217.61639 19.151 0.081
3218.61570 18.989 0.095
3219.68205 18.589 0.085
3223.61311 18.743 0.079
3224.66281 18.985 0.061
3226.57609 18.946 0.074
3228.55863 18.918 0.067
3229.59234 19.072 0.060
3230.63093 18.906 0.054
3231.53194 18.761 0.067
3232.56063 18.874 0.093
3238.58155 18.891 0.074
3239.54126 18.957 0.073
3240.61801 18.746 0.072
3241.61700 19.016 0.156
3245.51118 18.895 0.087
3246.66947 18.859 0.107
3247.63899 19.013 0.093
3249.49051 18.912 0.076
3250.61810 18.778 0.075
3253.61142 18.930 0.068
3256.59428 18.785 0.082
3259.58648 18.827 0.082
3267.49346 18.890 0.090
3271.57904 19.167 0.222
3274.59059 18.902 0.095
3278.56459 18.954 0.103
3281.54536 19.054 0.089
3293.48183 18.867 0.135
3294.51107 18.697 0.062
3295.48624 18.990 0.106
3296.50923 18.716 0.053
3299.48962 18.780 0.063
3305.51062 19.107 0.123
3308.52960 18.839 0.122
3309.54783 18.930 0.108
3312.49660 19.252 0.217
3416.86609 19.151 0.087
3421.85535 19.191 0.088
3425.88232 19.118 0.107
3428.87837 18.838 0.062
3432.85198 19.250 0.151
3442.85261 19.081 0.082
3444.90550 18.811 0.064
3447.81868 19.035 0.077
3449.83155 19.001 0.076
3452.85212 18.990 0.063
3454.90559 19.140 0.091
3458.76473 18.875 0.071
3459.81237 18.877 0.073
3468.84117 19.044 0.060
3469.84807 18.887 0.051
3471.87559 19.298 0.111
3473.84355 18.895 0.072
3474.86700 18.865 0.066
3474.88798 18.871 0.059
3476.73615 18.843 0.048
3478.75547 18.794 0.055
3479.89266 19.007 0.054
3481.78338 18.837 0.052
3484.73913 18.921 0.104
3496.68754 18.991 0.077
3497.75497 18.799 0.067
3498.90069 18.972 0.072
3499.71252 18.952 0.056
3500.69539 18.945 0.065
3501.73154 18.765 0.064
3502.73195 18.967 0.063
3503.65698 19.040 0.066
3504.83760 19.003 0.065
3506.84924 18.980 0.067
3508.71568 18.703 0.081
3509.74626 18.905 0.051
3510.88161 18.980 0.057
3511.79838 18.931 0.057
3512.81779 18.910 0.078
3517.82145 19.076 0.077
3520.77867 19.094 0.080
3522.70466 18.958 0.046
3523.76577 18.897 0.052
3523.90827 19.254 0.120
3524.66793 18.866 0.064
3525.66200 19.131 0.074
3526.71478 18.945 0.057
3527.74855 18.933 0.057
3528.68942 18.948 0.062
3529.64742 18.944 0.053
3530.65545 19.036 0.051
3538.62554 19.023 0.066
3540.61956 18.911 0.075
3544.82063 19.033 0.098
3547.75215 18.800 0.070
3550.59900 18.796 0.066
3551.60130 18.880 0.048
3552.62999 18.938 0.059
3553.75769 19.009 0.088
3554.70736 18.965 0.077
3556.68744 18.967 0.057
3558.49823 19.106 0.096
3558.79691 18.823 0.063
3559.57979 18.626 0.063
3560.56814 18.932 0.065
3561.51231 18.763 0.068
3562.55296 18.900 0.061
3562.80430 18.769 0.065
3563.60712 18.980 0.056
3564.58886 18.714 0.070
3568.81542 18.933 0.104
3569.47884 18.906 0.166
3572.80594 19.165 0.165
3573.61601 18.712 0.077
3574.65704 18.694 0.064
3575.50455 18.930 0.063
3576.65851 18.883 0.060
3577.72618 18.568 0.057
3578.63139 18.701 0.048
3579.58867 18.899 0.056
3579.75641 18.940 0.072
3580.61848 19.067 0.067
3581.64195 18.847 0.054
3582.58995 18.949 0.052
3583.60403 18.709 0.058
3584.61277 19.022 0.054
3585.60298 18.765 0.052
3586.64877 18.885 0.053
3589.64141 18.941 0.046
3590.61033 18.913 0.052
3592.61716 18.943 0.055
3593.63833 18.843 0.053
3594.67158 18.773 0.058
3601.61742 18.969 0.074
3601.71898 18.875 0.090
3602.46982 18.662 0.096
3602.52032 18.679 0.073
3602.63347 19.036 0.083
3603.60753 18.952 0.065
3606.63433 18.764 0.074
3607.60585 18.906 0.066
3608.61276 18.835 0.056
3615.54422 19.009 0.064
3616.55593 18.928 0.082
3618.53256 19.126 0.073
3619.55716 18.754 0.062
3621.55679 18.931 0.084
3628.53068 19.042 0.084
3629.61537 18.976 0.096
3631.50029 18.882 0.087
3633.51333 18.872 0.074
3637.60950 18.852 0.083
3639.56312 18.976 0.054
3641.51523 18.781 0.079
3643.59163 18.988 0.115
3648.50744 19.140 0.084
3650.54487 18.942 0.071
3654.51670 18.832 0.100
3655.49014 18.832 0.079
3657.50284 19.180 0.118
3660.49698 18.904 0.091
3662.50224 19.154 0.098
3666.52971 19.010 0.080
3775.87869 18.891 0.078
3781.86413 18.802 0.091
3784.84806 19.032 0.083
3787.83872 18.912 0.079
3790.86941 18.850 0.084
3790.90130 18.758 0.084
3791.85947 19.001 0.084
3792.86601 19.037 0.061
3793.87699 18.772 0.056
3794.82301 19.054 0.096
3795.90224 18.779 0.073
3796.86272 19.019 0.073
3797.90246 18.901 0.058
3798.80132 18.942 0.071
3799.85735 18.995 0.089
3799.90542 19.033 0.107
3800.88368 18.967 0.066
3801.78413 18.784 0.066
3801.86589 18.920 0.063
3801.90589 18.897 0.087
3802.78982 19.055 0.080
3802.83147 18.952 0.065
3802.91188 19.214 0.149
3803.78004 19.069 0.083
3803.86674 18.896 0.055
3803.90678 18.878 0.070
3804.78153 19.171 0.106
3804.90458 18.860 0.081
3805.78281 19.023 0.093
3805.87941 18.993 0.067
3806.80291 18.898 0.067
3807.78232 19.103 0.124
3807.81663 18.920 0.084
3808.77632 18.959 0.088
3809.77914 18.623 0.057
3810.76809 18.911 0.083
3810.82375 18.882 0.071
3811.81975 18.757 0.075
3812.81149 18.956 0.079
3813.78729 18.943 0.071
3814.80431 18.998 0.073
3815.80831 18.955 0.070
3817.80766 18.947 0.072
3818.86652 18.981 0.061
3819.78212 18.938 0.056
3820.75242 18.912 0.059
3820.91992 18.788 0.076
3821.75288 19.058 0.077
3822.79501 18.930 0.071
3823.75105 18.916 0.065
3824.76855 18.833 0.082
3825.78216 19.024 0.106
3826.76211 19.030 0.074
3827.78179 18.921 0.065
3828.75538 18.781 0.079
3829.79071 19.048 0.072
3830.71243 18.886 0.072
3831.70888 18.887 0.063
3832.72337 18.949 0.065
3833.74173 18.944 0.068
3834.71103 18.834 0.084
3835.71640 18.754 0.070
3835.90247 18.996 0.055
3836.74482 18.949 0.095
3836.91245 19.071 0.063
3837.71135 19.053 0.101
3837.88358 18.978 0.057
3838.71882 18.846 0.093
3839.72017 18.904 0.094
3839.90667 18.942 0.086
3840.73216 19.417 0.134
3840.89094 18.957 0.064
3841.69011 18.890 0.091
3841.92150 19.067 0.076
3842.82346 18.981 0.067
3845.69983 18.883 0.150
3845.88357 18.823 0.108
3846.68027 19.073 0.094
3847.77696 18.978 0.085
3848.73196 18.899 0.078
3849.72769 19.021 0.073
3849.93054 18.830 0.071
3850.67431 18.926 0.074
3850.72852 18.946 0.068
3850.84686 18.882 0.066
3850.91841 19.094 0.082
3851.68810 19.118 0.092
3851.85334 18.999 0.079
3852.67886 18.893 0.081
3852.90736 18.866 0.079
3853.66714 18.918 0.073
3853.83477 18.952 0.050
3853.90627 18.906 0.049
3854.66152 19.039 0.111
3855.76268 19.087 0.060
3856.65711 19.099 0.086
3856.82348 18.908 0.070
3857.89376 18.965 0.061
3858.68574 18.913 0.065
3859.77616 18.955 0.063
3860.79238 18.678 0.074
3861.64599 19.089 0.095
3861.75295 18.979 0.063
3862.65104 18.968 0.080
3862.83902 18.962 0.054
3862.91507 18.899 0.060
3863.66663 19.049 0.086
3863.88688 19.022 0.059
3864.65471 18.810 0.073
3864.84715 18.890 0.047
3865.71462 19.113 0.077
3865.85819 18.836 0.064
3865.92717 18.984 0.060
3866.66621 19.006 0.077
3866.80586 18.963 0.062
3866.88406 18.889 0.061
3867.68110 19.038 0.083
3867.86672 18.908 0.061
3868.68902 18.941 0.089
3868.83309 18.948 0.084
3868.91295 18.905 0.082
3869.66652 18.761 0.065
3869.84830 18.878 0.083
3872.86366 18.926 0.061
3873.67210 19.151 0.079
3873.81440 18.961 0.060
3873.88626 18.968 0.066
3874.72393 18.742 0.062
3874.89795 19.042 0.072
3875.68448 19.018 0.061
3875.83952 18.926 0.053
3875.93761 19.003 0.072
3876.61160 18.896 0.062
3877.68855 18.940 0.052
3877.83728 18.845 0.055
3877.91135 18.937 0.090
3879.64452 18.995 0.060
3880.81378 18.934 0.067
3880.89283 18.900 0.061
3881.63930 19.134 0.085
3881.85480 18.988 0.059
3881.90141 18.858 0.051
3882.62423 18.924 0.072
3882.77772 18.933 0.055
3882.85158 19.165 0.076
3882.92037 19.103 0.068
3883.61176 18.947 0.086
3883.80885 18.984 0.071
3886.57109 18.907 0.079
3886.77231 18.914 0.059
3886.84758 18.914 0.052
3886.94553 19.187 0.151
3887.62486 18.915 0.068
3887.75131 18.936 0.063
3887.85544 18.830 0.063
3887.92752 18.944 0.071
3889.63890 18.963 0.064
3889.91372 18.907 0.077
3891.64827 18.896 0.073
3891.76999 18.794 0.074
3891.85218 18.987 0.070
3892.90092 18.915 0.064
3893.58287 18.943 0.082
3893.82924 19.086 0.090
3894.64312 19.060 0.094
3894.85844 19.032 0.090
3896.57913 18.895 0.102
3900.50691 18.887 0.108
3900.69232 19.001 0.072
3900.77666 18.833 0.064
3900.84516 18.914 0.071
3901.52177 19.047 0.100
3901.69796 18.909 0.061
3901.77569 18.883 0.062
3901.84879 18.845 0.074
3902.53330 18.934 0.090
3902.72034 18.891 0.057
3902.83319 18.745 0.075
3903.87423 18.633 0.066
3904.53264 18.990 0.080
3904.69510 18.979 0.051
3904.76457 18.967 0.058
3904.83729 18.876 0.058
3905.52947 19.130 0.086
3905.70582 18.928 0.061
3905.77609 18.926 0.051
3905.84469 18.886 0.052
3906.53734 18.951 0.090
3906.73019 18.944 0.055
3906.80337 18.849 0.055
3906.89196 19.015 0.089
3907.57162 18.916 0.071
3907.75696 18.737 0.084
3907.84140 18.851 0.087
3908.50963 18.963 0.095
3908.69570 18.872 0.055
3908.77341 19.005 0.064
3908.85610 18.852 0.059
3909.50923 18.723 0.095
3909.68769 18.876 0.046
3909.69997 19.021 0.055
3909.74372 18.924 0.048
3909.76212 18.944 0.050
3909.78242 18.976 0.051
3909.82598 18.947 0.062
3909.86203 18.886 0.072
3910.52972 19.007 0.094
3912.50415 19.012 0.078
3912.69556 18.904 0.041
3912.78691 19.047 0.054
3912.87481 18.930 0.070
3913.49704 18.849 0.059
3913.69893 18.886 0.052
3913.79441 18.824 0.048
3913.88042 18.940 0.077
3914.52304 18.972 0.081
3914.75460 18.806 0.052
3915.49878 19.024 0.088
3915.51593 18.980 0.077
3915.54482 18.887 0.075
3915.57381 18.977 0.067
3915.60800 18.816 0.063
3915.64564 18.997 0.058
3915.68430 19.045 0.062
3915.69432 18.928 0.063
3915.70309 18.943 0.061
3915.75111 18.823 0.055
3915.77711 18.927 0.063
3915.79499 19.106 0.067
3915.81205 18.893 0.058
3915.84500 18.850 0.074
3915.87428 18.943 0.076
3916.51427 19.094 0.095
3916.53479 18.868 0.083
3916.54350 18.939 0.085
3916.58679 18.782 0.074
3916.62171 18.970 0.077
3916.68951 19.034 0.061
3916.72728 18.966 0.068
3916.76501 18.939 0.085
3916.79783 18.704 0.077
3916.82744 18.559 0.052
3917.49061 19.186 0.108
3917.52165 18.709 0.080
3917.54204 18.887 0.076
3917.62364 18.978 0.080
3917.66187 19.076 0.088
3917.70226 19.162 0.070
3917.74014 19.112 0.083
3917.78239 18.922 0.100
3917.79448 18.907 0.073
3918.50369 18.916 0.084
3918.51293 18.898 0.079
3918.52240 18.891 0.086
3918.53510 19.123 0.107
3918.56295 18.778 0.078
3918.60482 19.004 0.078
3918.62574 18.824 0.065
3918.65390 18.931 0.060
3918.67901 18.893 0.063
3918.70231 18.930 0.060
3918.72680 18.867 0.073
3918.74443 19.019 0.066
3918.78254 18.897 0.068
3918.80640 18.984 0.079
3918.83583 18.816 0.079
3918.86805 19.124 0.127
3919.48461 19.074 0.108
3919.49657 18.879 0.089
3919.56389 18.853 0.080
3919.63954 18.907 0.070
3919.67472 19.001 0.074
3919.72910 18.806 0.050
3919.79320 18.843 0.052
3919.84527 18.593 0.072
3920.47445 18.900 0.082
3920.48637 18.951 0.088
3920.50422 18.916 0.076
3920.53028 18.896 0.063
3920.59162 18.987 0.068
3920.68293 18.795 0.071
3920.76493 18.944 0.054
3920.83467 19.063 0.075
3921.47445 18.970 0.084
3921.48635 18.947 0.083
3921.56911 18.956 0.080
3921.64019 18.778 0.077
3921.68380 18.810 0.079
3921.77209 18.961 0.099
3921.80543 18.952 0.099
3922.68356 18.850 0.085
3922.73034 18.740 0.078
3930.48647 18.962 0.081
3930.76065 19.039 0.110
3931.47136 19.111 0.122
3932.50289 19.050 0.094
3932.77819 18.824 0.064
3933.48393 18.869 0.070
3933.67376 19.050 0.053
3933.74927 18.971 0.055
3934.46669 19.006 0.090
3934.68345 18.853 0.057
3934.75249 19.026 0.070
3935.51663 18.852 0.065
3935.68783 18.857 0.085
3935.75647 18.941 0.068
3936.46998 18.644 0.084
3936.63528 18.907 0.055
3936.71184 19.042 0.067
3937.47622 19.006 0.105
3937.75326 18.776 0.078
3938.47460 18.914 0.098
3938.66244 18.798 0.062
3938.75145 18.820 0.074
3939.54206 19.000 0.065
3940.66033 18.970 0.054
3940.79117 18.977 0.072
3942.52799 18.534 0.070
3944.50774 19.047 0.072
3944.57108 18.997 0.060
3944.61022 19.003 0.059
3944.65586 18.928 0.059
3945.46987 19.156 0.093
3945.51612 18.987 0.066
3945.54658 18.855 0.061
3945.65690 18.866 0.058
3945.69039 18.940 0.059
3945.74623 19.076 0.085
3945.79034 19.031 0.098
3946.47325 18.692 0.073
3946.55445 18.873 0.065
3946.67844 18.844 0.063
3946.75587 18.797 0.064
3950.49010 18.836 0.075
3950.69984 18.882 0.063
3951.48993 18.864 0.077
3951.72245 19.108 0.092
3955.51206 18.887 0.107
3956.52096 18.820 0.101
3957.48308 18.953 0.077
3959.47964 18.932 0.083
3959.66092 18.829 0.070
3960.47587 18.914 0.079
3960.65492 18.981 0.056
3960.72705 18.909 0.076
3961.53238 18.637 0.064
3963.50856 18.888 0.068
3963.68015 18.904 0.063
3964.49288 18.775 0.064
3964.70156 18.716 0.057
3965.48188 18.884 0.068
3965.67441 18.842 0.052
3966.51187 18.872 0.064
3966.66487 18.759 0.058
3967.49338 18.624 0.073
3967.69025 18.869 0.060
3968.47369 18.873 0.081
3968.64555 18.715 0.053
3968.71470 18.785 0.074
3969.50228 18.648 0.059
3969.65609 18.571 0.053
3970.48284 18.623 0.061
3970.66376 18.568 0.055
3971.52097 18.358 0.058
3971.69702 18.798 0.061
3973.54768 18.665 0.064
3974.48257 18.941 0.084
3974.66163 18.805 0.067
3975.48530 18.642 0.073
3975.65676 18.874 0.071
3976.48205 18.885 0.056
3976.64923 18.910 0.080
3979.48508 18.782 0.090
3982.54117 18.796 0.091
3983.49160 18.527 0.088
3986.55483 18.615 0.074
3987.48273 18.624 0.065
3987.64370 18.791 0.074
3988.48566 18.980 0.065
3990.61682 18.616 0.068
3993.58679 18.513 0.065
3995.54349 18.914 0.062
3996.54195 18.829 0.077
3999.56423 18.737 0.071
4001.49450 18.641 0.065
4003.51478 18.894 0.058
4004.49006 19.065 0.070
4006.49686 18.784 0.071
4011.59357 18.650 0.079
4012.54488 18.540 0.066
4016.49235 18.616 0.066
4018.51759 18.565 0.066
4020.50697 18.508 0.063
4023.51584 18.726 0.081
4025.53525 18.976 0.076
4027.54017 18.932 0.087
4030.53197 18.550 0.066
4036.51320 18.997 0.131
4040.49435 18.735 0.127
4042.52439 18.679 0.098
4140.88499 18.874 0.129
4143.88227 18.872 0.105
4149.87419 18.942 0.091
4153.86054 18.879 0.071
4155.89649 18.977 0.094
4158.85847 19.022 0.084
4161.82644 18.948 0.080
4162.90779 18.914 0.105
4164.81498 18.981 0.089
4165.89537 18.904 0.106
4167.89933 18.918 0.072
4169.90291 18.970 0.077
4174.90536 18.971 0.075
4175.85648 19.068 0.092
4176.87886 18.959 0.072
4178.77116 18.851 0.072
4179.82996 18.894 0.063
4180.90933 19.115 0.106
4183.84731 18.938 0.075
4184.88777 18.892 0.052
4185.86368 18.952 0.075
4189.89071 18.922 0.095
4191.85341 18.992 0.108
4192.76866 18.873 0.099
4194.76808 19.001 0.094
4196.75834 18.964 0.097
4202.73976 18.962 0.074
4203.72793 18.991 0.063
4203.91234 19.029 0.068
4204.71622 19.052 0.094
4205.71665 19.019 0.081
4207.70612 18.968 0.088
4207.88135 18.884 0.061
4208.72824 18.832 0.061
4209.76097 18.956 0.062
4211.74090 18.800 0.075
4212.90224 18.927 0.099
4213.73487 18.901 0.075
4215.72486 18.996 0.087
4216.68217 19.006 0.087
4216.87558 19.300 0.073
4217.68781 18.875 0.064
4218.71201 18.953 0.097
4219.73346 18.957 0.095
4220.67039 19.010 0.109
4221.71112 18.989 0.086
4222.89075 18.922 0.075
4223.67476 18.956 0.107
4224.76546 18.884 0.092
4228.65972 18.785 0.088
4228.89142 19.013 0.097
4229.65452 18.940 0.105
4229.85159 19.088 0.093
4229.91317 18.957 0.079
4230.66434 18.844 0.065
4230.85233 18.897 0.076
4230.91404 18.884 0.106
4231.64869 18.767 0.068
4231.82412 18.954 0.076
4231.91707 18.954 0.097
4232.73150 19.219 0.113
4232.89854 18.956 0.093
4233.76198 18.868 0.117
4234.68868 18.892 0.084
4235.87376 19.003 0.085
4237.67483 19.176 0.100
4238.71245 18.907 0.070
4238.85841 19.103 0.088
4238.92015 19.004 0.109
4239.61765 18.964 0.113
4240.65989 18.930 0.072
4240.78207 19.018 0.079
4240.92248 18.991 0.085
4243.62245 19.129 0.118
4243.71870 19.112 0.109
4243.81227 19.043 0.089
4243.93000 18.928 0.089
4244.59824 18.898 0.109
4244.69058 18.870 0.077
4244.78717 18.877 0.061
4245.59097 18.986 0.072
4245.68467 19.016 0.065
4245.77784 18.897 0.058
4246.64967 18.911 0.076
4246.74267 18.944 0.078
4246.83594 18.969 0.080
4247.63267 18.942 0.087
4247.79116 18.941 0.065
4250.71300 18.930 0.087
4251.78453 19.042 0.140
4256.59982 18.895 0.111
4256.74667 18.893 0.086
4256.84447 19.014 0.134
4257.63170 18.946 0.097
4258.61548 19.007 0.112
4258.73817 18.989 0.078
4258.83345 18.840 0.080
4267.57549 19.032 0.103
4268.76291 18.899 0.079
4268.88330 18.945 0.107
4269.55784 19.023 0.084
4269.67889 18.986 0.071
4269.76961 18.886 0.070
4270.55334 19.103 0.100
4272.62176 18.902 0.064
4272.77089 18.909 0.070
4272.84240 18.966 0.084
4273.59874 18.735 0.086
4273.77960 19.091 0.101
4273.83940 18.826 0.079
4274.59123 18.972 0.096
4274.74578 18.943 0.073
4274.80490 18.949 0.091
4275.58394 19.116 0.103
4275.75939 18.955 0.096
4275.81785 18.887 0.106
4275.87901 19.018 0.144
4276.56874 18.786 0.096
4277.51254 18.916 0.111
4277.68775 18.903 0.075
4277.74820 18.875 0.080
4277.80682 18.894 0.102
4278.54635 18.954 0.113
4278.73361 18.866 0.108
4278.80658 18.970 0.140
4283.49203 19.110 0.118
4283.70178 18.721 0.084
4284.48706 18.768 0.092
4284.71754 18.866 0.064
4284.77974 19.023 0.096
4284.84482 18.946 0.122
4285.48555 18.923 0.102
4285.67743 18.891 0.090
4285.74212 18.989 0.087
4285.80767 18.885 0.089
4286.48584 19.110 0.156
4286.77540 18.978 0.096
4289.48636 18.877 0.103
4289.71290 19.023 0.097
4289.77794 18.922 0.091
4289.84476 18.987 0.105
4290.54398 18.956 0.087
4291.64634 18.955 0.068
4291.76874 18.951 0.100
4292.47206 18.973 0.094
4292.65018 18.961 0.068
4292.70980 19.009 0.070
4292.76853 19.013 0.070
4292.83169 18.942 0.105
4293.47238 18.900 0.088
4293.73710 18.917 0.063
4293.81470 19.054 0.093
4294.47169 18.972 0.087
4295.47323 18.905 0.114
4295.67671 19.033 0.067
4295.73541 18.925 0.062
4295.81244 18.928 0.086
4296.47450 18.958 0.096
4296.66192 18.940 0.061
4296.75068 18.978 0.073
4297.49530 18.977 0.100
4297.69504 18.864 0.066
4297.79779 18.919 0.088
4298.52998 19.024 0.087
4298.63580 18.934 0.081
4298.72931 18.949 0.082
4299.51282 18.944 0.074
4299.60617 18.951 0.061
4299.69838 18.930 0.075
4299.78856 18.956 0.096
4300.50385 18.902 0.087
4300.62813 18.875 0.053
4300.72456 18.982 0.079
4301.49876 18.934 0.076
4301.59104 18.979 0.064
4301.68769 19.025 0.067
4301.78624 18.933 0.068
4302.55953 18.809 0.076
4302.66643 18.901 0.083
4303.64645 18.816 0.085
4304.53254 18.917 0.122
4304.64193 18.895 0.087
4305.65775 18.975 0.105
4306.51947 19.067 0.127
4306.65729 19.051 0.097
4307.75784 18.950 0.095
4310.76369 18.765 0.101
4311.73333 18.838 0.111
4312.50314 18.876 0.113
4312.69831 18.768 0.082
4312.79590 19.003 0.111
4314.49668 18.939 0.093
4315.53727 18.980 0.078
4316.56613 18.923 0.066
4317.48854 18.969 0.076
4319.49759 19.094 0.095
4319.75205 18.955 0.102
4320.51311 18.867 0.081
4326.47613 18.814 0.075
4327.56922 18.755 0.083
4328.49634 18.978 0.091
4328.67329 18.860 0.085
4329.50698 18.933 0.072
4329.65482 18.926 0.082
4329.71362 18.797 0.092
4330.51904 18.871 0.064
4330.67003 18.865 0.072
4331.49923 19.113 0.093
4331.66575 19.177 0.108
4332.47697 19.045 0.083
4333.50804 18.856 0.083
4333.66911 18.997 0.082
4334.48126 18.841 0.175
4334.51815 18.883 0.159
4334.57890 18.865 0.158
4338.48065 19.089 0.105
4339.50089 18.925 0.091
4339.67203 18.894 0.108
4340.56952 18.887 0.099
4341.48181 18.958 0.120
4342.47783 18.886 0.098
4342.51113 18.821 0.083
4343.47919 18.875 0.071
4343.68692 18.810 0.090
4344.51786 18.785 0.089
4345.48324 18.893 0.070
4346.49188 18.928 0.082
4347.51084 18.868 0.087
4348.49430 18.887 0.077
4348.50141 18.785 0.062
4350.50644 18.781 0.072
4351.48167 18.946 0.084
4352.49236 18.641 0.077
4353.48907 18.908 0.071
4354.51764 19.081 0.077
4355.50822 18.951 0.087
4356.48572 18.921 0.070
4357.56892 18.725 0.083
4358.52617 18.793 0.089
4359.49500 18.888 0.085
4361.54798 18.545 0.085
4362.48340 18.932 0.101
4365.54039 18.373 0.077
4367.51668 18.813 0.080
4368.55230 18.653 0.089
4369.50996 18.646 0.102
4370.53920 18.968 0.080
4371.51155 18.891 0.072
4372.49660 18.946 0.073
4373.56265 18.668 0.066
4375.51692 18.684 0.101
4377.58680 18.674 0.095
4378.49684 18.768 0.076
4379.51219 18.377 0.068
4380.52373 19.001 0.084
4381.50169 18.433 0.076
4382.59022 18.794 0.092
4383.51521 18.903 0.074
4384.55218 18.597 0.075
4387.53949 18.769 0.083
4393.50956 18.888 0.074
4394.56696 18.841 0.107
4395.53839 18.436 0.070
4396.55087 18.769 0.107
4397.50972 18.955 0.111
4398.51734 19.039 0.113
4399.55295 18.890 0.113
4400.51229 18.974 0.114
4402.52693 18.414 0.080
4403.52791 18.557 0.085
4411.53287 18.821 0.123
4506.87947 18.762 0.093
4510.87867 18.970 0.087
4513.83994 19.145 0.125
4517.83405 18.881 0.126
4519.81994 18.936 0.108
4522.84884 18.936 0.100
4524.83249 19.102 0.101
4530.79464 19.122 0.078
4533.82343 19.074 0.089
4535.87837 18.936 0.082
4537.77802 19.064 0.095
4538.87197 18.868 0.073
4539.83315 18.881 0.062
4540.84304 18.900 0.066
4541.77213 18.938 0.073
4542.76665 18.939 0.097
4543.76228 18.822 0.079
4544.75913 18.866 0.100
4545.74582 18.922 0.110
4546.75246 18.874 0.090
4547.76662 18.947 0.078
4548.81952 18.837 0.073
4550.79176 18.929 0.090
4551.73810 19.005 0.103
4552.78173 18.619 0.129
4556.73440 18.955 0.068
4556.92433 19.146 0.115
4557.75199 18.980 0.077
4558.77218 19.087 0.070
4559.72503 18.825 0.061
4559.91398 18.966 0.071
4560.72131 18.830 0.081
4560.91458 18.910 0.063
4561.71781 18.867 0.066
4561.90340 18.927 0.052
4564.70805 19.002 0.083
4564.90827 19.126 0.080
4565.70617 18.826 0.056
4565.89678 18.970 0.054
4566.70551 18.938 0.070
4566.89858 18.883 0.056
4566.90996 18.829 0.056
4566.92548 18.893 0.080
4567.69771 18.923 0.083
4567.79754 18.906 0.059
4567.90443 18.866 0.065
4568.70324 18.910 0.086
4569.71291 18.899 0.080
4569.92247 18.986 0.083
4570.70080 18.959 0.087
4571.69198 19.091 0.112
4571.88997 18.980 0.062
4572.70376 18.908 0.098
4573.71758 18.935 0.077
4573.92605 18.940 0.082
4574.72000 19.127 0.090
4575.72542 18.902 0.079
4576.73311 18.913 0.081
4577.81455 18.995 0.083
4578.76837 19.018 0.130
4579.84506 18.818 0.075
4583.71205 18.866 0.092
4583.79685 18.947 0.070
4583.83225 18.906 0.079
4583.86149 18.989 0.070
4583.89280 18.933 0.067
4583.92076 18.949 0.070
4585.69323 18.920 0.095
4585.71261 19.013 0.078
4585.73255 18.886 0.083
4585.74670 19.026 0.086
4585.76700 18.916 0.076
4585.77888 18.709 0.078
4585.79887 18.593 0.068
4585.83989 18.957 0.067
4585.87092 18.853 0.064
4585.92114 18.965 0.092
4586.72187 18.883 0.092
4586.74045 18.771 0.082
4586.89295 19.020 0.084
4586.92719 19.137 0.134
4587.74870 18.977 0.090
4587.90712 18.998 0.097
4588.71388 19.000 0.083
4589.69618 18.932 0.076
4589.85151 18.889 0.073
4589.91354 18.913 0.078
4590.67355 19.037 0.088
4590.87923 18.857 0.072
4591.68537 18.967 0.082
4591.85740 19.048 0.087
4591.91953 18.945 0.083
4592.64384 18.965 0.081
4592.83303 18.983 0.092
4592.89642 18.921 0.080
4593.63314 19.015 0.097
4593.84264 18.832 0.059
4593.90474 18.764 0.067
4594.65417 18.847 0.087
4594.84889 18.949 0.077
4594.91462 18.984 0.090
4595.63966 18.948 0.092
4595.83782 18.857 0.068
4595.89991 18.897 0.075
4596.63296 18.926 0.081
4596.91267 18.948 0.083
4597.66344 18.937 0.071
4597.85476 18.986 0.074
4597.92586 19.023 0.097
4598.63320 18.849 0.059
4598.87803 18.983 0.068
4599.61203 19.074 0.106
4599.81607 18.911 0.059
4600.62121 18.942 0.068
4600.92779 18.976 0.085
4601.62682 19.079 0.083
4601.84314 18.884 0.056
4601.90509 19.042 0.079
4602.61421 18.916 0.068
4602.82880 18.892 0.066
4603.74682 18.939 0.070
4606.61456 18.791 0.091
4610.75376 18.876 0.065
4610.92373 18.931 0.094
4611.60634 18.764 0.095
4611.83927 18.886 0.064
4612.62773 18.915 0.103
4615.76941 19.047 0.097
4616.57842 18.767 0.095
4616.79493 18.936 0.070
4616.86469 18.999 0.087
4617.63875 18.949 0.074
4618.58998 19.039 0.111
4621.67600 18.835 0.063
4622.77172 18.974 0.086
4622.88996 18.983 0.092
4623.60334 18.944 0.096
4623.84371 19.268 0.132
4623.91460 19.053 0.131
4624.55544 18.876 0.098
4624.78734 18.998 0.081
4624.85394 18.795 0.065
4625.58165 18.929 0.090
4625.76978 18.853 0.082
4625.86365 18.999 0.087
4626.57743 18.910 0.093
4626.83204 18.927 0.078
4627.53699 18.971 0.088
4627.80552 18.911 0.058
4627.89220 18.962 0.068
4628.57030 19.052 0.087
4628.73406 18.923 0.065
4628.79967 18.887 0.072
4628.86165 18.867 0.065
4629.58353 19.220 0.096
4629.80322 18.946 0.075
4629.81232 18.977 0.077
4629.85146 18.961 0.073
4629.87476 18.888 0.061
4629.88549 18.948 0.067
4629.92301 18.968 0.094
4630.52767 18.912 0.100
4630.53697 18.814 0.100
4630.57899 18.831 0.067
4630.61384 18.859 0.058
4630.66850 18.773 0.053
4630.70277 18.918 0.063
4630.73814 18.892 0.064
4630.74702 18.874 0.064
4630.82512 18.973 0.077
4630.89321 18.955 0.079
4631.54250 18.937 0.073
4631.75831 18.940 0.075
4631.83608 18.916 0.078
4631.91104 18.948 0.102
4632.53983 18.983 0.109
4632.80272 18.855 0.070
4633.54585 18.919 0.075
4633.64771 18.940 0.072
4633.76932 18.879 0.075
4638.73136 19.087 0.115
4638.82906 19.050 0.097
4639.54405 18.821 0.091
4639.65024 18.943 0.075
4639.82960 19.069 0.130
4640.57015 19.011 0.072
4640.70105 18.950 0.066
4640.80833 18.945 0.104
4641.59296 18.896 0.076
4641.74857 18.911 0.077
4642.56873 18.983 0.080
4642.72922 19.002 0.078
4642.80715 18.938 0.082
4643.52188 19.142 0.114
4644.64134 18.998 0.087
4644.82062 18.897 0.076
4645.49552 19.139 0.112
4645.74620 18.906 0.084
4645.82204 18.907 0.079
4645.88680 19.035 0.126
4646.49738 18.910 0.078
4646.82948 18.946 0.082
4647.49186 19.044 0.114
4647.71671 18.918 0.082
4647.81011 18.879 0.098
4648.48728 18.994 0.098
4648.52026 18.999 0.088
4648.60975 19.111 0.083
4648.62503 18.938 0.068
4648.62983 18.997 0.073
4648.63927 18.906 0.065
4648.64758 18.932 0.062
4648.65596 18.915 0.061
4648.66712 18.908 0.057
4648.67656 18.799 0.063
4648.68591 19.027 0.077
4648.70080 18.936 0.081
4648.71328 18.872 0.073
4648.72159 18.919 0.077
4648.73003 18.851 0.071
4648.73593 19.072 0.080
4648.74871 18.869 0.068
4648.75703 18.922 0.070
4648.76534 18.805 0.064
4648.77381 18.873 0.075
4648.78213 19.035 0.090
4648.83765 18.954 0.088
4649.50041 18.762 0.080
4649.54102 18.916 0.077
4649.59725 18.942 0.068
4649.69673 18.872 0.071
4649.71088 18.884 0.063
4649.82538 19.109 0.111
4650.49973 18.985 0.097
4650.53190 18.963 0.104
4650.74936 18.890 0.068
4650.83434 19.031 0.104
4651.49213 18.900 0.092
4652.48372 18.781 0.089
4652.68630 18.814 0.076
4652.76786 19.015 0.088
4652.82145 19.028 0.107
4653.48016 18.891 0.105
4653.69924 18.961 0.082
4653.76448 18.941 0.083
4654.51544 19.090 0.096
4654.72005 19.022 0.085
4654.79542 18.947 0.084
4655.47996 18.930 0.112
4655.70431 18.922 0.065
4655.76623 19.121 0.091
4656.48195 19.094 0.080
4656.67174 18.922 0.083
4656.78735 19.202 0.112
4657.55649 18.914 0.098
4658.64026 18.981 0.078
4659.57328 18.897 0.090
4660.52971 18.937 0.105
4661.47005 18.911 0.101
4661.66759 18.803 0.103
4661.73218 18.975 0.108
4661.79929 18.960 0.127
4665.63727 18.911 0.102
4666.48153 18.796 0.099
4666.66615 19.009 0.092
4669.59162 18.948 0.102
4670.62760 18.864 0.081
4671.54860 18.863 0.066
4671.75554 18.867 0.075
4672.48330 19.004 0.070
4672.74680 18.884 0.078
4672.78577 18.871 0.074
4674.48774 18.900 0.100
4677.46831 18.923 0.096
4677.61473 18.970 0.086
4677.69851 18.870 0.080
4678.66542 18.936 0.074
4679.56106 18.928 0.090
4681.50976 18.886 0.082
4681.60981 18.896 0.076
4682.48079 18.944 0.066
4682.55672 19.034 0.078
4682.73337 19.174 0.087
4683.47730 18.847 0.089
4683.68619 19.016 0.089
4683.74940 18.885 0.097
4684.48296 18.809 0.081
4684.74775 18.896 0.077
4685.52515 18.990 0.082
4686.48039 19.068 0.098
4687.50638 18.762 0.076
4687.71976 18.803 0.087
4688.47699 18.767 0.092
4688.66701 18.953 0.071
4688.72868 19.104 0.109
4693.52145 18.924 0.083
4694.51990 18.855 0.109
4697.47690 19.200 0.125
4697.70211 18.959 0.125
4698.48113 19.050 0.080
4699.48005 18.983 0.089
4700.48835 19.134 0.095
4701.48367 18.955 0.086
4701.67248 19.163 0.112
4702.48205 19.081 0.097
4703.59000 18.908 0.081
4704.56814 18.914 0.081
4705.48593 18.965 0.083
4705.66395 19.067 0.111
4707.58686 18.894 0.079
4708.51865 18.883 0.075
4709.49466 18.876 0.085
4710.52217 18.740 0.074
4711.50424 19.068 0.098
4715.55841 19.079 0.111
4715.60386 18.905 0.104
4716.48207 18.864 0.083
4716.49208 18.838 0.085
4716.55512 18.983 0.104
4716.57773 18.984 0.118
4716.65701 18.890 0.141
4720.50772 18.857 0.105
4720.60253 19.023 0.097
4721.50861 18.857 0.109
4722.62085 19.044 0.108
4724.48766 18.886 0.099
4725.56155 18.824 0.083
4726.52613 18.931 0.112
4728.57061 19.034 0.101
4729.51113 18.879 0.087
4730.59698 18.968 0.080
4731.53406 18.865 0.086
4733.48565 19.095 0.101
4734.53208 18.750 0.079
4737.52029 19.014 0.108
4738.56022 19.140 0.123
4739.56406 19.225 0.141
4740.53236 18.995 0.110
4741.50512 19.010 0.093
4743.51359 18.988 0.094
4750.58025 19.017 0.122
4756.49608 18.773 0.101
4765.49778 18.848 0.089
4867.87339 19.059 0.097
4870.88202 18.910 0.073
4872.88477 18.834 0.113
4876.84616 19.035 0.089
4884.82923 19.020 0.106
4886.87993 18.973 0.076
4890.86210 19.098 0.076
4896.84978 18.918 0.068
4899.82126 18.921 0.079
4900.80095 19.036 0.093
4901.86110 18.917 0.071
4902.85949 18.926 0.064
4904.78387 18.913 0.082
4905.88769 18.869 0.090
4910.78974 18.852 0.077
4911.76037 19.090 0.068
4912.75720 18.982 0.064
4914.76014 19.080 0.082
4918.75706 19.023 0.068
4924.71938 18.977 0.065
4925.76868 19.021 0.068
4925.88472 18.993 0.060
4926.73250 18.940 0.081
4927.80411 18.974 0.078
4928.71371 19.029 0.099
4929.71364 19.009 0.107
4929.86592 18.917 0.065
4930.77162 19.054 0.086
4931.81594 18.984 0.081
4932.77116 18.833 0.062
4933.69129 18.889 0.101
4933.81948 18.875 0.076
4938.69939 19.115 0.099
4938.79930 19.025 0.085
4939.72496 18.917 0.083
4939.81989 18.875 0.081
4940.72249 18.872 0.066
4941.69718 18.819 0.076
4941.82423 19.043 0.092
4942.67668 18.690 0.064
4942.84957 19.062 0.068
4943.68902 18.868 0.051
4943.75508 19.091 0.077
4944.69442 19.036 0.077
4944.76959 18.773 0.057
4945.69114 18.789 0.062
4945.82261 18.966 0.062
4946.74855 18.818 0.061
4947.70305 18.990 0.062
4948.85844 18.937 0.062
4949.65385 19.002 0.071
4950.69004 18.888 0.070
4951.68056 18.920 0.070
4952.79935 18.934 0.065
4953.65820 18.962 0.071
4953.76390 18.860 0.074
4954.67829 18.802 0.057
4954.77625 18.848 0.060
4955.68225 19.094 0.102
