2130.51139 17.394 0.011
2133.52759 17.386 0.011
2136.64889 17.221 0.013
2141.63959 17.257 0.014
2144.71904 17.386 0.013
2170.62130 17.209 0.012
2179.51959 17.430 0.016
2189.51464 17.211 0.016
2212.53974 17.219 0.014
2337.82635 17.221 0.012
2349.84474 17.272 0.012
2357.83789 17.222 0.012
2365.91240 17.369 0.014
2373.79287 17.307 0.013
2384.83501 17.355 0.011
2388.83428 17.323 0.013
2390.87229 17.291 0.013
2393.86652 17.307 0.024
2400.81387 17.244 0.011
2402.92058 17.265 0.012
2406.86335 17.255 0.012
2411.72144 17.313 0.012
2415.89669 17.281 0.014
2417.86446 17.344 0.014
2425.89393 17.360 0.016
2428.87757 17.430 0.015
2432.90627 17.343 0.021
2434.79419 17.249 0.011
2436.84292 17.386 0.014
2438.82425 17.276 0.013
2441.77906 17.414 0.012
2445.69601 17.316 0.011
2448.72950 17.296 0.020
2454.73989 17.217 0.013
2460.72653 17.304 0.013
2463.60617 17.281 0.011
2466.58020 17.232 0.011
2468.76478 17.230 0.011
2470.74859 17.334 0.011
2472.77608 17.254 0.010
2481.62380 17.264 0.014
2484.68639 17.259 0.012
2486.77945 17.285 0.018
2493.70689 17.294 0.011
2496.55285 17.366 0.010
2498.59097 17.244 0.009
2500.61716 17.336 0.011
2502.63530 17.373 0.014
2516.49567 17.293 0.014
2517.54008 17.245 0.014
2520.65128 17.428 0.013
2529.51779 17.285 0.011
2538.56713 17.261 0.013
2542.55609 17.357 0.016
2548.52128 17.297 0.014
2552.55790 17.239 0.015
2557.52287 17.242 0.012
2561.51879 17.399 0.019
2568.55334 17.386 0.019
2575.54718 17.232 0.030
2584.53383 17.291 0.019
2708.87044 17.272 0.011
2719.87662 17.417 0.014
2729.90224 17.217 0.013
2734.83708 17.263 0.014
2747.76065 17.193 0.016
2754.77025 17.353 0.012
2757.83532 17.230 0.012
2763.78840 17.352 0.013
2767.88071 17.324 0.018
2775.78616 17.415 0.020
2776.73943 17.251 0.020
2783.87528 17.247 0.011
2785.74159 17.268 0.012
2788.62112 17.300 0.014
2790.76460 17.270 0.012
2793.69480 17.307 0.015
2795.65413 17.227 0.011
2797.66522 17.311 0.011
2809.78543 17.381 0.015
2811.70589 17.410 0.016
2812.83517 17.268 0.014
2813.87892 17.382 0.015
2815.85966 17.255 0.013
2817.75812 17.356 0.014
2819.66855 17.393 0.012
2821.71769 17.292 0.012
2830.68930 17.274 0.013
2835.69950 17.295 0.013
2837.70997 17.427 0.020
2839.76978 17.281 0.013
2841.78221 17.480 0.014
2843.71819 17.470 0.014
2845.70783 17.321 0.011
2850.59662 17.445 0.012
2852.61533 17.291 0.016
2854.60881 17.318 0.015
2857.51902 17.362 0.014
2858.73137 17.395 0.014
2862.64236 17.440 0.017
2865.62248 17.432 0.013
2868.61877 17.380 0.012
2871.69944 17.386 0.013
2876.70049 17.267 0.011
2879.66588 17.349 0.015
2884.69701 17.299 0.014
2893.57353 17.415 0.012
2894.68306 17.431 0.022
2900.50875 17.371 0.015
2905.64780 17.399 0.019
2911.56908 17.294 0.012
2918.61178 17.295 0.018
2923.61256 17.304 0.016
2931.56580 17.326 0.013
3052.87768 17.455 0.013
