2127.51889 17.566 0.027
2130.55146 17.625 0.023
2133.56114 17.651 0.021
2136.68233 17.628 0.023
2141.67236 17.646 0.036
2165.60157 17.660 0.030
2166.50048 17.573 0.027
2172.56269 17.573 0.027
2179.55211 17.519 0.030
2189.54722 17.575 0.027
2214.53067 17.608 0.042
2337.85947 17.622 0.023
2352.88173 17.567 0.027
2361.87545 17.577 0.024
2373.82635 17.631 0.027
2464.79702 17.545 0.021
2816.69319 17.616 0.023
2852.64839 17.582 0.029
2859.66241 17.646 0.041
3059.87995 17.621 0.020
3064.89125 17.614 0.023
3068.84426 17.692 0.024
3071.89683 17.732 0.024
3073.90597 17.561 0.023
3077.79761 17.579 0.059
3080.84530 17.627 0.023
3083.79226 17.564 0.018
3085.90339 17.618 0.020
3087.83798 17.680 0.023
3089.85478 17.567 0.018
3091.85964 17.640 0.021
3097.83842 17.902 0.026
3099.86441 17.585 0.023
3101.83746 17.586 0.027
3102.86602 17.587 0.023
3104.78165 17.630 0.054
3107.78870 17.674 0.023
3108.81834 17.580 0.018
3110.90818 17.656 0.023
3112.86523 17.613 0.020
3114.86011 17.608 0.021
3116.84780 17.806 0.027
3122.86358 17.720 0.033
3125.92433 17.641 0.030
3126.81719 17.706 0.021
3127.90324 17.587 0.021
3128.89255 17.627 0.027
3130.77008 17.610 0.026
3131.63543 17.559 0.041
3134.90558 17.536 0.042
3135.79041 17.624 0.021
3137.84284 17.558 0.027
3138.72753 17.644 0.023
3140.69928 17.605 0.021
3140.93310 17.596 0.026
3141.76438 17.632 0.020
3142.83866 17.791 0.024
3144.85663 17.626 0.021
3146.92635 17.606 0.023
3151.83192 17.650 0.027
3152.83030 17.647 0.024
3153.82886 17.579 0.024
3154.92272 17.638 0.029
3157.93452 17.668 0.033
3158.71963 17.743 0.030
3162.86664 17.610 0.023
3163.82896 17.591 0.021
3164.81468 17.640 0.026
3164.92212 17.702 0.038
3165.66792 17.642 0.018
3167.67750 17.639 0.026
3168.82779 17.682 0.023
3169.85782 17.607 0.023
3170.88327 17.654 0.021
3171.73062 17.684 0.020
3173.81498 17.647 0.023
3174.78221 17.877 0.026
3175.86317 17.631 0.024
3177.83880 17.690 0.035
3179.58169 17.573 0.020
3179.88349 17.571 0.023
3180.80007 17.661 0.020
3182.86031 17.614 0.021
3183.81610 17.693 0.030
3184.77476 17.659 0.024
3185.62958 17.584 0.018
3193.62484 17.610 0.020
3194.52453 17.626 0.026
3194.81528 17.693 0.024
3195.74843 17.611 0.020
3196.60129 17.667 0.027
3196.84408 17.672 0.024
3197.78981 17.611 0.026
3199.78632 17.662 0.030
3201.83710 17.607 0.026
3202.78088 17.682 0.021
3203.60999 17.669 0.017
3204.75806 17.581 0.020
3205.68838 17.614 0.018
3210.57667 17.625 0.024
3211.75184 17.569 0.023
3217.72774 17.577 0.027
3218.73875 17.621 0.032
3223.72777 17.576 0.027
3226.72219 17.653 0.029
3228.69325 17.650 0.023
3229.72400 17.632 0.024
3230.73987 17.583 0.024
3231.66716 17.643 0.026
3238.69171 17.836 0.032
3240.54157 17.614 0.023
3245.65353 17.696 0.030
3247.51558 17.622 0.021
3249.62723 17.569 0.023
3251.53036 17.871 0.033
3254.61185 17.717 0.027
3257.54979 17.621 0.018
3265.54821 17.636 0.026
3267.60644 17.746 0.024
3273.50543 17.683 0.039
3277.52485 17.651 0.027
3280.52667 17.711 0.032
3282.59641 17.632 0.018
3289.53055 17.733 0.030
3294.52581 17.583 0.021
3296.52497 17.888 0.027
3302.52210 17.621 0.035
3418.86497 17.647 0.021
3424.84873 17.781 0.029
3427.85061 17.697 0.024
3430.83218 17.640 0.021
3436.87884 17.660 0.026
3443.84991 17.879 0.021
3445.87840 17.574 0.015
3448.78500 17.571 0.024
3450.80237 17.649 0.018
3453.84579 17.700 0.026
3455.91193 17.628 0.021
3458.88103 17.603 0.021
3459.89627 17.697 0.021
3468.87973 17.674 0.021
3469.88242 17.672 0.017
3472.86730 17.754 0.020
3474.80094 17.613 0.021
3476.77758 17.642 0.017
3478.87287 17.697 0.021
3480.88872 17.602 0.021
3483.82341 17.559 0.020
3496.93045 17.602 0.026
3497.90370 17.671 0.023
3500.91273 17.620 0.023
3502.89694 17.573 0.018
3503.87782 17.594 0.017
3506.93722 17.638 0.026
3508.91456 17.601 0.030
3509.89735 17.620 0.018
3511.92090 17.623 0.020
3512.91403 17.542 0.024
3520.67304 17.798 0.024
3521.80377 17.613 0.021
3522.87142 17.597 0.023
3524.86265 17.604 0.021
3527.64593 17.680 0.021
3527.73139 17.629 0.017
3528.89030 17.575 0.024
3530.86858 17.650 0.017
3530.90000 17.617 0.017
3538.85811 17.603 0.020
3541.89223 17.554 0.024
3544.88965 17.579 0.030
3547.85705 17.599 0.024
3550.83385 17.657 0.020
3551.84586 17.639 0.020
3552.84120 17.926 0.032
3554.84421 17.629 0.026
3558.62919 17.647 0.020
3559.63766 17.663 0.017
3560.71396 17.611 0.020
3561.62121 17.614 0.018
3562.66881 17.684 0.020
3563.73328 17.603 0.018
3569.66121 17.649 0.056
3573.79164 17.604 0.026
3574.76382 17.634 0.024
3575.70577 17.639 0.018
3576.77242 17.621 0.026
3578.74685 17.725 0.021
3579.69543 17.619 0.018
3580.74903 17.683 0.027
3581.74491 17.737 0.021
3582.69384 17.600 0.017
3583.71203 17.622 0.020
3584.71600 17.760 0.020
3585.71455 17.641 0.017
3586.76862 17.572 0.017
3589.75807 17.547 0.027
3590.75429 17.669 0.027
3591.73937 17.660 0.018
3592.71365 17.604 0.018
3602.73084 17.550 0.033
3603.72583 17.654 0.026
3608.70241 17.608 0.020
3615.66011 17.578 0.023
3617.62172 17.735 0.027
3619.61886 17.691 0.020
3621.66052 17.564 0.021
3629.54478 17.716 0.021
3631.57363 17.620 0.026
3633.60865 17.667 0.032
3640.53255 17.598 0.024
3644.60784 17.646 0.024
3649.58377 17.627 0.023
3652.55774 17.684 0.038
3656.55048 17.582 0.027
3660.55473 17.563 0.027
3665.53755 17.694 0.026
3670.53495 17.657 0.032
3778.84756 17.572 0.027
3783.88650 17.698 0.018
3786.87219 17.695 0.029
3792.89162 17.657 0.020
3794.89073 17.561 0.018
3796.88253 17.646 0.020
3797.88215 17.591 0.017
3800.86321 17.560 0.023
3802.81011 17.915 0.026
3803.84274 17.615 0.020
3804.88993 17.582 0.024
3806.90244 17.634 0.018
3808.88740 17.665 0.021
3810.80342 17.567 0.023
3812.78957 17.664 0.026
3814.78048 17.625 0.021
3818.84537 17.707 0.021
3819.90483 17.599 0.017
3820.89706 17.584 0.018
3821.90840 17.764 0.018
3823.90530 17.574 0.017
3824.91531 17.591 0.029
3825.90737 17.611 0.020
3826.90644 17.567 0.021
3827.90654 17.603 0.021
3828.92530 17.689 0.030
3829.91453 17.576 0.017
3830.88386 17.606 0.018
3832.90878 17.527 0.021
3833.89716 17.579 0.018
3834.82234 17.899 0.021
3835.87475 17.601 0.015
3836.88424 17.578 0.018
3837.86301 17.680 0.020
3838.86717 17.682 0.023
3839.88619 17.602 0.027
3840.87019 17.642 0.020
3841.85358 17.660 0.021
3842.76743 17.615 0.030
3845.85937 17.517 0.038
3846.86182 17.649 0.018
3847.90371 17.803 0.029
3848.87767 17.582 0.023
3849.90665 17.621 0.021
3850.82671 17.677 0.023
3851.83301 17.598 0.023
3852.82513 17.536 0.020
3853.81441 17.652 0.017
3856.80303 17.652 0.021
3860.85843 17.582 0.026
3861.87372 17.606 0.018
3862.81732 17.627 0.018
3863.79509 17.737 0.018
3864.81901 17.617 0.017
3865.78140 17.591 0.021
3866.74706 17.718 0.020
3867.75794 17.626 0.021
3868.74919 17.595 0.024
3869.73174 17.693 0.024
3873.73437 17.668 0.020
3874.78121 17.571 0.020
3875.76385 17.611 0.017
3877.72279 17.577 0.017
3880.79017 17.626 0.018
3881.79812 17.570 0.017
3882.73307 17.690 0.021
3883.78509 17.631 0.020
3886.74842 17.579 0.018
3887.72818 17.585 0.018
3891.62154 17.638 0.024
3892.75723 17.769 0.021
3893.79096 17.577 0.024
3894.82499 17.638 0.026
3896.77546 17.585 0.032
3900.67221 17.528 0.023
3901.67771 17.651 0.020
3902.69527 17.632 0.020
3903.84002 17.596 0.021
3904.67507 17.644 0.015
3905.68584 17.667 0.018
3906.66359 17.590 0.021
3907.72964 17.607 0.027
3908.66960 17.697 0.018
3909.66766 17.593 0.015
3912.67174 17.608 0.015
3913.67197 17.613 0.017
3914.72326 17.699 0.017
3915.66881 17.622 0.017
3916.75054 17.653 0.024
3917.76774 17.635 0.023
3918.76805 17.648 0.023
3919.69821 17.536 0.015
3920.65185 17.643 0.021
3921.66034 17.697 0.027
3930.72199 17.665 0.021
3931.63815 17.577 0.020
3932.60203 17.574 0.017
3933.64949 17.648 0.017
3934.61593 17.651 0.018
3934.82112 17.646 0.021
3935.59693 17.621 0.018
3936.58197 17.675 0.023
3937.66078 17.701 0.021
3938.62696 17.575 0.020
3940.77100 17.762 0.020
3944.71927 17.609 0.017
3945.66335 17.562 0.018
3946.65413 17.663 0.020
3950.66954 17.634 0.018
3951.69188 17.613 0.027
3959.64121 17.708 0.021
3960.63227 17.643 0.020
3963.63765 17.668 0.021
3964.67386 17.577 0.017
3965.64862 17.647 0.017
3966.64304 17.656 0.018
3967.66652 17.588 0.017
3968.62606 17.624 0.021
3969.63652 17.835 0.023
3970.64329 17.601 0.020
3971.67459 17.658 0.018
3974.64041 17.585 0.020
3975.63294 17.738 0.023
3976.62686 17.678 0.023
3979.66382 17.722 0.041
3986.67541 17.612 0.029
3987.62419 17.662 0.021
3988.65802 17.961 0.027
3989.57444 17.664 0.024
3991.57588 17.701 0.023
3995.52368 17.674 0.021
4001.59401 17.973 0.024
4002.62962 17.643 0.020
4003.58408 17.601 0.020
4011.56738 17.689 0.029
4016.53724 17.551 0.030
4017.57007 17.661 0.023
4019.57823 17.692 0.030
4023.56100 17.608 0.030
4025.51255 17.545 0.023
4027.52028 17.647 0.026
4030.51235 17.725 0.032
4152.88382 17.612 0.032
4155.86710 17.648 0.026
4158.82884 17.685 0.029
4160.89584 17.590 0.030
4162.87960 17.594 0.027
4165.86395 17.609 0.032
4167.85689 17.663 0.027
4169.85929 17.596 0.023
4174.87328 17.674 0.023
4176.85060 17.624 0.023
4177.90751 17.739 0.027
4179.80177 17.559 0.021
4180.87035 17.834 0.032
4182.77870 17.586 0.021
4183.81565 17.660 0.023
4185.79143 17.545 0.021
4190.88945 17.698 0.023
4192.89363 17.610 0.023
4193.90468 17.857 0.027
4196.88431 17.712 0.024
4202.89592 17.637 0.023
4203.88410 17.660 0.020
4204.89088 17.551 0.020
4205.87972 17.631 0.023
4207.90362 17.588 0.020
4208.91310 17.634 0.023
4213.88462 17.631 0.020
4216.84325 17.636 0.021
4217.86613 17.577 0.018
4218.90984 17.637 0.021
4220.89398 17.601 0.029
4222.85677 17.670 0.026
4228.85767 17.745 0.033
4229.82307 17.625 0.026
4230.80424 17.578 0.020
4231.84656 17.679 0.024
4232.86749 17.707 0.035
4234.80214 17.634 0.021
4234.83959 17.641 0.021
4235.82602 17.672 0.021
4237.64289 17.614 0.027
4238.83055 17.841 0.033
4240.62429 17.577 0.029
4243.87690 17.617 0.027
4244.88364 17.747 0.029
4245.91805 17.667 0.026
4246.93096 17.583 0.029
4247.58804 17.561 0.018
4250.91725 17.637 0.033
4256.81561 17.616 0.032
4257.69949 17.761 0.027
4258.80216 17.626 0.026
4268.58317 17.650 0.026
4269.72360 17.622 0.020
4272.64481 17.589 0.020
4273.69223 17.699 0.024
4274.67609 17.633 0.024
4275.73287 17.640 0.027
4277.57372 17.688 0.029
4278.70708 17.616 0.030
4283.65390 17.838 0.030
4284.63531 17.606 0.026
4285.64229 17.574 0.027
4286.73602 17.821 0.035
4289.68582 17.710 0.030
4291.57557 17.554 0.027
4292.62067 17.656 0.021
4293.64843 17.630 0.018
4294.68964 17.550 0.021
4295.65027 17.645 0.020
4296.63311 17.690 0.020
4297.56034 17.601 0.020
4298.79249 17.647 0.027
4299.76205 17.696 0.021
4300.69751 17.577 0.021
4301.56129 17.577 0.021
4302.79524 17.875 0.035
4306.55230 17.611 0.030
4311.59479 17.626 0.030
4312.66208 17.673 0.023
4317.64914 17.632 0.027
4319.65807 17.626 0.026
4326.66726 17.568 0.021
4327.70273 17.680 0.029
4328.63750 17.700 0.024
4329.62845 17.602 0.026
4330.64215 17.623 0.021
4331.63755 17.741 0.026
4332.69219 17.598 0.026
4333.64131 17.581 0.027
4334.65479 17.766 0.059
4338.67440 17.625 0.032
4339.64435 17.602 0.027
4340.70756 17.635 0.033
4341.68901 17.682 0.035
4342.68546 17.633 0.027
4343.65526 17.634 0.024
4345.65511 17.614 0.030
4346.66030 17.627 0.029
4347.67443 17.917 0.029
4349.64946 17.566 0.021
4350.67405 17.701 0.026
4351.64490 17.651 0.027
4354.65366 17.645 0.027
4357.59169 17.693 0.029
4359.56518 17.636 0.024
4365.61013 17.639 0.050
4368.60966 17.561 0.032
4370.56528 17.683 0.024
4372.59812 17.661 0.027
4377.55881 17.634 0.030
4381.60124 17.587 0.039
4515.90252 17.563 0.039
4520.88153 17.762 0.030
4523.86509 17.692 0.026
4525.85979 17.581 0.032
4532.88797 17.694 0.024
4534.90909 17.543 0.030
4537.80012 17.609 0.023
4539.80492 17.876 0.026
4541.83676 17.586 0.020
4543.82651 17.637 0.021
4544.82336 17.580 0.023
4545.84091 17.643 0.023
4547.81474 17.571 0.021
4550.81371 17.567 0.024
4552.80378 17.961 0.033
4556.89554 17.634 0.018
4557.92119 17.611 0.023
4558.89060 17.661 0.021
4559.88565 17.666 0.023
4560.88582 17.542 0.017
4561.87485 17.630 0.018
4564.87901 17.622 0.018
4565.86862 17.628 0.015
4566.86985 17.571 0.017
4567.87544 17.591 0.018
4568.90761 17.716 0.021
4569.89369 17.558 0.020
4570.89927 17.619 0.020
4571.86086 17.828 0.023
4572.89946 17.638 0.023
4573.87450 17.533 0.017
4574.88301 17.636 0.024
4575.89430 17.650 0.021
4583.85832 17.606 0.021
4585.84822 17.617 0.020
4586.86702 17.575 0.021
4587.87890 17.688 0.030
4588.76913 17.613 0.020
4589.73847 17.576 0.023
4590.81813 17.637 0.021
4591.73095 17.629 0.021
4592.80448 17.546 0.023
4593.78995 17.636 0.021
4594.81828 17.661 0.021
4595.80909 17.578 0.020
4596.76473 17.630 0.018
4597.82662 17.754 0.024
4598.79610 17.579 0.017
4599.77531 17.607 0.018
4600.79771 17.700 0.018
4601.78630 17.600 0.018
4602.78992 17.588 0.018
4606.85179 17.659 0.023
4611.76734 17.582 0.024
4616.75949 17.869 0.023
4616.94540 17.891 0.051
4618.66391 17.569 0.021
4622.74263 17.680 0.026
4623.81571 17.636 0.026
4624.75446 17.582 0.023
4625.73743 17.604 0.024
4626.79949 17.675 0.024
4627.71671 17.582 0.017
4628.70554 17.601 0.020
4629.77508 17.833 0.023
4630.71423 17.598 0.018
4631.73009 17.598 0.018
4632.76392 17.739 0.021
4633.89936 17.571 0.032
4639.85204 17.649 0.039
4641.89414 17.614 0.032
4642.53992 17.857 0.035
4643.69692 17.566 0.020
4644.78646 17.589 0.021
4645.69906 17.738 0.026
4646.66599 17.610 0.020
4647.68795 17.597 0.023
4649.67245 17.634 0.020
4650.71058 17.562 0.021
4651.71116 17.652 0.021
4652.64372 17.655 0.023
4653.65753 17.586 0.021
4654.67597 17.638 0.023
4654.69853 17.653 0.024
4654.70454 17.624 0.023
4655.67662 17.674 0.018
4656.64303 17.566 0.021
4658.80030 17.650 0.030
4661.63270 17.858 0.024
4666.50389 17.560 0.033
4670.73542 17.655 0.030
4671.68898 17.655 0.021
4672.64881 17.573 0.023
4674.67671 17.772 0.026
4677.72089 17.702 0.026
4681.70481 17.634 0.023
4682.70240 17.578 0.021
4683.65845 17.470 0.021
4684.67719 17.657 0.024
4684.77038 17.645 0.029
4685.70302 17.554 0.023
4687.69128 17.666 0.027
4688.63717 17.602 0.021
4694.72126 17.676 0.038
4697.64602 17.642 0.027
4698.66415 17.617 0.024
4700.65936 17.661 0.023
4701.64271 17.541 0.021
4702.65714 17.659 0.024
4708.67875 17.574 0.024
4715.63981 17.618 0.027
4720.64548 17.620 0.033
4721.65325 17.665 0.038
4722.64352 17.693 0.030
4725.61641 17.683 0.033
4726.64461 17.673 0.035
4733.60570 17.535 0.027
4739.49842 17.570 0.024
4750.54778 17.623 0.036
4757.55466 17.626 0.024
4763.53099 17.635 0.030
4877.87119 17.527 0.020
4883.88508 17.591 0.027
4886.85182 17.612 0.024
4890.82432 17.583 0.026
4898.88732 17.891 0.027
4900.85408 17.574 0.021
4901.90570 17.734 0.021
4902.83130 17.632 0.021
4903.89397 17.582 0.020
4904.85944 17.664 0.021
4906.91250 17.535 0.029
4911.89469 17.725 0.018
4913.90811 17.636 0.020
4924.90287 17.635 0.020
4926.75365 17.578 0.023
4928.80961 17.588 0.027
4930.74508 17.803 0.030
4931.88719 17.610 0.023
4932.79504 17.587 0.020
4933.74265 17.658 0.027
4934.84088 17.600 0.023
4938.84938 17.567 0.021
4940.79412 17.698 0.023
4941.84591 17.596 0.021
4942.87195 17.648 0.021
4943.72855 17.899 0.024
4944.79344 17.595 0.018
4949.80789 17.676 0.020
4951.83287 17.590 0.024
4953.73742 17.631 0.021
4954.85494 17.563 0.021
