2130.49956 17.151 0.018
2133.51579 17.538 0.024
2136.63707 17.165 0.021
2141.62774 17.142 0.022
2144.70818 17.214 0.021
2170.60940 17.135 0.020
2179.50769 17.171 0.023
2189.50275 17.173 0.024
2212.52896 17.133 0.021
2337.81492 17.278 0.021
2349.83330 17.170 0.020
2357.82644 17.369 0.022
2365.90100 17.188 0.021
2373.78144 17.167 0.018
2405.86133 17.177 0.019
2464.77599 17.131 0.016
2708.90736 17.146 0.018
2850.63977 17.154 0.018
2858.76712 17.183 0.024
3059.85290 17.162 0.018
3064.86806 17.389 0.022
3068.82139 17.183 0.018
3070.90666 17.157 0.022
3073.85910 17.194 0.018
3075.89516 17.572 0.024
3080.80837 17.173 0.018
3083.76049 17.144 0.016
3085.88281 17.257 0.017
3087.78475 17.217 0.019
3089.83415 17.137 0.014
3091.88599 17.177 0.016
3097.81469 17.463 0.023
3099.89747 17.168 0.018
3101.80259 17.180 0.020
3102.89733 17.191 0.020
3104.75302 17.226 0.037
3106.89467 17.579 0.035
3107.88516 17.219 0.021
3109.82335 17.158 0.017
3109.89326 17.152 0.018
3110.81770 17.195 0.018
3110.88880 17.137 0.017
3111.77541 17.142 0.018
3112.75135 17.161 0.016
3112.89028 17.102 0.017
3113.73347 17.164 0.014
3113.89933 17.184 0.017
3114.66956 17.146 0.016
3114.82970 17.171 0.017
3115.89012 17.349 0.020
3115.92482 17.452 0.021
3116.87052 17.252 0.021
3124.76712 17.174 0.023
3126.70182 17.207 0.016
3127.86817 17.242 0.021
3128.86800 17.287 0.024
3130.74696 17.190 0.021
3131.71340 17.180 0.022
3134.88243 17.234 0.042
3137.76758 17.435 0.023
3138.64974 17.191 0.019
3139.93705 17.199 0.021
3142.81775 17.169 0.018
3144.83484 17.183 0.018
3146.89333 17.453 0.020
3151.80609 17.169 0.020
3152.80707 17.158 0.019
3153.80566 17.132 0.022
3154.89332 17.186 0.024
3156.86203 17.181 0.024
3157.91863 17.513 0.026
3158.88479 17.262 0.024
3162.84346 17.182 0.020
3163.80260 17.164 0.018
3164.79125 17.166 0.016
3165.70833 17.163 0.015
3167.65367 17.150 0.022
3168.85575 17.573 0.023
3169.82247 17.218 0.019
3170.64003 17.555 0.019
3171.77810 17.120 0.013
3171.90367 17.174 0.017
3172.80243 17.151 0.017
3173.84447 17.165 0.020
3174.75892 17.129 0.015
3175.76937 17.139 0.015
3177.81599 17.276 0.024
3179.55010 17.207 0.016
3180.77408 17.190 0.015
3182.83420 17.144 0.017
3183.79316 17.209 0.021
3184.74771 17.206 0.018
3185.67884 17.145 0.017
3193.59803 17.141 0.016
3194.54848 17.223 0.021
3194.79097 17.163 0.017
3195.54814 17.162 0.017
3196.74163 17.157 0.018
3197.57227 17.149 0.017
3199.68021 17.227 0.017
3201.54262 17.392 0.020
3202.67138 17.225 0.018
3203.58541 17.302 0.016
3204.62873 17.173 0.015
3205.71035 17.142 0.014
3206.77186 17.187 0.022
3210.50238 17.194 0.021
3211.65761 17.205 0.019
3217.69843 17.169 0.020
3218.69748 17.197 0.023
3223.70148 17.238 0.021
3224.74600 17.140 0.020
3226.67689 17.164 0.020
3228.64734 17.190 0.021
3230.71724 17.351 0.019
3231.62057 17.164 0.019
3232.65409 17.504 0.026
3238.66891 17.161 0.018
3240.51798 17.148 0.017
3241.70161 17.502 0.031
3245.60490 17.211 0.023
3247.49194 17.222 0.020
3249.59831 17.149 0.023
3251.50929 17.200 0.021
3254.59037 17.369 0.023
3257.50344 17.140 0.016
3260.53970 17.164 0.030
3265.52517 17.384 0.024
3267.57588 17.188 0.020
3274.53172 17.549 0.027
3277.54782 17.151 0.020
3279.61069 17.202 0.019
3282.52558 17.163 0.016
3289.50759 17.241 0.023
3294.49862 17.229 0.023
3302.49804 17.143 0.024
3418.88958 17.157 0.015
3423.86316 17.175 0.018
3427.86773 17.195 0.017
3429.89590 17.188 0.021
3436.85301 17.415 0.024
3443.80825 17.189 0.014
3445.85125 17.493 0.017
3447.89974 17.247 0.020
3450.77933 17.179 0.015
3453.81909 17.166 0.020
3455.87897 17.203 0.019
3456.88749 17.468 0.021
3457.88197 17.162 0.016
3459.87293 17.136 0.017
3468.92334 17.176 0.017
3470.91439 17.137 0.017
3472.84378 17.148 0.014
3473.90584 17.167 0.019
3474.91225 17.214 0.018
3475.90338 17.260 0.016
3477.91908 17.203 0.018
3479.78971 17.193 0.014
3480.91867 17.178 0.016
3482.92266 17.152 0.017
3496.77749 17.213 0.021
3497.87872 17.215 0.018
3499.83745 17.134 0.015
3500.85887 17.173 0.016
3502.67628 17.155 0.015
3503.82736 17.097 0.016
3506.78349 17.211 0.019
3508.89099 17.202 0.023
3509.68912 17.503 0.024
3510.93436 17.131 0.016
3511.86822 17.160 0.017
3512.87361 17.128 0.020
3517.76561 17.196 0.031
3520.87726 17.203 0.021
3521.69305 17.172 0.015
3522.79860 17.161 0.019
3523.83280 17.171 0.018
3524.83313 17.121 0.018
3525.90824 17.187 0.019
3526.93904 17.232 0.022
3528.61153 17.176 0.015
3530.83123 17.174 0.014
3537.79899 17.161 0.015
3538.72485 17.257 0.017
3540.78114 17.315 0.019
3544.79249 17.130 0.023
3547.79118 17.218 0.020
3550.80790 17.152 0.016
3551.79925 17.162 0.017
3552.81835 17.168 0.021
3553.80135 17.205 0.028
3554.82030 17.150 0.023
3555.80980 17.178 0.022
3556.72210 17.171 0.018
3558.60618 17.165 0.016
3559.61455 17.154 0.015
3560.65587 17.439 0.016
3561.59232 17.237 0.017
3562.64501 17.342 0.018
3563.69704 17.140 0.018
3564.53138 17.197 0.024
3569.63564 17.217 0.025
3573.74402 17.195 0.020
3574.74109 17.136 0.019
3575.68288 17.174 0.016
3576.74939 17.151 0.018
3577.78728 17.130 0.020
3578.72399 17.193 0.016
3579.66932 17.134 0.015
3580.70893 17.482 0.023
3581.72211 17.243 0.021
3582.67111 17.400 0.018
3583.68922 17.138 0.017
3584.69322 17.123 0.014
3585.69142 17.140 0.013
3586.74588 17.182 0.015
3589.73517 17.196 0.016
3590.73139 17.151 0.017
3591.70647 17.572 0.020
3591.75230 17.528 0.021
3592.47825 17.204 0.019
3592.57704 17.226 0.015
3592.66574 17.226 0.016
3592.73977 17.173 0.017
3593.48901 17.485 0.015
3593.57888 17.466 0.019
3594.50278 17.239 0.022
3594.54096 17.156 0.016
3594.56664 17.177 0.014
3594.58031 17.173 0.014
3594.59178 17.167 0.014
3594.59844 17.176 0.015
3594.60487 17.171 0.015
3594.61275 17.176 0.017
3594.61911 17.133 0.014
3594.63504 17.142 0.015
3594.66833 17.137 0.016
3594.74287 17.134 0.017
3596.63531 17.160 0.022
3596.65689 17.155 0.020
3597.49052 17.202 0.024
3597.55813 17.179 0.018
3599.61339 17.150 0.023
3601.49868 17.123 0.017
3601.70767 17.228 0.021
3602.70797 17.404 0.026
3603.68919 17.180 0.017
3607.68688 17.169 0.017
3609.51472 17.198 0.022
3615.63337 17.179 0.017
3617.66259 17.127 0.017
3619.59557 17.175 0.016
3621.59795 17.175 0.018
3628.66252 17.157 0.024
3629.52065 17.133 0.017
3631.62145 17.177 0.020
3633.54804 17.367 0.027
3634.62710 17.215 0.021
3639.49771 17.170 0.015
3644.58446 17.598 0.025
3649.55786 17.127 0.015
3652.53506 17.108 0.029
3655.57085 17.441 0.024
3659.56862 17.153 0.025
3664.54824 17.510 0.023
3668.53343 17.174 0.020
3676.51242 17.225 0.022
3777.87256 17.191 0.017
3783.85891 17.169 0.015
3785.87442 17.205 0.017
3788.83874 17.172 0.019
3791.89299 17.155 0.019
3794.87041 17.203 0.016
3796.85917 17.218 0.016
3797.86208 17.209 0.015
3799.87448 17.173 0.021
3801.83366 17.173 0.018
3803.82261 17.183 0.016
3804.86991 17.356 0.019
3805.91048 17.241 0.022
3807.90179 17.193 0.015
3809.81315 17.146 0.015
3811.89166 17.164 0.016
3813.77199 17.179 0.018
3818.76117 17.165 0.018
3819.77259 17.207 0.014
3820.87677 17.150 0.015
3821.88680 17.162 0.015
3822.78585 17.133 0.016
3823.89875 17.190 0.015
3824.89162 17.289 0.021
3826.89613 17.447 0.021
3828.89852 17.185 0.016
3829.88520 17.142 0.015
3832.88839 17.154 0.017
3833.86307 17.209 0.016
3834.90432 17.194 0.021
3835.84771 17.339 0.017
3836.86018 17.247 0.017
3837.84280 17.452 0.022
3838.84672 17.177 0.016
3839.85875 17.177 0.023
3840.85002 17.121 0.015
3841.82880 17.152 0.017
3845.83573 17.157 0.019
3846.84172 17.481 0.021
3848.85728 17.224 0.016
3849.87056 17.156 0.016
3850.80654 17.201 0.017
3851.81296 17.139 0.017
3852.80145 17.165 0.016
3853.79411 17.148 0.013
3856.78296 17.203 0.017
3858.84685 17.199 0.020
3860.83760 17.139 0.019
3861.85210 17.143 0.016
3862.79591 17.117 0.014
3863.73622 17.174 0.015
3864.79675 17.148 0.014
3865.76114 17.195 0.018
3866.78961 17.274 0.016
3867.73401 17.181 0.017
3868.79318 17.546 0.024
3869.77953 17.198 0.020
3873.78089 17.139 0.020
3874.82451 17.206 0.018
3875.73949 17.165 0.013
3877.76904 17.363 0.015
3880.76630 17.157 0.015
3881.77446 17.206 0.015
3882.71252 17.174 0.016
3883.75400 17.166 0.014
3886.72491 17.189 0.017
3887.70792 17.166 0.014
3889.86939 17.179 0.016
3891.59512 17.232 0.018
3892.87562 17.199 0.016
3893.76053 17.151 0.018
3894.79444 17.136 0.018
3896.74875 17.151 0.018
3900.64565 17.252 0.023
3901.65747 17.364 0.019
3902.67531 17.171 0.017
3903.80829 17.153 0.016
3904.65504 17.162 0.014
3905.66204 17.134 0.014
3906.64366 17.164 0.016
3907.70905 17.189 0.021
3908.64324 17.183 0.015
3909.64764 17.198 0.014
3912.64804 17.223 0.013
3913.64560 17.143 0.013
3914.67872 17.157 0.013
3915.64252 17.101 0.013
3916.72411 17.158 0.016
3917.73700 17.218 0.020
3918.74131 17.169 0.016
3919.67114 17.279 0.020
3920.62335 17.241 0.018
3930.69899 17.538 0.025
3931.61822 17.229 0.017
3931.80664 17.132 0.020
3932.64585 17.345 0.018
3933.62533 17.144 0.013
3934.59596 17.220 0.015
3935.67318 17.144 0.018
3936.62480 17.191 0.016
3936.81307 17.179 0.023
3937.74157 17.180 0.020
3938.60247 17.130 0.016
3940.74707 17.232 0.014
3944.68745 17.098 0.013
3945.63590 17.209 0.018
3946.62953 17.157 0.017
3950.64595 17.305 0.017
3951.66230 17.280 0.019
3957.65120 17.139 0.024
3959.61947 17.190 0.018
3960.61268 17.169 0.014
3964.64396 17.174 0.015
3965.62572 17.187 0.014
3966.62060 17.136 0.016
3967.64701 17.166 0.016
3968.60321 17.150 0.017
3969.61081 17.165 0.016
3970.62375 17.189 0.019
3971.65369 17.237 0.018
3973.68329 17.171 0.021
3974.61793 17.239 0.017
3975.61336 17.160 0.015
3976.60738 17.181 0.016
3979.64042 17.163 0.021
3982.66456 17.191 0.021
3987.60361 17.138 0.015
3988.63689 17.126 0.015
3990.60471 17.214 0.019
3994.55465 17.580 0.028
3996.53044 17.215 0.022
4002.60997 17.121 0.021
4003.56446 17.454 0.017
4005.66028 17.197 0.021
4011.54324 17.225 0.021
4015.57255 17.242 0.024
4017.55030 17.130 0.017
4019.55200 17.166 0.021
4021.55477 17.213 0.023
4024.58423 17.220 0.029
4027.50046 17.189 0.022
4029.53848 17.207 0.023
4150.87776 17.177 0.024
4155.85006 17.254 0.022
4158.81194 17.193 0.022
4160.86318 17.167 0.028
4162.86252 17.176 0.023
4164.90242 17.236 0.022
4167.82999 17.206 0.023
4169.83707 17.182 0.020
4174.85163 17.286 0.021
4176.83333 17.527 0.023
4177.88697 17.169 0.020
4179.78477 17.144 0.019
4180.83650 17.147 0.023
4182.75963 17.159 0.018
4183.79866 17.202 0.020
4184.86674 17.205 0.018
4185.84604 17.495 0.025
4190.86440 17.142 0.018
4192.87675 17.164 0.018
4193.88771 17.171 0.020
4194.90927 17.332 0.020
4202.87905 17.146 0.017
4203.86721 17.181 0.017
4204.86634 17.151 0.018
4205.86282 17.424 0.021
4207.86650 17.357 0.018
4208.89620 17.138 0.018
4213.86428 17.150 0.016
4215.90183 17.221 0.019
4216.82266 17.458 0.023
4217.84500 17.214 0.016
4218.88579 17.220 0.019
4219.92949 17.165 0.021
4220.86703 17.179 0.022
4222.83353 17.141 0.018
4228.82150 17.185 0.023
4229.80032 17.223 0.019
4230.78729 17.156 0.017
4231.80940 17.163 0.017
4232.81764 17.160 0.023
4234.76469 17.172 0.019
4235.78670 17.161 0.018
4238.81052 17.524 0.028
4239.91197 17.163 0.026
4243.70427 17.167 0.023
4244.86611 17.164 0.019
4245.85934 17.200 0.020
4246.91404 17.233 0.025
4250.87990 17.201 0.027
4256.72499 17.225 0.026
4258.72189 17.388 0.023
4268.62538 17.059 0.017
4269.66555 17.405 0.021
4272.71682 17.139 0.017
4273.67624 17.170 0.018
4274.65990 17.157 0.019
4275.71677 17.114 0.021
4277.61589 17.162 0.020
4278.69015 17.203 0.022
4283.63555 17.142 0.019
4284.61940 17.191 0.021
4285.62613 17.181 0.023
4286.72000 17.147 0.026
4289.66547 17.297 0.022
4290.74175 17.231 0.023
4291.74367 17.259 0.021
4292.60478 17.195 0.017
4293.63222 17.191 0.017
4294.60401 17.130 0.018
4295.63336 17.172 0.016
4296.61284 17.157 0.016
4297.60660 17.174 0.016
4298.71617 17.220 0.018
4300.80795 17.351 0.023
4301.48544 17.197 0.020
4302.76454 17.195 0.020
4307.59963 17.145 0.019
4310.74933 17.233 0.033
4317.63275 17.152 0.020
4319.64051 17.170 0.019
4320.74191 17.531 0.031
4326.65148 17.163 0.020
4327.67980 17.148 0.021
4328.62082 17.145 0.019
4328.75325 17.173 0.027
4329.61162 17.233 0.023
4330.59438 17.178 0.019
4331.62082 17.380 0.032
4332.62596 17.241 0.020
4333.62129 17.398 0.027
4334.61554 17.249 0.047
4338.65548 17.189 0.023
4339.62448 17.156 0.020
4340.55127 17.203 0.025
4341.62294 17.199 0.026
4342.65912 17.552 0.028
4343.63850 17.215 0.020
4344.68793 17.210 0.021
4345.63832 17.161 0.020
4346.64364 17.192 0.023
4347.65766 17.147 0.019
4349.62942 17.186 0.018
4351.62810 17.252 0.023
4357.63953 17.153 0.022
4359.61064 17.206 0.023
4367.60975 17.188 0.028
4370.60870 17.150 0.021
4372.58077 17.178 0.020
4380.59050 17.176 0.022
4515.88575 17.379 0.023
4519.85724 17.165 0.021
4520.84969 17.134 0.024
4523.84802 17.169 0.023
4524.89908 17.557 0.024
4530.88858 17.137 0.015
4534.83531 17.179 0.021
4536.84443 17.191 0.020
4538.85335 17.151 0.018
4540.88321 17.134 0.017
4542.90958 17.154 0.018
4543.87100 17.157 0.017
4544.86779 17.375 0.019
4545.88535 17.205 0.018
4547.91146 17.167 0.018
4550.85907 17.155 0.017
4551.91686 17.195 0.023
4552.91381 17.166 0.022
4556.87825 17.223 0.017
4557.90426 17.195 0.016
4558.83930 17.152 0.016
4559.86849 17.195 0.018
4560.86889 17.149 0.015
4561.85778 17.149 0.015
4564.86200 17.194 0.015
4565.85087 17.194 0.014
4566.85294 17.533 0.020
4567.85719 17.196 0.016
4568.88725 17.194 0.019
4569.87315 17.149 0.016
4570.87843 17.164 0.017
4571.84393 17.175 0.016
4572.88170 17.165 0.019
4573.85747 17.190 0.015
4574.85963 17.145 0.018
4575.87132 17.429 0.021
4579.92365 17.193 0.027
4583.84344 17.141 0.021
4586.82392 17.460 0.023
4587.86169 17.215 0.020
4588.75003 17.528 0.023
4589.78377 17.173 0.019
4590.79815 17.202 0.019
4591.77545 17.162 0.019
4592.78756 17.179 0.020
4593.77298 17.135 0.018
4594.80128 17.162 0.017
4595.79180 17.204 0.017
4596.81236 17.198 0.016
4597.80959 17.562 0.023
4598.77898 17.215 0.015
4599.75838 17.287 0.017
4600.76395 17.162 0.015
4601.76861 17.169 0.015
4602.76619 17.161 0.015
4606.81602 17.318 0.020
4610.88907 17.163 0.021
4611.75028 17.154 0.018
4611.93678 17.127 0.022
4616.74252 17.159 0.017
4617.90991 17.512 0.031
4622.71885 17.205 0.022
4623.79871 17.178 0.021
4624.73753 17.161 0.020
4625.71885 17.175 0.022
4626.77376 17.222 0.023
4627.69819 17.165 0.016
4628.68835 17.304 0.019
4629.75402 17.221 0.017
4630.69386 17.416 0.021
4631.71219 17.157 0.015
4632.73486 17.189 0.017
4633.87471 17.158 0.022
4639.81529 17.400 0.027
4640.79080 17.170 0.020
4641.87604 17.148 0.023
4642.71372 17.172 0.020
4643.67980 17.166 0.018
4644.76288 17.173 0.019
4645.68158 17.171 0.018
4646.64929 17.190 0.015
4647.67046 17.139 0.017
4648.66439 17.186 0.017
4648.77668 17.411 0.023
4649.65460 17.184 0.016
4650.68605 17.578 0.023
4651.69738 17.204 0.019
4652.62583 17.256 0.019
4653.61966 17.153 0.018
4654.65882 17.147 0.017
4655.62310 17.164 0.017
4656.62634 17.147 0.018
4658.78356 17.197 0.022
4660.73392 17.225 0.027
4661.61574 17.534 0.022
4666.54852 17.148 0.022
4671.67237 17.244 0.018
4672.63202 17.397 0.023
4674.66001 17.195 0.019
4677.68471 17.153 0.021
4681.68805 17.557 0.025
4682.64373 17.203 0.019
4683.64163 17.237 0.022
4684.66010 17.177 0.020
4685.68624 17.186 0.018
4686.75880 17.183 0.019
4687.67431 17.165 0.020
4688.62044 17.167 0.018
4694.70453 17.193 0.026
4697.62583 17.147 0.019
4698.64739 17.159 0.018
4700.64258 17.171 0.019
4701.62551 17.351 0.020
4702.64033 17.200 0.018
4704.70160 17.145 0.021
4708.66196 17.195 0.020
4710.67987 17.202 0.021
4720.59302 17.169 0.034
4721.62856 17.270 0.030
4724.64530 17.198 0.027
4726.62151 17.132 0.025
4733.58574 17.258 0.024
4738.54592 17.203 0.023
4741.62790 17.223 0.023
4755.57096 17.241 0.028
4876.88193 17.181 0.021
4883.86776 17.236 0.023
4886.83469 17.164 0.020
4888.86223 17.143 0.017
4892.85628 17.180 0.019
4898.82657 17.190 0.020
4901.82942 17.131 0.018
4903.87681 17.193 0.018
4905.87318 17.560 0.029
4912.85796 17.171 0.015
4914.90409 17.442 0.021
4924.75345 17.123 0.018
4925.87117 17.509 0.020
4928.76141 17.156 0.019
4930.80551 17.174 0.021
4931.84992 17.167 0.019
4932.85846 17.151 0.017
4933.85335 17.148 0.021
4934.90917 17.306 0.024
4938.83326 17.205 0.019
4940.77478 17.209 0.019
4941.81051 17.139 0.018
4942.75359 17.131 0.016
4944.75592 17.145 0.016
4945.80900 17.203 0.015
4950.86895 17.175 0.017
4953.84860 17.133 0.018
4954.81784 17.215 0.018
4955.80924 17.184 0.020
