2125.58113 17.267 0.029
2129.66049 17.044 0.014
2132.60303 17.054 0.017
2135.74127 17.210 0.018
2144.59054 17.077 0.018
2160.57200 17.024 0.018
2187.54890 17.117 0.023
2206.54347 16.784 0.023
2331.88481 17.117 0.017
2355.85917 17.100 0.016
2364.91659 17.229 0.023
2372.81736 17.048 0.016
2403.87520 17.016 0.015
2414.75550 17.243 0.018
2416.79086 17.083 0.017
2428.78565 16.924 0.017
2432.83016 17.035 0.020
2434.69605 17.126 0.017
2436.75210 16.999 0.016
2438.72191 16.991 0.017
2440.75511 17.041 0.014
2443.72397 16.962 0.019
2445.60496 17.209 0.017
2448.60147 17.302 0.026
2453.85012 17.023 0.019
2456.55795 17.155 0.022
2458.69395 16.956 0.016
2460.76634 17.195 0.025
2463.51553 17.159 0.019
2466.72815 17.086 0.022
2468.59762 17.006 0.014
2470.60093 17.095 0.017
2484.59573 16.940 0.021
2486.68851 17.111 0.024
2490.65502 17.013 0.025
2493.61720 17.190 0.020
2495.68856 17.116 0.016
2497.77252 16.959 0.018
2498.48197 17.088 0.015
2502.53949 17.075 0.015
2508.63882 17.146 0.020
2512.58623 17.263 0.022
2517.62813 17.039 0.017
2520.55493 17.384 0.020
2526.64395 16.997 0.015
2537.62360 16.804 0.022
2542.49097 17.231 0.025
2547.55838 16.988 0.019
2551.59584 16.967 0.024
2556.54926 17.022 0.022
2564.50649 17.009 0.021
2575.50503 17.082 0.024
2706.89530 17.244 0.018
2714.87558 17.262 0.017
2728.90664 16.915 0.017
2733.88779 17.042 0.018
2744.87489 17.135 0.016
2753.86056 17.102 0.017
2756.93066 17.140 0.017
2760.87362 17.342 0.023
2766.92680 16.900 0.017
2770.79758 17.104 0.018
2783.74220 17.072 0.014
2785.85417 16.987 0.019
2786.90755 17.003 0.023
2789.71780 17.089 0.016
2791.69897 17.050 0.016
2794.91838 17.195 0.018
2796.78481 17.139 0.016
2809.69097 17.258 0.017
2810.85784 17.139 0.017
2811.89101 17.171 0.027
2813.68640 17.153 0.024
2816.57172 17.104 0.017
2818.55919 16.965 0.018
2820.72433 17.001 0.018
2826.72481 16.964 0.016
2826.73851 17.012 0.017
2834.76589 17.017 0.036
2836.70573 17.022 0.016
2837.60302 17.307 0.025
2839.65128 17.006 0.020
2841.67542 17.016 0.017
2843.59958 17.225 0.020
2843.61176 17.193 0.017
2843.62514 17.132 0.017
2843.64487 17.085 0.017
2843.65875 17.019 0.017
2843.66764 17.008 0.016
2843.68229 16.980 0.013
2845.62893 17.007 0.020
2850.48651 17.075 0.017
2852.50179 17.028 0.022
2854.49940 16.982 0.024
2856.68910 17.067 0.020
2858.65447 17.065 0.017
2862.58106 17.002 0.020
2865.69035 17.261 0.018
2868.57018 17.022 0.016
2871.67734 17.307 0.017
2874.57190 17.009 0.014
2876.56097 17.086 0.017
2879.60512 17.143 0.020
2885.50002 16.988 0.023
2894.60783 17.200 0.021
2898.59271 17.256 0.025
2904.56547 17.361 0.028
2909.56003 17.258 0.024
2917.59994 17.040 0.020
2930.54254 16.958 0.018
2952.51943 17.048 0.024
3058.87068 17.029 0.017
3063.89428 17.090 0.017
3067.86914 17.059 0.015
3070.82910 16.933 0.024
3072.90790 17.136 0.017
3075.80479 17.188 0.022
3079.86122 17.079 0.017
3082.82410 17.012 0.015
3084.87970 17.216 0.016
3086.81374 17.034 0.014
3088.77143 17.082 0.015
3089.88070 17.354 0.017
3091.79789 17.041 0.014
3096.83538 17.254 0.022
3098.88278 17.263 0.015
3100.83319 17.311 0.018
3102.79653 17.161 0.017
3103.86732 17.195 0.017
3106.80425 17.307 0.023
3108.74176 17.068 0.016
3109.76842 17.166 0.015
3110.80789 17.320 0.020
3111.84189 17.221 0.017
3112.81520 17.271 0.021
3113.84906 17.127 0.017
3114.75917 17.207 0.016
3115.84173 17.164 0.015
3118.90322 17.056 0.014
3122.88671 16.810 0.022
3125.84326 16.904 0.021
3126.87259 17.061 0.017
3127.77820 17.244 0.018
3128.79655 17.111 0.016
3129.77120 17.220 0.025
3131.65884 16.853 0.023
3134.73900 17.404 0.044
3134.85647 17.169 0.029
3135.83944 17.093 0.016
3137.91499 17.302 0.020
3138.79926 17.094 0.015
3139.84348 17.123 0.016
3140.85087 17.108 0.018
3142.74304 17.161 0.015
3144.76367 17.041 0.016
3146.74174 17.110 0.019
3151.72590 16.983 0.018
3152.72971 17.134 0.017
3152.94306 17.036 0.027
3153.73366 16.992 0.019
3154.79465 16.929 0.025
3156.79361 17.072 0.021
3158.85226 17.297 0.025
3162.78870 17.211 0.019
3163.74999 17.030 0.017
3164.70832 17.107 0.017
3165.77958 17.237 0.013
3166.87114 16.850 0.024
3168.56722 17.229 0.018
3168.90547 16.995 0.017
3169.70211 16.990 0.017
3170.77979 17.382 0.018
3171.87494 17.055 0.014
3172.72289 17.142 0.013
3174.68586 17.069 0.013
3175.69517 17.051 0.013
3176.73819 16.984 0.023
3178.75633 17.327 0.024
3179.76933 17.323 0.020
3180.68205 17.097 0.013
3182.74925 17.309 0.020
3183.70778 17.101 0.019
3184.67521 17.137 0.015
3185.83985 16.999 0.016
3193.50900 17.225 0.024
3194.61845 17.065 0.020
3195.67490 17.233 0.017
3196.71864 17.294 0.020
3197.61859 17.060 0.016
3199.76338 16.939 0.022
3202.51420 17.166 0.017
3203.63522 17.199 0.014
3204.59610 17.094 0.014
3205.73783 17.011 0.015
3206.64543 17.323 0.019
3209.68850 17.085 0.025
3210.63354 17.331 0.021
3217.62793 17.389 0.021
3218.62740 17.262 0.024
3219.73139 16.758 0.022
3223.62472 17.003 0.024
3224.67445 17.054 0.015
3226.58768 17.268 0.023
3228.57583 17.418 0.020
3229.61899 17.115 0.017
3230.64256 17.066 0.015
3231.54357 17.170 0.022
3232.57221 17.306 0.025
3238.59315 17.054 0.018
3239.55291 17.320 0.021
3240.62962 16.993 0.018
3241.62866 17.000 0.021
3245.52305 17.442 0.023
3246.63514 16.942 0.022
3247.65060 17.059 0.017
3249.50218 17.226 0.021
3250.62977 17.033 0.017
3253.62304 17.122 0.019
3256.60596 16.906 0.018
3259.59818 17.003 0.018
3267.50519 17.165 0.019
3272.56413 17.038 0.021
3274.60457 17.328 0.028
3278.57632 17.225 0.022
3281.55707 17.209 0.019
3293.49344 17.243 0.021
3295.49793 17.177 0.015
3299.50132 17.346 0.016
3312.51635 17.116 0.025
3416.87733 17.228 0.020
3421.87409 17.499 0.021
3425.89707 17.056 0.023
3428.88957 17.161 0.017
3432.86314 17.336 0.021
3442.86382 17.099 0.016
3445.78008 17.409 0.020
3447.82986 17.233 0.017
3449.84271 17.033 0.015
3452.86336 17.072 0.016
3454.91686 17.186 0.021
3458.77594 17.198 0.017
3459.82359 17.072 0.016
3468.85236 17.121 0.013
3469.85932 17.140 0.012
3471.89272 17.010 0.023
3473.85481 17.122 0.019
3474.87820 17.323 0.019
3476.75094 17.056 0.014
3478.76667 17.009 0.014
3479.90397 17.212 0.015
3481.79462 17.064 0.013
3484.75040 17.011 0.016
3496.70065 16.963 0.016
3497.76627 17.129 0.020
3499.72379 17.031 0.011
3500.70661 17.029 0.015
3501.74464 17.139 0.015
3502.74316 17.173 0.013
3503.66985 17.042 0.013
3506.86052 17.054 0.016
3508.72701 17.071 0.019
3509.75751 17.366 0.018
3510.90417 17.138 0.015
3511.80966 17.126 0.014
3512.83836 17.059 0.020
3517.83280 17.093 0.020
3520.79004 17.098 0.015
3522.71602 17.367 0.013
3523.77711 17.083 0.013
3524.67923 17.230 0.017
3525.67335 17.214 0.016
3526.72608 17.208 0.017
3527.75991 17.137 0.015
3528.70087 17.350 0.016
3529.65879 17.241 0.015
3530.66685 17.313 0.014
3538.64510 17.349 0.017
3540.63234 17.357 0.020
3544.83205 17.311 0.022
3547.76359 17.017 0.017
3550.61046 17.351 0.021
3551.61281 17.312 0.013
3552.64427 17.208 0.015
3553.76920 17.106 0.025
3554.72253 17.023 0.017
3555.78679 17.243 0.027
3556.69888 17.051 0.014
3558.50970 17.120 0.015
3558.80837 17.285 0.020
3559.59128 17.378 0.018
3560.57967 17.457 0.019
3561.52380 17.158 0.017
3562.56442 17.410 0.019
3562.81579 17.117 0.016
3563.61867 17.137 0.013
3564.60034 17.214 0.018
3569.53718 17.266 0.024
3573.62758 17.057 0.023
3574.66854 17.033 0.017
3575.51613 17.390 0.018
3576.67008 17.137 0.017
3577.73773 17.244 0.017
3578.64294 17.121 0.016
3579.60026 17.089 0.014
3579.76795 17.135 0.019
3580.63004 17.111 0.015
3581.65349 17.199 0.015
3582.60158 17.077 0.013
3583.61557 17.027 0.016
3584.62433 17.116 0.014
3585.61465 17.123 0.014
3586.66037 17.259 0.015
3589.65306 17.372 0.015
3590.62195 17.202 0.015
3592.63844 17.266 0.013
3594.68686 17.210 0.014
3601.62902 17.378 0.017
3602.64509 17.238 0.018
3603.61913 17.395 0.018
3607.61746 17.374 0.017
3608.63235 17.144 0.017
3615.56010 17.382 0.019
3616.56756 17.204 0.025
3618.54423 17.275 0.017
3619.56886 17.418 0.020
3621.56849 17.302 0.021
3628.54237 17.380 0.026
3629.62703 17.100 0.022
3631.51193 17.335 0.025
3633.52503 17.386 0.026
3637.62121 17.006 0.021
3639.57473 17.034 0.012
3641.52690 17.085 0.022
3644.48723 17.291 0.025
3648.51912 17.007 0.017
3650.55652 17.090 0.019
3654.52833 17.084 0.030
3655.50700 17.084 0.017
3657.51450 17.073 0.019
3660.50864 17.059 0.021
3662.51388 17.018 0.017
3666.54138 17.083 0.016
3776.84916 17.069 0.021
3784.85920 17.065 0.015
3794.85356 17.098 0.015
3796.84127 17.037 0.015
3797.84518 17.102 0.014
3798.89318 17.318 0.017
3801.81678 17.074 0.017
3803.80578 17.089 0.015
3804.85312 17.185 0.018
3805.89357 17.341 0.017
3807.88187 17.329 0.017
3809.79626 17.056 0.015
3811.87481 17.311 0.018
3812.90652 17.069 0.015
3817.89319 17.169 0.019
3818.91389 17.035 0.015
3820.85991 17.218 0.016
3821.86992 17.157 0.014
3822.76894 17.061 0.017
3823.87822 17.102 0.014
3824.87481 17.065 0.017
3826.87927 17.109 0.017
3828.88160 17.054 0.015
3829.86835 17.145 0.016
3832.87150 17.063 0.016
3833.83852 17.176 0.014
3834.88743 17.062 0.013
3835.83077 17.102 0.013
3836.84330 17.118 0.015
3837.82581 17.134 0.017
3838.82981 17.110 0.018
3839.84190 17.082 0.017
3840.83295 17.101 0.016
3841.81180 17.118 0.015
3845.81520 17.071 0.021
3846.82485 17.064 0.014
3848.84034 17.043 0.013
3849.85365 17.118 0.013
3850.78969 17.123 0.015
3851.79601 16.960 0.018
3852.78450 17.086 0.016
3853.77719 17.124 0.011
3856.76602 17.136 0.016
3858.82992 17.137 0.017
3860.82068 17.079 0.018
3861.83497 17.175 0.014
3862.77899 17.063 0.015
3863.71874 17.187 0.016
3864.77984 17.052 0.012
3865.74420 17.126 0.017
3866.77264 17.069 0.013
3867.70954 17.155 0.016
3868.77558 17.081 0.016
3869.76198 17.070 0.017
3873.76283 17.138 0.014
3874.80743 17.311 0.019
3875.72247 17.058 0.012
3877.75209 17.143 0.013
3880.74933 17.123 0.015
3881.75752 17.150 0.013
3882.69558 17.082 0.016
3883.73698 17.105 0.013
3886.70785 17.064 0.013
3887.69092 17.095 0.017
3889.84926 17.072 0.014
3891.57818 17.164 0.023
3892.85010 17.026 0.011
3893.73486 17.159 0.024
3894.77742 17.278 0.023
3896.72570 17.225 0.017
3900.62859 17.077 0.016
3901.64048 17.096 0.016
3902.65837 17.087 0.015
3903.78371 17.109 0.019
3904.63809 17.030 0.013
3905.64505 17.136 0.013
3906.62662 17.071 0.015
3907.68770 17.135 0.024
3908.62627 17.068 0.013
3909.63066 17.127 0.013
3912.63100 17.097 0.011
3913.62856 17.153 0.012
3914.64265 17.191 0.014
3915.62545 17.119 0.017
3916.70720 17.264 0.017
3917.71990 17.228 0.017
3918.72094 17.136 0.017
3919.65417 17.345 0.023
3920.60627 17.021 0.016
3921.61974 16.989 0.022
3930.68203 17.121 0.017
3931.60114 17.313 0.025
3931.78429 17.208 0.019
3932.62860 17.350 0.014
3933.60832 17.342 0.014
3934.57896 17.213 0.015
3935.65616 17.208 0.017
3936.60776 17.373 0.022
3936.79600 17.284 0.020
3937.72448 17.138 0.020
3938.58541 17.330 0.019
3940.72564 17.083 0.013
3944.67037 17.067 0.013
3945.61874 17.201 0.016
3946.61251 17.174 0.020
3950.61807 17.115 0.014
3951.64552 17.095 0.017
3956.65238 16.989 0.022
3957.60707 17.051 0.023
3958.67238 17.098 0.018
3959.60265 17.107 0.016
3960.59090 17.108 0.013
3963.55998 17.089 0.019
3964.62313 17.131 0.015
3965.60887 17.046 0.013
3966.60379 17.044 0.012
3967.63020 17.118 0.017
3968.58642 17.040 0.015
3969.59404 17.098 0.015
3970.60693 17.025 0.017
3971.63695 17.108 0.019
3973.66650 17.283 0.018
3974.60115 17.166 0.018
3975.59654 17.094 0.014
3976.59052 17.113 0.015
3979.61697 17.131 0.020
3982.64556 17.396 0.025
3987.58676 17.233 0.017
3988.60398 17.331 0.014
3990.58798 17.312 0.020
3994.53789 17.149 0.021
3995.66560 17.092 0.019
3996.51366 17.124 0.023
4000.59923 17.353 0.025
4002.59320 17.272 0.016
4003.54764 17.255 0.014
4005.64349 17.113 0.017
4006.61235 17.183 0.018
4011.52646 17.401 0.025
4015.55583 17.261 0.021
4017.53347 17.218 0.018
4019.53521 17.199 0.019
4021.53796 17.209 0.026
4024.56745 17.086 0.018
4026.56305 17.086 0.017
4029.52170 17.080 0.021
4149.86541 17.109 0.024
4155.82485 17.408 0.025
4157.87705 17.022 0.015
4159.89001 17.043 0.017
4162.83741 17.125 0.022
4164.87714 17.000 0.015
4166.89296 17.055 0.022
4169.80743 17.130 0.018
4174.81504 17.080 0.020
4176.80797 17.089 0.017
4177.86170 17.052 0.017
4178.90447 17.231 0.020
4180.80184 17.052 0.021
4181.89147 17.239 0.017
4183.77353 17.083 0.017
4184.84120 17.053 0.016
4187.92276 17.201 0.026
4190.83921 17.112 0.017
4192.85178 17.222 0.018
4193.86262 17.346 0.020
4194.88430 17.314 0.018
4196.87284 17.266 0.021
4202.85406 17.318 0.017
4203.84220 17.336 0.017
4204.83769 17.311 0.017
4205.83278 17.347 0.017
4207.84136 17.277 0.017
4208.85838 17.160 0.017
4213.83365 17.192 0.016
4215.83987 17.132 0.018
4216.79762 17.254 0.019
4217.80541 17.283 0.016
4218.86037 17.046 0.018
4219.89615 17.030 0.020
4220.83304 17.070 0.019
4222.79623 17.218 0.017
4224.91837 17.204 0.021
4228.79050 17.122 0.021
4229.77524 17.194 0.018
4230.75900 17.235 0.017
4231.76131 17.241 0.018
4232.77282 17.185 0.020
4234.67627 17.088 0.021
4235.73457 17.323 0.018
4238.78459 17.095 0.018
4239.76961 17.102 0.015
4240.91030 17.401 0.023
4243.80360 17.044 0.017
4244.77847 17.091 0.016
4245.76924 17.061 0.016
4246.82699 17.121 0.018
4250.85238 17.346 0.026
4256.68929 17.051 0.025
4258.69792 17.103 0.019
4267.66318 17.118 0.014
4268.83385 17.234 0.018
4269.64169 17.163 0.017
4272.69219 17.038 0.015
4273.74139 17.147 0.020
4274.54204 17.101 0.025
4275.69281 17.110 0.018
4277.65020 17.054 0.017
4278.66620 17.059 0.020
4283.61148 17.074 0.018
4284.59550 17.144 0.020
4285.60220 17.017 0.022
4286.59836 17.123 0.017
4289.63326 16.880 0.021
4290.66471 17.035 0.023
4291.71949 17.370 0.022
4292.58090 17.105 0.015
4293.60819 17.034 0.014
4294.58006 17.030 0.020
4295.60526 17.054 0.016
4296.58883 17.078 0.017
4298.62694 17.139 0.018
4299.59725 17.075 0.014
4300.49573 17.251 0.023
4301.67599 17.368 0.021
4302.65826 17.216 0.024
4304.63307 17.151 0.019
4306.62402 17.199 0.029
4310.72480 17.095 0.026
4312.61901 17.364 0.021
4315.62915 17.283 0.025
4316.65018 17.246 0.024
4317.54866 17.081 0.016
4319.61170 17.275 0.021
4320.70465 17.091 0.021
4326.62755 17.153 0.018
4327.65348 17.097 0.023
4328.59568 17.279 0.018
4329.58764 17.275 0.025
4330.63067 17.127 0.017
4331.59528 17.345 0.022
4332.67358 17.059 0.017
4333.59608 17.170 0.024
4334.56343 17.397 0.030
4338.62645 16.993 0.020
4339.59566 17.173 0.021
4340.69266 17.127 0.022
4341.59756 17.123 0.022
4342.63385 17.054 0.017
4343.61309 17.072 0.016
4344.66261 17.092 0.017
4345.61301 16.996 0.022
4346.61502 17.035 0.020
4347.62886 17.004 0.020
4349.60075 17.061 0.016
4350.66253 17.108 0.019
4351.60290 17.046 0.021
4353.62270 17.072 0.024
4354.64222 17.109 0.024
4355.65521 17.201 0.028
4358.62934 17.062 0.024
4368.59812 17.114 0.027
4371.61704 17.344 0.032
4373.61069 17.398 0.031
4381.58984 17.422 0.034
4506.87636 17.135 0.024
4512.89183 17.205 0.018
4515.85333 17.045 0.025
4518.89438 17.302 0.029
4521.86469 17.315 0.025
4524.87400 17.330 0.021
4530.86335 17.329 0.017
4533.90099 17.116 0.017
4536.78927 17.079 0.025
4537.85013 17.250 0.016
4539.79348 17.318 0.020
4541.76320 17.139 0.019
4542.88125 17.062 0.016
4543.90742 17.059 0.015
4544.90494 17.069 0.015
4545.82952 17.216 0.017
4546.88804 17.018 0.015
4547.89882 17.077 0.016
4550.89860 17.033 0.017
4551.89173 17.062 0.019
4552.88495 17.077 0.017
4556.85290 17.060 0.016
4557.87918 17.070 0.014
4558.87565 17.099 0.016
4559.84334 17.082 0.014
4560.84364 17.096 0.014
4561.83254 17.061 0.013
4564.83684 17.042 0.013
4565.82578 17.051 0.011
4566.82784 17.083 0.013
4567.82816 17.033 0.013
4568.85048 17.105 0.015
4569.84440 17.100 0.015
4570.83512 17.104 0.017
4571.81886 17.097 0.016
4572.85666 17.201 0.019
4573.83234 17.076 0.013
4574.83451 17.096 0.018
4575.84328 17.142 0.017
4583.70337 17.133 0.025
4585.92949 17.021 0.023
4586.85540 17.339 0.019
4587.83604 17.266 0.018
4588.81905 17.328 0.017
4589.66467 17.271 0.023
4590.76926 17.133 0.017
4591.65706 17.247 0.020
4592.76242 17.149 0.017
4593.74775 17.078 0.017
4594.77628 17.173 0.016
4595.76403 17.109 0.018
4596.75318 17.111 0.015
4597.78444 17.291 0.017
4598.75378 17.129 0.013
4599.72964 17.091 0.015
4600.73883 17.118 0.013
4601.74336 17.128 0.013
4602.73758 17.151 0.014
4606.75129 17.263 0.017
4610.85449 17.054 0.016
4611.72505 17.235 0.017
4611.91161 17.105 0.018
4615.90175 17.114 0.025
4616.71056 17.230 0.017
4617.83363 17.054 0.020
4622.68932 17.272 0.019
4623.76926 17.157 0.019
4624.70452 17.404 0.025
4625.68963 17.212 0.024
4626.74011 17.192 0.019
4627.66882 17.255 0.018
4628.66312 17.249 0.017
4629.72821 17.188 0.017
4630.66505 17.296 0.017
4631.68655 17.315 0.017
4632.68656 17.514 0.021
4633.74357 17.085 0.022
4639.78902 17.089 0.019
4640.68896 17.186 0.018
4641.84551 17.345 0.029
4642.68741 17.177 0.017
4643.65341 17.269 0.015
4644.72052 17.063 0.017
4645.65202 17.308 0.018
4646.62374 17.352 0.015
4647.63410 17.334 0.017
4649.62827 17.295 0.020
4650.65662 17.158 0.017
4651.67155 17.135 0.018
4652.60069 17.397 0.022
4653.59455 17.336 0.024
4654.63370 17.213 0.017
4655.59797 17.339 0.020
4656.60104 17.374 0.020
4658.75843 17.304 0.026
4660.70796 17.096 0.017
4661.59057 17.303 0.017
4666.65770 17.074 0.018
4670.72402 17.315 0.026
4671.64726 17.075 0.016
4672.60679 17.107 0.015
4677.58583 17.153 0.019
4681.60145 17.053 0.017
4682.61866 17.021 0.017
4683.61563 17.091 0.021
4684.63367 17.092 0.017
4685.60135 17.091 0.016
4686.73016 17.114 0.019
4687.64864 17.162 0.021
4688.59482 17.096 0.018
4694.67918 17.181 0.028
4697.59603 17.171 0.021
4698.62222 17.327 0.020
4700.61732 17.219 0.020
4701.60018 17.222 0.023
4702.61514 17.301 0.020
4703.68375 17.058 0.024
4708.61594 17.103 0.026
4710.65111 17.202 0.023
4720.63339 17.112 0.023
4721.60227 17.190 0.024
4724.61668 17.175 0.023
4726.59351 17.189 0.025
4731.64304 17.216 0.026
4738.51901 17.308 0.025
4748.58789 17.347 0.030
4755.54166 17.111 0.024
4761.53813 17.402 0.028
4875.87081 17.104 0.019
4885.88280 17.064 0.015
4888.83444 17.073 0.017
4892.83018 17.057 0.016
4898.80136 17.103 0.025
4901.85205 17.183 0.016
4903.85141 17.228 0.016
4904.90964 17.364 0.023
4906.90110 17.345 0.020
4910.90766 17.169 0.019
4912.89416 17.193 0.013
4914.87553 17.287 0.015
4925.80791 17.314 0.016
4927.86184 17.176 0.020
4929.83049 17.190 0.016
4930.86384 17.158 0.019
4931.80765 17.356 0.021
4932.76290 17.250 0.017
4933.81122 17.229 0.017
4938.78623 17.321 0.018
4939.81160 17.171 0.022
4941.76563 17.412 0.020
4942.80648 17.128 0.016
4943.79902 17.143 0.016
4947.87055 17.155 0.017
4950.81167 17.050 0.014
4952.83866 17.138 0.016
4953.80324 17.164 0.017
4954.76509 17.119 0.016
4955.76096 17.122 0.022
