2115.77201 18.434 0.053
2128.62539 18.345 0.039
2131.69443 18.485 0.051
2134.72684 18.260 0.051
2138.61049 18.516 0.052
2143.57056 18.332 0.059
2162.57253 18.479 0.055
2168.59048 18.297 0.052
2173.54853 18.435 0.069
2184.55190 18.383 0.078
2195.53601 18.422 0.066
2323.89335 18.269 0.060
2326.85893 18.398 0.062
2341.87042 18.410 0.052
2350.88829 18.405 0.043
2359.84811 18.491 0.050
2370.88922 18.223 0.039
2391.87101 18.327 0.057
2404.90119 18.275 0.041
2464.74576 18.268 0.035
2474.66442 18.385 0.047
2503.54206 18.184 0.106
2518.52331 18.365 0.055
2765.83712 18.463 0.047
2769.86411 18.277 0.036
2782.75845 18.288 0.050
2784.75261 18.532 0.041
2786.64282 18.584 0.061
2790.73205 18.295 0.037
2792.63718 18.262 0.044
2794.66019 18.455 0.054
2797.55790 18.493 0.052
2810.59604 18.508 0.058
2814.57029 18.602 0.059
3057.83304 18.436 0.051
3060.86268 18.433 0.048
3066.85696 18.407 0.042
3069.80974 18.497 0.055
3071.81508 18.387 0.100
3074.81980 18.370 0.046
3076.84461 18.333 0.044
3078.86034 18.549 0.061
3081.89390 18.348 0.053
3083.89025 18.494 0.042
3085.75078 18.458 0.060
3087.81701 18.328 0.041
3088.89594 18.404 0.037
3090.81980 18.492 0.043
3092.76508 18.405 0.052
3097.73419 18.494 0.064
3099.72967 18.310 0.056
3100.72736 18.530 0.080
3102.72699 18.148 0.076
3104.73277 18.517 0.131
3105.75500 18.498 0.107
3108.69548 18.520 0.042
3109.88955 18.423 0.038
3111.77214 18.332 0.044
3113.70410 18.592 0.045
3114.69042 18.374 0.038
3116.74374 18.297 0.055
3122.70012 18.378 0.085
3124.89422 18.490 0.063
3126.61926 18.344 0.057
3127.62656 18.450 0.060
3128.65346 18.528 0.116
3129.62274 18.382 0.069
3130.62899 18.265 0.067
3131.81417 18.422 0.058
3134.60196 18.365 0.056
3135.66845 18.359 0.049
3137.69039 18.460 0.063
3138.62445 18.331 0.044
3139.76726 18.478 0.041
3140.62767 18.435 0.099
3141.71325 18.341 0.043
3142.60773 18.249 0.043
3144.61606 18.444 0.050
3145.69129 18.335 0.052
3147.77612 18.410 0.044
3151.58386 18.402 0.092
3152.59300 18.449 0.095
3153.59236 18.449 0.056
3154.66666 18.507 0.076
3156.57103 18.457 0.082
3158.59034 18.379 0.074
3162.56655 18.389 0.072
3163.54681 18.404 0.053
3164.54789 18.507 0.047
3165.54763 18.614 0.058
3166.73042 18.371 0.073
3167.58955 18.470 0.075
3168.54963 18.568 0.064
3169.55417 18.538 0.089
3170.62037 18.595 0.079
3171.54733 18.344 0.041
3172.55292 18.348 0.043
3174.53366 18.445 0.048
3174.86757 18.405 0.047
3175.52102 18.427 0.055
3176.57240 18.336 0.067
3178.61148 18.504 0.062
3179.63469 18.533 0.043
3180.51041 18.491 0.055
3183.50213 18.420 0.063
3184.52153 18.420 0.044
3185.52768 18.449 0.064
3191.82612 18.526 0.050
3193.69855 18.635 0.069
3194.77166 18.526 0.043
3195.48222 18.369 0.067
3196.50504 18.347 0.073
3197.48092 18.646 0.081
3199.51321 18.312 0.063
3201.48761 18.404 0.054
3202.73179 18.633 0.068
3203.49549 18.402 0.043
3205.48840 18.536 0.050
3206.51586 18.601 0.043
3207.50075 18.411 0.065
3211.48248 18.420 0.057
3212.50757 18.314 0.061
3218.48810 18.504 0.062
3223.49811 18.516 0.064
3224.49934 18.372 0.044
3228.50050 18.454 0.051
3230.49701 18.343 0.040
3241.50659 18.367 0.051
3246.49777 18.367 0.073
3248.51473 18.568 0.067
3250.49007 18.322 0.050
3251.61890 18.520 0.050
3253.55555 18.569 0.062
3255.64714 18.524 0.082
3257.62552 18.293 0.044
3261.60678 18.275 0.044
3262.49780 18.359 0.064
3263.63197 18.387 0.060
3264.50899 18.360 0.050
3268.57325 18.343 0.039
3270.50222 18.490 0.155
3275.60249 18.543 0.072
3279.49927 18.433 0.052
3283.54806 18.507 0.043
3291.49895 18.360 0.069
3305.51575 18.346 0.064
3307.54648 18.384 0.095
3431.84812 18.400 0.055
3438.84632 18.424 0.054
3443.90299 18.502 0.043
3446.80024 18.277 0.041
3448.83730 18.338 0.042
3450.90035 18.502 0.039
3453.89780 18.336 0.041
3456.79111 18.547 0.053
3468.75966 18.512 0.099
3471.76458 18.213 0.056
3474.75658 18.449 0.046
3477.74297 18.512 0.043
3480.75893 18.330 0.032
3484.69977 18.338 0.071
3499.65538 18.340 0.041
3502.65645 18.364 0.041
3503.91007 18.643 0.049
3509.64467 18.641 0.065
3520.74283 18.611 0.056
3521.89682 18.316 0.043
3522.90636 18.530 0.058
3523.89993 18.598 0.063
3525.88795 18.306 0.039
3528.84303 18.286 0.056
3538.54785 18.345 0.071
3539.54644 18.451 0.075
3544.67057 18.651 0.063
3550.56887 18.614 0.083
3552.73084 18.428 0.041
3556.80537 18.410 0.050
3558.73498 18.547 0.051
3560.54711 18.369 0.040
3561.79487 18.293 0.035
3562.72555 18.509 0.040
3563.80575 18.681 0.075
3574.50759 18.509 0.047
3578.50413 18.613 0.046
3579.75010 18.715 0.071
3581.50417 18.438 0.042
3583.48399 18.412 0.046
3584.48859 18.343 0.041
3585.47962 18.410 0.037
3586.49901 18.609 0.050
3586.59253 18.294 0.031
3586.67795 18.614 0.038
3587.58298 18.474 0.048
3587.59665 18.402 0.062
3587.65204 18.330 0.045
3587.71784 18.584 0.064
3588.52030 18.480 0.049
3588.56126 18.615 0.045
3588.62069 18.511 0.039
3618.66580 18.340 0.044
3633.58096 18.443 0.072
3650.50982 18.558 0.065
3652.52822 18.397 0.072
3772.87952 18.593 0.085
3779.84570 18.467 0.065
4891.88645 18.306 0.043
4911.86126 18.301 0.033
