2127.60225 18.257 0.036
2130.62359 17.891 0.019
2133.63594 18.176 0.030
2137.59298 18.051 0.020
2142.56797 18.235 0.022
2190.54038 18.225 0.023
2216.50459 17.813 0.032
2338.85372 17.905 0.020
2357.88165 18.148 0.025
2365.85378 17.870 0.023
2377.80738 18.057 0.024
2384.89223 18.285 0.024
2389.77222 18.030 0.024
2391.71711 17.833 0.026
2400.85550 17.873 0.018
2404.73301 18.088 0.019
2406.76740 18.170 0.027
2415.92107 18.167 0.031
2417.88583 17.980 0.024
2425.91267 17.972 0.031
2431.78644 18.209 0.023
2433.77639 18.178 0.022
2435.88567 17.782 0.022
2437.90946 17.840 0.029
2439.90836 17.850 0.026
2441.85318 18.091 0.024
2445.75743 17.865 0.018
2448.81530 17.805 0.043
2454.49397 18.026 0.028
2460.62701 17.925 0.024
2463.66853 18.205 0.020
2465.81969 17.854 0.024
2467.63443 17.911 0.018
2469.67702 18.135 0.018
2471.58530 17.898 0.017
2473.65138 17.940 0.020
2481.78875 18.272 0.035
2485.49362 17.972 0.028
2488.62304 18.038 0.029
2491.57699 18.200 0.031
2493.76671 18.213 0.030
2496.60817 17.833 0.014
2498.65165 17.933 0.016
2500.67438 18.033 0.020
2502.69184 18.102 0.028
2510.58972 18.153 0.033
2516.64253 17.934 0.025
2519.62596 17.897 0.021
2524.65378 18.100 0.027
2529.57679 17.955 0.021
2538.62657 18.051 0.029
2543.52259 17.982 0.019
2544.50478 18.096 0.025
2548.57858 17.896 0.023
2553.48098 18.053 0.057
2557.57746 17.956 0.021
2561.58479 17.904 0.032
2564.57853 18.214 0.041
2565.56373 17.877 0.025
2579.50804 18.248 0.045
2709.90300 17.954 0.019
2720.86408 17.883 0.020
2730.84365 18.122 0.022
2730.84698 18.112 0.020
2735.82642 17.851 0.017
2747.81528 18.086 0.032
2754.82451 17.867 0.019
2757.90842 17.894 0.025
2761.84404 18.202 0.025
2768.78449 18.145 0.023
2776.65995 17.787 0.054
2783.93729 18.279 0.027
2787.76201 18.024 0.022
2790.61223 18.276 0.020
2793.80330 17.962 0.025
2795.74111 18.209 0.025
2797.72425 18.095 0.020
2809.84502 18.166 0.024
2810.89665 18.120 0.032
2811.76471 17.991 0.025
2814.84834 17.882 0.021
2816.74939 18.190 0.026
2817.86614 18.207 0.039
2818.86351 17.905 0.023
2820.86242 17.904 0.023
2821.82196 18.106 0.024
2830.73121 18.037 0.043
2835.75686 18.002 0.023
2837.77016 17.825 0.039
2838.75430 17.918 0.022
2840.78400 18.014 0.027
2843.77884 17.976 0.022
2845.76555 18.227 0.028
2854.67691 18.286 0.029
2857.57441 18.246 0.026
2866.57832 17.907 0.026
2868.67292 18.031 0.020
2872.53517 18.227 0.024
2878.58917 18.056 0.020
2883.70511 18.199 0.027
2892.62057 18.179 0.045
2895.53784 18.193 0.029
2900.58335 17.985 0.024
2906.53571 17.866 0.024
2911.60529 18.170 0.026
2928.57511 18.067 0.035
3053.85706 17.898 0.020
