2127.59632 19.157 0.089
2130.61767 19.684 0.084
2133.63006 19.030 0.058
2137.58501 19.082 0.054
2142.56208 19.076 0.049
2171.67685 19.112 0.093
2190.53453 19.231 0.053
2215.54375 19.343 0.131
2338.84750 19.107 0.063
2353.87921 19.764 0.113
2363.85571 19.067 0.065
2363.86267 19.085 0.059
2377.80103 19.025 0.056
2384.88381 19.080 0.053
2388.90226 19.337 0.056
2390.92603 19.421 0.076
2393.84357 19.353 0.088
2400.84592 18.961 0.044
2404.71941 19.758 0.077
2406.82251 19.261 0.062
2416.84315 19.076 0.063
2424.93630 19.369 0.179
2431.78004 18.986 0.048
2433.77013 19.003 0.052
2434.94085 19.153 0.101
2436.92765 18.965 0.066
2439.89538 19.175 0.069
2441.84629 19.144 0.066
2444.90550 18.988 0.073
2445.75112 19.067 0.051
2448.80856 19.650 0.138
2454.63666 18.996 0.052
2460.67295 19.529 0.091
2463.66156 19.177 0.043
2466.49521 19.087 0.063
2468.83910 19.187 0.071
2469.66720 19.209 0.042
2471.62921 19.097 0.043
2473.64341 19.342 0.062
2481.78240 18.831 0.064
2485.48011 19.346 0.092
2491.57060 19.230 0.086
2493.76076 19.096 0.070
2496.60211 18.988 0.036
2498.64545 19.465 0.057
2500.66711 19.287 0.052
2502.68561 19.107 0.065
2516.68862 19.169 0.097
2519.61991 18.999 0.044
2524.64777 19.407 0.083
2529.56852 19.341 0.069
2538.61776 19.568 0.104
2543.51656 19.095 0.050
2548.57184 19.041 0.062
2552.60776 19.291 0.080
2557.57136 19.665 0.092
2564.57202 19.013 0.071
2583.52124 19.195 0.103
2709.89632 19.343 0.058
2720.85761 18.943 0.051
2730.83685 19.396 0.057
2735.81984 18.990 0.042
2747.80914 19.335 0.095
2754.81809 19.366 0.058
2757.90178 19.072 0.070
2763.86119 19.268 0.064
2767.93078 18.964 0.084
2776.71638 20.293 0.289
2783.93077 19.354 0.067
2785.70505 19.007 0.051
2787.80607 19.004 0.058
2790.60015 19.091 0.045
2793.79337 18.970 0.050
2795.71473 18.952 0.044
2797.71796 19.039 0.042
2802.76475 19.193 0.089
2809.83883 19.119 0.057
2811.75813 19.795 0.127
2812.88306 19.178 0.065
2814.83513 19.194 0.063
2816.74304 19.130 0.058
2818.72004 19.058 0.052
2820.85362 19.187 0.061
2829.84798 19.886 0.170
2835.75012 19.165 0.060
2837.76398 19.441 0.157
2838.80528 18.950 0.072
2840.77800 19.124 0.076
2843.77013 18.846 0.046
2845.75563 19.104 0.057
2850.70201 19.098 0.048
2852.69967 19.526 0.108
2854.67031 19.148 0.065
2857.56710 18.918 0.045
2862.69349 18.954 0.077
2865.58277 19.411 0.070
2868.66670 19.458 0.082
2872.52906 19.103 0.051
2877.69257 19.050 0.057
2883.68852 19.380 0.079
2893.55531 19.457 0.083
2896.66891 19.828 0.121
2902.61800 19.175 0.073
2907.59199 19.115 0.069
2911.59951 19.220 0.059
2927.56883 19.533 0.095
3053.85066 18.878 0.046
