2106.76844 17.633 0.028
2112.76275 17.604 0.023
2125.65067 17.679 0.033
2128.57983 17.603 0.023
2131.57317 17.719 0.023
2134.67685 17.586 0.029
2138.55693 17.634 0.029
2143.52619 17.748 0.039
2156.49237 17.570 0.024
2158.52489 17.566 0.023
2162.51022 17.557 0.027
2168.54503 17.645 0.033
2173.50304 17.648 0.036
2180.50165 17.679 0.030
2184.50637 17.575 0.032
2194.56169 17.737 0.031
2321.87911 17.628 0.031
2326.81121 17.712 0.036
2345.82130 17.665 0.023
2350.82585 17.571 0.020
2358.89056 17.611 0.027
2370.81874 17.540 0.025
2381.82600 17.666 0.023
2384.79887 17.583 0.024
2388.85659 17.633 0.024
2391.74262 17.743 0.036
2396.77411 17.643 0.037
2400.70207 17.679 0.031
2402.81632 17.640 0.023
2404.84895 17.689 0.023
2406.93292 17.697 0.031
2415.72976 17.581 0.028
2417.70349 17.583 0.028
2426.68468 17.744 0.027
2431.81539 17.632 0.022
2433.74257 17.612 0.027
2434.81564 17.745 0.028
2436.59016 17.745 0.029
2438.62052 17.716 0.028
2440.60198 17.694 0.026
2442.61950 17.768 0.028
2444.71314 17.684 0.028
2446.65142 17.713 0.028
2453.74699 17.645 0.029
2458.74007 17.658 0.026
2462.72880 17.572 0.020
2463.82943 17.647 0.025
2466.75641 17.627 0.031
2468.47169 17.681 0.033
2470.47461 17.615 0.033
2474.47684 17.676 0.043
2482.62843 17.561 0.025
2485.63840 17.833 0.037
2489.70907 17.682 0.025
2492.65441 17.537 0.021
2494.70809 17.582 0.022
2497.51068 17.765 0.031
2499.54661 17.712 0.026
2501.57427 17.755 0.026
2503.49946 17.658 0.071
2511.55455 17.667 0.032
2517.49143 17.743 0.039
2520.67675 17.620 0.025
2526.53481 17.605 0.024
2537.48484 17.575 0.031
2540.50087 17.746 0.035
2546.51135 17.725 0.031
2550.49274 17.712 0.038
2558.50112 17.689 0.031
2698.89620 17.575 0.025
2711.87923 17.715 0.026
2721.88926 17.764 0.051
2730.89989 17.614 0.022
2743.77638 17.612 0.023
2748.79505 17.672 0.028
2755.78508 17.600 0.021
2759.78012 17.578 0.023
2765.79322 17.547 0.021
2769.77786 17.589 0.019
2782.71609 17.692 0.029
2784.70892 17.738 0.022
2786.59547 17.660 0.040
2788.69312 17.726 0.023
2789.81375 17.592 0.024
2789.82190 17.627 0.026
2789.86968 17.620 0.026
2789.88886 17.632 0.025
2789.91433 17.618 0.026
2789.92425 17.604 0.027
2789.93492 17.618 0.029
2789.94684 17.588 0.041
2790.57951 17.671 0.019
2790.60750 17.708 0.021
2790.64044 17.659 0.018
2790.66398 17.692 0.022
2790.68578 17.698 0.023
2790.70395 17.666 0.022
2790.73664 17.674 0.024
2790.78459 17.631 0.023
2790.82171 17.638 0.023
2790.84654 17.649 0.024
2790.87747 17.649 0.024
2790.90507 17.678 0.026
2790.92711 17.628 0.030
2790.93209 17.618 0.029
2790.94401 17.609 0.034
2791.53522 17.569 0.033
2791.57913 17.503 0.021
2791.60883 17.542 0.023
2791.67103 17.546 0.023
2791.71244 17.578 0.022
2791.74939 17.585 0.025
2791.83603 17.600 0.024
2791.87870 17.613 0.025
2791.93396 17.634 0.023
2792.58003 17.778 0.037
2792.58287 17.804 0.036
2794.61630 17.685 0.031
2796.57063 17.743 0.026
2802.58708 17.725 0.041
2802.60745 17.650 0.033
2802.62501 17.679 0.033
2802.66903 17.655 0.032
2802.72933 17.630 0.031
2802.79679 17.617 0.033
2808.63697 17.634 0.026
2810.57532 17.616 0.026
2812.57689 17.674 0.027
2813.82071 17.688 0.025
2815.59923 17.631 0.023
2816.66493 17.607 0.023
2817.77936 17.680 0.027
2818.67456 17.568 0.022
2819.76850 17.698 0.028
2821.66655 17.681 0.026
2826.65737 17.599 0.028
2830.78765 17.534 0.028
2835.48464 17.655 0.035
2837.50356 17.797 0.033
2838.73399 17.534 0.024
2838.76031 17.567 0.030
2838.81122 17.585 0.033
2839.48715 17.728 0.030
2840.50472 17.573 0.028
2841.57685 17.716 0.030
2841.79054 17.675 0.027
2842.55842 17.556 0.025
2844.61739 17.570 0.021
2848.55689 17.568 0.027
2851.54329 17.699 0.029
2853.54701 17.683 0.027
2854.74264 17.571 0.031
2857.72968 17.664 0.030
2862.51085 17.549 0.031
2864.50856 17.622 0.031
2867.66210 17.644 0.026
2868.52404 17.633 0.022
2871.48997 17.649 0.027
2872.60093 17.635 0.022
2874.56582 17.687 0.022
2875.50935 17.644 0.031
2875.62908 17.612 0.035
2876.53591 17.625 0.023
2876.65484 17.655 0.026
2877.51760 17.608 0.026
2877.66005 17.591 0.026
2878.49474 17.633 0.023
2878.65314 17.681 0.026
2879.54437 17.548 0.025
2880.70302 17.718 0.031
2882.54991 17.667 0.027
2889.52295 17.584 0.039
2894.58414 17.726 0.028
2898.63993 17.735 0.033
2903.53905 17.528 0.021
2908.60074 17.757 0.039
2912.54649 17.645 0.027
2926.57008 17.665 0.030
3043.86962 17.711 0.031
3044.86435 17.602 0.031
3055.88040 17.826 0.031
3058.89826 17.563 0.027
3064.81879 17.550 0.027
3067.89221 17.724 0.023
3070.85375 17.642 0.031
3073.80921 17.675 0.031
3075.84788 17.701 0.030
3079.89239 17.676 0.030
3082.86570 17.644 0.024
3084.90862 17.626 0.020
3086.83737 17.651 0.021
3088.79482 17.618 0.020
3089.90409 17.632 0.022
3091.82429 17.592 0.022
3096.86240 17.653 0.031
3098.84983 17.673 0.021
3100.80337 17.683 0.023
3101.91691 17.597 0.026
3103.77468 17.586 0.024
3104.88917 17.683 0.068
3106.83398 17.743 0.035
3108.76723 17.730 0.023
3109.79938 17.592 0.019
3110.83384 17.728 0.025
3112.79214 17.717 0.022
3113.87241 17.597 0.021
3114.78394 17.717 0.022
3115.86677 17.555 0.020
3116.92286 17.692 0.026
3122.90994 17.761 0.030
3125.87020 17.632 0.028
3126.89592 17.739 0.025
3127.80670 17.586 0.023
3128.81972 17.692 0.024
3130.69769 17.788 0.031
3131.88922 17.593 0.035
3135.89906 17.596 0.026
3137.93808 17.679 0.032
3138.70077 17.757 0.031
3139.87803 17.627 0.023
3140.87784 17.668 0.023
3142.76610 17.645 0.022
3144.78706 17.666 0.024
3146.80063 17.639 0.029
3151.74968 17.638 0.028
3151.91442 17.686 0.028
3152.75377 17.669 0.026
3153.75768 17.639 0.029
3154.81919 17.603 0.030
3156.83895 17.580 0.025
3158.91305 17.593 0.036
3162.81392 17.545 0.025
3163.62684 17.630 0.022
3163.64566 17.669 0.022
3164.73555 17.673 0.023
3165.75633 17.780 0.021
3166.90149 17.526 0.032
3167.75436 17.745 0.031
3168.74952 17.614 0.022
3169.72543 17.766 0.026
3170.80294 17.509 0.017
3171.82567 17.721 0.020
3172.75266 17.607 0.020
3174.70896 17.530 0.018
3175.71890 17.700 0.022
3177.75608 17.800 0.038
3178.78262 17.501 0.019
3179.79234 17.703 0.024
3180.72073 17.604 0.020
3182.77218 17.563 0.021
3183.74084 17.767 0.028
3184.69863 17.590 0.020
3185.75130 17.733 0.027
3193.53683 17.757 0.028
3194.59547 17.568 0.027
3195.64278 17.706 0.021
3195.80044 17.685 0.023
3196.54588 17.552 0.024
3197.51341 17.769 0.025
3199.62327 17.745 0.028
3201.51504 17.797 0.030
3202.56950 17.573 0.022
3203.65901 17.670 0.022
3204.65224 17.636 0.020
3205.76082 17.650 0.022
3206.71785 17.657 0.029
3210.54529 17.629 0.028
3211.58366 17.674 0.026
3217.47937 17.665 0.027
3217.65225 17.599 0.025
3218.65064 17.603 0.029
3219.60594 17.686 0.035
3223.65185 17.657 0.034
3224.69739 17.717 0.025
3226.61472 17.695 0.031
3228.60112 17.745 0.029
3229.63359 17.580 0.025
3230.66718 17.650 0.024
3231.57052 17.620 0.022
3232.59841 17.818 0.039
3238.61953 17.676 0.028
3239.69825 17.609 0.029
3240.67941 17.811 0.039
3241.65431 17.517 0.031
3245.55418 17.546 0.029
3246.65789 17.698 0.035
3247.62408 17.597 0.026
3249.52600 17.540 0.026
3250.65876 17.738 0.032
3253.52305 17.559 0.024
3256.63579 17.717 0.031
3264.53275 17.673 0.028
3267.53189 17.591 0.025
3272.58729 17.643 0.029
3275.57026 17.632 0.032
3278.59917 17.612 0.029
3282.57316 17.553 0.018
3288.54573 17.579 0.026
3293.51633 17.669 0.021
3295.52653 17.811 0.021
3305.52530 17.749 0.039
3314.51640 17.598 0.041
3408.89018 17.551 0.029
3413.89113 17.748 0.033
3421.89735 17.723 0.022
3422.87167 17.604 0.022
3426.86283 17.627 0.024
3429.84489 17.779 0.038
3432.88826 17.676 0.025
3442.89069 17.630 0.022
3445.80348 17.614 0.018
3447.85412 17.585 0.022
3449.86677 17.578 0.021
3452.88739 17.777 0.021
3455.82156 17.597 0.028
3457.85514 17.575 0.022
3459.85027 17.567 0.021
3467.88016 17.566 0.020
3469.78603 17.576 0.019
3470.79900 17.665 0.020
3472.76146 17.774 0.025
3473.78123 17.605 0.023
3474.77790 17.660 0.028
3475.80348 17.546 0.019
3477.76529 17.579 0.020
3479.76416 17.603 0.018
3480.72428 17.779 0.023
3481.74224 17.560 0.020
3482.71897 17.687 0.024
3496.72178 17.596 0.024
3497.79334 17.657 0.029
3498.91764 17.629 0.033
3499.86447 17.701 0.022
3500.73069 17.667 0.021
3501.82711 17.608 0.019
3502.72297 17.621 0.019
3503.69213 17.631 0.021
3504.70687 17.716 0.024
3506.75070 17.603 0.021
3508.76027 17.619 0.023
3509.73335 17.640 0.021
3510.80314 17.563 0.019
3511.84229 17.701 0.021
3512.71199 17.617 0.025
3517.69009 17.669 0.028
3520.76304 17.550 0.022
3521.72031 17.692 0.019
3522.74830 17.569 0.017
3522.93953 17.565 0.025
3523.75279 17.785 0.018
3524.89799 17.653 0.029
3525.75118 17.714 0.021
3526.75460 17.560 0.020
3528.67554 17.582 0.020
3529.69783 17.694 0.015
3530.61294 17.574 0.017
3537.74095 17.640 0.020
3538.60949 17.546 0.021
3539.82255 17.743 0.017
3540.65278 17.590 0.021
3544.72775 17.552 0.023
3546.84690 17.738 0.041
3547.81114 17.708 0.032
3550.63762 17.548 0.019
3551.63790 17.676 0.016
3552.67287 17.624 0.021
3553.72297 17.613 0.028
3554.66150 17.631 0.028
3555.67985 17.705 0.028
3556.67812 17.626 0.020
3558.53295 17.594 0.026
3558.83166 17.660 0.025
3559.70162 17.639 0.024
3560.60297 17.661 0.022
3561.55069 17.619 0.024
3562.59136 17.608 0.027
3563.64210 17.634 0.018
3564.57986 17.605 0.026
3569.56524 17.600 0.023
3572.82069 17.683 0.043
3573.65166 17.572 0.024
3574.69159 17.733 0.024
3575.53907 17.576 0.018
3575.77567 17.579 0.023
3576.69293 17.703 0.028
3577.59304 17.524 0.021
3578.67767 17.722 0.021
3579.62310 17.549 0.019
3580.65636 17.686 0.020
3581.67625 17.513 0.017
3582.64810 17.729 0.021
3583.63849 17.588 0.019
3583.75844 17.507 0.026
3584.64718 17.679 0.021
3584.76178 17.709 0.028
3585.63752 17.542 0.019
3586.72257 17.729 0.020
3589.67614 17.519 0.016
3590.66009 17.729 0.020
3591.68366 17.527 0.016
3593.75059 17.552 0.025
3594.71278 17.764 0.025
3601.66134 17.562 0.021
3602.62194 17.744 0.024
3603.64198 17.526 0.021
3607.64033 17.603 0.021
3608.65571 17.673 0.027
3615.58347 17.590 0.020
3618.58505 17.631 0.027
3620.54829 17.607 0.018
3622.52615 17.690 0.027
3628.60233 17.565 0.028
3630.54164 17.637 0.032
3632.59181 17.632 0.030
3634.49242 17.562 0.024
3639.55128 17.701 0.019
3641.54972 17.768 0.040
3644.51005 17.555 0.023
3648.54182 17.537 0.025
3650.59031 17.499 0.026
3654.54587 17.532 0.032
3656.52712 17.570 0.025
3658.55897 17.617 0.034
3660.53159 17.615 0.031
3664.50839 17.529 0.024
3669.53436 17.747 0.032
3675.51366 17.704 0.032
3776.87225 17.623 0.028
3782.85694 17.667 0.029
3784.88223 17.612 0.023
3787.84984 17.627 0.021
3790.88060 17.631 0.028
3792.87721 17.679 0.018
3794.83417 17.713 0.031
3796.82377 17.642 0.023
3798.79489 17.702 0.028
3799.86855 17.521 0.027
3800.89487 17.725 0.026
3801.87708 17.498 0.021
3802.84263 17.736 0.025
3803.87794 17.569 0.020
3805.79395 17.566 0.026
3806.81405 17.757 0.029
3807.82777 17.554 0.024
3808.78745 17.629 0.025
3809.79028 17.600 0.021
3810.76099 17.782 0.031
3810.83484 17.790 0.025
3811.83084 17.596 0.024
3812.82260 17.719 0.027
3813.80124 17.568 0.022
3814.74607 17.755 0.030
3814.81548 17.743 0.023
3815.84698 17.573 0.021
3817.81905 17.539 0.021
3818.87766 17.735 0.021
3819.79326 17.593 0.019
3820.76356 17.703 0.021
3821.76669 17.583 0.021
3822.80613 17.738 0.025
3823.76221 17.592 0.021
3824.77965 17.664 0.028
3825.79711 17.596 0.025
3826.77978 17.729 0.026
3827.79296 17.596 0.021
3828.76653 17.644 0.028
3829.80188 17.600 0.020
3830.72356 17.760 0.027
3831.88399 17.628 0.020
3832.74513 17.644 0.024
3833.75285 17.587 0.020
3833.81667 17.594 0.018
3833.84219 17.606 0.018
3833.86679 17.593 0.020
3833.90056 17.619 0.020
3833.91757 17.638 0.022
3833.92378 17.657 0.024
3834.70142 17.787 0.034
3834.72036 17.712 0.031
3834.74430 17.699 0.026
3834.79332 17.612 0.019
3834.87303 17.671 0.021
3834.91558 17.657 0.027
3835.70250 17.652 0.027
3835.72757 17.592 0.026
3835.78095 17.606 0.022
3835.85457 17.630 0.018
3835.87812 17.590 0.017
3835.91361 17.664 0.021
3836.70938 17.664 0.031
3836.75594 17.687 0.031
3836.80648 17.691 0.027
3836.83702 17.680 0.024
3836.86419 17.617 0.019
3836.89321 17.603 0.019
3836.92368 17.597 0.022
3837.72250 17.576 0.026
3837.75327 17.593 0.023
3837.77968 17.643 0.026
3837.89530 17.596 0.019
3838.72994 17.619 0.031
3838.90557 17.633 0.025
3839.73128 17.695 0.034
3839.79235 17.615 0.022
3839.86591 17.663 0.030
3839.91976 17.644 0.026
3840.69894 17.723 0.032
3840.75746 17.641 0.025
3840.90207 17.572 0.020
3841.71271 17.632 0.026
3841.76534 17.652 0.023
3842.83708 17.660 0.022
3845.69061 17.659 0.048
3845.71097 17.631 0.034
3845.89856 17.591 0.042
3846.72165 17.638 0.021
3847.78824 17.690 0.030
3848.74311 17.628 0.026
3849.74231 17.659 0.025
3850.68606 17.614 0.022
3850.85805 17.531 0.021
3850.92955 17.628 0.027
3851.70130 17.660 0.026
3851.86452 17.697 0.026
3852.68999 17.654 0.026
3852.91850 17.575 0.025
3853.67827 17.662 0.021
3853.84593 17.700 0.018
3853.91745 17.706 0.019
3854.69489 17.594 0.022
3856.66829 17.642 0.024
3856.83458 17.562 0.021
3857.90616 17.760 0.022
3858.72480 17.565 0.024
3859.78737 17.675 0.022
3860.80357 17.609 0.028
3861.65716 17.630 0.027
3861.76416 17.746 0.023
3862.66220 17.600 0.024
3862.85255 17.563 0.018
3862.92625 17.566 0.023
3863.67839 17.686 0.025
3863.89812 17.681 0.019
3864.66772 17.634 0.025
3864.85833 17.589 0.017
3865.72583 17.709 0.023
3865.86939 17.747 0.024
3865.93839 17.743 0.027
3866.67750 17.599 0.022
3866.81700 17.597 0.021
3866.89521 17.544 0.021
3867.69228 17.726 0.024
3867.87849 17.710 0.023
3868.70021 17.562 0.024
3868.84428 17.585 0.025
3868.93237 17.642 0.034
3869.67894 17.744 0.025
3869.86024 17.707 0.029
3872.88013 17.577 0.022
3873.68415 17.716 0.023
3873.82631 17.769 0.026
3873.89745 17.698 0.023
3874.73510 17.554 0.023
3874.90997 17.563 0.020
3875.70384 17.670 0.019
3875.85067 17.654 0.019
3876.62284 17.557 0.020
3877.69971 17.755 0.020
3877.84949 17.713 0.021
3877.92253 17.725 0.031
3879.65574 17.684 0.021
3880.82496 17.558 0.021
3880.90406 17.624 0.023
3881.65052 17.757 0.027
3881.86597 17.676 0.019
3881.91259 17.659 0.019
3882.63541 17.578 0.020
3882.78896 17.551 0.021
3882.86286 17.601 0.019
3882.93148 17.576 0.019
3883.62297 17.690 0.025
3883.82009 17.684 0.023
3886.58511 17.553 0.025
3886.78364 17.540 0.020
3886.85879 17.619 0.023
3887.63612 17.672 0.022
3887.76310 17.652 0.021
3887.86665 17.640 0.021
3887.93868 17.596 0.025
3889.65012 17.739 0.022
3889.92495 17.628 0.025
3890.71640 17.542 0.016
3891.65948 17.669 0.022
3891.78117 17.710 0.030
3891.86347 17.701 0.027
3892.72614 17.604 0.020
3892.91784 17.655 0.025
3893.59977 17.735 0.027
3893.84621 17.685 0.031
3894.65432 17.603 0.027
3894.86964 17.676 0.027
3896.59034 17.601 0.031
3900.51816 17.689 0.036
3900.70852 17.636 0.022
3900.78786 17.654 0.022
3900.85641 17.664 0.025
3901.53293 17.719 0.029
3901.70918 17.660 0.021
3901.78697 17.633 0.021
3901.86004 17.569 0.025
3902.54620 17.637 0.024
3902.73153 17.652 0.023
3902.79578 17.627 0.021
3902.84906 17.606 0.024
3903.64034 17.654 0.024
3903.72286 17.619 0.025
3903.74401 17.697 0.025
3903.75688 17.642 0.022
3903.76573 17.654 0.021
3903.88548 17.675 0.031
3904.54389 17.574 0.023
3904.70631 17.634 0.018
3904.77575 17.672 0.019
3904.84851 17.645 0.021
3905.54072 17.710 0.024
3905.71707 17.594 0.017
3905.78733 17.610 0.017
3905.85592 17.548 0.017
3906.55206 17.637 0.025
3906.74140 17.660 0.021
3906.81463 17.677 0.023
3907.58287 17.646 0.025
3907.76818 17.715 0.030
3907.85267 17.622 0.031
3908.52084 17.687 0.027
3908.70767 17.695 0.023
3908.78458 17.738 0.024
3908.86736 17.728 0.025
3909.52054 17.664 0.030
3909.70338 17.601 0.018
3909.79370 17.629 0.021
3909.87329 17.589 0.023
3910.54095 17.671 0.029
3912.51540 17.609 0.022
3912.70709 17.655 0.017
3912.79811 17.715 0.019
3912.88598 17.720 0.026
3913.50829 17.646 0.020
3913.71016 17.598 0.021
3913.80568 17.561 0.018
3914.53435 17.646 0.026
3914.76585 17.704 0.023
3915.51002 17.711 0.027
3915.71502 17.605 0.021
3915.80622 17.606 0.019
3916.55480 17.727 0.029
3917.53286 17.553 0.026
3917.80574 17.600 0.026
3918.55390 17.665 0.031
3918.80046 17.734 0.029
3919.50783 17.688 0.030
3919.74035 17.546 0.019
3920.49766 17.657 0.028
3920.69428 17.742 0.029
3920.77618 17.754 0.020
3921.49757 17.642 0.024
3921.69675 17.573 0.028
3921.79951 17.586 0.030
3922.69484 17.675 0.031
3930.50068 17.627 0.024
3930.77187 17.787 0.034
3931.48262 17.613 0.030
3932.51415 17.804 0.030
3932.78948 17.767 0.029
3933.49522 17.602 0.023
3933.68496 17.534 0.018
3933.76058 17.586 0.018
3934.47796 17.681 0.024
3934.69473 17.742 0.024
3934.76385 17.704 0.024
3935.52789 17.589 0.021
3935.69912 17.599 0.025
3935.77365 17.592 0.022
3936.48125 17.703 0.030
3936.64658 17.772 0.022
3936.72311 17.772 0.027
3937.49399 17.558 0.030
3937.76761 17.603 0.028
3938.48595 17.719 0.031
3938.67985 17.817 0.026
3938.76270 17.699 0.030
3939.55331 17.577 0.017
3940.67162 17.701 0.019
3940.80244 17.742 0.022
3944.52630 17.726 0.021
3945.49919 17.560 0.021
3945.70163 17.558 0.020
3945.75752 17.625 0.023
3946.50051 17.690 0.027
3946.68978 17.671 0.024
3946.77125 17.736 0.030
3950.50635 17.706 0.026
3950.71955 17.647 0.022
3951.50103 17.578 0.026
3951.73350 17.623 0.027
3955.67474 17.629 0.035
3956.55425 17.728 0.036
3957.49420 17.578 0.027
3958.56490 17.660 0.023
3959.49070 17.590 0.026
3959.67206 17.623 0.023
3960.48699 17.723 0.023
3960.66604 17.603 0.018
3960.73811 17.605 0.023
3961.55833 17.524 0.025
3963.51967 17.590 0.024
3963.69699 17.717 0.024
3964.51169 17.672 0.022
3964.71659 17.679 0.025
3965.49303 17.595 0.020
3965.68738 17.614 0.020
3966.47670 17.661 0.025
3966.52298 17.664 0.023
3966.55156 17.631 0.022
3966.58553 17.619 0.021
3966.59750 17.635 0.020
3966.62339 17.624 0.023
3966.67604 17.602 0.023
3966.70749 17.601 0.024
3967.48472 17.682 0.030
3967.50451 17.640 0.028
3967.52621 17.629 0.029
3967.54177 17.657 0.029
3967.58389 17.663 0.027
3967.70142 17.674 0.024
3967.72980 17.662 0.027
3968.48477 17.644 0.025
3968.65674 17.671 0.023
3968.72583 17.675 0.031
3969.47078 17.609 0.031
3969.51337 17.608 0.028
3969.54548 17.627 0.025
3969.57983 17.601 0.020
3969.61361 17.614 0.023
3969.66726 17.632 0.024
3969.72021 17.686 0.026
3970.47436 17.656 0.028
3970.49398 17.624 0.028
3970.57815 17.608 0.026
3970.67483 17.594 0.021
3970.70786 17.584 0.023
3971.53374 17.621 0.029
3971.70812 17.707 0.026
3973.55928 17.625 0.029
3974.49380 17.627 0.026
3974.67274 17.640 0.028
3975.49644 17.650 0.027
3975.67172 17.749 0.030
3976.49315 17.600 0.018
3976.67040 17.564 0.027
3979.49626 17.730 0.033
3982.55516 17.578 0.024
3983.50866 17.722 0.032
3986.56597 17.592 0.032
3987.49387 17.636 0.027
3987.65481 17.672 0.026
3988.49672 17.595 0.020
3990.62791 17.624 0.026
3995.55457 17.752 0.022
3999.57537 17.761 0.027
4001.50556 17.702 0.030
4003.52591 17.745 0.023
4004.51207 17.558 0.021
4006.50795 17.574 0.024
4011.60469 17.714 0.040
4012.55598 17.554 0.029
4016.50350 17.582 0.026
4018.52869 17.618 0.030
4020.52657 17.583 0.028
4023.52694 17.618 0.023
4025.54633 17.640 0.026
4027.55127 17.636 0.027
4030.54304 17.706 0.031
4036.52427 17.588 0.032
4040.50546 17.622 0.032
4043.50085 17.666 0.045
4141.86555 17.592 0.028
4149.88241 17.563 0.028
4153.86875 17.576 0.024
4156.84723 17.761 0.033
4158.86670 17.706 0.029
4161.83461 17.569 0.027
4163.81752 17.568 0.027
4164.82316 17.744 0.029
4165.90355 17.596 0.035
4167.90749 17.566 0.026
4169.91109 17.610 0.030
4175.77796 17.612 0.026
4176.88701 17.676 0.027
4178.77930 17.666 0.026
4179.83813 17.603 0.023
4181.77448 17.645 0.029
4182.81936 17.635 0.022
4183.85548 17.632 0.028
4184.89594 17.706 0.019
4185.87185 17.616 0.024
4189.90641 17.624 0.031
4191.86159 17.687 0.032
4192.77681 17.631 0.031
4194.77623 17.605 0.026
4196.76649 17.627 0.032
4202.74790 17.608 0.023
4203.73611 17.706 0.024
4203.92049 17.751 0.025
4204.72439 17.572 0.027
4205.72483 17.644 0.030
4207.71430 17.695 0.029
4207.88952 17.712 0.023
4208.73643 17.568 0.025
4211.78059 17.769 0.035
4212.91653 17.552 0.028
4213.74310 17.610 0.024
4215.73302 17.759 0.031
4216.69041 17.586 0.027
4216.88336 17.608 0.014
4217.69599 17.715 0.026
4218.72019 17.555 0.031
4219.74164 17.750 0.031
4220.68134 17.564 0.028
4221.72534 17.645 0.034
4222.90171 17.589 0.024
4223.72978 17.768 0.038
4224.77369 17.558 0.027
4228.66789 17.564 0.025
4228.89966 17.610 0.031
4229.66272 17.734 0.037
4229.85975 17.701 0.027
4229.92141 17.669 0.027
4230.67257 17.548 0.024
4230.86051 17.567 0.024
4230.92224 17.556 0.031
4231.65689 17.774 0.029
4231.83249 17.671 0.026
4231.92525 17.663 0.029
4232.73970 17.576 0.026
4232.90676 17.591 0.027
4233.78591 17.696 0.035
4234.69977 17.575 0.027
4235.88198 17.671 0.025
4237.68301 17.672 0.027
4238.72065 17.550 0.020
4238.86659 17.624 0.026
4238.92835 17.575 0.031
4239.61111 17.759 0.036
4240.66813 17.582 0.022
4240.79950 17.604 0.023
4240.93366 17.670 0.030
4243.63068 17.691 0.031
4243.72692 17.670 0.028
4243.82053 17.699 0.035
4243.93819 17.598 0.029
4244.60648 17.616 0.030
4244.70252 17.616 0.026
4244.79562 17.629 0.025
4245.59918 17.609 0.024
4245.69287 17.674 0.024
4245.78605 17.626 0.023
4246.65791 17.574 0.024
4246.75093 17.637 0.027
4246.84415 17.674 0.026
4247.64879 17.680 0.028
4247.80613 17.617 0.022
4250.72122 17.648 0.026
4251.79277 17.643 0.034
4256.60804 17.678 0.033
4256.75487 17.650 0.037
4256.85270 17.702 0.042
4257.63994 17.611 0.031
4258.62331 17.600 0.030
4258.74657 17.694 0.026
4258.84127 17.714 0.031
4267.58333 17.584 0.032
4268.77077 17.702 0.029
4268.89112 17.689 0.031
4269.56567 17.595 0.028
4269.68672 17.577 0.022
4269.77747 17.541 0.019
4270.56122 17.618 0.027
4272.62960 17.682 0.024
4272.77873 17.701 0.023
4272.85023 17.665 0.031
4273.60663 17.580 0.032
4273.78746 17.558 0.029
4273.84726 17.570 0.028
4274.59906 17.754 0.035
4274.75360 17.788 0.030
4274.81275 17.724 0.029
4275.59182 17.566 0.022
4275.76723 17.567 0.026
4275.82568 17.587 0.030
4275.88689 17.652 0.041
4276.57658 17.702 0.031
4277.52044 17.576 0.031
4277.69607 17.560 0.025
4277.75607 17.611 0.028
4277.81467 17.579 0.033
4278.55424 17.743 0.040
4278.74144 17.739 0.037
4278.81443 17.794 0.044
4283.49990 17.549 0.029
4283.71007 17.580 0.036
4283.71363 17.523 0.027
4284.49492 17.621 0.030
4284.72540 17.699 0.024
4284.78760 17.749 0.032
4284.85269 17.691 0.037
4285.49338 17.564 0.031
4285.68546 17.580 0.031
4285.74997 17.553 0.024
4285.81775 17.561 0.028
4286.49765 17.725 0.036
4286.79129 17.805 0.032
4289.50179 17.475 0.029
4289.72078 17.595 0.029
4289.78583 17.562 0.025
4289.85261 17.634 0.031
4290.55182 17.734 0.032
4291.65420 17.529 0.024
4291.77661 17.657 0.031
4292.47993 17.705 0.027
4292.65803 17.710 0.025
4292.71766 17.658 0.022
4292.77640 17.627 0.023
4292.84039 17.652 0.029
4293.48029 17.540 0.026
4293.68619 17.583 0.023
4293.74498 17.591 0.022
4293.82260 17.581 0.024
4294.47955 17.732 0.028
4295.48108 17.527 0.030
4295.68459 17.603 0.022
4295.74329 17.591 0.021
4295.82555 17.595 0.027
4296.48237 17.661 0.029
4296.67081 17.719 0.023
4296.76929 17.692 0.026
4296.80633 17.661 0.029
4297.50318 17.583 0.028
4297.70406 17.613 0.023
4297.80954 17.609 0.024
4298.53786 17.739 0.031
4298.64370 17.671 0.028
4298.73719 17.708 0.027
4299.52073 17.561 0.023
4299.61407 17.577 0.022
4299.70623 17.585 0.021
4299.79644 17.620 0.031
4300.51619 17.696 0.028
4300.63602 17.652 0.024
4300.73246 17.669 0.025
4301.50664 17.549 0.022
4301.59893 17.563 0.019
4301.69558 17.569 0.022
4301.79413 17.611 0.023
4302.57245 17.717 0.027
4302.67431 17.677 0.028
4303.65868 17.611 0.030
4304.54042 17.685 0.032
4304.64981 17.708 0.031
4306.52939 17.693 0.033
4306.66522 17.649 0.028
4307.76575 17.601 0.027
4311.74123 17.653 0.041
4312.51103 17.618 0.032
4312.70621 17.604 0.024
4312.80379 17.620 0.033
4315.54518 17.611 0.026
4316.57403 17.602 0.023
4317.49641 17.578 0.026
4319.50548 17.607 0.029
4319.75995 17.632 0.030
4320.52846 17.614 0.026
4326.48402 17.641 0.028
4327.57758 17.601 0.031
4328.50464 17.617 0.030
4328.68160 17.560 0.025
4329.51491 17.658 0.028
4329.66276 17.716 0.030
4329.72151 17.752 0.034
4330.52735 17.570 0.023
4330.67832 17.577 0.021
4331.50754 17.622 0.024
4331.67410 17.707 0.031
4332.48531 17.606 0.022
4333.51637 17.690 0.031
4333.67743 17.753 0.031
4334.48957 17.585 0.032
4334.58727 17.583 0.040
4338.48976 17.560 0.028
4339.50917 17.710 0.030
4339.68040 17.632 0.038
4340.57784 17.526 0.028
4341.49014 17.697 0.039
4342.51943 17.577 0.029
4343.49545 17.656 0.021
4343.69526 17.695 0.032
4344.52615 17.602 0.032
4345.49156 17.719 0.024
4346.50017 17.575 0.024
4347.51915 17.700 0.031
4348.54116 17.551 0.022
4350.51473 17.566 0.024
4351.48997 17.688 0.027
4352.53748 17.604 0.032
4353.49740 17.736 0.029
4354.52597 17.494 0.022
4355.51662 17.700 0.026
4356.49401 17.563 0.023
4357.57729 17.726 0.035
4358.53454 17.588 0.027
4359.50334 17.691 0.029
4361.55631 17.738 0.038
4362.49172 17.549 0.031
4365.54869 17.721 0.038
4367.52508 17.641 0.027
4368.56060 17.574 0.034
4369.56951 17.701 0.038
4370.54754 17.583 0.023
4371.52097 17.655 0.025
4372.50548 17.595 0.021
4373.57098 17.652 0.027
4375.55784 17.649 0.037
4377.59515 17.620 0.031
4378.50519 17.655 0.028
4379.52059 17.640 0.036
4380.53206 17.607 0.026
4381.51004 17.691 0.038
4382.59857 17.640 0.031
4383.52352 17.645 0.030
4384.57270 17.629 0.030
4387.55620 17.590 0.028
4393.51787 17.573 0.024
4394.57525 17.683 0.037
4395.54665 17.545 0.029
4396.55917 17.758 0.040
4397.51804 17.546 0.028
4398.52569 17.645 0.031
4399.56123 17.534 0.031
4400.52062 17.722 0.040
4402.53526 17.752 0.045
4403.53623 17.521 0.032
4506.88723 17.717 0.038
4510.88415 17.722 0.031
4513.84813 17.589 0.024
4517.84220 17.560 0.037
4519.82810 17.641 0.035
4522.86121 17.711 0.036
4524.84063 17.587 0.026
4530.80283 17.635 0.022
4533.83653 17.666 0.031
4535.88656 17.646 0.026
4537.78617 17.661 0.031
4538.88012 17.628 0.027
4539.84132 17.663 0.024
4540.85123 17.586 0.024
4541.78028 17.659 0.026
4542.77481 17.566 0.031
4543.77045 17.624 0.027
4544.76729 17.557 0.027
4545.75400 17.721 0.034
4546.76063 17.611 0.029
4547.77477 17.629 0.026
4548.82769 17.590 0.028
4550.79991 17.582 0.030
4551.74627 17.676 0.031
4552.78988 17.563 0.031
4556.74257 17.546 0.023
4557.76016 17.756 0.027
4558.78034 17.537 0.019
4559.73321 17.711 0.025
4559.92212 17.685 0.031
4560.73554 17.579 0.024
4560.92274 17.544 0.025
4561.72599 17.747 0.024
4561.91209 17.737 0.022
4564.71622 17.555 0.024
4564.91648 17.584 0.023
4565.71438 17.731 0.021
4565.90494 17.722 0.019
4566.71369 17.609 0.022
4566.90675 17.547 0.020
4567.70586 17.679 0.025
4567.91256 17.690 0.024
4568.71140 17.539 0.024
4569.72108 17.769 0.029
4570.71239 17.562 0.028
4571.70016 17.684 0.036
4571.89835 17.673 0.023
4572.73690 17.607 0.025
4573.72578 17.712 0.028
4574.72819 17.554 0.025
4575.73362 17.705 0.026
4576.74129 17.529 0.022
4577.82547 17.757 0.030
4578.77662 17.525 0.029
4579.85328 17.686 0.029
4583.72027 17.696 0.035
4583.90541 17.636 0.024
4585.74076 17.694 0.029
4586.74861 17.589 0.026
4587.75688 17.648 0.029
4587.91531 17.637 0.032
4588.72207 17.592 0.023
4589.70438 17.740 0.028
4589.85966 17.669 0.029
4589.92169 17.626 0.027
4590.68177 17.649 0.025
4590.88742 17.661 0.025
4591.69355 17.630 0.027
4591.86559 17.633 0.025
4591.92774 17.609 0.025
4592.65206 17.619 0.023
4592.84123 17.648 0.029
4592.90458 17.707 0.027
4593.64134 17.708 0.026
4593.85091 17.630 0.026
4593.91293 17.591 0.023
4594.66235 17.558 0.029
4594.85712 17.630 0.025
4594.92289 17.668 0.030
4595.64783 17.640 0.029
4595.84601 17.615 0.024
4595.90812 17.594 0.026
4596.64113 17.594 0.025
4596.92086 17.696 0.026
4597.67161 17.655 0.028
4597.86295 17.620 0.024
4597.93407 17.591 0.031
4598.64142 17.608 0.020
4598.88621 17.664 0.024
4599.62023 17.632 0.031
4599.82423 17.600 0.020
4600.62943 17.579 0.022
4600.93600 17.703 0.028
4601.63504 17.618 0.024
4601.85129 17.588 0.020
4601.91326 17.564 0.023
4602.62244 17.601 0.023
4602.83701 17.635 0.022
4603.75506 17.605 0.023
4606.62281 17.644 0.029
4610.72452 17.662 0.024
4610.93196 17.690 0.030
4611.61455 17.557 0.033
4611.84747 17.532 0.021
4612.63598 17.717 0.032
4615.77764 17.598 0.025
4616.58670 17.767 0.039
4616.80314 17.730 0.024
4616.87295 17.824 0.032
4617.65018 17.580 0.023
4618.59820 17.635 0.029
4621.69554 17.581 0.020
4622.77998 17.650 0.026
4622.89816 17.685 0.031
4623.62165 17.594 0.031
4623.85194 17.611 0.029
4623.92286 17.529 0.030
4624.56367 17.732 0.032
4624.79556 17.786 0.028
4624.86217 17.750 0.027
4624.93118 17.750 0.035
4625.58989 17.546 0.026
4625.77799 17.607 0.031
4625.87191 17.614 0.031
4626.58777 17.754 0.030
4626.84032 17.714 0.027
4627.54523 17.551 0.026
4627.81443 17.550 0.019
4627.90048 17.565 0.022
4628.57851 17.783 0.031
4628.74230 17.804 0.027
4628.80790 17.739 0.029
4628.86985 17.759 0.027
4629.59177 17.582 0.022
4629.81552 17.582 0.022
4629.89373 17.517 0.022
4630.54522 17.662 0.031
4630.75525 17.707 0.024
4630.83845 17.610 0.024
4630.90143 17.655 0.030
4631.55073 17.547 0.022
4631.76659 17.565 0.021
4631.84433 17.559 0.021
4631.91930 17.612 0.030
4632.54807 17.727 0.033
4632.81309 17.763 0.025
4633.55411 17.529 0.023
4633.65597 17.580 0.023
4633.77757 17.575 0.021
4638.73964 17.712 0.029
4638.83729 17.645 0.030
4639.55830 17.591 0.031
4639.65847 17.541 0.021
4639.83785 17.579 0.037
4640.57838 17.782 0.025
4640.70948 17.694 0.024
4640.81660 17.720 0.031
4641.60122 17.579 0.021
4641.75686 17.570 0.025
4642.57698 17.671 0.028
4642.73749 17.627 0.025
4642.81542 17.653 0.029
4643.53712 17.554 0.029
4644.64959 17.713 0.028
4644.82888 17.649 0.024
4645.50377 17.571 0.027
4645.75445 17.633 0.028
4645.83031 17.597 0.028
4646.50561 17.667 0.024
4646.83770 17.615 0.026
4647.50012 17.515 0.029
4647.72497 17.637 0.029
4647.83171 17.628 0.030
4648.52853 17.743 0.030
4648.61798 17.677 0.024
4648.69432 17.678 0.025
4648.84592 17.624 0.029
4649.50866 17.585 0.029
4649.71916 17.632 0.023
4649.83375 17.661 0.028
4650.54018 17.674 0.028
4650.75762 17.659 0.024
4650.84260 17.607 0.027
4651.79451 17.651 0.026
4652.49199 17.756 0.037
4652.69455 17.692 0.028
4652.77613 17.639 0.026
4652.82976 17.645 0.027
4653.48842 17.606 0.030
4653.70749 17.596 0.025
4653.77273 17.657 0.027
4654.52375 17.639 0.028
4654.73541 17.648 0.025
4654.80369 17.566 0.027
4655.48822 17.545 0.027
4655.71261 17.644 0.021
4655.77453 17.642 0.026
4656.49021 17.681 0.022
4656.67998 17.655 0.027
4656.79560 17.657 0.027
4657.56476 17.611 0.031
4658.64856 17.629 0.028
4659.58236 17.654 0.030
4660.53795 17.706 0.039
4661.47833 17.564 0.027
4661.67588 17.650 0.028
4661.74046 17.605 0.026
4661.80757 17.634 0.028
4665.64556 17.708 0.034
4666.48981 17.601 0.031
4666.67448 17.579 0.027
4669.59989 17.657 0.034
4670.63591 17.550 0.027
4671.57404 17.651 0.027
4671.76387 17.799 0.037
4672.49160 17.608 0.021
4672.75506 17.528 0.024
4672.79407 17.543 0.026
4674.49607 17.637 0.031
4675.66346 17.721 0.027
4677.47666 17.652 0.026
4677.62304 17.721 0.033
4677.70680 17.708 0.027
4678.67689 17.540 0.022
4679.56939 17.675 0.032
4681.51804 17.671 0.026
4681.61815 17.706 0.027
4682.48910 17.581 0.022
4682.56502 17.574 0.023
4682.74169 17.561 0.021
4683.50739 17.725 0.039
4683.69450 17.746 0.030
4684.49947 17.602 0.024
4684.75605 17.560 0.023
4685.53342 17.674 0.027
4686.48871 17.549 0.024
4687.51467 17.739 0.028
4687.72805 17.765 0.031
4688.48531 17.594 0.030
4688.67531 17.548 0.022
4688.73700 17.589 0.029
4693.52976 17.674 0.026
4694.52820 17.553 0.033
4697.48890 17.728 0.031
4698.49375 17.587 0.028
4699.48836 17.768 0.030
4700.49669 17.587 0.024
4701.49202 17.734 0.031
4702.49040 17.537 0.021
4703.59833 17.766 0.033
4704.60554 17.603 0.022
4705.49427 17.726 0.028
4707.59519 17.668 0.024
4708.52706 17.563 0.025
4709.50301 17.699 0.030
4710.53051 17.648 0.026
4711.51256 17.689 0.030
4715.57262 17.649 0.031
4716.56340 17.627 0.025
4720.51606 17.603 0.030
4721.51692 17.664 0.034
4722.62924 17.703 0.033
4724.49602 17.651 0.031
4725.56987 17.664 0.031
4726.53443 17.640 0.036
4728.57893 17.632 0.031
4729.51948 17.684 0.032
4730.60534 17.674 0.027
4731.54239 17.607 0.030
4733.49398 17.607 0.027
4734.54039 17.675 0.031
4737.52861 17.599 0.031
4740.54070 17.713 0.031
4741.59138 17.594 0.027
4743.52196 17.623 0.028
4750.58857 17.750 0.043
4756.51072 17.653 0.034
4765.50610 17.578 0.029
4867.88162 17.605 0.028
4872.85028 17.640 0.039
4872.89293 17.709 0.049
4876.85433 17.633 0.028
4884.83742 17.613 0.025
4886.88808 17.642 0.025
4890.87030 17.600 0.021
4896.85793 17.543 0.021
4899.82940 17.707 0.026
4900.80916 17.510 0.023
4901.86925 17.710 0.024
4902.86763 17.515 0.020
4904.79206 17.580 0.025
4905.89586 17.752 0.033
4910.79792 17.524 0.025
4911.76855 17.732 0.020
4912.76537 17.541 0.019
4914.76831 17.583 0.025
4918.76521 17.530 0.019
4924.72717 17.605 0.021
4925.77647 17.704 0.022
4925.89250 17.663 0.019
4926.74026 17.566 0.022
4927.82779 17.683 0.026
4928.72150 17.589 0.026
4929.72139 17.756 0.035
4929.91053 17.602 0.025
4930.77939 17.624 0.026
4931.70132 17.792 0.037
4931.82370 17.652 0.026
4932.77898 17.539 0.022
4933.69906 17.692 0.032
4933.82723 17.663 0.026
4934.80264 17.630 0.025
4938.70716 17.617 0.025
4938.80707 17.634 0.028
4939.74757 17.650 0.028
4939.89206 17.617 0.027
4940.73024 17.589 0.023
4941.70495 17.670 0.025
4941.83200 17.650 0.026
4942.68447 17.631 0.023
4942.85734 17.669 0.021
4943.69681 17.603 0.021
4943.76289 17.640 0.020
4944.70219 17.626 0.022
4944.77736 17.628 0.020
4945.70199 17.611 0.024
4945.85440 17.627 0.019
4946.75903 17.679 0.022
4947.84326 17.550 0.018
4948.86636 17.675 0.025
4949.66165 17.619 0.021
4950.70288 17.636 0.025
4951.78883 17.569 0.022
4952.80717 17.698 0.023
4953.66597 17.611 0.023
4953.69452 17.563 0.021
4953.77169 17.633 0.024
4954.68608 17.703 0.022
4954.79157 17.734 0.023
4955.69004 17.592 0.022
