2130.50252 18.835 0.056
2133.51873 18.575 0.046
2136.64002 18.797 0.064
2141.63068 18.766 0.067
2144.71090 18.709 0.054
2170.61237 18.822 0.068
2179.51063 18.841 0.091
2189.50572 18.648 0.072
2212.53166 18.662 0.067
2337.81776 18.919 0.073
2349.83616 18.892 0.066
2357.82926 18.855 0.053
2365.90382 18.776 0.065
2373.78427 18.735 0.056
2384.82642 18.715 0.047
2388.82563 18.662 0.050
2390.86361 18.793 0.069
2393.85779 18.463 0.106
2400.80522 18.659 0.055
2402.91184 18.620 0.053
2406.85462 18.861 0.061
2411.71274 18.871 0.066
2415.88794 18.997 0.097
2417.84951 18.972 0.089
2425.88459 18.742 0.090
2428.86881 18.726 0.068
2432.89742 18.691 0.097
2434.78542 18.680 0.052
2436.83410 18.886 0.068
2438.81550 18.685 0.052
2441.77027 18.686 0.051
2445.68794 18.729 0.047
2448.71440 18.898 0.139
2454.71312 18.712 0.049
2460.71600 18.971 0.083
2463.59732 18.645 0.041
2466.56525 18.668 0.047
2468.74986 18.892 0.052
2470.73343 18.689 0.052
2472.76414 18.908 0.061
2481.61469 18.869 0.083
2484.67744 18.670 0.061
2486.77046 18.690 0.077
2493.69793 19.628 0.167
2496.54390 18.627 0.040
2498.58201 18.856 0.045
2500.60821 18.735 0.048
2502.62631 18.730 0.060
2516.48670 18.721 0.080
2517.53106 18.866 0.094
2520.64229 18.649 0.047
2529.50880 18.702 0.058
2538.55812 18.709 0.071
2542.54709 18.834 0.083
2548.51229 18.733 0.078
2552.54886 18.607 0.063
2557.51388 18.859 0.076
2561.50981 18.832 0.079
2568.54432 18.627 0.082
2584.52488 18.959 0.111
2708.86180 18.914 0.063
2719.86796 18.833 0.067
2729.88961 18.612 0.061
2734.82859 18.891 0.056
2747.75271 18.797 0.088
2754.75767 18.686 0.052
2757.82686 18.830 0.063
2763.77379 18.967 0.066
2767.87215 18.671 0.068
2775.77761 18.824 0.097
2776.72400 18.698 0.167
2783.86673 18.740 0.053
2785.73302 18.908 0.063
2788.61256 18.572 0.056
2790.75599 18.643 0.047
2793.68679 18.691 0.065
2795.64557 18.708 0.051
2797.65660 18.733 0.045
2809.77682 18.704 0.065
2811.69722 18.870 0.079
2812.82653 18.570 0.056
2813.87025 18.839 0.091
2815.85094 18.679 0.051
2817.74947 18.722 0.058
2819.65990 18.658 0.047
2821.70901 18.766 0.061
2830.67982 18.747 0.065
2835.69076 18.665 0.061
2837.69723 19.104 0.136
2839.76103 18.802 0.070
2841.77344 18.746 0.056
2843.70954 18.689 0.056
2845.69913 18.803 0.056
2850.58786 18.865 0.050
2852.60657 18.691 0.079
2854.60005 18.894 0.070
2857.51024 18.635 0.054
2858.72260 18.622 0.052
2859.49099 18.950 0.113
2862.63360 18.972 0.098
2865.61369 18.975 0.070
2868.60999 18.702 0.050
2871.69064 18.787 0.049
2876.69165 18.671 0.053
2879.65708 18.658 0.055
2884.68817 18.535 0.054
2893.56469 18.623 0.050
2894.67422 18.572 0.073
2900.49995 19.067 0.108
2905.63894 18.568 0.079
2911.56024 18.651 0.055
2918.60292 18.964 0.095
2923.60374 18.708 0.065
2931.57202 18.695 0.058
3052.86917 18.852 0.059
3059.85566 18.846 0.063
3064.87081 18.799 0.057
3068.82414 18.622 0.050
3071.86986 18.877 0.068
3075.89791 18.958 0.075
3080.81110 18.783 0.061
3083.76324 18.859 0.054
3085.88558 18.706 0.047
3087.78747 18.650 0.056
3089.83689 18.826 0.046
3091.88874 18.747 0.053
3097.81747 18.753 0.054
3099.90024 18.699 0.056
3101.80536 18.656 0.061
3102.90009 18.963 0.077
3104.75574 18.652 0.102
3106.89740 18.748 0.086
3107.88791 18.592 0.054
3109.82610 18.652 0.048
3110.89158 18.607 0.049
3112.89436 18.915 0.066
3113.90208 18.908 0.060
3114.83243 18.686 0.046
3115.89286 18.728 0.056
3116.87327 18.977 0.068
3124.76989 18.625 0.076
3126.70457 18.660 0.044
3127.87359 18.971 0.076
3128.87075 18.830 0.089
3130.74974 18.629 0.063
3131.71618 18.760 0.071
3134.88519 18.765 0.171
3137.77034 18.841 0.065
3138.65595 18.984 0.070
3139.93984 18.668 0.069
3142.82053 18.730 0.054
3144.83761 18.656 0.051
3146.89960 18.711 0.044
3151.80888 18.619 0.055
3152.80984 18.924 0.070
3153.80844 18.838 0.072
3154.89612 19.066 0.119
3156.86480 18.628 0.063
3157.92143 18.768 0.070
3158.88760 18.851 0.084
3162.84624 18.700 0.062
3163.80536 18.919 0.062
3164.79407 18.790 0.052
3165.71109 18.806 0.046
3167.65647 18.815 0.076
3168.85856 18.730 0.049
3169.82528 18.723 0.057
3170.64282 18.633 0.040
3171.78090 18.937 0.051
3171.90646 18.695 0.055
3172.80521 18.742 0.050
3173.84726 18.831 0.068
3174.76173 18.831 0.052
3175.77213 18.739 0.048
3177.81878 18.658 0.064
3179.55711 18.625 0.050
3180.77689 18.719 0.043
3182.83697 18.723 0.055
3183.79599 18.850 0.069
3184.75052 18.719 0.051
3185.68162 18.727 0.054
3193.60084 18.990 0.060
3194.55129 18.464 0.053
3194.79379 18.960 0.063
3195.55097 18.735 0.050
3196.74444 18.891 0.064
3197.57510 18.812 0.053
3199.68301 18.955 0.057
3201.54543 18.741 0.058
3202.67419 18.830 0.059
3203.58824 18.651 0.037
3204.63158 18.643 0.040
3205.71317 18.527 0.035
3206.77468 18.687 0.068
3210.50521 18.952 0.095
3211.66043 18.775 0.066
3217.70129 18.696 0.063
3218.70032 18.887 0.083
3223.70432 18.759 0.070
3224.74887 18.647 0.061
3226.67972 18.900 0.082
3228.65017 19.012 0.080
3230.72008 18.924 0.058
3231.62342 18.807 0.075
3232.65695 18.916 0.071
3238.67173 18.555 0.049
3240.52085 18.942 0.067
3241.70445 19.039 0.104
3245.60776 18.640 0.066
3247.49478 18.967 0.080
3249.60115 18.836 0.072
3251.51216 18.827 0.075
3254.59325 18.937 0.086
3257.50629 18.694 0.046
3260.54257 19.294 0.139
3265.52802 18.712 0.065
3267.57873 18.729 0.069
3274.53458 18.747 0.070
3277.55067 18.643 0.063
3279.61356 18.634 0.060
3282.53650 18.832 0.057
3289.51047 18.720 0.079
3294.50146 18.857 0.073
3302.50089 18.836 0.095
3418.89230 18.828 0.058
3423.86590 18.698 0.045
3427.87048 18.592 0.043
3429.89864 18.787 0.064
3436.85574 19.004 0.089
3443.81099 18.903 0.044
3445.85397 18.778 0.040
3447.90244 18.801 0.060
3450.78207 18.896 0.050
3453.82182 18.631 0.058
3455.88747 18.648 0.054
3456.90809 18.815 0.053
3457.88473 18.791 0.051
3459.87568 18.918 0.069
3468.92607 18.889 0.064
3470.91715 18.783 0.050
3472.84651 18.636 0.038
3473.90861 18.650 0.054
3474.91500 18.554 0.044
3475.90613 18.848 0.043
3477.92186 18.722 0.052
3479.79247 18.652 0.036
3480.92142 19.293 0.095
3482.92541 18.710 0.051
3496.78024 18.908 0.073
3497.88148 18.899 0.064
3499.84020 18.640 0.047
3500.86161 18.865 0.059
3502.67903 18.702 0.040
3503.83014 18.658 0.044
3506.78624 18.866 0.070
3508.89372 18.726 0.067
3509.69187 18.848 0.056
3510.93903 18.776 0.055
3511.87099 18.602 0.045
3512.87636 18.913 0.073
3517.76840 18.647 0.114
3520.88001 19.022 0.078
3521.69581 18.805 0.048
3522.80138 18.902 0.065
3523.83559 18.762 0.053
3524.83591 18.653 0.055
3525.91106 18.739 0.058
3526.94185 18.974 0.099
3528.61432 18.693 0.040
3530.83402 18.851 0.041
3537.80180 19.088 0.067
3538.72764 18.761 0.050
3540.78391 18.706 0.052
3544.79666 18.781 0.086
3547.79397 18.717 0.062
3550.81069 18.626 0.041
3551.80205 18.791 0.060
3552.82115 18.896 0.067
3553.80416 18.903 0.092
3554.82311 18.905 0.097
3555.81656 18.607 0.059
3556.72490 18.933 0.064
3558.60897 18.632 0.043
3559.61736 18.681 0.043
3560.65868 18.749 0.035
3561.59514 18.652 0.042
3562.64784 18.692 0.045
3563.69985 18.685 0.049
3564.53421 18.731 0.075
3569.63844 18.833 0.076
3573.74684 18.734 0.061
3574.74393 18.925 0.067
3575.68571 18.598 0.037
3576.75221 18.716 0.059
3577.79011 18.669 0.053
3578.72679 18.850 0.054
3579.67216 18.792 0.046
3580.71175 18.733 0.056
3581.72495 19.129 0.077
3582.67392 18.752 0.040
3583.69203 18.756 0.052
3584.69602 18.892 0.058
3585.69426 18.787 0.039
3586.74871 18.797 0.046
3589.73798 18.817 0.051
3590.73420 18.673 0.049
3591.70935 18.746 0.043
3592.74264 18.726 0.055
3601.71051 18.732 0.060
3602.71084 18.758 0.077
3603.70592 19.007 0.083
3607.68973 18.786 0.056
3609.51758 18.799 0.060
3615.63622 18.634 0.054
3617.66543 18.835 0.057
3619.59840 18.661 0.045
3621.60082 18.687 0.051
3628.66536 18.936 0.101
3629.52353 18.836 0.055
3631.62428 18.784 0.075
3633.55088 18.834 0.081
3634.62995 18.704 0.069
3639.50058 18.691 0.042
3644.58729 18.724 0.053
3649.56067 18.929 0.061
3652.53793 18.919 0.117
3655.57374 18.455 0.056
3659.57148 18.603 0.084
3664.55106 19.209 0.087
3668.53628 18.781 0.068
3676.51525 18.612 0.063
3777.87532 18.878 0.061
3783.86163 18.709 0.043
3785.87718 18.828 0.055
3788.88435 18.812 0.072
3791.89612 18.681 0.063
3794.87336 18.628 0.044
3796.86540 18.922 0.070
3797.86507 18.668 0.041
3800.84613 18.841 0.078
3802.79308 18.877 0.057
3803.82559 18.697 0.051
3804.87282 18.686 0.057
3806.88533 18.722 0.046
3808.87032 18.648 0.049
3810.78633 18.687 0.053
3812.77245 18.907 0.086
3814.76334 18.611 0.052
3818.82828 18.815 0.057
3819.88769 18.835 0.045
3820.87992 18.758 0.046
3821.89127 18.717 0.047
3822.90322 18.847 0.048
3824.89821 18.883 0.067
3825.89030 18.759 0.051
3827.88942 18.689 0.042
3828.90154 18.643 0.047
3829.88828 18.761 0.049
3830.85179 18.716 0.045
3832.89167 18.645 0.046
3833.87719 18.871 0.053
3834.80525 18.606 0.040
3835.85767 18.592 0.037
3836.86717 18.698 0.044
3837.84588 18.987 0.069
3838.85004 18.894 0.076
3839.86913 18.589 0.057
3840.85312 18.870 0.059
3841.83640 18.747 0.056
3842.75030 18.962 0.086
3842.89918 18.773 0.085
3845.83891 18.626 0.055
3846.84477 18.608 0.041
3847.88667 18.701 0.060
3848.86033 18.904 0.061
3849.88869 18.987 0.063
3850.80958 18.864 0.060
3851.81593 19.147 0.074
3852.80803 18.735 0.043
3853.79727 18.686 0.038
3856.78594 18.673 0.049
3858.84992 18.827 0.072
3859.87970 18.823 0.064
3860.84081 18.896 0.086
3861.85666 18.606 0.043
3862.80220 18.918 0.050
3863.77808 18.628 0.042
3864.79996 18.633 0.036
3865.76428 18.976 0.065
3866.72942 18.729 0.044
3867.73677 18.800 0.058
3868.73217 19.057 0.086
3869.71322 18.610 0.055
3873.71682 18.682 0.044
3874.76416 18.709 0.056
3875.74597 18.729 0.040
3877.70577 18.603 0.036
3880.77252 18.847 0.048
3881.78113 18.873 0.052
3882.71602 18.774 0.052
3883.76786 18.714 0.043
3886.72852 18.776 0.050
3887.71121 18.888 0.048
3889.87292 18.803 0.052
3891.60455 18.710 0.049
3892.73980 18.781 0.051
3893.77088 18.904 0.090
3894.80807 18.762 0.070
3896.75537 18.733 0.063
3900.65525 19.112 0.125
3901.66075 18.877 0.064
3902.67827 18.763 0.058
3903.81541 18.739 0.053
3904.65817 18.968 0.049
3905.66884 18.756 0.044
3906.64668 18.632 0.043
3907.71205 18.700 0.066
3908.65264 18.865 0.046
3909.65077 18.673 0.038
3912.65483 18.837 0.040
3913.65501 18.674 0.038
3914.69137 18.695 0.044
3915.65189 18.941 0.052
3916.73368 18.580 0.061
3917.75085 18.911 0.066
3918.75113 18.979 0.059
3919.68109 18.691 0.051
3920.63500 18.779 0.053
3921.64343 18.712 0.067
3930.70514 18.533 0.042
3931.62131 18.743 0.054
3932.57968 18.845 0.052
3933.63203 18.876 0.041
3934.59906 18.731 0.043
3934.80044 18.830 0.050
3935.58010 18.874 0.048
3936.56514 18.988 0.063
3936.81623 18.748 0.078
3937.64377 18.787 0.059
3938.60938 18.746 0.048
3940.75014 18.977 0.048
3944.73651 19.074 0.086
3945.64333 19.009 0.063
3946.63731 18.918 0.059
3950.65015 18.750 0.051
3951.66654 18.692 0.058
3957.65782 18.684 0.072
3959.62454 18.725 0.054
3960.61574 18.916 0.048
3963.62116 18.810 0.045
3964.65341 19.029 0.062
3965.63212 18.714 0.041
3966.62665 18.699 0.050
3967.65006 18.766 0.052
3968.60954 18.857 0.062
3969.62004 18.831 0.054
3970.62678 18.825 0.062
3971.65808 18.889 0.062
3973.68633 18.957 0.065
3974.62393 18.790 0.054
3975.61641 18.775 0.051
3976.61041 18.629 0.045
3979.64559 18.893 0.091
3982.66763 18.980 0.097
3982.67893 18.565 0.079
3986.65888 18.648 0.071
3987.60765 18.781 0.049
3988.63982 18.682 0.046
3989.55801 19.200 0.092
3991.55938 18.746 0.057
3995.50719 19.051 0.067
4001.57758 18.929 0.062
4002.61318 18.889 0.051
4003.56758 18.711 0.042
4011.55097 19.143 0.105
4015.57991 18.745 0.074
4017.55361 18.637 0.058
4019.55498 19.125 0.089
4021.57787 18.844 0.077
4025.49615 19.011 0.081
4027.50387 18.753 0.069
4029.54541 18.849 0.076
4143.87135 18.958 0.088
4150.88048 18.829 0.079
4155.85276 18.724 0.062
4158.81462 18.725 0.063
4160.86589 18.668 0.071
4162.86522 18.963 0.093
4164.90512 18.678 0.073
4167.83270 18.637 0.070
4169.84384 18.891 0.067
4174.85429 18.625 0.053
4176.83598 18.916 0.067
4177.88968 18.977 0.075
4179.78746 18.874 0.063
4180.83919 19.009 0.094
4182.76231 18.907 0.066
4183.80135 19.006 0.075
4184.86940 18.988 0.065
4185.84871 18.766 0.059
4190.87488 18.642 0.049
4192.87948 19.008 0.071
4193.89040 18.757 0.061
4194.91194 18.750 0.059
4202.88174 18.695 0.049
4203.86991 18.819 0.050
4204.86903 18.730 0.053
4205.86553 18.677 0.046
4205.90268 18.684 0.048
4207.69369 18.949 0.083
4207.74249 18.752 0.061
4207.76540 18.654 0.047
4207.80406 18.727 0.048
4207.83242 18.697 0.043
4207.86920 18.881 0.052
4207.90988 18.764 0.055
4207.92686 18.698 0.054
4208.69340 18.738 0.063
4208.71941 18.790 0.063
4208.76461 18.825 0.058
4208.79852 18.686 0.052
4208.86561 18.724 0.052
4208.89887 18.911 0.067
4209.74865 18.800 0.057
4210.89528 18.690 0.045
4211.73195 18.968 0.086
4212.86029 18.734 0.075
4212.89322 18.816 0.077
4213.76839 18.808 0.055
4213.83887 18.761 0.048
4213.86695 18.614 0.040
4215.90450 18.836 0.055
4216.82534 18.674 0.055
4217.85098 18.731 0.042
4218.88846 18.784 0.051
4219.93219 18.843 0.093
4220.87253 18.621 0.067
4222.83902 18.764 0.053
4228.82419 18.850 0.092
4229.80301 18.754 0.058
4230.78999 18.665 0.045
4231.81208 18.747 0.053
4232.63200 18.663 0.082
4232.82336 19.049 0.117
4234.76739 18.840 0.063
4235.78940 18.973 0.064
4238.81322 18.767 0.075
4239.91467 18.858 0.096
4243.70699 18.769 0.074
4244.86881 18.781 0.066
4245.86204 18.876 0.069
4246.91673 19.011 0.087
4250.88262 18.852 0.087
4256.72770 18.779 0.086
4258.72449 18.647 0.051
4268.62799 18.507 0.052
4269.66814 18.714 0.048
4272.71942 18.872 0.051
4273.67884 18.643 0.054
4274.66251 18.888 0.064
4275.71940 19.006 0.086
4277.61850 18.970 0.078
4278.69278 18.832 0.073
4283.63818 18.651 0.057
4284.62204 18.959 0.086
4285.62875 18.964 0.088
4286.72262 18.672 0.086
4289.66809 18.969 0.080
4290.74802 18.891 0.082
4291.74629 18.896 0.070
4292.60740 18.821 0.055
4293.63485 18.828 0.049
4294.60665 18.666 0.052
4295.63598 18.736 0.047
4296.61548 18.854 0.056
4297.60923 18.726 0.043
4298.71879 18.955 0.065
4299.68576 18.647 0.044
4300.81059 19.081 0.097
4301.48810 18.973 0.074
4302.76717 18.786 0.055
4307.60228 18.859 0.064
4310.75199 19.038 0.142
4312.64809 18.881 0.065
4317.63541 18.580 0.049
4319.64315 18.948 0.070
4320.74457 18.606 0.065
4326.65413 18.629 0.051
4327.68259 19.043 0.090
4328.62361 18.610 0.052
4328.75602 18.794 0.094
4329.61427 18.819 0.070
4330.59716 18.848 0.059
4331.62362 18.905 0.070
4332.62872 18.450 0.043
4333.62408 18.883 0.072
4334.61833 18.814 0.091
4338.65827 19.034 0.104
4339.62727 18.627 0.055
4340.55405 18.780 0.082
4341.62572 19.068 0.111
4342.66190 18.887 0.070
4343.64131 18.750 0.059
4344.69069 18.697 0.063
4345.64109 18.963 0.086
4346.64643 18.922 0.086
4347.66043 18.691 0.053
4349.63220 18.902 0.056
4351.63088 18.777 0.063
4357.64235 18.880 0.068
4359.61342 18.758 0.066
4367.61254 19.070 0.122
4370.61150 18.684 0.063
4372.58356 18.703 0.058
4380.59329 18.738 0.064
4515.88843 18.542 0.056
4519.85991 18.689 0.063
4520.85938 18.975 0.108
4523.85072 18.739 0.073
4524.90175 18.759 0.070
4530.89126 18.647 0.044
4534.83798 18.693 0.068
4536.84712 18.686 0.053
4538.85608 18.648 0.054
4540.88587 18.751 0.053
4542.91223 18.601 0.062
4543.87369 18.878 0.062
4544.87048 18.684 0.046
4545.88803 18.623 0.050
4547.91414 18.858 0.066
4550.86178 18.943 0.066
4551.91951 18.698 0.091
4552.91651 18.743 0.065
4556.88094 18.760 0.047
4557.90692 18.664 0.044
4558.84198 18.812 0.053
4559.87115 18.759 0.053
4560.87156 18.605 0.040
4561.86046 18.846 0.049
4564.86469 18.675 0.041
4565.85354 18.834 0.043
4566.85564 18.757 0.046
4567.85987 18.573 0.041
4568.88994 18.738 0.059
4569.87583 18.937 0.061
4570.88111 18.920 0.060
4571.84661 18.733 0.050
4572.88439 18.698 0.054
4573.86017 18.859 0.049
4574.86231 18.798 0.063
4575.87399 18.646 0.048
4579.92633 18.826 0.071
4583.84613 18.845 0.081
4586.82663 18.714 0.063
4587.86439 18.753 0.065
4588.75274 18.654 0.047
4589.78647 18.774 0.063
4590.80084 18.833 0.062
4591.77811 18.727 0.053
4592.79023 18.682 0.062
4593.77569 18.850 0.060
4594.80399 18.844 0.054
4595.79449 18.690 0.047
4596.81504 18.729 0.051
4597.81229 18.680 0.049
4598.78170 18.955 0.048
4599.76106 18.720 0.045
4600.76665 18.647 0.039
4601.77130 18.973 0.055
4602.76889 18.761 0.048
4606.81870 18.868 0.064
4610.89175 18.657 0.058
4611.75301 18.769 0.058
4611.93949 18.709 0.070
4616.74525 18.823 0.051
4617.92657 18.823 0.089
4622.72158 18.800 0.062
4623.80144 18.686 0.072
4624.74026 18.786 0.059
4625.72159 18.808 0.070
4626.78034 18.617 0.046
4627.70092 18.791 0.050
4628.69109 18.735 0.052
4629.75673 18.666 0.046
4630.69658 18.899 0.054
4631.71493 18.742 0.041
4632.73760 18.627 0.044
4633.87745 19.008 0.091
4639.81804 18.810 0.075
4640.79352 18.873 0.067
4641.87877 18.908 0.096
4642.71645 18.876 0.062
4643.68252 18.732 0.058
4644.76563 18.746 0.059
4645.68432 18.877 0.060
4646.65203 18.573 0.039
4647.67322 18.693 0.047
4648.66998 18.874 0.054
4648.77942 18.758 0.060
4649.65733 18.681 0.048
4650.68879 18.610 0.043
4651.70012 18.768 0.059
4652.62859 18.715 0.059
4653.62240 18.646 0.051
4654.66158 18.698 0.052
4655.62585 18.793 0.055
4656.62911 18.742 0.059
4658.78630 18.859 0.076
4660.73704 18.821 0.086
4661.61850 18.679 0.045
4666.55127 18.732 0.070
4671.67513 18.934 0.061
4672.63480 18.754 0.067
4674.66276 18.894 0.068
4677.68747 18.774 0.065
4681.69082 18.700 0.058
4682.64652 18.825 0.055
4683.64442 18.722 0.061
4684.66286 18.633 0.062
4685.68903 18.783 0.056
4686.76160 18.717 0.060
4687.67709 18.741 0.059
4688.62322 18.855 0.058
4694.70733 19.129 0.123
4697.62862 18.832 0.070
4698.65018 18.601 0.053
4700.64535 18.879 0.063
4701.62829 18.740 0.051
4702.64312 18.685 0.052
4704.70437 18.748 0.078
4708.66474 18.974 0.073
4710.68265 18.711 0.063
4720.59581 18.670 0.070
4721.63138 18.695 0.090
4724.64809 18.771 0.097
4726.62432 19.325 0.146
4733.58853 18.994 0.091
4738.54871 18.681 0.064
4741.63070 18.901 0.078
4755.57484 19.120 0.148
4756.55302 18.608 0.087
4763.51196 18.731 0.070
4767.53939 18.793 0.091
4768.55033 19.032 0.139
4876.88461 18.758 0.069
4883.87046 18.951 0.093
4886.83737 18.903 0.071
4888.86492 18.702 0.053
4892.85897 18.798 0.068
4898.82924 18.789 0.067
4901.83210 19.053 0.074
4903.87948 18.615 0.047
4905.87585 18.998 0.088
4912.86064 18.756 0.042
4914.90679 18.892 0.060
4924.75602 18.626 0.043
4925.87371 18.746 0.044
4928.76396 18.675 0.056
4930.80806 18.766 0.069
4931.85248 18.834 0.063
4932.86104 18.892 0.059
4933.85590 18.646 0.073
4934.71887 18.710 0.090
4934.91175 18.683 0.061
4938.83583 18.772 0.065
4940.77735 18.740 0.058
4941.81306 18.862 0.061
4942.75617 18.673 0.045
4944.75849 18.655 0.046
4945.81156 18.926 0.050
4951.66372 18.753 0.060
4953.85116 18.802 0.063
4954.82041 18.828 0.052
4955.81181 18.666 0.057
