2127.49565 18.550 0.067
2130.52846 18.965 0.062
2133.54262 18.658 0.047
2136.66381 18.746 0.063
2141.65460 18.555 0.070
2165.57705 18.903 0.079
2171.64410 18.749 0.063
2179.53444 18.552 0.063
2189.52945 19.165 0.134
2212.55423 18.607 0.082
2214.51151 18.716 0.100
2337.84145 18.626 0.054
2352.85895 18.596 0.052
2361.85339 18.929 0.076
2373.80823 18.614 0.055
2384.84405 18.613 0.047
2388.84339 18.559 0.043
2390.88173 18.547 0.054
2393.87561 19.026 0.103
2400.82300 19.016 0.064
2402.92970 18.618 0.058
2406.87246 18.539 0.055
2411.73050 18.995 0.068
2415.90578 18.694 0.072
2417.87656 18.637 0.052
2425.90846 18.635 0.092
2428.88663 18.718 0.068
2434.80322 18.497 0.038
2436.85190 19.069 0.076
2438.83573 19.010 0.070
2441.78809 18.865 0.059
2445.70924 18.536 0.047
2448.74151 19.044 0.166
2454.76825 18.468 0.060
2460.73548 18.518 0.063
2463.61888 19.077 0.064
2466.59210 19.067 0.064
2468.77661 18.634 0.050
2470.76057 18.525 0.043
2481.63307 18.952 0.103
2484.69524 18.550 0.055
2496.56174 18.518 0.034
2498.59980 18.601 0.035
2500.62592 19.010 0.056
2502.64412 18.677 0.058
2510.54368 19.014 0.110
2516.50448 18.931 0.086
2517.55138 18.548 0.064
2520.66012 18.625 0.051
2529.52661 18.926 0.062
2538.57584 18.612 0.066
2542.56481 18.777 0.052
2548.53002 18.956 0.083
2552.56739 18.539 0.064
2557.53164 18.407 0.047
2561.52758 18.573 0.075
2562.48403 18.434 0.100
2563.49391 18.451 0.047
2568.56213 18.742 0.115
2708.87957 18.530 0.048
2719.88576 18.803 0.059
2729.91124 18.574 0.055
2734.88479 18.773 0.055
2747.76893 18.759 0.082
2754.77918 18.722 0.056
2757.84421 18.646 0.058
2763.79735 18.662 0.052
2767.88963 18.511 0.062
2775.79511 18.476 0.066
2776.75000 18.684 0.098
2783.88411 18.517 0.047
2785.75049 18.562 0.054
2788.62996 18.937 0.076
2790.77632 18.904 0.063
2793.70303 18.607 0.059
2795.66295 18.606 0.047
2797.67411 18.691 0.042
2809.79421 18.702 0.062
2811.71467 18.729 0.068
2812.84395 18.502 0.054
2813.88768 19.072 0.090
2815.86846 18.893 0.082
2817.76696 18.501 0.046
2819.67734 18.970 0.059
2821.72652 18.461 0.048
2830.69877 18.609 0.088
2835.70827 19.092 0.078
2837.71870 18.743 0.106
2839.77846 18.515 0.059
2841.79962 18.842 0.068
2843.72693 18.456 0.047
2845.71658 18.526 0.043
2850.61264 18.591 0.043
2852.62393 18.511 0.059
2854.62098 18.484 0.050
2857.52773 18.930 0.068
2858.73999 18.416 0.044
2862.65105 18.758 0.078
2865.63116 18.784 0.052
2868.62744 18.538 0.044
2871.70814 18.878 0.068
2876.70912 18.682 0.058
2879.67446 18.879 0.080
2884.70566 18.577 0.064
2893.58209 18.567 0.046
2895.60942 18.478 0.042
2900.52370 18.534 0.059
2905.65640 18.509 0.075
2911.57765 18.623 0.054
2921.52732 18.558 0.066
2931.57837 18.673 0.062
3052.88814 18.522 0.046
3059.87409 18.692 0.052
3064.88542 18.825 0.067
3068.83848 18.857 0.067
3071.89106 18.469 0.047
3073.90018 18.525 0.046
3077.79032 18.856 0.188
3080.83946 18.462 0.048
3083.78574 18.460 0.036
3085.89759 18.561 0.042
3087.83221 19.074 0.072
3089.84893 18.722 0.044
3091.85000 18.516 0.047
3097.83259 18.430 0.039
3099.85861 18.677 0.066
3101.82789 18.552 0.052
3102.86024 18.974 0.071
3104.77585 18.442 0.088
3106.92243 18.495 0.058
3108.81256 18.997 0.060
3109.92653 18.638 0.063
3110.90241 18.440 0.042
3112.85940 18.446 0.039
3114.85437 18.478 0.040
3116.84198 18.494 0.048
3122.85783 19.093 0.107
3125.91495 18.491 0.059
3126.81146 18.887 0.058
3127.89749 18.544 0.048
3128.88679 18.514 0.059
3130.76434 18.785 0.072
3131.62966 18.931 0.131
3134.89977 18.688 0.148
3135.78467 18.589 0.046
3137.83662 18.562 0.063
3138.72181 18.883 0.070
3140.69356 19.093 0.070
3140.92737 18.523 0.050
3141.75867 18.500 0.043
3142.83294 18.852 0.058
3144.85089 18.845 0.056
3146.91731 18.529 0.038
3147.93377 18.539 0.055
3151.82491 18.562 0.058
3152.82461 18.623 0.050
3153.82314 18.504 0.052
3154.91702 19.142 0.106
3157.89711 19.016 0.091
3158.70962 18.763 0.090
3162.86093 18.896 0.072
3163.82327 18.978 0.064
3164.80900 18.909 0.060
3164.91645 18.469 0.056
3165.66225 19.010 0.052
3167.67182 18.649 0.060
3168.82211 18.709 0.048
3169.84805 18.482 0.048
3170.87758 18.478 0.038
3171.72383 18.565 0.039
3172.52259 18.473 0.054
3172.61567 18.705 0.040
3172.71308 18.543 0.038
3172.81478 18.567 0.048
3173.70096 18.472 0.048
3173.76190 18.826 0.059
3173.80931 18.615 0.054
3173.82742 18.490 0.047
3174.50662 18.553 0.058
3174.60169 18.681 0.046
3174.77657 18.645 0.046
3175.53540 18.767 0.064
3175.85752 18.640 0.054
3176.53947 18.945 0.100
3176.69324 18.658 0.060
3177.69649 18.937 0.098
3177.79406 18.412 0.060
3177.83316 18.472 0.066
3178.55267 18.915 0.088
3179.57604 18.626 0.047
3179.87786 18.879 0.067
3180.79441 18.526 0.035
3182.85468 18.800 0.059
3183.81047 18.857 0.076
3184.76909 18.524 0.042
3185.62396 18.799 0.050
3193.61924 18.669 0.043
3194.51893 18.467 0.056
3194.80968 18.516 0.042
3195.74280 18.766 0.047
3196.59569 18.697 0.054
3196.83849 18.609 0.051
3197.78419 18.536 0.048
3199.78072 18.502 0.052
3201.82790 19.064 0.084
3202.77527 18.571 0.042
3203.60440 18.621 0.035
3204.75245 18.560 0.042
3205.68278 18.524 0.035
3206.78926 19.252 0.116
3210.56634 18.737 0.074
3211.74628 19.047 0.082
3217.72217 18.787 0.068
3218.77328 18.503 0.083
3223.72223 18.578 0.058
3224.76673 18.558 0.062
3226.71413 18.512 0.067
3228.68774 18.506 0.048
3229.71850 18.597 0.050
3230.73439 18.774 0.059
3231.67917 18.554 0.059
3232.67712 18.707 0.078
3238.68621 18.846 0.072
3240.53539 18.734 0.052
3241.71904 18.364 0.055
3245.64803 18.649 0.067
3247.50933 18.404 0.043
3249.62173 18.609 0.058
3251.52475 18.816 0.076
3254.60630 18.533 0.056
3257.54428 18.600 0.038
3260.58975 18.498 0.063
3265.54270 18.532 0.051
3267.60095 18.970 0.079
3273.49998 18.549 0.084
3277.51932 19.006 0.087
3280.52020 18.737 0.075
3282.59092 18.761 0.048
3289.52505 18.742 0.074
3294.52033 19.021 0.067
3296.51944 19.278 0.110
3302.51662 18.519 0.074
3418.85924 18.477 0.043
3423.88730 18.977 0.052
3427.84100 18.940 0.075
3430.82643 18.873 0.066
3436.87304 18.625 0.058
3443.84416 18.557 0.034
3445.87263 18.923 0.047
3447.91700 18.563 0.064
3450.79660 18.745 0.040
3453.84001 18.631 0.054
3455.90554 18.538 0.052
3458.87526 18.629 0.048
3459.89046 18.995 0.066
3468.87393 18.494 0.039
3469.87662 18.495 0.034
3472.86155 18.454 0.034
3474.79515 18.807 0.058
3476.77170 19.035 0.051
3478.86709 18.584 0.040
3480.88273 18.746 0.058
3483.81761 18.547 0.040
3496.91098 18.987 0.079
3497.89795 18.956 0.062
3500.90701 18.728 0.058
3502.89125 18.726 0.048
3503.87209 18.864 0.052
3506.93149 18.496 0.043
3508.90884 18.372 0.051
3509.89166 18.551 0.039
3511.91520 18.606 0.043
3512.90508 18.612 0.052
3520.66733 18.502 0.046
3521.79806 18.555 0.044
3522.86571 18.875 0.072
3524.85695 18.877 0.062
3527.64025 18.621 0.047
3527.72571 18.434 0.028
3528.88462 18.592 0.063
3529.92342 18.543 0.043
3530.86293 18.513 0.031
3530.89431 18.563 0.036
3538.85245 18.644 0.051
3541.88661 18.653 0.056
3544.88404 18.505 0.063
3547.85144 18.550 0.052
3550.82826 18.571 0.044
3551.84026 18.491 0.039
3552.83563 18.454 0.051
3554.83862 18.420 0.060
3556.84669 18.619 0.067
3558.62361 18.416 0.034
3559.63200 18.431 0.034
3560.70840 18.756 0.050
3561.61561 18.496 0.039
3562.66300 18.977 0.059
3563.72768 18.522 0.039
3569.65563 18.491 0.079
3573.78606 18.611 0.062
3574.75829 18.773 0.060
3575.70023 18.738 0.043
3576.76686 18.534 0.052
3578.74131 18.623 0.042
3579.68987 18.979 0.054
3580.73644 18.592 0.055
3581.73939 18.459 0.042
3582.68833 18.749 0.043
3583.70651 18.535 0.043
3584.71045 18.356 0.032
3585.70903 18.462 0.031
3586.76310 18.666 0.043
3589.75258 18.934 0.064
3590.47630 18.556 0.044
3590.56090 18.624 0.042
3590.63980 18.629 0.044
3590.74876 19.007 0.080
3591.48938 18.573 0.039
3591.54463 18.609 0.032
3591.64243 18.535 0.034
3591.73037 18.891 0.052
3591.76513 18.938 0.060
3592.47507 18.463 0.044
3592.54263 18.630 0.039
3592.65952 18.488 0.031
3592.70158 18.506 0.034
3593.46870 18.776 0.055
3593.51878 18.517 0.034
3593.54768 18.822 0.051
3594.50613 18.527 0.052
3594.58876 18.713 0.038
3594.66518 18.621 0.042
3594.74891 18.882 0.067
3602.72532 18.591 0.071
3603.72031 18.509 0.055
3607.70426 18.472 0.051
3608.69694 18.454 0.039
3615.65464 18.527 0.050
3617.61627 18.596 0.052
3619.61338 18.534 0.043
3621.65508 18.792 0.058
3629.53930 18.494 0.039
3631.56816 18.907 0.083
3633.59313 18.649 0.078
3640.52651 18.851 0.067
3644.60236 18.889 0.067
3649.57835 18.891 0.071
3652.55227 19.133 0.111
3656.54506 18.876 0.082
3660.54926 18.561 0.070
3665.53208 18.498 0.059
3670.52218 18.674 0.086
3778.84179 18.492 0.066
3783.88067 18.684 0.043
3785.89164 18.849 0.063
3788.89567 18.759 0.070
3792.88584 18.503 0.036
3794.88497 18.513 0.036
3796.87675 18.473 0.048
3797.87640 18.504 0.039
3800.85744 18.474 0.051
3802.80437 18.407 0.039
3803.83697 18.602 0.046
3804.88413 18.972 0.066
3806.89666 18.963 0.060
3808.88163 18.830 0.055
3810.79763 18.651 0.063
3812.78379 18.599 0.059
3814.77468 18.622 0.056
3818.83961 18.488 0.043
3819.89904 18.712 0.040
3820.89128 18.683 0.043
3821.90263 18.922 0.052
3822.91448 18.853 0.058
3824.90953 18.767 0.066
3825.90160 18.731 0.050
3826.92506 18.546 0.060
3827.90077 18.527 0.035
3828.91288 18.564 0.044
3829.90877 18.532 0.036
3830.87520 18.548 0.044
3832.90298 18.495 0.042
3833.89138 18.514 0.038
3834.81658 18.795 0.044
3835.86899 18.472 0.032
3836.87847 18.507 0.042
3837.85723 18.426 0.034
3838.86137 18.517 0.042
3839.88043 18.607 0.066
3840.86443 18.600 0.044
3841.84779 18.489 0.042
3842.76163 18.644 0.051
3842.92265 18.819 0.099
3845.85215 19.089 0.098
3846.85608 19.085 0.058
3847.89796 18.469 0.051
3848.87166 18.844 0.064
3849.90089 18.630 0.050
3850.82094 18.943 0.064
3851.82723 19.135 0.087
3852.81934 18.982 0.059
3853.80864 18.987 0.052
3856.79727 18.786 0.052
3858.86130 18.495 0.040
3860.85266 18.474 0.056
3861.86794 18.711 0.044
3862.81112 18.371 0.030
3863.78935 18.546 0.039
3864.81327 18.494 0.032
3865.77557 18.465 0.043
3866.74073 18.508 0.036
3867.74809 18.487 0.047
3868.74348 18.451 0.054
3869.72522 18.522 0.051
3873.72870 18.516 0.046
3874.77549 18.835 0.064
3875.75815 18.813 0.042
3877.71710 18.571 0.044
3880.78384 18.551 0.039
3881.79241 18.505 0.035
3882.72736 18.840 0.060
3883.77914 18.557 0.051
3886.74272 18.504 0.043
3887.72247 18.581 0.036
3889.88422 18.585 0.047
3891.61586 18.888 0.080
3892.75150 18.579 0.040
3893.78234 19.407 0.126
3894.81936 18.644 0.062
3896.76979 18.978 0.102
3900.66654 18.652 0.076
3901.67206 18.556 0.047
3902.68960 18.874 0.055
3903.83060 18.606 0.050
3904.66945 18.959 0.044
3905.68013 19.166 0.064
3906.65796 19.080 0.066
3907.72400 18.494 0.063
3908.66393 19.082 0.055
3909.66205 18.890 0.042
3912.66614 18.522 0.030
3913.66633 18.545 0.034
3914.71409 18.445 0.035
3915.66320 18.514 0.035
3916.74494 18.898 0.072
3917.76212 18.715 0.058
3918.76244 18.663 0.044
3919.69260 18.610 0.036
3920.64629 18.480 0.044
3921.65476 18.647 0.070
3930.71641 18.554 0.040
3931.63261 18.901 0.064
3932.59646 18.835 0.046
3933.64366 18.594 0.032
3934.61038 18.854 0.043
3934.81553 18.540 0.051
3935.59135 18.869 0.051
3936.57641 18.924 0.066
3937.65522 18.504 0.042
3938.62066 18.571 0.040
3940.76546 18.497 0.034
3942.51366 18.984 0.088
3944.48380 18.702 0.052
3944.60196 18.462 0.043
3944.70185 18.756 0.043
3944.77866 18.438 0.050
3945.47758 18.875 0.071
3945.60032 18.573 0.060
3945.68179 18.853 0.048
3945.77077 18.413 0.044
3946.48332 18.814 0.070
3946.64859 19.072 0.064
3946.69595 18.688 0.051
3946.74700 18.527 0.044
3946.76234 18.528 0.046
3946.78180 18.684 0.060
3950.66410 18.508 0.038
3951.67490 18.484 0.058
3959.63573 18.477 0.042
3960.62684 18.411 0.034
3963.63222 18.490 0.036
3964.66836 19.007 0.054
3965.64324 18.933 0.050
3966.63770 18.974 0.059
3967.66113 18.745 0.046
3968.62064 19.094 0.078
3969.63112 19.018 0.080
3970.63787 18.611 0.050
3971.66923 18.556 0.040
3973.69743 18.482 0.051
3974.63498 18.645 0.051
3975.62757 18.453 0.040
3976.62150 18.437 0.044
3979.65669 18.551 0.058
3982.68940 18.790 0.124
3986.67001 18.669 0.078
3987.61878 18.969 0.067
3988.65091 18.721 0.052
3989.56905 18.612 0.062
3991.57048 18.884 0.094
3995.51831 18.686 0.048
4001.58864 18.323 0.039
4002.62425 18.677 0.054
4003.57872 18.442 0.035
4011.56205 18.805 0.087
4015.59100 18.686 0.091
4017.56470 18.878 0.078
4019.57288 18.473 0.052
4023.55563 18.512 0.075
4025.50718 18.567 0.052
4027.51495 18.613 0.060
4030.50698 18.580 0.064
4151.89739 18.566 0.079
4155.86138 18.578 0.058
4158.82316 18.778 0.068
4160.88649 18.587 0.074
4162.87389 18.535 0.062
4165.85830 18.439 0.064
4167.85122 18.798 0.106
4169.85357 18.886 0.066
4174.86764 18.674 0.055
4176.84492 18.701 0.056
4177.90182 18.567 0.047
4179.79613 18.820 0.066
4180.86469 18.509 0.054
4182.77304 18.770 0.050
4183.81000 18.425 0.044
4185.78575 18.571 0.054
4190.88378 18.705 0.050
4192.88800 18.577 0.047
4193.89901 18.409 0.042
4196.87864 18.462 0.043
4202.89028 18.851 0.056
4203.87844 18.748 0.048
4204.88526 18.959 0.055
4205.87407 18.929 0.062
4207.89799 18.699 0.047
4208.90749 18.607 0.052
4213.87900 18.522 0.035
4215.91313 18.555 0.044
4216.83760 18.526 0.046
4217.85986 18.518 0.035
4218.90422 18.623 0.044
4220.88835 18.917 0.100
4222.84806 18.655 0.051
4228.85203 19.108 0.098
4229.81745 18.849 0.060
4230.79860 18.705 0.044
4231.84091 18.831 0.059
4232.86186 18.656 0.078
4234.79655 19.056 0.067
4234.83402 18.625 0.046
4235.82043 18.668 0.046
4237.63729 18.712 0.079
4238.82500 18.616 0.067
4240.61871 18.741 0.086
4243.87130 19.089 0.090
4244.87805 18.864 0.070
4244.88690 18.875 0.071
4244.90986 18.600 0.054
4245.91247 18.575 0.056
4246.92536 18.538 0.066
4247.58247 18.205 0.034
4250.91170 18.419 0.063
4256.81003 18.604 0.063
4257.69393 18.442 0.054
4258.79685 18.653 0.056
4268.57791 18.603 0.068
4269.71771 18.455 0.038
4272.63956 18.924 0.059
4273.68700 18.472 0.046
4274.67084 18.442 0.046
4275.72764 18.662 0.059
4277.56851 18.893 0.083
4278.70160 18.570 0.059
4283.64864 18.520 0.047
4284.63007 18.501 0.052
4285.63707 18.541 0.060
4286.73081 18.579 0.075
4289.68052 18.770 0.075
4290.75972 18.568 0.066
4291.75793 18.604 0.063
4292.61548 18.950 0.058
4293.64323 18.736 0.044
4294.68447 18.560 0.051
4295.64448 18.577 0.040
4296.62364 18.682 0.043
4297.55518 18.742 0.048
4298.78668 18.582 0.058
4299.75684 18.691 0.040
4300.68683 18.702 0.052
4301.55613 18.995 0.064
4302.79007 18.517 0.054
4306.54712 18.656 0.080
4307.56874 18.467 0.043
4311.58964 18.670 0.078
4312.65689 18.543 0.043
4317.64398 18.512 0.050
4319.65293 18.558 0.055
4326.66214 18.998 0.067
4327.69730 18.565 0.063
4328.63210 18.985 0.071
4329.62334 19.021 0.082
4330.63675 18.978 0.062
4331.63216 18.806 0.059
4332.68684 18.436 0.048
4333.63595 18.660 0.072
4334.64942 18.637 0.091
4338.66904 18.584 0.072
4339.63902 18.495 0.055
4340.70219 18.921 0.102
4341.67975 18.844 0.092
4342.68006 18.878 0.076
4343.64988 18.695 0.060
4345.64977 18.888 0.094
4346.65493 18.915 0.094
4347.66905 18.697 0.059
4349.64410 18.817 0.056
4350.66865 18.536 0.051
4351.63955 18.633 0.054
4354.64828 18.505 0.054
4357.58636 18.694 0.062
4359.55986 18.798 0.063
4365.60127 18.546 0.070
4368.60432 19.082 0.130
4370.55994 18.591 0.044
4372.59278 19.123 0.076
4377.55349 19.034 0.084
4381.59586 18.513 0.076
4515.89691 18.498 0.066
4520.87591 18.485 0.062
4523.85945 18.491 0.064
4525.85417 18.478 0.070
4532.88233 18.770 0.063
4534.90343 18.608 0.063
4537.79446 18.815 0.076
4538.90786 18.408 0.054
4539.79925 19.060 0.083
4541.83113 18.606 0.055
4543.82084 18.538 0.044
4544.81773 18.414 0.048
4545.83522 18.528 0.047
4547.80908 18.483 0.047
4550.80809 18.444 0.054
4552.79811 18.622 0.062
4556.88987 18.437 0.035
4557.91554 18.491 0.038
4558.88206 18.464 0.043
4559.87998 18.471 0.040
4560.88017 18.502 0.038
4561.86921 18.467 0.035
4564.87334 18.638 0.039
4565.86301 18.595 0.035
4566.86421 18.675 0.042
4567.86979 18.979 0.052
4568.90174 18.810 0.051
4569.88496 18.873 0.064
4570.89350 18.633 0.046
4571.85524 18.982 0.055
4572.89360 18.685 0.059
4573.86884 18.638 0.042
4574.87738 18.512 0.044
4575.88560 18.472 0.040
4583.85207 18.538 0.059
4585.84261 18.560 0.046
4586.86139 18.751 0.056
4587.87329 19.128 0.114
4588.76348 18.474 0.043
4589.73285 18.686 0.054
4590.81249 18.538 0.043
4591.72531 18.530 0.046
4592.79888 18.627 0.060
4593.78431 18.574 0.044
4594.81267 18.980 0.064
4595.80350 18.940 0.058
4596.75916 18.572 0.040
4597.82097 18.691 0.050
4598.79048 18.912 0.046
4599.76971 19.023 0.060
4600.79209 18.763 0.040
4601.78069 18.740 0.044
4602.78434 18.597 0.036
4606.83803 18.552 0.051
4611.76180 18.514 0.055
4616.75394 18.717 0.046
4616.93984 18.669 0.079
4618.65835 18.531 0.048
4622.73708 18.959 0.070
4623.81014 18.442 0.050
4624.74889 18.765 0.058
4625.73186 19.048 0.080
4626.79394 18.445 0.048
4627.71116 18.977 0.054
4628.70002 18.862 0.056
4629.76952 18.422 0.036
4630.70872 18.588 0.044
4631.72398 18.534 0.035
4632.75844 18.488 0.039
4633.89389 18.449 0.068
4639.84655 18.502 0.076
4640.85099 18.495 0.068
4641.88858 18.933 0.098
4642.53441 18.639 0.071
4643.69084 18.652 0.051
4644.78095 18.512 0.046
4645.69330 18.908 0.062
4646.66051 18.586 0.040
4647.68190 18.896 0.060
4649.66701 18.993 0.064
4650.70505 18.576 0.046
4651.70570 18.545 0.047
4652.63826 18.906 0.062
4653.63322 18.896 0.060
4654.67025 18.545 0.055
4655.64148 18.755 0.046
4656.63760 18.751 0.059
4658.79484 18.754 0.088
4661.62725 18.554 0.040
4666.49847 18.736 0.087
4670.72996 18.623 0.059
4671.68356 18.630 0.047
4672.64334 19.153 0.090
4674.67125 18.605 0.055
4675.79614 18.717 0.071
4677.71546 18.649 0.051
4679.68836 18.545 0.060
4681.69936 18.676 0.058
4682.69700 18.779 0.051
4683.65302 18.459 0.048
4684.67178 18.822 0.068
4684.76497 18.632 0.058
4685.69761 18.986 0.070
4686.77018 18.480 0.046
4687.68588 18.902 0.078
4688.63175 18.644 0.050
4694.71588 18.642 0.092
4697.64066 18.521 0.056
4698.65874 18.457 0.051
4700.65398 18.449 0.044
4701.63729 18.489 0.044
4702.65173 18.494 0.050
4708.67338 18.936 0.075
4715.63444 18.615 0.071
4720.64013 18.423 0.090
4721.64758 18.411 0.070
4722.63814 18.452 0.062
4725.61102 18.554 0.067
4726.63929 18.752 0.080
4733.60033 19.152 0.104
4739.49311 18.489 0.058
4750.54244 18.404 0.064
4757.54931 19.136 0.091
4763.52559 19.022 0.088
4876.89322 18.754 0.091
4883.87946 18.656 0.074
4886.84618 18.514 0.051
4890.81867 18.478 0.054
4894.86965 18.914 0.076
4898.86295 18.564 0.046
4900.84843 18.622 0.052
4901.90003 18.515 0.043
4902.82566 18.690 0.051
4903.88831 18.484 0.043
4904.85382 18.561 0.046
4906.90686 18.707 0.068
4911.88902 19.088 0.060
4913.90242 18.633 0.046
4924.89748 18.538 0.043
4926.74825 18.950 0.074
4928.80420 18.596 0.056
4930.73965 18.854 0.072
4931.88181 18.923 0.071
4932.78967 18.511 0.043
4933.73390 18.498 0.056
4934.83549 18.817 0.064
4938.84399 18.623 0.059
4940.78873 18.851 0.059
4941.84056 18.489 0.046
4942.86599 18.321 0.035
4943.72317 18.632 0.044
4944.78805 18.766 0.047
4949.80252 18.484 0.039
4951.82746 18.656 0.063
4953.73207 18.501 0.042
4954.84958 18.850 0.056
