2125.68449 18.010 0.053
2129.73667 18.002 0.033
2132.67964 18.034 0.038
2136.58305 18.097 0.045
2141.59817 18.381 0.050
2144.68095 18.014 0.037
2160.63761 18.119 0.052
2170.57853 17.996 0.042
2178.58931 18.213 0.113
2188.53843 18.011 0.054
2211.54196 17.967 0.060
2333.87889 17.973 0.038
2344.84020 18.172 0.038
2355.89104 18.019 0.032
2364.88358 18.067 0.049
2372.89444 17.987 0.034
2391.92455 18.056 0.048
2405.83181 18.023 0.038
2414.88032 17.993 0.040
2416.89296 18.018 0.046
2424.75161 18.170 0.054
2428.73682 18.083 0.037
2432.88836 18.107 0.068
2434.77636 18.038 0.035
2436.82434 18.021 0.036
2438.79800 18.048 0.037
2441.76032 18.200 0.041
2445.67687 18.261 0.038
2448.70017 18.103 0.066
2459.68889 18.086 0.036
2460.70689 18.001 0.042
2463.58818 18.005 0.032
2466.61097 18.036 0.035
2468.73717 18.038 0.032
2470.72098 18.024 0.032
2472.74842 18.009 0.040
2481.60483 17.965 0.049
2484.66815 18.328 0.053
2486.53034 18.047 0.054
2486.76087 18.050 0.062
2490.74403 17.993 0.050
2493.68873 18.054 0.041
2496.53477 18.032 0.030
2498.55539 18.001 0.030
2500.59886 18.015 0.033
2502.61247 18.012 0.036
2508.71070 18.015 0.050
2517.56158 18.046 0.045
2520.62906 18.039 0.037
2529.49492 18.312 0.054
2538.54658 18.040 0.044
2542.57436 17.958 0.034
2548.50286 18.037 0.054
2552.53917 18.071 0.054
2557.50433 18.047 0.042
2564.52576 18.030 0.047
2708.85304 18.338 0.040
2719.85874 18.011 0.039
2729.88069 18.082 0.043
2734.81967 18.001 0.031
2747.74400 18.087 0.063
2753.92904 18.060 0.050
2757.85613 18.006 0.039
2761.90425 18.023 0.033
2767.85120 18.188 0.051
2775.76807 18.046 0.049
2782.68942 18.019 0.047
2784.61208 18.003 0.035
2786.83544 18.395 0.055
2788.64203 18.027 0.039
2790.74647 18.512 0.052
2795.63403 18.430 0.045
2797.64598 18.070 0.031
2802.73837 17.975 0.045
2809.76098 18.154 0.045
2811.68810 18.163 0.050
2812.81738 18.066 0.047
2813.86118 18.024 0.045
2815.84185 18.035 0.037
2816.86281 17.978 0.040
2818.63254 18.025 0.035
2819.80904 17.998 0.040
2821.69489 18.013 0.039
2826.81225 18.444 0.066
2835.68035 17.952 0.038
2837.68806 17.992 0.056
2838.82383 17.972 0.055
2840.74115 17.980 0.043
2843.69244 18.070 0.038
2845.68979 18.004 0.035
2846.51145 17.994 0.054
2847.47567 18.086 0.068
2848.67499 18.043 0.043
2849.64545 18.069 0.039
2850.47654 17.989 0.039
2850.57871 18.055 0.031
2851.66883 18.111 0.038
2852.58646 18.030 0.057
2853.47106 17.949 0.047
2854.59091 18.180 0.040
2855.61160 18.105 0.054
2856.55098 18.059 0.042
2857.50116 18.154 0.041
2858.71348 18.027 0.035
2859.57400 18.005 0.045
2862.47010 17.959 0.066
2862.66060 17.997 0.049
2862.74786 17.992 0.064
2863.49613 18.066 0.049
2864.52891 18.024 0.054
2865.56025 17.978 0.033
2866.61010 18.045 0.045
2866.64122 17.991 0.041
2867.63502 18.002 0.032
2868.58255 17.997 0.032
2868.71191 18.369 0.056
2869.56379 18.042 0.040
2870.65336 18.253 0.045
2871.47012 18.022 0.054
2871.63410 18.359 0.041
2872.55986 18.068 0.034
2875.50434 18.188 0.050
2876.57768 18.168 0.037
2877.51393 18.443 0.054
2877.53213 18.392 0.050
2878.50179 18.364 0.045
2879.58425 17.997 0.037
2880.69742 18.011 0.042
2880.71043 17.944 0.044
2881.65316 17.951 0.025
2881.66743 18.080 0.030
2882.50413 17.963 0.041
2883.59317 17.974 0.030
2883.62680 18.029 0.036
2884.58397 18.002 0.037
2885.55497 17.994 0.043
2890.64984 18.247 0.082
2890.66300 18.192 0.073
2892.55313 18.058 0.042
2893.48848 18.009 0.044
2894.52850 18.159 0.043
2895.61873 17.997 0.032
2896.53658 18.144 0.041
2897.63851 17.972 0.045
2898.55150 18.080 0.045
2899.63518 18.026 0.034
2900.48014 18.099 0.061
2900.63042 18.020 0.046
2902.47961 18.016 0.063
2903.49844 18.131 0.060
2903.57808 17.983 0.030
2904.53824 18.049 0.057
2904.61321 18.154 0.058
2905.48843 18.018 0.049
2905.55277 18.011 0.054
2905.62954 17.977 0.054
2906.49241 18.051 0.049
2906.58665 18.017 0.041
2907.48603 18.067 0.056
2907.60585 18.077 0.052
2908.49276 17.958 0.053
2909.49462 18.040 0.046
2909.57295 18.045 0.053
2909.63884 18.346 0.060
2910.48592 17.971 0.055
2910.54195 18.001 0.042
2911.52623 18.054 0.051
2912.47734 18.057 0.073
2915.48832 18.292 0.068
2916.52469 18.343 0.055
2917.51595 18.134 0.054
2918.50717 18.100 0.055
2920.51776 18.092 0.053
2921.50631 18.096 0.058
2922.51332 18.001 0.050
2923.52228 18.000 0.038
2924.52014 17.992 0.033
2925.53017 18.004 0.036
2926.55208 18.084 0.039
2927.51201 18.006 0.047
2928.52341 17.994 0.041
2930.51729 17.989 0.043
2931.51748 18.015 0.034
2932.52366 18.078 0.039
2933.51685 18.094 0.044
2934.53301 18.173 0.052
2937.52714 18.078 0.050
2939.52852 17.942 0.048
2939.53323 17.994 0.050
2941.50156 18.023 0.050
2943.52479 18.127 0.081
2944.52474 17.994 0.058
2945.51029 18.045 0.060
2946.51642 18.003 0.056
2947.50824 18.029 0.059
2951.50479 18.037 0.061
2953.50688 18.346 0.066
3041.87669 17.988 0.048
3050.87089 17.997 0.041
3052.86027 18.073 0.043
3059.83591 18.029 0.038
3064.85282 18.011 0.049
3068.80659 18.019 0.054
3070.88521 18.008 0.037
3073.84129 18.047 0.038
3075.87941 18.126 0.039
3080.78360 18.001 0.035
3082.91525 18.009 0.036
3085.84189 18.013 0.031
3086.91651 17.960 0.036
3088.83449 18.046 0.028
3090.74759 18.001 0.030
3096.90279 18.045 0.041
3099.79848 18.110 0.048
3101.78411 18.006 0.038
3103.80766 17.988 0.034
3104.86635 18.051 0.064
3106.87959 18.031 0.040
3108.80006 18.027 0.029
3109.85902 18.041 0.030
3110.86540 18.006 0.032
3112.85073 18.092 0.031
3114.81532 18.138 0.035
3116.90346 18.028 0.037
3122.94130 18.147 0.107
3123.79393 18.045 0.025
3125.90585 18.059 0.050
3127.85364 17.934 0.033
3128.85349 18.054 0.040
3130.73250 18.031 0.038
3131.69892 18.055 0.044
3135.93058 18.076 0.037
3138.68484 18.235 0.047
3139.91082 18.032 0.031
3140.91428 17.991 0.034
3142.79870 18.019 0.030
3144.81868 17.982 0.029
3146.85584 18.059 0.042
3151.79079 18.016 0.036
3151.93933 18.085 0.050
3152.78845 18.028 0.034
3153.79109 18.061 0.039
3154.87541 18.064 0.053
3156.89494 18.006 0.039
3162.60480 18.138 0.050
3163.78576 18.028 0.034
3164.76802 17.988 0.026
3164.90101 17.986 0.038
3165.74155 18.005 0.029
3167.62796 17.993 0.045
3168.88674 18.212 0.044
3169.75486 18.023 0.036
3170.84276 18.153 0.033
3171.81098 18.120 0.027
3172.78191 18.112 0.036
3173.88292 18.063 0.053
3174.74175 18.153 0.033
3175.75475 18.485 0.042
3177.79097 17.967 0.047
3179.53570 18.060 0.036
3179.91494 18.074 0.054
3180.75674 17.991 0.026
3182.81738 17.965 0.030
3183.77238 18.016 0.036
3184.73349 18.003 0.028
3185.73693 17.941 0.033
3194.58002 18.052 0.045
3195.71156 18.113 0.030
3195.83207 18.013 0.035
3196.63295 18.032 0.037
3196.80344 18.024 0.035
3197.55775 17.961 0.034
3199.66295 18.123 0.031
3202.54921 18.111 0.034
3203.69433 18.023 0.029
3204.68524 17.984 0.028
3205.54408 18.117 0.032
3206.74943 17.988 0.039
3209.66940 18.077 0.037
3210.66948 18.027 0.032
3211.63995 17.983 0.032
3217.68416 18.391 0.050
3218.68291 18.324 0.058
3219.64860 18.263 0.055
3223.68369 18.027 0.043
3224.73173 17.982 0.040
3226.66011 17.920 0.039
3228.63300 18.040 0.032
3229.66548 17.981 0.029
3230.69896 17.985 0.040
3231.60295 18.063 0.033
3232.63942 17.972 0.041
3238.65124 18.143 0.051
3240.50338 18.021 0.032
3241.68711 18.057 0.059
3245.58730 17.970 0.046
3246.69295 17.935 0.050
3247.63600 17.994 0.038
3249.55960 18.040 0.041
3250.69059 18.068 0.054
3256.66988 18.438 0.064
3260.57964 18.429 0.051
3265.59292 18.018 0.036
3272.62167 17.952 0.037
3275.58227 17.994 0.045
3279.55258 18.069 0.042
3282.51110 18.171 0.040
3288.57741 18.180 0.041
3293.54804 18.049 0.027
3295.55648 18.062 0.026
3300.54180 18.480 0.069
3417.88621 18.022 0.029
3423.84880 18.193 0.042
3426.89425 17.972 0.033
3429.87926 18.014 0.037
3436.83866 18.038 0.046
3443.79390 18.407 0.043
3445.83514 18.077 0.029
3447.88545 18.057 0.036
3449.90244 18.030 0.028
3452.91957 18.043 0.043
3453.79138 18.050 0.043
3455.86196 18.064 0.043
3456.87308 18.023 0.029
3457.79073 18.012 0.034
3458.83434 18.061 0.034
3459.80893 17.985 0.033
3467.91211 17.973 0.027
3469.82136 18.026 0.027
3470.86544 18.003 0.028
3472.79275 17.996 0.030
3473.88777 18.034 0.039
3474.86013 17.995 0.035
3475.92774 18.207 0.040
3477.79665 18.024 0.033
3480.86295 18.338 0.046
3481.87488 18.096 0.029
3483.80722 18.210 0.034
3496.76113 17.957 0.034
3497.83263 17.997 0.034
3499.75754 18.025 0.031
3500.76212 17.966 0.030
3502.71066 18.010 0.027
3503.72129 18.226 0.032
3504.73874 18.211 0.043
3506.84062 18.058 0.042
3508.81782 17.971 0.032
3509.72097 18.050 0.030
3511.70761 17.968 0.034
3512.77656 18.047 0.036
3517.81703 18.115 0.045
3520.85221 18.202 0.036
3521.67144 18.023 0.029
3522.78158 18.396 0.044
3523.81633 18.043 0.029
3524.80397 17.978 0.032
3525.78365 18.052 0.030
3526.86900 18.123 0.038
3528.58760 18.476 0.047
3530.81305 17.966 0.025
3537.78088 18.020 0.029
3538.71032 17.948 0.025
3540.68429 18.041 0.032
3544.76809 17.964 0.035
3546.88532 18.127 0.060
3547.84271 18.017 0.040
3549.79665 18.066 0.039
3550.66918 18.028 0.027
3550.72227 18.007 0.028
3550.75596 18.043 0.026
3550.77576 18.044 0.028
3550.79015 18.008 0.027
3550.80485 17.986 0.028
3550.81950 18.021 0.028
3550.84542 17.906 0.031
3550.87421 17.842 0.039
3551.59485 18.095 0.027
3551.67457 18.010 0.022
3551.73165 18.098 0.025
3551.81086 17.944 0.030
3551.88013 18.097 0.054
3552.59592 18.025 0.033
3552.70603 18.043 0.029
3553.70867 18.048 0.039
3553.78386 18.052 0.040
3554.70427 18.021 0.035
3554.79875 18.093 0.040
3555.65593 17.984 0.036
3555.69507 17.974 0.031
3555.77209 18.009 0.045
3555.82886 18.116 0.057
3556.55428 18.004 0.053
3556.66354 17.954 0.032
3556.75583 18.101 0.040
3556.83791 18.322 0.060
3558.46917 18.063 0.051
3558.59147 17.925 0.030
3558.74248 18.101 0.038
3558.84480 18.318 0.046
3559.52611 17.984 0.042
3559.57038 18.033 0.038
3559.68735 18.013 0.030
3560.47330 17.988 0.044
3560.56099 18.038 0.038
3560.64047 18.042 0.026
3560.73869 18.321 0.038
3560.82062 18.163 0.036
3560.85096 18.136 0.043
3561.46552 17.836 0.052
3561.50927 17.988 0.035
3561.53585 18.103 0.038
3561.57756 18.073 0.031
3561.62432 18.074 0.028
3561.67310 18.111 0.037
3561.71145 18.216 0.030
3561.71472 18.358 0.033
3561.74707 18.430 0.038
3561.76115 18.342 0.034
3561.77681 18.260 0.032
3561.80109 18.154 0.031
3561.84787 18.033 0.033
3562.46533 17.950 0.046
3562.62493 18.026 0.035
3562.79301 18.087 0.033
3562.84776 17.984 0.038
3563.47785 17.993 0.043
3563.67139 18.374 0.037
3563.78203 17.981 0.037
3564.56494 18.012 0.037
3568.80845 17.924 0.038
3569.48983 18.148 0.054
3569.70866 18.134 0.063
3573.69531 18.000 0.037
3573.72956 17.957 0.037
3574.72330 18.007 0.033
3575.66215 18.022 0.027
3576.72456 18.024 0.039
3577.77291 18.034 0.032
3578.70955 18.002 0.026
3579.65486 18.013 0.027
3580.69138 18.212 0.040
3581.70782 18.130 0.032
3582.63359 18.016 0.030
3583.67020 18.101 0.033
3584.67898 18.088 0.029
3585.67699 18.049 0.026
3586.70841 18.032 0.026
3588.75948 17.968 0.037
3589.72078 18.008 0.032
3590.71698 18.052 0.034
3592.68968 18.025 0.029
3601.69324 18.532 0.060
3602.69343 18.398 0.069
3603.67359 18.436 0.051
3607.67209 17.959 0.032
3608.68805 18.038 0.035
3615.61533 17.997 0.030
3618.61886 18.002 0.035
3620.58208 18.014 0.029
3628.58410 18.052 0.037
3630.59818 18.014 0.043
3634.52903 17.997 0.031
3639.53607 18.075 0.027
3641.58164 18.067 0.045
3644.54635 18.348 0.043
3649.53575 18.050 0.031
3651.58783 18.044 0.041
3654.57294 17.903 0.060
3655.52070 18.003 0.042
3655.52443 18.053 0.043
3655.55298 17.999 0.034
3657.54622 17.993 0.041
3659.54799 18.096 0.054
3662.55247 18.067 0.053
3665.52294 18.257 0.049
3674.50548 18.025 0.046
3777.85747 18.032 0.039
3782.89348 17.971 0.036
3785.85506 18.134 0.035
3787.86720 18.508 0.048
3791.84156 18.142 0.054
3793.88576 18.067 0.034
3795.87001 17.977 0.036
3796.90246 18.004 0.033
3798.83333 18.076 0.035
3799.88771 18.045 0.049
3801.84247 18.022 0.036
3802.87685 18.026 0.033
3804.79005 17.996 0.038
3805.82863 18.018 0.034
3806.82534 18.049 0.036
3807.84955 18.135 0.040
3808.85319 18.087 0.036
3809.91006 18.097 0.036
3810.90615 17.980 0.033
3811.79670 18.114 0.051
3812.87418 17.985 0.039
3813.85733 18.007 0.033
3814.85277 18.016 0.030
3818.77043 18.037 0.040
3819.83410 18.003 0.026
3820.79811 17.977 0.026
3821.80132 18.039 0.032
3822.84496 17.971 0.029
3823.80595 18.046 0.029
3824.79240 18.062 0.053
3825.83196 18.243 0.043
3826.79169 18.089 0.040
3827.83213 18.427 0.038
3828.81223 18.499 0.050
3829.74000 18.290 0.044
3830.76860 18.356 0.039
3832.77194 18.053 0.032
3833.79920 18.077 0.027
3834.77112 18.037 0.031
3835.75983 18.061 0.036
3836.72125 17.981 0.041
3837.76195 18.033 0.045
3838.76987 18.021 0.045
3838.88727 17.947 0.035
3839.76576 18.008 0.040
3840.76893 18.066 0.039
3841.72412 18.042 0.041
3841.87411 18.007 0.029
3842.71575 18.037 0.047
3845.74561 17.985 0.079
3846.75655 18.022 0.032
3846.88519 18.044 0.032
3847.82959 18.162 0.044
3848.77961 18.138 0.039
3848.89835 17.996 0.037
3849.77712 18.196 0.037
3850.72234 18.207 0.040
3850.89522 17.925 0.036
3851.73597 18.159 0.039
3851.90073 17.990 0.034
3852.72451 18.110 0.039
3852.84532 17.963 0.032
3852.93000 18.078 0.051
3853.71718 18.103 0.028
3853.88140 18.010 0.028
3856.70310 17.984 0.031
3856.89353 17.989 0.027
3856.91127 18.040 0.031
3858.74233 17.994 0.031
3859.85730 17.981 0.030
3860.69776 18.024 0.037
3861.69515 18.107 0.040
3861.79930 18.013 0.029
3861.89705 18.179 0.029
3862.67702 18.008 0.037
3862.89176 18.344 0.043
3863.68986 18.026 0.033
3863.83365 18.094 0.029
3863.90976 18.451 0.037
3864.70665 18.029 0.030
3864.89287 18.314 0.033
3865.66656 17.992 0.036
3865.80227 18.269 0.037
3865.88079 18.278 0.035
3866.71212 18.023 0.030
3866.85162 18.211 0.036
3867.65806 18.091 0.038
3867.84352 18.098 0.033
3867.91374 18.000 0.031
3868.66585 18.116 0.050
3868.80805 18.278 0.042
3868.88961 18.015 0.038
3869.63765 18.078 0.045
3869.82690 18.117 0.044
3869.89932 17.943 0.037
3873.69943 18.120 0.034
3873.83850 18.012 0.029
3873.90899 17.992 0.032
3874.70070 18.080 0.035
3874.86920 18.020 0.031
3875.63739 18.213 0.034
3875.78466 18.054 0.026
3875.86232 17.977 0.026
3876.66078 18.043 0.026
3877.66527 18.020 0.029
3877.81348 17.972 0.027
3877.88726 18.008 0.032
3880.86881 17.994 0.031
3880.94234 18.143 0.054
3881.68905 18.067 0.033
3881.83181 18.040 0.027
3882.60119 18.042 0.036
3882.80409 17.963 0.030
3882.87426 18.163 0.032
3883.66655 18.004 0.030
3883.89942 18.153 0.033
3886.63183 18.020 0.031
3886.82134 18.127 0.028
3886.89340 18.027 0.030
3886.91942 18.041 0.034
3887.60190 17.998 0.034
3887.80456 18.097 0.034
3887.83235 18.086 0.034
3887.90444 17.982 0.034
3888.63275 18.248 0.040
3889.68436 18.120 0.030
3890.57264 18.098 0.044
3891.70892 18.060 0.034
3891.82595 18.029 0.032
3891.90762 18.009 0.036
3892.61935 18.198 0.053
3893.65359 18.053 0.043
3893.90132 18.015 0.042
3894.70142 18.086 0.040
3896.64517 17.955 0.042
3900.56049 18.209 0.074
3900.74689 17.976 0.030
3900.82229 18.034 0.035
3901.57432 18.017 0.040
3901.74913 18.168 0.049
3901.82595 18.009 0.039
3901.89842 18.363 0.056
3902.59525 18.063 0.029
3902.78038 18.013 0.031
3902.89906 18.514 0.072
3903.68413 18.045 0.033
3904.57829 18.010 0.027
3904.74151 18.063 0.031
3904.81054 18.481 0.044
3904.86331 18.216 0.040
3905.57519 18.006 0.028
3905.74918 18.110 0.027
3905.82182 18.397 0.032
3905.89039 18.021 0.036
3906.51388 17.970 0.048
3906.68372 18.074 0.034
3906.75669 18.439 0.041
3906.82930 18.139 0.039
3907.62034 18.072 0.033
3907.81522 18.082 0.054
3907.88779 18.128 0.053
3908.55655 18.090 0.037
3908.74699 18.447 0.041
3908.82227 17.987 0.028
3909.56168 18.012 0.035
3909.75605 18.198 0.029
3909.83797 18.000 0.031
3910.61038 18.043 0.030
3912.56080 18.088 0.026
3912.57805 18.265 0.030
3912.75758 18.004 0.023
3912.84545 17.979 0.027
3913.55857 18.230 0.031
3913.76078 18.030 0.039
3913.85057 17.998 0.031
3914.57604 18.494 0.047
3915.55656 18.508 0.054
3915.75991 18.003 0.028
3915.85686 18.006 0.034
3916.60444 18.033 0.040
3916.77708 18.005 0.039
3917.64441 18.052 0.037
3917.84732 18.011 0.048
3918.63791 18.109 0.036
3918.84760 17.924 0.037
3919.57277 18.011 0.045
3919.81720 18.079 0.043
3920.54240 18.063 0.030
3920.73868 18.014 0.035
3920.81741 18.003 0.027
3921.53540 18.024 0.034
3921.74585 17.963 0.044
3922.74232 18.016 0.038
3930.58996 18.028 0.033
3931.54102 18.026 0.037
3931.66443 18.102 0.035
3932.55290 18.109 0.042
3933.54186 18.022 0.030
3933.72316 17.995 0.030
3933.79875 18.012 0.035
3934.51260 18.076 0.034
3934.56454 18.155 0.033
3934.63600 18.047 0.027
3934.70641 18.052 0.032
3934.77547 18.041 0.029
3934.79282 18.101 0.034
3934.80927 18.008 0.033
3934.82422 18.015 0.032
3934.83369 18.085 0.036
3935.50769 18.160 0.043
3935.56244 18.084 0.032
3935.73378 18.104 0.041
3935.78552 17.854 0.032
3936.51606 18.200 0.042
3936.68139 18.025 0.034
3936.75893 17.969 0.032
3937.58413 18.015 0.039
3938.52355 18.016 0.041
3938.72521 17.981 0.034
3938.77440 17.960 0.039
3940.62660 18.038 0.026
3941.66994 18.035 0.043
3944.58012 18.036 0.028
3945.52895 18.060 0.033
3945.71701 18.136 0.038
3946.53925 18.055 0.041
3946.72865 18.431 0.045
3950.54721 18.044 0.025
3950.76672 18.073 0.037
3951.54348 18.052 0.038
3956.58987 18.071 0.048
3957.53075 18.000 0.042
3958.60353 18.067 0.038
3959.54348 18.046 0.034
3959.70782 18.012 0.040
3960.52144 18.051 0.030
3960.70135 18.017 0.030
3961.59654 18.024 0.047
3963.48309 18.021 0.041
3963.65763 18.092 0.038
3963.73098 18.007 0.044
3964.55318 18.027 0.029
3965.54247 18.016 0.026
3965.73238 18.137 0.035
3966.53439 17.992 0.031
3966.71621 18.188 0.043
3967.55811 17.894 0.039
3968.52091 18.083 0.037
3968.69242 18.237 0.046
3969.52480 17.977 0.036
3969.70342 18.087 0.039
3970.53664 18.061 0.037
3970.71654 18.067 0.034
3971.57643 18.126 0.044
3973.60156 18.079 0.035
3974.53141 18.196 0.045
3975.53387 18.121 0.034
3976.52866 18.036 0.030
3979.53844 18.187 0.059
3982.60561 18.016 0.038
3986.60564 18.087 0.042
3987.52802 17.999 0.035
3988.54086 18.000 0.031
3989.60257 18.349 0.057
3990.64483 18.267 0.053
3994.49755 18.528 0.069
3995.59517 18.018 0.031
3999.63271 17.988 0.037
4000.53975 17.961 0.036
4001.52949 18.107 0.042
4002.52619 18.050 0.032
4004.54914 17.970 0.043
4005.55184 18.162 0.041
4006.54651 18.080 0.032
4012.52220 18.062 0.052
4016.56413 18.134 0.054
4018.57671 18.199 0.051
4021.56064 17.955 0.044
4024.50839 17.991 0.043
4026.50391 18.083 0.034
4028.51996 18.056 0.043
4031.52003 18.390 0.054
4038.52521 18.111 0.048
4041.52434 18.109 0.056
4142.87523 18.021 0.054
4151.88039 18.036 0.047
4154.82783 18.118 0.045
4156.88084 18.027 0.044
4159.81488 18.026 0.041
4161.86831 18.023 0.042
4163.88431 18.016 0.035
4165.84117 17.969 0.049
4168.83867 18.024 0.046
4170.83886 18.090 0.043
4175.87474 18.068 0.037
4177.77451 18.297 0.049
4178.83184 18.022 0.038
4179.87172 17.992 0.032
4181.80814 18.006 0.037
4182.85669 17.998 0.031
4183.88919 18.019 0.034
4184.75926 18.031 0.044
4185.76565 17.977 0.043
4191.77617 18.054 0.053
4193.78728 18.064 0.051
4194.81014 18.183 0.047
4196.80014 18.088 0.043
4202.78174 17.999 0.029
4203.76952 18.028 0.031
4204.76188 17.962 0.036
4205.76010 18.000 0.033
4205.91151 18.029 0.035
4207.75135 17.988 0.034
4208.70530 18.026 0.041
4211.81661 18.234 0.048
4212.84618 18.403 0.062
4213.75424 18.116 0.040
4215.76726 18.447 0.058
4216.72515 18.508 0.051
4217.73265 18.333 0.039
4217.89395 18.014 0.028
4218.78240 18.058 0.050
4219.78966 17.983 0.036
4220.72858 18.073 0.042
4222.69730 18.041 0.046
4224.81040 17.983 0.036
4228.70275 17.995 0.040
4229.69634 18.026 0.044
4229.89326 18.140 0.041
4230.83252 18.094 0.049
4230.89420 18.093 0.048
4231.66850 18.216 0.044
4231.71956 18.063 0.037
4231.87459 18.157 0.045
4232.62287 17.960 0.053
4232.65625 18.140 0.057
4232.78126 18.145 0.045
4232.82067 18.154 0.054
4232.85609 18.100 0.054
4232.88985 18.011 0.048
4232.91882 17.994 0.046
4232.93666 18.015 0.060
4233.64991 17.952 0.061
4233.65630 18.061 0.064
4233.65858 18.030 0.054
4233.66083 17.977 0.059
4233.70088 17.994 0.059
4233.70389 18.023 0.054
4233.70678 17.987 0.056
4233.71420 18.040 0.049
4233.72021 18.035 0.049
4233.72327 17.964 0.057
4233.72595 17.952 0.063
4233.72883 17.986 0.054
4233.73183 18.031 0.046
4233.73476 18.081 0.049
4233.73766 18.121 0.058
4233.74058 18.051 0.049
4233.74348 18.065 0.047
4233.75046 18.057 0.049
4233.75905 18.066 0.060
4233.76791 18.171 0.066
4233.77086 18.147 0.065
4233.77380 18.145 0.059
4233.77675 18.182 0.058
4233.78301 18.203 0.054
4233.78862 18.175 0.052
4233.79445 18.086 0.048
4233.80137 18.162 0.052
4233.81263 18.108 0.048
4233.82161 18.285 0.064
4233.83004 18.024 0.054
4233.84004 18.025 0.052
4233.84899 17.979 0.038
4233.85745 18.030 0.040
4233.86601 18.014 0.048
4233.87899 18.051 0.045
4233.88731 18.047 0.045
4233.89571 18.104 0.050
4233.90399 18.022 0.044
4233.91247 18.067 0.049
4233.92223 17.958 0.051
4233.92822 18.091 0.062
4233.93125 17.989 0.059
4233.93413 17.984 0.055
4233.93704 18.017 0.069
4234.61520 18.019 0.059
4234.61909 17.951 0.055
4234.62650 17.932 0.051
4234.63407 17.984 0.051
4234.64058 17.979 0.044
4234.65400 18.061 0.043
4234.66230 17.999 0.043
4234.67072 18.096 0.052
4234.67910 17.992 0.042
4234.69412 18.050 0.047
4234.71978 18.101 0.040
4234.73251 18.137 0.043
4234.76193 18.181 0.043
4234.78218 18.134 0.039
4234.80483 18.100 0.035
4234.84231 18.040 0.035
4234.88142 18.014 0.044
4234.89891 17.988 0.041
4234.90453 17.962 0.038
4234.92005 18.047 0.043
4234.92861 18.006 0.047
4234.93743 17.979 0.055
4235.62361 18.046 0.048
4235.69290 18.113 0.036
4235.74182 18.198 0.038
4235.75037 18.149 0.038
4235.85395 18.027 0.033
4235.91606 18.001 0.060
4237.61943 18.053 0.056
4238.69080 18.101 0.038
4238.90028 18.042 0.051
4239.66265 18.090 0.038
4240.70232 18.005 0.032
4240.85598 18.010 0.039
4243.66800 17.986 0.040
4243.76143 17.961 0.036
4243.85430 18.046 0.042
4244.64017 18.106 0.055
4244.73655 18.008 0.033
4244.82915 18.010 0.036
4245.63325 18.068 0.040
4245.72756 17.974 0.030
4245.82302 18.026 0.032
4245.87353 18.075 0.041
4246.69196 18.031 0.035
4246.78506 17.988 0.035
4246.87776 18.079 0.037
4247.70700 18.074 0.039
4250.75508 18.012 0.039
4256.64749 18.191 0.059
4256.79295 17.961 0.050
4257.67440 18.497 0.059
4258.65791 18.382 0.063
4258.78073 18.032 0.036
4258.87335 17.933 0.047
4267.61761 17.950 0.039
4268.68710 17.884 0.027
4268.86458 18.145 0.053
4269.59983 17.966 0.032
4269.75009 18.054 0.036
4270.53452 18.085 0.056
4272.58103 17.987 0.042
4272.73092 18.070 0.033
4272.78954 18.178 0.044
4272.86090 17.982 0.050
4273.64139 18.002 0.041
4273.81955 18.056 0.044
4273.88075 17.997 0.054
4274.57248 17.965 0.045
4274.72539 18.127 0.048
4274.78629 18.064 0.039
4274.84582 18.095 0.053
4275.62399 18.076 0.039
4275.79929 18.058 0.054
4275.86039 18.144 0.068
4276.60876 18.091 0.048
4277.55247 17.998 0.048
4277.72954 18.028 0.042
4277.78820 18.022 0.049
4278.59742 18.060 0.053
4278.77372 17.966 0.054
4283.53501 18.124 0.052
4284.52681 18.098 0.048
4284.67642 17.999 0.045
4284.73654 18.003 0.032
4284.79857 18.002 0.044
4284.86357 17.992 0.055
4285.52997 18.096 0.049
4285.72352 17.998 0.041
4285.78480 18.023 0.039
4285.85001 18.015 0.044
4286.52973 18.031 0.047
4289.54064 18.001 0.043
4289.75955 18.045 0.046
4289.82437 18.450 0.057
4290.58692 18.037 0.046
4291.60659 18.062 0.036
4292.51218 18.028 0.035
4292.69119 18.085 0.034
4292.74997 18.455 0.045
4292.81299 18.164 0.052
4293.51294 18.006 0.034
4293.69711 18.259 0.041
4293.75585 18.350 0.045
4293.79610 18.087 0.040
4293.83361 18.039 0.040
4294.51155 18.031 0.037
4295.52172 17.969 0.036
4295.71681 18.275 0.042
4295.77541 18.031 0.036
4295.84081 18.048 0.053
4296.51581 18.075 0.040
4296.72152 18.042 0.038
4297.53561 18.059 0.041
4297.74018 18.081 0.045
4298.57009 18.317 0.054
4298.68173 18.008 0.034
4298.81913 18.030 0.054
4299.55718 18.402 0.039
4299.64710 18.100 0.034
4299.73838 18.025 0.034
4300.55383 18.430 0.053
4300.66900 18.069 0.034
4300.78411 17.962 0.039
4301.53996 18.452 0.049
4301.63622 18.032 0.035
4301.73840 18.082 0.035
4302.61294 18.048 0.039
4302.77804 18.049 0.038
4303.69955 17.990 0.038
4304.57784 18.041 0.043
4304.71420 17.939 0.050
4306.58358 18.065 0.055
4306.72010 17.982 0.051
4310.63721 18.047 0.056
4312.52479 18.021 0.050
4312.76766 18.124 0.042
4314.78225 17.960 0.051
4315.55627 18.078 0.040
4316.58579 18.013 0.033
4317.50843 18.035 0.038
4319.54351 18.143 0.040
4319.68947 17.983 0.048
4320.61082 18.038 0.039
4326.53215 17.997 0.033
4326.73640 18.116 0.051
4327.61171 18.100 0.047
4327.75013 18.004 0.058
4328.47687 18.001 0.047
4328.71651 17.990 0.044
4329.54709 18.050 0.046
4329.69509 18.078 0.049
4330.47721 18.049 0.037
4330.71449 18.140 0.043
4331.51934 17.979 0.033
4332.52935 17.983 0.032
4333.55436 18.001 0.043
4334.52709 18.011 0.044
4334.68279 18.340 0.121
4338.52382 18.237 0.066
4338.70237 18.004 0.054
4339.52062 18.290 0.051
4340.64080 18.006 0.036
4341.52489 18.347 0.062
4342.55693 18.093 0.043
4343.54077 18.013 0.031
4344.57032 18.041 0.043
4345.53246 17.983 0.033
4346.54206 18.046 0.045
4347.55639 18.022 0.041
4349.52210 18.023 0.038
4350.57552 17.981 0.032
4351.52727 18.015 0.035
4352.58359 18.154 0.057
4353.53755 17.980 0.035
4354.56631 18.030 0.041
4355.57413 18.054 0.042
4356.53134 18.045 0.046
4357.50274 17.981 0.047
4358.54618 18.179 0.044
4359.51510 18.173 0.052
4361.52847 18.083 0.065
4365.58409 17.981 0.058
4367.53749 17.996 0.043
4368.51043 18.020 0.051
4369.58960 17.985 0.058
4370.51682 18.004 0.036
4371.48463 18.016 0.040
4372.54102 18.010 0.032
4373.53208 17.993 0.045
4377.50529 18.220 0.043
4378.53966 18.399 0.057
4379.55767 18.268 0.067
4380.49712 18.386 0.053
4381.54476 18.023 0.053
4382.53126 18.018 0.053
4383.53550 18.061 0.048
4384.50989 18.017 0.052
4388.57321 18.058 0.058
4393.55194 17.999 0.041
4394.52508 18.005 0.041
4395.50751 18.074 0.045
4395.56130 18.115 0.055
4396.53111 18.201 0.073
4397.55480 18.146 0.057
4398.56013 18.147 0.057
4399.51007 18.085 0.057
4400.55453 17.963 0.061
4403.50843 18.088 0.060
4409.52586 18.043 0.060
4507.88413 17.961 0.047
4511.85113 17.985 0.034
4511.87094 18.035 0.034
4513.88230 18.020 0.031
4517.88144 18.283 0.064
4521.82076 18.475 0.071
4523.89318 18.045 0.048
4525.83709 18.028 0.064
4530.90266 18.009 0.032
4531.84496 18.111 0.055
4534.85004 18.072 0.047
4536.79862 18.030 0.054
4537.85877 18.104 0.032
4538.89117 18.151 0.040
4539.87725 18.104 0.036
4540.82117 18.151 0.035
4541.81371 18.146 0.032
4542.80847 18.037 0.038
4543.80400 18.097 0.038
4544.80096 18.078 0.049
4545.76510 18.066 0.046
4546.77172 18.018 0.044
4547.74642 18.068 0.047
4548.83875 17.943 0.041
4548.88967 18.037 0.054
4550.76882 17.975 0.050
4551.78542 18.048 0.039
4552.73912 18.003 0.062
4556.77851 18.074 0.035
4557.79968 17.990 0.032
4558.72933 18.022 0.037
4559.77018 18.162 0.035
4560.77058 18.352 0.052
4561.75987 18.441 0.042
4564.75017 18.186 0.040
4565.74818 18.080 0.029
4566.74764 18.052 0.031
4567.74759 18.017 0.036
4568.75020 18.034 0.033
4569.76472 18.088 0.034
4570.75279 18.037 0.041
4571.74442 18.084 0.049
4572.77127 17.968 0.032
4573.75946 17.966 0.034
4574.76204 18.065 0.038
4575.77083 18.043 0.038
4576.78690 18.051 0.033
4576.91234 18.114 0.046
4577.85901 18.184 0.045
4577.91504 18.040 0.041
4578.81337 18.225 0.054
4579.88721 18.052 0.045
4583.75400 18.005 0.049
4585.78438 18.074 0.050
4586.76046 17.907 0.038
4587.79404 17.985 0.039
4588.66921 18.015 0.043
4588.90168 18.012 0.033
4589.71565 18.034 0.037
4589.87096 17.984 0.039
4589.93283 17.996 0.043
4590.72444 17.978 0.037
4590.92640 18.004 0.036
4591.66555 18.009 0.040
4591.87688 18.038 0.039
4592.68577 18.008 0.032
4592.87506 18.034 0.043
4593.67496 18.034 0.035
4593.88477 18.147 0.041
4593.92463 18.364 0.053
4594.69619 18.035 0.036
4594.89099 18.408 0.058
4594.94034 18.287 0.073
4595.68877 17.982 0.034
4595.88001 18.457 0.053
4596.68060 18.047 0.042
4596.93849 18.081 0.054
4597.70523 18.018 0.034
4597.89684 18.128 0.040
4598.68143 18.064 0.030
4599.65395 18.011 0.038
4600.66628 18.040 0.030
4600.87498 18.023 0.032
4601.66885 18.087 0.032
4601.88507 17.993 0.030
4602.66141 18.188 0.034
4602.88571 17.873 0.028
4603.87280 18.050 0.041
4606.66921 18.080 0.036
4606.92445 18.050 0.044
4610.76254 17.991 0.037
4611.64809 18.011 0.039
4611.79686 18.041 0.039
4612.66963 17.977 0.036
4615.81192 18.132 0.045
4616.62358 18.047 0.040
4616.83990 18.139 0.044
4617.72450 17.972 0.034
4618.63220 18.021 0.037
4622.64576 18.101 0.042
4622.83066 18.072 0.048
4622.94862 17.983 0.054
4623.69238 18.157 0.051
4623.89000 18.020 0.053
4624.61094 18.114 0.050
4624.83384 18.027 0.039
4624.90292 17.936 0.040
4625.62424 18.127 0.044
4625.84363 18.023 0.043
4625.93218 18.102 0.052
4626.64489 18.015 0.042
4627.58286 18.207 0.041
4627.87229 18.032 0.034
4628.58982 18.135 0.043
4628.77957 17.974 0.039
4628.84189 18.045 0.039
4628.91611 18.043 0.040
4629.65268 18.025 0.032
4629.86032 18.018 0.035
4630.58772 18.026 0.034
4630.80347 17.989 0.032
4630.87302 18.022 0.036
4631.61324 18.033 0.031
4631.81192 17.986 0.030
4631.88730 18.099 0.043
4632.59237 17.952 0.030
4632.88202 18.105 0.052
4633.58941 18.057 0.041
4633.70036 18.003 0.031
4633.83376 18.140 0.043
4638.77385 18.461 0.068
4638.88460 17.944 0.081
4639.59748 18.011 0.037
4639.69503 18.157 0.044
4640.61566 18.051 0.039
4640.74753 18.310 0.046
4641.69121 18.477 0.056
4641.80328 17.990 0.042
4642.61364 18.064 0.034
4642.77582 18.064 0.037
4642.85498 17.989 0.043
4643.57290 18.015 0.039
4644.62140 18.489 0.064
4644.89475 17.950 0.036
4645.55178 18.247 0.054
4645.79950 17.998 0.039
4645.86498 18.026 0.051
4646.54680 18.273 0.041
4646.87255 17.946 0.043
4647.54313 18.472 0.059
4647.75931 18.001 0.042
4647.78352 17.969 0.038
4647.81609 18.117 0.052
4648.54021 18.354 0.054
4648.79408 18.046 0.044
4648.86871 18.149 0.061
4649.55041 18.176 0.043
4649.77679 17.998 0.035
4650.55156 18.047 0.039
4650.81467 18.016 0.043
4651.53499 18.007 0.045
4652.52646 18.156 0.047
4652.74068 18.025 0.034
4653.52215 17.999 0.054
4653.74137 18.010 0.035
4654.56123 18.065 0.040
4654.77581 18.048 0.041
4655.52197 18.019 0.045
4655.74655 17.993 0.033
4656.52394 18.070 0.038
4656.71378 18.042 0.038
4656.83310 18.231 0.062
4657.75233 18.079 0.053
4658.68255 18.096 0.046
4660.63482 18.098 0.044
4661.51201 18.049 0.045
4661.71272 18.083 0.047
4661.77974 17.964 0.045
4665.67962 18.062 0.062
4666.58498 18.099 0.039
4666.68592 18.063 0.043
4666.72817 17.981 0.052
4666.80051 18.062 0.057
4670.57653 18.125 0.054
4671.60515 17.993 0.030
4671.77726 18.047 0.050
4672.53102 18.069 0.032
4672.68118 17.998 0.031
4672.76638 18.056 0.045
4674.53682 18.016 0.042
4674.72700 18.041 0.042
4675.77618 18.249 0.054
4677.51038 17.995 0.034
4677.59434 18.034 0.038
4677.74990 18.356 0.059
4679.64917 18.089 0.048
4681.55853 18.068 0.039
4681.65180 18.485 0.060
4681.74206 18.041 0.040
4682.57636 18.117 0.040
4682.68011 18.221 0.040
4682.77524 17.978 0.040
4683.54144 18.039 0.045
4683.73007 18.010 0.039
4684.53401 18.168 0.039
4684.70540 18.015 0.035
4685.47663 18.108 0.060
4685.75414 18.025 0.045
4686.52277 18.477 0.061
4687.52610 18.587 0.071
4687.76201 17.951 0.038
4688.51940 18.339 0.048
4688.70909 17.974 0.036
4693.56709 17.999 0.039
4694.62822 17.975 0.056
4697.52286 18.016 0.038
4698.52828 17.974 0.031
4699.52646 18.009 0.032
4699.55387 17.960 0.042
4699.56989 17.955 0.042
4699.57643 18.065 0.050
4699.58330 18.012 0.057
4699.60807 18.002 0.051
4699.64094 18.100 0.058
4700.47980 18.075 0.044
4700.53089 18.044 0.033
4701.47516 18.108 0.054
4701.52613 17.942 0.037
4702.54238 18.026 0.037
4703.60984 18.103 0.048
4704.66524 18.040 0.040
4705.59350 18.158 0.047
4707.62169 18.019 0.034
4708.57358 18.047 0.041
4709.53767 18.024 0.053
4710.57839 17.972 0.038
4715.61268 18.013 0.050
4716.61033 18.029 0.045
4720.52808 18.028 0.048
4721.52835 18.106 0.057
4722.49415 18.039 0.051
4724.53089 18.293 0.061
4725.50954 18.505 0.068
4726.49706 18.576 0.086
4728.62344 18.105 0.051
4729.49112 18.061 0.047
4730.49252 18.037 0.038
4731.59950 17.950 0.041
4733.54797 18.046 0.044
4734.57729 17.996 0.043
4737.56592 18.003 0.048
4740.57881 18.043 0.050
4753.56980 17.957 0.051
4758.53554 18.008 0.041
4869.87118 18.014 0.048
4872.86356 17.963 0.052
4873.88534 17.987 0.043
4875.88518 18.054 0.043
4878.85928 18.003 0.043
4884.87591 18.163 0.047
4887.84834 18.117 0.039
4890.90386 18.007 0.046
4896.89552 18.033 0.041
4899.86328 18.105 0.042
4901.79290 17.975 0.044
4903.78858 18.079 0.040
4905.83684 18.525 0.063
4910.83485 18.087 0.046
4911.87180 18.006 0.029
4913.88536 18.002 0.031
4917.73190 17.984 0.033
4921.73390 18.105 0.045
4925.72070 18.030 0.035
4925.83701 18.159 0.032
4926.71383 18.029 0.041
4927.73684 18.240 0.052
4927.89151 18.075 0.043
4928.78530 18.111 0.040
4929.70501 18.113 0.049
4929.73194 18.060 0.045
4930.72393 18.323 0.053
4930.87178 18.080 0.043
4931.76808 18.111 0.054
4932.70221 18.036 0.039
4932.90103 18.002 0.038
4933.71807 17.979 0.041
4933.89579 18.028 0.041
4934.81673 18.026 0.037
4938.71765 17.998 0.039
4939.67848 18.009 0.041
4940.67847 18.086 0.039
4940.85410 18.112 0.049
4941.87255 18.193 0.049
4942.66808 17.998 0.041
4942.69496 18.036 0.038
4942.76692 18.048 0.031
4943.70732 17.953 0.029
4943.86415 18.454 0.048
4944.71874 18.052 0.031
4944.87331 18.234 0.036
4945.66390 18.009 0.043
4946.68654 18.003 0.030
4947.67735 18.014 0.031
4948.65699 18.202 0.046
4950.64773 18.320 0.049
4951.81145 17.933 0.037
4952.78060 18.071 0.036
4953.68082 18.058 0.033
4954.65955 18.024 0.036
4954.72564 18.000 0.034
4955.82864 18.040 0.037
