2123.69145 16.791 0.009
2128.48357 16.780 0.008
2131.48397 16.750 0.008
2134.51581 17.140 0.011
2137.53362 16.753 0.008
2141.52184 16.803 0.009
2144.52080 16.770 0.009
2157.55699 16.816 0.011
2168.53154 16.827 0.011
2194.54705 16.769 0.010
2340.88945 16.786 0.014
2351.91052 16.770 0.008
2358.91410 16.772 0.009
2363.91764 16.802 0.010
2372.92011 16.773 0.009
2380.77160 16.774 0.010
2385.85090 16.782 0.008
2389.84935 16.873 0.009
2396.82566 17.248 0.011
2402.69135 16.791 0.008
2404.83577 16.750 0.008
2406.67932 17.216 0.012
2411.67905 16.815 0.008
2415.63364 16.938 0.012
2417.64574 16.764 0.010
2424.69232 17.213 0.010
2426.60880 16.754 0.007
2428.72607 16.813 0.008
2431.91266 16.804 0.012
2433.86694 16.775 0.010
2435.84302 16.770 0.009
2439.83632 16.839 0.009
2443.78878 16.781 0.009
2446.72416 16.780 0.009
2453.72809 16.788 0.010
2459.57227 16.896 0.007
2462.75550 16.769 0.008
2463.72071 16.755 0.007
2465.50681 16.778 0.009
2465.50966 16.767 0.008
2467.75414 16.869 0.009
2469.80124 17.229 0.012
2471.47871 16.954 0.009
2484.57624 17.078 0.011
2489.68773 16.745 0.007
2492.64049 16.813 0.008
2494.69501 16.778 0.008
2497.48147 16.756 0.009
2499.53263 16.769 0.008
2501.55785 16.755 0.007
2511.54102 16.876 0.011
2516.52682 17.251 0.012
2519.59675 16.746 0.008
2526.50634 16.777 0.008
2539.58526 16.807 0.011
2545.49826 16.771 0.009
2554.55105 16.787 0.010
2566.51223 17.171 0.018
2711.86727 16.754 0.007
2726.87954 16.782 0.007
2731.88639 16.764 0.009
2752.78192 16.776 0.008
2755.77279 16.787 0.008
2758.92428 16.700 0.011
2764.93986 17.186 0.025
2769.73771 16.817 0.007
2770.62039 17.002 0.012
2775.83629 16.788 0.018
2783.61643 16.786 0.008
2785.59759 16.767 0.008
2787.65440 16.781 0.008
2789.94324 16.878 0.015
2791.90871 16.875 0.010
2794.60782 16.776 0.010
2796.90548 17.250 0.013
2797.86866 16.749 0.007
2809.66424 16.781 0.009
2811.64265 17.251 0.014
2813.59648 16.765 0.008
2815.58640 16.791 0.008
2817.63543 16.743 0.009
2819.74380 16.779 0.009
2821.81807 16.756 0.009
2826.50881 16.788 0.009
2830.50342 17.243 0.026
2834.48285 16.787 0.011
2836.62272 16.825 0.012
2838.49719 16.779 0.009
2840.48481 16.770 0.010
2842.49272 16.782 0.009
2844.60418 16.775 0.007
2848.53121 17.239 0.016
2851.52678 16.780 0.008
2853.52471 16.857 0.010
2855.62979 16.802 0.012
2857.71042 16.770 0.010
2861.56285 16.812 0.009
2864.57487 16.789 0.010
2867.48402 16.811 0.009
2870.52447 16.773 0.009
2875.60788 17.227 0.013
2879.53974 16.794 0.009
2884.56636 16.929 0.010
2888.53324 16.751 0.010
2895.49709 16.760 0.010
2898.54661 17.222 0.013
2905.51821 16.881 0.011
2910.51832 16.781 0.011
2915.54707 16.788 0.011
2922.56519 16.739 0.013
2933.54188 16.760 0.010
3055.86926 16.812 0.007
