2118.75580 17.765 0.026
2125.52452 17.696 0.037
2129.60735 17.741 0.024
2132.55198 17.752 0.024
2135.68727 17.835 0.022
2140.64741 17.814 0.024
2144.53372 17.779 0.030
2158.57653 17.877 0.028
2167.53175 17.714 0.024
2172.54750 17.805 0.033
2187.49824 17.782 0.029
2330.87117 17.750 0.026
2344.86674 17.716 0.023
2355.83206 17.725 0.021
2371.91217 17.731 0.024
2382.89044 17.705 0.026
2386.84250 17.873 0.028
2390.77243 17.749 0.031
2397.85001 17.761 0.030
2401.76308 17.737 0.024
2403.81915 17.854 0.023
2405.78751 17.775 0.026
2415.85538 17.827 0.032
2424.73232 17.784 0.046
2428.69661 17.842 0.025
2432.76720 17.851 0.036
2434.64429 17.731 0.026
2435.86331 17.799 0.030
2437.80777 17.752 0.027
2439.74848 17.758 0.021
2441.70131 17.783 0.021
2444.83102 17.867 0.036
2446.83462 17.728 0.030
2453.79176 17.774 0.025
2458.84651 17.712 0.024
2462.57301 17.738 0.022
2464.69429 17.729 0.021
2467.59742 17.813 0.027
2469.61188 17.736 0.019
2471.67165 17.854 0.021
2473.57274 17.866 0.031
2483.65349 17.846 0.026
2486.63677 17.776 0.029
2490.60377 17.752 0.029
2491.50131 17.748 0.036
2492.55597 17.734 0.024
2493.49858 17.810 0.026
2493.56301 17.900 0.026
2495.47914 17.857 0.032
2495.63756 17.749 0.023
2497.69224 17.775 0.025
2499.74011 17.806 0.024
2501.75853 17.757 0.026
2508.57878 17.827 0.027
2512.53489 17.695 0.028
2517.70502 17.714 0.031
2520.49171 17.726 0.029
2526.58788 17.813 0.023
2535.58890 17.806 0.036
2541.56706 17.769 0.025
2547.50708 17.747 0.030
2551.54153 17.820 0.034
2556.49527 17.788 0.036
2563.53090 17.827 0.026
2574.50851 17.838 0.031
2705.87101 17.814 0.025
2713.91316 17.721 0.024
2728.85421 17.827 0.033
2733.83632 17.770 0.028
2744.80857 17.698 0.022
2752.88014 17.841 0.030
2756.85371 17.711 0.024
2760.81968 17.825 0.036
2766.85326 17.803 0.025
2770.73293 17.821 0.029
2783.79387 17.878 0.025
2786.85646 17.799 0.031
2789.66277 17.738 0.024
2791.62364 17.708 0.024
2794.77953 17.827 0.027
2796.72846 17.765 0.021
2808.87028 17.793 0.041
2810.79844 17.765 0.025
2811.83890 17.739 0.026
2813.63540 17.885 0.035
2815.75709 17.821 0.024
2817.70998 17.860 0.028
2818.77214 17.826 0.027
2820.64248 17.740 0.027
2826.63455 17.750 0.028
2834.69249 17.887 0.078
2835.81304 17.762 0.030
2837.54780 17.775 0.030
2839.58411 17.815 0.029
2841.59427 17.759 0.027
2843.52974 17.797 0.029
2845.56930 17.729 0.032
2849.71974 17.875 0.027
2851.73404 17.739 0.030
2856.62847 17.776 0.030
2858.60384 17.727 0.038
2863.74027 17.716 0.043
2866.70167 17.734 0.030
2869.64232 17.822 0.026
2872.61640 17.772 0.021
2877.60639 17.863 0.030
2883.57370 17.785 0.021
2892.57422 17.793 0.033
2896.59596 17.720 0.023
2902.54194 17.774 0.036
2907.53448 17.768 0.036
2916.60858 17.770 0.045
2928.55206 17.786 0.036
3050.88626 17.819 0.035
3058.83604 17.811 0.025
3063.83074 17.724 0.024
3067.83456 17.787 0.025
3070.79399 17.858 0.045
3072.87283 17.709 0.020
3074.91235 17.824 0.032
3079.81983 17.805 0.027
3082.78619 17.821 0.026
3084.84301 17.781 0.022
3086.77408 17.727 0.020
3087.88744 17.693 0.024
3089.79568 17.782 0.024
3091.75781 17.712 0.024
3096.78758 17.808 0.034
3098.79911 17.698 0.023
3100.84969 17.790 0.023
3102.81040 17.845 0.027
3103.88526 17.851 0.026
3106.76329 17.767 0.031
3107.90757 17.775 0.023
3109.73174 17.761 0.024
3110.77301 17.862 0.030
3112.74191 17.765 0.025
3113.81115 17.780 0.021
3115.80972 17.728 0.022
3118.86683 17.785 0.027
3122.81737 17.822 0.032
3125.79781 17.953 0.036
3126.82869 17.870 0.024
3127.73789 17.844 0.026
3128.75805 17.831 0.026
3129.73655 17.741 0.031
3130.65973 17.725 0.035
3130.67334 17.764 0.033
3130.68016 17.793 0.032
3130.68312 17.804 0.032
3130.70927 17.831 0.032
3130.85100 17.720 0.031
3131.77049 17.818 0.034
3134.70683 17.643 0.048
3135.80225 17.737 0.022
3137.85438 17.839 0.031
3139.80609 17.764 0.019
3140.81334 17.819 0.025
3142.66770 17.775 0.023
3144.73064 17.725 0.022
3146.70038 17.788 0.028
3151.69014 17.796 0.028
3152.69478 17.743 0.024
3152.90759 17.709 0.031
3153.69754 17.824 0.031
3154.75391 17.779 0.031
3156.74037 17.802 0.024
3158.80037 17.820 0.038
3162.93355 17.851 0.035
3163.70971 17.741 0.022
3163.93331 17.764 0.041
3164.67351 17.764 0.022
3165.79527 17.700 0.018
3166.82491 17.755 0.037
3168.70642 17.863 0.027
3168.92272 17.814 0.030
3169.66287 17.742 0.023
3171.68720 17.836 0.021
3172.67187 17.727 0.021
3174.65084 17.725 0.019
3175.65271 17.752 0.020
3176.69968 17.806 0.026
3178.71525 17.712 0.024
3179.59320 17.747 0.022
3179.84897 17.811 0.028
3180.64394 17.707 0.017
3182.71408 17.785 0.023
3183.65876 17.718 0.025
3184.63843 17.793 0.021
3194.63001 17.758 0.027
3195.60836 17.716 0.021
3196.68379 17.744 0.029
3197.58397 17.734 0.024
3199.71794 17.696 0.024
3202.58117 17.774 0.024
3203.70489 17.832 0.023
3204.70052 17.728 0.020
3205.62509 17.822 0.022
3206.60710 17.723 0.020
3210.59724 17.843 0.027
3211.66927 17.814 0.027
3212.63800 17.755 0.034
3217.59289 17.723 0.059
3218.59215 17.712 0.025
3219.65184 17.797 0.031
3223.58976 17.757 0.033
3224.63962 17.698 0.019
3226.55239 17.716 0.024
3228.51105 17.724 0.023
3229.56919 17.700 0.022
3230.60787 17.752 0.020
3231.50889 17.738 0.028
3232.48272 17.821 0.038
3239.51750 17.759 0.023
3240.59499 17.811 0.028
3241.59921 17.665 0.035
3244.69577 17.867 0.058
3245.48377 17.666 0.026
3246.59169 17.748 0.029
3247.66230 17.790 0.029
3248.65553 17.710 0.025
3250.59493 17.723 0.024
3253.58775 17.720 0.022
3256.56682 17.784 0.032
3259.56293 17.765 0.034
3266.58848 17.814 0.035
3272.53773 17.682 0.024
3274.56729 17.842 0.033
3278.53786 17.701 0.027
3281.48304 17.838 0.042
3287.55025 17.739 0.028
3292.53896 17.892 0.029
3415.87349 17.794 0.022
3420.87375 17.721 0.025
3425.84895 17.810 0.031
3428.85469 17.822 0.026
3430.89149 17.778 0.021
3442.82812 17.815 0.027
3444.88191 17.744 0.020
3446.91057 17.809 0.028
3449.80772 17.778 0.021
3452.82870 17.700 0.024
3454.88227 17.746 0.025
3457.82056 17.767 0.024
3459.76578 17.748 0.028
3468.81765 17.828 0.022
3469.82461 17.733 0.018
3471.90495 17.780 0.027
3473.82014 17.791 0.026
3476.71276 17.737 0.021
3478.77837 17.766 0.019
3481.75702 17.766 0.021
3483.89066 17.836 0.024
3484.70652 17.827 0.040
3496.79205 17.722 0.024
3497.72975 17.722 0.027
3499.91975 17.781 0.022
3500.78881 17.790 0.022
3501.78254 17.813 0.020
3502.75552 17.848 0.022
3503.72454 17.694 0.018
3504.81417 17.668 0.018
3506.87914 17.842 0.025
3508.82981 17.769 0.026
3509.77949 17.717 0.021
3511.73715 17.756 0.027
3512.78028 17.687 0.026
3517.85426 17.737 0.026
3520.80849 17.879 0.024
3521.61817 17.736 0.021
3522.67255 17.756 0.022
3523.71465 17.739 0.018
3524.70336 17.815 0.023
3525.68533 17.732 0.020
3526.76779 17.809 0.021
3527.77267 17.724 0.020
3528.71544 17.818 0.023
3529.60540 17.848 0.022
3530.62738 17.796 0.018
3538.65927 17.828 0.023
3541.80774 17.838 0.028
3547.70013 17.738 0.028
3550.57541 17.854 0.029
3551.76478 17.713 0.018
3552.60052 17.742 0.021
3553.73446 17.741 0.029
3554.77144 17.794 0.025
3555.73535 17.751 0.021
3556.81136 17.766 0.027
3558.47428 17.730 0.027
3558.77353 17.827 0.024
3559.53073 17.722 0.030
3560.50499 17.825 0.024
3560.84504 17.700 0.024
3561.48239 17.737 0.029
3562.52895 17.718 0.022
3563.58392 17.765 0.020
3564.61203 17.804 0.022
3569.50014 17.876 0.037
3573.57724 17.816 0.033
3574.63384 17.741 0.033
3575.61866 17.751 0.020
3576.59915 17.833 0.026
3577.66117 17.832 0.024
3578.60826 17.799 0.021
3579.56550 17.724 0.019
3580.58328 17.711 0.021
3581.61532 17.745 0.022
3582.56353 17.754 0.020
3583.58058 17.721 0.020
3584.58907 17.789 0.021
3585.57976 17.782 0.021
3586.62562 17.742 0.020
3589.61837 17.695 0.015
3590.58710 17.824 0.020
3591.64905 17.871 0.021
3593.52200 17.788 0.020
3594.63806 17.853 0.019
3601.57052 17.719 0.021
3602.58002 17.849 0.024
3603.58459 17.773 0.024
3604.58115 17.718 0.029
3606.60415 17.758 0.030
3607.57651 17.814 0.021
3608.58543 17.857 0.027
3615.49814 17.836 0.024
3618.62291 17.731 0.024
3620.51125 17.679 0.018
3622.49036 17.849 0.028
3628.61908 17.788 0.036
3630.50447 17.850 0.036
3631.63465 17.721 0.031
3633.47928 17.829 0.041
3637.56393 17.918 0.037
3639.59708 17.744 0.022
3641.49212 17.799 0.036
3643.56056 17.869 0.040
3648.48445 17.879 0.036
3651.54050 17.901 0.029
3654.49354 17.788 0.048
3656.49031 17.915 0.036
3658.52427 17.722 0.037
3661.52221 17.633 0.036
3668.49531 17.780 0.036
3674.50912 17.940 0.037
3775.85268 17.864 0.039
3780.87840 17.700 0.024
