2124.56478 17.901 0.026
2129.50648 17.889 0.019
2132.48123 17.861 0.020
2136.48212 18.043 0.028
2140.49353 18.326 0.031
2143.48415 17.965 0.032
2166.58262 18.290 0.033
2178.54657 17.872 0.025
2192.56995 17.863 0.021
2343.87804 17.894 0.017
2354.91614 17.942 0.026
2364.86155 18.068 0.031
2378.88527 18.042 0.027
2385.74477 18.284 0.027
2389.70806 17.969 0.027
2392.71226 17.912 0.037
2396.90794 18.017 0.021
2400.88055 17.955 0.021
2402.72565 18.047 0.020
2404.76671 17.873 0.014
2406.74315 17.864 0.020
2414.71513 17.884 0.020
2416.64504 17.872 0.026
2424.64392 17.790 0.017
2426.65054 17.974 0.020
2431.85973 17.851 0.024
2433.81649 17.867 0.019
2435.60602 17.887 0.017
2437.83089 17.908 0.024
2440.68022 18.336 0.026
2443.79836 18.069 0.026
2445.80527 17.874 0.016
2453.50086 17.750 0.025
2458.59078 18.068 0.030
2460.78440 17.875 0.026
2462.81893 18.092 0.027
2463.80417 17.893 0.017
2465.74644 17.849 0.017
2467.67414 18.101 0.021
2469.71414 17.814 0.016
2471.56263 17.809 0.016
2473.69246 17.906 0.019
2483.69363 17.913 0.024
2488.74809 17.864 0.026
2494.58999 17.812 0.019
2496.64487 18.089 0.018
2498.68868 17.831 0.017
2500.71119 18.023 0.021
2502.72805 17.957 0.027
2510.62631 18.001 0.020
2516.61853 17.835 0.022
2519.48991 17.926 0.023
2524.53142 18.245 0.025
2528.60855 18.004 0.027
2539.48714 17.974 0.024
2543.54945 17.980 0.022
2544.52161 17.984 0.025
2548.61795 17.893 0.032
2568.49145 17.929 0.033
2710.85347 17.811 0.017
2725.84908 17.808 0.015
2730.91365 18.076 0.021
2735.88021 17.980 0.019
2747.85071 17.912 0.027
2754.86234 17.993 0.018
2758.78071 17.988 0.028
2764.79078 18.039 0.023
2768.82780 18.312 0.027
2783.62324 17.887 0.017
2785.67563 17.897 0.019
2787.74921 18.259 0.023
2789.80132 17.818 0.019
2791.79033 18.047 0.021
2793.83327 17.904 0.021
2795.77597 17.947 0.018
2797.76336 18.146 0.020
2809.55545 17.929 0.026
2811.54463 17.880 0.023
2812.75953 17.846 0.021
2814.63069 17.871 0.020
2815.79639 18.130 0.023
2817.53633 18.297 0.034
2818.81212 17.944 0.022
2820.53251 17.872 0.022
2826.51825 18.226 0.025
2834.55532 18.050 0.032
2836.48051 18.300 0.031
2837.48020 17.833 0.020
2839.47436 17.853 0.019
2841.49792 18.003 0.022
2844.49127 18.070 0.027
2847.51364 17.855 0.024
2850.72343 17.994 0.023
2852.71799 18.302 0.034
2854.72143 17.870 0.026
2857.61024 18.078 0.022
2861.48721 17.877 0.029
2863.48215 18.245 0.031
2866.51454 17.850 0.021
2869.51288 17.904 0.023
2874.59211 17.816 0.020
2878.50834 17.867 0.017
2883.49271 17.868 0.018
2888.49747 17.912 0.032
2894.53426 17.951 0.021
2898.51545 17.997 0.028
2921.55018 17.935 0.028
2932.54020 18.086 0.028
3053.89258 17.918 0.019
3134.80900 18.172 0.024
