2125.67797 18.736 0.111
2132.67366 18.806 0.088
2136.57709 18.683 0.093
2141.59222 18.660 0.065
2144.67555 18.516 0.118
2160.63158 18.646 0.088
2170.57250 18.590 0.066
2178.58328 18.960 0.209
2211.53652 18.889 0.147
2333.87310 18.557 0.089
2344.83443 18.690 0.136
2355.88525 18.639 0.065
2364.87688 18.774 0.090
2372.88866 18.572 0.068
2384.82360 18.598 0.056
2388.82277 18.685 0.072
2390.86077 18.539 0.139
2393.85495 18.875 0.176
2400.80224 18.595 0.070
2402.90893 18.636 0.080
2406.85173 18.685 0.083
2414.87438 18.736 0.084
2416.88999 18.810 0.104
2424.74861 18.690 0.084
2428.73383 18.644 0.064
2432.88536 18.847 0.136
2434.77338 18.597 0.064
2436.82132 18.691 0.103
2438.79499 18.676 0.071
2441.75730 18.616 0.069
2445.67417 18.556 0.062
2448.69420 18.624 0.068
2454.79065 18.714 0.104
2459.68581 18.746 0.066
2460.70387 18.611 0.083
2463.58512 18.595 0.052
2466.60490 18.589 0.057
2468.73120 18.574 0.054
2470.71494 18.631 0.059
2472.74535 18.623 0.067
2481.60173 18.769 0.109
2484.66504 18.732 0.089
2486.75774 18.775 0.128
2490.74094 18.896 0.143
2493.68564 18.853 0.113
2496.53168 18.595 0.055
2498.55229 18.599 0.047
2500.59574 18.694 0.064
2502.60935 18.536 0.080
2508.70756 18.693 0.103
2512.65704 19.964 0.401
2517.55846 18.597 0.091
2520.62593 18.667 0.071
2529.49178 18.658 0.087
2538.54343 18.691 0.082
2542.57120 18.598 0.064
2548.49971 18.742 0.110
2552.53602 18.668 0.093
2557.50120 18.690 0.085
2564.52261 18.599 0.080
2708.85013 18.675 0.058
2719.85581 18.657 0.088
2729.87783 18.643 0.110
2734.81679 18.608 0.055
2747.74141 18.797 0.139
2753.92643 18.672 0.098
2757.85255 18.657 0.085
2761.90136 18.651 0.075
2767.84833 18.312 0.108
2775.76517 18.681 0.110
2782.68652 18.615 0.098
2782.70091 18.783 0.095
2784.60917 18.691 0.069
2786.82718 18.706 0.082
2788.63909 18.645 0.068
2790.74352 18.698 0.070
2793.85327 18.583 0.114
2793.86462 18.683 0.088
2793.88164 18.717 0.128
2793.88526 18.507 0.124
2793.89568 18.649 0.078
2793.90492 18.467 0.094
2793.91355 18.700 0.103
2793.92231 18.691 0.103
2793.93144 18.629 0.090
2793.93766 18.730 0.107
2793.95112 18.902 0.212
2794.54063 19.020 0.225
2794.58339 18.813 0.119
2794.59339 18.696 0.105
2794.60212 18.735 0.105
2794.61049 18.757 0.115
2794.63441 18.612 0.077
2794.70248 18.551 0.075
2794.76567 18.632 0.083
2794.93062 18.722 0.098
2795.63111 18.444 0.056
2795.66892 18.492 0.050
2795.72439 18.686 0.072
2796.55591 18.776 0.116
2796.68089 18.658 0.060
2796.79845 18.673 0.071
2796.82250 18.681 0.071
2796.85330 18.670 0.064
2796.86727 18.683 0.066
2796.87462 18.639 0.072
2796.88057 18.731 0.079
2796.88671 18.679 0.071
2796.89283 18.755 0.079
2796.90221 18.694 0.076
2796.91151 18.685 0.076
2796.92039 18.575 0.064
2796.94036 18.636 0.150
2797.56578 18.686 0.073
2797.64306 18.620 0.052
2797.84594 18.551 0.055
2802.57117 18.863 0.134
2802.73544 18.733 0.145
2808.79693 18.835 0.108
2809.75800 18.823 0.117
2811.68512 18.821 0.098
2812.81444 18.718 0.096
2813.85823 18.645 0.105
2815.83887 18.593 0.065
2816.85986 18.652 0.073
2818.62954 18.630 0.123
2819.80605 18.693 0.071
2821.69191 18.698 0.075
2835.67732 18.844 0.173
2837.68506 18.404 0.094
2838.82081 18.514 0.145
2840.73813 18.603 0.081
2843.68941 18.698 0.078
2845.68677 18.617 0.070
2850.57566 18.626 0.059
2854.58785 18.622 0.074
2857.49810 18.664 0.077
2858.71046 18.601 0.081
2859.57095 18.628 0.104
2862.65755 18.697 0.107
2866.60703 18.658 0.154
2868.70887 18.989 0.094
2871.62714 18.773 0.072
2877.52907 18.657 0.088
2883.62372 18.849 0.085
2892.55004 18.551 0.080
2895.61565 18.580 0.066
2900.62732 18.718 0.090
2905.62644 18.657 0.090
2909.63576 18.677 0.117
2920.55069 18.843 0.139
2931.54751 18.898 0.082
3052.85736 18.596 0.069
3059.83029 18.723 0.072
3064.84717 18.858 0.109
3068.80096 18.568 0.086
3070.87962 18.757 0.082
3073.83570 18.638 0.063
3075.87380 18.619 0.062
3080.77802 18.675 0.071
3082.90585 18.974 0.093
3085.83628 18.682 0.068
3086.91091 18.596 0.062
3088.82891 18.651 0.054
3090.74198 18.532 0.049
3096.89717 18.718 0.146
3099.79287 18.629 0.068
3101.76911 18.674 0.088
3103.80208 18.564 0.057
3104.86073 18.917 0.271
3106.87399 18.603 0.077
3108.79451 18.574 0.068
3109.85340 18.684 0.064
3110.85983 18.585 0.068
3112.84512 18.637 0.065
3114.80974 18.625 0.058
3116.89782 18.609 0.071
3122.93574 19.202 0.239
3125.90022 18.655 0.094
3127.84443 18.576 0.075
3128.84634 18.655 0.083
3130.72683 18.737 0.082
3131.69331 18.625 0.079
3135.92492 18.496 0.061
3138.67921 18.566 0.088
3139.90441 18.697 0.073
3140.90862 18.739 0.079
3142.79302 18.629 0.063
3144.81301 18.639 0.062
3146.84633 18.663 0.078
3151.77591 18.780 0.089
3151.93363 18.669 0.089
3152.78153 18.647 0.071
3153.78422 18.730 0.093
3154.86971 18.774 0.096
3156.88927 18.534 0.069
3162.59910 18.552 0.077
3163.78007 18.633 0.072
3164.76230 18.690 0.094
3164.89530 18.631 0.100
3165.73589 18.889 0.071
3167.62226 18.801 0.122
3167.80001 18.650 0.080
3167.86256 18.728 0.081
3168.53038 18.766 0.106
3168.58428 18.812 0.074
3168.69466 18.719 0.083
3168.79118 18.632 0.070
3168.91914 18.685 0.119
3169.52892 18.694 0.070
3169.58627 18.628 0.060
3169.68699 18.761 0.076
3169.79938 18.864 0.097
3169.89546 18.735 0.085
3170.58519 18.286 0.039
3170.75965 18.672 0.064
3170.83703 18.707 0.060
3170.89729 18.515 0.067
3171.53108 18.633 0.062
3171.63617 18.551 0.055
3171.73992 18.722 0.063
3171.83782 18.681 0.057
3172.53038 18.463 0.059
3172.73676 18.672 0.058
3173.75752 18.668 0.083
3173.87723 18.950 0.139
3174.50977 18.665 0.075
3174.73602 18.632 0.056
3174.83742 18.713 0.067
3175.53852 18.611 0.094
3175.74480 18.729 0.083
3176.53304 18.669 0.113
3176.69016 18.888 0.105
3177.78526 18.965 0.196
3178.54950 18.682 0.082
3179.53001 18.770 0.069
3179.90925 18.578 0.075
3180.75101 18.607 0.057
3182.81168 18.542 0.120
3183.76662 18.782 0.085
3184.72776 18.709 0.065
3185.73121 19.007 0.099
3193.56263 18.760 0.074
3194.57425 18.812 0.098
3195.70581 18.611 0.059
3195.82635 18.658 0.065
3196.62725 18.615 0.059
3197.55200 18.540 0.064
3197.85541 18.709 0.116
3199.64984 18.655 0.061
3202.54347 18.576 0.066
3203.68854 18.642 0.056
3204.67946 18.628 0.060
3205.53831 18.613 0.057
3206.74368 18.543 0.057
3209.66366 18.656 0.076
3210.66372 18.643 0.055
3211.63416 18.668 0.074
3217.67837 18.654 0.072
3218.67669 18.612 0.088
3219.64184 18.771 0.097
3223.67791 18.779 0.103
3224.72595 18.466 0.081
3226.64961 18.998 0.121
3228.62716 18.808 0.082
3229.65966 18.528 0.053
3230.69314 18.626 0.066
3231.59715 18.758 0.110
3232.63360 18.714 0.092
3238.64543 18.869 0.106
3240.49759 18.615 0.065
3245.58146 18.821 0.132
3246.68715 18.698 0.099
3247.60629 18.786 0.095
3249.55381 18.744 0.080
3250.68477 18.673 0.089
3256.66404 18.379 0.091
3260.57380 18.634 0.068
3265.50420 18.597 0.083
3267.55787 18.549 0.068
3272.61583 18.681 0.081
3279.54675 18.630 0.082
3282.50523 18.657 0.070
3288.57159 18.905 0.076
3293.54218 18.971 0.068
3295.55071 18.946 0.064
3300.53601 18.582 0.093
3305.55791 18.704 0.167
3308.53321 18.905 0.140
3315.50481 18.851 0.136
3417.88062 18.487 0.066
3422.89757 18.240 0.061
3426.88870 18.634 0.063
3429.87368 18.583 0.062
3436.83177 18.820 0.108
3442.91652 18.743 0.101
3445.82954 18.557 0.049
3447.87988 18.581 0.057
3449.89681 18.601 0.056
3452.91396 18.696 0.082
3453.78580 18.566 0.073
3455.85643 18.492 0.075
3456.86750 18.660 0.058
3457.78516 18.654 0.062
3458.82874 18.684 0.065
3459.80331 18.592 0.068
3469.81574 18.521 0.045
3470.85595 18.578 0.050
3472.78715 18.596 0.051
3473.88213 18.657 0.074
3474.85452 18.690 0.080
3475.91833 18.575 0.076
3477.79107 18.563 0.062
3480.85733 18.845 0.084
3481.86136 18.576 0.050
3483.80162 18.666 0.060
3496.75548 18.533 0.062
3497.82447 18.593 0.069
3499.75191 18.552 0.053
3500.75649 18.578 0.063
3501.87006 18.547 0.057
3502.70499 18.756 0.060
3503.71564 18.613 0.055
3504.73003 18.777 0.079
3506.83502 18.785 0.100
3508.81220 18.773 0.085
3509.71528 18.605 0.060
3511.70196 18.774 0.081
3512.77092 18.662 0.073
3517.81137 18.680 0.074
3520.84654 18.688 0.076
3521.66574 18.685 0.061
3522.77593 18.841 0.077
3523.81065 18.674 0.069
3524.79829 18.587 0.072
3525.77798 18.653 0.062
3526.86337 18.688 0.071
3528.58195 18.663 0.094
3530.80734 18.650 0.054
3537.77516 18.674 0.065
3538.70466 18.617 0.061
3540.67860 18.616 0.060
3544.75858 18.656 0.081
3546.87958 18.891 0.107
3547.83699 18.755 0.154
3550.66346 18.534 0.046
3551.66814 18.568 0.041
3552.70026 18.642 0.063
3553.70295 18.946 0.118
3554.69508 18.603 0.072
3555.72922 18.549 0.074
3556.74989 18.444 0.061
3558.58569 18.522 0.054
3559.68159 18.510 0.055
3560.63472 18.619 0.052
3560.72677 18.560 0.056
3560.76311 18.651 0.061
3560.79227 18.661 0.054
3560.81555 18.575 0.068
3560.84105 18.563 0.073
3561.47648 18.548 0.095
3561.63091 18.629 0.056
3561.75009 18.706 0.057
3561.78009 18.577 0.055
3561.84212 18.554 0.061
3562.45994 18.529 0.090
3562.52576 18.635 0.053
3562.57649 18.580 0.055
3562.61917 18.564 0.066
3562.68083 18.821 0.075
3562.73188 18.936 0.079
3562.78939 18.628 0.064
3562.84199 18.609 0.067
3563.47102 18.792 0.105
3563.58013 18.483 0.065
3563.74665 18.536 0.065
3563.81802 18.740 0.096
3564.51139 18.896 0.135
3564.63543 18.663 0.061
3564.78897 18.664 0.082
3565.48809 18.639 0.105
3568.80493 18.522 0.068
3569.48661 18.869 0.161
3569.52491 18.612 0.101
3573.68951 18.509 0.070
3573.71648 18.739 0.152
3574.71748 18.563 0.064
3575.65635 18.735 0.064
3576.71880 18.668 0.088
3577.76713 18.624 0.068
3578.70378 18.546 0.051
3579.64908 18.692 0.063
3580.68561 18.576 0.067
3581.70199 18.607 0.057
3582.62780 18.642 0.061
3583.66442 18.663 0.068
3584.67316 18.515 0.058
3585.67119 18.715 0.060
3586.70260 18.537 0.047
3588.75367 18.723 0.074
3589.71500 18.794 0.080
3590.71113 18.671 0.097
3592.68385 18.604 0.054
3597.67421 18.479 0.083
3601.68744 18.593 0.067
3602.68759 18.701 0.081
3603.66774 18.583 0.061
3607.66625 18.535 0.063
3608.68220 18.535 0.059
3615.60950 18.631 0.063
3618.61300 18.614 0.069
3620.57623 18.554 0.052
3628.57827 18.766 0.090
3630.59231 18.627 0.088
3632.61978 18.735 0.113
3634.52316 18.716 0.114
3639.53020 18.655 0.053
3641.57573 18.626 0.077
3644.54054 18.567 0.061
3649.52992 18.618 0.068
3651.58201 18.806 0.099
3654.56708 18.759 0.116
3655.54719 18.665 0.068
3659.54215 19.056 0.146
3662.54664 18.573 0.097
3665.51715 18.925 0.106
3672.51844 18.777 0.192
3777.85183 18.770 0.087
3782.88781 18.447 0.047
3785.84945 18.507 0.060
3787.87015 18.619 0.054
3791.84453 18.671 0.089
3793.88874 18.614 0.055
3795.87297 18.578 0.060
3796.90541 18.778 0.073
3798.83631 18.684 0.060
3799.89067 18.461 0.063
3801.84545 18.681 0.064
3802.87987 18.623 0.062
3804.79308 18.678 0.073
3805.83159 18.540 0.057
3806.82831 18.720 0.071
3807.85252 18.530 0.057
3808.85616 18.640 0.074
3809.91305 18.544 0.067
3810.90911 18.631 0.066
3811.79967 18.540 0.089
3812.88061 18.767 0.076
3813.86033 18.689 0.064
3814.85576 18.649 0.061
3818.77342 18.603 0.057
3819.83706 18.778 0.053
3820.80110 18.599 0.046
3821.80427 18.534 0.051
3822.84794 18.632 0.055
3823.80893 18.575 0.046
3824.79537 18.665 0.079
3824.80287 18.624 0.073
3825.83496 18.578 0.055
3826.79467 18.569 0.058
3827.83511 18.556 0.044
3828.81518 18.560 0.055
3829.74300 18.684 0.066
3830.77155 18.678 0.055
3832.77489 18.590 0.053
3833.80217 18.597 0.044
3834.77411 18.664 0.054
3835.76281 18.636 0.059
3836.72425 18.704 0.073
3837.76489 18.566 0.065
3838.77283 18.667 0.085
3838.89023 18.518 0.055
3839.76876 18.860 0.081
3840.77190 18.652 0.064
3841.72710 18.654 0.069
3841.87704 18.621 0.060
3842.71872 18.684 0.110
3845.74861 19.171 0.222
3846.75947 18.585 0.054
3846.88820 18.530 0.054
3847.83256 18.708 0.075
3848.78260 18.658 0.071
3848.90576 18.603 0.072
3849.78014 18.681 0.062
3850.72529 18.527 0.055
3850.89816 18.655 0.077
3851.73892 18.686 0.059
3851.90369 18.588 0.066
3852.72746 18.702 0.068
3852.85128 18.601 0.058
3852.93295 18.812 0.135
3853.72018 18.573 0.040
3853.88435 18.641 0.052
3856.70840 18.581 0.055
3856.89647 19.061 0.085
3858.74528 18.745 0.064
3859.86541 18.801 0.091
3860.70070 18.512 0.054
3861.69813 18.743 0.071
3861.80224 18.623 0.051
3861.90115 18.709 0.061
3862.67995 18.627 0.061
3862.89471 18.474 0.063
3863.69281 18.624 0.053
3863.83658 18.700 0.057
3863.91271 18.572 0.048
3864.70959 18.678 0.057
3864.89580 18.742 0.060
3865.66950 18.746 0.069
3865.80519 18.615 0.060
3865.88377 18.774 0.071
3866.64256 18.607 0.063
3866.71506 18.677 0.053
3866.85455 18.665 0.061
3866.92891 18.484 0.043
3867.66099 18.635 0.064
3867.84643 18.640 0.067
3867.91666 18.652 0.062
3868.66877 18.664 0.082
3868.70615 18.503 0.063
3868.81099 18.833 0.077
3868.85097 18.657 0.086
3868.89255 18.694 0.082
3868.92473 18.772 0.091
3869.61933 18.720 0.084
3869.65373 18.532 0.058
3869.68557 18.711 0.075
3869.74703 18.755 0.072
3869.81668 18.539 0.078
3869.86668 18.711 0.081
3869.90306 18.796 0.089
3869.93767 18.783 0.114
3870.69461 18.871 0.174
3870.75441 18.435 0.079
3870.84136 18.401 0.105
3872.74053 18.620 0.066
3872.85179 18.577 0.064
3873.62090 18.621 0.068
3873.70236 18.547 0.055
3873.84143 18.613 0.063
3873.91192 18.513 0.057
3874.70364 18.564 0.084
3874.87212 18.468 0.052
3875.64031 18.705 0.056
3875.78758 18.622 0.045
3875.86628 18.487 0.051
3876.60528 18.663 0.063
3876.66370 18.560 0.046
3877.66820 18.642 0.049
3877.81641 18.659 0.058
3877.89020 18.560 0.062
3877.92864 18.632 0.071
3879.92509 18.648 0.129
3879.93286 18.699 0.088
3880.60132 18.520 0.043
3880.87173 18.613 0.059
3880.94527 18.559 0.100
3881.69198 18.571 0.051
3881.83472 18.577 0.052
3882.60408 19.140 0.102
3882.80700 18.681 0.062
3882.87721 18.586 0.055
3883.66945 18.570 0.050
3883.90527 18.554 0.058
3886.63471 18.583 0.047
3886.82424 18.684 0.055
3886.89630 18.497 0.049
3886.92231 18.509 0.056
3887.60479 18.718 0.065
3887.80747 18.645 0.065
3887.83528 18.601 0.060
3887.90732 18.609 0.064
3888.63562 19.120 0.092
3889.68726 18.686 0.053
3889.78328 18.566 0.051
3889.79502 18.574 0.061
3889.83447 18.584 0.060
3889.85231 18.479 0.049
3889.90479 18.551 0.055
3889.93122 18.699 0.073
3890.56007 18.801 0.093
3890.57553 18.641 0.105
3890.62499 18.689 0.062
3890.63492 18.725 0.060
3890.64373 18.565 0.052
3890.66090 18.762 0.060
3890.66983 18.670 0.053
3890.67879 18.522 0.047
3890.69906 18.470 0.040
3890.72211 18.436 0.038
3891.55443 18.885 0.108
3891.60146 18.572 0.060
3891.63612 18.694 0.067
3891.68852 18.712 0.070
3891.71187 18.620 0.060
3891.75805 18.612 0.068
3891.78727 18.703 0.117
3891.81707 18.565 0.057
3891.82884 18.586 0.054
3891.86943 18.504 0.066
3891.91051 18.651 0.063
3892.55290 18.975 0.124
3892.56387 18.632 0.082
3892.59852 19.442 0.219
3892.62222 18.984 0.104
3892.65818 18.677 0.060
3892.73210 18.629 0.056
3892.82596 18.574 0.065
3892.92709 18.981 0.129
3893.57326 18.586 0.081
3893.61338 18.584 0.071
3893.65649 18.658 0.068
3893.81755 18.531 0.066
3893.90784 18.876 0.098
3894.63321 18.632 0.084
3894.70430 18.820 0.091
3894.75656 18.683 0.075
3894.80182 18.635 0.089
3894.84625 18.882 0.100
3894.87896 18.714 0.084
3896.56367 19.025 0.144
3896.60366 18.718 0.103
3896.61875 18.499 0.090
3896.63311 18.887 0.111
3896.64806 18.686 0.091
3896.66231 18.670 0.083
3896.67870 18.725 0.094
3896.69024 18.594 0.068
3896.70163 18.562 0.060
3896.71711 18.614 0.073
3896.72874 18.679 0.069
3896.74310 18.576 0.069
3896.76117 18.732 0.083
3896.77836 18.773 0.101
3896.79707 18.972 0.135
3896.82703 18.864 0.143
3900.52541 18.757 0.129
3900.56336 18.701 0.082
3900.61408 18.584 0.061
3900.65209 18.628 0.072
3900.70110 18.607 0.090
3900.73811 18.524 0.055
3900.74978 18.505 0.055
3900.76437 18.672 0.067
3900.82516 18.563 0.061
3900.88532 18.664 0.068
3901.56530 18.742 0.131
3901.57720 18.600 0.075
3901.75200 18.697 0.081
3901.76669 18.540 0.056
3901.82881 18.576 0.071
3901.88949 18.661 0.078
3901.90127 18.658 0.078
3902.55449 18.845 0.070
3902.58607 18.875 0.070
3902.59813 18.956 0.076
3902.64393 18.783 0.066
3902.71088 18.663 0.055
3902.73767 18.693 0.063
3902.76384 18.663 0.063
3902.77430 18.787 0.078
3902.78326 18.602 0.064
3902.79262 18.716 0.075
3902.80518 18.562 0.058
3902.82032 18.542 0.066
3902.82971 18.590 0.068
3902.84573 18.423 0.060
3902.85942 18.613 0.065
3902.89016 18.638 0.085
3902.90553 18.631 0.084
3903.68698 18.604 0.058
3904.58114 18.662 0.045
3904.74440 18.680 0.068
3904.81338 18.656 0.057
3904.86620 18.665 0.060
3905.57807 18.600 0.048
3905.75209 18.583 0.048
3905.82469 18.576 0.043
3905.89327 18.577 0.060
3906.51672 18.858 0.103
3906.68657 18.634 0.061
3906.75953 18.575 0.058
3906.83221 18.645 0.069
3906.85017 18.651 0.064
3906.88264 18.523 0.060
3907.62324 18.557 0.052
3907.81809 18.515 0.077
3907.89063 18.794 0.100
3908.55942 18.754 0.064
3908.74987 18.548 0.058
3908.82513 18.686 0.057
3909.56452 18.605 0.060
3909.75891 18.584 0.051
3909.84082 18.725 0.066
3910.61325 18.719 0.054
3912.56365 18.629 0.040
3912.76044 18.589 0.048
3912.84833 18.615 0.052
3913.56143 18.584 0.044
3913.76363 18.617 0.070
3913.85344 18.641 0.054
3914.57888 18.574 0.060
3915.55942 18.820 0.073
3915.76274 18.611 0.058
3915.85975 18.609 0.067
3916.60730 18.710 0.074
3916.77993 18.629 0.083
3917.64726 18.740 0.075
3917.85015 18.780 0.090
3918.64072 18.554 0.064
3918.85044 18.636 0.100
3919.59360 18.655 0.070
3919.82005 18.791 0.088
3920.54523 18.692 0.054
3920.74149 18.922 0.082
3920.82025 18.610 0.049
3921.53824 18.583 0.060
3921.74870 18.821 0.115
3922.74516 18.812 0.095
3930.59277 18.461 0.075
3931.54384 18.590 0.062
3931.66726 18.658 0.069
3932.55570 18.675 0.075
3933.54466 18.537 0.048
3933.72595 18.482 0.093
3933.80161 18.675 0.069
3934.51543 18.718 0.072
3934.63948 18.632 0.050
3934.70925 18.518 0.055
3934.77828 18.565 0.050
3935.56525 18.821 0.092
3935.73656 18.630 0.073
3935.78834 18.687 0.068
3936.51887 18.690 0.073
3936.68419 18.716 0.071
3936.76177 18.492 0.059
3937.59407 18.636 0.058
3938.52640 18.500 0.067
3938.72799 18.608 0.066
3938.77720 18.553 0.066
3940.62940 18.711 0.053
3941.67355 18.573 0.068
3944.58290 18.644 0.059
3945.53178 18.693 0.074
3945.71982 18.653 0.061
3946.54205 18.709 0.073
3946.73145 18.639 0.054
3950.54995 18.594 0.047
3950.76944 18.625 0.066
3951.54619 18.686 0.075
3956.59260 18.694 0.089
3957.53348 18.741 0.087
3958.60625 18.729 0.077
3958.63530 18.693 0.084
3959.54619 18.749 0.075
3959.71058 18.957 0.094
3960.52417 18.610 0.055
3960.70409 18.551 0.046
3961.52381 18.637 0.077
3961.59926 18.745 0.098
3961.66529 18.880 0.115
3963.48578 18.688 0.077
3963.66035 18.617 0.058
3963.73369 18.568 0.067
3964.55587 18.532 0.052
3965.54519 18.618 0.053
3965.73509 18.706 0.059
3966.53710 18.708 0.066
3966.71957 18.552 0.062
3967.56094 18.798 0.103
3968.52363 18.612 0.073
3968.69513 18.739 0.075
3969.52752 18.560 0.070
3969.70614 18.582 0.061
3970.53933 18.734 0.085
3970.71926 18.604 0.055
3971.57912 18.540 0.073
3973.60427 18.620 0.059
3974.53411 18.854 0.096
3975.53660 18.729 0.076
3976.53135 18.687 0.078
3979.54112 18.711 0.120
3982.60829 18.832 0.090
3986.60833 18.531 0.061
3987.53075 18.678 0.069
3988.54357 18.754 0.108
3989.60525 18.446 0.082
3990.64752 18.792 0.076
3994.50024 18.675 0.100
3995.59785 18.687 0.064
3999.63540 18.540 0.056
4000.54244 18.700 0.078
4001.53220 18.488 0.068
4002.52891 18.745 0.071
4004.55183 18.856 0.142
4005.55453 18.695 0.077
4006.54922 18.841 0.069
4012.52492 18.663 0.091
4016.56681 18.738 0.096
4018.57940 18.849 0.100
4021.56336 18.580 0.073
4024.51110 18.532 0.075
4026.50663 18.588 0.065
4028.52265 18.722 0.078
4031.52274 18.909 0.103
4038.52794 18.955 0.128
4041.52708 18.865 0.135
4142.87817 18.514 0.132
4151.88332 18.636 0.084
4154.83075 18.726 0.075
4156.88374 18.628 0.089
4159.81780 18.675 0.080
4161.87123 18.664 0.089
4163.88722 18.559 0.091
4165.84408 18.604 0.103
4168.84161 18.716 0.090
4170.84270 18.582 0.075
4175.87767 18.678 0.084
4177.77740 18.744 0.080
4178.83476 18.644 0.071
4179.87463 18.639 0.066
4181.81103 18.638 0.068
4182.85962 18.602 0.098
4183.89211 18.606 0.068
4185.76854 18.645 0.074
4191.77910 18.673 0.086
4193.79020 18.637 0.090
4194.81305 18.607 0.075
4196.80307 18.841 0.084
4202.78465 18.633 0.062
4203.77242 18.625 0.058
4204.70721 18.695 0.080
4204.73063 18.525 0.064
4204.76479 18.622 0.071
4204.80708 18.565 0.078
4204.84109 18.587 0.071
4204.87522 18.560 0.062
4204.91343 18.658 0.060
4205.70750 18.684 0.087
4205.76301 18.671 0.090
4205.83637 18.514 0.047
4205.91440 18.561 0.063
4207.75426 18.603 0.091
4208.70820 18.726 0.086
4211.81953 18.752 0.096
4212.84908 18.731 0.088
4213.75714 18.622 0.060
4215.77018 18.730 0.086
4216.72805 18.862 0.079
4216.93326 18.648 0.088
4217.73555 18.618 0.056
4217.89684 18.586 0.051
4218.78531 18.710 0.097
4219.79256 18.658 0.064
4220.73435 18.602 0.070
4222.70018 18.635 0.082
4224.81334 18.564 0.086
4228.70564 18.620 0.071
4229.69922 18.662 0.098
4229.89619 18.655 0.103
4230.64742 18.579 0.064
4230.83540 18.623 0.073
4230.89709 18.760 0.100
4231.67138 18.548 0.064
4231.72248 18.585 0.060
4231.87748 18.581 0.085
4232.65913 18.638 0.100
4232.78414 18.483 0.070
4232.92166 18.712 0.112
4233.85187 18.875 0.093
4234.77945 18.617 0.069
4234.90180 18.658 0.078
4235.69577 18.660 0.111
4235.75321 18.665 0.061
4235.85684 18.634 0.067
4235.91895 18.868 0.132
4237.62231 18.800 0.106
4238.69366 18.611 0.067
4239.66553 18.831 0.085
4240.70519 18.644 0.123
4240.86158 18.738 0.148
4243.67085 18.663 0.083
4243.76428 18.624 0.068
4243.85716 18.552 0.072
4244.64304 18.703 0.113
4244.73940 18.650 0.111
4244.83200 18.616 0.093
4245.63612 18.724 0.070
4245.73043 18.556 0.056
4245.82591 18.641 0.068
4245.89851 18.652 0.078
4246.69480 18.658 0.072
4246.78792 18.556 0.061
4246.88062 18.617 0.073
4247.70983 18.566 0.071
4250.75791 18.581 0.068
4256.65032 18.828 0.119
4256.79585 18.913 0.136
4257.67722 18.556 0.074
4258.66056 18.744 0.086
4258.78339 18.786 0.098
4258.87600 18.447 0.125
4267.62024 18.554 0.068
4268.73096 18.646 0.057
4268.86721 18.690 0.112
4269.60246 18.561 0.055
4269.75273 18.615 0.095
4270.53716 18.718 0.093
4272.58363 18.606 0.066
4272.73353 18.823 0.130
4272.79216 18.567 0.070
4272.86352 18.617 0.085
4273.64401 18.652 0.079
4273.82216 18.892 0.109
4273.88337 19.156 0.196
4274.57508 18.764 0.095
4274.72801 18.610 0.078
4274.78892 18.576 0.067
4274.86216 18.742 0.103
4275.62664 18.663 0.076
4275.80189 18.658 0.095
4275.86301 18.701 0.108
4276.61136 18.650 0.088
4277.55508 18.621 0.088
4277.73216 18.677 0.076
4277.79080 18.798 0.112
4278.60002 18.782 0.099
4278.78650 18.762 0.119
4283.53762 18.641 0.085
4284.52940 18.686 0.096
4284.67976 18.675 0.085
4284.73914 18.686 0.075
4284.80118 18.610 0.082
4284.86616 19.022 0.263
4285.53258 18.655 0.088
4285.72610 18.661 0.083
4285.78741 18.699 0.082
4285.85262 18.515 0.074
4286.53234 18.613 0.098
4286.84055 18.573 0.111
4289.54321 18.702 0.109
4289.76212 18.707 0.085
4289.82694 18.539 0.068
4290.58950 18.629 0.082
4291.60919 18.566 0.057
4292.51476 18.617 0.058
4292.69377 18.583 0.061
4292.75257 18.594 0.055
4292.81556 18.606 0.080
4293.51552 18.663 0.065
4293.69968 18.583 0.062
4293.75844 18.645 0.063
4293.79869 18.626 0.067
4293.83620 18.921 0.117
4294.51414 18.511 0.059
4295.52430 18.625 0.068
4295.71940 18.602 0.057
4295.77800 18.544 0.056
4296.51840 18.732 0.078
4296.72411 18.938 0.090
4297.53820 18.739 0.076
4297.74276 18.581 0.093
4298.57267 18.759 0.093
4298.68429 18.591 0.066
4298.82171 18.756 0.098
4299.55976 18.847 0.064
4299.64967 18.581 0.057
4299.74096 18.624 0.062
4300.55641 18.637 0.068
4300.67155 18.661 0.105
4300.81656 18.570 0.076
4301.54253 18.600 0.061
4301.63878 18.671 0.065
4301.74096 18.539 0.057
4302.61552 18.616 0.129
4302.78060 18.780 0.107
4303.70210 18.670 0.076
4304.58039 18.692 0.089
4306.58614 18.721 0.096
4306.72266 18.741 0.112
4310.63975 18.780 0.121
4312.52734 18.744 0.103
4312.77021 18.832 0.125
4314.78479 18.946 0.138
4315.55882 18.576 0.067
4316.58908 18.568 0.058
4317.51098 18.604 0.065
4319.54606 18.812 0.077
4319.69202 18.867 0.111
4320.61337 18.585 0.073
4326.56280 18.699 0.069
4326.73894 18.613 0.089
4327.61443 18.612 0.079
4328.47958 18.576 0.077
4328.71924 18.871 0.120
4329.54960 18.743 0.092
4329.69763 18.519 0.076
4330.47991 18.602 0.066
4330.71720 18.682 0.073
4331.52206 18.638 0.062
4332.53206 18.582 0.052
4333.55706 18.628 0.088
4334.52979 18.653 0.082
4338.52719 18.619 0.088
4338.70508 18.495 0.097
4339.52332 18.706 0.084
4340.64350 18.661 0.078
4341.52757 18.793 0.112
4342.55961 18.643 0.079
4343.54347 18.582 0.063
4344.57304 18.615 0.077
4345.53514 18.613 0.064
4346.54474 18.635 0.085
4347.55908 18.783 0.092
4349.52478 18.619 0.068
4350.57824 18.616 0.062
4351.52995 18.601 0.065
4352.58627 18.962 0.143
4353.54961 18.517 0.072
4354.56899 18.542 0.069
4355.57683 18.710 0.093
4356.53402 18.561 0.078
4357.50542 18.730 0.096
4358.54884 18.690 0.085
4359.51780 19.009 0.139
4361.53114 18.743 0.121
4362.54852 18.552 0.103
4365.58677 18.727 0.099
4367.54018 18.627 0.087
4368.51313 18.757 0.115
4369.59229 18.675 0.120
4370.51949 18.651 0.068
4371.49457 18.678 0.079
4372.54370 18.558 0.063
4373.53475 18.657 0.096
4377.50799 18.643 0.071
4378.54234 18.613 0.072
4379.56433 19.426 0.231
4380.49981 18.560 0.068
4381.54745 18.822 0.130
4382.53397 18.855 0.136
4383.53817 18.594 0.091
4384.51258 18.746 0.121
4388.58362 18.761 0.128
4393.55465 18.522 0.070
4394.52785 18.542 0.073
4395.56402 18.696 0.103
4396.53381 18.706 0.122
4397.55750 18.712 0.112
4398.56284 18.520 0.086
4399.51278 18.811 0.118
4400.55725 18.621 0.125
4403.51114 18.700 0.117
4409.52856 18.703 0.126
4507.88682 18.828 0.127
4511.85403 18.781 0.070
4511.87384 18.567 0.054
4513.88522 18.629 0.065
4517.88434 18.559 0.089
4521.82367 18.667 0.093
4523.89609 18.670 0.081
4525.84000 18.662 0.103
4530.90558 18.721 0.078
4531.84788 18.697 0.071
4534.86950 18.756 0.095
4536.80154 18.796 0.101
4537.86168 18.535 0.051
4538.89408 18.578 0.063
4539.88018 18.568 0.064
4540.82410 18.705 0.131
4541.81663 18.665 0.063
4542.81139 18.741 0.082
4543.80690 18.570 0.059
4544.80386 18.628 0.071
4545.76800 18.590 0.084
4546.77465 18.611 0.081
4547.74937 18.764 0.098
4548.84166 18.570 0.088
4548.89259 18.635 0.093
4550.77172 18.584 0.098
4551.79281 18.504 0.083
4552.74205 18.843 0.154
4556.78144 18.552 0.061
4557.80259 18.695 0.073
4558.73225 18.752 0.074
4559.77311 18.683 0.068
4560.77350 18.631 0.067
4561.76280 18.606 0.054
4564.75306 18.583 0.057
4565.75109 18.506 0.069
4566.75054 18.485 0.090
4567.75048 18.522 0.053
4568.75999 18.503 0.053
4569.76762 18.688 0.075
4570.75568 18.607 0.078
4571.74735 18.642 0.089
4572.77419 18.607 0.115
4573.76234 18.952 0.084
4574.76492 18.566 0.068
4574.91294 18.615 0.067
4575.77372 18.599 0.065
4576.79285 18.612 0.053
4576.88362 18.600 0.067
4576.91524 18.612 0.071
4577.86192 18.529 0.062
4577.91795 18.613 0.060
4578.81626 18.758 0.094
4579.89009 18.666 0.088
4583.76032 18.775 0.092
4585.78727 18.819 0.102
4586.76338 18.808 0.093
4587.79695 18.680 0.079
4588.67211 18.621 0.077
4588.90459 18.572 0.054
4589.71854 18.537 0.080
4589.87384 18.639 0.090
4589.93573 18.774 0.111
4590.72732 18.700 0.080
4590.92927 18.843 0.081
4591.66843 18.572 0.067
4591.87977 18.636 0.064
4592.68864 18.723 0.082
4592.87794 18.585 0.062
4593.67783 18.694 0.086
4593.88766 18.589 0.059
4593.92752 18.680 0.072
4594.69908 18.563 0.065
4594.89391 18.548 0.066
4595.69162 18.551 0.066
4595.88290 18.576 0.064
4596.68346 18.735 0.072
4597.70811 18.625 0.070
4597.89972 18.620 0.064
4598.68431 18.575 0.048
4599.65681 18.721 0.076
4600.66918 18.637 0.057
4600.87786 18.473 0.049
4601.67171 18.629 0.054
4601.88796 18.632 0.055
4602.66427 18.519 0.049
4602.88859 18.474 0.046
4603.87568 18.635 0.068
4606.67211 18.591 0.058
4606.92731 18.671 0.082
4610.77454 18.538 0.077
4611.65095 18.622 0.088
4611.79982 18.585 0.059
4612.67247 18.645 0.067
4615.81477 18.629 0.104
4616.62644 18.827 0.081
4616.84274 18.536 0.068
4617.72735 18.589 0.058
4618.63502 18.687 0.065
4622.64858 18.644 0.107
4622.83351 18.562 0.074
4623.69521 18.736 0.110
4623.89282 18.755 0.109
4624.61669 18.765 0.115
4624.83669 18.615 0.070
4624.90574 18.736 0.122
4625.62709 18.594 0.086
4625.84646 18.565 0.084
4625.93501 18.773 0.118
4626.64770 18.538 0.080
4627.58568 18.571 0.061
4627.87511 18.597 0.060
4628.59265 18.688 0.093
4628.78239 18.703 0.082
4628.84472 18.665 0.079
4628.91894 18.567 0.077
4629.65547 18.574 0.057
4629.86312 18.717 0.083
4630.59053 18.629 0.067
4630.80630 18.702 0.063
4630.87585 18.851 0.081
4631.61606 18.724 0.061
4631.81475 18.615 0.059
4631.89012 18.649 0.095
4632.59518 18.581 0.065
4632.88482 18.508 0.082
4633.59221 18.619 0.065
4633.70316 18.732 0.059
4633.83658 18.615 0.068
4638.77665 18.580 0.068
4639.60031 18.602 0.066
4639.69781 18.694 0.067
4640.61843 18.627 0.068
4640.75034 18.605 0.058
4640.76506 18.470 0.051
4641.69400 18.572 0.055
4641.80609 18.576 0.067
4642.61644 18.586 0.060
4642.77863 18.622 0.074
4642.85775 18.738 0.102
4643.57571 18.585 0.078
4644.62419 18.548 0.067
4645.55455 18.628 0.120
4645.80226 18.732 0.086
4645.86781 18.720 0.103
4646.54960 18.601 0.059
4646.87534 18.823 0.103
4647.54591 18.673 0.077
4647.76210 18.663 0.078
4647.78631 18.592 0.080
4648.54300 18.723 0.087
4648.79687 18.495 0.084
4648.87148 18.592 0.094
4649.55321 18.755 0.089
4649.77959 18.581 0.068
4650.55435 18.659 0.074
4650.81746 18.901 0.106
4651.53778 18.682 0.087
4652.52925 18.554 0.076
4652.74346 18.613 0.064
4653.52490 18.859 0.121
4653.74413 18.798 0.082
4654.56398 18.639 0.101
4654.77857 18.613 0.070
4655.52474 18.733 0.079
4655.74934 18.649 0.060
4656.52668 18.631 0.061
4656.71654 18.623 0.063
4656.83588 18.721 0.090
4657.75510 18.673 0.091
4658.68532 18.812 0.104
4660.63758 18.580 0.068
4661.51478 18.535 0.063
4661.71547 18.599 0.068
4661.78249 18.677 0.084
4665.68241 18.538 0.092
4666.58772 18.611 0.068
4666.68866 18.629 0.079
4666.73091 18.663 0.080
4666.80325 18.798 0.141
4670.58430 18.638 0.091
4671.60790 18.520 0.050
4671.78000 18.811 0.106
4672.53375 18.578 0.053
4672.68393 18.577 0.061
4672.76910 18.784 0.163
4674.53955 18.531 0.067
4674.72976 18.646 0.090
4677.51312 18.579 0.067
4677.59708 18.618 0.073
4677.75264 18.667 0.086
4679.65189 18.663 0.093
4681.56153 18.607 0.067
4681.65453 18.590 0.062
4681.74478 18.715 0.081
4682.57907 18.683 0.080
4682.68282 18.536 0.064
4683.54415 18.807 0.159
4683.73277 18.663 0.107
4684.53674 18.654 0.068
4684.70812 18.668 0.079
4685.47934 18.731 0.102
4685.75684 18.697 0.086
4686.52545 18.600 0.072
4687.52881 18.686 0.086
4687.76471 18.599 0.086
4688.52213 18.622 0.068
4688.71182 18.602 0.102
4693.56977 18.699 0.068
4694.63094 18.551 0.088
4697.52556 18.645 0.080
4698.53099 18.549 0.050
4699.52915 18.632 0.070
4700.53358 18.549 0.055
4701.52884 18.817 0.083
4702.54509 18.704 0.069
4703.61255 18.503 0.071
4704.66792 18.735 0.083
4705.59618 18.696 0.088
4707.62439 18.558 0.055
4708.57629 18.524 0.055
4709.54037 18.696 0.101
4710.58112 18.715 0.075
4715.61538 18.783 0.094
4716.48861 18.722 0.070
4716.61303 18.896 0.114
4720.53078 18.613 0.077
4720.54486 18.824 0.104
4721.53106 18.864 0.123
4722.49685 18.709 0.093
4724.53356 18.535 0.085
4725.51226 18.624 0.078
4726.50837 18.902 0.133
4728.62610 18.683 0.111
4729.49380 18.603 0.081
4729.52906 18.686 0.103
4729.61307 18.902 0.118
4730.49523 18.712 0.076
4731.60219 19.086 0.142
4733.55064 18.815 0.158
4734.57997 18.613 0.080
4737.56860 18.588 0.089
4740.58147 18.715 0.103
4753.57249 18.723 0.118
4758.53825 18.589 0.084
4776.52464 19.100 0.177
4778.52991 18.631 0.115
4869.87405 18.723 0.094
4872.86644 18.683 0.112
4873.88825 18.797 0.108
4875.88807 18.701 0.095
4878.86216 18.683 0.085
4884.87881 18.502 0.106
4887.85122 18.644 0.061
4891.80751 18.716 0.097
4896.89844 18.543 0.067
4899.86618 18.729 0.084
4901.79581 18.706 0.093
4903.79150 18.741 0.077
4905.83975 18.710 0.084
4910.83778 18.677 0.104
4911.87474 18.593 0.047
4913.88824 18.613 0.124
4917.73483 18.494 0.067
4917.91604 18.825 0.086
4921.73663 18.728 0.079
4921.75318 18.718 0.068
4921.78846 18.653 0.063
4925.72342 18.650 0.075
4925.83975 18.560 0.051
4926.71657 18.635 0.090
4927.73958 18.779 0.093
4927.89425 18.679 0.105
4928.78804 18.618 0.070
4929.73467 18.642 0.083
4930.72666 18.876 0.099
4930.87452 18.622 0.072
4931.77082 18.603 0.072
4932.70492 18.591 0.072
4932.90407 18.352 0.113
4933.72080 18.878 0.119
4933.73961 18.592 0.091
4933.89851 18.487 0.067
4934.81945 18.685 0.074
4938.72038 18.482 0.061
4939.68121 18.644 0.077
4940.68120 18.674 0.072
4941.87629 18.567 0.061
4942.69767 18.726 0.130
4942.76962 18.691 0.055
4942.80942 18.582 0.049
4943.71005 18.715 0.065
4943.86688 18.488 0.053
4944.72147 18.592 0.051
4944.87629 18.553 0.062
4945.66662 18.486 0.074
4946.68925 18.619 0.058
4947.68006 18.542 0.056
4948.65971 18.789 0.085
4950.65045 18.732 0.079
4952.78332 18.525 0.055
4953.68354 18.556 0.056
4954.66225 18.645 0.071
4954.72836 18.706 0.073
4955.66299 18.587 0.081
4955.83135 18.597 0.068
