2127.63333 18.047 0.026
2130.63282 18.043 0.019
2133.65014 18.096 0.024
2137.60397 17.988 0.019
2142.58606 18.051 0.019
2190.54974 18.024 0.020
2216.51269 18.015 0.026
2357.89492 18.007 0.020
2365.87043 18.100 0.028
2377.82104 18.015 0.023
2384.90534 18.095 0.020
2389.78432 18.071 0.024
2391.72623 18.000 0.032
2406.78943 18.040 0.020
2415.93026 18.117 0.028
2417.90615 18.083 0.032
2431.82472 17.985 0.020
2433.78847 18.041 0.020
2435.89485 18.080 0.028
2437.92643 18.092 0.040
2439.92065 18.051 0.026
2441.86125 18.136 0.025
2445.76905 18.034 0.018
2448.83288 18.057 0.034
2454.53279 18.083 0.024
2454.53678 18.062 0.022
2460.63995 18.174 0.026
2463.68034 18.002 0.016
2467.64534 18.085 0.018
2469.68637 18.012 0.016
2471.59618 18.065 0.018
2473.66475 18.070 0.019
2481.80033 18.167 0.030
2488.63654 18.028 0.025
2491.60796 18.098 0.024
2496.61754 18.023 0.015
2498.66105 18.056 0.017
2500.68376 18.210 0.021
2502.70126 18.027 0.021
2510.59915 18.059 0.021
2516.65198 18.022 0.025
2519.63539 18.166 0.022
2524.66318 18.098 0.027
2529.59082 18.082 0.021
2538.63599 18.075 0.028
2543.53199 18.133 0.020
2548.58794 18.163 0.028
2553.49033 18.166 0.039
2557.58681 18.095 0.026
2561.59418 18.085 0.040
2564.58791 18.150 0.040
2565.57311 18.022 0.028
2579.51964 18.039 0.032
2709.91206 18.199 0.029
2721.83788 17.976 0.028
2730.86512 18.051 0.019
2735.83524 18.049 0.018
2747.82318 18.097 0.029
2754.83343 18.039 0.020
2757.91725 18.063 0.025
2768.79762 18.093 0.020
2776.67575 18.127 0.036
2784.67924 18.028 0.018
2787.77094 18.154 0.023
2790.62413 18.070 0.018
2793.81338 18.075 0.023
2795.75190 18.044 0.021
2797.73434 18.146 0.021
2809.85837 18.096 0.021
2810.90566 18.020 0.030
2811.77810 18.102 0.025
2814.85736 18.030 0.023
2816.76385 18.083 0.020
2817.87518 18.090 0.029
2818.87253 18.122 0.025
2820.87146 18.077 0.029
2821.83102 18.099 0.026
2830.75019 18.091 0.026
2835.77230 18.033 0.022
2837.77926 18.017 0.034
2838.77207 18.048 0.023
2840.79317 18.077 0.029
2843.78796 18.015 0.020
2845.77467 18.079 0.022
2853.79563 17.985 0.031
2854.69099 18.084 0.025
2857.58355 18.035 0.020
2863.53054 18.083 0.026
2866.58749 18.140 0.031
2868.68209 18.047 0.021
2872.54434 18.072 0.020
2878.59831 18.061 0.018
2883.71433 18.113 0.024
2892.62974 18.066 0.038
2895.56349 18.054 0.021
2900.59256 18.039 0.021
2906.54493 18.028 0.023
2911.61448 18.030 0.025
2928.58432 18.038 0.033
