2127.48669 17.285 0.027
2130.51956 17.345 0.017
2133.53366 17.436 0.021
2136.65488 17.427 0.024
2141.64562 17.674 0.032
2165.56812 17.295 0.019
2171.63511 17.463 0.027
2179.52546 17.283 0.020
2189.52047 17.365 0.027
2212.54610 17.279 0.024
2214.50340 17.418 0.033
2337.83284 17.286 0.018
2352.85032 17.266 0.018
2361.84479 17.416 0.022
2373.79956 17.386 0.021
2464.78183 17.452 0.019
2708.91333 17.284 0.025
2850.64544 17.470 0.022
2858.77275 17.436 0.026
3059.86145 17.294 0.017
3064.87656 17.287 0.018
3068.82996 17.470 0.022
3071.88239 17.348 0.020
3073.88767 17.252 0.017
3080.81694 17.254 0.019
3083.76908 17.376 0.017
3085.89141 17.444 0.017
3087.79518 17.283 0.021
3089.84273 17.307 0.016
3097.82326 17.458 0.020
3099.90604 17.464 0.022
3101.81120 17.268 0.019
3102.90592 17.321 0.020
3104.76620 17.475 0.051
3106.90375 17.466 0.025
3109.83519 17.249 0.017
3110.92485 17.338 0.021
3112.90021 17.299 0.016
3113.90791 17.397 0.017
3116.87994 17.291 0.018
3124.77568 17.256 0.024
3128.87658 17.399 0.024
3134.89099 17.293 0.034
3138.66169 17.396 0.022
3142.82352 17.440 0.018
3144.84060 17.405 0.019
3146.90533 17.331 0.017
3152.81569 17.307 0.018
3153.81433 17.238 0.021
3154.90191 17.309 0.030
3156.87054 17.337 0.019
3157.92799 17.308 0.021
3158.89336 17.426 0.029
3162.85200 17.287 0.020
3163.81111 17.354 0.017
3164.79985 17.467 0.019
3168.86433 17.289 0.017
3169.83524 17.241 0.019
3171.78664 17.472 0.015
3172.81096 17.464 0.018
3174.76743 17.292 0.016
3175.81644 17.362 0.020
3175.87776 17.349 0.021
3179.56277 17.277 0.016
3182.84266 17.331 0.019
3183.80171 17.243 0.021
3184.50128 17.265 0.019
3184.62653 17.349 0.016
3184.75666 17.328 0.017
3184.85984 17.223 0.020
3184.88424 17.249 0.027
3185.49608 17.255 0.021
3185.61220 17.302 0.017
3185.85172 17.260 0.018
3194.55699 17.307 0.023
3194.79945 17.529 0.026
3195.55657 17.387 0.017
3196.75011 17.290 0.019
3197.58073 17.491 0.020
3199.68861 17.459 0.019
3201.55110 17.307 0.017
3202.67980 17.292 0.017
3204.63776 17.365 0.015
3205.71879 17.351 0.015
3206.78032 17.308 0.025
3210.51086 17.449 0.023
3217.70686 17.288 0.020
3218.70591 17.311 0.025
3226.68533 17.310 0.024
3228.65579 17.436 0.022
3230.72560 17.450 0.025
3232.66255 17.248 0.019
3238.67724 17.321 0.022
3240.52642 17.418 0.020
3241.70999 17.280 0.041
3245.61505 17.235 0.022
3247.50032 17.439 0.023
3249.60666 17.442 0.025
3254.59881 17.319 0.024
3257.51188 17.299 0.015
3260.54807 17.250 0.024
3265.53354 17.285 0.021
3267.58422 17.263 0.017
3274.54105 17.284 0.023
3277.55616 17.342 0.021
3280.55858 17.159 0.017
3282.54205 17.237 0.015
3289.51599 17.243 0.024
3294.50702 17.354 0.026
3296.54668 17.257 0.013
3302.50639 17.323 0.025
3423.87809 17.309 0.015
3427.87631 17.414 0.017
3429.90453 17.079 0.018
3443.81686 17.263 0.014
3445.85990 17.363 0.015
3447.90836 17.284 0.017
3450.78795 17.240 0.014
3453.82774 17.343 0.018
3455.89334 17.392 0.021
3456.91761 17.404 0.020
3457.89067 17.401 0.017
3459.88157 17.230 0.016
3468.93195 17.235 0.027
3470.92305 17.351 0.017
3472.85240 17.333 0.015
3474.92087 17.298 0.017
3477.93186 17.331 0.024
3479.79834 17.306 0.013
3482.93450 17.268 0.019
3496.78608 17.313 0.018
3497.88736 17.262 0.020
3500.86746 17.452 0.018
3502.68487 17.318 0.015
3503.83591 17.263 0.015
3506.79805 17.526 0.021
3508.89951 17.449 0.025
3511.87680 17.260 0.015
3512.89183 17.280 0.018
3517.77417 17.274 0.020
3520.88581 17.317 0.019
3521.70154 17.385 0.017
3523.84134 17.412 0.018
3524.84629 17.386 0.019
3525.91682 17.351 0.019
3538.73332 17.287 0.015
3540.78964 17.254 0.015
3544.80452 17.388 0.022
3547.79965 17.245 0.021
3550.81638 17.455 0.018
3551.80774 17.429 0.019
3552.82683 17.472 0.022
3553.81336 17.338 0.026
3554.83209 17.304 0.023
3555.82220 17.321 0.022
3556.73058 17.420 0.021
3558.61460 17.289 0.018
3559.62299 17.336 0.016
3560.66490 17.283 0.013
3561.60080 17.401 0.017
3562.65397 17.417 0.016
3563.70552 17.387 0.018
3564.53993 17.296 0.023
3569.64598 17.458 0.035
3573.75657 17.431 0.023
3574.74952 17.338 0.020
3575.69134 17.319 0.015
3576.75777 17.276 0.017
3577.79571 17.239 0.017
3578.73239 17.369 0.017
3579.67774 17.409 0.016
3580.71735 17.487 0.025
3581.73053 17.315 0.017
3582.67951 17.254 0.014
3583.69762 17.276 0.018
3584.70159 17.305 0.019
3585.69982 17.373 0.015
3586.75427 17.319 0.016
3588.77625 17.444 0.021
3589.74356 17.309 0.020
3590.73982 17.232 0.017
3591.71496 17.287 0.015
3592.74818 17.289 0.018
3601.71603 17.445 0.025
3602.71647 17.502 0.027
3603.71145 17.352 0.022
3607.69525 17.381 0.022
3609.52305 17.301 0.018
3615.64176 17.494 0.020
3617.67091 17.336 0.017
3619.60398 17.286 0.015
3621.63284 17.452 0.021
3628.67082 17.334 0.029
3629.52907 17.320 0.016
3631.62983 17.359 0.024
3633.55637 17.319 0.024
3634.63544 17.316 0.026
3639.50612 17.309 0.013
3644.59278 17.400 0.020
3649.56619 17.372 0.019
3652.54339 17.331 0.027
3655.57925 17.271 0.023
3664.55655 17.402 0.022
3668.54181 17.285 0.023
3676.52077 17.245 0.024
3777.88116 17.355 0.018
3783.86746 17.449 0.017
3785.88300 17.329 0.018
3788.88733 17.343 0.021
3791.89910 17.479 0.026
3794.87666 17.236 0.016
3796.86842 17.272 0.017
3797.86807 17.447 0.018
3800.84915 17.280 0.020
3802.79608 17.337 0.017
3803.82864 17.370 0.019
3804.87584 17.380 0.020
3806.88831 17.470 0.019
3808.87333 17.314 0.017
3810.78934 17.372 0.019
3812.77547 17.377 0.025
3814.76638 17.327 0.020
3818.83131 17.380 0.017
3819.89072 17.304 0.015
3820.88296 17.446 0.017
3821.89433 17.441 0.018
3822.90622 17.423 0.016
3824.90122 17.264 0.019
3825.89331 17.290 0.016
3827.89244 17.382 0.015
3828.90455 17.426 0.022
3829.89127 17.449 0.017
3830.86408 17.332 0.017
3832.89468 17.283 0.018
3833.88018 17.279 0.015
3834.80826 17.524 0.018
3835.86068 17.456 0.016
3836.87015 17.448 0.019
3837.84890 17.326 0.018
3838.85305 17.423 0.021
3839.87212 17.264 0.022
3840.85614 17.278 0.016
3841.83939 17.429 0.019
3842.75332 17.351 0.025
3842.90216 17.369 0.033
3845.84260 17.312 0.019
3846.84776 17.236 0.015
3847.88967 17.262 0.018
3848.86332 17.350 0.017
3849.89170 17.336 0.018
3850.81262 17.389 0.020
3851.81891 17.348 0.019
3852.81100 17.261 0.015
3853.80027 17.360 0.014
3856.78894 17.456 0.020
3858.85292 17.395 0.020
3860.84434 17.314 0.021
3861.85961 17.325 0.016
3862.80558 17.355 0.015
3863.78103 17.435 0.017
3864.80395 17.438 0.015
3865.76725 17.282 0.017
3866.73238 17.265 0.015
3867.73974 17.279 0.018
3868.73514 17.443 0.022
3869.71683 17.476 0.024
3873.72034 17.274 0.016
3874.76707 17.316 0.017
3875.74890 17.302 0.014
3877.70868 17.388 0.015
3880.77545 17.312 0.015
3881.78405 17.275 0.015
3882.71895 17.326 0.016
3883.77075 17.314 0.016
3886.73144 17.321 0.017
3887.71408 17.301 0.014
3889.87582 17.378 0.016
3891.60744 17.310 0.019
3892.74270 17.460 0.019
3893.77374 17.454 0.024
3894.81094 17.433 0.023
3896.75824 17.283 0.019
3900.65809 17.336 0.025
3901.66363 17.272 0.018
3902.68116 17.246 0.016
3903.81844 17.386 0.019
3904.66100 17.385 0.015
3905.67169 17.447 0.017
3906.64951 17.519 0.019
3907.71559 17.461 0.025
3908.65548 17.281 0.014
3908.68702 17.298 0.015
3909.65358 17.239 0.014
3912.65763 17.420 0.014
3913.65782 17.462 0.016
3914.69588 17.534 0.017
3915.65471 17.275 0.015
3916.73646 17.320 0.020
3917.50975 17.430 0.023
3917.75363 17.320 0.018
3918.75393 17.288 0.015
3919.68388 17.363 0.015
3920.63778 17.506 0.022
3920.67369 17.489 0.022
3920.78570 17.314 0.015
3921.64622 17.411 0.022
3930.70789 17.375 0.018
3931.62407 17.312 0.018
3932.58252 17.387 0.017
3933.47216 17.284 0.018
3933.50127 17.306 0.017
3933.53314 17.444 0.017
3933.55914 17.422 0.016
3933.59394 17.426 0.016
3933.63478 17.338 0.013
3933.69128 17.336 0.015
3933.74058 17.274 0.015
3933.78990 17.278 0.017
3933.81608 17.242 0.023
3934.45796 17.341 0.045
3934.53009 17.374 0.019
3934.60182 17.463 0.017
3934.80321 17.264 0.016
3935.46172 17.314 0.038
3935.51084 17.270 0.020
3935.58284 17.332 0.016
3935.77689 17.302 0.017
3936.46133 17.348 0.036
3936.56791 17.309 0.016
3936.70323 17.467 0.018
3936.81895 17.327 0.024
3937.46749 17.341 0.028
3937.64661 17.374 0.017
3938.46295 17.484 0.039
3938.61214 17.270 0.015
3939.53356 17.431 0.017
3940.56735 17.449 0.017
3940.60620 17.341 0.013
3940.75291 17.272 0.014
3941.64262 17.408 0.023
3942.50666 17.313 0.023
3944.48814 17.275 0.016
3944.53970 17.288 0.015
3944.70793 17.364 0.015
3944.78188 17.447 0.025
3945.47343 17.396 0.020
3945.59558 17.266 0.017
3945.67846 17.325 0.016
3945.76742 17.523 0.024
3946.47999 17.477 0.022
3946.64001 17.230 0.016
3946.78497 17.407 0.021
3950.47870 17.246 0.018
3950.49331 17.302 0.018
3950.53847 17.303 0.016
3950.58944 17.353 0.016
3950.62580 17.407 0.016
3950.65664 17.471 0.016
3950.69132 17.457 0.017
3950.71185 17.464 0.019
3950.72623 17.411 0.019
3950.74846 17.332 0.019
3950.77531 17.325 0.020
3950.79092 17.335 0.022
3950.79379 17.331 0.022
3951.47423 17.441 0.022
3951.56645 17.286 0.018
3951.71388 17.445 0.021
3957.66048 17.536 0.026
3959.62723 17.284 0.016
3960.61836 17.255 0.013
3963.62378 17.404 0.017
3964.65602 17.484 0.019
3965.47352 17.293 0.019
3965.50199 17.294 0.015
3965.53069 17.299 0.014
3965.56336 17.273 0.016
3965.63474 17.375 0.015
3965.66603 17.447 0.016
3965.69331 17.424 0.018
3965.71147 17.390 0.018
3966.62927 17.269 0.017
3967.65268 17.275 0.020
3968.61214 17.326 0.018
3969.62262 17.295 0.016
3970.62942 17.313 0.020
3971.66071 17.448 0.020
3973.68896 17.471 0.021
3974.62653 17.279 0.017
3975.61903 17.357 0.017
3976.61299 17.262 0.016
3979.64821 17.617 0.036
3982.67023 17.271 0.029
3986.66150 17.438 0.028
3987.61027 17.388 0.019
3988.64244 17.332 0.020
3989.56059 17.268 0.019
3991.56196 17.347 0.018
3995.50978 17.264 0.016
4001.58014 17.493 0.021
4002.61577 17.407 0.018
4003.57019 17.250 0.014
4011.55356 17.279 0.021
4015.58250 17.431 0.029
4017.55621 17.341 0.020
4019.55757 17.273 0.021
4021.58049 17.499 0.028
4025.49874 17.309 0.018
4027.50648 17.369 0.023
4029.54802 17.471 0.025
4151.87195 17.277 0.020
4153.89388 17.277 0.020
4156.87227 17.420 0.024
4158.89764 17.351 0.020
4161.85985 17.364 0.025
4163.84269 17.374 0.022
4165.82273 17.304 0.027
4165.88640 17.344 0.027
4166.82743 17.292 0.030
4166.86214 17.319 0.026
4167.84093 17.324 0.027
4168.82130 17.401 0.024
4170.81492 17.407 0.024
4175.80381 17.372 0.020
4177.78947 17.358 0.019
4178.82327 17.346 0.020
4179.86319 17.314 0.020
4181.79963 17.342 0.022
4182.84816 17.329 0.018
4183.88072 17.364 0.020
4185.75695 17.292 0.021
4189.87590 17.288 0.022
4191.84365 17.412 0.029
4193.77227 17.295 0.027
4194.80159 17.273 0.020
4196.79163 17.349 0.021
4202.77320 17.308 0.018
4203.76122 17.319 0.018
4204.75352 17.470 0.025
4205.75004 17.460 0.021
4205.92900 17.266 0.023
4207.73951 17.449 0.024
4208.76159 17.286 0.018
4211.80819 17.344 0.021
4212.88736 17.355 0.027
4213.72615 17.358 0.022
4213.92971 17.292 0.019
4215.75879 17.428 0.023
4216.71658 17.307 0.020
4217.72407 17.322 0.019
4217.93352 17.383 0.024
4218.77369 17.318 0.023
4219.77732 17.474 0.025
4220.72215 17.384 0.022
4222.68805 17.420 0.028
4224.79875 17.273 0.019
4228.69421 17.298 0.021
4228.92778 17.299 0.023
4229.68790 17.289 0.026
4229.88486 17.453 0.021
4230.69761 17.390 0.020
4230.88568 17.473 0.023
4231.63997 17.423 0.023
4231.78415 17.236 0.018
4231.90834 17.434 0.024
4232.69203 17.429 0.027
4232.85304 17.293 0.024
4233.83292 17.320 0.028
4234.72819 17.496 0.024
4235.65350 17.287 0.021
4235.81476 17.410 0.018
4235.90713 17.321 0.021
4238.67759 17.321 0.025
4238.89183 17.444 0.022
4239.65420 17.449 0.023
4240.69356 17.438 0.020
4240.83645 17.247 0.020
4243.65941 17.317 0.022
4243.75208 17.423 0.024
4243.84581 17.421 0.025
4244.63169 17.297 0.025
4244.72810 17.298 0.020
4244.82077 17.419 0.021
4245.62480 17.473 0.022
4245.71875 17.300 0.018
4245.81458 17.326 0.017
4246.68313 17.342 0.020
4246.77599 17.367 0.020
4246.86933 17.352 0.019
4247.69838 17.410 0.021
4250.74655 17.404 0.021
4251.81810 17.429 0.036
4256.63424 17.340 0.026
4256.78029 17.365 0.026
4257.66588 17.336 0.026
4258.64858 17.294 0.021
4258.77109 17.395 0.022
4258.86520 17.400 0.026
4267.60923 17.354 0.021
4268.57242 17.478 0.028
4268.85536 17.353 0.021
4269.59165 17.443 0.020
4269.71219 17.362 0.020
4270.58520 17.353 0.020
4272.61354 17.278 0.019
4272.76270 17.440 0.020
4272.83437 17.354 0.020
4273.63065 17.254 0.021
4273.81132 17.491 0.024
4273.87247 17.421 0.032
4274.56335 17.431 0.031
4274.71724 17.286 0.022
4274.77820 17.320 0.020
4274.83662 17.481 0.025
4275.61576 17.416 0.021
4275.79112 17.308 0.023
4275.85222 17.359 0.031
4276.60060 17.514 0.028
4277.54436 17.355 0.027
4277.72134 17.384 0.022
4277.77998 17.446 0.030
4278.58923 17.349 0.026
4278.76539 17.423 0.030
4283.52384 17.432 0.027
4284.51874 17.330 0.027
4284.70932 17.435 0.022
4284.77165 17.280 0.020
4284.83650 17.293 0.025
4285.52188 17.309 0.024
4285.71531 17.440 0.023
4285.77641 17.333 0.021
4285.84171 17.395 0.024
4286.52154 17.268 0.024
4286.82650 17.388 0.028
4289.52936 17.427 0.025
4289.74788 17.294 0.021
4289.81301 17.379 0.026
4290.57563 17.507 0.029
4291.63828 17.536 0.023
4292.50390 17.284 0.018
4292.68311 17.509 0.021
4292.74174 17.441 0.019
4292.80024 17.296 0.019
4293.50428 17.284 0.021
4293.72888 17.436 0.020
4293.78765 17.375 0.023
4294.50346 17.352 0.022
4295.51055 17.387 0.022
4295.70860 17.314 0.018
4295.76721 17.401 0.020
4296.50756 17.466 0.026
4296.70873 17.293 0.018
4297.52718 17.462 0.023
4297.72876 17.235 0.017
4298.56203 17.431 0.022
4298.66774 17.370 0.020
4298.77363 17.268 0.025
4299.54505 17.342 0.017
4299.63853 17.602 0.023
4299.73026 17.370 0.018
4300.54074 17.301 0.019
4300.66081 17.450 0.022
4300.75631 17.401 0.020
4301.53161 17.267 0.018
4301.62734 17.285 0.017
4301.73000 17.527 0.023
4302.60461 17.308 0.022
4302.70474 17.360 0.020
4303.69060 17.362 0.023
4304.56471 17.468 0.030
4304.68283 17.288 0.028
4306.64866 17.465 0.024
4306.70931 17.363 0.024
4307.55725 17.316 0.018
4310.62802 17.253 0.027
4312.56022 17.462 0.027
4312.75864 17.244 0.020
4315.65122 17.456 0.027
4316.72438 17.474 0.025
4317.57245 17.287 0.018
4319.52973 17.444 0.023
4319.78454 17.391 0.027
4320.55651 17.489 0.022
4326.52377 17.449 0.020
4326.72097 17.293 0.024
4327.60311 17.432 0.025
4328.52990 17.361 0.026
4328.70793 17.293 0.020
4329.53893 17.491 0.025
4329.68686 17.462 0.026
4330.51078 17.285 0.018
4330.70588 17.581 0.027
4331.49092 17.352 0.023
4331.69979 17.453 0.029
4332.52072 17.382 0.020
4333.54221 17.439 0.024
4334.51522 17.471 0.029
4334.64341 17.343 0.035
4338.51506 17.281 0.023
4339.49237 17.399 0.024
4339.70882 17.370 0.027
4340.61267 17.325 0.026
4341.51568 17.547 0.031
4342.54489 17.431 0.023
4343.52371 17.325 0.017
4344.55201 17.339 0.025
4345.51714 17.306 0.018
4346.52981 17.342 0.026
4347.54453 17.356 0.020
4349.50618 17.402 0.023
4350.55280 17.423 0.020
4351.51870 17.292 0.019
4352.56924 17.326 0.025
4353.52261 17.301 0.019
4354.55132 17.298 0.020
4355.55544 17.367 0.022
4356.51932 17.503 0.027
4357.54843 17.455 0.026
4358.51140 17.349 0.026
4359.54895 17.297 0.023
4360.57832 17.420 0.024
4361.58178 17.316 0.027
4365.57438 17.447 0.026
4367.50766 17.277 0.021
4368.54403 17.327 0.024
4370.50809 17.450 0.025
4371.54653 17.471 0.020
4372.53225 17.416 0.020
4373.51842 17.310 0.022
4377.49661 17.419 0.022
4377.62035 17.293 0.028
4378.53093 17.477 0.024
4379.54598 17.528 0.033
4380.55745 17.421 0.023
4381.53614 17.287 0.026
4382.57870 17.323 0.026
4383.56924 17.364 0.024
4384.54341 17.358 0.023
4388.51331 17.348 0.027
4393.54322 17.478 0.025
4394.55856 17.521 0.030
4395.52999 17.353 0.025
4396.52204 17.383 0.030
4397.54629 17.292 0.023
4398.55121 17.282 0.022
4399.54389 17.367 0.028
4400.54596 17.426 0.034
4402.56239 17.464 0.031
4403.56148 17.405 0.036
4507.87589 17.279 0.022
4510.87270 17.286 0.019
4513.87385 17.419 0.019
4517.87296 17.319 0.025
4519.89395 17.375 0.021
4522.88786 17.362 0.024
4524.82368 17.309 0.022
4530.83129 17.280 0.016
4533.86715 17.341 0.022
4535.84993 17.419 0.023
4536.90759 17.448 0.022
4537.89322 17.305 0.016
4538.82831 17.309 0.020
4539.86640 17.327 0.019
4540.81258 17.414 0.018
4541.80529 17.442 0.018
4542.79999 17.368 0.021
4543.79554 17.292 0.018
4544.79236 17.312 0.020
4545.79877 17.288 0.019
4546.80583 17.361 0.019
4547.79983 17.408 0.021
4548.81077 17.445 0.023
4550.75383 17.310 0.024
4551.77700 17.279 0.019
4552.77296 17.306 0.030
4556.76909 17.361 0.020
4557.78626 17.309 0.017
4558.76323 17.287 0.016
4559.76118 17.312 0.018
4560.76134 17.369 0.020
4561.75137 17.422 0.018
4564.74151 17.298 0.019
4565.73955 17.268 0.015
4566.73912 17.273 0.016
4567.73212 17.373 0.018
4568.74064 17.445 0.021
4569.74977 17.504 0.021
4570.74043 17.385 0.024
4571.73506 17.309 0.022
4571.92358 17.344 0.021
4572.76256 17.280 0.017
4573.75095 17.308 0.019
4573.91725 17.498 0.020
4574.75330 17.335 0.022
4575.76241 17.389 0.021
4575.91928 17.308 0.020
4576.76889 17.462 0.020
4577.85060 17.362 0.021
4578.80165 17.500 0.026
4579.83322 17.376 0.021
4579.87875 17.432 0.026
4583.74539 17.482 0.027
4583.75713 17.465 0.025
4583.77178 17.381 0.024
4583.82889 17.301 0.019
4583.86435 17.309 0.018
4583.89597 17.307 0.019
4583.92383 17.316 0.018
4585.69006 17.333 0.022
4585.77254 17.707 0.031
4585.93271 17.315 0.029
4586.73147 17.336 0.025
4586.79876 17.401 0.025
4587.78204 17.302 0.021
4588.70517 17.324 0.025
4589.68743 17.427 0.022
4589.84283 17.291 0.020
4589.90481 17.356 0.023
4590.71318 17.488 0.021
4590.91481 17.303 0.020
4591.71867 17.457 0.021
4591.84417 17.334 0.018
4591.91071 17.274 0.019
4592.67736 17.447 0.022
4592.86662 17.373 0.023
4593.66644 17.270 0.020
4593.87618 17.439 0.022
4594.68748 17.266 0.018
4594.88252 17.503 0.022
4595.67705 17.355 0.019
4595.87143 17.402 0.020
4595.93331 17.501 0.027
4596.67221 17.426 0.022
4597.69665 17.465 0.021
4597.88820 17.311 0.019
4598.67293 17.412 0.017
4599.64545 17.355 0.021
4600.65468 17.299 0.017
4600.86344 17.430 0.019
4601.66027 17.314 0.017
4601.87653 17.582 0.020
4602.65291 17.325 0.018
4602.86231 17.414 0.018
4603.89545 17.434 0.022
4606.65420 17.370 0.021
4606.91252 17.288 0.020
4610.75036 17.258 0.028
4611.63968 17.523 0.025
4611.83052 17.274 0.017
4612.66107 17.414 0.023
4615.80282 17.528 0.025
4616.61497 17.339 0.021
4616.82836 17.542 0.023
4616.91128 17.401 0.024
4617.68632 17.262 0.016
4618.62362 17.440 0.023
4621.93718 17.284 0.018
4622.82201 17.461 0.025
4622.93943 17.256 0.023
4623.67939 17.525 0.027
4623.88116 17.419 0.030
4624.60113 17.403 0.024
4624.82528 17.555 0.025
4624.89160 17.501 0.025
4625.61525 17.454 0.025
4625.83464 17.361 0.025
4625.92351 17.468 0.029
4626.61377 17.459 0.026
4626.89350 17.390 0.027
4627.57419 17.295 0.019
4627.86349 17.288 0.016
4627.93075 17.280 0.018
4628.56151 17.292 0.020
4628.76775 17.406 0.022
4628.83322 17.308 0.019
4628.90307 17.281 0.019
4629.63889 17.300 0.016
4629.84149 17.386 0.020
4629.91951 17.311 0.020
4630.57484 17.448 0.021
4630.78066 17.439 0.019
4630.86404 17.372 0.022
4630.92678 17.311 0.022
4631.57619 17.399 0.017
4631.79194 17.371 0.017
4631.87863 17.281 0.020
4632.58001 17.479 0.021
4632.86676 17.527 0.028
4633.57997 17.397 0.021
4633.69148 17.338 0.017
4633.80724 17.290 0.019
4638.76509 17.389 0.023
4638.87530 17.495 0.036
4639.58762 17.409 0.023
4639.68542 17.285 0.020
4640.60711 17.438 0.021
4640.73925 17.282 0.018
4640.84430 17.319 0.026
4641.68113 17.419 0.023
4641.79106 17.310 0.022
4642.60507 17.339 0.019
4642.76758 17.313 0.019
4642.84266 17.238 0.020
4643.56282 17.282 0.020
4644.61019 17.297 0.023
4644.87190 17.340 0.023
4645.53327 17.552 0.030
4645.78173 17.439 0.025
4645.85645 17.543 0.029
4646.53133 17.494 0.021
4646.86369 17.497 0.025
4647.52766 17.461 0.026
4647.75072 17.285 0.019
4647.77443 17.330 0.021
4647.81940 17.500 0.026
4647.86772 17.545 0.032
4648.51084 17.331 0.020
4648.73292 17.317 0.019
4648.82836 17.320 0.023
4649.53690 17.303 0.021
4649.81579 17.301 0.021
4649.87206 17.238 0.024
4650.52291 17.320 0.027
4650.78682 17.366 0.022
4651.52632 17.335 0.024
4651.82139 17.408 0.025
4652.51728 17.398 0.022
4652.73181 17.384 0.019
4652.80530 17.535 0.023
4652.85502 17.422 0.029
4653.51365 17.506 0.028
4653.73280 17.335 0.019
4654.55247 17.466 0.025
4654.76395 17.329 0.021
4655.51354 17.359 0.024
4655.73800 17.297 0.018
4655.79981 17.302 0.022
4656.51543 17.313 0.018
4656.70523 17.351 0.021
4656.82449 17.263 0.025
4657.74279 17.389 0.027
4658.67397 17.360 0.022
4660.62629 17.344 0.026
4661.50351 17.420 0.025
4661.70419 17.308 0.022
4661.76569 17.327 0.025
4661.83289 17.424 0.028
4665.67104 17.417 0.029
4666.57646 17.299 0.019
4666.71956 17.440 0.027
4666.76170 17.564 0.032
4670.66110 17.433 0.026
4671.59672 17.408 0.017
4672.52217 17.280 0.016
4672.71464 17.426 0.019
4672.73690 17.432 0.022
4674.52527 17.338 0.022
4674.71841 17.306 0.019
4677.50196 17.337 0.019
4677.65569 17.400 0.027
4679.55260 17.347 0.024
4681.54333 17.297 0.018
4681.64332 17.328 0.022
4681.77559 17.445 0.025
4682.51432 17.394 0.019
4682.67165 17.279 0.017
4682.76684 17.438 0.022
4683.53281 17.508 0.028
4683.71978 17.319 0.021
4684.52534 17.403 0.020
4684.73906 17.264 0.017
4685.51034 17.379 0.026
4685.74535 17.489 0.025
4686.51409 17.282 0.018
4687.49785 17.329 0.021
4687.75335 17.388 0.022
4688.51073 17.332 0.021
4688.70060 17.402 0.020
4688.76237 17.437 0.026
4693.55853 17.322 0.024
4694.61969 17.455 0.031
4697.51426 17.431 0.020
4698.51980 17.447 0.018
4699.51596 17.538 0.022
4700.52220 17.346 0.018
4701.51751 17.318 0.020
4702.51604 17.266 0.021
4703.58653 17.291 0.020
4704.65625 17.310 0.021
4705.51966 17.437 0.018
4707.65000 17.345 0.021
4708.55291 17.365 0.026
4709.52902 17.313 0.024
4710.55861 17.277 0.020
4715.59799 17.745 0.039
4716.60038 17.358 0.023
4720.56756 17.403 0.025
4721.49995 17.448 0.032
4722.61239 17.499 0.027
4724.52144 17.324 0.025
4725.50024 17.342 0.025
4726.56117 17.419 0.031
4728.60631 17.371 0.026
4730.58045 17.563 0.025
4731.58508 17.374 0.024
4733.53672 17.280 0.020
4734.56605 17.413 0.025
4737.55699 17.516 0.028
4740.56751 17.268 0.023
4741.59885 17.257 0.021
4743.58081 17.476 0.027
4753.56101 17.557 0.034
4756.53985 17.350 0.025
4758.52269 17.468 0.029
4869.88835 17.477 0.032
4870.86428 17.386 0.023
4873.86552 17.311 0.021
4874.85998 17.357 0.024
4877.85978 17.448 0.020
4884.86733 17.468 0.021
4887.83944 17.274 0.018
4890.89540 17.355 0.019
4896.88362 17.295 0.016
4899.85454 17.459 0.022
4900.89595 17.445 0.019
4901.89431 17.368 0.017
4902.89304 17.351 0.018
4904.81718 17.447 0.022
4910.82316 17.332 0.021
4911.79366 17.410 0.016
4912.79065 17.434 0.017
4914.80769 17.335 0.018
4917.76872 17.339 0.017
4920.75300 17.423 0.018
4924.88737 17.316 0.021
4925.82903 17.296 0.017
4925.91660 17.452 0.020
4927.72879 17.360 0.022
4927.88325 17.308 0.022
4928.74525 17.376 0.021
4929.80152 17.365 0.018
4930.71600 17.302 0.020
4930.83494 17.313 0.022
4931.73086 17.384 0.027
4931.87651 17.357 0.021
4932.73388 17.378 0.019
4932.83456 17.316 0.017
4933.78223 17.355 0.022
4934.78068 17.490 0.020
4934.88543 17.320 0.025
4938.69122 17.372 0.022
4938.89600 17.366 0.022
4939.71016 17.602 0.027
4940.71015 17.485 0.020
4941.68888 17.395 0.021
4941.78688 17.433 0.023
4942.72668 17.359 0.018
4943.68073 17.262 0.015
4943.82022 17.458 0.020
4944.67754 17.301 0.017
4944.68619 17.297 0.018
4944.71071 17.283 0.016
4944.74033 17.253 0.017
4944.78276 17.279 0.018
4944.83299 17.384 0.018
4945.67990 17.332 0.018
4945.69906 17.299 0.018
4945.72602 17.287 0.017
4945.75084 17.276 0.016
4945.78245 17.264 0.016
4945.84800 17.344 0.015
4946.67563 17.447 0.019
4946.69224 17.401 0.018
4946.73092 17.354 0.018
4946.80531 17.293 0.014
4947.66936 17.449 0.018
4947.69080 17.495 0.019
4947.72878 17.521 0.018
4947.81497 17.308 0.016
4947.86756 17.312 0.019
4948.67055 17.378 0.018
4948.82882 17.327 0.015
4948.84991 17.321 0.016
4949.66701 17.283 0.017
4949.82916 17.406 0.018
4950.66115 17.242 0.018
4951.65803 17.280 0.019
4952.65629 17.318 0.018
4953.64992 17.443 0.020
4953.82450 17.304 0.019
4954.65150 17.554 0.024
4954.84432 17.290 0.017
4955.65218 17.398 0.020
