2127.57861 17.138 0.020
2130.59999 17.128 0.017
2133.61236 17.096 0.016
2137.56272 17.117 0.016
2142.54434 17.100 0.015
2171.65903 17.065 0.017
2190.51675 17.108 0.016
2215.52752 17.160 0.030
2338.83042 17.099 0.019
2363.83861 17.083 0.019
2388.88490 17.138 0.016
2390.90411 17.138 0.017
2393.82621 17.075 0.025
2400.82675 17.105 0.016
2404.70199 17.104 0.015
2406.80514 17.096 0.016
2416.82571 17.113 0.017
2424.91735 17.142 0.027
2431.76250 17.133 0.016
2433.75256 17.133 0.017
2434.92328 17.141 0.023
2436.91004 17.130 0.020
2439.86816 17.128 0.017
2441.82620 17.124 0.017
2444.87858 17.135 0.022
2445.73504 17.072 0.029
2448.78481 17.137 0.033
2463.64385 17.120 0.015
2466.46595 17.127 0.023
2469.64944 17.065 0.013
2481.76094 17.122 0.020
2484.71777 17.097 0.022
2487.67152 17.177 0.022
2491.55277 17.122 0.022
2498.62394 17.118 0.015
2502.66765 17.164 0.025
2510.56546 17.109 0.016
2529.55052 17.126 0.017
2543.49855 17.105 0.017
2583.50107 17.101 0.026
2709.87518 17.085 0.013
2754.80111 17.094 0.016
2787.78891 17.110 0.017
2790.58299 17.080 0.012
2795.69249 17.061 0.015
2797.69677 17.124 0.015
2802.74747 17.183 0.023
2809.82145 17.105 0.017
2812.86581 17.126 0.017
2814.81783 17.119 0.017
2829.83056 17.129 0.020
2835.73266 17.118 0.017
2837.74649 17.163 0.023
2838.78787 17.136 0.020
2840.75941 17.096 0.017
2843.75264 17.108 0.015
2845.73821 17.089 0.016
2850.68448 17.128 0.016
2852.68053 17.283 0.017
2862.48283 17.137 0.025
2863.49957 17.122 0.020
2865.56518 17.094 0.017
2866.64452 17.108 0.019
2883.66062 17.094 0.016
2890.65306 17.171 0.027
2893.53672 17.102 0.017
2894.52490 17.109 0.019
2897.63521 17.105 0.019
2898.55598 17.245 0.023
2898.63682 17.228 0.023
2899.63877 17.138 0.015
2899.67308 17.120 0.019
2900.49291 17.100 0.020
2902.49217 17.148 0.026
2903.49209 17.299 0.025
2905.48511 17.151 0.026
2906.48919 17.088 0.020
2907.48919 17.122 0.023
2908.48948 17.152 0.025
2909.49151 17.125 0.019
2910.48206 17.124 0.035
2910.53874 17.145 0.022
2911.49930 17.097 0.022
2911.55385 17.085 0.016
2911.58194 17.079 0.016
2915.48498 17.066 0.025
2916.52042 17.104 0.019
2917.50754 17.138 0.022
2918.49972 17.103 0.025
2920.51079 17.102 0.022
2921.49660 17.131 0.025
2921.58636 17.091 0.022
2922.50615 17.122 0.023
2922.57337 17.124 0.023
2923.51543 17.087 0.017
2924.51168 17.073 0.016
2925.50718 17.107 0.019
2925.56420 17.080 0.019
2926.53746 17.114 0.017
2927.50428 17.113 0.019
2927.55120 17.097 0.017
2928.51326 17.070 0.017
2928.56735 17.084 0.023
2929.50780 17.113 0.025
2929.58235 17.151 0.020
2930.50627 17.116 0.017
2931.51002 17.062 0.016
2932.52703 17.109 0.017
2933.51343 17.091 0.017
2934.51640 17.127 0.022
2935.52640 17.131 0.023
2937.52331 17.108 0.020
2939.52110 17.135 0.022
2941.53652 17.119 0.033
2944.53616 17.224 0.026
2945.51713 17.067 0.026
2946.51013 17.112 0.023
2947.50079 17.148 0.029
2950.51729 17.119 0.022
2952.50849 17.153 0.025
2953.52003 17.082 0.023
3041.88395 17.108 0.022
3053.82607 17.108 0.015
3066.80661 17.101 0.017
3072.78626 17.098 0.017
3076.80480 17.079 0.017
3084.79898 17.080 0.015
3088.84974 17.051 0.013
3097.86121 17.018 0.015
3103.82585 17.084 0.015
3107.81528 17.078 0.015
3112.91476 17.108 0.015
3116.82446 17.110 0.016
3124.84240 17.036 0.017
3127.92607 17.068 0.015
3128.91529 17.119 0.016
3135.74886 17.044 0.013
3142.86178 17.150 0.017
3144.87977 17.127 0.017
3147.93997 17.094 0.017
3151.85598 17.127 0.017
3152.85318 17.116 0.016
3153.85788 17.091 0.020
3156.90922 17.090 0.015
3163.86006 17.069 0.017
3164.84124 17.126 0.016
3168.77763 17.099 0.015
3169.88327 17.117 0.016
3170.91265 17.113 0.017
3174.80506 17.114 0.015
3175.91426 17.104 0.019
3182.88313 17.020 0.015
3185.59360 17.054 0.015
3194.83799 17.114 0.016
3195.77131 17.086 0.013
3195.84647 17.134 0.017
3197.82572 17.105 0.019
3201.56577 17.135 0.013
3201.58229 17.011 0.013
3202.80694 17.141 0.016
3203.81624 17.128 0.015
3206.69487 17.005 0.012
3210.74825 17.051 0.013
3211.78055 17.325 0.023
3217.75402 17.060 0.020
3231.69353 17.092 0.017
3245.67645 17.109 0.017
3251.55369 17.107 0.016
3254.63745 17.182 0.020
3257.57752 17.136 0.015
3261.51021 17.123 0.017
3265.57180 17.098 0.015
3267.62941 17.176 0.015
3273.53342 17.140 0.023
3277.49386 17.089 0.017
3280.49277 17.161 0.017
3283.50117 17.167 0.016
3289.55477 17.116 0.015
3294.54958 17.083 0.012
3296.49794 17.063 0.020
3419.86807 17.077 0.013
3424.87162 17.059 0.015
3436.90156 17.051 0.016
3445.90125 17.095 0.012
3453.86867 17.069 0.015
3468.90295 17.029 0.013
3479.84724 17.078 0.012
3481.82757 17.104 0.013
3502.93353 17.114 0.015
3508.93732 17.152 0.019
3512.94398 17.103 0.020
3521.94219 17.137 0.016
3522.84394 17.108 0.016
3523.87077 17.117 0.016
3526.91543 17.072 0.015
3528.86656 17.173 0.020
3538.89298 17.110 0.017
3547.87974 17.157 0.019
3550.86276 17.172 0.016
3551.86864 17.106 0.020
3552.86399 17.158 0.019
3553.83166 17.128 0.020
3556.76563 17.154 0.016
3558.76124 17.129 0.016
3561.81544 17.132 0.013
3574.79497 17.109 0.020
3575.72885 17.131 0.015
3581.78366 17.074 0.015
3618.68862 17.121 0.016
3631.59789 17.183 0.019
3635.58192 17.158 0.013
3652.58075 17.209 0.026
3778.87038 17.063 0.016
4153.84611 17.104 0.017
4158.84263 17.110 0.019
4161.81047 17.200 0.027
4167.88135 17.095 0.017
4169.88500 17.077 0.017
4174.88700 17.091 0.016
4178.79065 17.093 0.017
4205.89413 17.092 0.017
4218.92362 17.073 0.016
4243.89066 17.085 0.017
4244.90136 17.111 0.017
4246.94477 17.132 0.023
4247.60316 17.129 0.020
4250.93106 17.131 0.020
4257.71330 17.129 0.022
4258.81524 17.182 0.020
4268.59627 17.108 0.019
4269.73668 17.110 0.017
4272.65790 17.120 0.016
4273.70592 17.084 0.017
4274.68920 17.108 0.017
4275.74599 17.116 0.019
4277.58682 17.101 0.017
4298.80561 17.144 0.020
4299.77515 17.106 0.015
4300.71125 17.129 0.016
4302.80835 17.147 0.020
4306.56543 17.134 0.020
4312.67520 17.136 0.017
4317.66650 17.118 0.017
4319.67131 17.129 0.017
4326.69936 17.084 0.019
4327.71662 17.163 0.020
4328.65139 17.132 0.017
4329.64159 17.122 0.019
4330.65602 17.132 0.016
4331.65144 17.114 0.017
4332.71340 17.160 0.020
4333.65519 17.142 0.019
4334.66870 17.132 0.029
4338.68830 17.142 0.023
4339.65823 17.114 0.019
4340.72145 17.139 0.025
4341.70287 17.136 0.025
4342.69935 17.122 0.025
4343.66916 17.103 0.017
4345.66902 17.143 0.023
4346.67416 17.099 0.017
4347.68832 17.253 0.019
4349.66340 17.107 0.016
4354.66753 17.134 0.023
4357.60560 17.148 0.020
4359.57909 17.117 0.016
4365.62717 17.177 0.035
4370.57641 17.122 0.017
4372.61199 17.084 0.017
4377.57269 17.176 0.027
4382.60786 17.168 0.026
4388.52359 17.077 0.023
4541.85058 17.099 0.015
4583.87825 17.094 0.017
4585.86200 17.122 0.016
4586.88076 17.102 0.016
4587.89262 17.134 0.019
4588.78287 17.087 0.015
4591.74474 17.069 0.015
4606.86659 17.125 0.016
4629.78887 17.096 0.016
4642.55372 17.106 0.019
4644.80028 17.119 0.016
4651.72500 17.125 0.019
4653.68502 17.101 0.016
4670.74934 17.124 0.019
4671.70284 17.138 0.015
4672.66264 17.102 0.015
4677.73472 17.102 0.017
4681.71862 17.147 0.020
4682.71628 17.114 0.015
4683.67231 17.167 0.017
4684.69108 17.164 0.017
4685.71688 17.101 0.016
4685.76904 17.128 0.020
4687.70512 17.170 0.022
4688.65101 17.099 0.015
4694.73898 17.103 0.026
4697.65990 17.126 0.019
4698.67804 17.147 0.019
4700.67325 17.120 0.016
4701.65656 17.120 0.017
4702.67103 17.298 0.020
4708.69265 17.141 0.022
4715.65372 17.149 0.023
4721.66721 17.125 0.026
4722.65741 17.124 0.022
4725.63032 17.124 0.022
4733.61961 17.151 0.020
4750.56165 17.119 0.025
4757.56855 17.088 0.019
4763.54483 17.098 0.025
4772.51905 17.099 0.025
4877.88495 17.082 0.017
4890.83805 17.092 0.017
4899.80668 17.115 0.019
