2115.80241 13.954 0.004
2128.65596 13.919 0.004
2131.68544 13.946 0.004
2135.53518 13.962 0.004
2138.68925 13.883 0.004
2143.61009 13.938 0.004
2162.60355 13.917 0.004
2170.51019 13.900 0.004
2173.58318 13.932 0.004
2183.51975 13.968 0.004
2184.58303 13.940 0.004
2195.56524 13.916 0.004
2350.91774 13.924 0.004
2359.87808 13.951 0.004
2370.91910 13.936 0.004
2384.75650 13.948 0.004
2388.75973 13.939 0.004
2390.72940 13.946 0.004
2401.69009 13.947 0.004
2403.75125 13.942 0.004
2405.68737 13.939 0.004
2410.78098 13.918 0.004
2415.68928 13.948 0.004
2417.76304 13.953 0.004
2425.65009 13.954 0.004
2431.69948 13.941 0.004
2433.67570 13.953 0.004
2435.79657 13.927 0.004
2437.70337 13.926 0.004
2439.62603 13.937 0.004
2441.62641 13.943 0.004
2444.62146 13.919 0.004
2446.63434 13.918 0.004
2448.64727 13.950 0.004
2452.60766 13.938 0.004
2458.72749 13.934 0.004
2462.71647 13.911 0.004
2464.52880 13.951 0.004
2468.56857 13.944 0.004
2470.57267 13.931 0.004
2483.50723 13.951 0.004
2485.70367 13.949 0.004
2489.77289 13.943 0.004
2492.72113 13.928 0.004
2495.51390 13.936 0.004
2497.57434 13.953 0.004
2499.61188 13.961 0.004
2501.63794 13.934 0.004
2503.58604 13.929 0.004
2511.61833 13.934 0.004
2518.56884 13.932 0.004
2521.56502 13.918 0.004
2529.68545 13.954 0.004
2537.55591 13.928 0.004
2540.56817 13.925 0.004
2545.57152 13.957 0.004
2555.51929 13.944 0.004
2561.54379 13.959 0.004
2566.57221 13.947 0.004
2700.90491 13.922 0.004
2712.87506 13.925 0.004
2727.83861 13.935 0.004
2732.85238 13.928 0.004
2743.84421 13.945 0.004
2748.86353 13.922 0.004
2755.86322 13.939 0.004
2759.85743 13.927 0.004
2765.88449 13.928 0.004
2769.92578 13.896 0.004
2782.79444 13.921 0.004
2784.78839 13.901 0.004
2786.68167 13.909 0.004
2788.83374 13.939 0.004
2790.87024 13.950 0.004
2795.60148 13.924 0.004
2797.58926 13.919 0.004
2802.66479 13.893 0.004
2808.70487 13.930 0.004
2810.63171 13.937 0.004
2812.60983 13.933 0.004
2814.60586 13.926 0.004
2815.64061 13.912 0.004
2817.67118 13.891 0.004
2819.55913 13.912 0.004
2821.53655 13.952 0.004
2830.57950 13.925 0.004
2835.51645 13.918 0.004
2838.63855 13.953 0.004
2840.56306 13.932 0.004
2842.61172 13.927 0.004
2844.67605 13.932 0.004
2849.49504 13.887 0.004
2851.60584 13.924 0.004
2853.61675 13.970 0.004
2855.68988 13.953 0.004
2857.79204 13.919 0.004
2860.63848 13.941 0.004
2863.72219 13.920 0.004
2867.57551 13.918 0.004
2870.64886 13.976 0.004
2872.69945 13.936 0.004
2876.64455 13.930 0.004
2879.58083 13.929 0.004
2884.60834 13.944 0.004
2890.69397 13.926 0.004
2894.67009 13.929 0.004
2906.63913 13.905 0.004
2910.63164 13.938 0.004
2912.61818 13.913 0.004
2923.59812 13.902 0.004
3047.88329 13.983 0.004
3056.89068 13.945 0.004
4911.83435 13.928 0.004
