2125.61979 17.166 0.025
2129.69452 17.237 0.016
2132.63609 17.117 0.015
2136.54015 17.137 0.019
2141.55189 17.124 0.015
2144.64178 17.108 0.016
2160.60957 17.431 0.032
2211.50426 17.098 0.028
2347.83597 17.147 0.017
2357.86350 17.289 0.019
2372.85137 17.180 0.019
2383.82325 17.115 0.015
2388.79393 17.172 0.019
2390.82334 17.146 0.017
2397.70101 17.327 0.019
2401.83268 17.348 0.019
2403.90965 17.264 0.017
2405.89704 17.344 0.021
2414.90207 17.352 0.022
2416.85436 17.227 0.019
2424.82173 17.102 0.018
2428.85034 17.081 0.017
2434.74867 17.219 0.016
2436.79738 17.169 0.017
2438.75816 17.291 0.019
2441.73585 17.329 0.017
2445.64198 17.158 0.017
2448.66336 17.161 0.019
2455.70000 17.196 0.017
2459.62002 17.111 0.013
2463.55132 17.319 0.020
2466.65047 17.161 0.019
2468.68070 17.188 0.015
2470.66313 17.249 0.016
2472.68832 17.219 0.016
2481.56771 17.207 0.024
2484.63026 17.234 0.020
2486.72225 17.391 0.029
2490.69045 17.277 0.019
2493.65197 17.169 0.019
2495.75392 17.285 0.022
2498.51746 17.140 0.014
2500.56195 17.129 0.015
2502.57318 17.117 0.016
2508.67348 17.103 0.021
2512.61982 17.191 0.019
2517.57373 17.358 0.020
2520.58903 17.353 0.020
2528.49432 17.093 0.019
2538.50073 17.121 0.018
2542.52805 17.126 0.020
2552.50201 17.381 0.026
2556.58612 17.292 0.027
2563.50055 17.253 0.020
2575.52875 17.132 0.020
2707.86995 17.102 0.016
2714.90923 17.145 0.016
2729.84320 17.259 0.026
2733.92335 17.353 0.030
2744.92116 17.127 0.015
2753.89559 17.094 0.017
2757.80733 17.314 0.019
2761.82443 17.355 0.019
2767.79975 17.369 0.026
2775.72882 17.099 0.027
2783.83278 17.145 0.016
2785.75841 17.105 0.017
2787.60875 17.302 0.025
2789.76546 17.125 0.016
2791.72186 17.156 0.017
2794.93652 17.123 0.021
2796.83556 17.120 0.015
2797.89680 17.105 0.015
2809.72467 17.267 0.021
2811.64901 17.121 0.021
2812.72352 17.212 0.019
2813.83279 17.357 0.020
2814.75633 17.209 0.018
2816.62101 17.117 0.015
2818.59229 17.099 0.016
2820.79893 17.205 0.018
2826.76240 17.099 0.014
2835.64653 17.328 0.027
2839.71578 17.316 0.022
2841.72507 17.309 0.018
2843.65161 17.416 0.022
2845.66224 17.368 0.022
2850.53023 17.099 0.016
2852.54263 17.086 0.021
2854.54637 17.082 0.017
2856.73671 17.288 0.029
2858.68936 17.176 0.025
2862.60203 17.120 0.021
2865.70560 17.118 0.019
2868.59182 17.189 0.016
2876.58808 17.312 0.019
2879.63836 17.309 0.020
2884.66873 17.293 0.024
2892.65710 17.250 0.028
2895.63079 17.184 0.017
2900.55901 17.080 0.019
2906.51093 17.185 0.021
2911.53510 17.202 0.021
2918.55911 17.368 0.027
2930.58009 17.335 0.027
3051.88964 17.260 0.028
3064.82450 17.098 0.019
3067.89793 17.117 0.015
3070.85946 17.120 0.019
3073.81488 17.217 0.019
3075.85355 17.179 0.017
3079.89809 17.179 0.020
3082.86906 17.306 0.018
3084.91151 17.265 0.016
3086.84305 17.344 0.016
3088.80051 17.232 0.015
3089.90977 17.371 0.018
3091.83799 17.237 0.018
3096.87096 17.175 0.019
3098.85999 17.162 0.014
3100.80908 17.104 0.016
3101.92282 17.188 0.021
3103.78037 17.112 0.017
3104.90106 17.238 0.047
3108.77292 17.166 0.015
3109.80510 17.137 0.015
3110.83951 17.110 0.015
3112.79783 17.164 0.015
3113.87878 17.125 0.014
3114.78965 17.210 0.015
3115.87313 17.105 0.016
3122.91566 17.204 0.019
3125.87600 17.284 0.022
3126.90157 17.232 0.018
3127.81242 17.396 0.020
3128.82547 17.408 0.019
3130.70337 17.165 0.020
3134.82508 17.312 0.019
3135.90470 17.430 0.022
3138.70644 17.101 0.018
3139.88373 17.313 0.016
3140.88350 17.288 0.017
3142.77177 17.115 0.015
3144.79272 17.127 0.016
3146.81537 17.133 0.016
3151.75537 17.118 0.017
3151.90803 17.137 0.019
3152.75944 17.159 0.017
3153.76335 17.137 0.019
3154.82491 17.122 0.020
3156.84461 17.113 0.018
3158.91873 17.187 0.030
3162.81961 17.189 0.019
3163.63249 17.250 0.015
3163.65425 17.288 0.016
3164.74184 17.368 0.018
3165.76199 17.365 0.015
3166.90713 17.220 0.027
3167.76736 17.378 0.026
3168.75519 17.342 0.018
3169.73152 17.309 0.018
3170.80857 17.365 0.016
3171.83134 17.370 0.014
3172.75829 17.316 0.016
3174.71522 17.187 0.014
3175.72457 17.204 0.015
3177.76174 17.174 0.020
3178.78828 17.230 0.015
3179.79797 17.221 0.016
3180.72690 17.141 0.013
3182.77789 17.196 0.016
3183.74646 17.127 0.017
3184.70427 17.116 0.014
3185.75690 17.133 0.016
3193.54250 17.450 0.020
3194.60108 17.349 0.020
3195.65305 17.283 0.014
3195.80607 17.119 0.015
3196.55154 17.396 0.022
3197.51903 17.327 0.017
3199.62887 17.387 0.019
3199.65432 17.367 0.017
3199.69189 17.312 0.017
3199.74855 17.203 0.019
3201.46721 17.084 0.021
3201.52071 17.270 0.016
3201.75110 17.222 0.013
3201.81594 17.155 0.017
3202.48400 17.148 0.017
3202.57508 17.292 0.017
3202.75877 17.254 0.018
3203.47277 17.135 0.017
3203.66466 17.468 0.018
3204.55145 17.240 0.014
3204.65896 17.414 0.017
3205.47386 17.110 0.017
3205.77261 17.242 0.015
3206.52586 17.122 0.014
3206.72343 17.380 0.021
3209.55358 17.130 0.017
3210.51728 17.061 0.016
3211.58924 17.152 0.017
3217.65788 17.119 0.017
3218.65628 17.149 0.018
3219.61213 17.104 0.021
3223.65746 17.110 0.020
3224.70295 17.144 0.015
3226.62651 17.120 0.019
3228.60674 17.127 0.016
3229.63921 17.123 0.017
3230.67280 17.130 0.016
3231.57620 17.184 0.016
3232.60399 17.178 0.021
3238.62516 17.204 0.019
3239.70386 17.240 0.022
3240.68499 17.220 0.022
3241.65990 17.255 0.019
3245.55978 17.278 0.020
3246.66348 17.379 0.027
3247.62967 17.328 0.020
3249.53168 17.202 0.018
3250.66435 17.335 0.024
3253.53211 17.142 0.017
3256.64139 17.252 0.022
3267.53745 17.136 0.016
3272.59287 17.140 0.019
3275.57584 17.236 0.022
3278.60473 17.244 0.021
3282.57874 17.335 0.015
3288.55130 17.415 0.021
3293.52192 17.243 0.015
3295.53211 17.150 0.011
3305.55151 17.125 0.021
3308.52278 17.121 0.027
3309.50992 17.167 0.021
3310.52952 17.151 0.024
3311.50067 17.167 0.026
3314.49992 17.184 0.034
3409.88298 17.358 0.020
3414.87145 17.204 0.018
3421.90301 17.163 0.016
3422.87736 17.222 0.016
3426.86849 17.060 0.014
3429.85054 17.150 0.017
3432.89394 17.107 0.017
3442.89643 17.195 0.016
3445.80917 17.325 0.015
3447.85984 17.358 0.020
3449.87244 17.334 0.015
3452.89303 17.363 0.015
3455.82728 17.171 0.020
3457.86081 17.223 0.015
3459.85598 17.180 0.015
3467.88584 17.132 0.013
3469.79180 17.119 0.013
3470.80468 17.113 0.012
3472.76715 17.171 0.015
3473.78692 17.177 0.015
3474.78359 17.220 0.020
3475.80919 17.173 0.014
3477.77097 17.276 0.016
3478.71692 17.437 0.019
3478.75179 17.338 0.016
3478.80826 17.195 0.014
3478.85760 17.158 0.012
3478.88800 17.136 0.015
3479.73613 17.400 0.016
3479.76980 17.355 0.014
3479.88615 17.154 0.013
3479.93074 17.099 0.014
3480.72995 17.397 0.015
3480.90065 17.175 0.014
3481.74789 17.415 0.017
3482.72465 17.376 0.017
3496.72745 17.123 0.015
3497.79900 17.288 0.019
3498.92327 17.404 0.019
3499.87015 17.316 0.017
3500.67928 17.049 0.013
3500.69150 17.095 0.013
3500.73635 17.113 0.014
3500.80361 17.165 0.015
3500.84459 17.247 0.015
3500.87357 17.355 0.019
3500.89815 17.380 0.020
3500.92882 17.375 0.017
3501.67097 17.117 0.015
3501.80112 17.177 0.012
3502.72586 17.086 0.013
3503.69502 17.100 0.013
3504.70975 17.091 0.014
3506.75359 17.118 0.016
3508.76315 17.100 0.016
3509.73625 17.111 0.013
3510.80601 17.073 0.013
3511.84514 17.124 0.014
3512.71484 17.147 0.017
3517.69576 17.292 0.022
3520.76921 17.172 0.016
3521.72598 17.298 0.014
3522.75394 17.280 0.014
3523.75914 17.308 0.014
3524.90085 17.111 0.018
3525.75731 17.329 0.015
3526.76027 17.313 0.015
3528.68120 17.274 0.015
3529.70347 17.306 0.012
3530.61859 17.153 0.012
3537.74378 17.195 0.014
3538.61508 17.118 0.014
3539.82538 17.322 0.012
3540.65843 17.104 0.014
3544.73061 17.120 0.017
3546.85251 17.301 0.028
3547.81678 17.212 0.020
3550.64326 17.173 0.014
3551.64420 17.182 0.010
3552.67916 17.132 0.014
3553.72858 17.117 0.017
3554.66710 17.155 0.017
3555.68547 17.163 0.015
3556.68154 17.199 0.015
3558.53858 17.350 0.018
3558.83726 17.077 0.017
3559.70721 17.206 0.014
3560.60858 17.368 0.018
3561.55353 17.326 0.017
3562.59695 17.404 0.022
3563.64772 17.436 0.017
3564.58268 17.318 0.021
3571.72133 17.377 0.030
3571.76990 17.329 0.040
3573.66576 17.260 0.019
3574.69718 17.304 0.017
3575.54466 17.097 0.013
3575.78127 17.428 0.021
3576.69853 17.254 0.017
3577.59862 17.083 0.014
3578.68327 17.162 0.014
3579.62878 17.124 0.013
3580.66196 17.172 0.015
3581.68181 17.149 0.013
3582.65369 17.099 0.014
3583.64412 17.123 0.015
3583.76402 17.271 0.021
3584.65276 17.099 0.012
3584.76743 17.285 0.018
3585.64311 17.075 0.015
3585.73270 17.178 0.014
3586.72818 17.145 0.013
3587.60040 17.111 0.017
3587.66330 17.107 0.016
3587.72592 17.203 0.021
3588.55089 17.136 0.014
3588.61080 17.080 0.012
3589.48957 17.278 0.015
3589.55448 17.132 0.012
3589.68174 17.092 0.012
3589.69107 17.103 0.013
3590.46905 17.316 0.019
3590.55387 17.169 0.013
3590.63339 17.059 0.014
3590.69046 17.110 0.015
3591.48216 17.362 0.017
3591.63190 17.094 0.012
3591.68927 17.100 0.012
3592.48129 17.349 0.018
3592.54857 17.218 0.015
3592.66234 17.087 0.013
3593.47185 17.286 0.015
3593.57555 17.175 0.014
3593.75621 17.088 0.017
3594.49555 17.333 0.019
3594.57037 17.179 0.013
3594.71839 17.081 0.015
3596.64570 17.213 0.020
3599.63624 17.224 0.022
3601.66691 17.166 0.016
3602.62752 17.305 0.018
3603.46679 17.201 0.031
3603.64755 17.245 0.017
3607.64591 17.365 0.017
3608.66127 17.314 0.017
3615.58902 17.177 0.014
3618.59062 17.162 0.016
3620.55383 17.097 0.014
3622.53169 17.120 0.017
3628.61253 17.115 0.020
3630.54722 17.139 0.018
3632.59889 17.111 0.021
3634.49797 17.314 0.019
3639.55684 17.315 0.015
3641.55525 17.352 0.026
3644.51564 17.398 0.018
3648.54874 17.431 0.026
3650.59588 17.533 0.030
3654.55143 17.258 0.026
3656.53269 17.191 0.019
3658.56453 17.212 0.028
3659.55107 17.208 0.026
3660.53717 17.121 0.021
3661.51846 17.169 0.026
3661.56298 17.148 0.030
3662.49871 17.065 0.017
3662.52567 17.180 0.022
3664.53504 17.136 0.017
3665.50793 17.110 0.018
3665.54056 17.219 0.021
3666.49476 17.112 0.017
3668.49178 17.126 0.026
3669.51705 17.112 0.019
3670.50700 17.034 0.022
3672.51508 17.148 0.026
3675.51925 17.149 0.021
3776.87794 17.148 0.017
3782.86258 17.116 0.016
3784.88789 17.087 0.015
3788.85534 17.060 0.017
3790.89772 17.075 0.017
3793.86505 17.111 0.014
3795.85244 17.143 0.020
3798.81564 17.230 0.016
3799.83983 17.179 0.017
3800.83475 17.235 0.019
3801.89424 17.137 0.016
3802.85979 17.218 0.019
3803.89509 17.181 0.015
3805.81154 17.341 0.018
3806.77781 17.279 0.019
3807.79692 17.281 0.021
3808.80460 17.259 0.018
3809.88971 17.310 0.017
3810.85632 17.316 0.018
3811.84791 17.322 0.019
3812.84401 17.273 0.022
3813.83695 17.248 0.017
3814.83584 17.240 0.016
3817.86909 17.248 0.017
3818.89648 17.312 0.017
3819.81415 17.120 0.014
3820.78084 17.095 0.014
3821.78397 17.092 0.014
3822.82336 17.112 0.015
3823.78355 17.107 0.015
3824.74974 17.085 0.017
3825.81460 17.095 0.015
3826.74312 17.073 0.014
3827.81091 17.093 0.014
3828.78553 17.070 0.017
3829.76772 17.110 0.016
3830.74408 17.134 0.015
3831.92105 17.109 0.014
3832.75462 17.138 0.014
3833.76778 17.148 0.014
3833.82029 17.112 0.013
3833.88322 17.105 0.014
3834.75356 17.186 0.014
3834.92441 17.140 0.026
3835.74261 17.243 0.019
3836.77366 17.194 0.016
3837.74101 17.311 0.024
3837.91292 17.101 0.015
3838.75280 17.311 0.026
3838.92013 17.098 0.017
3839.74857 17.338 0.021
3840.71457 17.397 0.021
3840.91955 17.074 0.016
3841.75309 17.360 0.020
3841.90379 17.096 0.015
3842.85690 17.168 0.015
3845.72861 17.406 0.031
3845.91994 17.115 0.018
3846.73933 17.372 0.016
3846.93200 17.123 0.019
3847.80540 17.402 0.024
3848.76035 17.400 0.018
3849.75951 17.426 0.018
3850.70416 17.226 0.016
3850.87719 17.289 0.017
3851.71879 17.218 0.017
3851.88357 17.361 0.020
3851.92970 17.251 0.018
3852.70727 17.167 0.017
3852.87851 17.325 0.017
3853.69568 17.172 0.014
3853.86397 17.395 0.016
3853.93481 17.237 0.018
3856.68573 17.153 0.015
3856.85248 17.393 0.016
3857.92338 17.373 0.020
3858.77212 17.184 0.014
3859.81028 17.240 0.016
3860.67979 17.096 0.016
3860.91864 17.507 0.027
3861.67787 17.070 0.015
3861.78150 17.134 0.013
3862.71114 17.108 0.014
3862.87361 17.309 0.017
3863.64860 17.113 0.015
3863.86271 17.272 0.015
3864.68553 17.077 0.015
3864.87561 17.256 0.014
3864.93455 17.393 0.017
3865.83310 17.183 0.016
3865.90983 17.293 0.016
3866.69482 17.093 0.014
3866.83432 17.174 0.015
3866.91323 17.311 0.015
3867.63767 17.136 0.017
3867.82523 17.141 0.016
3867.89641 17.238 0.016
3868.72078 17.108 0.017
3868.87245 17.184 0.019
3869.70059 17.107 0.016
3869.88154 17.139 0.019
3872.90486 17.155 0.014
3873.65409 17.216 0.015
3873.79629 17.080 0.014
3873.86827 17.102 0.015
3873.93786 17.182 0.018
3874.75257 17.137 0.017
3875.66624 17.234 0.013
3875.82210 17.085 0.013
3875.91265 17.130 0.014
3876.64345 17.292 0.012
3877.64160 17.330 0.016
3877.79290 17.095 0.013
3877.86678 17.110 0.014
3880.61464 17.427 0.015
3880.84246 17.073 0.015
3880.92127 17.118 0.015
3881.67167 17.349 0.018
3881.88312 17.119 0.014
3882.58366 17.244 0.018
3882.75994 17.184 0.016
3882.83419 17.114 0.015
3882.90300 17.091 0.014
3883.64931 17.337 0.018
3883.84986 17.128 0.013
3886.61143 17.222 0.018
3886.80422 17.195 0.014
3886.87606 17.117 0.016
3887.58474 17.156 0.016
3887.78738 17.279 0.015
3887.88691 17.103 0.016
3888.60082 17.207 0.017
3889.66721 17.252 0.015
3889.94543 17.110 0.017
3890.65235 17.237 0.015
3891.67684 17.237 0.017
3891.80508 17.313 0.017
3891.88707 17.217 0.017
3892.57843 17.168 0.024
3892.94721 17.128 0.019
3893.63066 17.140 0.016
3893.87534 17.258 0.022
3894.68104 17.209 0.018
3896.62168 17.118 0.022
3900.53993 17.173 0.025
3900.72634 17.191 0.015
3900.80499 17.275 0.017
3900.87362 17.347 0.019
3901.55010 17.100 0.017
3901.73144 17.138 0.016
3901.80867 17.235 0.018
3901.87761 17.362 0.025
3902.57431 17.133 0.014
3902.75226 17.184 0.015
3902.87511 17.378 0.029
3903.66391 17.106 0.015
3904.56110 17.168 0.014
3904.72408 17.152 0.015
3904.79317 17.186 0.015
3904.89531 17.376 0.020
3905.55784 17.176 0.015
3905.73454 17.103 0.013
3905.80455 17.175 0.013
3905.87311 17.314 0.017
3906.57234 17.138 0.017
3906.71297 17.091 0.014
3906.78532 17.165 0.015
3906.86843 17.348 0.025
3907.60313 17.166 0.016
3907.78535 17.187 0.024
3907.86991 17.281 0.025
3908.53925 17.246 0.018
3908.72488 17.112 0.015
3908.80494 17.161 0.015
3908.88803 17.302 0.018
3909.54110 17.300 0.019
3909.72379 17.091 0.012
3909.81427 17.163 0.014
3909.89056 17.292 0.019
3910.57754 17.202 0.015
3912.54020 17.352 0.014
3912.72756 17.114 0.012
3912.82149 17.133 0.013
3913.53172 17.386 0.015
3913.73714 17.116 0.015
3913.82606 17.149 0.013
3914.55548 17.359 0.019
3915.53320 17.413 0.020
3915.73521 17.145 0.014
3915.83342 17.156 0.019
3916.57189 17.389 0.019
3916.81583 17.123 0.015
3917.62064 17.282 0.019
3917.82640 17.100 0.017
3918.61399 17.343 0.022
3918.82410 17.148 0.020
3919.55226 17.443 0.027
3919.76088 17.113 0.011
3920.51857 17.317 0.020
3920.71466 17.230 0.017
3920.80007 17.102 0.013
3921.51475 17.270 0.018
3921.72849 17.204 0.022
3922.71843 17.223 0.021
3930.55167 17.161 0.015
3930.79626 17.105 0.026
3931.50732 17.139 0.018
3932.53491 17.153 0.016
3932.80662 17.246 0.017
3933.52129 17.110 0.014
3933.70579 17.418 0.017
3933.77776 17.356 0.017
3934.49520 17.107 0.015
3934.66524 17.306 0.015
3934.73508 17.424 0.017
3935.54509 17.090 0.016
3935.71644 17.398 0.022
3935.81397 17.327 0.020
3936.49849 17.073 0.017
3936.66399 17.250 0.016
3936.74035 17.394 0.022
3937.56274 17.167 0.020
3938.50622 17.084 0.018
3938.70127 17.340 0.019
3938.80641 17.462 0.028
3940.59091 17.093 0.014
3941.70756 17.270 0.020
3944.55881 17.056 0.014
3944.75917 17.249 0.019
3945.78710 17.291 0.021
3946.51796 17.148 0.017
3946.71017 17.157 0.018
3950.52664 17.195 0.014
3950.74171 17.173 0.018
3951.51937 17.215 0.018
3951.75068 17.204 0.025
3956.57257 17.210 0.022
3957.51100 17.333 0.020
3958.58179 17.196 0.017
3959.51457 17.365 0.020
3959.68900 17.172 0.020
3960.50381 17.322 0.016
3960.68291 17.154 0.014
3961.57514 17.336 0.022
3963.53645 17.360 0.017
3963.60637 17.296 0.017
3963.71382 17.129 0.017
3964.53156 17.322 0.016
3965.51597 17.281 0.016
3965.70725 17.131 0.014
3966.49117 17.213 0.018
3966.69286 17.163 0.016
3967.52956 17.331 0.020
3967.71832 17.178 0.017
3968.50366 17.200 0.017
3968.67360 17.282 0.021
3969.48524 17.200 0.018
3969.68594 17.287 0.017
3970.51951 17.179 0.017
3970.69301 17.298 0.017
3971.55825 17.271 0.021
3973.58445 17.262 0.017
3974.51373 17.163 0.017
3975.51662 17.141 0.015
3975.69325 17.387 0.024
3976.51116 17.129 0.014
3976.68722 17.431 0.027
3979.51342 17.184 0.031
3982.57406 17.131 0.016
3983.53170 17.036 0.020
3986.58852 17.159 0.020
3987.51087 17.153 0.017
3988.52377 17.137 0.014
3989.53438 17.116 0.015
3990.55118 17.095 0.016
3991.50697 17.176 0.020
3993.55864 17.147 0.017
3994.56934 17.168 0.018
3995.57693 17.148 0.015
3999.61428 17.158 0.017
4002.50368 17.389 0.021
4003.49789 17.383 0.018
4004.53199 17.399 0.018
4006.52495 17.431 0.020
4012.50486 17.317 0.022
4016.52049 17.218 0.021
4018.55866 17.214 0.021
4020.54349 17.104 0.017
4023.54383 17.133 0.022
4025.56321 17.125 0.018
4028.50263 17.101 0.020
4031.50274 17.092 0.019
4038.50809 17.146 0.022
4041.50711 17.211 0.026
4043.51486 17.364 0.033
4141.88253 17.161 0.019
4151.86370 17.098 0.019
4153.88564 17.092 0.017
4156.86404 17.137 0.020
4158.88364 17.117 0.018
4161.85158 17.200 0.022
4163.83446 17.283 0.021
4165.81587 17.295 0.030
4168.81305 17.345 0.021
4170.80499 17.345 0.036
4175.79563 17.235 0.020
4176.90697 17.347 0.019
4178.81071 17.183 0.018
4179.85500 17.194 0.016
4181.79144 17.131 0.019
4182.83638 17.162 0.016
4183.87253 17.166 0.018
4184.91317 17.192 0.016
4189.85583 17.125 0.018
4191.81764 17.110 0.024
4193.74780 17.194 0.028
4194.79339 17.148 0.019
4196.78345 17.163 0.021
4202.76499 17.309 0.018
4203.75300 17.375 0.018
4204.74526 17.371 0.021
4204.92756 17.100 0.018
4205.74180 17.417 0.020
4207.73126 17.414 0.021
4208.75336 17.408 0.019
4211.79753 17.408 0.024
4212.87469 17.365 0.025
4213.71789 17.231 0.019
4213.92147 17.249 0.016
4215.75057 17.271 0.020
4216.70836 17.183 0.019
4217.71581 17.161 0.016
4217.92528 17.352 0.017
4218.76543 17.226 0.024
4219.76635 17.191 0.024
4220.71108 17.122 0.018
4222.67982 17.085 0.021
4222.92458 17.434 0.022
4224.79053 17.156 0.018
4224.80204 17.191 0.018
4224.82484 17.219 0.022
4224.84518 17.252 0.025
4224.86690 17.302 0.025
4224.87624 17.311 0.022
4224.87907 17.305 0.022
4224.88198 17.332 0.022
4224.89350 17.331 0.021
4224.90463 17.357 0.027
4224.91573 17.387 0.027
4224.92582 17.412 0.026
4224.92877 17.435 0.027
4224.93165 17.412 0.029
4224.93464 17.415 0.030
4224.93731 17.397 0.033
4227.84608 17.182 0.017
4227.85365 17.182 0.019
4227.85748 17.238 0.021
4227.87452 17.242 0.020
4227.88697 17.285 0.024
4227.91069 17.290 0.021
4227.92031 17.337 0.024
4227.92898 17.348 0.026
4228.62646 17.140 0.028
4228.63472 17.154 0.026
4228.68594 17.088 0.018
4228.71727 17.118 0.017
4228.75741 17.098 0.018
4228.79369 17.110 0.017
4228.83544 17.149 0.022
4228.88015 17.244 0.022
4228.90557 17.262 0.025
4228.91952 17.280 0.027
4228.93093 17.356 0.026
4228.93383 17.332 0.025
4229.63499 17.101 0.021
4229.67962 17.142 0.021
4229.74178 17.106 0.017
4229.80924 17.146 0.017
4229.87657 17.221 0.019
4229.92715 17.296 0.019
4230.63240 17.154 0.024
4230.68932 17.110 0.016
4230.76230 17.093 0.014
4230.87737 17.229 0.021
4230.92849 17.314 0.027
4231.61575 17.211 0.020
4231.63166 17.149 0.017
4231.77588 17.091 0.016
4231.90008 17.190 0.021
4232.61690 17.253 0.025
4232.68373 17.137 0.024
4232.84474 17.130 0.025
4232.93389 17.297 0.027
4233.71743 17.101 0.022
4233.81901 17.089 0.018
4233.92541 17.185 0.024
4234.61098 17.283 0.026
4234.71719 17.126 0.018
4234.93152 17.209 0.021
4235.61953 17.311 0.022
4235.64519 17.246 0.019
4235.80644 17.096 0.015
4235.89887 17.135 0.017
4237.61072 17.315 0.027
4238.61573 17.332 0.029
4238.63114 17.308 0.027
4238.68155 17.241 0.022
4238.81931 17.093 0.017
4238.88354 17.090 0.022
4239.63789 17.317 0.025
4240.68525 17.249 0.021
4240.82533 17.113 0.017
4243.65106 17.356 0.024
4243.74377 17.221 0.019
4243.83752 17.127 0.017
4244.62339 17.293 0.024
4244.71965 17.291 0.019
4244.81246 17.145 0.017
4245.61649 17.275 0.019
4245.71041 17.312 0.018
4245.80622 17.155 0.017
4246.67478 17.346 0.020
4246.76766 17.245 0.019
4246.86099 17.109 0.017
4247.69003 17.356 0.022
4250.73818 17.350 0.021
4251.80976 17.236 0.030
4256.62587 17.113 0.024
4256.77191 17.335 0.025
4257.65753 17.136 0.024
4258.64076 17.123 0.021
4258.76325 17.283 0.019
4258.85737 17.331 0.025
4267.60137 17.140 0.018
4268.56459 17.197 0.020
4268.84745 17.249 0.020
4269.58377 17.164 0.017
4269.70432 17.080 0.016
4269.81308 17.210 0.014
4270.57732 17.200 0.021
4272.60568 17.186 0.016
4272.75483 17.090 0.016
4272.81404 17.127 0.017
4272.88563 17.223 0.021
4273.62279 17.185 0.022
4273.80343 17.127 0.020
4273.86459 17.163 0.028
4274.55545 17.272 0.025
4274.70919 17.111 0.019
4274.77032 17.089 0.018
4274.82873 17.011 0.018
4275.60788 17.246 0.021
4275.78325 17.089 0.019
4275.84433 17.190 0.026
4276.59266 17.299 0.025
4277.53647 17.420 0.032
4277.71337 17.127 0.018
4277.77206 17.060 0.021
4277.83310 17.128 0.025
4278.58134 17.390 0.029
4278.75750 17.145 0.022
4283.51589 17.296 0.025
4283.73620 17.193 0.021
4284.51082 17.236 0.022
4284.70140 17.251 0.020
4284.76374 17.172 0.018
4284.82858 17.121 0.021
4285.51393 17.210 0.025
4285.70668 17.264 0.021
4285.76847 17.176 0.018
4285.83380 17.142 0.021
4286.51362 17.219 0.021
4286.81855 17.116 0.026
4289.52143 17.164 0.020
4289.73997 17.285 0.021
4289.80508 17.200 0.019
4290.56772 17.209 0.022
4291.63034 17.350 0.019
4292.49600 17.119 0.016
4292.67518 17.393 0.019
4292.73378 17.366 0.018
4292.79229 17.216 0.019
4293.49631 17.126 0.018
4293.72094 17.420 0.020
4293.77973 17.285 0.019
4294.49549 17.093 0.017
4295.50260 17.101 0.019
4295.70065 17.412 0.018
4295.75924 17.395 0.019
4296.49965 17.084 0.019
4296.69618 17.399 0.019
4297.51920 17.099 0.019
4297.72083 17.389 0.016
4298.55408 17.119 0.018
4298.65980 17.239 0.019
4298.76568 17.457 0.027
4299.53709 17.079 0.015
4299.63056 17.165 0.017
4299.72230 17.330 0.018
4300.53278 17.094 0.017
4300.65284 17.164 0.017
4300.74837 17.388 0.019
4301.52366 17.075 0.016
4301.61939 17.102 0.016
4301.72092 17.283 0.017
4301.81079 17.395 0.021
4302.59663 17.086 0.016
4302.69681 17.205 0.019
4303.68264 17.203 0.022
4304.55675 17.095 0.021
4304.67489 17.151 0.024
4306.64074 17.111 0.020
4306.69645 17.160 0.020
4310.61994 17.075 0.022
4312.55219 17.151 0.021
4312.75064 17.143 0.020
4315.64319 17.119 0.022
4316.71636 17.110 0.019
4317.56446 17.216 0.017
4319.52171 17.309 0.022
4319.77654 17.114 0.020
4320.54851 17.308 0.019
4326.51577 17.296 0.018
4326.71293 17.168 0.020
4327.59458 17.354 0.026
4328.52138 17.249 0.021
4328.69941 17.207 0.020
4329.53094 17.259 0.021
4329.67883 17.247 0.021
4330.50224 17.190 0.019
4330.69553 17.232 0.020
4331.48238 17.162 0.021
4331.69125 17.275 0.025
4332.51217 17.202 0.017
4333.53326 17.167 0.020
4333.69438 17.344 0.026
4334.50664 17.179 0.036
4334.63487 17.394 0.047
4338.50649 17.116 0.020
4339.48382 17.107 0.019
4339.70026 17.386 0.027
4340.60410 17.195 0.019
4341.50712 17.129 0.024
4342.53631 17.125 0.018
4343.51515 17.112 0.015
4344.54338 17.129 0.022
4345.50857 17.093 0.015
4346.52128 17.094 0.018
4347.53599 17.113 0.017
4349.49762 17.135 0.018
4350.54427 17.115 0.016
4351.51016 17.152 0.017
4352.56068 17.131 0.022
4353.51404 17.162 0.017
4354.54276 17.164 0.016
4355.54571 17.142 0.017
4356.51077 17.214 0.019
4357.53985 17.272 0.027
4358.50289 17.301 0.024
4359.54041 17.253 0.020
4360.56978 17.215 0.022
4361.57320 17.223 0.026
4362.51496 17.357 0.025
4365.56579 17.331 0.028
4367.49905 17.403 0.022
4368.53545 17.478 0.029
4370.49951 17.307 0.021
4371.53794 17.382 0.020
4372.52367 17.337 0.018
4373.50986 17.283 0.024
4376.57458 17.405 0.031
4377.61179 17.437 0.030
4378.52237 17.215 0.020
4379.53740 17.237 0.025
4380.54890 17.216 0.019
4381.52760 17.189 0.024
4382.57014 17.287 0.028
4383.56068 17.188 0.020
4384.53486 17.157 0.022
4388.49799 17.127 0.022
4393.53468 17.106 0.018
4394.55002 17.123 0.020
4395.52146 17.109 0.021
4396.51345 17.129 0.025
4397.53776 17.154 0.020
4398.54267 17.128 0.021
4399.53538 17.145 0.026
4400.53744 17.179 0.028
4402.55386 17.201 0.027
4403.55293 17.228 0.026
4408.54369 17.313 0.030
4507.86818 17.084 0.020
4510.86450 17.064 0.017
4513.86562 17.109 0.015
4517.86475 17.103 0.025
4519.88571 17.097 0.016
4522.87963 17.131 0.019
4524.81545 17.261 0.024
4530.82308 17.337 0.017
4533.85894 17.374 0.024
4535.84170 17.335 0.024
4536.89938 17.332 0.019
4537.88501 17.344 0.017
4538.82012 17.269 0.019
4539.85817 17.260 0.018
4540.80438 17.150 0.016
4541.79708 17.157 0.015
4542.79177 17.133 0.019
4543.78731 17.125 0.016
4544.78420 17.105 0.019
4545.79051 17.104 0.017
4546.79763 17.110 0.016
4547.79160 17.094 0.016
4548.80256 17.085 0.019
4550.74561 17.096 0.019
4551.76880 17.132 0.017
4552.76478 17.081 0.029
4556.76088 17.171 0.017
4557.77809 17.140 0.017
4558.75503 17.185 0.016
4559.75295 17.232 0.017
4560.75308 17.225 0.016
4561.74314 17.272 0.018
4564.73329 17.337 0.018
4565.73137 17.362 0.016
4565.92227 17.095 0.014
4566.73085 17.383 0.018
4567.72389 17.415 0.018
4568.73243 17.364 0.019
4569.74153 17.406 0.021
4570.73215 17.353 0.021
4571.72682 17.359 0.024
4571.91537 17.207 0.016
4572.75431 17.391 0.019
4573.74269 17.315 0.021
4573.90905 17.217 0.016
4574.74508 17.332 0.021
4575.75416 17.321 0.019
4576.76067 17.308 0.019
4577.84238 17.439 0.025
4578.79340 17.319 0.025
4579.87032 17.429 0.031
4583.73713 17.147 0.017
4583.92992 17.408 0.021
4585.76084 17.158 0.021
4586.78604 17.173 0.022
4587.77378 17.108 0.018
4587.93231 17.407 0.027
4588.69625 17.110 0.019
4588.92710 17.393 0.020
4589.67916 17.103 0.017
4589.83455 17.192 0.018
4589.89658 17.282 0.020
4590.70193 17.116 0.016
4590.90659 17.295 0.019
4591.71043 17.099 0.016
4591.83587 17.164 0.017
4591.90243 17.242 0.018
4592.66906 17.129 0.018
4592.85831 17.213 0.019
4592.93667 17.289 0.024
4593.65819 17.140 0.017
4593.86790 17.174 0.016
4594.67921 17.168 0.017
4594.87425 17.188 0.017
4595.66872 17.153 0.017
4595.86316 17.137 0.017
4595.92500 17.194 0.018
4596.66395 17.179 0.019
4597.68837 17.172 0.017
4597.87989 17.149 0.017
4598.66466 17.228 0.015
4598.93338 17.153 0.018
4599.63716 17.275 0.021
4599.92771 17.151 0.020
4600.64641 17.303 0.016
4600.85513 17.099 0.015
4601.65198 17.290 0.017
4601.86823 17.103 0.014
4601.93009 17.130 0.016
4602.64461 17.334 0.018
4602.85403 17.106 0.014
4603.88713 17.113 0.016
4606.64588 17.331 0.021
4606.90096 17.109 0.019
4610.74205 17.314 0.019
4611.63136 17.227 0.020
4611.82221 17.212 0.017
4612.65274 17.249 0.018
4612.68400 17.300 0.019
4615.79448 17.342 0.021
4616.60350 17.109 0.018
4616.82002 17.317 0.020
4616.88998 17.193 0.019
4617.67523 17.217 0.017
4618.61526 17.140 0.017
4621.91663 17.285 0.016
4622.81368 17.352 0.021
4622.92925 17.251 0.028
4623.64823 17.126 0.020
4623.87279 17.354 0.025
4624.59278 17.076 0.020
4624.81690 17.319 0.019
4624.88327 17.373 0.021
4625.60687 17.109 0.020
4625.79722 17.272 0.020
4625.91464 17.329 0.025
4626.60536 17.110 0.019
4626.86586 17.372 0.021
4627.56583 17.135 0.018
4627.85512 17.305 0.017
4627.92238 17.348 0.019
4628.55309 17.175 0.018
4628.75937 17.158 0.018
4628.82481 17.251 0.019
4628.89472 17.380 0.021
4629.63051 17.103 0.015
4629.83313 17.258 0.018
4629.91115 17.340 0.021
4630.56646 17.172 0.018
4630.77227 17.151 0.016
4630.85565 17.247 0.019
4630.91842 17.374 0.024
4631.56784 17.180 0.015
4631.78357 17.160 0.015
4631.87027 17.297 0.020
4632.57163 17.172 0.017
4632.85838 17.215 0.018
4633.57160 17.175 0.018
4633.60406 17.167 0.016
4633.68311 17.099 0.015
4633.79886 17.142 0.017
4633.81655 17.179 0.017
4633.82604 17.158 0.017
4633.88732 17.256 0.024
4638.70762 17.128 0.019
4638.75667 17.085 0.018
4638.86687 17.171 0.022
4639.53524 17.416 0.022
4639.57919 17.334 0.022
4639.67699 17.168 0.016
4640.59870 17.316 0.019
4640.73086 17.103 0.016
4640.83590 17.139 0.022
4641.67270 17.215 0.017
4641.78265 17.107 0.018
4642.59663 17.390 0.020
4642.75915 17.136 0.017
4642.83422 17.100 0.018
4643.55439 17.429 0.024
4644.60177 17.418 0.025
4644.86349 17.116 0.017
4645.52485 17.279 0.026
4645.77331 17.184 0.018
4645.84802 17.111 0.020
4646.52286 17.285 0.018
4646.85525 17.145 0.018
4647.51925 17.287 0.024
4647.74229 17.224 0.020
4647.85331 17.102 0.020
4648.50239 17.223 0.019
4648.71887 17.267 0.019
4648.81991 17.134 0.018
4649.52851 17.210 0.021
4649.80734 17.161 0.018
4649.86359 17.127 0.019
4650.51447 17.202 0.021
4650.77839 17.191 0.018
4650.87211 17.104 0.019
4651.51784 17.171 0.026
4651.81296 17.176 0.020
4652.50887 17.137 0.018
4652.72200 17.385 0.019
4652.79687 17.188 0.018
4652.84661 17.173 0.024
4653.50521 17.125 0.022
4653.72438 17.424 0.021
4653.78961 17.261 0.025
4654.54402 17.196 0.017
4654.75549 17.361 0.020
4654.83706 17.234 0.026
4655.50509 17.128 0.021
4655.72955 17.424 0.019
4655.79134 17.276 0.021
4656.50700 17.123 0.015
4656.69679 17.451 0.022
4656.81601 17.285 0.022
4657.73315 17.407 0.026
4658.66550 17.344 0.020
4659.60482 17.190 0.024
4660.61782 17.188 0.019
4661.49505 17.116 0.021
4661.69573 17.327 0.026
4661.75723 17.446 0.029
4661.82445 17.350 0.027
4665.66253 17.157 0.024
4666.56798 17.068 0.017
4666.71103 17.248 0.021
4666.75322 17.274 0.024
4670.65266 17.126 0.018
4671.58820 17.110 0.015
4672.51369 17.140 0.014
4672.70613 17.121 0.016
4672.72842 17.169 0.018
4674.51678 17.185 0.020
4674.70989 17.147 0.017
4675.68463 17.119 0.017
4677.49339 17.290 0.018
4677.63979 17.104 0.017
4678.69678 17.087 0.015
4679.49902 17.344 0.027
4679.63577 17.143 0.020
4681.53480 17.285 0.019
4681.63479 17.206 0.019
4681.76702 17.125 0.017
4682.50580 17.354 0.019
4682.66313 17.138 0.016
4682.75832 17.103 0.016
4683.52431 17.367 0.025
4683.71125 17.118 0.019
4684.51682 17.351 0.019
4684.73055 17.115 0.015
4685.50183 17.348 0.025
4685.73679 17.116 0.018
4686.50554 17.302 0.018
4687.48930 17.270 0.019
4687.74484 17.174 0.021
4688.50224 17.251 0.020
4688.69207 17.181 0.017
4688.75386 17.124 0.019
4693.55003 17.286 0.026
4694.54507 17.252 0.027
4697.50573 17.135 0.017
4698.51122 17.116 0.015
4699.50738 17.125 0.017
4700.51366 17.106 0.016
4701.50895 17.107 0.017
4702.50748 17.079 0.017
4703.57800 17.162 0.017
4704.64773 17.216 0.019
4705.51109 17.104 0.015
4707.64146 17.183 0.017
4708.54436 17.122 0.020
4709.52046 17.155 0.022
4710.55006 17.087 0.016
4715.58940 17.137 0.020
4716.59182 17.104 0.026
4720.55897 17.202 0.020
4721.49143 17.317 0.028
4722.60381 17.138 0.019
4724.51288 17.363 0.025
4725.49167 17.410 0.027
4726.55259 17.356 0.030
4728.59773 17.284 0.024
4729.55322 17.373 0.029
4730.57189 17.380 0.020
4731.57649 17.418 0.025
4733.52815 17.405 0.021
4734.55751 17.421 0.025
4737.54843 17.369 0.022
4740.55896 17.285 0.022
4741.56664 17.253 0.019
4743.57228 17.225 0.020
4753.55244 17.106 0.020
4756.53130 17.149 0.022
4758.51414 17.157 0.025
4868.88455 17.150 0.021
4870.85555 17.099 0.019
4873.85726 17.089 0.018
4874.85174 17.103 0.019
4877.85157 17.120 0.016
4884.85910 17.194 0.017
4887.83120 17.253 0.017
4890.88717 17.227 0.016
4896.87541 17.349 0.017
4899.84634 17.303 0.019
4900.88774 17.332 0.017
4901.88614 17.320 0.018
4902.88483 17.297 0.017
4904.80896 17.148 0.017
4905.91295 17.337 0.027
4910.81490 17.070 0.016
4911.78546 17.119 0.014
4912.78241 17.093 0.013
4914.79944 17.104 0.015
4917.76047 17.181 0.015
4920.74039 17.224 0.015
4924.78141 17.209 0.016
4925.82136 17.174 0.015
4925.90842 17.100 0.013
4925.91983 17.119 0.017
4927.72109 17.355 0.024
4927.87553 17.165 0.020
4928.73755 17.353 0.021
4929.79382 17.305 0.018
4930.70831 17.366 0.020
4930.82726 17.282 0.021
4931.72315 17.373 0.025
4931.86880 17.240 0.019
4932.72618 17.342 0.019
4932.82687 17.356 0.017
4933.77452 17.478 0.027
4934.77294 17.482 0.032
4934.87774 17.209 0.022
4938.68351 17.149 0.018
4938.88815 17.336 0.021
4939.70243 17.180 0.021
4940.70242 17.154 0.017
4941.68119 17.100 0.016
4941.77917 17.280 0.018
4942.71898 17.123 0.015
4943.67301 17.106 0.014
4943.81250 17.325 0.018
4944.66980 17.094 0.015
4944.70803 17.120 0.015
4944.82528 17.329 0.018
4945.71828 17.118 0.015
4945.77474 17.200 0.015
4946.66793 17.073 0.015
4947.66163 17.107 0.014
4947.85986 17.288 0.018
4948.84217 17.254 0.015
4950.66985 17.080 0.015
4951.65030 17.110 0.016
4952.64856 17.183 0.017
4953.64219 17.178 0.016
4953.81674 17.166 0.016
4954.64373 17.108 0.017
4954.83660 17.156 0.015
4955.64442 17.181 0.020
4955.77778 17.104 0.016
