2125.60234 18.813 0.110
2129.67982 18.874 0.072
2132.62124 18.448 0.052
2136.52544 18.353 0.073
2141.53648 18.368 0.049
2144.62762 18.456 0.054
2160.59482 18.761 0.096
2187.59168 18.524 0.091
2206.56084 18.454 0.102
2347.82080 18.731 0.068
2357.84778 18.512 0.056
2372.83562 18.660 0.066
2383.78793 18.397 0.046
2386.87952 18.666 0.066
2391.84577 18.500 0.074
2397.73639 18.482 0.050
2401.81624 18.463 0.055
2403.89383 18.668 0.068
2405.87645 18.513 0.063
2415.87441 18.659 0.093
2424.80566 18.548 0.061
2428.83439 18.747 0.071
2432.84854 18.382 0.084
2434.71959 18.734 0.070
2438.74286 18.521 0.055
2441.71964 18.829 0.064
2448.62945 18.581 0.080
2455.68383 18.529 0.051
2459.60408 18.456 0.042
2463.53572 18.530 0.060
2466.68406 18.718 0.068
2468.62625 18.588 0.054
2470.62922 18.837 0.080
2472.66633 18.141 0.043
2481.54939 18.604 0.099
2484.61500 18.374 0.075
2486.70704 18.694 0.094
2490.67362 18.443 0.065
2493.63684 18.802 0.075
2495.70703 18.410 0.054
2498.50153 18.623 0.054
2500.53576 18.432 0.055
2502.55824 18.844 0.085
2508.65863 19.007 0.111
2512.60470 18.699 0.080
2517.60089 18.742 0.070
2520.57379 18.597 0.061
2526.66256 18.766 0.068
2538.48573 18.647 0.077
2542.51918 18.625 0.077
2547.58059 18.982 0.099
2552.48619 18.391 0.079
2556.57113 18.288 0.077
2563.57410 18.475 0.070
2575.51719 18.372 0.071
2707.85340 19.037 0.102
2714.89398 18.366 0.045
2729.82290 18.794 0.079
2733.90762 18.905 0.091
2744.90632 18.472 0.046
2753.88155 18.642 0.068
2757.77828 18.462 0.057
2760.89244 18.676 0.083
2767.78295 18.444 0.069
2770.83438 18.591 0.072
2783.71504 18.783 0.058
2785.81890 18.472 0.064
2786.81197 18.548 0.084
2790.67367 18.880 0.063
2796.81604 18.428 0.051
2797.92091 18.450 0.052
2809.70918 18.432 0.055
2810.88357 18.565 0.072
2812.70689 18.396 0.061
2813.79820 18.342 0.049
2814.73796 18.473 0.059
2816.59080 18.719 0.062
2818.57743 18.461 0.055
2820.78178 18.378 0.050
2826.74732 18.941 0.086
2835.63054 18.562 0.088
2837.62780 18.909 0.104
2839.67441 18.801 0.104
2841.70653 18.640 0.066
2843.62938 18.475 0.060
2845.64730 18.795 0.082
2850.51228 18.615 0.068
2852.52761 18.331 0.067
2854.52818 18.479 0.062
2856.71705 18.741 0.109
2858.67441 18.716 0.067
2859.59501 18.932 0.117
2863.56158 18.549 0.073
2865.66369 19.051 0.111
2867.70748 18.333 0.048
2871.64911 18.428 0.048
2876.61211 18.379 0.056
2878.66229 18.723 0.072
2884.64551 18.518 0.061
2892.68135 18.299 0.079
2895.65548 18.901 0.074
2898.66219 18.637 0.087
2904.58830 18.544 0.083
2909.61343 18.579 0.060
2918.53513 18.529 0.081
2930.56356 18.509 0.068
3058.88682 18.374 0.047
3064.80729 18.362 0.068
3067.88077 18.702 0.055
3070.84230 18.277 0.058
3073.79777 18.893 0.098
3075.83635 18.371 0.055
3079.88094 18.775 0.078
3082.85421 18.517 0.053
3084.89233 18.617 0.047
3086.82583 18.920 0.060
3088.78335 18.959 0.059
3089.89258 18.663 0.052
3091.81277 18.716 0.058
3096.85092 18.743 0.081
3098.83141 18.576 0.050
3100.78671 18.548 0.058
3101.89841 18.411 0.050
3103.76319 18.859 0.081
3104.87399 18.963 0.242
3106.81954 18.820 0.095
3108.75577 18.630 0.053
3109.79067 18.480 0.043
3110.82233 18.440 0.057
3111.85351 18.516 0.055
3112.77118 18.468 0.047
3113.86093 18.457 0.046
3114.77251 18.449 0.047
3115.85351 18.485 0.044
3116.91137 18.326 0.051
3118.91508 18.625 0.061
3122.89848 18.707 0.081
3125.85874 18.410 0.061
3126.88438 18.332 0.051
3127.78988 18.364 0.050
3128.80823 18.630 0.056
3129.78642 18.411 0.082
3130.68631 18.590 0.072
3131.87682 18.326 0.072
3135.85117 18.545 0.056
3137.92667 18.422 0.059
3138.68939 18.402 0.053
3139.86069 18.715 0.061
3140.86642 18.605 0.062
3142.75475 18.507 0.050
3144.77562 18.459 0.052
3146.77142 18.535 0.061
3151.73825 18.471 0.057
3151.89094 18.298 0.054
3152.74154 18.643 0.062
3153.74628 18.849 0.087
3154.80785 18.725 0.079
3156.82649 18.613 0.068
3158.89822 18.340 0.075
3162.80254 18.535 0.066
3163.61192 18.581 0.055
3164.72416 18.368 0.046
3165.74499 18.684 0.056
3166.89016 18.434 0.073
3167.74283 18.497 0.063
3168.73824 18.828 0.071
3169.71410 18.454 0.054
3170.79163 18.458 0.043
3171.81429 18.647 0.051
3172.74133 18.401 0.040
3173.88697 18.752 0.095
3174.69766 18.512 0.044
3175.70702 18.880 0.058
3177.71242 18.553 0.084
3178.77131 18.755 0.070
3179.78101 18.597 0.059
3180.70942 18.842 0.057
3182.76088 18.441 0.051
3183.72940 18.769 0.078
3184.68675 18.583 0.049
3185.73999 18.664 0.071
3193.52556 18.520 0.062
3194.58425 18.385 0.063
3195.63157 18.378 0.040
3195.78925 18.425 0.042
3196.53466 18.458 0.063
3197.50220 18.861 0.073
3199.61197 18.634 0.069
3201.50381 18.450 0.057
3202.55828 18.454 0.049
3203.64756 18.379 0.044
3204.64102 18.804 0.060
3205.74957 18.529 0.044
3206.70658 18.338 0.042
3207.65522 18.681 0.074
3209.70024 18.398 0.063
3210.53401 19.112 0.105
3211.57247 18.701 0.063
3217.64111 18.666 0.066
3218.63938 18.232 0.059
3219.58723 18.484 0.081
3224.68618 18.482 0.049
3226.60348 18.690 0.076
3228.58996 18.779 0.072
3229.62241 18.813 0.064
3230.65606 18.490 0.050
3231.55939 18.653 0.075
3232.58726 18.486 0.071
3238.60836 18.474 0.062
3239.68712 18.459 0.057
3240.66827 18.934 0.095
3241.64322 18.552 0.090
3245.54303 18.660 0.067
3246.64675 18.385 0.061
3247.61288 18.586 0.077
3249.51486 18.329 0.053
3250.64758 18.452 0.057
3253.51176 18.592 0.060
3256.62464 18.400 0.056
3257.56183 18.471 0.046
3259.61146 18.907 0.092
3264.52165 18.367 0.053
3267.52074 18.586 0.075
3272.57610 18.390 0.061
3274.61673 18.828 0.112
3278.58804 18.425 0.061
3281.57266 18.717 0.064
3288.53456 18.926 0.077
3293.50515 18.805 0.069
3295.51532 18.924 0.072
3314.52270 18.112 0.068
3409.88843 18.717 0.084
3413.87972 18.550 0.074
3421.88590 18.801 0.059
3422.85584 18.439 0.052
3426.85138 18.828 0.081
3429.82455 18.275 0.061
3432.87681 18.427 0.051
3442.87922 18.462 0.046
3445.79205 18.984 0.070
3447.84265 18.413 0.051
3449.85526 18.524 0.050
3452.87587 18.572 0.050
3455.81016 19.039 0.104
3455.83864 18.539 0.075
3455.88237 18.401 0.053
3455.89635 18.395 0.057
3455.91514 18.528 0.059
3456.77028 18.306 0.054
3456.84406 18.905 0.067
3456.91136 18.462 0.048
3457.75716 18.706 0.077
3457.84365 18.378 0.046
3457.89907 18.710 0.068
3458.75281 18.261 0.053
3458.81112 18.841 0.070
3458.86038 18.556 0.054
3458.91546 18.470 0.055
3459.75647 18.694 0.090
3459.83548 18.371 0.044
3459.83881 18.487 0.053
3459.91057 18.701 0.067
3467.86873 18.446 0.044
3469.77463 18.570 0.050
3470.78758 19.077 0.077
3471.93081 18.579 0.119
3472.75003 18.863 0.073
3473.76981 18.503 0.053
3474.76646 18.556 0.056
3475.79201 18.906 0.066
3476.90292 18.628 0.047
3477.75388 18.903 0.071
3479.75273 18.637 0.049
3480.71285 18.464 0.048
3481.73079 18.339 0.051
3482.67311 18.527 0.067
3496.71037 18.475 0.055
3497.78194 18.749 0.082
3498.90360 18.375 0.052
3499.85304 18.679 0.054
3500.71926 18.531 0.055
3501.81572 18.501 0.046
3502.63116 18.295 0.052
3502.78735 18.421 0.042
3503.63988 19.017 0.086
3503.80144 18.845 0.063
3504.67613 18.736 0.074
3504.79299 18.438 0.046
3506.73442 18.446 0.042
3508.74353 18.437 0.058
3509.62925 18.375 0.056
3510.79108 18.678 0.062
3511.67847 18.585 0.057
3512.69957 18.755 0.078
3517.67646 18.389 0.085
3520.75171 18.700 0.085
3521.70891 18.510 0.046
3522.73697 18.726 0.048
3522.92817 18.716 0.068
3523.74148 18.480 0.038
3524.88663 18.617 0.064
3525.73986 18.704 0.056
3526.74332 18.379 0.044
3528.66416 18.499 0.048
3529.68655 18.557 0.039
3530.60162 18.671 0.054
3537.68593 18.469 0.061
3538.60380 18.768 0.080
3539.60702 18.402 0.054
3540.64428 18.361 0.050
3544.71934 18.607 0.062
3546.83844 18.763 0.089
3547.80268 18.437 0.065
3550.62640 18.414 0.050
3551.62520 18.694 0.049
3552.65933 18.476 0.049
3553.71169 18.402 0.065
3554.64707 18.657 0.073
3555.65915 18.367 0.055
3556.66650 18.748 0.065
3558.52171 18.398 0.062
3558.82044 18.503 0.055
3559.69040 18.973 0.077
3560.59169 18.599 0.053
3561.53954 18.372 0.052
3562.58018 18.405 0.054
3563.63082 18.684 0.047
3564.56865 18.415 0.055
3569.55402 18.609 0.068
3572.80956 18.548 0.081
3573.64044 18.513 0.070
3574.68036 18.953 0.093
3575.52785 18.504 0.049
3575.76448 18.787 0.071
3577.58191 18.511 0.051
3578.66649 18.499 0.051
3579.61195 18.574 0.054
3580.64517 18.373 0.046
3581.66505 18.715 0.054
3582.63687 18.468 0.048
3583.62730 18.663 0.057
3583.74719 18.826 0.093
3584.63598 18.664 0.051
3584.75064 18.474 0.055
3585.62632 18.314 0.038
3586.71144 18.400 0.038
3589.66499 18.862 0.055
3590.64894 18.398 0.041
3591.67249 18.451 0.042
3591.71822 18.459 0.044
3591.73629 18.482 0.050
3591.75541 18.484 0.051
3591.76811 18.581 0.051
3592.48456 18.614 0.063
3592.51159 18.790 0.066
3592.52367 19.037 0.079
3592.53290 18.790 0.061
3592.54563 18.644 0.055
3592.55290 18.680 0.055
3592.55585 18.526 0.047
3592.55893 18.645 0.052
3592.56187 18.607 0.053
3592.56483 18.545 0.050
3592.56778 18.488 0.046
3592.57071 18.515 0.045
3592.57395 18.553 0.043
3592.59188 18.392 0.044
3592.60666 18.466 0.046
3592.61427 18.392 0.043
3592.62927 18.410 0.038
3592.63235 18.442 0.039
3592.63531 18.384 0.035
3592.65029 18.502 0.037
3592.66874 18.572 0.048
3592.67165 18.628 0.051
3592.69275 18.731 0.051
3592.70751 18.785 0.056
3592.72527 18.657 0.055
3593.73943 18.467 0.057
3594.70163 18.762 0.062
3601.65022 18.630 0.059
3602.61087 18.400 0.050
3603.63081 18.598 0.062
3607.62923 18.392 0.047
3608.64457 18.358 0.050
3609.62513 18.762 0.069
3615.57233 18.727 0.066
3618.57398 18.796 0.074
3620.53716 18.792 0.055
3622.51503 18.852 0.088
3628.59118 18.863 0.102
3630.53060 18.825 0.106
3632.58071 18.552 0.072
3634.47890 18.795 0.106
3639.54017 18.390 0.039
3641.53860 18.405 0.062
3644.49890 18.658 0.085
3648.53070 18.420 0.064
3650.57199 18.529 0.058
3654.53479 18.352 0.092
3656.51596 18.424 0.060
3658.54787 18.452 0.079
3660.52046 18.812 0.087
3664.49726 18.542 0.064
3669.52070 18.314 0.069
3675.50254 18.497 0.087
3776.86077 18.519 0.071
3782.84551 18.407 0.066
3784.87081 18.446 0.048
3787.84688 18.631 0.064
3790.87765 18.572 0.067
3792.87423 18.436 0.042
3794.83121 18.388 0.060
3796.81940 18.364 0.053
3798.79192 18.372 0.054
3799.86558 18.394 0.068
3800.89188 18.405 0.046
3801.87414 18.674 0.058
3802.83966 18.519 0.049
3803.87496 19.049 0.069
3805.79096 18.574 0.069
3806.81106 18.363 0.048
3807.82478 18.553 0.069
3808.78448 18.435 0.057
3809.78730 18.692 0.058
3810.83188 18.716 0.058
3811.82787 18.465 0.056
3812.81964 18.662 0.073
3813.79826 18.431 0.048
3814.81247 18.542 0.049
3817.84669 18.420 0.064
3818.87467 18.946 0.065
3819.79027 18.609 0.047
3820.76060 18.423 0.043
3821.76372 18.647 0.057
3822.80317 18.884 0.078
3823.75926 18.415 0.045
3824.77670 18.706 0.071
3825.79414 18.489 0.057
3826.77681 18.592 0.057
3827.78999 18.903 0.074
3828.76357 18.484 0.065
3829.79891 18.482 0.046
3830.72060 18.420 0.053
3831.72114 18.909 0.061
3832.74218 18.430 0.053
3833.74989 18.445 0.045
3834.73127 18.752 0.074
3835.72460 18.467 0.062
3835.91065 18.456 0.044
3836.75298 18.650 0.078
3836.92071 18.694 0.064
3837.71952 18.405 0.059
3837.89177 18.391 0.040
3838.72700 18.455 0.073
3839.72832 18.667 0.087
3839.91677 18.880 0.090
3840.75449 18.490 0.055
3840.89915 18.332 0.049
3841.70977 18.846 0.090
3841.92974 18.553 0.073
3842.83302 18.617 0.052
3845.70801 18.673 0.140
3845.89498 18.333 0.109
3846.71835 18.844 0.067
3847.78525 18.984 0.104
3848.74017 18.361 0.052
3849.73935 18.806 0.067
3850.68258 18.515 0.055
3850.85512 18.572 0.056
3850.92659 18.422 0.056
3851.69833 18.886 0.075
3851.86160 18.695 0.069
3852.68704 18.329 0.050
3852.91555 18.602 0.072
3853.67536 18.667 0.057
3853.84300 18.821 0.049
3853.91451 18.462 0.040
3854.69195 18.658 0.060
3856.66536 18.534 0.058
3856.83168 18.503 0.052
3857.90323 18.440 0.045
3858.72187 18.452 0.050
3859.78444 18.497 0.047
3860.80063 18.707 0.085
3861.65424 18.477 0.072
3861.76123 18.565 0.051
3862.65927 18.528 0.061
3862.84965 18.472 0.043
3862.92330 18.661 0.060
3863.67549 18.789 0.070
3863.89520 18.555 0.043
3864.66477 18.506 0.056
3864.85543 18.421 0.040
3865.72292 18.413 0.049
3865.86646 18.402 0.046
3865.93547 18.440 0.047
3866.67457 18.586 0.059
3866.81409 18.354 0.044
3866.89230 18.801 0.061
3867.68938 18.338 0.044
3867.87556 18.480 0.049
3868.69729 18.595 0.070
3868.84137 18.802 0.085
3868.92123 18.511 0.061
3869.67533 18.495 0.054
3869.85732 18.540 0.066
3872.87268 18.434 0.050
3873.68125 18.733 0.065
3873.82339 18.716 0.062
3873.89456 18.564 0.055
3874.73221 18.777 0.074
3874.90625 18.906 0.070
3875.70091 18.423 0.039
3875.84780 18.502 0.044
3876.61994 18.384 0.041
3877.69682 18.453 0.040
3877.84557 18.428 0.043
3877.91963 18.588 0.065
3879.65287 18.395 0.041
3880.82208 18.700 0.064
3880.90116 18.346 0.059
3881.64763 18.484 0.048
3881.86311 18.803 0.058
3881.90973 18.608 0.045
3882.63254 18.531 0.048
3882.78607 18.754 0.057
3882.85995 18.435 0.042
3882.92861 18.673 0.050
3883.62010 18.470 0.061
3883.81720 18.735 0.058
3886.58225 18.411 0.057
3886.78065 18.388 0.043
3886.85594 18.692 0.057
3887.63325 18.568 0.048
3887.75963 18.856 0.062
3887.86379 18.408 0.045
3887.93583 18.903 0.086
3889.64726 18.376 0.041
3889.92212 18.919 0.083
3891.65663 18.618 0.051
3891.77835 18.368 0.055
3891.86063 18.797 0.068
3892.72328 18.653 0.051
3892.91215 18.696 0.066
3893.59407 18.473 0.055
3893.84338 18.738 0.080
3894.65148 18.338 0.052
3894.86680 18.441 0.061
3896.58752 18.396 0.069
3900.51534 18.398 0.074
3900.70569 18.476 0.054
3900.78505 18.755 0.068
3900.85359 18.444 0.051
3901.53011 18.749 0.072
3901.70635 18.862 0.067
3901.78413 18.418 0.050
3901.85720 18.868 0.080
3902.54173 18.438 0.055
3902.72874 18.674 0.060
3902.84163 18.408 0.054
3903.63753 18.710 0.049
3903.88269 18.392 0.058
3904.54109 18.809 0.075
3904.70352 18.722 0.048
3904.77293 18.528 0.043
3904.84572 18.557 0.050
3905.53793 18.450 0.052
3905.71426 18.404 0.037
3905.78451 18.823 0.055
3905.85311 18.445 0.036
3906.54925 18.607 0.063
3906.73858 18.418 0.046
3906.81183 18.353 0.045
3906.90040 18.763 0.067
3907.58006 18.695 0.069
3907.76535 18.997 0.093
3907.84983 18.339 0.055
3908.51804 18.428 0.061
3908.70419 18.513 0.044
3908.78178 18.460 0.047
3908.86452 18.514 0.051
3909.51773 18.501 0.075
3909.69607 18.649 0.041
3909.79090 18.496 0.044
3909.87049 18.536 0.050
3910.53817 18.435 0.061
3912.51262 18.435 0.049
3912.70408 18.510 0.039
3912.79532 18.622 0.045
3912.88322 18.481 0.051
3913.50549 18.629 0.051
3913.70737 18.362 0.043
3913.80291 18.712 0.053
3914.53156 18.721 0.069
3914.76306 18.663 0.057
3915.50723 18.487 0.063
3915.71222 18.289 0.040
3915.80343 18.819 0.059
3916.55199 18.637 0.075
3917.53010 18.463 0.058
3917.80296 18.460 0.055
3918.55113 18.544 0.062
3918.79769 18.522 0.066
3919.50507 18.455 0.070
3919.73759 18.790 0.057
3920.49486 18.570 0.070
3920.69141 18.315 0.055
3920.77343 18.657 0.049
3921.49481 18.758 0.075
3921.69237 18.829 0.090
3921.79674 18.328 0.057
3922.69207 18.428 0.063
3930.49796 18.348 0.055
3930.50707 18.417 0.054
3930.76915 18.901 0.109
3931.47991 18.595 0.082
3932.51141 18.504 0.061
3932.78672 18.478 0.049
3933.49251 18.773 0.070
3933.68226 18.557 0.045
3933.75784 18.375 0.039
3934.47523 18.427 0.051
3934.69199 18.541 0.053
3934.76107 18.436 0.048
3935.52516 18.392 0.045
3935.69642 18.368 0.057
3935.76508 18.748 0.067
3936.47855 18.671 0.081
3936.64385 18.612 0.053
3936.72041 18.600 0.057
3937.48482 18.618 0.090
3937.76489 18.711 0.080
3938.48323 18.841 0.100
3938.67711 18.460 0.052
3938.76001 18.514 0.062
3939.55059 18.800 0.060
3940.66890 18.478 0.043
3940.79972 18.760 0.054
3942.53728 18.548 0.068
3944.52360 18.622 0.053
3945.49645 18.438 0.050
3945.69895 18.367 0.042
3945.75483 18.750 0.070
3946.49782 18.926 0.090
3946.68708 18.841 0.066
3946.76854 18.318 0.050
3950.50319 18.430 0.052
3950.70872 18.398 0.045
3951.49841 18.651 0.069
3951.73088 18.545 0.069
3955.67174 18.328 0.070
3956.55048 18.305 0.072
3957.49157 18.373 0.055
3958.56230 18.418 0.050
3959.48809 18.524 0.062
3959.66943 18.558 0.058
3960.48439 18.432 0.049
3960.66340 18.447 0.039
3960.73552 18.522 0.055
3961.55514 18.403 0.053
3963.51707 18.424 0.051
3963.69439 18.432 0.044
3964.50226 18.751 0.058
3964.71007 18.796 0.064
3965.49043 18.431 0.047
3965.68292 18.394 0.040
3966.52036 18.483 0.052
3966.67342 18.600 0.054
3967.50189 18.353 0.061
3967.69882 18.548 0.049
3968.48217 18.583 0.065
3968.65413 18.764 0.058
3968.72323 18.342 0.054
3969.51076 18.820 0.086
3969.66465 18.548 0.057
3970.49137 18.394 0.059
3970.67224 18.396 0.051
3971.53113 18.605 0.074
3971.70551 18.523 0.053
3973.55668 18.373 0.057
3974.49121 18.623 0.065
3974.67015 18.592 0.066
3975.49386 18.318 0.052
3975.66914 18.402 0.051
3976.49055 18.758 0.054
3976.65773 18.797 0.079
3979.49366 18.577 0.077
3982.55258 18.951 0.088
3983.50015 18.564 0.095
3986.56340 18.365 0.062
3987.49128 18.333 0.055
3987.65224 18.283 0.042
3988.49417 18.485 0.051
3990.62533 18.577 0.055
3995.55199 18.603 0.052
3996.55052 18.336 0.058
3999.57280 18.396 0.052
4001.50297 18.492 0.062
4003.52333 18.346 0.046
4004.50948 18.861 0.067
4006.50539 18.495 0.062
4011.60212 18.322 0.054
4012.55341 18.557 0.079
4016.50092 18.569 0.069
4018.52610 18.310 0.059
4020.52399 18.515 0.070
4023.52435 18.435 0.059
4025.54377 18.524 0.059
4027.54868 18.683 0.069
4030.54046 18.282 0.059
4036.52168 18.521 0.095
4040.50284 18.381 0.074
4042.53289 18.619 0.099
4141.86267 18.380 0.062
4150.85066 18.504 0.081
4155.83621 18.470 0.059
4157.89141 18.420 0.055
4159.90150 18.284 0.057
4162.84872 18.822 0.101
4164.88861 18.302 0.046
4166.90461 18.516 0.081
4167.81621 18.574 0.075
4169.82329 18.733 0.073
4174.83785 18.608 0.066
4176.81954 18.420 0.053
4177.87323 18.625 0.059
4179.77101 18.608 0.064
4180.81773 18.361 0.058
4181.90590 18.601 0.059
4183.78486 18.470 0.050
4184.85293 18.466 0.048
4185.83229 18.453 0.055
4190.85067 18.726 0.071
4192.86296 18.614 0.067
4193.87391 18.501 0.060
4194.89552 18.426 0.048
4196.91550 18.745 0.070
4202.86526 18.573 0.051
4203.85340 18.481 0.048
4204.85259 18.425 0.048
4205.84911 18.776 0.066
4207.85273 18.624 0.049
4208.88176 18.693 0.060
4212.93048 18.384 0.070
4213.85047 18.484 0.047
4215.88803 18.693 0.064
4216.80888 18.491 0.052
4217.83117 18.712 0.050
4218.87189 18.646 0.061
4219.91013 18.370 0.059
4220.85033 18.942 0.094
4222.81693 18.904 0.075
4228.80770 18.351 0.052
4229.78653 18.877 0.078
4230.77347 18.406 0.042
4231.79556 18.442 0.048
4232.80382 18.661 0.077
4234.74801 18.527 0.059
4235.77288 18.421 0.045
4237.73248 18.376 0.053
4238.79592 18.395 0.056
4239.85579 18.446 0.070
4243.69044 18.779 0.080
4244.85226 18.359 0.051
4245.84550 18.973 0.088
4246.90025 18.772 0.074
4250.86608 18.525 0.086
4256.71116 18.459 0.078
4258.70881 18.838 0.086
4267.73526 18.372 0.046
4268.61230 18.384 0.060
4269.65243 18.402 0.054
4272.70306 18.436 0.047
4273.66312 18.625 0.068
4274.64683 18.440 0.054
4275.70370 18.461 0.056
4277.60279 18.685 0.076
4278.67705 18.850 0.086
4283.62241 18.443 0.055
4284.60628 18.703 0.076
4285.61303 18.604 0.080
4286.61533 18.368 0.055
4289.64700 18.383 0.057
4290.68099 18.602 0.077
4290.70293 18.411 0.059
4291.73057 18.652 0.066
4292.59162 18.693 0.060
4293.61912 18.441 0.046
4294.59086 18.704 0.059
4295.62022 18.560 0.051
4296.59968 18.464 0.045
4297.59348 18.742 0.055
4298.70301 18.878 0.077
4299.66998 18.282 0.040
4300.79483 18.591 0.066
4301.47234 18.395 0.059
4302.75144 18.453 0.055
4307.58273 18.652 0.058
4310.73620 18.299 0.064
4312.63227 18.677 0.065
4315.66611 18.601 0.094
4317.61960 18.807 0.067
4319.62737 18.379 0.057
4320.72877 18.302 0.058
4326.63833 18.324 0.051
4327.66586 18.498 0.074
4328.60694 18.473 0.055
4328.73932 18.453 0.070
4329.59850 18.630 0.073
4330.58043 18.496 0.057
4331.60690 18.357 0.052
4332.60429 18.881 0.073
4333.60738 18.398 0.057
4334.60159 18.488 0.099
4338.64153 18.604 0.077
4339.61055 18.436 0.077
4340.52216 18.372 0.079
4341.60897 18.345 0.066
4342.64520 18.603 0.069
4343.62452 18.530 0.058
4344.67401 18.486 0.066
4345.62433 18.637 0.068
4346.62971 18.339 0.055
4347.64369 18.564 0.061
4349.61549 18.473 0.057
4351.61415 18.373 0.064
4353.63729 18.430 0.086
4357.62553 18.633 0.085
4359.59674 18.533 0.062
4367.59583 18.830 0.118
4370.59482 18.544 0.067
4372.56683 18.782 0.072
4380.57659 18.483 0.059
4515.87192 18.407 0.065
4519.84349 18.986 0.127
4520.83198 18.318 0.064
4522.89922 18.748 0.090
4524.88533 18.619 0.063
4530.87484 18.459 0.047
4534.81647 18.546 0.064
4536.82118 18.888 0.090
4537.90892 18.783 0.070
4538.83960 18.451 0.056
4540.86943 18.417 0.048
4542.89578 18.827 0.061
4543.85720 18.362 0.043
4544.85399 18.710 0.059
4545.87156 18.423 0.053
4546.90251 18.337 0.045
4550.84533 18.347 0.053
4551.90310 18.329 0.051
4552.90009 18.727 0.081
4556.86442 18.481 0.049
4557.89043 18.796 0.062
4558.82550 18.453 0.048
4559.85468 18.686 0.058
4560.85511 18.368 0.038
4561.84403 18.506 0.045
4564.84818 18.652 0.049
4565.83710 18.368 0.034
4566.83914 18.551 0.048
4567.84343 18.572 0.046
4568.87343 18.398 0.052
4569.85933 18.663 0.055
4570.86464 18.438 0.047
4571.83014 18.612 0.052
4572.86792 18.846 0.086
4573.84369 18.451 0.040
4574.84585 18.718 0.073
4575.85751 18.441 0.050
4579.90980 18.406 0.055
4583.82212 18.432 0.066
4586.81011 18.784 0.086
4587.84792 18.755 0.067
4588.73624 18.647 0.056
4589.77000 18.215 0.045
4590.78438 18.398 0.053
4591.76159 18.704 0.062
4592.77375 18.325 0.056
4593.75918 18.881 0.077
4594.78749 18.470 0.050
4595.77805 18.441 0.047
4596.79855 18.943 0.068
4597.79583 18.414 0.045
4598.76514 18.822 0.054
4599.74462 18.395 0.044
4600.75015 18.593 0.042
4601.75476 18.636 0.051
4602.75233 18.427 0.040
4606.76914 18.737 0.055
4610.86686 18.606 0.073
4611.73643 18.528 0.055
4611.92297 18.471 0.064
4616.72521 18.504 0.049
4617.89319 18.333 0.068
4622.70504 18.431 0.074
4623.78486 18.470 0.072
4624.72368 18.444 0.055
4625.70500 18.775 0.097
4626.75228 18.746 0.075
4627.68429 18.729 0.057
4628.67449 18.419 0.044
4629.74019 18.337 0.042
4630.68001 18.726 0.061
4631.69834 18.417 0.040
4632.71295 18.471 0.053
4633.86089 18.373 0.060
4639.80140 18.735 0.100
4640.77692 18.279 0.051
4641.86216 18.294 0.065
4642.69983 18.600 0.062
4643.66592 18.380 0.053
4644.74903 18.359 0.047
4645.66775 18.644 0.056
4646.63541 18.468 0.039
4647.64642 18.617 0.055
4648.64482 18.409 0.048
4648.75428 18.763 0.075
4649.64075 18.868 0.065
4650.67217 18.697 0.062
4651.68303 18.379 0.051
4652.61192 18.464 0.055
4653.60580 18.519 0.063
4654.64500 18.807 0.066
4655.60922 18.297 0.042
4656.61242 18.691 0.058
4658.76967 18.557 0.071
4660.71932 18.490 0.078
4661.60183 18.766 0.059
4666.53458 18.472 0.064
4670.79444 18.318 0.070
4671.65849 18.468 0.053
4672.61799 18.552 0.054
4674.64610 18.677 0.075
4677.67081 18.661 0.078
4681.67413 18.368 0.054
4682.62983 18.762 0.069
4683.62769 18.342 0.054
4684.64624 18.562 0.060
4685.67235 18.781 0.064
4686.74487 18.811 0.073
4687.66036 18.632 0.076
4688.60651 18.342 0.048
4694.69060 18.295 0.071
4697.61189 18.561 0.072
4698.63349 18.329 0.052
4700.62864 18.504 0.063
4701.61160 18.551 0.060
4702.62640 18.674 0.067
4704.68761 18.294 0.053
4708.64800 18.351 0.053
4710.66597 18.805 0.090
4720.57913 18.444 0.060
4721.61372 18.475 0.078
4724.63141 18.686 0.091
4725.64736 18.638 0.102
4726.60761 18.361 0.072
4733.57179 18.553 0.077
4738.53188 18.882 0.094
4741.61397 18.288 0.055
4755.55306 18.287 0.064
4763.49330 18.924 0.138
4876.86822 18.685 0.075
4883.85396 18.505 0.067
4885.89418 18.338 0.055
4888.84848 18.599 0.062
4892.84253 18.290 0.052
4898.81279 18.657 0.083
4901.81568 18.468 0.055
4902.90452 18.617 0.055
4903.86302 18.465 0.052
4905.85941 18.304 0.058
4912.84423 18.318 0.035
4914.89028 18.864 0.070
4924.74042 18.579 0.058
4925.85816 18.394 0.041
4927.92068 18.649 0.088
4928.74839 18.381 0.050
4930.79246 18.677 0.076
4931.83692 18.774 0.074
4932.84545 18.349 0.043
4933.84037 18.474 0.057
4934.89617 18.819 0.121
4938.82026 18.690 0.066
4939.90671 18.567 0.069
4940.76173 18.887 0.075
4941.79750 18.496 0.053
4942.74055 18.864 0.066
4944.74290 18.396 0.047
4945.79595 18.602 0.048
4950.85576 18.371 0.046
4952.84926 18.289 0.039
4953.83512 18.514 0.058
4954.80479 18.390 0.043
4955.79617 18.534 0.065
