2115.79349 17.819 0.019
2128.64699 17.873 0.016
2131.67644 18.022 0.025
2135.52616 17.987 0.017
2138.68026 17.890 0.019
2143.60196 17.983 0.024
2162.59456 17.878 0.018
2170.50112 17.819 0.019
2173.57413 17.957 0.025
2183.51072 17.893 0.028
2184.57404 17.968 0.033
2195.55543 18.017 0.026
2341.89191 17.977 0.024
2350.90906 17.982 0.019
2359.86941 17.913 0.018
2370.91040 18.018 0.021
2384.74782 17.851 0.017
2388.75091 17.962 0.023
2390.72059 17.876 0.025
2397.93064 18.000 0.025
2401.68129 17.807 0.017
2403.74241 17.843 0.014
2405.67855 17.860 0.019
2410.75847 18.135 0.019
2415.68040 17.875 0.022
2417.75131 18.016 0.022
2425.64117 17.822 0.033
2431.69060 18.030 0.023
2433.66675 17.869 0.017
2435.78769 17.880 0.018
2437.69134 17.788 0.020
2439.61707 18.002 0.019
2441.61752 18.046 0.018
2444.61066 17.875 0.019
2446.62623 17.859 0.020
2452.59874 17.891 0.030
2458.71851 17.986 0.021
2462.70414 17.894 0.014
2464.51981 17.830 0.020
2466.84332 17.851 0.022
2468.55659 17.867 0.016
2470.56367 17.832 0.018
2474.70935 17.945 0.023
2483.49821 17.994 0.018
2485.69462 17.988 0.024
2489.76388 17.986 0.024
2492.71207 17.922 0.025
2495.50477 17.789 0.019
2497.56527 17.864 0.016
2499.60281 17.869 0.018
2501.62884 17.911 0.017
2503.57694 17.753 0.044
2511.60922 17.942 0.029
2518.55975 17.982 0.019
2521.55596 17.862 0.017
2529.67631 17.779 0.020
2537.54681 17.826 0.023
2540.55904 17.881 0.021
2545.56240 17.988 0.023
2550.54790 17.929 0.023
2555.51019 17.826 0.023
2561.53116 18.032 0.030
2566.56311 17.859 0.026
2700.89844 17.997 0.021
2712.86135 17.896 0.028
2727.83002 17.819 0.014
2732.84379 17.970 0.020
2743.83560 17.910 0.016
2748.85493 17.979 0.022
2755.85466 17.865 0.020
2759.84881 18.017 0.020
2765.87589 17.938 0.018
2769.91707 17.866 0.018
2782.78570 17.908 0.023
2784.77974 17.903 0.016
2786.67301 18.023 0.023
2788.82504 17.941 0.017
2790.86152 17.945 0.020
2795.59276 17.817 0.016
2797.58055 17.811 0.016
2802.65185 17.959 0.023
2808.69608 18.024 0.023
2810.62294 17.829 0.018
2812.59744 17.855 0.018
2814.59710 17.961 0.019
2815.63189 17.872 0.020
2817.66241 17.921 0.020
2819.55035 17.948 0.020
2821.52778 17.997 0.023
2830.57066 17.893 0.021
2835.50684 18.073 0.031
2838.62973 17.969 0.020
2840.55419 17.808 0.017
2842.60358 17.847 0.019
2844.66723 17.997 0.019
2849.48620 17.923 0.021
2851.59695 17.827 0.017
2853.60783 17.861 0.016
2855.68099 17.905 0.029
2857.78318 17.853 0.022
2860.62963 17.931 0.027
2863.71328 17.892 0.028
2867.56659 17.844 0.020
2870.63997 17.870 0.017
2872.69054 17.847 0.016
2876.63561 17.988 0.019
2879.57190 17.989 0.023
2884.59937 17.828 0.017
2890.68508 17.820 0.032
2894.66116 17.907 0.024
2897.67578 17.831 0.027
2906.63022 17.867 0.022
2910.62270 17.977 0.027
2912.60928 17.970 0.023
2923.58921 17.906 0.023
2933.58335 18.035 0.022
3047.87466 17.816 0.020
3056.88210 17.851 0.020
4911.82592 17.967 0.014
