2125.69467 18.389 0.051
2129.74624 17.558 0.015
2132.68850 17.533 0.014
2136.59192 17.514 0.016
2141.60705 17.521 0.015
2144.68907 17.503 0.015
2160.64649 17.581 0.021
2170.58748 17.551 0.015
2188.54732 17.593 0.020
2211.55007 17.514 0.025
2333.88748 17.546 0.017
2344.84875 17.573 0.015
2355.89963 17.526 0.014
2364.89215 17.724 0.021
2372.90300 17.513 0.014
2391.93327 17.646 0.026
2405.84055 17.738 0.018
2464.75517 17.545 0.013
2708.88956 17.584 0.015
2850.62238 17.606 0.015
2858.74992 17.588 0.017
2859.69949 17.549 0.020
