2125.62800 19.035 0.140
2129.70367 19.004 0.064
2132.64521 19.116 0.073
2136.55029 19.040 0.095
2141.56105 19.174 0.077
2144.65011 19.127 0.076
2160.61881 18.960 0.076
2169.53258 19.146 0.137
2188.50814 19.002 0.105
2211.51254 18.894 0.121
2332.88065 19.106 0.116
2347.84450 19.019 0.065
2357.87202 19.049 0.073
2372.85993 19.105 0.077
2383.88568 19.219 0.081
2388.80265 19.022 0.090
2390.83199 18.949 0.067
2397.71224 18.991 0.076
2401.84141 19.028 0.074
2403.91842 19.176 0.079
2405.90580 19.079 0.077
2414.91620 19.016 0.111
2416.86321 19.305 0.113
2424.83426 18.872 0.078
2428.85918 18.942 0.081
2432.87264 18.988 0.135
2434.75753 19.052 0.066
2436.80630 19.005 0.074
2438.76703 19.052 0.066
2441.74477 18.998 0.065
2445.65007 19.124 0.070
2448.67532 19.129 0.090
2455.70900 19.277 0.108
2459.65509 19.172 0.089
2463.56042 18.950 0.068
2466.66251 19.005 0.074
2468.69265 19.081 0.068
2470.67523 18.965 0.064
2472.70336 18.985 0.063
2481.57686 18.861 0.090
2484.63939 19.099 0.081
2486.73146 19.268 0.120
2490.69967 19.022 0.073
2493.66121 19.208 0.115
2495.76526 18.928 0.091
2498.52666 19.014 0.054
2500.57119 19.087 0.068
2502.58236 19.160 0.080
2508.68279 18.864 0.093
2512.62916 19.098 0.097
2517.58296 19.205 0.100
2520.59835 19.032 0.076
2528.50366 19.117 0.099
2538.51007 18.990 0.084
2542.53735 18.955 0.101
2552.51128 18.963 0.090
2556.59539 19.059 0.110
2563.50980 19.056 0.082
2575.53749 18.958 0.110
2707.88242 19.001 0.065
2714.91783 19.156 0.130
2729.85165 19.248 0.121
2734.79211 19.020 0.063
2744.92949 18.907 0.083
2753.90337 19.106 0.092
2757.81578 18.939 0.071
2761.83289 18.983 0.075
2767.81101 19.221 0.111
2775.73737 19.138 0.169
2783.84139 19.148 0.071
2785.77991 19.083 0.080
2787.61733 19.283 0.114
2789.77407 19.001 0.061
2791.73050 19.085 0.073
2794.94448 19.177 0.126
2796.84427 18.908 0.058
2797.90550 18.830 0.070
2809.73342 18.940 0.079
2811.66053 19.106 0.134
2812.73226 18.972 0.087
2813.84584 19.071 0.089
2814.76511 19.097 0.083
2816.62984 19.030 0.065
2818.60107 18.978 0.062
2820.81503 19.027 0.074
2826.77125 18.968 0.075
2835.66528 19.067 0.097
2837.65218 19.380 0.194
2839.72473 19.057 0.085
2841.73401 19.110 0.079
2843.67060 18.958 0.069
2845.67118 19.024 0.072
2850.53925 18.995 0.067
2852.55163 18.853 0.102
2854.55536 19.097 0.090
2858.69836 18.924 0.066
2862.61106 19.052 0.111
2865.71465 18.909 0.117
2868.60088 19.176 0.070
2876.59716 18.995 0.077
2879.64744 18.837 0.061
2892.66622 19.109 0.144
2895.63992 18.992 0.065
2900.56814 19.270 0.111
2906.52004 19.043 0.090
2911.54417 18.970 0.075
2918.56820 19.050 0.104
2930.58916 19.030 0.104
3059.82435 19.205 0.097
3064.84114 18.922 0.121
3068.79498 19.015 0.112
3070.87361 18.955 0.076
3073.82972 18.990 0.076
3075.86778 19.126 0.089
3080.77203 18.870 0.073
3082.89569 19.263 0.076
3085.83030 19.075 0.065
3086.90371 19.242 0.073
3088.82286 19.162 0.069
3090.73598 19.352 0.090
3096.89117 19.006 0.078
3098.91828 19.078 0.057
3100.90508 19.122 0.065
3101.76309 18.962 0.093
3103.79608 18.950 0.069
3104.85469 19.234 0.132
3106.86797 18.902 0.082
3108.78849 18.875 0.051
3109.84743 19.047 0.059
3110.85383 19.022 0.069
3112.83912 19.059 0.064
3114.80374 19.409 0.078
3116.89166 18.939 0.070
3122.92971 19.096 0.106
3125.89428 18.991 0.096
3127.83767 18.989 0.079
3128.83964 19.054 0.064
3130.72084 19.158 0.099
3131.68736 18.912 0.091
3134.83496 18.939 0.117
3135.91898 19.013 0.072
3138.67330 18.882 0.069
3139.89849 19.160 0.075
3140.89805 19.195 0.074
3142.78707 18.942 0.054
3144.80714 19.006 0.065
3146.84045 19.000 0.072
3151.77006 19.301 0.092
3151.92600 18.945 0.077
3152.77493 19.308 0.088
3153.77833 19.153 0.085
3154.84261 19.085 0.113
3156.88341 19.202 0.089
3162.59326 18.859 0.092
3163.77421 19.052 0.070
3164.75645 19.066 0.070
3164.88947 19.074 0.094
3165.73005 19.085 0.053
3168.87821 18.829 0.063
3169.74623 19.389 0.097
3170.83119 19.080 0.065
3171.80245 19.138 0.055
3172.77340 19.226 0.078
3173.87141 18.865 0.075
3174.73020 19.019 0.049
3175.73892 18.972 0.057
3177.77943 18.941 0.079
3179.52419 19.199 0.089
3179.90348 19.272 0.113
3180.74521 19.058 0.050
3182.80589 19.033 0.064
3183.76086 19.031 0.075
3184.72193 19.220 0.069
3185.72543 19.259 0.079
3193.55688 19.112 0.078
3194.56851 19.282 0.109
3195.70007 19.065 0.059
3195.82064 19.256 0.079
3196.62153 19.171 0.070
3197.54629 19.019 0.067
3197.84972 19.245 0.129
3199.64342 19.286 0.067
3202.53773 19.065 0.067
3203.68183 19.227 0.062
3204.67376 19.116 0.056
3205.53265 19.014 0.054
3206.73801 19.113 0.083
3209.67250 18.935 0.069
3210.65804 18.832 0.056
3211.62852 18.985 0.063
3217.67272 19.083 0.086
3218.67101 19.047 0.093
3219.63306 19.107 0.113
3223.67222 19.145 0.102
3224.72032 19.254 0.095
3226.64299 19.054 0.077
3228.62153 18.924 0.053
3229.65403 18.970 0.058
3230.68753 19.021 0.063
3231.59152 19.065 0.064
3232.62799 18.982 0.080
3238.63983 19.277 0.114
3239.71884 18.983 0.091
3240.49201 19.105 0.093
3241.67465 19.236 0.108
3246.68153 19.105 0.116
3247.60071 18.889 0.090
3249.54818 19.283 0.100
3250.67919 18.984 0.101
3253.64844 18.797 0.072
3256.65843 18.954 0.090
3260.56817 19.051 0.073
3265.49865 19.133 0.105
3267.55231 18.956 0.065
3272.61026 19.261 0.110
3278.62018 19.365 0.127
3282.49964 19.079 0.073
3288.56600 19.228 0.079
3293.53661 19.190 0.063
3295.54511 19.050 0.043
3300.53041 18.889 0.090
3312.53123 19.146 0.130
3417.86531 19.142 0.071
3422.89162 18.897 0.061
3426.88269 19.093 0.079
3429.86773 19.145 0.088
3432.90801 19.294 0.149
3442.91056 18.964 0.067
3445.82359 19.165 0.064
3447.87389 19.083 0.075
3449.89078 19.024 0.057
3452.90793 19.175 0.059
3453.77979 19.115 0.100
3455.85042 19.198 0.121
3456.86151 19.068 0.062
3457.77917 18.963 0.082
3458.82274 19.075 0.075
3459.79735 18.946 0.071
3467.90011 19.029 0.058
3469.80975 19.212 0.070
3470.84995 19.283 0.063
3472.78113 19.017 0.063
3473.87615 19.066 0.078
3474.84857 18.906 0.056
3477.78513 19.212 0.071
3478.89939 18.963 0.059
3480.85135 19.160 0.072
3481.85537 18.989 0.049
3483.79567 19.250 0.077
3496.74953 18.960 0.066
3497.81734 19.012 0.070
3498.93853 18.834 0.077
3499.74601 19.219 0.076
3500.75059 19.494 0.094
3501.86412 18.869 0.058
3502.69691 19.118 0.064
3503.70973 19.061 0.063
3504.72410 18.907 0.064
3506.81302 19.087 0.080
3508.80597 19.098 0.074
3509.70934 18.954 0.057
3511.69609 18.974 0.090
3512.76506 19.031 0.073
3517.80551 18.971 0.079
3520.84069 19.181 0.076
3521.65983 18.930 0.054
3522.77010 19.290 0.078
3523.80477 19.258 0.068
3524.79247 19.195 0.090
3525.77213 19.019 0.055
3526.85747 19.267 0.078
3528.57607 19.210 0.091
3530.80152 18.997 0.048
3537.76936 19.178 0.067
3538.69885 19.112 0.057
3540.67277 18.985 0.070
3544.75285 19.166 0.088
3546.87375 18.997 0.106
3547.83120 19.229 0.106
3550.65763 19.052 0.061
3551.66163 19.050 0.044
3552.69450 19.471 0.086
3553.69720 19.328 0.107
3554.68929 18.955 0.070
3555.71586 19.058 0.059
3556.74414 19.023 0.070
3558.57995 19.174 0.079
3558.85727 18.900 0.075
3559.67585 19.132 0.070
3560.62896 19.044 0.057
3561.56926 19.170 0.078
3561.83638 19.026 0.068
3562.61343 18.997 0.068
3562.83624 19.301 0.098
3563.66287 18.921 0.051
3564.55644 19.218 0.089
3569.61517 19.307 0.106
3573.68384 19.355 0.119
3573.71078 19.154 0.092
3574.71177 19.177 0.093
3575.65066 18.999 0.053
3575.79584 19.154 0.091
3576.71308 19.115 0.072
3577.76143 19.226 0.078
3578.69808 19.037 0.054
3579.64340 18.928 0.054
3580.67997 18.931 0.057
3581.69632 18.973 0.053
3582.62210 19.134 0.057
3583.65870 18.982 0.059
3584.66747 18.890 0.053
3585.66555 18.999 0.048
3586.68993 19.042 0.053
3588.74804 19.044 0.067
3589.70935 18.994 0.056
3590.70547 19.050 0.064
3592.67789 19.183 0.062
3597.66387 18.830 0.073
3601.68181 18.990 0.074
3602.68200 18.928 0.085
3603.66213 19.004 0.079
3607.66058 19.118 0.068
3608.67661 19.157 0.087
3615.60384 18.942 0.055
3618.60742 19.036 0.061
3620.57066 19.187 0.065
3628.57270 18.917 0.076
3630.58672 18.963 0.083
3632.61419 19.060 0.108
3634.51759 19.003 0.060
3639.52342 19.354 0.069
3641.57012 19.218 0.107
3644.53494 18.932 0.057
3649.51556 19.063 0.071
3651.57643 19.025 0.090
3655.54162 19.069 0.089
3657.53479 19.029 0.091
3659.53656 18.917 0.099
3662.54108 18.983 0.114
3665.51151 19.110 0.090
3671.51444 18.943 0.103
3777.84586 18.909 0.090
3782.88185 19.306 0.091
3785.84348 19.070 0.082
3788.87989 19.111 0.090
3791.89011 19.024 0.083
3794.86754 19.014 0.065
3796.85629 19.156 0.082
3797.85919 19.089 0.068
3798.90713 18.850 0.098
3801.83077 19.031 0.083
3803.81976 19.000 0.074
3804.86702 19.063 0.065
3805.90758 19.250 0.093
3807.89891 19.123 0.065
3809.81028 19.007 0.071
3811.88879 18.825 0.057
3813.76912 19.272 0.104
3817.90828 19.155 0.110
3819.76971 19.135 0.065
3820.87390 19.238 0.069
3821.88393 19.406 0.079
3822.78296 18.836 0.073
3823.89590 19.356 0.084
3824.88874 19.235 0.091
3826.89323 19.163 0.080
3828.89563 19.073 0.073
3829.88233 19.085 0.067
3832.88551 18.929 0.065
3833.86020 18.922 0.055
3834.90142 18.886 0.064
3835.84483 19.099 0.058
3836.85727 19.094 0.066
3837.83990 19.043 0.074
3838.84382 19.150 0.082
3839.85586 18.976 0.094
3840.84708 19.231 0.082
3841.82593 18.948 0.066
3845.83188 18.882 0.075
3846.83881 19.005 0.062
3848.85438 19.007 0.066
3849.86765 18.941 0.053
3850.80366 19.118 0.077
3851.81008 19.048 0.073
3852.79855 19.264 0.084
3853.79125 19.284 0.064
3856.78007 19.182 0.085
3858.84399 18.931 0.066
3860.83472 18.922 0.076
3861.84905 19.251 0.066
3862.79304 18.962 0.054
3863.73334 19.080 0.065
3864.79386 18.940 0.047
3865.75826 19.026 0.078
3866.78674 18.980 0.058
3867.72355 19.150 0.083
3868.79030 18.875 0.072
3869.77665 19.083 0.090
3873.77803 19.151 0.071
3874.82163 19.191 0.075
3875.73662 18.960 0.050
3877.76617 19.198 0.067
3880.76342 18.977 0.057
3881.77158 18.996 0.052
3882.70965 19.077 0.072
3883.75114 19.022 0.054
3886.72206 19.262 0.075
3887.70499 19.192 0.064
3889.86652 18.942 0.052
3891.59227 19.056 0.083
3892.86989 19.215 0.073
3893.75185 18.967 0.086
3894.79157 19.333 0.104
3896.74590 19.009 0.070
3900.64277 19.137 0.121
3901.65461 19.203 0.090
3902.67244 19.039 0.077
3903.80518 18.899 0.058
3904.65215 19.162 0.063
3905.65915 19.106 0.055
3906.64081 18.986 0.062
3907.70618 19.191 0.097
3908.64035 19.042 0.054
3909.64476 19.009 0.055
3912.64512 18.966 0.043
3913.64268 19.033 0.049
3914.67589 18.999 0.052
3915.63961 19.176 0.065
3916.72128 19.011 0.062
3917.73413 19.043 0.062
3918.73847 19.102 0.073
3919.66830 18.806 0.077
3920.62049 19.352 0.094
3921.63399 19.082 0.090
3930.69615 19.080 0.067
3931.61537 18.840 0.064
3931.80381 19.234 0.126
3932.64301 19.020 0.059
3933.62250 19.011 0.045
3934.59310 19.154 0.066
3935.67037 19.306 0.097
3936.62196 19.051 0.061
3936.81025 19.239 0.118
3937.73873 18.736 0.080
3938.59962 18.984 0.066
3940.74422 19.019 0.050
3944.68462 19.075 0.054
3945.63309 19.074 0.064
3946.62672 19.096 0.065
3950.64317 18.989 0.050
3951.65952 19.055 0.077
3957.63808 19.376 0.114
3958.68640 19.024 0.108
3959.61666 19.080 0.075
3960.60989 19.126 0.049
3963.57794 18.971 0.064
3964.64116 18.970 0.052
3965.62296 19.102 0.054
3966.61784 18.964 0.054
3967.64424 18.975 0.055
3968.60047 19.023 0.065
3969.60806 18.886 0.051
3970.62095 19.010 0.058
3971.65092 19.000 0.066
3973.68053 18.871 0.064
3974.61519 19.171 0.073
3975.61059 19.153 0.067
3976.60458 19.269 0.084
3979.63766 19.046 0.109
3982.66181 18.914 0.091
3987.60083 19.086 0.066
3988.63411 18.969 0.057
3990.60196 18.887 0.069
3994.55191 18.855 0.076
3996.52768 18.853 0.066
4000.61328 18.962 0.090
4002.60722 18.982 0.058
4003.56169 19.020 0.062
4005.65750 19.125 0.100
4011.54049 18.921 0.070
4015.56980 18.993 0.098
4017.54754 18.790 0.065
4019.54924 18.945 0.076
4021.55200 18.768 0.076
4024.58147 19.044 0.085
4027.49770 19.147 0.110
4029.53570 19.189 0.098
4150.87211 19.145 0.101
4155.84441 18.974 0.076
4158.80631 19.076 0.084
4159.90968 19.085 0.163
4160.83429 18.906 0.085
4162.85690 18.992 0.093
4164.89676 18.894 0.066
4166.91275 19.129 0.157
4167.82436 19.356 0.122
4169.83144 19.391 0.102
4174.84600 19.079 0.074
4176.82768 18.976 0.067
4177.88134 18.993 0.065
4179.77913 18.989 0.072
4180.82585 18.949 0.081
4181.91402 19.037 0.076
4183.79303 19.217 0.089
4184.86106 19.040 0.059
4185.84041 19.126 0.077
4190.85879 19.115 0.085
4192.87111 19.102 0.074
4193.88206 19.065 0.075
4194.90361 19.124 0.071
4196.92399 19.103 0.085
4202.87341 19.079 0.063
4203.86155 19.097 0.059
4204.86070 19.167 0.073
4205.85722 19.153 0.067
4207.86088 19.282 0.070
4208.89053 19.153 0.069
4213.85862 18.986 0.054
4215.89617 19.127 0.079
4216.81703 18.954 0.065
4217.83936 19.033 0.051
4218.88012 19.066 0.065
4219.92110 18.921 0.086
4220.86137 19.016 0.091
4222.82788 19.037 0.064
4228.81587 19.111 0.105
4229.79471 18.994 0.066
4230.78167 19.012 0.052
4231.80376 19.002 0.061
4232.81200 18.888 0.083
4234.75620 18.994 0.069
4235.78106 19.025 0.067
4238.80414 18.884 0.072
4239.90306 19.018 0.093
4243.69866 19.026 0.074
4244.86050 19.089 0.084
4245.85374 19.166 0.083
4246.90847 19.068 0.102
4250.87430 19.299 0.136
4256.71937 19.234 0.115
4258.71664 19.095 0.074
4268.62013 19.276 0.118
4269.66029 19.158 0.070
4272.71091 19.034 0.060
4273.67100 19.392 0.108
4274.65466 19.195 0.084
4275.71153 19.317 0.102
4277.61063 18.925 0.078
4278.68490 18.989 0.085
4283.63032 19.004 0.065
4284.61415 19.022 0.082
4285.62092 18.965 0.090
4286.71477 19.053 0.106
4289.66024 19.092 0.090
4290.74474 18.786 0.071
4291.73844 19.005 0.074
4292.59952 18.991 0.057
4293.62699 18.993 0.059
4294.59876 19.096 0.084
4295.62811 19.035 0.062
4296.60760 18.963 0.050
4297.60140 18.921 0.052
4298.71093 19.107 0.072
4299.67788 18.943 0.059
4300.80272 18.950 0.087
4301.48023 19.024 0.076
4302.75933 18.998 0.063
4307.59441 19.197 0.079
4310.74414 19.117 0.130
4312.64019 19.108 0.072
4315.67405 19.315 0.146
4317.62753 19.051 0.069
4319.63529 18.959 0.069
4320.73671 19.049 0.088
4326.64626 18.957 0.075
4327.67421 18.757 0.075
4328.61525 19.102 0.081
4329.60642 18.854 0.072
4330.58881 19.003 0.071
4331.61524 18.966 0.071
4332.62035 19.035 0.078
4333.61572 18.918 0.069
4334.60998 18.963 0.106
4338.64991 18.973 0.104
4339.61892 18.735 0.064
4340.53050 19.349 0.155
4341.61733 19.195 0.124
4342.65358 18.945 0.081
4343.63292 18.994 0.081
4344.68236 18.969 0.088
4345.63277 19.163 0.090
4346.63806 19.250 0.104
4347.65208 19.409 0.110
4349.62385 19.238 0.084
4351.62252 19.072 0.098
4357.63398 18.908 0.076
4359.60509 18.977 0.088
4367.60420 18.967 0.117
4370.60315 18.958 0.088
4372.57519 18.991 0.071
4380.58494 19.309 0.103
4515.88009 18.897 0.080
4519.85163 19.309 0.139
4520.84403 19.361 0.156
4523.84240 18.994 0.092
4524.89345 19.436 0.110
4530.88296 19.060 0.062
4534.82968 18.993 0.084
4536.83881 19.070 0.090
4538.84773 19.066 0.079
4540.87756 19.152 0.070
4542.90394 19.211 0.087
4543.86535 19.087 0.062
4544.86216 19.107 0.063
4545.87972 19.028 0.068
4546.91461 19.067 0.090
4550.85346 18.986 0.065
4551.91124 18.968 0.084
4552.90820 19.007 0.075
4556.87254 19.048 0.065
4557.89858 19.081 0.058
4558.83364 19.405 0.087
4559.86281 19.294 0.076
4560.86327 19.253 0.067
4561.85216 19.188 0.055
4564.85632 19.124 0.067
4565.84525 19.146 0.056
4566.84730 19.024 0.053
4567.85157 18.979 0.059
4568.88160 19.013 0.071
4569.86751 18.944 0.058
4570.87280 18.888 0.058
4571.83827 19.111 0.066
4572.87607 18.932 0.091
4573.85184 19.092 0.061
4574.85399 19.156 0.093
4575.86569 19.099 0.074
4579.91798 18.986 0.085
4583.83781 19.038 0.091
4586.81829 19.026 0.087
4587.85605 19.019 0.072
4588.74440 19.244 0.086
4589.77814 19.045 0.071
4590.79254 19.230 0.090
4591.76978 19.285 0.080
4592.78193 19.206 0.093
4593.76735 19.137 0.071
4594.79566 19.327 0.078
4595.78618 19.193 0.071
4596.80672 19.281 0.078
4597.80399 19.299 0.085
4598.77331 19.007 0.054
4599.75277 19.066 0.059
4600.75830 18.936 0.047
4601.76297 19.005 0.055
4602.76052 18.924 0.054
4606.75764 19.143 0.079
4606.78122 19.238 0.084
4610.88344 19.079 0.087
4611.74464 19.091 0.072
4611.93115 18.993 0.082
4616.73345 18.980 0.056
4617.90431 18.955 0.107
4622.71325 19.016 0.081
4623.79309 18.979 0.092
4624.73191 19.108 0.075
4625.71323 19.149 0.104
4626.76816 18.885 0.081
4627.69256 19.278 0.067
4628.68273 19.174 0.064
4629.74842 19.350 0.092
4630.68823 19.066 0.067
4631.70657 19.042 0.053
4632.72924 19.111 0.066
4633.86912 19.006 0.090
4639.80967 18.917 0.107
4640.78519 19.141 0.086
4641.87042 19.087 0.119
4642.70811 19.125 0.085
4643.67422 19.113 0.074
4644.75726 19.113 0.087
4645.67600 19.183 0.083
4646.64370 18.916 0.049
4647.66487 19.013 0.061
4648.65877 19.055 0.062
4648.76819 19.164 0.082
4649.64900 19.035 0.064
4650.68046 18.891 0.065
4651.69178 18.911 0.073
4652.62020 19.013 0.077
4653.61409 19.025 0.066
4654.65323 18.912 0.058
4655.61754 18.994 0.065
4656.62075 19.289 0.089
4658.77797 18.948 0.096
4660.72764 18.960 0.101
4661.61011 19.148 0.073
4666.54290 19.286 0.110
4671.66678 19.004 0.068
4672.62629 19.101 0.090
4674.65445 19.013 0.079
4677.67914 18.973 0.087
4681.68246 19.361 0.112
4682.63813 19.034 0.069
4683.63602 18.980 0.069
4684.65455 19.026 0.077
4685.68068 19.025 0.063
4686.75322 19.148 0.080
4688.61490 18.957 0.070
4694.69897 18.777 0.105
4697.62023 19.013 0.093
4698.64181 19.264 0.102
4700.63703 19.326 0.106
4701.61992 19.351 0.103
4702.63474 19.073 0.084
4704.69600 19.184 0.095
4708.65637 19.045 0.077
4710.67432 18.953 0.080
4720.58745 18.976 0.085
4721.62210 18.832 0.097
4724.63977 18.890 0.098
4725.65571 18.930 0.104
4726.61594 18.935 0.095
4733.58015 19.311 0.120
4738.54028 18.906 0.082
4741.62235 19.009 0.083
4755.56140 18.845 0.102
4763.50359 19.064 0.097
4876.87634 19.161 0.096
4883.86214 18.959 0.082
4885.90237 18.931 0.134
4886.82252 19.246 0.100
4886.82908 19.163 0.090
4888.85659 19.065 0.081
4892.85067 19.059 0.087
4898.82092 18.837 0.075
4901.82378 19.060 0.079
4902.91266 18.999 0.089
4903.87116 19.109 0.071
4905.86757 19.210 0.108
4912.85234 19.220 0.063
4914.89840 19.210 0.075
4924.74816 19.268 0.075
4925.86588 19.074 0.059
4928.75614 19.081 0.083
4930.80021 19.039 0.084
4931.84466 19.028 0.080
4932.85319 19.038 0.067
4933.84807 19.115 0.084
4934.70637 19.327 0.188
4934.90390 19.179 0.166
4938.82799 18.845 0.092
4940.76950 19.230 0.086
4941.80524 18.999 0.077
4942.74830 19.272 0.069
4944.75063 19.026 0.078
4945.80373 19.593 0.094
4950.86352 19.031 0.070
4953.84291 18.976 0.082
4954.81257 18.972 0.062
4955.80397 18.975 0.071
