2116.77700 18.583 0.058
2128.66294 18.780 0.053
2131.63897 18.485 0.044
2135.54878 18.842 0.051
2138.69663 18.852 0.072
2143.61768 18.666 0.054
2162.60978 18.739 0.057
2170.51603 18.609 0.046
2173.58999 18.551 0.058
2183.53291 18.704 0.084
2184.58882 18.840 0.087
2195.57081 18.815 0.084
2200.54505 18.393 0.064
2326.87646 18.691 0.065
2346.81954 18.666 0.051
2351.82117 18.645 0.041
2360.82984 18.780 0.048
2371.78653 18.708 0.045
2380.79103 18.603 0.058
2384.76303 18.576 0.043
2388.76663 18.691 0.057
2390.73650 18.681 0.069
2397.89483 18.613 0.051
2401.69721 18.513 0.042
2403.75846 18.562 0.036
2405.69430 18.721 0.057
2415.69578 18.770 0.065
2417.77301 18.554 0.050
2425.86003 18.617 0.063
2431.70717 18.783 0.064
2433.68208 18.720 0.053
2434.82794 18.817 0.053
2436.61723 18.829 0.058
2438.63287 18.885 0.055
2440.61424 18.703 0.047
2443.64911 18.617 0.052
2445.54422 18.902 0.077
2452.61603 18.633 0.055
2458.75200 18.836 0.059
2462.66849 18.680 0.042
2464.53586 18.833 0.070
2467.46181 18.690 0.099
2469.47238 18.664 0.056
2471.76286 18.544 0.042
2473.46102 18.672 0.084
2483.51577 18.749 0.045
2485.71051 18.795 0.077
2490.49245 18.502 0.044
2492.72894 18.518 0.073
2495.51993 18.736 0.061
2497.58098 18.687 0.043
2499.61825 18.528 0.042
2501.64515 18.553 0.041
2511.62418 18.617 0.067
2518.57497 18.512 0.043
2521.57089 18.791 0.054
2535.49993 18.545 0.064
2539.59638 18.650 0.061
2540.57449 18.726 0.077
2545.52638 18.681 0.053
2555.52547 18.668 0.068
2561.54979 18.856 0.090
2571.49218 18.642 0.096
2701.88541 18.554 0.047
2712.88261 18.609 0.049
2727.84517 18.691 0.039
2732.85910 18.639 0.053
2743.85077 18.587 0.037
2748.88249 18.777 0.078
2755.87323 18.584 0.049
2759.86459 18.603 0.049
2765.89102 18.575 0.046
2769.93257 18.757 0.053
2782.80453 18.675 0.065
2784.79775 18.827 0.048
2786.68835 18.581 0.056
2788.84028 18.682 0.044
2790.88687 18.692 0.053
2792.53916 18.859 0.096
2794.68055 18.593 0.050
2796.61795 18.732 0.042
2802.67512 18.568 0.055
2808.72260 18.590 0.053
2810.64133 18.903 0.059
2812.61827 18.790 0.053
2813.70724 18.742 0.055
2815.64681 18.542 0.046
2816.78195 18.624 0.053
2817.79130 18.796 0.084
2819.56609 18.896 0.059
2821.55506 18.864 0.059
2830.59072 18.738 0.113
2835.52265 18.629 0.074
2836.75073 18.873 0.074
2838.64704 18.580 0.053
2840.57174 18.749 0.044
2844.68250 18.606 0.042
2849.50739 18.563 0.056
2851.61198 18.667 0.048
2853.62264 18.657 0.043
2856.50045 18.662 0.054
2858.47210 18.623 0.066
2859.53723 18.692 0.082
2860.59087 19.020 0.089
2863.67789 18.850 0.072
2867.58418 18.569 0.046
2870.66241 18.734 0.051
2874.65093 18.991 0.085
2878.54303 18.550 0.037
2884.61447 18.749 0.060
2893.64224 18.703 0.046
2896.50503 18.807 0.062
2906.64514 18.639 0.064
2910.64012 18.501 0.075
2912.62451 18.664 0.068
2924.54778 18.728 0.054
2934.56464 18.656 0.069
2942.52539 18.575 0.061
3048.86478 18.656 0.056
3056.89746 18.705 0.086
3060.89891 18.741 0.063
3066.89227 18.825 0.053
3069.84490 18.582 0.058
3071.85250 18.658 0.051
3074.84012 18.678 0.047
3076.87738 18.677 0.057
3078.88694 18.693 0.070
3081.78737 18.812 0.053
3083.90634 18.587 0.037
3086.73320 18.885 0.053
3088.73687 18.865 0.054
3090.83635 18.571 0.039
3092.81157 18.653 0.066
3097.77434 18.562 0.059
3101.71076 18.621 0.084
3103.71482 18.702 0.075
3106.74065 18.746 0.079
3107.85392 18.670 0.054
3109.69058 18.778 0.058
3110.70124 18.641 0.061
3112.70172 18.628 0.052
3113.74490 18.817 0.042
3114.91916 18.604 0.041
3115.74204 18.877 0.054
3118.72710 18.480 0.057
3122.75316 18.693 0.067
3124.92969 18.488 0.068
3126.66871 18.820 0.060
3127.67073 18.618 0.053
3128.68917 18.700 0.052
3129.66857 18.451 0.049
3130.83103 18.764 0.073
3131.83050 18.633 0.070
3134.63782 18.812 0.077
3135.70410 18.520 0.049
3138.91599 18.850 0.067
3139.69994 18.586 0.040
3140.66744 18.778 0.050
3141.83111 18.976 0.058
3144.66336 18.691 0.049
3145.73116 18.634 0.049
3151.62013 18.960 0.089
3152.62905 18.590 0.045
3153.63045 18.910 0.073
3153.92100 18.615 0.061
3154.70666 18.710 0.056
3156.61479 18.614 0.067
3158.65524 18.617 0.071
3162.67238 18.553 0.042
3163.59063 18.667 0.046
3163.91201 18.817 0.070
3164.58406 18.840 0.050
3165.58380 18.634 0.048
3166.79461 18.987 0.098
3167.80928 18.600 0.053
3168.62489 18.680 0.049
3169.59517 18.521 0.038
3170.69007 18.689 0.042
3171.60801 18.561 0.042
3172.59775 18.888 0.048
3174.58374 18.880 0.048
3174.90287 18.611 0.052
3175.58500 18.596 0.040
3176.61095 18.774 0.060
3178.64681 18.859 0.062
3179.67120 18.675 0.047
3180.54577 18.621 0.047
3182.58015 18.620 0.052
3182.61936 18.854 0.062
3183.55290 18.700 0.049
3183.58301 18.634 0.037
3184.56303 18.592 0.040
3184.83348 18.768 0.057
3185.64670 18.593 0.043
3191.86234 18.508 0.060
3193.73397 18.745 0.059
3194.71271 18.695 0.044
3195.51827 18.800 0.054
3196.51663 18.624 0.075
3197.75237 18.832 0.053
3199.55227 18.774 0.064
3202.61213 18.670 0.061
3203.55617 18.767 0.040
3205.55275 18.788 0.042
3206.53475 18.696 0.040
3207.53772 18.776 0.067
3210.76534 18.923 0.073
3211.52418 18.517 0.043
3212.51913 19.015 0.091
3217.52961 18.571 0.044
3218.52697 18.765 0.070
3223.51835 18.666 0.063
3224.53381 18.895 0.056
3226.48873 18.629 0.052
3229.49730 18.738 0.046
3230.53731 18.784 0.043
3239.64588 18.612 0.051
3241.53331 18.751 0.059
3244.63181 18.767 0.103
3246.53395 18.712 0.055
3248.54162 18.486 0.046
3250.52649 18.523 0.044
3251.67023 18.546 0.053
3254.52880 18.580 0.053
3257.66628 18.577 0.043
3262.50063 18.833 0.082
3262.50988 18.622 0.070
3262.58721 18.603 0.049
3263.62892 18.721 0.059
3264.50589 18.720 0.060
3266.49131 18.749 0.073
3268.52670 18.692 0.052
3270.55802 18.750 0.105
3273.58002 18.778 0.084
3277.56680 18.674 0.064
3279.56138 18.595 0.061
3287.48561 18.663 0.068
3291.54411 18.595 0.062
3431.88373 18.575 0.041
3438.88190 18.920 0.072
3444.81855 18.683 0.039
3446.84351 18.616 0.051
3448.87314 18.822 0.046
3450.91220 18.861 0.051
3454.81906 18.561 0.065
3456.82668 18.497 0.037
3467.79008 18.571 0.053
3469.90052 18.773 0.038
3471.77723 18.464 0.058
3473.93121 18.862 0.091
3477.89043 18.872 0.049
3480.68925 18.540 0.041
3483.68411 18.993 0.070
3496.88802 18.796 0.068
3497.65132 18.542 0.060
3499.69366 18.660 0.042
3500.88024 18.823 0.047
3501.68520 18.516 0.053
3502.84215 18.810 0.046
3503.84379 18.617 0.042
3504.67960 18.911 0.059
3508.69371 18.799 0.072
3509.83168 18.744 0.040
3511.71681 18.624 0.046
3512.66794 18.917 0.075
3520.56815 18.599 0.065
3521.81892 18.913 0.058
3522.81445 18.607 0.046
3523.63746 18.999 0.062
3524.62161 18.510 0.037
3525.85300 18.983 0.057
3526.88611 18.668 0.046
3527.79925 18.689 0.051
3528.62962 18.598 0.039
3529.58686 18.736 0.046
3530.72141 18.709 0.035
3538.78967 18.911 0.047
3544.68977 18.452 0.068
3547.72862 18.844 0.066
3550.70435 18.547 0.031
3551.81687 18.621 0.048
3553.61961 18.488 0.047
3554.57507 18.864 0.085
3556.58362 18.793 0.057
3558.55349 18.495 0.042
3559.77008 18.929 0.049
3560.74209 18.581 0.040
3561.70269 18.698 0.038
3562.76630 18.554 0.038
3563.51575 18.915 0.067
3564.71950 18.547 0.050
3569.80314 18.896 0.086
3573.50243 18.650 0.086
3574.56492 18.517 0.041
3574.72630 18.865 0.060
3575.55339 18.834 0.042
3576.51164 18.831 0.055
3577.56402 18.844 0.049
3578.53738 18.695 0.036
3579.49574 18.627 0.039
3580.51142 18.787 0.048
3581.54114 18.791 0.050
3582.49993 18.829 0.053
3583.53962 18.641 0.044
3584.52576 18.900 0.052
3585.51635 18.574 0.038
3586.57467 18.724 0.040
3587.63075 18.950 0.069
3588.56729 18.668 0.042
3589.52603 18.573 0.035
3590.50608 18.840 0.047
3591.55098 18.617 0.033
3592.51737 18.867 0.051
3593.61289 18.744 0.048
3594.54825 18.877 0.046
3600.54509 19.182 0.144
3601.47743 18.769 0.054
3602.50246 18.641 0.064
3603.49645 18.658 0.055
3607.51261 18.745 0.043
3608.50418 18.581 0.057
3617.55769 18.645 0.048
3620.66137 18.900 0.052
3629.64571 18.565 0.070
3632.53197 18.564 0.053
3634.59524 18.601 0.047
3640.57568 18.505 0.042
3646.50323 18.826 0.073
3651.49486 18.580 0.060
3653.52272 18.553 0.064
3773.87919 18.691 0.064
3779.88442 19.055 0.087
3786.83554 18.696 0.059
3790.83076 18.793 0.064
3793.82076 18.687 0.052
3795.81044 18.625 0.054
3797.80570 18.654 0.046
3798.85386 18.728 0.045
3800.90101 18.595 0.046
3802.89475 18.709 0.046
3804.80927 18.852 0.060
3805.84668 18.515 0.041
3806.84325 18.894 0.053
3808.81638 18.825 0.052
3809.82004 18.560 0.038
3810.86807 18.937 0.058
3811.89530 18.588 0.042
3813.88100 18.543 0.039
3814.87851 18.856 0.055
3818.78832 18.641 0.042
3819.85206 18.705 0.035
3820.81576 18.665 0.035
3821.82004 18.841 0.044
3822.86647 18.716 0.042
3823.83020 18.919 0.043
3824.83191 18.516 0.049
3825.85369 18.739 0.050
3826.83165 18.589 0.042
3827.85453 18.783 0.042
3828.83008 18.527 0.044
3829.80825 19.004 0.052
3830.78917 18.657 0.042
3830.79791 18.634 0.042
3832.79224 18.699 0.043
3832.82845 18.630 0.039
3833.69883 18.571 0.046
3834.84081 18.617 0.036
3835.79122 18.748 0.042
3836.78930 18.684 0.047
3837.78619 18.720 0.045
3838.79036 18.584 0.054
3839.78631 18.629 0.044
3840.79341 18.650 0.051
3841.77150 18.657 0.045
3845.76930 18.633 0.054
3846.77693 18.928 0.053
3847.85257 18.685 0.045
3848.80055 18.821 0.051
3849.80296 18.701 0.045
3850.74663 18.707 0.047
3851.75653 18.580 0.041
3852.74503 18.673 0.057
3853.73779 18.700 0.031
3856.72668 18.624 0.042
3858.78685 18.783 0.052
3859.68404 18.843 0.064
3860.87697 18.681 0.059
3861.71883 18.880 0.055
3862.73225 18.551 0.037
3863.74389 18.844 0.045
3864.73704 18.643 0.038
3865.62242 18.635 0.051
3866.62265 18.904 0.067
3867.77533 18.837 0.057
3867.80405 18.726 0.050
3868.62189 18.806 0.076
3869.78731 18.755 0.064
3873.60860 18.715 0.057
3874.83101 18.741 0.045
3875.60323 18.722 0.047
3876.71104 18.762 0.042
3877.59781 18.695 0.048
3880.70113 18.728 0.045
3881.70933 18.662 0.039
3882.64433 18.827 0.044
3883.69693 18.676 0.038
3886.65570 18.864 0.053
3887.65128 18.679 0.041
3889.80594 18.950 0.054
3890.59658 18.638 0.050
3891.72933 18.611 0.042
3892.78218 18.647 0.041
3893.68030 18.550 0.044
3894.72780 18.770 0.053
3896.67008 18.726 0.065
3900.58053 18.677 0.053
3901.60074 18.829 0.059
3902.61534 18.625 0.040
3903.71113 18.661 0.045
3904.59834 18.660 0.040
3905.59861 18.730 0.040
3906.58669 18.752 0.055
3907.64351 18.789 0.068
3908.57664 18.976 0.053
3909.58271 18.651 0.036
3910.63791 18.608 0.042
3912.58412 18.810 0.039
3913.58165 18.603 0.037
3914.59958 18.853 0.050
3915.57949 18.647 0.037
3916.63070 18.923 0.063
3917.67115 18.843 0.053
3918.66978 18.589 0.037
3919.61097 18.687 0.048
3920.56294 18.776 0.047
3920.84051 18.921 0.058
3921.57503 18.666 0.064
3930.61589 18.827 0.053
3931.56105 18.783 0.061
3931.69865 18.676 0.048
3932.65153 18.886 0.054
3933.56519 18.693 0.038
3934.53588 18.640 0.043
3935.61405 18.642 0.035
3936.53638 18.548 0.042
3937.61198 18.588 0.040
3938.54502 18.660 0.057
3940.68106 18.858 0.040
3944.61606 18.658 0.039
3945.56643 18.893 0.049
3946.56363 18.674 0.049
3950.56713 18.625 0.039
3951.57584 18.976 0.072
3956.61296 18.537 0.050
3957.55058 18.663 0.053
3958.62304 18.496 0.046
3959.56325 18.877 0.056
3960.54095 18.856 0.044
3961.61614 18.935 0.086
3963.58609 18.671 0.041
3964.57584 18.804 0.042
3965.56941 18.686 0.037
3966.55730 18.790 0.044
3967.58975 18.693 0.051
3968.54387 18.857 0.061
3969.55125 18.493 0.033
3970.55613 18.982 0.060
3971.59617 18.628 0.053
3973.62590 18.830 0.050
3974.55827 18.702 0.067
3975.55325 18.634 0.042
3976.55078 18.730 0.043
3979.56543 18.692 0.056
3982.48440 18.465 0.081
3986.62736 18.775 0.069
3987.54735 18.790 0.052
3988.56027 18.692 0.039
3989.63005 18.617 0.062
3991.52306 18.927 0.079
3994.59164 18.701 0.055
3995.61932 18.629 0.039
3999.52581 18.758 0.057
4001.54919 18.970 0.060
4002.54589 18.573 0.037
4004.56878 18.633 0.064
4005.58425 18.799 0.055
4006.56993 18.542 0.039
4011.48694 18.560 0.052
4012.57382 18.612 0.072
4015.51357 18.643 0.069
4017.48818 18.592 0.048
4019.49245 18.435 0.048
4021.48883 18.486 0.064
4024.52798 18.950 0.060
4026.52352 18.781 0.056
4028.53962 18.957 0.073
4031.53955 18.488 0.062
4145.87907 18.794 0.091
4151.83858 18.809 0.061
4154.84819 18.595 0.045
4157.81848 18.623 0.051
4159.83484 18.734 0.055
4161.88846 18.958 0.072
4163.90439 18.947 0.064
4166.83685 18.862 0.097
4168.87175 18.618 0.054
4170.88883 18.683 0.050
4175.89703 18.758 0.050
4177.79870 18.642 0.045
4178.85198 18.937 0.057
4179.89174 18.660 0.045
4181.82852 18.628 0.041
4182.87689 18.904 0.048
4183.90918 18.614 0.046
4184.76821 18.610 0.040
4185.88682 18.627 0.053
4190.76976 18.684 0.060
4191.87312 18.633 0.065
4192.79175 18.681 0.060
4193.81015 18.779 0.053
4194.83169 18.700 0.047
4196.82019 18.627 0.047
4202.80168 18.605 0.036
4203.78978 18.806 0.047
4204.78188 18.718 0.047
4205.78023 18.694 0.040
4207.77665 18.658 0.044
4208.77361 18.770 0.044
4211.83673 18.817 0.054
4213.78085 18.664 0.044
4215.78733 18.635 0.049
4216.74508 18.876 0.052
4217.75267 18.631 0.036
4218.80464 18.852 0.072
4219.82749 18.665 0.060
4220.76275 18.991 0.064
4222.73139 18.767 0.055
4224.83376 18.831 0.074
4228.73216 18.681 0.068
4229.71647 18.848 0.064
4230.70631 18.579 0.046
4231.68858 18.885 0.050
4232.70080 18.556 0.053
4233.88192 18.848 0.075
4234.86491 18.813 0.059
4235.66237 18.815 0.052
4235.93662 18.825 0.074
4238.73195 18.667 0.047
4239.68256 18.752 0.047
4240.72893 18.585 0.039
4242.66187 18.879 0.082
4244.65991 18.884 0.064
4245.65324 18.626 0.044
4246.71203 18.739 0.053
4247.73584 18.932 0.053
4250.77592 18.549 0.057
4256.56882 18.608 0.069
4258.57589 18.561 0.064
4267.54540 18.661 0.060
4268.78157 18.696 0.049
4269.52844 18.611 0.075
4272.55184 18.761 0.055
4273.75041 18.637 0.047
4274.60985 18.653 0.054
4275.64268 18.952 0.076
4276.73505 18.771 0.072
4277.65845 18.862 0.055
4278.61587 18.644 0.062
4283.55347 18.535 0.049
4284.54528 18.839 0.065
4285.54871 18.695 0.058
4286.54823 18.905 0.096
4289.56204 18.588 0.053
4290.60553 18.797 0.068
4291.66589 18.815 0.052
4292.53063 18.690 0.040
4293.53687 18.694 0.043
4294.52993 18.679 0.052
4295.54420 18.794 0.053
4295.79778 18.563 0.046
4296.53437 18.702 0.049
4297.65797 18.716 0.044
4298.49714 18.624 0.055
4299.47843 19.004 0.066
4300.57563 18.800 0.053
4301.75686 18.899 0.054
4302.71313 18.610 0.048
4303.72140 18.829 0.061
4304.49239 18.607 0.084
4307.69269 18.829 0.070
4310.65953 18.813 0.094
4312.56821 18.644 0.060
4315.57561 18.962 0.069
4316.65838 18.926 0.065
4317.58220 18.925 0.065
4319.55903 18.820 0.063
4320.64579 18.698 0.050
4326.57700 18.643 0.045
4327.53464 18.694 0.068
4328.54038 18.719 0.045
4329.47781 18.650 0.057
4330.54640 18.778 0.048
4331.54213 18.700 0.052
4332.55612 18.785 0.052
4333.47714 18.816 0.077
4338.54383 18.938 0.083
4339.53997 18.613 0.045
4340.47850 18.710 0.079
4341.54440 18.720 0.065
4342.58047 18.701 0.054
4343.56003 18.590 0.041
4344.59010 18.839 0.063
4345.55622 18.605 0.042
4346.56179 19.023 0.093
4347.57572 18.562 0.051
4349.54444 18.633 0.043
4350.60222 18.884 0.060
4351.54973 18.638 0.045
4353.56624 18.601 0.052
4354.58559 18.894 0.069
4355.60198 18.531 0.054
4356.55053 18.775 0.061
4358.56974 18.817 0.065
4361.59586 18.602 0.069
4367.56005 18.820 0.073
4371.55921 18.875 0.064
4377.52469 18.835 0.064
4380.60415 18.552 0.053
4383.59934 18.764 0.086
4393.57199 18.715 0.060
4505.86200 18.684 0.059
4508.85415 18.734 0.045
4511.89150 18.641 0.049
4514.85230 18.679 0.053
4518.84192 18.557 0.055
4521.87381 18.851 0.062
4523.81467 18.820 0.078
4525.80674 18.788 0.098
4531.82261 18.538 0.053
4534.78115 18.991 0.090
4536.86240 18.753 0.049
4538.78391 19.011 0.077
4539.89740 18.913 0.051
4540.76817 18.786 0.054
4541.86517 18.800 0.044
4542.82863 18.920 0.070
4543.91674 19.001 0.087
4544.91412 18.623 0.051
4545.90077 18.764 0.050
4546.81505 18.989 0.072
4547.84605 18.606 0.046
4548.91185 18.686 0.075
4550.90764 18.685 0.053
4551.82778 18.677 0.051
4556.80036 18.683 0.039
4557.82338 18.626 0.046
4558.79203 18.637 0.037
4559.79059 18.917 0.053
4560.79100 18.649 0.049
4561.77992 19.017 0.049
4564.78409 18.560 0.036
4565.76867 18.850 0.041
4566.76952 18.626 0.041
4567.76848 18.830 0.049
4568.79189 18.661 0.043
4569.78772 18.946 0.055
4570.77808 18.589 0.043
4571.76876 18.786 0.060
4572.79194 18.681 0.046
4573.77958 18.891 0.046
4574.78193 18.638 0.051
4575.79071 18.795 0.059
4577.87967 18.695 0.061
4578.83330 18.601 0.061
4583.78547 18.697 0.074
4585.69647 18.695 0.057
4586.90152 18.683 0.054
4587.65458 18.813 0.068
4588.63451 18.692 0.056
4589.79823 18.680 0.052
4590.63533 18.730 0.071
4591.79424 18.669 0.042
4592.70591 18.694 0.046
4593.69495 18.855 0.053
4594.71623 18.770 0.051
4595.70854 18.934 0.053
4596.70053 18.662 0.046
4597.72521 18.759 0.052
4598.70125 18.663 0.035
4599.67378 18.929 0.057
4600.68614 18.646 0.037
4601.68882 18.950 0.049
4602.68118 18.661 0.040
4603.90419 18.836 0.057
4606.68913 18.587 0.042
4610.79246 18.732 0.084
4611.66809 18.706 0.050
4611.85896 18.652 0.048
4612.69251 18.660 0.048
4615.83505 18.649 0.059
4616.65094 18.954 0.056
4617.75064 18.907 0.057
4618.69187 18.734 0.049
4622.85064 18.871 0.070
4623.71224 18.707 0.045
4624.63381 18.869 0.072
4625.55441 19.003 0.091
4626.66904 18.950 0.080
4627.60797 18.741 0.051
4628.60997 18.764 0.062
4629.67470 18.625 0.040
4630.60821 18.649 0.042
4631.63319 18.717 0.042
4632.62000 18.689 0.042
4633.61356 18.971 0.066
4638.79747 18.494 0.045
4639.61854 18.993 0.065
4640.63542 18.671 0.051
4641.71792 18.618 0.047
4642.63401 18.666 0.044
4643.60015 18.912 0.064
4644.66151 18.645 0.054
4645.57394 18.791 0.060
4646.57047 18.738 0.041
4647.56410 18.689 0.055
4648.56851 18.746 0.056
4649.57062 18.705 0.047
4650.60331 18.709 0.053
4651.57480 18.673 0.050
4652.54761 18.951 0.072
4653.54155 18.552 0.058
4654.58075 18.845 0.059
4655.54140 18.676 0.056
4656.54335 18.939 0.063
4658.70205 18.625 0.065
4660.65477 18.645 0.050
4661.53143 18.749 0.058
4665.69917 19.069 0.087
4666.60447 18.975 0.070
4670.66938 18.722 0.056
4671.71659 18.925 0.070
4672.55033 18.707 0.041
4674.55623 18.636 0.053
4677.53288 18.877 0.061
4678.64909 18.952 0.054
4681.47894 18.727 0.052
4682.52256 18.556 0.042
4683.56107 18.826 0.061
4684.58033 18.641 0.048
4685.54476 19.048 0.073
4686.54573 18.613 0.048
4687.54573 18.949 0.065
4688.53897 18.578 0.049
4694.48887 18.946 0.098
4697.54255 18.661 0.057
4698.55143 18.710 0.045
4699.56323 18.833 0.070
4700.56400 18.589 0.049
4701.54690 18.742 0.064
4702.56180 18.773 0.058
4703.62917 18.801 0.066
4705.61313 19.016 0.075
4707.65832 18.991 0.075
4709.55709 18.749 0.074
4710.59766 18.726 0.058
4716.62992 18.536 0.072
4721.54784 18.473 0.065
4724.55473 19.045 0.079
4725.58231 18.653 0.067
4730.61681 18.895 0.066
4734.59850 18.817 0.060
4739.52949 18.935 0.080
4743.59102 18.721 0.071
4748.53462 18.521 0.068
4754.50997 18.668 0.067
4758.55514 18.581 0.062
4874.86890 18.950 0.067
4878.82894 18.650 0.071
4884.89598 18.948 0.069
4887.86837 18.860 0.046
4891.82492 18.816 0.074
4897.81426 18.644 0.049
4899.90961 18.894 0.070
4900.82080 18.658 0.051
4902.79785 18.832 0.060
4904.82616 18.906 0.052
4906.84860 18.867 0.068
4910.85522 18.734 0.044
4912.91056 18.617 0.037
4914.81991 18.960 0.058
4919.73660 18.935 0.052
4925.73972 19.023 0.055
4927.75583 19.012 0.067
4929.75538 18.760 0.069
4930.89465 19.044 0.075
4931.73943 18.795 0.068
4932.87236 18.938 0.059
4933.86711 18.713 0.053
4938.73659 18.827 0.051
4939.75963 18.809 0.058
4941.71602 18.647 0.048
4942.82046 18.673 0.045
4943.82850 18.919 0.053
4944.84436 18.807 0.042
4945.73791 18.657 0.042
4950.82009 18.634 0.042
4953.70270 18.733 0.047
4954.69685 18.798 0.051
4955.70380 18.810 0.059
