2124.50649 18.609 0.052
2128.53117 18.473 0.021
2131.53058 18.725 0.032
2135.50167 18.609 0.028
2138.52761 19.057 0.054
2142.50675 18.592 0.037
2171.61970 18.410 0.034
2345.85512 18.548 0.027
2356.84826 18.707 0.032
2369.89379 18.580 0.030
2379.79574 18.701 0.039
2385.80331 18.402 0.023
2389.80640 18.606 0.034
2396.85135 18.506 0.035
2401.89561 18.476 0.032
2403.70343 18.491 0.024
2411.69787 18.743 0.045
2426.62808 18.469 0.035
2432.62192 18.608 0.047
2434.86898 18.692 0.041
2436.86386 18.543 0.036
2438.87411 18.423 0.028
2439.77852 18.431 0.024
2441.89858 18.720 0.058
2443.74546 18.534 0.031
2445.87116 18.361 0.033
2453.68772 18.467 0.028
2455.68072 18.482 0.026
2456.57914 18.346 0.028
2458.66660 18.846 0.033
2462.54548 18.494 0.024
2463.74598 18.472 0.021
2464.58222 18.662 0.031
2464.62167 18.470 0.023
2465.53650 18.413 0.027
2466.51454 18.704 0.038
2467.54589 18.514 0.026
2468.65476 18.457 0.020
2469.81119 18.646 0.031
2471.50147 18.451 0.029
2473.75103 18.751 0.038
2484.52612 18.422 0.035
2488.58781 18.794 0.049
2489.59594 18.347 0.022
2489.64853 18.482 0.023
2492.60130 18.414 0.032
2494.64872 18.602 0.030
2496.71042 18.622 0.032
2499.48535 18.590 0.036
2501.51761 18.598 0.036
2516.55391 18.669 0.039
2519.55232 18.422 0.030
2524.59724 18.480 0.028
2528.54288 18.477 0.035
2539.54601 18.716 0.043
2545.50835 18.409 0.030
2554.49993 18.307 0.034
2560.54929 18.474 0.058
2710.91253 18.528 0.043
2725.90692 18.702 0.031
2731.84607 18.214 0.021
2747.90488 18.439 0.036
2758.88335 18.682 0.054
2764.89230 18.434 0.030
2769.71023 18.551 0.028
2783.68256 18.452 0.021
2785.61958 18.496 0.032
2787.67670 18.503 0.027
2789.88265 18.562 0.033
2791.86398 18.638 0.040
2793.92541 18.438 0.043
2796.91752 18.838 0.042
2797.82139 18.654 0.028
2809.61431 18.737 0.035
2811.60336 18.557 0.044
2813.54634 18.779 0.053
2815.55629 18.535 0.034
2817.59631 18.418 0.032
2819.69394 18.614 0.029
2821.76131 18.526 0.035
2834.62481 18.438 0.031
2836.57798 18.430 0.030
2838.59067 18.437 0.030
2840.60573 18.588 0.026
2842.50265 18.410 0.030
2844.56114 18.757 0.028
2847.61478 18.916 0.057
2851.48091 18.468 0.028
2853.48597 18.623 0.032
2855.58243 18.443 0.032
2857.66793 18.732 0.038
2860.54633 18.596 0.049
2861.53046 18.532 0.037
2864.59821 18.429 0.053
2867.53130 18.730 0.038
2870.59151 18.690 0.032
2876.50903 18.534 0.029
2882.53745 18.540 0.024
2885.58886 18.550 0.049
2888.65284 18.696 0.092
2894.50826 18.389 0.027
2897.61446 18.459 0.035
2902.65051 18.564 0.050
2908.51554 18.447 0.038
2923.56132 18.515 0.038
2934.54474 18.561 0.043
3054.88680 18.513 0.033
