2127.49565 19.428 0.159
2130.52846 19.226 0.084
2133.54262 19.356 0.096
2136.66381 19.006 0.096
2141.65460 19.939 0.281
2165.57705 19.042 0.104
2171.64410 19.286 0.122
2179.53444 19.592 0.181
2189.52945 19.349 0.181
2212.55423 19.128 0.147
2214.51151 18.970 0.144
2337.84145 19.213 0.103
2352.85895 19.228 0.109
2361.85339 19.122 0.106
2373.80823 19.150 0.103
2384.84405 19.265 0.097
2388.84339 19.354 0.098
2390.88173 19.094 0.101
2393.87561 19.074 0.123
2400.82300 19.182 0.088
2402.92970 19.399 0.137
2406.87246 19.304 0.131
2411.73050 19.630 0.143
2415.90578 19.208 0.134
2417.87656 19.330 0.113
2425.90846 19.812 0.311
2428.88663 19.183 0.125
2434.80322 19.070 0.073
2436.85190 19.763 0.167
2438.83573 19.235 0.101
2441.78809 19.186 0.091
2445.70924 19.094 0.090
2448.74151 19.409 0.259
2454.76825 19.018 0.112
2460.73548 19.166 0.138
2463.61888 19.570 0.123
2466.59210 19.158 0.084
2468.77661 19.014 0.082
2470.76057 19.269 0.101
2481.63307 19.366 0.176
2484.69524 19.367 0.140
2496.56174 19.670 0.104
2498.59980 19.043 0.056
2500.62592 19.402 0.096
2502.64412 19.159 0.106
2510.54368 19.315 0.157
2516.50448 19.201 0.132
2517.55138 19.213 0.138
2520.66012 19.180 0.101
2529.52661 19.628 0.132
2538.57584 19.003 0.110
2542.56481 19.427 0.110
2548.53002 19.231 0.126
2552.56739 19.168 0.132
2557.53164 19.079 0.101
2561.52758 19.154 0.148
2563.49391 19.402 0.128
2568.56213 19.084 0.179
2708.87957 19.511 0.135
2719.88576 19.114 0.091
2729.91124 19.798 0.184
2734.88479 19.049 0.075
2747.76893 19.089 0.129
2754.77918 19.029 0.087
2757.84421 19.307 0.113
2763.79735 19.163 0.088
2767.88963 19.193 0.129
2775.79511 19.381 0.159
2776.75000 19.828 0.307
2783.88411 19.325 0.104
2785.75049 19.254 0.112
2788.62996 19.414 0.141
2790.77632 19.602 0.131
2793.70303 19.572 0.157
2795.66295 19.581 0.122
2797.67411 19.241 0.078
2809.79421 19.098 0.097
2811.71467 19.134 0.112
2812.84395 19.226 0.119
2813.88768 19.101 0.113
2815.86846 19.264 0.137
2817.76696 19.106 0.087
2819.67734 19.392 0.097
2821.72652 19.090 0.100
2830.69877 19.101 0.153
2835.70827 19.081 0.085
2837.71870 19.234 0.181
2839.77846 19.282 0.135
2841.79962 19.205 0.112
2843.72693 19.153 0.101
2845.71658 19.039 0.076
2850.61264 19.137 0.073
2852.62393 19.793 0.219
2854.62098 19.069 0.097
2857.52773 19.435 0.118
2858.73999 19.035 0.088
2862.65105 19.044 0.118
2865.63116 19.192 0.082
2868.62744 19.437 0.110
2871.70814 19.895 0.198
2876.70912 19.129 0.103
2879.67446 19.383 0.153
2884.70566 19.078 0.119
2893.58209 19.740 0.141
2895.60942 19.021 0.072
2900.52370 19.206 0.120
2905.65640 19.586 0.242
2911.57765 19.050 0.091
2921.52732 19.160 0.128
2931.57837 19.458 0.144
3052.88814 19.111 0.088
3059.87409 19.320 0.106
3064.88542 19.393 0.129
3068.83848 19.699 0.170
3071.89106 19.107 0.087
3073.90018 19.356 0.101
3077.79032 19.817 0.513
3080.83946 19.083 0.094
3083.78574 19.194 0.076
3085.89759 19.140 0.072
3087.83221 19.042 0.076
3089.84893 19.390 0.081
3091.85000 19.686 0.144
3097.83259 19.169 0.084
3099.85861 19.407 0.137
3101.82789 19.212 0.103
3102.86024 18.966 0.073
3104.77585 19.488 0.250
3106.92243 19.140 0.103
3108.81256 19.512 0.104
3109.92653 19.692 0.165
3110.90241 19.482 0.112
3112.85940 19.377 0.093
3114.85437 19.617 0.110
3116.84198 19.083 0.088
3122.85783 19.662 0.195
3125.91495 19.580 0.172
3126.81146 19.076 0.071
3127.89749 19.854 0.170
3128.88679 19.496 0.147
3130.76434 19.239 0.113
3131.62966 19.506 0.244
3134.89977 19.254 0.253
3135.78467 19.308 0.094
3137.83662 19.234 0.118
3138.72181 19.052 0.088
3140.69356 19.045 0.076
3140.92737 19.392 0.122
3141.75867 19.746 0.144
3142.83294 19.035 0.069
3144.85089 19.389 0.096
3146.91731 18.994 0.063
3147.93377 19.255 0.120
3151.82491 19.146 0.104
3152.82461 19.127 0.087
3153.82314 19.304 0.115
3154.91702 19.102 0.118
3157.89711 19.271 0.119
3158.70962 19.296 0.159
3162.86093 19.215 0.103
3163.82327 19.262 0.087
3164.80900 19.295 0.094
3164.91645 19.339 0.137
3165.66225 19.163 0.069
3167.67182 19.363 0.128
3168.82211 19.431 0.097
3169.84805 19.440 0.129
3170.87758 19.056 0.071
3171.72383 19.020 0.060
3172.52259 19.211 0.119
3172.61567 19.564 0.096
3172.71308 19.197 0.072
3172.81478 19.189 0.091
3173.70096 19.339 0.112
3173.76190 19.438 0.112
3173.80931 19.303 0.110
3173.82742 19.152 0.094
3174.50662 19.272 0.129
3174.60169 19.220 0.081
3174.77657 19.053 0.071
3175.53540 19.738 0.182
3175.85752 19.700 0.148
3176.53947 19.456 0.182
3176.69324 19.784 0.187
3177.69649 19.301 0.145
3177.79406 19.426 0.160
3177.83316 19.829 0.242
3178.55267 19.119 0.119
3179.57604 18.984 0.071
3179.87786 19.150 0.098
3180.79441 19.373 0.079
3182.85468 19.285 0.098
3183.81047 18.972 0.097
3184.76909 19.038 0.072
3185.62396 19.241 0.079
3193.61924 19.213 0.075
3194.51893 19.368 0.147
3194.80968 19.684 0.129
3195.74280 19.370 0.087
3196.59569 19.676 0.140
3196.83849 18.975 0.081
3197.78419 19.059 0.088
3199.78072 18.995 0.093
3201.82790 19.382 0.137
3202.77527 19.495 0.107
3203.60440 19.606 0.085
3204.75245 19.701 0.123
3205.68278 19.014 0.056
3206.78926 19.018 0.115
3210.56634 19.195 0.112
3211.74628 19.513 0.147
3217.72217 19.059 0.094
3218.77328 19.931 0.339
3223.72223 19.225 0.118
3224.76673 19.244 0.129
3226.71413 19.211 0.143
3228.68774 19.187 0.101
3229.71850 19.514 0.134
3230.73439 19.246 0.109
3231.67917 20.108 0.270
3232.67712 19.543 0.190
3238.68621 19.728 0.192
3240.53539 19.055 0.079
3241.71904 18.935 0.106
3245.64803 19.086 0.112
3247.50933 19.661 0.141
3249.62173 19.586 0.153
3251.52475 19.341 0.132
3254.60630 19.316 0.129
3257.54428 19.020 0.059
3260.58975 19.578 0.192
3265.54270 19.170 0.100
3267.60095 19.278 0.112
3273.49998 19.606 0.239
3277.51932 19.342 0.132
3280.52020 19.024 0.109
3282.59092 20.966 0.386
3289.52505 19.455 0.157
3294.52033 19.627 0.129
3296.51944 19.764 0.185
3302.51662 19.383 0.175
3418.85924 19.224 0.097
3423.88730 19.358 0.084
3427.84100 19.382 0.129
3430.82643 18.821 0.073
3436.87304 18.963 0.090
3443.84416 19.141 0.066
3445.87263 19.182 0.066
3447.91700 19.210 0.126
3450.79660 19.320 0.078
3453.84001 19.102 0.091
3455.90554 19.332 0.115
3458.87526 19.017 0.072
3459.89046 18.938 0.069
3468.87393 19.054 0.072
3469.87662 19.234 0.069
3472.86155 19.663 0.104
3474.79515 19.682 0.147
3476.77170 19.883 0.126
3478.86709 19.561 0.106
3480.88273 19.519 0.126
3483.81761 19.192 0.079
3496.91098 19.280 0.113
3497.89795 19.052 0.073
3500.90701 19.684 0.148
3502.89125 19.613 0.112
3503.87209 19.651 0.112
3506.93149 19.974 0.179
3508.90884 20.218 0.306
3509.89166 19.811 0.131
3511.91520 19.221 0.082
3512.90508 19.151 0.094
3520.66733 19.605 0.140
3521.79806 19.688 0.132
3522.86571 19.143 0.100
3524.85695 19.112 0.082
3527.64025 19.311 0.098
3527.72571 19.134 0.056
3528.88462 18.935 0.094
3529.92342 19.356 0.104
3530.86293 18.888 0.047
3530.89431 19.038 0.063
3538.85245 19.009 0.078
3541.88661 19.550 0.143
3544.88404 18.982 0.107
3547.85144 19.116 0.100
3550.82826 19.469 0.107
3551.84026 19.548 0.116
3552.83563 19.498 0.147
3554.83862 19.300 0.151
3556.84669 18.969 0.106
3558.62361 19.018 0.063
3559.63200 19.426 0.093
3560.70840 19.092 0.076
3561.61561 20.158 0.194
3562.66300 18.980 0.066
3563.72768 19.475 0.100
3569.65563 19.223 0.169
3573.78606 19.083 0.107
3574.75829 19.212 0.103
3575.70023 19.167 0.071
3576.76686 19.176 0.106
3578.74131 19.510 0.106
3579.68987 19.197 0.075
3580.73644 19.428 0.135
3581.73939 19.172 0.091
3582.68833 19.261 0.075
3583.70651 19.061 0.076
3584.71045 19.078 0.066
3585.70903 19.149 0.063
3586.76310 19.349 0.090
3589.75258 19.092 0.087
3590.47630 19.315 0.100
3590.56090 19.086 0.072
3590.63980 19.353 0.093
3590.74876 19.110 0.098
3591.48938 19.761 0.128
3591.54463 19.059 0.051
3591.64243 19.712 0.103
3591.73037 18.976 0.063
3591.76513 18.935 0.069
3592.47507 19.739 0.153
3592.54263 18.990 0.060
3592.65952 19.144 0.060
3592.70158 19.094 0.065
3593.46870 19.528 0.120
3593.51878 19.166 0.066
3593.54768 19.181 0.081
3594.50613 19.168 0.106
3594.58876 19.479 0.078
3594.66518 19.025 0.069
3594.74891 19.689 0.165
3602.72532 19.540 0.195
3603.72031 19.791 0.204
3607.70426 19.106 0.104
3608.69694 19.104 0.081
3615.65464 19.481 0.134
3617.61627 19.936 0.201
3619.61338 19.086 0.078
3621.65508 19.424 0.122
3629.53930 19.247 0.079
3631.56816 19.078 0.106
3633.59313 19.902 0.279
3640.52651 19.018 0.090
3644.60236 18.961 0.085
3649.57835 19.096 0.098
3652.55227 19.196 0.129
3656.54506 19.344 0.140
3660.54926 19.559 0.187
3665.53208 19.502 0.157
3670.52218 19.241 0.159
3778.84179 19.325 0.151
3783.88067 19.495 0.097
3785.89164 18.995 0.081
3788.89567 19.514 0.153
3792.88584 19.158 0.073
3794.88497 19.160 0.073
3796.87675 19.293 0.116
3797.87640 19.441 0.098
3800.85744 19.490 0.144
3802.80437 19.632 0.134
3803.83697 19.054 0.075
3804.88413 19.384 0.107
3806.89666 19.303 0.088
3808.88163 19.041 0.072
3810.79763 19.621 0.175
3812.78379 19.313 0.131
3814.77468 19.122 0.098
3818.83961 19.136 0.084
3819.89904 19.329 0.073
3820.89128 19.636 0.106
3821.90263 19.448 0.088
3822.91448 19.127 0.078
3824.90953 19.005 0.091
3825.90160 19.039 0.072
3826.92506 19.472 0.145
3827.90077 19.558 0.090
3828.91288 19.733 0.140
3829.90877 19.242 0.073
3830.87520 19.798 0.148
3832.90298 18.971 0.071
3833.89138 19.104 0.069
3834.81658 19.226 0.073
3835.86899 19.032 0.056
3836.87847 19.530 0.115
3837.85723 19.484 0.094
3838.86137 19.667 0.126
3839.88043 19.277 0.135
3840.86443 19.194 0.082
3841.84779 19.105 0.079
3842.76163 19.474 0.122
3842.92265 19.833 0.263
3845.85215 19.660 0.184
3846.85608 19.491 0.093
3847.89796 19.297 0.119
3848.87166 19.114 0.091
3849.90089 19.198 0.090
3850.82094 19.503 0.123
3851.82723 19.026 0.093
3852.81934 19.208 0.082
3853.80864 18.998 0.060
3856.79727 19.684 0.131
3858.86130 19.197 0.082
3860.85266 19.275 0.129
3861.86794 19.792 0.123
3862.81112 19.267 0.068
3863.78935 19.292 0.084
3864.81327 19.472 0.081
3865.77557 19.828 0.162
3866.74073 19.603 0.107
3867.74809 19.740 0.159
3868.74348 19.215 0.119
3869.72522 19.232 0.109
3873.72870 19.094 0.084
3874.77549 19.418 0.122
3875.75815 19.351 0.072
3877.71710 19.170 0.085
3880.78384 19.687 0.116
3881.79241 19.376 0.078
3882.72736 19.747 0.153
3883.77914 19.165 0.098
3886.74272 19.082 0.079
3887.72247 19.023 0.060
3889.88422 19.432 0.107
3891.61586 18.991 0.103
3892.75150 19.071 0.069
3893.78234 19.174 0.115
3894.81936 19.615 0.165
3896.76979 19.753 0.222
3900.66654 19.273 0.138
3901.67206 19.578 0.129
3902.68960 19.210 0.081
3903.83060 19.125 0.090
3904.66945 19.004 0.051
3905.68013 19.141 0.071
3906.65796 19.022 0.071
3907.72400 19.896 0.253
3908.66393 19.394 0.076
3909.66205 19.599 0.085
3912.66614 19.042 0.049
3913.66633 19.005 0.053
3914.71409 19.948 0.141
3915.66320 19.032 0.059
3916.74494 19.040 0.090
3917.76212 18.927 0.079
3918.76244 18.777 0.054
3919.69260 19.090 0.059
3920.64629 19.247 0.096
3921.65476 19.341 0.147
3930.71641 19.850 0.145
3931.63261 19.120 0.088
3932.59646 19.065 0.060
3933.64366 19.680 0.087
3934.61038 19.280 0.072
3934.81553 19.197 0.106
3935.59135 19.467 0.097
3936.57641 19.326 0.109
3937.65522 19.039 0.069
3938.62066 18.969 0.062
3940.76546 19.149 0.063
3942.51366 19.155 0.113
3944.48380 19.095 0.079
3944.60196 19.569 0.119
3944.70185 18.971 0.056
3944.77866 19.685 0.172
3945.47758 19.182 0.103
3945.60032 19.476 0.147
3945.68179 19.216 0.072
3945.77077 19.188 0.101
3946.48332 19.202 0.106
3946.64859 19.222 0.079
3946.69595 19.791 0.153
3946.74700 19.213 0.097
3946.76234 19.251 0.101
3946.78180 19.092 0.101
3950.66410 19.207 0.076
3951.67490 19.196 0.115
3959.63573 19.178 0.084
3960.62684 19.102 0.063
3963.63222 19.073 0.069
3964.66836 19.769 0.120
3965.64324 19.710 0.107
3966.63770 19.388 0.093
3967.66113 19.130 0.073
3968.62064 19.300 0.103
3969.63112 19.138 0.100
3970.63787 19.209 0.093
3971.66923 19.623 0.119
3973.69743 18.971 0.091
3974.63498 19.166 0.091
3975.62757 19.152 0.087
3976.62150 19.139 0.093
3979.65669 19.727 0.190
3982.68940 19.263 0.210
3986.67001 19.424 0.175
3987.61878 18.964 0.075
3988.65091 19.674 0.140
3989.56905 19.255 0.118
3991.57048 19.564 0.195
3995.51831 19.536 0.109
4001.58864 19.162 0.088
4002.62425 18.974 0.081
4003.57872 19.029 0.063
4011.56205 19.242 0.141
4015.59100 19.605 0.225
4017.56470 19.173 0.107
4019.57288 19.213 0.115
4023.55563 19.397 0.184
4025.50718 19.447 0.119
4027.51495 19.179 0.107
4030.50698 19.371 0.144
4151.89739 19.128 0.145
4155.86138 19.136 0.107
4158.82316 19.419 0.137
4160.88649 19.149 0.143
4162.87389 19.095 0.113
4165.85830 19.606 0.197
4167.85122 19.314 0.195
4169.85357 18.989 0.081
4174.86764 19.289 0.107
4176.84492 19.218 0.106
4177.90182 19.237 0.096
4179.79613 18.988 0.085
4180.86469 19.518 0.145
4182.77304 19.118 0.084
4183.81000 19.664 0.156
4185.78575 19.463 0.132
4190.88378 19.006 0.073
4192.88800 19.161 0.088
4193.89901 19.375 0.104
4196.87864 19.296 0.103
4202.89028 19.673 0.131
4203.87844 19.601 0.113
4204.88526 19.326 0.088
4205.87407 19.213 0.093
4207.89799 19.012 0.075
4208.90749 19.187 0.096
4213.87900 19.122 0.065
4215.91313 19.325 0.096
4216.83760 19.041 0.085
4217.85986 19.107 0.063
4218.90422 19.337 0.096
4220.88835 19.218 0.154
4222.84806 19.158 0.087
4228.85203 19.796 0.214
4229.81745 19.633 0.144
4230.79860 19.625 0.110
4231.84091 19.037 0.085
4232.86186 19.033 0.126
4234.79655 19.108 0.078
4234.83402 19.104 0.082
4235.82043 19.118 0.078
4237.63729 19.484 0.178
4238.82500 19.321 0.145
4240.61871 19.263 0.170
4243.87130 19.491 0.165
4244.87805 19.097 0.110
4244.88690 19.054 0.107
4244.90986 19.052 0.100
4245.91247 19.197 0.119
4246.92536 19.262 0.150
4247.58247 19.012 0.079
4250.91170 19.153 0.144
4256.81003 19.068 0.115
4257.69393 19.211 0.120
4258.79685 19.133 0.103
4268.57791 19.195 0.131
4269.71771 19.044 0.071
4272.63956 19.030 0.073
4273.68700 19.168 0.098
4274.67084 19.491 0.128
4275.72764 19.038 0.100
4277.56851 19.178 0.126
4278.70160 19.215 0.132
4283.64864 19.467 0.113
4284.63007 19.501 0.148
4285.63707 19.685 0.192
4286.73081 19.169 0.145
4289.68052 19.366 0.150
4290.75972 19.100 0.132
4291.75793 19.234 0.140
4292.61548 19.226 0.082
4293.64323 19.395 0.090
4294.68447 19.045 0.094
4295.64448 19.108 0.079
4296.62364 19.093 0.072
4297.55518 19.569 0.118
4298.78668 19.189 0.125
4299.75684 19.149 0.073
4300.68683 19.273 0.107
4301.55613 19.065 0.072
4302.79007 19.370 0.135
4306.54712 19.150 0.153
4307.56874 18.975 0.075
4311.58964 19.547 0.204
4312.65689 18.997 0.071
4317.64398 19.302 0.125
4319.65293 19.035 0.103
4326.66214 18.951 0.079
4327.69730 19.297 0.150
4328.63210 19.250 0.110
4329.62334 18.953 0.094
4330.63675 19.256 0.100
4331.63216 19.546 0.145
4332.68684 19.030 0.104
4333.63595 19.158 0.129
4334.64942 19.062 0.160
4338.66904 19.614 0.212
4339.63902 19.857 0.223
4340.70219 19.175 0.145
4341.67975 19.031 0.129
4342.68006 18.991 0.103
4343.64988 19.244 0.126
4345.64977 19.203 0.154
4346.65493 19.752 0.242
4347.66905 19.035 0.104
4349.64410 18.995 0.088
4350.66865 19.147 0.119
4351.63955 19.035 0.098
4354.64828 19.463 0.163
4357.58636 19.632 0.170
4359.55986 19.493 0.144
4365.60127 19.420 0.176
4368.60432 19.064 0.150
4370.55994 19.063 0.079
4372.59278 19.514 0.128
4377.55349 19.070 0.107
4381.59586 19.383 0.200
4515.89691 19.267 0.145
4520.87591 19.212 0.131
4523.85945 19.905 0.257
4525.85417 19.390 0.192
4532.88233 19.093 0.096
4534.90343 19.115 0.113
4537.79446 19.099 0.115
4538.90786 19.279 0.128
4539.79925 19.091 0.097
4541.83113 19.418 0.128
4543.82084 19.062 0.073
4544.81773 19.148 0.098
4545.83522 19.061 0.078
4547.80908 19.149 0.088
4550.80809 19.423 0.151
4552.79811 19.134 0.110
4556.88987 18.943 0.059
4557.91554 19.095 0.066
4558.88206 19.111 0.087
4559.87998 19.098 0.075
4560.88017 19.215 0.082
4561.86921 19.498 0.088
4564.87334 19.313 0.076
4565.86301 19.130 0.062
4566.86421 19.136 0.069
4567.86979 19.004 0.062
4568.90174 19.540 0.101
4569.88496 19.474 0.129
4570.89350 19.098 0.079
4571.85524 19.221 0.073
4572.89360 18.947 0.088
4573.86884 18.959 0.063
4574.87738 19.169 0.087
4575.88560 19.150 0.082
4583.85207 19.152 0.110
4585.84261 19.197 0.088
4586.86139 19.767 0.162
4587.87329 19.064 0.126
4588.76348 19.191 0.087
4589.73285 19.019 0.079
4590.81249 19.318 0.094
4591.72531 19.329 0.097
4592.79888 19.061 0.107
4593.78431 18.996 0.069
4594.81267 19.280 0.091
4595.80350 19.439 0.096
4596.75916 19.084 0.068
4597.82097 19.187 0.087
4598.79048 19.452 0.082
4599.76971 19.483 0.096
4600.79209 18.990 0.054
4601.78069 19.032 0.063
4602.78434 19.036 0.059
4606.83803 19.073 0.088
4611.76180 19.043 0.097
4616.75394 19.106 0.075
4616.93984 19.102 0.144
4618.65835 19.641 0.160
4622.73708 19.746 0.167
4623.81014 19.111 0.106
4624.74889 19.178 0.097
4625.73186 19.160 0.104
4626.79394 19.206 0.115
4627.71116 19.112 0.066
4628.70002 19.095 0.075
4629.76952 19.812 0.144
4630.70872 19.324 0.094
4631.72398 19.640 0.098
4632.75844 19.184 0.082
4633.89389 19.328 0.190
4639.84655 19.129 0.166
4640.85099 19.673 0.250
4641.88858 19.384 0.184
4642.53441 18.983 0.110
4643.69084 19.282 0.107
4644.78095 19.623 0.147
4645.69330 19.039 0.081
4646.66051 19.060 0.068
4647.68190 19.457 0.115
4649.66701 19.597 0.125
4650.70505 19.139 0.090
4651.70570 19.079 0.088
4652.63826 19.420 0.110
4653.63322 19.232 0.084
4654.67025 18.961 0.094
4655.64148 19.008 0.065
4656.63760 19.078 0.096
4658.79484 19.840 0.292
4661.62725 19.068 0.075
4666.49847 19.886 0.269
4670.72996 19.616 0.178
4671.68356 19.255 0.100
4672.64334 19.133 0.104
4674.67125 19.427 0.135
4675.79614 19.724 0.212
4677.71546 19.319 0.109
4679.68836 19.928 0.260
4681.69936 19.070 0.106
4682.69700 18.987 0.072
4683.65302 19.189 0.103
4684.67178 19.213 0.119
4684.76497 19.933 0.213
4685.69761 19.199 0.106
4686.77018 19.189 0.106
4687.68588 19.541 0.170
4688.63175 19.124 0.091
4694.71588 19.952 0.358
4697.64066 19.803 0.226
4698.65874 19.748 0.207
4700.65398 19.062 0.097
4701.63729 19.109 0.103
4702.65173 19.067 0.109
4708.67338 19.175 0.116
4715.63444 19.327 0.154
4720.64013 19.240 0.206
4721.64758 19.324 0.188
4722.63814 19.455 0.176
4725.61102 18.921 0.112
4726.63929 19.148 0.128
4733.60033 19.201 0.137
4739.49311 19.169 0.123
4750.54244 19.877 0.295
4757.54931 19.514 0.150
4763.52559 19.274 0.131
4876.89322 19.345 0.172
4883.87946 19.151 0.134
4886.84618 19.269 0.110
4890.81867 19.180 0.110
4894.86965 18.846 0.085
4898.86295 19.601 0.128
4900.84843 19.143 0.093
4901.90003 19.227 0.087
4902.82566 19.011 0.079
4903.88831 19.321 0.101
4904.85382 19.554 0.141
4906.90686 19.072 0.106
4911.88902 19.522 0.096
4913.90242 19.109 0.079
4924.89748 19.218 0.093
4926.74825 19.960 0.206
4928.80420 19.051 0.098
4930.73965 18.998 0.082
4931.88181 19.071 0.091
4932.78967 19.731 0.134
4933.73390 19.271 0.126
4934.83549 19.048 0.085
4938.84399 19.367 0.129
4940.78873 19.503 0.122
4941.84056 19.038 0.090
4942.86599 19.252 0.094
4943.72317 19.666 0.122
4944.78805 18.978 0.071
4949.80252 19.061 0.072
4951.82746 19.136 0.115
4953.73207 19.514 0.120
4954.84958 18.979 0.075
