2125.55238 18.880 0.143
2129.63490 18.443 0.039
2132.57920 18.658 0.062
2135.71685 18.337 0.041
2140.67487 18.476 0.063
2144.55822 18.586 0.058
2160.54829 18.547 0.072
2168.61577 18.420 0.058
2187.52510 18.413 0.056
2206.51978 18.639 0.097
2331.86095 18.776 0.072
2346.90732 18.694 0.063
2358.83293 18.608 0.063
2372.79314 18.513 0.046
2382.91730 18.567 0.056
2386.86073 18.494 0.053
2390.80388 18.445 0.053
2397.76592 18.593 0.051
2401.79066 18.726 0.067
2403.84672 18.492 0.044
2405.81523 18.595 0.053
2414.79893 18.677 0.063
2416.76652 18.483 0.050
2424.85916 18.728 0.089
2428.76082 18.430 0.049
2432.80379 18.566 0.082
2434.67159 18.509 0.053
2436.71725 18.687 0.054
2438.69553 18.593 0.062
2440.83756 18.497 0.056
2443.70136 18.583 0.062
2445.58244 18.674 0.058
2448.56466 18.704 0.144
2453.82057 18.703 0.075
2459.51678 18.353 0.063
2463.49145 18.521 0.067
2464.72161 18.455 0.044
2467.62457 18.607 0.054
2469.63906 18.638 0.044
2471.65079 18.604 0.046
2473.61586 18.491 0.051
2483.68078 18.529 0.054
2486.66409 18.526 0.070
2490.63074 18.484 0.051
2493.59299 18.556 0.056
2495.66463 18.416 0.044
2497.74409 18.536 0.052
2499.76737 18.699 0.067
2502.51101 18.487 0.054
2508.61341 18.644 0.068
2512.56222 18.532 0.066
2517.68397 18.627 0.069
2520.52209 18.527 0.057
2526.61785 18.485 0.049
2537.59831 18.676 0.103
2541.59634 18.642 0.067
2547.53441 18.622 0.071
2556.52541 18.592 0.066
2563.55890 18.430 0.054
2574.53776 18.732 0.093
2705.90000 18.660 0.059
2706.86716 18.568 0.061
2714.85147 18.505 0.048
2728.88108 18.495 0.063
2733.86402 18.533 0.062
2744.85189 18.764 0.192
2752.91668 18.751 0.078
2756.88125 18.584 0.054
2760.84950 18.595 0.061
2766.88165 18.468 0.056
2770.76913 18.762 0.070
2783.76990 18.527 0.048
2785.88157 18.927 0.089
2786.88364 18.685 0.089
2789.68960 18.667 0.058
2791.65331 18.704 0.058
2794.81573 18.494 0.059
2796.75664 18.515 0.045
2808.89710 18.574 0.097
2809.90152 18.620 0.070
2810.82853 18.496 0.054
2811.86579 18.519 0.058
2813.66253 18.545 0.062
2815.78418 18.665 0.066
2817.73711 18.577 0.059
2818.80009 18.851 0.079
2820.67233 18.554 0.057
2826.70104 18.500 0.066
2834.72325 18.504 0.093
2835.84489 18.698 0.091
2837.57863 18.511 0.078
2839.62177 18.573 0.061
2841.64042 18.603 0.065
2843.57006 18.311 0.050
2845.60098 18.506 0.059
2849.75346 18.710 0.074
2849.78103 18.688 0.083
2851.76385 18.649 0.079
2853.76671 18.641 0.077
2856.65548 18.467 0.057
2858.63078 18.465 0.078
2863.58906 18.748 0.079
2866.68114 18.426 0.059
2869.67217 18.627 0.068
2872.66664 18.644 0.046
2877.63596 18.767 0.071
2883.61151 18.584 0.053
2892.60146 18.544 0.082
2896.62310 18.504 0.057
2902.59015 18.661 0.080
2907.56453 18.715 0.089
2911.49178 18.556 0.082
2912.50986 18.625 0.076
2915.50439 18.547 0.078
2916.54148 18.551 0.063
2917.51980 18.583 0.076
2917.55222 18.513 0.067
2918.51083 18.563 0.084
2920.53244 18.516 0.082
2922.52050 18.494 0.071
2924.52979 18.522 0.050
2926.55894 18.476 0.061
2928.53711 18.573 0.065
2929.59003 18.491 0.083
2930.52372 18.592 0.065
2941.52190 18.750 0.094
2943.50193 18.843 0.129
2945.52792 18.711 0.109
2946.52451 18.885 0.123
2949.51589 18.575 0.103
2950.51383 18.546 0.080
3058.85329 18.606 0.053
3063.87242 18.582 0.045
3067.85181 18.709 0.061
3070.81121 18.660 0.083
3072.89005 18.734 0.054
3075.78696 18.576 0.071
3079.84342 18.571 0.070
3082.80448 18.635 0.059
3084.86028 18.476 0.042
3086.79130 18.635 0.046
3087.90887 18.568 0.057
3089.81341 18.499 0.041
3091.77503 18.687 0.060
3096.81282 18.678 0.066
3098.82006 18.575 0.048
3100.87165 18.454 0.050
3102.82766 18.713 0.061
3103.90294 18.509 0.053
3106.78591 18.289 0.060
3109.74896 18.480 0.044
3110.79028 18.569 0.057
3112.76502 18.442 0.043
3113.82839 18.561 0.049
3115.82692 18.546 0.046
3118.88454 18.754 0.067
3122.83657 18.537 0.065
3125.81505 18.482 0.071
3126.84625 18.414 0.051
3127.76065 18.602 0.053
3128.77894 18.648 0.056
3129.75372 18.712 0.074
3130.93183 18.623 0.070
3131.78771 18.580 0.071
3135.82010 18.538 0.045
3137.89758 18.658 0.070
3138.82924 18.600 0.057
3139.82859 18.577 0.046
3140.83147 18.639 0.059
3142.72553 18.451 0.044
3144.74796 18.573 0.050
3146.72123 18.623 0.066
3151.70793 18.504 0.065
3152.71202 18.468 0.051
3152.92526 18.491 0.077
3153.71609 18.454 0.067
3154.77121 18.565 0.067
3156.75858 18.451 0.046
3158.81763 18.594 0.070
3162.76509 18.512 0.056
3163.73231 18.631 0.049
3164.69074 18.689 0.062
3165.81255 18.383 0.034
3166.84631 18.611 0.084
3167.91108 18.986 0.126
3168.72369 18.701 0.059
3169.68012 18.706 0.056
3170.75300 18.602 0.049
3171.70442 18.809 0.053
3172.69126 18.587 0.044
3175.67385 18.553 0.039
3176.71694 18.736 0.086
3178.73260 18.635 0.060
3179.61047 18.533 0.051
3179.86623 18.424 0.056
3180.66460 18.501 0.039
3182.73133 18.551 0.051
3183.68291 18.470 0.061
3184.65571 18.455 0.039
3185.81365 18.806 0.065
3193.49167 18.626 0.087
3193.82852 18.875 0.096
3194.64731 18.896 0.085
3195.62559 18.696 0.046
3196.70115 18.548 0.066
3196.79011 18.627 0.053
3197.60126 18.519 0.051
3199.73519 18.491 0.062
3202.60017 18.578 0.075
3203.72221 18.586 0.048
3204.71783 18.583 0.046
3205.64281 18.590 0.042
3206.62437 18.539 0.050
3210.61457 18.513 0.048
3211.68660 18.720 0.070
3217.61063 18.475 0.063
3218.60993 18.435 0.061
3219.66912 18.722 0.094
3224.65696 18.529 0.043
3226.56980 18.742 0.063
3228.52835 18.564 0.058
3229.58644 18.658 0.048
3230.62519 18.617 0.046
3231.52615 18.648 0.075
3232.49999 18.771 0.096
3239.61009 18.860 0.065
3240.61225 18.743 0.070
3245.50101 18.641 0.078
3246.60901 18.677 0.082
3247.68130 18.922 0.091
3248.67285 18.899 0.083
3250.61221 18.518 0.060
3253.60503 18.561 0.059
3256.58770 18.515 0.066
3261.58363 18.494 0.048
3266.60830 18.844 0.100
3272.55507 18.694 0.074
3274.58465 18.687 0.085
3278.55869 18.605 0.060
3281.50760 18.641 0.070
3287.56754 18.744 0.074
3415.89063 18.523 0.045
3425.87592 18.660 0.075
3428.87183 18.668 0.056
3432.84333 18.604 0.056
3442.84530 18.503 0.049
3444.89915 18.609 0.048
3447.80762 18.426 0.057
3449.82487 18.686 0.056
3452.84588 18.585 0.046
3454.89942 18.578 0.054
3457.83776 18.604 0.053
3459.78296 18.852 0.076
3468.83489 18.636 0.042
3469.84182 18.737 0.045
3471.92210 18.629 0.072
3473.83737 18.820 0.075
3476.72992 18.519 0.036
3478.79564 18.638 0.049
3480.86747 18.940 0.068
3481.77420 18.490 0.041
3484.73275 18.485 0.062
3496.80925 18.443 0.045
3497.74696 18.812 0.065
3499.93698 18.595 0.051
3500.81292 18.531 0.046
3501.80692 18.678 0.042
3502.77268 18.814 0.050
3503.74168 18.665 0.042
3504.83142 18.569 0.049
3506.89639 18.594 0.053
3508.84700 18.721 0.071
3509.79672 18.622 0.050
3511.75431 18.653 0.059
3512.79793 18.793 0.068
3520.82576 18.913 0.076
3521.63542 18.685 0.048
3522.68981 18.554 0.042
3523.73436 18.510 0.036
3524.77085 18.456 0.046
3525.70258 18.674 0.046
3526.78497 18.560 0.045
3527.78989 18.489 0.048
3528.73266 18.520 0.040
3529.62624 18.638 0.043
3530.64661 18.567 0.039
3538.67662 18.615 0.053
3541.82713 18.525 0.049
3547.71857 18.552 0.063
3550.59262 18.957 0.070
3551.78207 18.641 0.051
3552.62199 18.752 0.051
3553.75180 18.712 0.082
3554.79276 18.748 0.062
3555.76290 18.809 0.069
3556.82863 18.858 0.096
3558.49151 18.495 0.056
3558.79081 18.735 0.054
3559.55925 18.515 0.057
3560.52236 18.486 0.045
3561.49967 18.436 0.053
3562.54625 18.489 0.039
3563.60122 18.559 0.041
3564.62928 18.729 0.059
3569.51791 18.514 0.065
3573.59456 18.505 0.080
3574.65109 18.623 0.063
3575.63611 18.554 0.045
3576.61642 18.471 0.041
3577.71693 18.789 0.057
3578.62548 18.458 0.040
3579.58282 18.446 0.040
3580.60608 18.514 0.043
3581.63262 18.581 0.048
3582.58083 18.622 0.044
3583.59801 18.596 0.052
3584.60687 18.526 0.043
3585.59712 18.512 0.037
3586.64290 18.609 0.049
3589.63572 18.469 0.031
3590.60441 18.671 0.051
3591.66640 18.499 0.037
3593.53928 18.615 0.041
3594.65539 18.410 0.037
3601.58786 18.743 0.053
3602.60473 18.782 0.059
3603.60185 18.771 0.061
3606.62147 18.834 0.076
3607.59378 18.794 0.052
3608.60713 18.643 0.054
3615.53794 18.467 0.042
3618.64019 18.658 0.058
3620.52863 18.686 0.046
3622.50766 18.634 0.060
3628.63631 18.515 0.070
3630.52179 18.805 0.085
3631.65192 18.512 0.080
3633.50706 18.909 0.097
3637.59706 18.742 0.074
3639.61435 18.510 0.048
3641.50950 18.444 0.061
3643.58596 18.595 0.068
3648.50176 18.607 0.051
3651.55770 18.492 0.076
3654.51088 18.442 0.097
3656.50757 18.518 0.065
3658.54170 18.998 0.130
3661.55218 18.629 0.102
3668.51258 18.793 0.082
3674.52631 18.872 0.088
3775.87073 18.473 0.056
