2072.59139 18.199 0.023
2075.60109 18.211 0.025
2077.57677 18.413 0.030
2088.54906 18.496 0.035
2123.67994 18.183 0.028
2125.67096 18.405 0.046
2129.72389 18.359 0.022
2132.66672 18.317 0.026
2136.57002 18.379 0.030
2141.58070 18.167 0.020
2144.66742 18.508 0.027
2169.51667 18.427 0.041
2178.49983 18.213 0.031
2211.52897 18.252 0.044
2372.87911 18.344 0.025
2383.90788 18.245 0.022
2384.81752 18.339 0.023
2390.85412 18.204 0.026
2396.79538 18.311 0.024
2401.86297 18.171 0.021
2404.67789 18.251 0.021
2406.88628 18.293 0.031
2416.88168 18.309 0.032
2424.58123 18.334 0.038
2433.61191 18.194 0.022
2438.78592 18.302 0.022
2440.56647 18.225 0.025
2445.66723 18.150 0.019
2452.54852 18.249 0.033
2458.53886 18.296 0.033
2460.74759 18.435 0.033
2463.57839 18.217 0.019
2466.64021 18.436 0.032
2468.72011 18.376 0.020
2470.70464 18.311 0.020
2472.73523 18.508 0.027
2481.59463 18.424 0.041
2484.65803 18.192 0.023
2486.75063 18.237 0.034
2493.67873 18.292 0.028
2496.50624 18.326 0.022
2498.54500 18.162 0.016
2500.58879 18.423 0.024
2502.60242 18.294 0.025
2508.70064 18.206 0.038
2512.64800 18.263 0.030
2517.52634 18.170 0.029
2520.61596 18.331 0.024
2528.63032 18.397 0.044
2538.53371 18.367 0.033
2542.59207 18.208 0.025
2548.49292 18.174 0.030
2552.52898 18.153 0.026
2557.49437 18.360 0.033
2562.49665 18.467 0.042
2707.90520 18.490 0.026
2719.84685 18.233 0.025
2729.87196 18.268 0.024
2734.81095 18.202 0.019
2747.73473 18.382 0.043
2753.92087 18.274 0.034
2761.89514 18.445 0.026
2767.83451 18.225 0.026
2775.75835 18.519 0.050
2783.85981 18.241 0.021
2784.58674 18.374 0.027
2786.93969 18.296 0.051
2788.66047 18.320 0.022
2789.75875 18.242 0.021
2791.76185 18.465 0.025
2795.57788 18.362 0.023
2797.62760 18.380 0.019
2809.75133 18.312 0.028
2811.67838 18.279 0.033
2812.75284 18.209 0.028
2814.62370 18.174 0.021
2816.65212 18.477 0.022
2818.61889 18.178 0.020
2821.68485 18.478 0.028
2834.53744 18.587 0.047
2836.74245 18.297 0.037
2838.47583 18.220 0.027
2839.75034 18.213 0.024
2842.52787 18.481 0.032
2844.79956 18.202 0.023
2850.56867 18.545 0.026
2852.57636 18.257 0.032
2854.57718 18.415 0.025
2857.48458 18.531 0.040
2862.62902 18.443 0.039
2865.73190 18.227 0.042
2870.72092 18.246 0.029
2872.71445 18.311 0.023
2878.58093 18.250 0.020
2885.53066 18.323 0.034
2896.64040 18.197 0.024
2903.53490 18.252 0.021
2910.57641 18.146 0.031
2921.54360 18.212 0.027
2931.53740 18.456 0.026
3052.85185 18.467 0.023
