2124.55572 18.659 0.171
2129.49072 18.565 0.054
2132.50958 18.607 0.052
2136.50984 18.632 0.067
2140.52733 18.894 0.094
2143.51005 18.629 0.083
2166.61228 18.579 0.065
2171.58511 18.578 0.064
2178.53756 18.716 0.092
2192.59518 18.595 0.061
2193.51476 18.696 0.072
2349.88541 18.535 0.044
2356.89884 18.585 0.048
2365.80661 18.705 0.101
2378.92269 18.668 0.063
2385.77193 18.572 0.049
2389.73667 18.492 0.059
2392.69870 18.832 0.148
2396.89769 18.620 0.060
2400.90822 18.633 0.062
2402.79557 18.595 0.051
2404.79477 18.602 0.040
2406.73327 18.589 0.054
2414.69332 18.652 0.060
2416.67224 18.623 0.070
2424.63115 18.593 0.059
2431.89033 18.640 0.073
2433.84373 18.641 0.064
2435.64230 18.551 0.049
2437.87754 18.657 0.081
2440.72208 18.597 0.044
2443.82746 18.638 0.080
2445.84287 18.530 0.051
2446.86931 18.593 0.067
2458.61866 18.659 0.065
2460.81917 18.639 0.092
2462.80981 18.606 0.060
2463.79327 18.686 0.046
2465.71831 18.616 0.045
2467.70170 18.570 0.040
2469.74178 18.677 0.046
2471.55207 18.578 0.048
2473.72020 18.699 0.058
2484.49119 18.722 0.072
2489.61764 18.539 0.039
2492.57022 18.649 0.053
2494.61780 18.792 0.071
2496.67754 18.511 0.041
2498.71808 18.609 0.063
2500.74323 18.628 0.056
2510.65704 18.592 0.069
2516.60338 18.672 0.081
2519.51812 18.627 0.058
2524.56626 18.653 0.072
2528.59782 18.823 0.086
2539.51486 18.559 0.052
2544.56422 18.592 0.061
2560.51451 18.724 0.119
2568.51914 18.633 0.086
2710.88050 18.714 0.051
2725.87579 18.585 0.046
2731.81515 18.572 0.045
2735.90743 18.581 0.054
2747.87599 18.484 0.073
2754.89146 18.581 0.052
2758.86470 18.938 0.112
2764.85983 18.615 0.051
2769.76077 18.674 0.052
2783.65018 18.547 0.042
2785.66583 18.585 0.049
2787.72833 18.525 0.050
2789.83999 18.575 0.077
2791.82943 18.595 0.053
2793.87600 18.607 0.065
2795.80287 18.646 0.053
2797.79020 18.561 0.046
2809.58234 18.555 0.056
2811.57156 18.720 0.083
2812.78654 18.643 0.064
2814.66551 18.622 0.045
2815.82876 18.606 0.051
2817.56323 18.596 0.061
2818.83903 18.627 0.054
2820.57461 18.634 0.071
2826.54914 18.608 0.051
2834.58573 18.576 0.097
2836.50812 18.651 0.062
2838.51642 18.533 0.055
2839.50493 18.553 0.048
2841.54288 18.536 0.051
2844.52464 18.518 0.051
2847.56851 18.647 0.070
2850.75060 18.608 0.054
2852.74512 18.493 0.058
2855.54469 18.651 0.069
2857.63741 18.567 0.053
2860.52628 18.559 0.116
2866.50653 18.554 0.060
2869.55710 18.630 0.055
2875.56815 18.680 0.061
2882.52297 18.831 0.088
2885.57631 18.630 0.075
2892.49518 18.539 0.063
2895.51764 18.615 0.066
2900.65418 18.534 0.074
2906.57981 18.539 0.070
2912.52800 18.550 0.055
2922.54443 18.809 0.095
2933.56163 18.554 0.071
3054.85664 18.676 0.061
3057.84463 18.628 0.049
3060.87529 18.603 0.042
3066.86888 18.512 0.038
3069.82145 18.644 0.056
3071.82716 18.670 0.070
3074.77652 18.505 0.056
3076.85377 18.618 0.062
3080.86329 18.583 0.048
3083.81933 18.666 0.044
3085.76880 18.628 0.053
3087.72944 18.626 0.060
3088.90959 18.679 0.046
3090.86032 18.595 0.048
3092.78359 18.645 0.060
3097.75069 18.680 0.061
3098.71201 18.548 0.055
3100.74733 18.615 0.061
3102.73984 18.586 0.059
3107.71406 18.759 0.056
3108.71184 18.592 0.040
3110.67516 18.630 0.086
3112.67800 18.845 0.064
3113.71609 18.655 0.040
3115.70075 18.648 0.060
3116.76022 18.612 0.055
3122.72976 18.619 0.067
3124.90621 18.573 0.069
3126.64525 18.600 0.053
3127.64599 18.657 0.059
3128.66568 18.610 0.055
3129.63788 18.679 0.077
3130.64143 18.589 0.082
3134.61415 18.499 0.082
3135.68053 18.583 0.051
3137.78563 18.680 0.071
3139.67170 18.603 0.049
3140.63975 18.497 0.052
3141.72580 18.581 0.053
3142.62660 18.527 0.046
3144.62877 18.670 0.052
3145.70734 18.664 0.055
3147.79776 18.549 0.059
3151.59610 18.769 0.087
3152.60517 18.560 0.048
3153.60494 18.494 0.055
3154.68290 18.573 0.061
3156.58727 18.698 0.086
3158.60959 18.910 0.133
3162.64883 18.672 0.059
3163.55998 18.698 0.060
3164.56062 18.611 0.045
3165.56022 18.759 0.070
3166.76658 18.660 0.089
3167.78095 18.754 0.059
3168.59604 18.668 0.043
3169.56612 18.713 0.051
3170.66538 18.638 0.043
3171.55957 18.672 0.042
3172.56932 18.560 0.043
3174.56040 18.640 0.050
3174.87951 18.524 0.056
3175.55415 18.623 0.050
3176.58761 18.694 0.059
3178.62334 18.645 0.058
3179.64765 18.656 0.043
3180.52237 18.542 0.048
3182.55589 18.712 0.075
3183.52930 18.619 0.060
3184.53334 18.585 0.048
3185.56166 18.576 0.050
3191.83896 18.545 0.056
3193.71060 18.640 0.069
3194.73683 18.782 0.085
3195.49427 18.682 0.066
3196.46673 18.662 0.099
3197.69240 18.634 0.049
3199.52870 18.724 0.078
3202.47060 18.532 0.058
3203.50986 18.600 0.039
3204.78745 18.614 0.051
3205.50137 18.567 0.046
3206.47396 18.654 0.061
3207.51321 18.697 0.066
3210.53015 18.612 0.060
3211.50064 18.604 0.052
3217.50614 18.756 0.061
3218.50000 18.705 0.070
3219.56382 18.752 0.096
3224.62170 18.629 0.050
3228.54020 18.683 0.054
3230.51316 18.605 0.044
3232.53085 18.673 0.062
3239.59191 18.563 0.040
3239.61898 18.528 0.043
3240.64710 18.692 0.062
3244.60841 18.652 0.088
3245.62413 18.690 0.064
3246.51034 18.739 0.084
3247.57397 18.563 0.059
3248.61910 18.651 0.054
3250.50278 18.567 0.054
3251.63143 18.482 0.046
3254.50362 18.551 0.061
3257.63916 18.655 0.052
3268.58508 18.660 0.054
3271.53335 18.416 0.088
3272.50449 18.629 0.052
3279.51117 18.544 0.054
3283.56110 18.595 0.040
3291.51861 18.688 0.076
3431.86014 18.568 0.051
3438.85816 18.814 0.078
3443.91503 18.627 0.077
3446.81223 18.552 0.042
3448.84969 18.712 0.046
3450.84352 18.573 0.035
3453.91518 18.462 0.045
3456.80313 18.515 0.049
3468.77386 18.456 0.041
3470.74674 18.595 0.040
3473.72771 18.624 0.062
3475.74803 18.527 0.040
3478.73104 18.691 0.045
3480.78098 18.589 0.038
3483.84591 18.579 0.055
3496.66028 18.471 0.063
3497.85000 18.644 0.056
3499.67309 18.496 0.041
3501.64261 18.919 0.097
3502.82039 18.525 0.043
3503.62443 18.544 0.048
3504.64319 18.700 0.072
3508.77616 18.651 0.056
3509.86822 18.568 0.041
3510.85551 18.521 0.044
3511.88669 18.505 0.054
3512.61690 18.879 0.092
3517.64958 18.647 0.089
3520.89611 18.735 0.081
3521.85984 18.669 0.061
3522.59827 18.477 0.038
3523.61677 18.545 0.046
3524.59230 18.720 0.065
3525.58147 18.811 0.073
3527.60713 18.665 0.052
3528.90926 18.479 0.051
3530.70013 18.571 0.033
3539.57227 18.543 0.049
3547.51357 18.680 0.074
3550.68368 18.583 0.040
3551.71227 18.733 0.044
3552.74346 18.742 0.059
3553.59909 18.727 0.070
3554.54821 18.612 0.066
3556.56329 18.691 0.069
3558.69377 18.553 0.045
3559.79360 18.767 0.052
3560.48380 18.658 0.048
3561.73536 18.511 0.039
3562.74129 18.607 0.048
3563.49485 18.541 0.044
3573.48209 18.604 0.091
3574.53992 18.622 0.056
3575.48681 18.556 0.044
3576.48773 18.455 0.045
3577.54368 18.601 0.040
3578.51619 18.564 0.034
3579.47533 18.500 0.040
3580.48622 18.596 0.046
3581.52072 18.486 0.042
3582.47464 18.519 0.050
3583.51922 18.521 0.044
3584.50532 18.509 0.043
3585.49602 18.598 0.041
3586.51614 18.640 0.045
3587.61003 18.521 0.048
3588.53248 18.427 0.044
3589.50536 18.616 0.039
3590.48560 18.608 0.044
3591.50757 18.504 0.037
3592.49348 18.643 0.050
3593.55752 18.567 0.041
3594.51778 18.618 0.055
3600.48353 18.495 0.056
3601.59959 18.609 0.051
3602.47903 18.514 0.067
3603.47595 18.501 0.052
3604.53646 18.667 0.052
3606.48363 18.708 0.065
3607.48013 18.633 0.050
3608.48320 18.658 0.067
3617.58914 18.679 0.059
3621.53396 18.544 0.054
3630.60759 18.732 0.085
3632.55557 18.657 0.064
3635.52106 18.727 0.048
3640.55149 18.586 0.060
3644.55504 18.604 0.050
3650.52148 18.636 0.055
3653.49715 18.586 0.083
3773.85682 18.626 0.077
3779.86382 18.407 0.056
