2127.55541 18.153 0.046
2136.71029 18.086 0.044
2141.70087 18.219 0.059
2169.60467 18.164 0.053
2189.57390 18.325 0.072
2215.50793 18.160 0.065
2464.81501 18.120 0.037
2852.66605 18.140 0.050
3059.89427 18.055 0.049
3064.90544 18.032 0.050
3072.77778 18.120 0.049
3075.90972 18.054 0.041
3081.81266 18.123 0.034
3084.79054 18.034 0.032
3086.85188 18.202 0.030
3088.84127 18.156 0.030
3091.90449 18.204 0.032
3097.85268 18.069 0.031
3099.82627 18.195 0.053
3101.85184 18.085 0.040
3102.92060 18.089 0.035
3104.80348 18.214 0.080
3107.80678 18.204 0.040
3108.85654 18.052 0.030
3112.90621 18.193 0.034
3114.89275 18.087 0.031
3115.90464 18.073 0.028
3124.82722 18.046 0.046
3126.71632 18.074 0.032
3127.91755 18.095 0.032
3128.90681 18.139 0.037
3130.78455 18.154 0.041
3131.72811 18.153 0.046
3138.74198 18.104 0.034
3140.71740 18.077 0.031
3141.77919 18.212 0.032
3142.85331 18.045 0.032
3144.87129 18.209 0.038
3146.94522 18.061 0.059
3151.84746 18.168 0.040
3152.84476 18.368 0.046
3153.84791 18.240 0.044
3156.90075 18.157 0.040
3162.61446 18.046 0.041
3163.84710 18.129 0.035
3164.83287 18.188 0.038
3165.61486 18.248 0.037
3167.69617 18.080 0.037
3168.76913 18.144 0.031
3169.87255 18.148 0.041
3170.90415 18.194 0.040
3171.74608 18.119 0.028
3171.92320 18.066 0.038
3173.78346 18.189 0.038
3174.79658 18.088 0.031
3175.90581 18.090 0.041
3177.85320 18.232 0.059
3179.81034 18.249 0.037
3180.81752 18.226 0.032
3182.87472 18.168 0.035
3183.84554 18.073 0.043
3184.78913 18.123 0.034
3185.58520 18.237 0.037
3193.64267 18.022 0.030
3194.82955 18.099 0.034
3195.76287 18.121 0.028
3195.83806 18.040 0.037
3196.56673 18.091 0.038
3197.81725 18.194 0.056
3201.55739 18.089 0.031
3202.79851 18.026 0.034
3203.80779 18.104 0.032
3204.80822 18.117 0.043
3206.68640 18.112 0.032
3210.73987 18.177 0.040
3211.76622 18.180 0.047
3217.74561 18.052 0.047
3218.75318 18.026 0.057
3229.69288 18.278 0.040
3231.68515 18.196 0.043
3239.48999 18.115 0.032
3240.55634 18.158 0.047
3245.66809 18.011 0.040
3247.53010 18.136 0.034
3249.65004 18.279 0.047
3257.56907 18.100 0.028
3261.50178 18.181 0.043
3265.56340 18.239 0.041
3267.62102 18.088 0.031
3277.48545 17.985 0.037
3280.48440 18.250 0.049
3294.54123 18.213 0.037
3296.48954 17.949 0.049
3427.88238 18.229 0.038
3436.89311 18.076 0.035
3445.89277 18.214 0.028
3457.90519 18.127 0.038
3468.89394 18.093 0.028
3469.92064 18.136 0.030
3472.88660 18.173 0.030
3474.81524 18.185 0.031
3476.91200 18.157 0.031
3479.83879 18.249 0.031
3481.81567 18.188 0.030
3484.76489 17.997 0.040
3500.93465 18.104 0.037
3508.92887 18.089 0.044
3511.94066 18.135 0.038
3520.68871 18.064 0.041
3521.93033 18.100 0.035
3522.83550 18.182 0.037
3523.86237 18.142 0.037
3526.90701 18.210 0.044
3528.85811 18.139 0.038
3530.91580 18.243 0.031
3538.88120 18.144 0.049
3544.85273 18.252 0.052
3561.80702 18.115 0.028
3976.63806 18.212 0.041
3991.58713 18.172 0.050
3995.53492 18.057 0.030
4286.74649 18.103 0.043
