3556.71083 17.989 0.036
3558.59488 18.065 0.038
3559.60332 18.280 0.044
3560.64459 18.143 0.031
3561.58107 18.157 0.037
3562.63372 18.117 0.037
3563.68575 17.980 0.032
3569.62430 18.008 0.058
3578.71261 18.217 0.035
3579.65795 18.151 0.034
3580.69758 18.432 0.050
3581.71082 18.110 0.036
3582.65973 18.168 0.034
3583.67793 18.238 0.038
3584.68187 17.989 0.029
3585.68010 18.207 0.036
3586.69343 18.144 0.033
3589.72380 18.124 0.041
3590.72005 18.126 0.041
3592.72841 17.980 0.031
3593.58185 18.063 0.030
3787.87312 18.067 0.035
3793.89168 18.200 0.038
3795.87594 18.183 0.045
3796.90837 18.182 0.052
3798.83928 18.422 0.050
3799.89364 18.081 0.050
3801.84840 18.094 0.037
3802.88285 18.031 0.036
3805.83458 18.165 0.040
3806.83130 18.013 0.044
3807.85548 17.982 0.037
3807.89632 18.055 0.031
3807.90503 18.046 0.032
3807.91118 18.055 0.039
3807.91409 18.098 0.046
3808.85912 18.214 0.045
3810.91209 18.012 0.043
3812.88357 18.007 0.039
3813.86328 18.119 0.040
3814.85875 18.146 0.041
3819.84001 18.113 0.031
3820.80408 18.089 0.031
3821.80723 18.293 0.038
3822.85089 18.030 0.034
3823.81187 18.132 0.034
3824.80582 18.119 0.044
3826.80709 18.171 0.039
3827.83806 18.046 0.030
3828.81814 18.104 0.040
3830.77449 18.091 0.033
3833.80514 18.098 0.032
3834.77810 18.182 0.037
3835.76576 18.073 0.037
3836.72721 18.130 0.045
3837.76783 18.054 0.038
3838.77580 18.160 0.055
3841.73007 18.423 0.055
3842.72843 18.108 0.058
3845.75158 18.076 0.073
3846.76244 18.178 0.038
3846.89113 18.059 0.033
3847.83550 18.361 0.050
3848.78557 18.024 0.041
3848.90987 18.106 0.041
3849.78309 18.286 0.044
3850.73190 18.045 0.034
3850.90112 18.317 0.049
3851.74188 18.346 0.044
3851.90666 18.075 0.037
3852.73041 18.092 0.040
3852.85449 18.217 0.039
3853.72310 18.044 0.028
3853.88729 18.117 0.031
3856.71133 18.211 0.038
3856.89945 18.110 0.033
3861.70108 18.197 0.041
3861.71268 18.195 0.044
3861.80518 18.068 0.032
3861.81679 18.007 0.026
3862.68289 18.061 0.039
3863.69575 18.032 0.033
3863.83970 18.155 0.035
3864.71253 18.412 0.045
3864.89874 18.020 0.029
3865.67324 18.062 0.038
3866.71802 18.095 0.033
3866.85747 18.101 0.037
3867.66390 18.043 0.041
3867.84934 18.133 0.038
3867.91960 18.021 0.035
3868.67170 18.119 0.048
3868.81497 18.048 0.040
3868.89548 18.204 0.049
3869.82985 18.036 0.044
3869.90603 18.025 0.043
3873.70531 18.050 0.032
3873.84437 18.200 0.042
3875.64326 18.101 0.035
3876.66667 18.018 0.027
3877.67114 18.315 0.043
3881.69491 18.056 0.033
3881.83767 18.033 0.028
3882.60700 18.106 0.042
3883.67237 18.048 0.034
3886.64052 18.091 0.036
3886.82717 18.142 0.037
3886.89922 18.405 0.046
3887.60771 18.207 0.044
3887.81040 18.129 0.039
3887.83819 18.088 0.044
3891.71478 18.002 0.034
3893.66227 17.992 0.039
3900.56626 18.083 0.051
3900.59217 18.084 0.039
3900.64886 18.256 0.045
3900.75271 18.143 0.037
3900.82805 18.132 0.046
3901.58013 18.142 0.054
3901.75490 18.108 0.041
3901.83171 18.210 0.048
3901.90419 18.302 0.062
3902.60105 18.239 0.038
3902.78615 18.028 0.036
3903.69345 18.305 0.046
3904.58406 18.208 0.034
3904.74729 17.976 0.033
3904.81632 18.072 0.033
3904.86914 18.073 0.039
3905.58098 18.085 0.032
3905.75500 18.062 0.029
3905.82762 17.974 0.026
3905.89622 18.064 0.043
3906.55793 17.997 0.040
3906.68948 18.069 0.036
3906.76247 18.298 0.040
3906.83513 18.385 0.047
3907.62615 18.357 0.046
3907.82101 18.101 0.048
3908.56231 17.972 0.034
3908.59983 18.027 0.031
3908.68391 18.137 0.031
3908.75277 18.235 0.038
3908.79053 18.172 0.038
3908.82803 18.058 0.031
3909.56743 18.176 0.040
3909.76534 18.021 0.029
3909.84374 18.335 0.045
3910.62364 18.374 0.046
3912.56658 18.225 0.032
3912.76336 18.017 0.027
3912.85122 18.145 0.034
3913.56434 18.060 0.030
3913.76654 18.220 0.041
3913.85636 18.033 0.036
3914.58178 18.073 0.037
3915.56234 18.130 0.038
3915.76563 17.991 0.030
3916.61018 18.050 0.039
3916.78284 18.531 0.071
3917.65016 18.134 0.047
3918.64362 18.223 0.042
3919.83352 18.516 0.056
3920.54811 18.222 0.038
3921.54115 18.001 0.036
3921.75159 18.256 0.056
3930.59564 18.262 0.041
3931.67339 18.262 0.045
3932.55856 18.142 0.042
3933.54755 18.197 0.037
3934.64235 18.041 0.030
3934.71212 18.098 0.036
3934.78118 18.240 0.039
3935.56812 18.208 0.046
3936.52173 18.050 0.041
3937.59696 18.133 0.035
3940.63229 18.146 0.029
3944.58578 18.028 0.031
3950.55277 18.101 0.033
3950.68809 17.985 0.029
3951.54903 18.136 0.047
3957.53632 18.024 0.037
3964.56184 18.187 0.036
3966.53991 18.466 0.052
4151.88623 18.129 0.052
4156.88666 18.142 0.052
4161.87414 18.029 0.044
4175.88059 18.192 0.041
4178.83766 18.028 0.040
4179.87753 18.067 0.040
4181.81396 18.070 0.040
4182.86253 18.158 0.038
4183.89501 18.171 0.049
4193.79311 18.120 0.052
4194.81594 18.076 0.044
4196.80598 18.071 0.041
4202.78754 18.172 0.039
4203.77533 18.092 0.038
4204.76773 18.081 0.040
4205.76590 18.198 0.041
4207.75716 18.137 0.041
4208.71110 18.090 0.044
4212.85199 18.134 0.052
4213.76006 18.245 0.044
4216.73092 18.062 0.038
4217.73845 18.140 0.037
4217.89974 17.987 0.029
4218.78822 18.276 0.060
4219.79824 18.062 0.042
4220.73725 18.267 0.053
4222.70587 18.171 0.052
4224.81623 18.036 0.038
4229.70212 17.996 0.046
4229.89908 18.381 0.048
4230.83831 18.035 0.039
4230.89998 18.023 0.051
4231.67426 18.088 0.038
4231.72538 18.128 0.037
4231.88035 18.144 0.045
4232.66200 18.135 0.059
4232.78704 17.982 0.040
4232.92457 18.279 0.060
4233.85477 17.992 0.040
4234.78508 18.119 0.040
4234.90745 18.170 0.047
4235.69867 18.117 0.040
4235.75612 18.097 0.037
4235.85972 18.078 0.042
4235.92229 18.126 0.052
4238.69655 18.169 0.044
4238.90605 18.033 0.048
4239.66842 18.030 0.040
4240.70805 18.122 0.043
4240.86449 18.050 0.046
4243.67373 18.413 0.058
4243.76716 18.125 0.047
4244.64593 18.001 0.044
4244.74230 18.077 0.039
4244.83490 18.236 0.044
4245.63899 18.046 0.038
4245.73331 17.999 0.034
4245.82877 18.005 0.035
4245.90140 18.107 0.044
4246.79081 18.233 0.042
4247.71273 18.063 0.051
4247.72115 18.006 0.043
4247.72730 17.973 0.037
4247.73296 18.024 0.037
4247.73869 18.023 0.041
4247.74464 18.046 0.042
4247.75041 18.020 0.037
4247.75651 18.037 0.038
4247.76508 18.048 0.037
4247.77346 18.062 0.036
4247.78293 18.035 0.035
4247.78839 18.062 0.035
4247.79392 18.093 0.038
4247.79944 18.066 0.037
4247.81981 18.094 0.037
4247.82532 18.114 0.040
4247.83358 18.151 0.040
4247.83647 18.126 0.042
4247.83921 18.143 0.042
4247.84199 18.198 0.044
4247.84475 18.178 0.043
4247.84749 18.152 0.044
4247.85043 18.179 0.042
4247.85318 18.169 0.043
4247.85588 18.188 0.041
4247.85864 18.139 0.039
4247.86139 18.235 0.047
4247.86450 18.229 0.045
4247.86726 18.140 0.043
4247.86996 18.122 0.048
4247.87270 18.228 0.052
4247.87544 18.166 0.048
4247.87813 18.179 0.049
4250.76078 18.023 0.044
4256.65321 18.307 0.068
4256.79874 18.109 0.057
4268.73794 18.075 0.032
4269.60508 18.040 0.037
4276.61399 18.378 0.064
4278.60265 18.158 0.055
4283.54025 18.147 0.051
4284.53200 18.076 0.050
4284.68237 18.138 0.048
4284.74176 18.117 0.038
4284.80379 18.047 0.047
4284.86876 18.002 0.063
4285.53519 18.006 0.044
4285.72872 18.147 0.044
4285.79002 18.346 0.055
4285.85522 18.245 0.057
4286.53496 18.365 0.065
4286.84314 18.057 0.071
4289.54583 18.134 0.049
4291.61180 18.100 0.041
4292.51738 18.050 0.036
4294.51675 18.152 0.043
4297.54080 18.066 0.043
4299.65228 18.153 0.038
4301.54513 18.145 0.043
4301.64139 18.035 0.036
4381.55027 18.119 0.060
4507.88949 18.175 0.072
4511.87672 18.027 0.035
4513.88812 18.276 0.044
4517.88724 18.096 0.052
4521.82658 17.988 0.049
4523.89901 18.292 0.060
4525.84290 18.106 0.063
4531.85079 18.185 0.050
4534.87993 18.080 0.048
4537.86457 17.980 0.033
4540.82701 18.071 0.037
4541.81950 18.079 0.041
4542.81431 18.065 0.043
4543.80980 18.299 0.047
4544.80678 18.046 0.040
4545.77089 18.221 0.050
4546.77759 18.134 0.045
4548.86818 18.135 0.048
4548.89552 18.036 0.058
4550.77464 18.170 0.058
4551.80115 18.193 0.053
4556.78436 18.347 0.046
4557.80551 18.071 0.044
4559.77602 18.085 0.038
4560.77640 17.985 0.039
4561.76571 18.160 0.036
4564.75596 18.029 0.035
4565.75399 18.072 0.035
4566.75343 18.363 0.043
4567.75338 18.016 0.036
4568.76290 18.090 0.038
4569.77330 18.239 0.041
4570.75858 18.058 0.040
4571.75025 18.214 0.051
4572.77707 18.114 0.042
4573.76524 18.054 0.040
4574.76781 18.202 0.047
4574.91632 18.053 0.041
4575.77663 18.049 0.040
4576.88654 18.017 0.044
4577.86483 18.177 0.046
4578.81915 18.007 0.044
4583.76322 17.975 0.039
4585.79017 17.983 0.046
4587.79985 18.238 0.055
4588.67500 18.112 0.050
4589.72145 18.382 0.049
4590.73024 18.062 0.039
4591.67133 18.170 0.045
4592.69155 18.100 0.039
4592.88084 18.146 0.048
4593.68073 18.084 0.039
4593.89056 18.162 0.047
4593.93039 18.135 0.046
4594.70197 18.156 0.044
4594.89681 18.072 0.044
4595.69452 17.999 0.037
4595.88581 18.255 0.050
4596.68637 18.215 0.045
4597.71100 18.233 0.047
4598.68720 18.035 0.034
4599.65971 18.302 0.050
4599.69899 18.300 0.048
4599.73331 18.177 0.037
4599.79820 18.093 0.033
4599.83033 17.979 0.032
4599.91321 18.000 0.043
4599.93063 18.057 0.046
4600.65788 17.996 0.035
4600.67207 18.040 0.034
4600.77249 18.159 0.034
4600.82132 18.198 0.037
4600.86657 18.174 0.039
4600.88074 18.156 0.041
4601.67460 18.054 0.033
4601.89086 18.240 0.044
4602.66717 18.081 0.037
4602.89148 17.936 0.030
4603.87857 18.162 0.045
4606.67500 18.117 0.041
4611.65384 18.035 0.040
4611.80271 18.098 0.041
4612.67533 18.438 0.062
4616.62931 18.129 0.043
4616.84560 18.213 0.047
4618.63787 18.009 0.041
4622.65145 18.394 0.053
4622.83640 17.983 0.044
4623.69808 18.127 0.057
4623.89568 18.065 0.052
4624.61956 18.223 0.060
4624.83957 18.073 0.041
4624.90863 18.378 0.063
4625.62997 18.145 0.050
4626.65397 17.976 0.044
4627.58855 18.133 0.044
4627.87797 18.087 0.035
4628.59552 17.968 0.040
4628.78527 18.387 0.060
4628.84761 18.133 0.042
4628.92181 18.138 0.049
4629.65835 18.037 0.035
4629.86595 18.106 0.040
4630.59339 18.047 0.035
4630.80917 18.063 0.041
4631.61894 18.039 0.035
4632.55250 18.308 0.060
4632.58365 18.382 0.048
4632.59802 18.328 0.048
4632.60115 18.419 0.060
4632.61761 18.360 0.048
4632.64501 18.166 0.040
4632.67028 18.138 0.038
4632.69008 18.106 0.040
4632.71813 18.095 0.037
4632.74917 18.074 0.038
4632.78719 17.992 0.036
4632.80797 17.971 0.034
4633.59507 18.032 0.038
4633.63889 17.978 0.035
4633.70603 18.061 0.034
4633.83944 18.067 0.043
4639.60317 18.076 0.041
4639.74620 18.077 0.044
4640.62129 18.160 0.050
4641.69686 18.102 0.042
4642.61928 18.179 0.040
4642.78151 18.026 0.048
4642.86060 18.050 0.050
4643.57854 18.023 0.036
4645.55742 18.199 0.055
4645.80512 18.060 0.043
4645.87068 18.134 0.053
4646.55245 18.028 0.036
4646.87818 18.061 0.047
4647.54876 18.254 0.048
4647.76496 18.069 0.042
4647.78915 18.083 0.045
4648.54584 18.062 0.046
4648.79974 18.103 0.052
4649.55607 18.113 0.042
4649.78245 18.200 0.044
4650.55722 18.136 0.043
4650.82030 18.092 0.048
4651.54064 18.079 0.044
4652.53210 18.378 0.061
4652.74630 18.059 0.039
4654.56682 18.081 0.046
4654.78141 18.334 0.052
4655.52758 18.195 0.049
4656.52953 18.039 0.038
4656.71939 18.211 0.042
4660.64044 18.072 0.048
4661.51763 17.982 0.043
4661.71830 18.427 0.070
4661.78534 18.115 0.046
4666.59055 18.053 0.040
4666.80609 18.050 0.062
4670.58764 17.989 0.047
4671.61073 18.298 0.042
4672.53658 18.076 0.035
4672.77195 18.311 0.060
4674.54237 18.031 0.043
4674.73259 18.250 0.059
4675.79013 18.103 0.051
4677.51595 18.033 0.040
4677.60065 18.084 0.044
4681.56455 18.313 0.046
4682.58191 18.081 0.043
4683.54697 18.122 0.051
4686.52827 18.185 0.046
4688.52494 18.367 0.051
4697.52838 18.040 0.040
4698.53382 18.225 0.040
4699.53195 18.220 0.044
4701.53251 18.373 0.065
4724.53638 18.213 0.055
4731.60499 18.077 0.047
4875.89098 18.006 0.047
4884.88169 18.195 0.046
4887.85411 18.151 0.042
4896.90135 18.040 0.040
4899.86909 18.162 0.046
4910.84069 18.033 0.044
4911.87765 18.020 0.031
4913.89115 18.084 0.035
4925.84240 18.434 0.049
4927.74226 18.267 0.056
4927.89691 18.102 0.045
4928.79069 18.102 0.043
4930.87720 18.089 0.044
4931.77350 18.066 0.043
4932.90675 18.000 0.042
4933.90119 18.151 0.052
4934.82212 18.021 0.037
4938.72305 18.092 0.042
4941.87897 18.355 0.057
4942.77230 18.082 0.036
4943.71273 18.116 0.035
4943.86956 18.264 0.047
4944.72414 18.024 0.033
4946.69519 18.068 0.037
4947.68274 18.119 0.035
4950.65311 18.194 0.043
4951.81683 18.272 0.055
4952.78599 18.072 0.036
4953.68618 18.113 0.037
4954.66492 18.121 0.040
4954.73103 18.017 0.039
4955.83400 18.065 0.039
