2124.53765 17.673 0.036
2128.56332 17.910 0.022
2131.55894 17.681 0.021
2135.49225 17.646 0.020
2138.49572 17.876 0.029
2142.49732 17.708 0.025
2166.63602 17.715 0.027
2171.60739 17.708 0.028
2178.51846 17.792 0.037
2193.56545 17.865 0.030
2345.84606 17.675 0.021
2356.88065 17.763 0.023
2365.83071 17.933 0.036
2379.78644 17.694 0.025
2385.79400 17.697 0.022
2389.76929 17.792 0.028
2392.68036 17.901 0.051
2396.87910 17.913 0.032
2400.93365 17.710 0.032
2402.71242 17.740 0.023
2403.69223 17.901 0.024
2406.71521 17.769 0.026
2414.66513 17.842 0.033
2416.69391 17.916 0.033
2424.67154 17.701 0.024
2432.61255 17.908 0.034
2433.88526 17.754 0.034
2435.81546 17.911 0.028
2437.90578 17.854 0.042
2439.86447 17.669 0.023
2441.88975 17.843 0.029
2443.86229 17.841 0.030
2445.86245 17.736 0.026
2446.88890 17.731 0.030
2459.54100 17.886 0.030
2462.79176 17.743 0.023
2463.77490 17.919 0.022
2465.66317 17.726 0.021
2467.72331 17.821 0.024
2469.76768 17.916 0.024
2471.53264 17.933 0.026
2473.74180 17.708 0.026
2484.51636 17.796 0.029
2489.63925 17.861 0.022
2492.59195 17.703 0.025
2494.63942 17.767 0.024
2496.70112 17.843 0.027
2498.74719 17.886 0.033
2501.50847 17.831 0.029
2516.58323 17.757 0.029
2519.54282 17.811 0.024
2524.58781 17.929 0.027
2528.57490 17.743 0.025
2539.53654 17.725 0.030
2544.58262 17.726 0.027
2560.53979 17.762 0.044
2568.54057 17.670 0.038
2710.90226 17.885 0.022
2725.89750 17.718 0.023
2731.83671 17.804 0.024
2747.89627 17.749 0.030
2754.91283 17.671 0.023
2758.82712 17.740 0.036
2764.88236 17.761 0.024
2769.70102 17.761 0.024
2783.67274 17.840 0.023
2785.64666 17.692 0.023
2787.70362 17.820 0.025
2789.86513 17.732 0.024
2791.85508 17.936 0.031
2793.91062 17.752 0.029
2795.84217 17.777 0.019
2797.81147 17.849 0.023
2809.60367 17.837 0.024
2811.59385 17.827 0.036
2812.80796 17.803 0.027
2814.68732 17.701 0.022
2815.88657 17.891 0.037
2817.58453 17.787 0.027
2818.86017 17.774 0.030
2820.60196 17.772 0.025
2826.57027 17.837 0.026
2834.52558 17.779 0.040
2836.56866 17.709 0.025
2838.53764 17.881 0.027
2839.53703 17.850 0.026
2841.56964 17.737 0.025
2844.55172 17.930 0.027
2847.59650 17.768 0.029
2850.77215 17.705 0.030
2852.76641 17.809 0.038
2855.57296 17.823 0.028
2857.65854 17.965 0.033
2863.51756 17.723 0.027
2866.54075 17.782 0.030
2870.62083 17.781 0.029
2874.62019 17.933 0.034
2878.53602 17.869 0.024
2883.53690 17.800 0.022
2886.51197 17.788 0.045
2893.50693 17.739 0.026
2897.59947 17.928 0.033
2902.64125 17.734 0.036
2907.63679 17.681 0.036
2921.57908 17.928 0.043
2932.56810 17.899 0.038
3054.87776 17.852 0.024
3057.85620 17.755 0.022
3060.88681 17.856 0.024
3066.88043 17.825 0.021
3071.83874 17.795 0.026
3074.78803 17.833 0.029
3076.86533 17.929 0.033
3080.88190 17.715 0.022
3083.83181 17.794 0.022
3085.78036 17.833 0.023
3087.74101 17.856 0.028
3089.72963 17.683 0.024
3090.87820 17.795 0.022
3092.79949 17.877 0.032
3097.76228 17.830 0.032
3098.72357 17.871 0.033
3100.76720 17.711 0.022
3102.75144 17.805 0.027
3107.72563 17.776 0.024
3108.72448 17.830 0.023
3110.68670 17.770 0.033
3112.68956 17.706 0.022
3113.72763 17.743 0.018
3115.72579 17.885 0.027
3116.77173 17.901 0.024
3122.74128 17.815 0.028
3124.91771 17.923 0.036
3126.65674 17.901 0.026
3127.65756 17.784 0.024
3128.67722 17.715 0.024
3129.65665 17.749 0.030
3130.65299 17.801 0.040
3134.62569 17.715 0.033
3135.69203 17.719 0.024
3137.79820 17.779 0.024
3139.68772 17.802 0.024
3140.65128 17.698 0.022
3141.73729 17.743 0.021
3142.63812 17.912 0.024
3144.64030 17.762 0.024
3145.71888 17.843 0.026
3147.80925 17.772 0.024
3151.60760 17.787 0.031
3152.61668 17.753 0.023
3153.61645 17.847 0.027
3154.69441 17.841 0.028
3156.59873 17.711 0.027
3158.63658 17.777 0.036
3162.66033 17.786 0.024
3163.57143 17.762 0.027
3164.57206 17.846 0.022
3165.57169 17.879 0.030
3166.78235 17.713 0.030
3167.79242 17.841 0.026
3168.60752 17.712 0.021
3169.57757 17.795 0.022
3170.67682 17.740 0.018
3171.57101 17.875 0.022
3172.58548 17.810 0.021
3174.57183 17.731 0.020
3174.89095 17.711 0.026
3175.56560 17.792 0.024
3176.59903 17.878 0.026
3178.63477 17.861 0.025
3179.65911 17.825 0.022
3180.53381 17.789 0.024
3182.56816 17.922 0.030
3183.54072 17.780 0.024
3184.54475 17.723 0.021
3185.57305 17.702 0.020
3191.85035 17.762 0.029
3193.72199 17.704 0.021
3194.74826 17.730 0.027
3195.50569 17.746 0.025
3196.47818 17.741 0.033
3197.70779 17.846 0.024
3199.54011 17.909 0.034
3202.49634 17.753 0.022
3203.52128 17.762 0.020
3204.79880 17.900 0.032
3205.51280 17.852 0.022
3206.48926 17.706 0.023
3210.72188 17.719 0.025
3211.51205 17.878 0.026
3217.51757 17.843 0.025
3218.51140 17.702 0.027
3219.57524 17.835 0.036
3224.63305 17.972 0.024
3228.55158 17.898 0.024
3230.52452 17.734 0.021
3232.54358 17.754 0.029
3239.60324 17.741 0.022
3239.63039 17.724 0.023
3240.65843 17.783 0.029
3245.63551 17.732 0.034
3246.52167 17.855 0.031
3247.58531 17.900 0.030
3250.51415 17.837 0.024
3251.64279 17.723 0.026
3254.51500 17.729 0.027
3257.65055 17.689 0.024
3266.52841 17.809 0.035
3268.59648 17.692 0.022
3270.54541 18.203 0.092
3271.54464 17.748 0.033
3279.53701 17.828 0.025
3283.57250 17.758 0.017
3291.52997 17.780 0.031
3431.87167 17.882 0.023
3438.86974 17.929 0.025
3444.80329 17.735 0.019
3446.82787 17.699 0.020
3448.86122 17.855 0.020
3450.85920 17.857 0.019
3454.80672 17.815 0.037
3456.81471 17.686 0.020
3468.78539 17.673 0.020
3470.75825 17.921 0.023
3473.73923 17.710 0.021
3475.75956 17.802 0.019
3478.74254 17.768 0.019
3480.79251 17.681 0.021
3483.85740 17.824 0.024
3496.67174 17.738 0.025
3497.86153 17.887 0.025
3499.68459 17.943 0.030
3501.66082 17.712 0.024
3502.83296 17.865 0.020
3503.64997 17.883 0.020
3504.65638 17.907 0.028
3508.78763 17.775 0.021
3509.87970 17.751 0.018
3510.77423 17.771 0.021
3510.86701 17.727 0.018
3511.60401 17.707 0.034
3511.90356 17.696 0.020
3512.63032 17.706 0.025
3512.88903 17.731 0.025
3512.92988 17.667 0.028
3517.77862 17.936 0.030
3517.84615 17.753 0.024
3517.92028 17.754 0.028
3520.59270 17.897 0.024
3520.90757 17.936 0.032
3521.64777 17.924 0.019
3521.87137 17.732 0.024
3521.93921 17.838 0.027
3522.60973 17.781 0.017
3523.62823 17.742 0.020
3524.60380 17.723 0.021
3525.59293 17.835 0.023
3527.61864 17.845 0.021
3528.92071 17.754 0.034
3530.71160 17.757 0.015
3538.59083 17.892 0.026
3539.58370 17.918 0.031
3547.52500 17.738 0.028
3550.69509 17.904 0.018
3551.72375 17.847 0.016
3552.75491 17.924 0.024
3553.61054 17.813 0.026
3554.55964 18.005 0.036
3556.57468 17.852 0.027
3558.70513 17.887 0.021
3560.49518 17.932 0.023
3561.75790 17.716 0.016
3562.75275 17.786 0.021
3563.50623 17.702 0.019
3573.49345 17.783 0.038
3575.49812 17.746 0.021
3576.49914 17.855 0.022
3577.55499 17.872 0.019
3578.52758 17.855 0.018
3579.48668 17.744 0.018
3580.49759 17.684 0.019
3581.53207 17.727 0.019
3582.48601 17.932 0.026
3583.53053 17.877 0.021
3584.51674 17.863 0.023
3585.50738 17.761 0.019
3586.53159 17.721 0.017
3587.62141 17.719 0.021
3588.54385 17.826 0.024
3589.51670 17.888 0.020
3590.49689 17.777 0.019
3591.51894 17.718 0.015
3592.50483 17.699 0.019
3593.56889 17.692 0.016
3594.53019 17.860 0.023
3600.50526 17.886 0.030
3601.61095 17.849 0.024
3602.49322 17.770 0.026
3603.48726 17.717 0.024
3604.55964 17.704 0.022
3606.52161 17.955 0.028
3607.49139 17.809 0.019
3608.49456 17.746 0.023
3617.60045 17.776 0.024
3621.54526 17.774 0.024
3632.56691 17.828 0.030
3635.54049 17.786 0.020
3640.56282 17.734 0.022
3644.56643 17.703 0.021
3650.53812 17.663 0.023
3653.50846 17.993 0.045
3773.87017 17.728 0.035
3779.87535 17.710 0.028
