2112.79930 16.502 0.010
2113.78783 16.505 0.012
2115.75665 16.702 0.013
2128.61033 16.479 0.010
2131.70852 16.503 0.011
2134.70891 16.480 0.012
2138.58928 16.518 0.011
2143.55538 16.578 0.017
2157.48494 16.493 0.012
2162.54915 16.502 0.012
2168.57534 16.495 0.013
2173.53343 16.482 0.013
2180.53205 16.476 0.011
2184.53669 16.491 0.014
2195.52166 16.713 0.016
2323.87837 16.534 0.012
2326.84396 16.502 0.013
2341.85356 16.503 0.012
2350.86751 16.479 0.010
2359.83314 16.513 0.012
2370.87203 16.525 0.012
2391.86193 16.518 0.014
2404.87731 16.480 0.010
2464.73660 16.488 0.010
2474.65215 16.484 0.011
2503.53290 16.531 0.017
2518.51414 16.477 0.012
2765.82824 16.475 0.012
2769.85514 16.542 0.008
2782.74954 16.607 0.014
2784.74367 16.526 0.010
2786.63392 16.476 0.014
2790.72311 16.494 0.010
2792.62908 16.486 0.011
2794.65209 16.497 0.011
2797.54895 16.725 0.013
2810.58709 16.543 0.012
2814.56130 16.488 0.012
3057.82418 16.507 0.011
3060.85121 16.472 0.010
3066.84549 16.486 0.011
3068.90287 16.484 0.011
3071.79735 16.518 0.015
3072.81667 16.476 0.011
3073.84493 16.504 0.011
3074.80828 16.509 0.010
3075.82996 16.499 0.011
3076.83312 16.483 0.011
3077.91035 16.481 0.019
3078.84879 16.479 0.013
3080.82077 16.541 0.011
3081.83341 16.581 0.010
3082.85055 16.507 0.010
3083.81010 16.728 0.011
3084.83312 16.532 0.010
3085.73926 16.527 0.012
3085.86833 16.531 0.010
3086.79583 16.538 0.010
3087.80477 16.733 0.012
3088.75494 16.484 0.009
3089.75981 16.510 0.010
3090.80827 16.539 0.010
3091.78164 16.527 0.010
3092.74802 16.497 0.012
3093.88764 16.658 0.013
3096.80304 16.499 0.011
3097.72270 16.478 0.011
3098.84397 16.518 0.009
3099.70760 16.475 0.013
3100.71586 16.455 0.012
3101.81468 16.491 0.011
3102.71034 16.496 0.012
3103.82000 16.500 0.010
3104.71449 16.505 0.023
3104.76320 16.473 0.021
3104.79504 16.483 0.023
3104.83917 16.457 0.025
3104.87761 16.520 0.027
3104.92419 16.529 0.029
3105.72855 16.504 0.019
3105.76338 16.507 0.019
3105.79415 16.495 0.017
3105.84166 16.504 0.018
3105.88666 16.625 0.018
3105.92248 16.729 0.021
3106.70657 16.507 0.015
3106.91003 16.518 0.020
3107.70452 16.496 0.011
3107.89990 16.629 0.011
3108.68403 16.507 0.012
3109.86895 16.512 0.010
3111.75004 16.488 0.011
3113.69262 16.509 0.010
3114.67897 16.592 0.010
3116.73226 16.495 0.012
3122.66527 16.752 0.016
3124.88273 16.472 0.012
3126.60770 16.497 0.013
3127.61305 16.479 0.013
3128.64200 16.498 0.012
3128.93129 16.505 0.013
3129.61121 16.485 0.014
3130.61749 16.516 0.016
3131.80266 16.502 0.013
3134.59041 16.477 0.014
3135.65695 16.493 0.011
3137.67891 16.500 0.013
3138.61294 16.504 0.011
3139.75578 16.542 0.010
3140.60822 16.503 0.013
3141.70463 16.479 0.010
3142.59620 16.498 0.011
3144.60459 16.477 0.012
3145.67978 16.496 0.010
3147.76460 16.493 0.011
3151.57237 16.545 0.014
3152.58149 16.493 0.011
3153.58086 16.540 0.012
3154.65112 16.489 0.013
3156.55892 16.568 0.016
3158.57877 16.529 0.016
3162.55500 16.562 0.013
3163.53528 16.612 0.013
3164.53637 16.527 0.011
3165.53611 16.534 0.012
3166.71888 16.484 0.014
3167.57343 16.702 0.017
3168.53810 16.513 0.011
3169.54262 16.511 0.011
3170.60883 16.535 0.010
3171.53578 16.502 0.010
3172.53855 16.489 0.011
3174.52214 16.484 0.011
3174.84920 16.500 0.011
3175.50945 16.498 0.012
3176.54827 16.524 0.014
3178.59993 16.515 0.012
3179.62309 16.570 0.010
3180.49887 16.478 0.011
3180.88418 16.485 0.010
3183.49060 16.472 0.009
3184.50994 16.482 0.011
3185.47711 16.519 0.010
3191.78996 16.537 0.012
3193.68694 16.549 0.011
3194.76012 16.550 0.011
3194.85846 16.501 0.012
3195.47065 16.515 0.015
3196.49344 16.536 0.015
3197.46935 16.536 0.014
3199.50165 16.509 0.014
3201.47609 16.534 0.011
3202.72021 16.482 0.011
3203.48394 16.569 0.011
3205.47682 16.542 0.010
3206.50426 16.718 0.010
3207.48912 16.534 0.012
3211.47090 16.528 0.012
3212.48621 16.680 0.017
3218.47652 16.507 0.012
3222.61840 16.611 0.013
3223.48649 16.489 0.013
3224.48773 16.496 0.010
3228.48893 16.506 0.012
3230.48540 16.494 0.010
3241.49504 16.477 0.014
3244.58425 16.514 0.015
3246.48618 16.516 0.014
3248.50314 16.503 0.012
3250.47843 16.501 0.013
3251.60731 16.488 0.010
3253.54395 16.495 0.010
3254.68064 16.536 0.013
3255.62865 16.513 0.013
3257.61392 16.492 0.010
3261.59520 16.482 0.010
3265.64453 16.479 0.011
3268.56166 16.497 0.010
3270.49059 16.538 0.018
3271.55703 16.612 0.019
3275.59092 16.549 0.013
3279.48769 16.505 0.011
3283.53651 16.597 0.009
3412.87680 16.508 0.012
3431.83673 16.497 0.010
3438.83482 16.524 0.012
3443.89156 16.481 0.009
3446.78878 16.550 0.010
3448.82579 16.541 0.010
3450.88889 16.517 0.008
3453.88633 16.704 0.011
3456.77961 16.485 0.010
3468.74814 16.489 0.010
3471.75308 16.513 0.012
3474.74514 16.491 0.009
3477.73150 16.490 0.010
3480.74743 16.511 0.008
3484.68832 16.695 0.015
3499.64391 16.496 0.010
3502.64500 16.501 0.010
3503.89853 16.495 0.007
3509.62023 16.497 0.011
3511.62091 16.492 0.012
3520.73130 16.507 0.010
3521.88529 16.551 0.010
3522.89486 16.705 0.012
3523.88842 16.540 0.011
3524.91355 16.725 0.012
3525.87644 16.496 0.010
3528.83151 16.493 0.010
3538.53630 16.487 0.011
3544.64697 16.505 0.012
3550.55735 16.534 0.011
3552.71930 16.544 0.009
3554.51151 16.554 0.015
3556.79385 16.570 0.012
3558.72342 16.508 0.009
3560.53558 16.503 0.009
3561.77357 16.685 0.010
3561.78331 16.719 0.010
3562.71401 16.508 0.009
3563.79419 16.732 0.013
3564.54367 16.513 0.011
3569.47106 16.595 0.023
3572.80231 16.505 0.012
3574.49607 16.624 0.011
3578.49255 16.514 0.009
3579.73857 16.488 0.010
3581.49261 16.483 0.010
3583.47243 16.478 0.010
3584.47698 16.510 0.011
3585.46799 16.488 0.011
3586.48746 16.496 0.009
3587.56983 16.541 0.011
3588.50677 16.497 0.008
3618.65422 16.494 0.011
3633.56939 16.642 0.014
3642.51811 16.521 0.013
3650.49833 16.501 0.012
3652.51672 16.525 0.014
3772.86692 16.511 0.011
3779.83422 16.469 0.012
4891.87774 16.749 0.013
4911.85251 16.477 0.008
