2125.55531 16.917 0.016
2129.63785 16.876 0.008
2132.58215 16.882 0.009
2135.71975 16.871 0.008
2140.67778 16.883 0.011
2144.56092 16.972 0.011
2160.55124 16.907 0.011
2168.61873 16.861 0.011
2187.52806 16.903 0.011
2206.52252 16.894 0.014
2331.86377 16.948 0.011
2358.83577 16.907 0.011
2372.79597 16.873 0.008
2382.92011 16.877 0.010
2386.86359 16.890 0.011
2390.80673 16.874 0.010
2397.76880 16.904 0.009
2401.79354 16.881 0.010
2403.84958 16.864 0.009
2405.81813 16.899 0.010
2414.80479 16.916 0.011
2416.76938 16.889 0.010
2424.86207 16.878 0.013
2428.76373 16.893 0.010
2432.80669 16.946 0.016
2434.67452 16.892 0.010
2436.72017 16.907 0.009
2438.69847 16.942 0.010
2440.84343 16.912 0.011
2443.70403 16.924 0.010
2445.58512 16.921 0.009
2448.56757 16.902 0.018
2453.82348 16.888 0.012
2459.51971 16.877 0.012
2463.49439 16.878 0.012
2464.72456 16.880 0.008
2467.62750 16.929 0.010
2469.64199 16.926 0.008
2471.65374 16.880 0.008
2473.61882 16.867 0.009
2483.68374 16.884 0.010
2486.66707 16.897 0.012
2490.63368 16.860 0.009
2493.59596 16.883 0.010
2495.66757 16.886 0.009
2497.74704 16.860 0.010
2499.77034 16.872 0.009
2502.51400 16.894 0.010
2508.61637 16.896 0.010
2512.56521 16.895 0.011
2517.68694 16.902 0.011
2520.52505 16.911 0.010
2526.62082 16.896 0.009
2541.59930 16.876 0.010
2547.53740 17.005 0.013
2551.57354 16.898 0.014
2556.52838 17.020 0.014
2563.56187 16.954 0.011
2574.54054 16.989 0.013
2705.90266 16.903 0.010
2706.87003 16.889 0.010
2714.85435 16.990 0.009
2728.88387 16.877 0.012
2733.86682 16.882 0.011
2744.85460 16.866 0.028
2752.91949 16.866 0.011
2756.88407 16.878 0.009
2760.85232 16.849 0.011
2766.88446 16.938 0.010
2770.77935 16.950 0.013
2783.77275 16.875 0.009
2785.88439 16.874 0.011
2786.88647 16.997 0.014
2789.69244 16.906 0.009
2791.67501 16.897 0.009
2794.81842 16.878 0.010
2796.75946 16.869 0.009
2808.89997 16.876 0.015
2809.90436 16.903 0.012
2810.83138 16.859 0.010
2811.86865 16.872 0.009
2813.66535 16.882 0.010
2815.78705 16.876 0.010
2817.73995 16.960 0.011
2818.80295 16.883 0.011
2820.67518 16.866 0.010
2826.70389 16.887 0.009
2834.73791 16.887 0.013
2835.84778 16.963 0.014
2837.58150 16.896 0.014
2839.62468 16.976 0.011
2841.64382 16.918 0.011
2843.57296 16.964 0.010
2845.60386 16.867 0.011
2849.75637 16.873 0.011
2849.78390 16.881 0.013
2851.76672 16.864 0.013
2853.76962 16.932 0.012
2856.65838 16.886 0.010
2858.63365 16.894 0.015
2859.62773 16.943 0.014
2863.59266 16.897 0.012
2866.68402 17.002 0.012
2869.67507 16.893 0.010
2872.66954 16.872 0.008
2877.63886 16.970 0.011
2883.61441 16.866 0.009
2892.60438 16.931 0.015
2896.62603 16.883 0.010
2902.59308 16.932 0.012
2907.56746 16.907 0.013
2917.55512 16.978 0.013
2929.59291 16.891 0.013
