2106.76844 16.996 0.019
2125.65067 16.916 0.034
2128.57983 17.023 0.018
2131.57317 17.011 0.014
2134.67685 16.986 0.021
2138.55693 16.994 0.017
2143.52619 16.992 0.021
2156.49237 17.006 0.016
2158.52489 17.001 0.015
2162.51022 17.019 0.018
2168.54503 16.997 0.021
2173.50304 17.011 0.028
2180.50165 17.002 0.018
2184.50637 16.946 0.022
2194.56169 17.004 0.020
2321.87911 17.044 0.019
2326.81121 16.970 0.020
2345.82130 16.979 0.014
2350.82585 16.950 0.013
2358.89056 16.977 0.019
2370.81874 16.990 0.016
2381.82600 16.998 0.014
2384.79887 16.986 0.015
2388.85659 16.984 0.015
2391.74262 16.990 0.033
2396.77411 17.001 0.024
2400.70207 16.976 0.017
2402.81632 17.005 0.014
2404.84895 16.999 0.014
2406.93292 16.990 0.018
2415.72976 16.991 0.017
2417.70349 16.968 0.017
2426.68468 16.976 0.015
2431.81539 16.986 0.014
2436.59016 17.012 0.019
2438.62052 16.993 0.015
2440.60198 16.969 0.015
2442.61950 16.959 0.015
2444.71314 16.993 0.016
2453.74699 16.983 0.016
2458.74007 16.968 0.015
2462.72880 16.964 0.013
2463.82943 16.973 0.015
2466.75641 16.981 0.017
2468.47169 16.976 0.018
2470.47461 16.987 0.020
2474.47684 16.985 0.025
2482.62843 16.983 0.016
2485.63840 16.984 0.022
2489.70907 16.970 0.013
2492.65441 16.981 0.014
2494.70809 17.006 0.014
2497.51068 16.989 0.016
2499.54661 17.025 0.015
2501.57427 16.983 0.014
2503.49946 17.000 0.049
2511.55455 16.969 0.018
2517.49143 17.012 0.021
2520.67675 16.993 0.015
2526.53481 17.001 0.015
2537.48484 16.937 0.027
2540.50087 16.969 0.020
2546.51135 17.002 0.018
2550.49274 17.034 0.022
2558.50112 16.985 0.018
2698.89620 16.957 0.014
2711.87923 16.969 0.013
2721.88926 16.969 0.031
2730.89989 16.991 0.014
2743.77638 16.999 0.014
2748.79505 16.975 0.017
2755.78508 17.001 0.014
2759.78012 16.981 0.020
2765.79322 16.964 0.014
2769.77786 16.965 0.012
2782.71609 16.960 0.016
2784.70892 16.985 0.013
2786.59547 16.956 0.029
2788.69312 16.977 0.013
2789.81375 16.981 0.015
2789.82190 16.972 0.016
2789.86968 16.993 0.016
2789.88886 17.000 0.016
2789.91433 16.973 0.016
2789.92425 16.945 0.023
2789.93492 17.003 0.018
2789.94684 17.009 0.031
2790.57951 16.949 0.011
2790.60750 16.961 0.011
2790.64044 16.980 0.011
2790.66398 17.012 0.013
2790.68578 16.990 0.013
2790.70395 16.990 0.013
2790.73664 16.966 0.015
2790.78459 16.988 0.014
2790.82171 17.001 0.015
2790.84654 16.997 0.015
2790.87747 16.977 0.015
2790.90507 16.976 0.015
2790.92711 16.990 0.017
2790.93209 17.001 0.018
2790.94401 17.003 0.021
2791.53522 16.980 0.020
2791.57913 16.928 0.013
2791.60883 17.018 0.015
2791.67103 16.938 0.024
2791.71244 16.980 0.014
2791.74939 16.977 0.015
2791.83603 16.980 0.015
2791.87870 16.973 0.015
2791.93396 16.998 0.013
2792.58003 16.989 0.018
2792.58287 16.976 0.017
2794.61630 16.992 0.017
2796.57063 16.970 0.014
2802.58708 16.972 0.022
2802.60745 16.974 0.022
2802.62501 16.976 0.019
2802.66903 17.012 0.020
2802.72933 16.974 0.019
2802.79679 16.988 0.021
2808.63697 16.991 0.016
2810.57532 16.989 0.016
2812.57689 16.978 0.016
2813.82071 16.976 0.015
2815.59923 17.022 0.015
2816.66493 16.973 0.014
2817.77936 16.988 0.015
2818.67456 16.985 0.015
2819.76850 16.992 0.015
2821.66655 17.000 0.015
2826.65737 17.137 0.026
2830.78765 16.962 0.026
2835.48464 17.022 0.022
2837.50356 17.017 0.023
2838.73399 16.998 0.016
2838.76031 17.008 0.019
2839.48715 16.980 0.022
2840.50472 16.995 0.017
2841.57685 16.983 0.017
2841.79054 17.010 0.015
2842.55842 16.981 0.027
2844.61739 16.996 0.014
2848.55689 16.983 0.017
2851.54329 16.980 0.016
2853.54701 16.954 0.015
2854.74264 16.993 0.018
2857.72968 17.001 0.017
2862.51085 16.988 0.023
2864.50856 17.016 0.019
2867.66210 17.016 0.016
2868.52404 16.981 0.014
2871.48997 16.973 0.015
2872.60093 16.972 0.013
2874.56582 16.967 0.012
2875.50935 16.955 0.018
2875.62908 16.986 0.021
2876.53591 16.987 0.015
2876.65484 16.980 0.015
2877.51760 16.997 0.016
2877.66005 16.958 0.015
2878.49474 16.979 0.014
2878.65314 16.973 0.015
2879.54437 16.968 0.016
2880.70302 16.985 0.017
2882.54991 16.968 0.016
2889.52295 16.970 0.024
2894.58414 16.991 0.016
2898.63993 16.990 0.019
2903.53905 16.975 0.014
2908.60074 16.988 0.020
2912.54649 16.958 0.016
2926.57008 16.989 0.017
3043.86962 17.006 0.017
3044.86435 17.008 0.022
3055.88040 16.988 0.021
3058.89826 16.976 0.017
3064.81879 16.964 0.016
3067.89221 17.010 0.013
3070.85375 16.980 0.017
3073.80921 16.965 0.015
3075.84788 16.982 0.016
3079.89239 16.988 0.018
3082.86570 16.988 0.014
3084.90862 16.972 0.012
3086.83737 16.995 0.012
3088.79482 16.970 0.012
3089.90409 16.964 0.013
3091.82429 16.961 0.013
3096.86240 16.966 0.017
3098.84983 16.992 0.013
3100.80337 16.969 0.013
3101.91691 16.974 0.016
3103.77468 16.983 0.014
3104.88917 16.954 0.040
3106.83398 16.962 0.019
3108.76723 17.002 0.013
3109.79938 16.982 0.013
3110.83384 17.001 0.014
3112.79214 16.971 0.014
3113.87241 16.970 0.013
3114.78394 16.992 0.012
3115.86677 16.986 0.013
3116.92286 16.979 0.014
3122.90994 16.947 0.015
3125.87020 16.956 0.016
3126.89592 16.983 0.014
3127.80670 16.974 0.014
3128.81972 16.997 0.014
3130.69769 16.990 0.017
3131.88922 17.020 0.023
3135.89906 16.980 0.025
3137.93808 16.969 0.019
3138.70077 16.967 0.021
3139.87803 16.980 0.014
3140.87784 16.987 0.014
3142.76610 16.981 0.014
3144.78706 16.981 0.016
3146.80063 16.980 0.016
3151.74968 16.989 0.016
3151.91442 16.968 0.018
3152.75377 16.960 0.020
3153.75768 16.970 0.016
3154.81919 16.995 0.024
3156.83895 16.952 0.016
3158.91305 16.981 0.022
3162.81392 16.967 0.016
3163.62684 16.984 0.013
3163.64566 16.988 0.013
3164.73555 16.986 0.014
3165.75633 16.991 0.012
3166.90149 16.988 0.019
3167.75436 16.990 0.016
3168.74952 16.991 0.014
3169.72543 16.986 0.014
3170.80294 16.999 0.012
3171.82567 16.954 0.011
3172.75266 16.986 0.012
3174.70896 17.004 0.012
3175.71890 16.973 0.013
3177.75608 17.036 0.021
3178.78262 16.982 0.013
3179.79234 16.998 0.014
3180.72073 17.021 0.013
3182.77218 16.990 0.014
3183.74084 16.980 0.017
3184.69863 16.983 0.013
3185.75130 16.991 0.017
3193.53683 16.983 0.014
3194.59547 16.997 0.023
3195.64278 16.967 0.012
3195.80044 16.977 0.013
3196.54588 16.978 0.015
3197.51341 16.967 0.013
3199.62327 16.979 0.014
3201.51504 16.957 0.015
3202.56950 16.976 0.014
3203.65901 16.979 0.013
3204.65224 16.963 0.012
3205.76082 16.967 0.012
3206.71785 16.963 0.015
3210.54529 16.973 0.017
3211.58366 16.966 0.014
3217.47937 16.997 0.016
3217.65225 17.019 0.016
3218.65064 16.952 0.017
3219.60594 16.961 0.025
3223.65185 16.969 0.021
3224.69739 16.950 0.013
3226.61472 16.966 0.016
3228.60112 16.958 0.015
3229.63359 17.013 0.019
3230.66718 16.968 0.013
3231.57052 16.976 0.013
3232.59841 16.987 0.018
3238.61953 16.999 0.015
3239.69825 17.016 0.016
3240.67941 17.019 0.025
3241.65431 17.000 0.022
3245.55418 16.967 0.016
3246.65789 16.991 0.019
3247.62408 16.970 0.016
3249.52600 17.007 0.016
3250.65876 16.998 0.028
3253.52305 16.990 0.014
3256.63579 17.008 0.018
3264.53275 16.974 0.015
3267.53189 17.018 0.016
3272.58729 16.995 0.017
3275.57026 17.023 0.019
3278.59917 16.986 0.016
3282.57316 16.982 0.011
3288.54573 16.992 0.015
3293.51633 16.965 0.011
3295.52653 16.980 0.011
3305.52530 17.014 0.020
3314.51640 17.029 0.025
3408.89018 16.953 0.025
3413.89113 16.978 0.017
3421.89735 16.986 0.012
3422.87167 17.003 0.013
3426.86283 16.965 0.014
3429.84489 16.969 0.019
3432.88826 16.997 0.016
3442.89069 16.977 0.013
3445.80348 16.979 0.011
3447.85412 16.992 0.013
3449.86677 16.972 0.013
3452.88739 16.958 0.022
3455.82156 16.983 0.017
3457.85514 16.979 0.014
3459.85027 16.979 0.013
3467.88016 16.976 0.013
3469.78603 16.998 0.013
3470.79900 16.987 0.012
3472.76146 16.989 0.013
3473.78123 16.993 0.019
3474.77790 16.999 0.015
3475.80348 17.029 0.023
3477.76529 17.007 0.013
3479.76416 17.005 0.011
3480.72428 16.981 0.012
3481.74224 16.974 0.013
3482.71897 16.991 0.014
3496.72178 16.965 0.014
3497.79334 16.980 0.016
3498.91764 16.952 0.019
3499.86447 17.013 0.017
3500.73069 16.996 0.013
3501.82711 17.005 0.012
3502.72297 16.982 0.012
3503.69213 16.988 0.013
3504.70687 17.011 0.019
3506.75070 17.007 0.014
3508.76027 17.026 0.014
3509.73335 16.994 0.013
3510.80314 16.990 0.013
3511.84229 16.982 0.013
3512.71199 16.991 0.015
3517.69009 16.969 0.016
3520.76304 17.012 0.015
3521.72031 16.997 0.012
3522.74830 16.994 0.012
3522.93953 16.983 0.016
3523.75279 16.999 0.011
3524.89799 17.051 0.018
3525.75118 17.000 0.012
3526.75460 17.021 0.014
3528.67554 17.003 0.012
3529.69783 17.010 0.011
3530.61294 16.990 0.011
3537.74095 16.968 0.013
3538.60949 16.968 0.013
3539.82255 16.939 0.011
3540.65278 16.997 0.013
3544.72775 16.978 0.016
3546.84690 16.958 0.021
3547.81114 17.011 0.019
3550.63762 16.989 0.012
3551.63790 16.949 0.010
3552.67287 17.000 0.013
3553.72297 16.981 0.017
3554.66150 17.009 0.017
3555.67985 16.992 0.016
3556.67812 16.948 0.017
3558.53295 17.011 0.016
3558.83166 16.998 0.014
3559.70162 16.972 0.014
3560.60297 16.989 0.013
3561.55069 16.998 0.015
3562.59136 17.018 0.017
3563.64210 17.003 0.012
3564.57986 16.970 0.015
3569.56524 17.001 0.015
3572.82069 16.972 0.023
3573.65166 17.004 0.017
3574.69159 16.980 0.014
3575.53907 17.016 0.012
3575.77567 16.974 0.014
3576.69293 16.968 0.015
3577.59304 16.987 0.014
3578.67767 17.008 0.012
3579.62310 17.003 0.013
3580.65636 16.979 0.012
3581.67625 16.990 0.012
3582.64810 16.977 0.012
3583.63849 16.968 0.012
3583.75844 17.021 0.017
3584.64718 16.973 0.012
3584.76178 16.991 0.015
3585.63752 17.002 0.012
3586.72257 17.020 0.012
3589.67614 16.982 0.011
3590.66009 17.000 0.012
3591.68366 16.973 0.011
3593.75059 16.987 0.017
3594.71278 16.974 0.013
3601.66134 16.978 0.014
3603.64198 16.963 0.013
3607.64033 16.989 0.013
3608.65571 17.039 0.015
3615.58347 17.003 0.013
3618.58505 17.025 0.023
3620.54829 16.964 0.011
3622.52615 17.035 0.017
3628.60233 16.961 0.018
3630.54164 17.011 0.020
3632.59181 16.968 0.017
3634.49242 17.013 0.016
3639.55128 16.989 0.011
3641.54972 17.009 0.021
3644.51005 16.992 0.016
3648.54182 17.009 0.016
3650.59031 17.013 0.016
3654.54587 16.966 0.021
3656.52712 17.017 0.022
3658.55897 17.021 0.020
3660.53159 17.028 0.019
3664.50839 17.000 0.016
3669.53436 16.968 0.017
3675.51366 16.977 0.018
3776.87225 16.990 0.016
3782.85694 17.000 0.016
3784.88223 16.953 0.013
3787.84984 16.976 0.013
3790.88060 16.989 0.016
3792.87721 16.940 0.023
3794.83417 17.019 0.018
3796.82377 16.953 0.012
3798.79489 17.023 0.015
3799.86855 16.961 0.016
3800.89487 16.985 0.013
3801.87708 16.973 0.013
3802.84263 16.960 0.013
3803.87794 16.970 0.012
3805.79395 16.964 0.015
3806.81405 16.977 0.014
3807.82777 16.990 0.015
3808.78745 17.011 0.020
3809.79028 16.967 0.012
3810.76099 16.977 0.015
3810.83484 16.973 0.013
3811.83084 16.990 0.016
3812.82260 16.996 0.014
3813.80124 17.007 0.013
3814.74607 17.021 0.016
3814.81548 16.990 0.012
3815.84698 16.982 0.012
3817.81905 16.983 0.013
3818.87766 16.996 0.012
3819.79326 16.993 0.011
3820.76356 16.983 0.011
3821.76669 16.970 0.012
3822.80613 17.007 0.013
3823.76221 16.994 0.023
3824.77965 16.962 0.015
3825.79711 16.986 0.014
3826.77978 16.980 0.013
3827.79296 16.997 0.012
3828.76653 17.018 0.015
3829.80188 16.977 0.012
3830.72356 16.961 0.013
3831.88399 17.011 0.017
3832.74513 17.016 0.023
3833.75285 16.982 0.012
3833.81667 16.988 0.011
3833.84219 16.991 0.011
3833.86679 16.967 0.012
3833.90056 16.938 0.024
3833.91757 16.969 0.013
3833.92378 16.984 0.014
3834.70142 16.972 0.017
3834.72036 16.978 0.016
3834.74430 17.004 0.014
3834.79332 16.991 0.012
3834.87303 16.983 0.012
3834.91558 16.981 0.015
3835.70250 16.988 0.015
3835.72757 16.997 0.017
3835.78095 16.966 0.014
3835.85457 16.973 0.011
3835.87812 16.995 0.015
3835.91361 16.963 0.012
3836.70938 16.952 0.017
3836.75594 17.001 0.017
3836.80648 16.990 0.017
3836.83702 16.994 0.013
3836.86419 16.985 0.012
3836.89321 16.960 0.013
3836.92368 16.978 0.014
3837.72250 16.999 0.018
3837.75327 16.960 0.013
3837.77968 17.001 0.015
3837.89530 16.979 0.012
3838.72994 17.022 0.018
3838.90557 16.997 0.015
3839.73128 16.973 0.018
3839.79235 16.981 0.013
3839.86591 17.003 0.017
3839.91976 16.969 0.016
3840.69894 16.937 0.017
3840.75746 16.994 0.014
3840.90207 16.967 0.013
3841.71271 17.007 0.026
3841.76534 16.973 0.013
3842.83708 17.003 0.013
3845.69061 16.983 0.028
3845.71097 16.986 0.020
3845.89856 16.971 0.026
3846.72165 16.968 0.012
3847.78824 16.979 0.016
3848.74311 16.980 0.019
3849.74231 17.034 0.026
3850.68606 16.988 0.018
3850.85805 17.002 0.014
3850.92955 16.968 0.016
3851.70130 16.960 0.019
3851.86452 17.005 0.015
3852.68999 16.993 0.015
3852.91850 16.984 0.015
3853.67827 17.004 0.013
3853.84593 16.992 0.011
3853.91745 16.958 0.011
3854.69489 17.012 0.013
3856.66829 16.945 0.013
3856.83458 16.976 0.013
3857.90616 16.965 0.012
3858.72480 16.987 0.014
3859.78737 16.955 0.012
3860.80357 17.026 0.017
3861.65716 16.958 0.014
3861.76416 16.999 0.012
3862.66220 16.965 0.014
3862.85255 17.011 0.012
3862.92625 16.966 0.014
3863.67839 16.942 0.015
3863.89812 16.986 0.011
3864.66772 16.954 0.015
3864.85833 16.983 0.011
3865.72583 16.981 0.013
3865.86939 17.010 0.013
3865.93839 16.957 0.015
3866.67750 16.978 0.018
3866.81700 17.023 0.014
3866.89521 16.960 0.013
3867.69228 16.929 0.025
3867.87849 16.960 0.013
3868.70021 17.017 0.016
3868.84428 16.998 0.016
3868.93237 16.990 0.020
3869.67894 16.969 0.013
3869.86024 16.993 0.016
3872.88013 16.951 0.013
3873.68415 16.974 0.012
3873.82631 16.941 0.013
3873.89745 16.989 0.013
3874.73510 16.970 0.014
3874.90997 16.954 0.012
3875.70384 16.941 0.011
3875.85067 16.987 0.012
3876.62284 16.988 0.012
3877.69971 17.004 0.012
3877.84949 17.018 0.013
3877.92253 16.965 0.016
3879.65574 16.962 0.011
3880.82496 16.987 0.013
3880.90406 16.966 0.013
3881.65052 17.008 0.024
3881.86597 16.979 0.012
3881.91259 16.995 0.012
3882.63541 16.986 0.012
3882.78896 17.002 0.013
3882.86286 16.944 0.012
3882.93148 16.974 0.011
3883.62297 16.994 0.014
3883.82009 16.968 0.013
3886.58511 17.012 0.015
3886.78364 16.949 0.012
3886.85879 16.995 0.013
3887.63612 17.003 0.012
3887.76310 16.990 0.012
3887.86665 17.002 0.012
3887.93868 17.010 0.014
3889.65012 16.980 0.012
3890.71640 16.979 0.011
3891.65948 16.960 0.012
3891.78117 16.974 0.015
3891.86347 16.970 0.014
3892.72614 16.986 0.012
3892.91784 16.964 0.013
3893.59977 16.987 0.014
3893.84621 16.927 0.015
3894.65432 16.976 0.015
3894.86964 17.010 0.020
3896.59034 17.015 0.018
3900.51816 17.003 0.020
3900.70852 16.967 0.013
3900.78786 16.976 0.013
3900.85641 16.994 0.014
3901.53293 16.985 0.015
3901.70918 16.975 0.012
3901.78697 16.958 0.012
3901.86004 17.003 0.015
3902.54620 16.991 0.013
3902.73153 16.975 0.013
3902.79578 17.008 0.013
3902.84906 16.962 0.014
3903.64034 17.009 0.015
3903.72286 16.983 0.015
3903.74401 16.992 0.014
3903.75688 16.972 0.013
3903.76573 16.965 0.012
3903.88548 16.995 0.017
3904.54389 16.999 0.014
3904.70631 17.007 0.011
3904.77575 16.975 0.011
3904.84851 16.978 0.012
3905.54072 16.983 0.013
3905.71707 16.972 0.011
3905.78733 16.994 0.011
3905.85592 16.960 0.011
3906.55206 16.960 0.014
3906.74140 17.009 0.013
3906.81463 17.008 0.013
3907.58287 16.991 0.014
3907.76818 16.982 0.016
3907.85267 17.015 0.017
3908.52084 16.962 0.015
3908.70767 16.970 0.013
3908.78458 16.986 0.013
3908.86736 16.972 0.013
3909.52054 16.946 0.016
3909.70338 16.959 0.011
3909.79370 16.969 0.012
3909.87329 16.983 0.013
3910.54095 16.954 0.021
3912.51540 16.959 0.013
3912.70709 16.969 0.011
3912.79811 16.956 0.015
3912.88598 16.968 0.013
3913.50829 16.971 0.012
3913.71016 16.979 0.013
3913.80568 16.978 0.012
3914.53435 16.946 0.023
3914.76585 17.041 0.013
3915.51002 16.949 0.016
3915.71502 17.000 0.013
3915.80622 16.966 0.011
3916.55480 16.978 0.015
3917.53286 16.943 0.023
3917.80574 16.994 0.015
3918.55390 17.007 0.017
3918.80046 16.995 0.015
3919.50783 16.996 0.027
3919.74035 16.993 0.012
3920.49766 16.965 0.015
3920.69428 16.951 0.015
3920.77618 16.978 0.011
3921.49757 16.934 0.025
3921.69675 16.979 0.017
3921.79951 16.977 0.017
3922.69484 17.021 0.017
3930.50068 16.954 0.013
3930.77187 16.982 0.015
3931.48262 16.976 0.020
3932.51415 16.971 0.015
3932.78948 16.988 0.014
3933.49522 16.942 0.024
3933.68496 16.985 0.012
3933.76058 16.971 0.011
3934.47796 16.934 0.023
3934.69473 17.004 0.013
3934.76385 16.984 0.013
3935.52789 16.932 0.012
3935.69912 16.976 0.014
3935.77365 17.007 0.013
3936.48125 16.984 0.015
3936.64658 16.985 0.012
3936.72311 17.011 0.015
3937.49399 16.977 0.018
3937.76761 16.982 0.015
3938.48595 16.988 0.017
3938.67985 16.988 0.012
3938.76270 16.988 0.016
3939.55331 17.027 0.011
3940.67162 16.991 0.011
3940.80244 17.007 0.011
3944.52630 16.955 0.011
3945.49919 16.994 0.013
3945.70163 17.010 0.013
3945.75752 16.963 0.012
3946.50051 17.008 0.015
3946.68978 17.012 0.013
3946.77125 16.994 0.014
3950.50635 16.962 0.014
3950.71955 16.977 0.012
3951.50103 16.942 0.025
3951.73350 16.978 0.015
3955.67474 16.964 0.019
3956.55425 16.968 0.019
3958.56490 16.972 0.013
3959.49070 16.982 0.018
3959.67206 16.986 0.014
3960.48699 16.985 0.013
3960.66604 16.977 0.011
3960.73811 16.975 0.013
3961.55833 16.957 0.015
3963.51967 17.010 0.015
3963.69699 17.009 0.012
3964.51169 16.997 0.013
3964.71659 16.984 0.013
3965.49303 16.962 0.012
3965.68738 16.962 0.011
3966.47670 16.990 0.015
3966.52298 16.976 0.013
3966.55156 16.992 0.013
3966.58553 16.970 0.013
3966.59750 16.978 0.012
3966.62339 16.987 0.013
3966.67604 16.993 0.013
3966.70749 17.007 0.014
3967.48472 17.038 0.026
3967.50451 17.024 0.016
3967.52621 17.013 0.017
3967.54177 17.029 0.016
3967.58389 17.018 0.015
3967.70142 16.980 0.012
3967.72980 16.972 0.013
3968.48477 16.971 0.014
3968.65674 17.001 0.013
3968.72583 16.975 0.015
3969.47078 17.004 0.018
3969.51337 16.983 0.016
3969.54548 17.022 0.023
3969.57983 16.960 0.012
3969.61361 16.963 0.013
3969.66726 16.979 0.013
3969.72021 16.996 0.013
3970.47436 16.996 0.016
3970.49398 17.004 0.020
3970.57815 16.963 0.015
3970.67483 16.998 0.012
3970.70786 16.976 0.017
3971.53374 17.022 0.017
3971.70812 16.973 0.013
3973.55928 16.968 0.015
3974.49380 16.959 0.014
3974.67274 17.002 0.024
3975.49644 16.980 0.015
3975.67172 16.990 0.014
3976.49315 17.007 0.012
3976.67040 16.934 0.014
3979.49626 17.013 0.025
3982.55516 16.959 0.022
3983.50866 16.988 0.017
3986.56597 16.995 0.019
3987.49387 16.957 0.020
3987.65481 16.997 0.014
3988.49672 16.991 0.015
3990.62791 16.980 0.014
3995.55457 16.982 0.012
3999.57537 16.994 0.014
4001.50556 16.970 0.016
4003.52591 16.982 0.012
4004.51207 16.999 0.013
4006.50795 16.978 0.015
4011.60469 16.963 0.024
4012.55598 16.954 0.016
4016.50350 16.989 0.016
4018.52869 16.995 0.017
4020.52657 17.022 0.017
4023.52694 16.956 0.014
4025.54633 17.017 0.015
4027.55127 17.005 0.015
4030.54304 16.915 0.025
4036.52427 17.001 0.020
4040.50546 16.949 0.019
4043.50085 17.032 0.025
4141.86555 16.983 0.017
4149.88241 17.023 0.017
4153.86875 16.970 0.015
4156.84723 16.997 0.018
4158.86670 16.992 0.017
4161.83461 16.960 0.017
4163.81752 16.985 0.017
4164.82316 16.967 0.015
4165.90355 16.930 0.033
4167.90749 16.990 0.017
4169.91109 16.988 0.019
4175.77796 17.016 0.017
4176.88701 16.983 0.016
4178.77930 16.986 0.014
4179.83813 16.983 0.014
4181.77448 16.992 0.016
4182.81936 16.981 0.013
4183.85548 16.969 0.016
4184.89594 16.964 0.011
4185.87185 17.008 0.015
4189.90641 16.978 0.018
4191.86159 17.016 0.020
4192.77681 16.960 0.018
4194.77623 16.972 0.015
4196.76649 16.999 0.019
4202.74790 16.982 0.015
4203.73611 16.979 0.013
4203.92049 16.968 0.014
4204.72439 16.970 0.016
4205.72483 16.997 0.016
4207.71430 16.969 0.016
4207.88952 16.972 0.013
4208.73643 17.011 0.016
4211.78059 16.990 0.018
4212.91653 16.970 0.017
4213.74310 16.968 0.014
4215.73302 16.971 0.016
4216.69041 16.963 0.016
4216.88336 16.931 0.009
4217.69599 16.982 0.014
4218.72019 16.985 0.019
4219.74164 16.980 0.016
4220.68134 16.965 0.016
4221.72534 16.949 0.019
4222.90171 16.969 0.016
4223.72978 17.010 0.020
4224.77369 16.959 0.017
4228.66789 16.969 0.015
4228.89966 16.974 0.019
4229.66272 16.995 0.019
4229.85975 16.972 0.016
4229.92141 16.979 0.016
4230.67257 16.987 0.015
4230.86051 16.979 0.015
4230.92224 16.978 0.020
4231.65689 16.999 0.014
4231.83249 16.974 0.015
4231.92525 16.997 0.016
4232.73970 16.997 0.016
4232.90676 16.989 0.016
4233.78591 16.948 0.019
4234.69977 16.970 0.016
4235.88198 16.992 0.015
4237.68301 16.968 0.015
4238.72065 16.998 0.014
4238.86659 16.979 0.016
4238.92835 17.030 0.020
4239.61111 16.983 0.018
4240.66813 16.985 0.014
4240.79950 16.997 0.014
4240.93366 17.006 0.017
4243.63068 17.007 0.017
4243.72692 16.961 0.016
4243.82053 17.007 0.019
4243.93819 17.016 0.018
4244.60648 16.980 0.017
4244.70252 16.987 0.015
4244.79562 16.980 0.015
4245.59918 16.951 0.014
4245.69287 16.985 0.014
4245.78605 16.982 0.014
4246.65791 16.973 0.015
4246.75093 17.007 0.019
4246.84415 16.951 0.015
4247.64879 17.001 0.016
4247.80613 16.978 0.014
4250.72122 16.990 0.015
4251.79277 16.960 0.020
4256.60804 16.967 0.018
4256.75487 17.021 0.022
4256.85270 16.995 0.023
4257.63994 16.982 0.018
4258.62331 16.984 0.017
4258.74657 16.972 0.015
4258.84127 16.970 0.017
4267.58333 16.979 0.018
4268.77077 16.966 0.016
4268.89112 16.972 0.017
4269.56567 16.973 0.016
4269.68672 16.987 0.014
4269.77747 16.991 0.013
4270.56122 16.983 0.016
4272.62960 16.972 0.014
4272.77873 16.982 0.014
4272.85023 16.968 0.017
4273.60663 16.986 0.020
4273.78746 16.970 0.018
4273.84726 16.970 0.018
4274.59906 16.985 0.018
4274.75360 16.975 0.016
4274.81275 17.011 0.016
4275.59182 16.974 0.014
4275.76723 16.975 0.016
4275.82568 17.006 0.019
4276.57658 16.971 0.017
4277.52044 16.986 0.019
4277.69607 17.003 0.016
4277.75607 16.982 0.017
4277.81467 16.988 0.020
4278.55424 16.950 0.020
4278.74144 16.983 0.019
4278.81443 16.989 0.022
4283.49990 16.957 0.018
4283.71007 17.011 0.025
4283.71363 16.991 0.019
4284.49492 16.985 0.017
4284.72540 16.975 0.015
4284.78760 16.992 0.031
4284.85269 16.950 0.021
4285.49338 16.946 0.018
4285.68546 16.974 0.019
4285.74997 16.997 0.016
4285.81775 16.977 0.018
4286.49765 16.981 0.020
4286.79129 16.948 0.017
4289.50179 16.972 0.019
4289.72078 16.977 0.017
4289.78583 16.964 0.015
4289.85261 16.973 0.018
4290.55182 16.953 0.016
4291.65420 16.969 0.014
4291.77661 16.994 0.018
4292.47993 16.937 0.014
4292.65803 16.981 0.014
4292.71766 16.975 0.013
4292.77640 16.982 0.014
4292.84039 16.984 0.016
4293.48029 17.005 0.016
4293.68619 16.980 0.016
4293.74498 16.983 0.015
4293.82260 16.984 0.014
4294.47955 16.962 0.014
4295.48108 16.956 0.018
4295.68459 16.977 0.013
4295.74329 16.960 0.013
4295.82555 16.982 0.016
4296.48237 16.995 0.016
4296.67081 16.968 0.013
4296.76929 16.977 0.014
4296.80633 16.983 0.016
4297.50318 16.950 0.016
4297.70406 16.974 0.014
4297.80954 16.968 0.016
4298.53786 17.009 0.017
4298.64370 16.968 0.015
4298.73719 16.969 0.015
4299.52073 16.987 0.016
4299.61407 16.967 0.013
4299.70623 16.938 0.013
4299.79644 16.999 0.018
4300.51619 16.930 0.024
4300.63602 16.976 0.014
4300.73246 17.005 0.015
4301.50664 16.967 0.014
4301.59893 16.971 0.013
4301.69558 17.020 0.015
4301.79413 16.976 0.014
4302.57245 16.986 0.015
4302.67431 16.990 0.016
4303.65868 16.964 0.017
4304.54042 16.995 0.020
4304.64981 16.988 0.017
4306.52939 16.984 0.018
4306.66522 16.978 0.016
4307.76575 16.942 0.015
4311.74123 16.971 0.023
4312.51103 16.981 0.019
4312.70621 16.994 0.015
4312.80379 16.967 0.019
4315.54518 16.987 0.015
4316.57403 16.981 0.014
4317.49641 16.980 0.015
4319.50548 17.011 0.017
4320.52846 16.985 0.021
4326.48402 16.969 0.016
4327.57758 16.982 0.018
4328.50464 17.024 0.018
4328.68160 17.019 0.017
4329.51491 16.957 0.016
4329.66276 16.974 0.016
4329.72151 16.991 0.018
4330.52735 16.979 0.014
4330.67832 16.977 0.014
4331.50754 16.998 0.017
4331.67410 16.998 0.017
4332.48531 16.967 0.013
4333.51637 16.998 0.018
4333.67743 16.976 0.016
4334.48957 16.902 0.028
4334.58727 16.977 0.027
4338.48976 17.001 0.019
4339.50917 16.969 0.018
4339.68040 17.002 0.022
4340.57784 16.954 0.018
4341.49014 16.963 0.022
4342.51943 17.013 0.018
4343.49545 16.984 0.014
4343.69526 16.985 0.018
4344.52615 16.982 0.019
4345.49156 16.945 0.013
4346.50017 16.999 0.016
4347.51915 16.942 0.017
4348.54116 17.015 0.015
4350.51473 16.977 0.015
4351.48997 16.960 0.015
4352.53748 17.004 0.020
4353.49740 16.978 0.016
4354.52597 16.980 0.015
4355.51662 16.989 0.015
4356.49401 16.944 0.014
4357.57729 16.995 0.019
4358.53454 16.967 0.016
4359.50334 16.984 0.017
4361.55631 16.976 0.021
4362.49172 16.986 0.021
4365.54869 16.984 0.022
4367.52508 16.967 0.019
4368.56060 16.999 0.032
4369.56951 16.961 0.027
4370.54754 16.951 0.015
4371.52097 16.956 0.015
4372.50548 16.957 0.014
4373.57098 16.983 0.016
4375.55784 16.971 0.021
4377.59515 17.001 0.019
4378.50519 16.988 0.017
4379.52059 17.007 0.032
4380.53206 16.979 0.018
4381.51004 17.024 0.026
4382.59857 16.874 0.017
4383.52352 16.964 0.019
4384.57270 16.998 0.018
4387.55620 16.997 0.018
4393.51787 17.012 0.017
4394.57525 17.000 0.022
4395.54665 16.970 0.019
4396.55917 16.975 0.022
4397.51804 16.967 0.019
4398.52569 17.001 0.023
4399.56123 16.949 0.020
4400.52062 16.992 0.023
4402.53526 16.980 0.024
4403.53623 16.983 0.021
4506.88723 16.963 0.021
4510.88415 16.986 0.017
4513.84813 16.976 0.015
4517.84220 16.983 0.023
4519.82810 16.927 0.019
4522.86121 16.983 0.030
4524.84063 16.971 0.015
4530.80283 16.993 0.013
4533.83653 17.000 0.016
4535.88656 16.978 0.024
4537.78617 16.966 0.016
4538.88012 16.974 0.015
4539.84132 16.980 0.014
4540.85123 16.968 0.014
4541.78028 16.970 0.015
4542.77481 16.966 0.018
4543.77045 16.987 0.016
4544.76729 16.950 0.016
4545.75400 16.998 0.019
4546.76063 16.980 0.018
4547.77477 16.978 0.016
4548.82769 16.956 0.016
4550.79991 16.950 0.018
4551.74627 17.045 0.018
4552.78988 16.993 0.019
4556.74257 16.984 0.015
4557.76016 16.968 0.014
4558.78034 16.963 0.012
4559.73321 17.006 0.013
4559.92212 16.974 0.018
4560.73554 16.998 0.014
4560.92274 16.972 0.032
4561.72599 16.985 0.013
4561.91209 16.987 0.012
4564.71622 17.017 0.014
4564.91648 16.975 0.013
4565.71438 16.963 0.012
4565.90494 16.974 0.011
4566.71369 16.988 0.013
4566.90675 16.994 0.012
4567.70586 16.975 0.014
4567.91256 16.969 0.013
4568.71140 16.958 0.014
4569.72108 16.981 0.015
4570.71239 16.991 0.017
4571.70016 16.975 0.019
4571.89835 16.962 0.012
4572.73690 16.975 0.015
4573.72578 16.998 0.014
4574.72819 16.971 0.015
4575.73362 16.964 0.014
4576.74129 16.974 0.014
4577.82547 17.007 0.016
4578.77662 16.978 0.020
4579.85328 16.991 0.027
4583.72027 16.934 0.019
4583.90541 16.967 0.014
4585.74076 16.990 0.016
4586.74861 16.961 0.015
4587.75688 16.984 0.016
4587.91531 17.002 0.018
4588.72207 16.976 0.013
4589.70438 16.985 0.015
4589.85966 16.958 0.015
4589.92169 16.985 0.016
4590.68177 16.959 0.014
4590.88742 16.975 0.014
4591.69355 16.984 0.015
4591.86559 17.015 0.014
4591.92774 16.962 0.015
4592.65206 17.012 0.015
4592.84123 16.989 0.019
4592.90458 16.990 0.020
4593.64134 16.975 0.015
4593.85091 17.002 0.015
4593.91293 16.992 0.014
4594.66235 16.967 0.017
4594.85712 17.030 0.020
4594.92289 16.971 0.016
4595.64783 16.971 0.017
4595.84601 16.989 0.019
4595.90812 16.957 0.015
4596.64113 16.957 0.014
4596.92086 16.991 0.014
4597.67161 16.994 0.016
4597.86295 16.970 0.019
4597.93407 16.969 0.017
4598.64142 16.996 0.012
4598.88621 16.973 0.015
4599.62023 16.990 0.018
4599.82423 16.981 0.013
4600.62943 16.985 0.013
4600.93600 16.950 0.016
4601.63504 16.978 0.014
4601.85129 16.971 0.012
4601.91326 16.978 0.013
4602.62244 16.964 0.014
4602.83701 16.974 0.012
4603.75506 16.967 0.019
4606.62281 16.965 0.015
4610.72452 16.914 0.026
4610.93196 16.987 0.017
4611.61455 17.017 0.021
4611.84747 16.983 0.016
4612.63598 16.970 0.019
4615.77764 16.956 0.015
4616.58670 16.951 0.019
4616.80314 17.004 0.015
4616.87295 16.929 0.015
4617.65018 16.982 0.015
4618.59820 16.930 0.015
4621.69554 16.997 0.012
4622.77998 17.000 0.015
4622.89816 17.007 0.018
4623.62165 16.949 0.017
4623.85194 16.987 0.028
4623.92286 16.984 0.019
4624.56367 16.970 0.018
4624.79556 16.965 0.024
4624.86217 16.988 0.015
4624.93118 16.950 0.019
4625.58989 16.984 0.017
4625.77799 17.005 0.018
4625.87191 17.015 0.019
4626.58777 17.006 0.016
4626.84032 16.999 0.015
4627.54523 16.978 0.016
4627.81443 16.993 0.012
4627.90048 16.955 0.014
4628.57851 16.949 0.015
4628.74230 16.958 0.023
4628.80790 16.994 0.015
4628.86985 16.977 0.015
4629.59177 16.983 0.015
4629.81552 16.983 0.014
4629.89373 17.002 0.016
4630.54522 16.969 0.018
4630.75525 16.969 0.013
4630.83845 16.995 0.015
4630.90143 16.988 0.018
4631.55073 16.970 0.014
4631.76659 17.003 0.014
4631.84433 16.970 0.014
4631.91930 16.990 0.019
4632.54807 16.961 0.019
4632.81309 16.961 0.014
4633.55411 16.994 0.016
4633.65597 16.965 0.014
4633.77757 16.958 0.019
4638.73964 17.003 0.016
4638.83729 16.984 0.018
4639.55830 16.985 0.019
4639.65847 16.979 0.014
4639.83785 16.995 0.023
4640.57838 16.980 0.014
4640.70948 16.971 0.014
4640.81660 16.963 0.016
4641.60122 16.976 0.013
4641.75686 16.986 0.015
4642.57698 16.951 0.021
4642.73749 16.980 0.014
4642.81542 17.002 0.017
4643.53712 16.953 0.018
4644.64959 16.950 0.015
4644.82888 16.974 0.014
4645.50377 17.029 0.017
4645.75445 16.970 0.015
4645.83031 17.010 0.018
4646.50561 16.963 0.014
4646.83770 16.974 0.017
4647.50012 16.963 0.018
4647.72497 17.014 0.017
4647.83171 16.947 0.018
4648.52853 16.993 0.016
4648.61798 16.973 0.014
4648.69432 16.998 0.014
4648.84592 16.992 0.017
4649.50866 17.000 0.018
4649.71916 16.965 0.014
4649.83375 16.944 0.016
4650.54018 16.979 0.016
4650.75762 16.983 0.014
4650.84260 16.969 0.016
4651.79451 16.989 0.017
4652.49199 16.964 0.020
4652.69455 16.987 0.015
4652.77613 17.003 0.015
4652.82976 16.974 0.016
4653.48842 16.985 0.020
4653.70749 16.995 0.015
4653.77273 16.982 0.016
4654.52375 16.990 0.017
4654.73541 16.974 0.014
4654.80369 16.975 0.017
4655.48822 16.953 0.017
4655.71261 16.950 0.012
4655.77453 17.002 0.015
4656.49021 16.973 0.013
4656.67998 16.996 0.015
4656.79560 16.951 0.016
4657.56476 16.961 0.025
4658.64856 16.972 0.017
4659.58236 16.994 0.018
4660.53795 17.002 0.022
4661.47833 16.976 0.017
4661.67588 16.967 0.015
4661.74046 16.976 0.015
4661.80757 16.958 0.016
4665.64556 16.947 0.019
4666.48981 17.002 0.020
4666.67448 16.972 0.016
4669.59989 16.962 0.019
4670.63591 16.987 0.016
4671.57404 16.967 0.015
4671.76387 16.969 0.018
4672.49160 16.997 0.014
4672.75506 16.988 0.016
4672.79407 17.008 0.018
4674.49607 16.955 0.024
4675.66346 17.002 0.014
4677.47666 16.975 0.015
4677.62304 17.015 0.017
4677.70680 16.977 0.015
4678.67689 16.987 0.014
4679.56939 16.991 0.018
4681.51804 16.992 0.015
4681.61815 16.997 0.014
4682.48910 16.988 0.021
4682.56502 16.978 0.015
4682.74169 16.994 0.014
4683.50739 17.005 0.021
4683.69450 16.984 0.016
4684.49947 17.007 0.016
4684.75605 16.954 0.015
4685.53342 16.943 0.015
4686.48871 16.986 0.016
4687.51467 16.984 0.015
4687.72805 16.977 0.017
4688.48531 16.987 0.018
4688.67531 16.980 0.014
4688.73700 16.979 0.018
4693.52976 16.975 0.015
4694.52820 16.954 0.020
4697.48890 16.939 0.022
4698.49375 16.999 0.017
4699.48836 16.982 0.017
4700.49669 16.963 0.015
4701.49202 16.989 0.017
4702.49040 16.962 0.024
4703.59833 16.992 0.017
4704.60554 16.976 0.014
4705.49427 16.968 0.016
4707.59519 16.953 0.013
4708.52706 16.969 0.014
4709.50301 16.974 0.017
4710.53051 16.963 0.014
4711.51256 16.965 0.017
4715.57262 16.973 0.017
4716.56340 16.977 0.015
4720.51606 16.969 0.017
4721.51692 16.963 0.019
4722.62924 16.980 0.019
4724.49602 16.969 0.018
4725.56987 16.957 0.018
4726.53443 17.000 0.020
4728.57893 16.972 0.018
4729.51948 16.999 0.018
4731.54239 16.969 0.017
4733.49398 16.955 0.015
4734.54039 17.002 0.018
4737.52861 16.993 0.018
4740.54070 16.969 0.018
4741.59138 16.980 0.016
4743.52196 17.055 0.028
4750.58857 17.013 0.024
4756.51072 16.974 0.020
4765.50610 17.000 0.022
4867.88162 16.988 0.025
4872.85028 16.985 0.024
4872.89293 17.008 0.029
4876.85433 16.973 0.017
4884.83742 16.966 0.014
4886.88808 16.974 0.014
4890.87030 17.010 0.013
4896.85793 16.995 0.014
4899.82940 16.990 0.015
4900.80916 16.984 0.016
4901.86925 16.974 0.013
4902.86763 17.011 0.014
4904.79206 17.003 0.015
4905.89586 17.012 0.019
4910.79792 16.997 0.017
4911.76855 16.957 0.012
4912.76537 16.962 0.012
4914.76831 16.987 0.015
4918.76521 16.983 0.012
4924.72717 16.970 0.014
4925.77647 16.966 0.013
4925.89250 16.997 0.011
4926.74026 16.990 0.015
4927.82779 16.987 0.014
4928.72150 16.991 0.016
4929.72139 17.044 0.020
4929.91053 16.978 0.013
4930.77939 16.972 0.016
4931.70132 17.030 0.025
4931.82370 16.977 0.015
4932.77898 16.990 0.014
4933.69906 16.985 0.020
4933.82723 16.975 0.015
4934.80264 16.993 0.016
4938.70716 17.004 0.029
4938.80707 16.978 0.015
4939.74757 16.977 0.016
4939.89206 16.967 0.015
4940.73024 17.010 0.014
4941.70495 16.983 0.014
4941.83200 17.000 0.014
4942.68447 16.965 0.014
4942.85734 16.960 0.012
4943.69681 17.011 0.014
4943.76289 17.000 0.012
4944.70219 16.980 0.027
4944.77736 16.967 0.012
4945.70199 16.966 0.014
4945.85440 16.968 0.011
4946.75903 16.985 0.013
4947.84326 16.980 0.012
4948.86636 16.958 0.013
4949.66165 16.971 0.013
4950.70288 17.011 0.015
4951.78883 17.007 0.013
4952.80717 16.968 0.012
4953.66597 17.010 0.015
4953.69452 16.998 0.014
4953.77169 16.975 0.014
4954.68608 16.997 0.014
4954.79157 16.988 0.012
4955.69004 16.974 0.014
