2124.52280 19.417 0.132
2128.54747 19.395 0.078
2131.54285 19.258 0.089
2135.47740 19.543 0.123
2138.48081 19.330 0.137
2142.48245 19.449 0.104
2166.62115 19.394 0.127
2171.59255 19.722 0.168
2178.50361 19.592 0.198
2193.55018 19.250 0.109
2345.83108 19.539 0.101
2356.86049 19.346 0.090
2365.81574 19.790 0.191
2379.76712 19.189 0.091
2385.77890 19.715 0.141
2389.75420 19.665 0.165
2392.66528 19.471 0.247
2396.86408 19.238 0.116
2400.91849 19.707 0.167
2402.69551 19.263 0.093
2403.67710 19.260 0.092
2406.70001 19.534 0.146
2416.67879 19.373 0.123
2424.65644 19.550 0.122
2439.84304 19.419 0.112
2445.84899 19.623 0.127
2446.87535 19.305 0.128
2459.52594 19.228 0.118
2462.77674 19.365 0.088
2463.75829 19.340 0.079
2465.61535 19.338 0.081
2467.70826 19.386 0.079
2469.75265 19.439 0.081
2471.51756 19.387 0.099
2473.72677 19.226 0.094
2484.49971 19.864 0.219
2489.62415 19.596 0.105
2492.57695 19.843 0.168
2494.62432 19.439 0.109
2496.68607 19.338 0.076
2498.73205 19.587 0.143
2501.49343 19.364 0.128
2510.66354 19.456 0.151
2516.56819 19.536 0.170
2519.52774 19.291 0.089
2524.57276 19.402 0.111
2528.55987 19.155 0.095
2539.52149 19.489 0.139
2544.56758 19.323 0.116
2560.52118 19.348 0.205
2568.52553 19.508 0.198
2710.88720 19.470 0.098
2725.88231 19.369 0.085
2731.82191 19.303 0.075
2735.91368 19.370 0.105
2747.88272 19.110 0.138
2754.89806 19.385 0.095
2758.81233 19.463 0.168
2764.86762 19.402 0.114
2769.68624 19.356 0.103
2783.65793 19.690 0.120
2785.63191 19.354 0.112
2787.68878 19.459 0.101
2789.84660 19.732 0.135
2791.84161 19.372 0.095
2793.88874 19.367 0.117
2795.81043 19.372 0.081
2796.93451 19.660 0.159
2797.79663 19.229 0.076
2809.58887 19.314 0.105
2811.57912 19.139 0.131
2812.79320 19.305 0.112
2814.67224 19.336 0.074
2815.87184 19.409 0.148
2817.56980 19.309 0.104
2818.84539 19.488 0.117
2820.58719 19.225 0.096
2826.55546 19.416 0.097
2834.50992 19.335 0.162
2836.55393 19.365 0.103
2838.52287 19.466 0.124
2839.51694 19.465 0.126
2841.55392 19.795 0.160
2844.53699 19.381 0.087
2847.57806 19.278 0.126
2850.75744 19.325 0.104
2852.75165 19.451 0.149
2855.55474 19.472 0.109
2857.64383 19.377 0.103
2860.53330 19.521 0.214
2861.59360 19.282 0.116
2863.50280 19.361 0.129
2866.52710 19.508 0.125
2870.60613 19.360 0.095
2874.60541 19.341 0.122
2878.52127 19.381 0.089
2883.52219 19.281 0.070
2886.49593 19.388 0.208
2893.49222 19.363 0.117
2897.58474 19.632 0.143
2902.62654 19.463 0.199
2907.62201 19.699 0.241
2921.56434 19.598 0.177
2932.55338 19.311 0.114
3054.86300 19.269 0.099
3057.84751 19.444 0.109
3060.87816 19.344 0.087
3066.87173 19.364 0.083
3069.82430 19.371 0.119
3071.83004 19.380 0.123
3074.77937 19.352 0.130
3076.85663 19.334 0.111
3080.86617 19.609 0.111
3083.82221 19.237 0.072
3085.77166 19.257 0.086
3087.73228 19.109 0.090
3088.91248 19.357 0.080
3090.86317 19.896 0.137
3092.78645 20.140 0.223
3097.75358 19.472 0.149
3098.71487 19.479 0.122
3100.75018 19.256 0.104
3102.74272 19.890 0.190
3107.71691 19.318 0.104
3108.71471 19.437 0.096
3110.67803 19.357 0.171
3112.68085 19.547 0.141
3113.71895 19.387 0.075
3115.70431 19.283 0.094
3116.76306 19.675 0.131
3122.73260 19.498 0.155
3124.90905 19.323 0.123
3126.64807 19.165 0.090
3127.64883 19.531 0.132
3128.66853 19.271 0.100
3129.64074 19.301 0.135
3130.64429 19.273 0.169
3134.61701 19.223 0.155
3135.68337 19.340 0.104
3137.78956 19.509 0.112
3139.67453 19.273 0.092
3140.64256 19.396 0.116
3141.72864 19.566 0.110
3142.62942 19.755 0.149
3144.63162 19.472 0.103
3145.71018 19.533 0.104
3147.80057 19.616 0.116
3151.59894 19.428 0.169
3152.60797 19.759 0.153
3153.60776 19.399 0.120
3154.68573 19.758 0.167
3156.59007 19.189 0.133
3158.61243 19.502 0.189
3162.65164 19.419 0.094
3163.56278 19.356 0.108
3164.56344 19.411 0.091
3165.56305 19.241 0.098
3166.76937 19.380 0.125
3167.78375 19.823 0.123
3168.59887 19.317 0.074
3169.56893 19.206 0.090
3170.66817 19.644 0.089
3171.56237 19.764 0.120
3172.57211 19.573 0.109
3174.56321 19.271 0.086
3174.88229 19.424 0.127
3175.55694 19.284 0.092
3176.59041 19.485 0.118
3178.62614 19.430 0.119
3179.65042 19.770 0.107
3180.52514 19.562 0.122
3182.55948 19.550 0.139
3183.53206 19.298 0.103
3184.53612 19.312 0.090
3185.56444 19.339 0.094
3191.84175 19.460 0.139
3193.71337 19.387 0.123
3194.73960 18.981 0.106
3195.49704 19.409 0.116
3196.46954 19.133 0.139
3197.69518 20.098 0.174
3199.53147 19.203 0.118
3202.48771 19.686 0.125
3203.51264 19.404 0.080
3204.79021 19.527 0.120
3205.50415 19.323 0.082
3206.47670 19.552 0.106
3207.51599 19.165 0.101
3210.71325 19.677 0.134
3211.50341 19.989 0.159
3217.50890 19.244 0.088
3218.50273 19.385 0.132
3219.56659 19.603 0.198
3224.62445 19.329 0.085
3228.54296 19.604 0.114
3230.51589 19.422 0.084
3232.53359 19.405 0.109
3239.59464 19.264 0.078
3239.62172 19.328 0.101
3240.64981 19.406 0.120
3244.61114 19.414 0.144
3245.62687 19.727 0.177
3246.51306 19.610 0.160
3247.57669 20.126 0.230
3248.62185 19.266 0.091
3250.50553 19.334 0.099
3251.63418 19.472 0.112
3254.50636 19.263 0.103
3257.64189 19.338 0.098
3266.51980 19.673 0.178
3268.58781 19.261 0.083
3270.53579 19.630 0.321
3271.53605 19.604 0.223
3279.51392 19.311 0.095
3283.56384 19.644 0.090
3309.51304 19.212 0.132
3431.86297 19.545 0.109
3438.86102 19.394 0.112
3444.79463 19.472 0.116
3446.81508 19.426 0.090
3448.85254 19.429 0.084
3450.84640 19.492 0.079
3453.91803 19.610 0.143
3456.80601 19.143 0.091
3468.77673 19.498 0.105
3470.74959 19.870 0.121
3473.73056 19.422 0.102
3475.75090 19.446 0.088
3478.73388 19.245 0.076
3480.78382 19.492 0.085
3483.84875 19.469 0.097
3496.66309 19.128 0.112
3497.85284 19.329 0.098
3499.67590 19.759 0.185
3501.64543 19.342 0.124
3502.82320 19.301 0.075
3503.62727 19.338 0.098
3504.64604 19.491 0.125
3508.77900 19.264 0.084
3509.87107 19.473 0.082
3510.85836 19.670 0.101
3511.88953 19.205 0.079
3512.61971 19.417 0.149
3517.65239 19.005 0.141
3520.89893 19.219 0.141
3521.86267 19.142 0.092
3522.60106 19.199 0.070
3523.61960 19.504 0.109
3524.59513 19.486 0.118
3525.58430 19.425 0.125
3527.60995 19.496 0.106
3528.91207 19.409 0.132
3530.70293 19.363 0.062
3538.58217 19.398 0.144
3539.57505 19.716 0.137
3547.51635 19.208 0.113
3550.68644 19.502 0.086
3551.71505 19.408 0.065
3552.74624 19.753 0.130
3553.60188 19.527 0.141
3554.55100 19.699 0.168
3555.65235 19.392 0.118
3555.69171 19.620 0.115
3555.81326 19.181 0.109
3556.56608 19.506 0.145
3556.75890 19.221 0.087
3559.79635 19.746 0.141
3560.48656 19.824 0.136
3561.73814 19.308 0.070
3563.49760 19.406 0.099
3573.48485 19.241 0.156
3574.54268 19.425 0.101
3575.48956 19.324 0.085
3576.49047 19.333 0.089
3577.54640 19.793 0.105
3578.51893 19.793 0.101
3579.47807 19.831 0.121
3580.48899 19.351 0.088
3582.47739 19.193 0.083
3584.50808 19.312 0.079
3588.53522 19.677 0.127
3589.50810 19.332 0.072
3590.48834 19.327 0.076
3592.49624 19.493 0.095
3594.52053 19.395 0.096
3600.49188 19.187 0.115
3601.60233 19.329 0.081
3602.48176 19.748 0.174
3603.47867 19.707 0.144
3604.53918 19.323 0.091
3606.48635 19.243 0.099
3607.48283 19.798 0.117
3608.48594 19.184 0.099
3617.59187 19.197 0.097
3621.53670 19.431 0.100
3630.61032 19.690 0.212
3632.55833 19.284 0.118
3635.53188 20.368 0.212
3640.55422 19.181 0.098
3644.55777 19.542 0.115
3650.52420 19.245 0.091
3653.49988 20.441 0.411
3773.85969 19.514 0.193
3779.86667 19.797 0.210
