2125.54569 18.203 0.057
2129.62899 18.207 0.028
2132.57327 18.173 0.033
2135.71088 18.221 0.032
2140.66890 18.254 0.049
2144.55280 18.189 0.035
2160.54236 18.231 0.039
2168.60983 18.219 0.043
2187.51916 18.111 0.041
2206.51436 18.299 0.059
2331.85522 18.130 0.035
2346.90157 18.254 0.032
2358.82717 18.256 0.034
2372.78742 18.189 0.032
2382.91158 18.262 0.036
2386.85494 18.216 0.036
2390.79808 18.178 0.037
2397.76011 18.168 0.030
2401.78487 18.205 0.032
2403.84090 18.152 0.028
2405.80940 18.182 0.032
2414.78940 18.197 0.032
2416.76067 18.200 0.035
2424.85332 18.215 0.058
2428.75495 18.280 0.033
2432.79792 18.182 0.048
2434.66574 18.217 0.034
2436.71139 18.161 0.030
2438.68966 18.201 0.030
2440.83118 18.159 0.035
2443.69599 18.239 0.037
2445.57709 18.170 0.032
2448.55400 18.300 0.084
2453.81305 18.144 0.034
2463.48555 18.184 0.043
2464.71570 18.209 0.027
2467.61866 18.240 0.033
2469.63309 18.216 0.025
2471.64486 18.156 0.027
2473.60994 18.211 0.035
2483.67481 18.263 0.033
2486.65813 18.165 0.043
2490.62478 18.146 0.032
2493.58705 18.148 0.033
2495.65860 18.213 0.029
2497.73809 18.125 0.033
2499.76136 18.239 0.035
2502.50502 18.159 0.035
2508.59993 18.262 0.037
2508.60742 18.189 0.039
2512.55623 18.209 0.040
2517.67780 18.120 0.037
2520.51595 18.194 0.037
2526.61168 18.183 0.030
2541.59018 18.153 0.036
2547.52827 18.243 0.043
2556.51926 18.179 0.037
2563.55274 18.192 0.037
2574.53205 18.179 0.048
2705.89470 18.161 0.032
2706.86125 18.219 0.040
2714.84554 18.206 0.029
2728.87533 18.189 0.036
2733.85821 18.171 0.039
2744.83803 18.256 0.097
2752.91088 18.176 0.037
2756.87545 18.216 0.034
2760.84371 18.175 0.033
2766.87571 18.179 0.030
2770.76328 18.217 0.036
2783.76411 18.207 0.027
2785.87571 18.195 0.044
2786.87776 18.163 0.049
2789.68376 18.163 0.030
2791.64747 18.151 0.032
2794.81040 18.232 0.035
2796.75080 18.235 0.027
2808.89123 18.302 0.064
2809.89566 18.176 0.040
2810.82263 18.229 0.036
2811.85988 18.172 0.030
2813.65662 18.249 0.040
2815.77826 18.145 0.033
2817.73121 18.195 0.033
2818.79416 18.139 0.035
2820.66642 18.250 0.035
2826.69512 18.191 0.043
2834.71733 18.239 0.056
2835.83472 18.221 0.047
2837.57267 18.270 0.050
2839.60953 18.173 0.033
2841.62833 18.180 0.033
2843.56409 18.167 0.036
2845.59497 18.217 0.039
2849.74748 18.185 0.037
2849.77507 18.153 0.047
2851.75786 18.120 0.042
2853.76074 18.097 0.039
2856.64950 18.219 0.034
2858.62480 18.231 0.047
2859.61886 18.177 0.048
2863.58306 18.196 0.039
2866.67514 18.304 0.041
2869.66614 18.194 0.033
2872.66067 18.165 0.027
2877.62993 18.169 0.035
2883.60550 18.280 0.030
2892.59545 18.185 0.055
2896.61711 18.218 0.034
2902.58415 18.110 0.044
2907.55853 18.190 0.042
2917.54619 18.262 0.047
3051.85258 18.532 0.113
3058.84759 18.170 0.033
3063.86678 18.179 0.029
3067.84616 18.207 0.032
3070.80556 18.173 0.049
3072.88439 18.243 0.029
3075.78129 18.166 0.045
3079.83777 18.266 0.040
3082.79883 18.215 0.032
3084.85462 18.187 0.027
3086.78563 18.284 0.027
3087.90320 18.148 0.030
3089.80723 18.256 0.029
3091.76936 18.275 0.033
3096.79913 18.217 0.035
3098.81067 18.172 0.027
3100.86601 18.301 0.033
3102.82198 18.268 0.036
3103.89730 18.284 0.034
3106.78030 18.317 0.052
3107.92171 18.170 0.033
3109.74330 18.242 0.030
3110.78458 18.160 0.030
3112.75935 18.142 0.028
3113.82269 18.154 0.027
3115.82128 18.225 0.028
3118.87836 18.286 0.037
3122.83089 18.192 0.040
3125.80939 18.228 0.042
3126.84024 18.181 0.034
3127.75498 18.172 0.033
3128.77326 18.163 0.030
3129.74807 18.237 0.041
3130.92616 18.170 0.037
3131.78199 18.205 0.048
3134.71836 18.260 0.075
3135.81384 18.269 0.030
3137.89193 18.194 0.042
3138.82350 18.194 0.030
3139.81832 18.193 0.027
3140.82486 18.276 0.034
3142.71981 18.172 0.032
3144.74224 18.254 0.029
3146.71554 18.321 0.040
3151.70221 18.273 0.037
3152.70629 18.168 0.032
3152.91908 18.191 0.044
3153.71036 18.157 0.037
3154.76546 18.224 0.039
3156.75283 18.140 0.029
3158.81191 18.236 0.049
3162.75933 18.263 0.036
3163.72125 18.167 0.027
3164.68499 18.193 0.030
3165.80685 18.251 0.026
3166.84058 18.320 0.057
3168.71794 18.118 0.028
3169.67440 18.162 0.029
3170.74724 18.185 0.027
3171.69868 18.267 0.028
3172.68551 18.163 0.026
3174.66239 18.205 0.026
3175.66809 18.161 0.025
3176.71117 18.282 0.041
3178.72678 18.167 0.036
3179.60474 18.167 0.027
3179.86046 18.267 0.047
3180.65544 18.161 0.022
3182.72555 18.242 0.029
3183.67030 18.237 0.034
3184.64992 18.192 0.027
3185.80787 18.169 0.033
3193.48587 18.228 0.055
3193.82269 18.319 0.036
3194.64151 18.207 0.035
3195.61979 18.205 0.028
3196.69536 18.231 0.048
3196.78428 18.239 0.033
3197.59548 18.262 0.033
3202.59264 18.198 0.036
3203.71634 18.148 0.027
3204.71201 18.259 0.028
3205.63700 18.181 0.023
3206.61857 18.168 0.023
3210.60876 18.216 0.032
3211.68080 18.255 0.037
3217.60480 18.236 0.042
3218.60407 18.290 0.043
3219.66328 18.313 0.050
3223.60134 18.251 0.043
3224.65104 18.281 0.029
3226.56395 18.146 0.028
3228.52245 18.137 0.035
3229.58060 18.207 0.026
3230.61933 18.197 0.026
3231.52033 18.142 0.035
3232.49416 18.224 0.049
3239.52898 18.189 0.030
3240.60640 18.262 0.036
3241.61068 18.269 0.056
3244.70719 18.148 0.061
3245.49516 18.241 0.043
3247.67380 18.317 0.040
3248.66694 18.188 0.037
3250.60638 18.130 0.033
3253.59919 18.220 0.036
3256.58179 18.305 0.042
3259.57437 18.221 0.041
3261.57775 18.221 0.029
3266.59995 18.249 0.045
3272.54919 18.185 0.042
3274.57876 18.255 0.044
3278.55284 18.210 0.035
3281.49446 18.265 0.049
3287.56165 18.181 0.039
3292.55043 18.298 0.036
3415.89689 18.284 0.047
3420.88521 18.240 0.032
3425.87025 18.337 0.048
3428.86617 18.194 0.033
3430.90304 18.194 0.033
3442.83966 18.250 0.036
3444.89350 18.197 0.030
3447.80196 18.238 0.040
3449.81926 18.224 0.029
3452.84021 18.282 0.032
3454.89381 18.153 0.035
3457.83213 18.256 0.035
3459.77733 18.322 0.042
3468.82921 18.224 0.027
3469.83621 18.134 0.023
3471.91645 18.279 0.041
3473.83167 18.311 0.042
3476.72430 18.164 0.025
3478.78995 18.149 0.029
3479.93371 18.303 0.036
3481.76852 18.170 0.026
3483.90220 18.165 0.033
3484.72709 18.177 0.043
3496.80358 18.230 0.034
3497.74130 18.260 0.036
3499.93125 18.158 0.030
3500.80034 18.276 0.033
3501.79415 18.189 0.026
3502.76702 18.226 0.026
3503.73600 18.154 0.027
3504.82572 18.181 0.030
3506.89073 18.175 0.033
3508.84131 18.370 0.043
3509.79102 18.177 0.028
3511.74864 18.195 0.034
3512.79227 18.095 0.036
3517.86577 18.240 0.052
3520.82002 18.291 0.035
3521.62971 18.166 0.027
3522.68403 18.153 0.027
3523.72864 18.110 0.022
3524.76511 18.103 0.030
3525.69686 18.152 0.025
3526.77928 18.167 0.026
3527.78416 18.241 0.030
3528.72695 18.178 0.025
3529.62050 18.155 0.025
3530.63886 18.174 0.025
3538.67083 18.214 0.029
3541.82132 18.225 0.030
3547.71280 18.374 0.042
3550.58687 18.238 0.037
3551.77633 18.243 0.029
3552.61478 18.180 0.025
3553.74600 18.138 0.040
3554.78694 18.136 0.032
3555.75708 18.223 0.035
3558.48576 18.137 0.037
3558.78499 18.222 0.032
3559.55348 18.344 0.043
3560.51651 18.147 0.029
3561.49383 18.295 0.045
3562.54043 18.206 0.028
3563.59544 18.222 0.028
3564.62351 18.259 0.033
3569.51161 18.190 0.041
3573.58878 18.229 0.049
3574.64530 18.283 0.040
3575.63029 18.205 0.027
3576.61058 18.265 0.030
3577.67268 18.394 0.033
3578.61970 18.180 0.025
3579.57695 18.180 0.026
3580.59929 18.144 0.028
3581.62680 18.261 0.029
3582.57497 18.183 0.026
3583.59206 18.126 0.027
3584.60103 18.275 0.025
3585.59128 18.211 0.023
3586.63707 18.246 0.027
3589.62985 18.275 0.023
3590.59858 18.225 0.026
3591.66053 18.212 0.023
3593.53343 18.225 0.026
3594.64952 18.231 0.026
3601.58196 18.284 0.032
3602.59889 18.241 0.032
3603.59599 18.145 0.030
3606.61558 18.269 0.041
3607.58795 18.162 0.025
3608.59686 18.240 0.039
3615.53206 18.207 0.029
3618.63433 18.214 0.033
3620.52274 18.179 0.026
3622.50176 18.152 0.033
3628.63047 18.111 0.041
3630.51591 18.232 0.044
3631.64606 18.361 0.062
3633.50120 18.363 0.049
3637.59120 18.361 0.044
3639.60847 18.158 0.030
3641.50357 18.223 0.039
3643.58008 18.165 0.042
3648.49591 18.382 0.037
3651.55186 18.248 0.047
3654.50497 18.238 0.064
3656.50170 18.273 0.040
3658.53579 18.255 0.061
3661.53366 18.253 0.052
3668.50673 18.272 0.044
3674.52049 18.274 0.047
3775.86510 18.275 0.041
3781.85223 18.223 0.051
