2127.52182 17.982 0.052
2130.55443 17.773 0.031
2133.56410 17.787 0.029
2136.68533 17.792 0.032
2141.67533 17.853 0.052
2165.60452 17.893 0.042
2166.50345 17.825 0.037
2172.56565 17.914 0.048
2189.55020 17.777 0.043
2214.53339 17.912 0.061
2337.86234 17.771 0.027
2352.88458 17.866 0.041
2361.87832 17.779 0.029
2373.82921 17.776 0.035
2464.79999 17.854 0.032
2816.69606 17.826 0.030
2852.65132 18.023 0.057
2859.66533 17.794 0.046
3059.88273 17.818 0.029
3064.89401 17.770 0.031
3068.84704 17.750 0.029
3071.89957 17.824 0.030
3073.90873 17.784 0.034
3077.80037 17.856 0.070
3080.84805 17.750 0.029
3083.79500 17.756 0.025
3085.90613 17.769 0.024
3087.84074 17.773 0.026
3089.85753 17.760 0.024
3091.86242 17.740 0.027
3097.84116 17.791 0.028
3099.86715 17.783 0.034
3101.84023 17.784 0.039
3102.86879 17.802 0.031
3104.78440 17.887 0.069
3107.79145 17.781 0.028
3108.82111 17.760 0.025
3110.91092 17.761 0.027
3112.86799 17.811 0.029
3114.86289 17.693 0.026
3116.85055 17.769 0.031
3122.86636 17.918 0.042
3125.92712 17.815 0.039
3126.81995 17.807 0.026
3127.90602 17.826 0.032
3128.89537 17.805 0.034
3130.77287 17.785 0.032
3131.63822 17.770 0.061
3134.90835 17.823 0.075
3135.79321 17.764 0.025
3137.84562 17.829 0.036
3138.73034 17.751 0.028
3140.70207 17.776 0.027
3140.93590 17.820 0.037
3141.76716 17.732 0.025
3142.84147 17.781 0.029
3144.85940 17.846 0.031
3146.92915 17.758 0.030
3151.83470 17.860 0.036
3152.83310 17.852 0.033
3153.83164 17.922 0.040
3154.92653 17.732 0.038
3157.93734 17.956 0.057
3158.72241 17.806 0.036
3162.86946 17.830 0.033
3163.83177 17.774 0.027
3164.81749 18.344 0.049
3165.67370 17.745 0.022
3167.68030 17.795 0.034
3168.83060 17.794 0.028
3169.86063 18.273 0.049
3170.88606 17.792 0.027
3171.73343 17.769 0.024
3173.81779 17.852 0.031
3174.78504 17.828 0.028
3175.86597 17.751 0.030
3177.84162 17.794 0.047
3179.58450 17.777 0.028
3179.88632 18.196 0.052
3180.80288 17.727 0.023
3180.85898 17.776 0.025
3180.88101 17.761 0.025
3180.89619 17.776 0.034
3182.50331 17.809 0.052
3182.59802 17.842 0.040
3182.67912 17.757 0.029
3182.78838 17.799 0.030
3182.86314 17.749 0.028
3183.57103 17.807 0.025
3183.72349 17.820 0.036
3183.81892 17.990 0.056
3184.49165 17.807 0.038
3184.62951 17.790 0.024
3184.77758 17.814 0.029
3185.63240 17.740 0.024
3191.79440 17.736 0.030
3193.62767 17.741 0.027
3194.52737 17.748 0.036
3194.81811 17.809 0.030
3195.75129 17.799 0.025
3196.60414 17.955 0.051
3196.84693 17.787 0.032
3197.79266 17.773 0.031
3199.79290 17.984 0.055
3201.83993 17.928 0.050
3202.78375 17.756 0.028
3203.61283 17.747 0.021
3204.76092 17.827 0.028
3205.69122 17.829 0.026
3210.58845 17.829 0.028
3211.75469 17.766 0.036
3217.73062 17.721 0.035
3218.74159 17.834 0.046
3226.72528 17.822 0.042
3228.69611 17.802 0.036
3229.72686 17.805 0.034
3230.74273 17.851 0.040
3231.67002 17.828 0.038
3238.69456 17.928 0.052
3240.54449 17.762 0.032
3245.65639 17.742 0.037
3247.51848 17.892 0.028
3249.63773 17.721 0.032
3251.53321 17.901 0.045
3254.61474 17.940 0.042
3257.55265 17.832 0.025
3260.61225 17.943 0.052
3265.55109 17.779 0.034
3267.60931 17.826 0.033
3273.50830 17.887 0.053
3277.52772 17.945 0.040
3280.52958 17.910 0.044
3282.59931 17.765 0.024
3289.53343 17.866 0.037
3294.52868 17.814 0.029
3296.52783 17.883 0.039
3302.52498 17.886 0.048
3418.86777 17.769 0.027
3424.85146 17.864 0.043
3427.85336 17.842 0.036
3430.83493 17.729 0.028
3436.88159 17.857 0.038
3443.85270 17.788 0.023
3445.88115 17.741 0.020
3448.78776 17.743 0.033
3450.80511 17.787 0.022
3453.84854 17.737 0.029
3455.91831 17.779 0.031
3458.88378 17.688 0.025
3459.89900 17.767 0.026
3468.88247 17.733 0.023
3469.88515 17.743 0.020
3472.87002 17.755 0.023
3474.80369 17.780 0.029
3476.78031 17.781 0.022
3478.87566 17.764 0.025
3480.89151 17.810 0.028
3483.82614 17.771 0.026
3496.93322 17.737 0.035
3497.90647 17.826 0.031
3500.91549 17.739 0.026
3502.89973 17.773 0.026
3503.88058 17.780 0.022
3506.94002 17.724 0.032
3508.91733 17.766 0.037
3509.90012 17.767 0.023
3511.92367 17.800 0.026
3512.91683 17.754 0.033
3520.67585 17.823 0.030
3521.80657 17.817 0.029
3522.87424 17.769 0.029
3524.86545 17.793 0.030
3527.64873 17.743 0.024
3527.73418 17.765 0.021
3528.89310 17.846 0.034
3530.87138 17.735 0.020
3530.90277 17.770 0.022
3538.86092 17.787 0.027
3541.89505 17.813 0.036
3544.89247 17.842 0.042
3547.85984 17.779 0.032
3550.83667 17.812 0.029
3551.84870 17.753 0.026
3552.84403 17.841 0.032
3554.84705 17.804 0.032
3558.63203 17.755 0.025
3559.64047 17.776 0.022
3560.71679 17.802 0.027
3561.63836 17.783 0.026
3562.67165 17.770 0.026
3563.73612 17.777 0.029
3569.66407 18.061 0.083
3573.79447 17.763 0.035
3574.76667 17.693 0.036
3575.70861 17.884 0.026
3576.77526 17.858 0.038
3579.69826 17.765 0.026
3580.75993 17.929 0.052
3581.74778 17.754 0.032
3582.69669 17.797 0.026
3583.71489 17.663 0.027
3584.71888 17.770 0.025
3585.71741 18.022 0.030
3586.77145 17.747 0.023
3590.75717 17.819 0.031
3591.74225 17.725 0.024
3592.71651 17.761 0.023
3602.73370 17.850 0.054
3603.72869 17.821 0.036
3608.70528 17.778 0.027
3615.66297 17.884 0.034
3617.62458 17.832 0.037
3619.62173 17.741 0.029
3621.66338 17.826 0.035
3629.54765 17.854 0.028
3631.57650 17.747 0.033
3634.53225 17.830 0.028
3640.53543 17.953 0.045
3644.61073 17.764 0.032
3649.58665 17.885 0.033
3652.56061 17.819 0.045
3656.55338 17.829 0.041
3660.55757 17.768 0.040
3665.54385 17.773 0.034
3671.49676 17.827 0.048
3778.85032 17.720 0.035
3783.88926 17.797 0.025
3786.87495 17.842 0.049
3792.89437 17.735 0.027
3794.89347 17.760 0.025
3796.88530 17.806 0.028
3797.88493 17.720 0.021
3800.86598 17.778 0.033
3802.81287 17.790 0.028
3803.84552 17.811 0.027
3804.89270 17.789 0.032
3806.90517 17.776 0.024
3808.89013 17.714 0.025
3810.80619 17.731 0.030
3812.79231 17.771 0.033
3814.78326 17.755 0.027
3818.84811 17.732 0.025
3819.90755 17.755 0.020
3820.89981 17.780 0.024
3821.91117 17.791 0.022
3823.90806 17.791 0.024
3824.91808 17.780 0.041
3825.91011 17.699 0.027
3826.90922 17.760 0.027
3827.90931 17.789 0.029
3829.91741 17.742 0.022
3830.88663 17.754 0.023
3832.91154 17.795 0.030
3833.90804 17.706 0.024
3834.82511 17.747 0.022
3835.88440 17.799 0.022
3836.88699 17.781 0.024
3837.86577 17.736 0.024
3838.86992 17.686 0.026
3839.88894 17.821 0.035
3840.87294 17.743 0.024
3841.85633 17.722 0.024
3842.77018 17.840 0.033
3845.86269 18.076 0.084
3846.86459 17.765 0.022
3847.91074 17.789 0.032
3848.88045 17.804 0.034
3849.90939 17.783 0.029
3850.82945 17.775 0.028
3851.83578 17.876 0.037
3852.82788 17.758 0.028
3853.81716 17.732 0.020
3856.80578 17.812 0.029
3860.86121 17.825 0.036
3861.87649 17.791 0.025
3862.82008 17.761 0.026
3863.79787 17.811 0.024
3864.82178 17.754 0.020
3865.78417 17.757 0.028
3866.74984 17.767 0.024
3867.76071 17.695 0.026
3868.75197 17.902 0.036
3869.73452 17.718 0.029
3873.73716 17.830 0.025
3874.78400 17.801 0.031
3875.76728 17.776 0.022
3877.72559 17.759 0.024
3880.79298 17.766 0.023
3881.80089 17.746 0.022
3882.73586 17.900 0.032
3883.78784 17.877 0.030
3886.75118 17.828 0.025
3887.73100 17.786 0.026
3889.89272 17.706 0.024
3891.62434 17.847 0.043
3892.76004 17.772 0.029
3893.79382 17.995 0.042
3894.82780 17.820 0.038
3896.78128 17.857 0.044
3900.67503 17.753 0.034
3901.68052 17.730 0.024
3902.69809 17.759 0.024
3903.84613 17.828 0.027
3904.67786 17.724 0.018
3905.68865 17.728 0.023
3906.66641 17.782 0.030
3907.73244 17.916 0.045
3908.67241 17.781 0.022
3909.67045 17.731 0.020
3912.67453 17.761 0.018
3913.67477 17.757 0.023
3914.73421 17.772 0.023
3915.67164 17.745 0.020
3916.75335 17.868 0.038
3917.77057 17.798 0.035
3918.77084 17.847 0.032
3919.70105 17.751 0.023
3920.65468 17.859 0.032
3921.66318 17.876 0.042
3930.52131 17.715 0.029
3930.72483 17.754 0.033
3931.64099 17.728 0.026
3932.60484 17.723 0.020
3933.65231 17.748 0.020
3934.61876 17.745 0.024
3934.82768 17.783 0.029
3935.59977 17.733 0.025
3936.58482 17.786 0.032
3937.66362 17.749 0.025
3938.62981 17.804 0.030
3940.77386 17.780 0.025
3944.72213 17.755 0.021
3945.66621 17.773 0.024
3946.65699 17.758 0.026
3950.67233 17.761 0.023
3951.69471 17.686 0.028
3959.64400 17.823 0.029
3960.63510 17.767 0.023
3963.64047 17.768 0.025
3964.67666 17.787 0.025
3965.65142 17.791 0.023
3966.64587 17.789 0.024
3967.66934 17.755 0.023
3968.62889 17.761 0.027
3969.63931 17.734 0.026
3970.64609 17.864 0.029
3971.67739 17.791 0.025
3974.64321 17.815 0.030
3975.63575 17.789 0.028
3976.62969 17.734 0.027
3979.66664 17.941 0.055
3986.67824 17.688 0.040
3987.62702 17.783 0.028
3988.66084 17.691 0.029
3989.57726 17.853 0.036
3991.57871 17.868 0.033
3995.52653 17.796 0.029
4001.59684 17.727 0.024
4002.63245 17.728 0.026
4003.58689 17.717 0.025
4011.57021 17.960 0.038
4016.54005 18.648 0.094
4017.57291 17.811 0.032
4019.58104 17.793 0.042
4023.56382 17.776 0.039
4025.51537 17.811 0.032
4027.52311 17.855 0.036
4030.51518 17.891 0.047
4152.88992 17.815 0.053
4155.86980 17.854 0.035
4158.83154 17.767 0.035
4160.89856 17.869 0.052
4162.88231 17.775 0.034
4165.86663 17.782 0.036
4167.85959 17.747 0.032
4169.86200 17.776 0.029
4174.87598 17.758 0.028
4176.85329 18.304 0.046
4177.91022 17.793 0.036
4179.80447 17.755 0.028
4180.87303 17.822 0.043
4182.78140 17.781 0.029
4183.81835 17.749 0.028
4185.79415 17.760 0.030
4190.89215 17.754 0.029
4192.89635 17.738 0.028
4193.90738 17.752 0.028
4196.88698 18.237 0.042
4202.89862 17.752 0.028
4203.88678 17.759 0.024
4204.89358 17.721 0.024
4205.88243 17.785 0.028
4207.90632 17.765 0.027
4208.91580 17.780 0.029
4213.88730 17.797 0.031
4216.84595 17.731 0.028
4217.86884 17.723 0.022
4218.91254 17.716 0.028
4220.89947 17.869 0.048
4222.85946 17.738 0.031
4228.86038 17.779 0.039
4229.82629 17.762 0.027
4230.80696 17.724 0.023
4231.84926 17.767 0.029
4232.87020 17.873 0.049
4234.80764 17.717 0.026
4234.84510 17.743 0.028
4235.82872 17.779 0.026
4237.64561 17.782 0.037
4238.83326 17.860 0.049
4240.62703 17.786 0.046
4243.87962 17.743 0.038
4244.89029 17.724 0.037
4245.92940 17.772 0.030
4246.93370 17.850 0.047
4247.59078 17.698 0.025
4256.81834 17.854 0.052
4257.70224 17.788 0.035
4258.80476 17.834 0.040
4268.58579 17.842 0.036
4269.72620 17.795 0.027
4272.64743 17.769 0.029
4273.69485 17.773 0.032
4274.67869 17.789 0.031
4275.73547 17.744 0.033
4277.57635 17.813 0.039
4278.70971 17.825 0.043
4283.65653 17.781 0.030
4284.63794 17.839 0.034
4285.64491 17.820 0.043
4286.73863 17.750 0.036
4289.68844 17.741 0.036
4291.57820 17.809 0.043
4292.62331 17.770 0.025
4293.65171 17.757 0.025
4294.69227 17.778 0.029
4295.65292 17.772 0.025
4296.63575 17.728 0.024
4297.56297 17.790 0.025
4299.76468 17.750 0.026
4300.70081 17.774 0.030
4301.56393 17.726 0.025
4302.79789 17.787 0.038
4306.55494 17.729 0.039
4311.59744 17.819 0.048
4312.66472 17.764 0.027
4317.65179 17.845 0.037
4319.66074 17.888 0.040
4326.66991 17.759 0.030
4327.70554 17.860 0.041
4328.64031 17.772 0.032
4329.63111 17.970 0.045
4330.64494 17.762 0.027
4331.64036 17.780 0.031
4332.69499 17.780 0.035
4333.64414 17.755 0.042
4334.65762 17.965 0.082
4338.67722 17.727 0.043
4339.64716 17.882 0.044
4340.71036 17.726 0.040
4341.69183 17.867 0.052
4342.68828 17.757 0.039
4343.65807 17.765 0.038
4345.65794 17.844 0.048
4346.66311 17.782 0.043
4347.67724 17.722 0.033
4349.65228 17.851 0.035
4350.67685 17.739 0.032
4351.64773 17.794 0.036
4354.65648 17.809 0.040
4357.59450 17.813 0.041
4359.56800 17.752 0.031
4365.61294 17.775 0.045
4368.61248 17.699 0.049
4370.56810 17.776 0.028
4372.60092 17.781 0.035
4377.56164 17.769 0.040
4381.60405 17.900 0.064
4517.89550 17.761 0.042
4520.88763 17.770 0.037
4523.86779 17.770 0.034
4525.86249 17.745 0.044
4532.89069 17.750 0.031
4535.85285 17.794 0.038
4537.80281 17.733 0.027
4539.80762 17.800 0.028
4541.83948 17.768 0.029
4543.82921 17.763 0.025
4544.82605 17.785 0.030
4545.84363 17.736 0.026
4547.81744 17.763 0.027
4547.83714 17.770 0.027
4547.90204 17.761 0.029
4548.79001 17.845 0.046
4548.88075 17.883 0.052
4550.75693 17.862 0.048
4550.81641 17.777 0.037
4551.72938 17.792 0.036
4552.80650 17.774 0.035
4556.89825 17.761 0.023
4557.92424 17.785 0.033
4558.89331 17.712 0.023
4559.88835 17.740 0.027
4560.88852 17.758 0.024
4561.87757 17.748 0.021
4564.88173 17.764 0.023
4565.87132 17.673 0.018
4566.87257 17.763 0.023
4567.87812 17.756 0.023
4568.91031 17.763 0.025
4569.89638 17.783 0.027
4570.90200 17.714 0.029
4571.86358 17.738 0.024
4572.90217 17.733 0.028
4573.87721 17.737 0.021
4574.88571 17.760 0.031
4575.89699 17.778 0.026
4583.86722 17.774 0.029
4585.85094 17.755 0.026
4586.86973 17.850 0.032
4587.88161 17.754 0.041
4588.77185 17.754 0.026
4589.74117 17.751 0.030
4590.82083 17.755 0.026
4591.73365 17.776 0.027
4592.80719 17.763 0.031
4593.79267 17.752 0.026
4594.82099 17.777 0.027
4594.93730 17.741 0.038
4595.81181 17.721 0.026
4596.76744 17.783 0.024
4596.89127 17.778 0.030
4596.92675 17.704 0.026
4597.75045 17.874 0.030
4597.82933 17.757 0.028
4598.64715 17.736 0.023
4598.79883 17.792 0.022
4599.77802 17.758 0.023
4600.80043 17.744 0.020
4601.78901 17.805 0.024
4602.79266 17.728 0.022
4606.85449 17.734 0.029
4611.77005 17.752 0.037
4616.76221 17.719 0.023
4618.66662 17.662 0.026
4622.74537 18.276 0.046
4623.81842 17.728 0.031
4624.75720 17.761 0.031
4625.56975 17.825 0.046
4625.74018 17.788 0.035
4626.80221 17.723 0.029
4627.71944 18.043 0.026
4628.70829 17.724 0.024
4629.77781 17.722 0.025
4630.71698 17.710 0.023
4631.73283 17.704 0.021
4632.76666 18.302 0.040
4633.90209 17.754 0.045
4639.85479 17.797 0.056
4641.89691 17.713 0.043
4642.54266 17.772 0.034
4643.69970 17.841 0.031
4644.78923 17.720 0.027
4645.70183 17.803 0.033
4646.66875 17.756 0.024
4647.69073 17.795 0.029
4649.67521 17.812 0.027
4650.71337 17.697 0.029
4651.71391 17.737 0.029
4652.64649 17.766 0.028
4653.66030 17.795 0.026
4654.67873 17.763 0.028
4655.67939 17.733 0.023
4656.64578 17.776 0.029
4658.80309 17.857 0.051
4661.63547 17.762 0.026
4666.50668 17.763 0.036
4671.69175 17.730 0.028
4672.65157 17.759 0.032
4674.67948 17.856 0.035
4677.72365 17.798 0.036
4681.70759 17.789 0.034
4682.70520 17.753 0.026
4683.66125 17.782 0.033
4684.68001 17.847 0.033
4684.77316 17.861 0.045
4685.70581 17.811 0.031
4687.69405 17.781 0.037
4688.63997 17.779 0.027
4694.72405 17.861 0.053
4697.64881 17.733 0.038
4698.66695 17.833 0.039
4700.66217 17.824 0.035
4701.64549 17.744 0.033
4702.65994 17.778 0.034
4708.68156 17.811 0.034
4715.64264 17.858 0.043
4720.64829 17.872 0.062
4721.65607 17.897 0.053
4722.64632 17.825 0.041
4725.61922 17.923 0.048
4726.64744 17.879 0.047
4733.60851 17.921 0.045
4739.50125 17.719 0.030
4750.55059 17.857 0.051
4757.55744 17.834 0.033
4763.53378 17.776 0.036
4877.87391 17.737 0.026
4883.88779 17.799 0.043
4886.85451 17.737 0.032
4890.82704 17.807 0.030
4894.87801 17.782 0.042
4898.89003 17.795 0.028
4900.85678 17.794 0.029
4901.90841 17.775 0.025
4902.83400 17.735 0.026
4903.89667 17.746 0.026
4904.86216 17.770 0.028
4911.89737 17.735 0.020
4913.91081 17.710 0.025
4924.90541 17.762 0.025
4928.81216 17.794 0.035
4930.74763 17.730 0.032
4931.88974 17.734 0.027
4932.79759 17.742 0.026
4933.74520 17.758 0.035
4934.84345 17.740 0.028
4938.85195 17.774 0.028
4940.79668 17.783 0.029
4941.84849 17.708 0.029
4942.87453 17.779 0.027
4943.73110 17.745 0.023
4944.79600 17.745 0.024
4949.81047 17.804 0.026
4950.71168 17.770 0.026
4951.79441 17.742 0.026
4951.83544 17.664 0.028
4953.73998 17.756 0.026
