2116.78882 18.104 0.071
2128.67479 17.869 0.028
2135.56069 17.909 0.028
2143.62853 17.967 0.033
2162.62172 18.146 0.041
2170.52799 17.880 0.032
2173.60194 17.945 0.036
2183.54479 18.158 0.063
2195.58168 18.112 0.055
2200.55587 17.900 0.058
2346.83150 17.929 0.031
2351.83257 17.936 0.031
2360.84124 18.064 0.035
2371.81384 17.857 0.029
2380.80254 18.156 0.045
2384.77446 17.915 0.032
2388.77824 17.989 0.042
2390.74819 17.875 0.047
2397.90647 17.934 0.033
2401.70885 17.954 0.029
2403.77014 18.180 0.032
2405.70601 17.913 0.031
2415.70753 17.920 0.039
2417.79117 18.120 0.045
2425.87176 18.006 0.044
2431.71896 17.884 0.035
2433.69384 17.900 0.033
2434.83969 17.849 0.029
2436.62904 17.898 0.031
2438.64464 17.875 0.028
2440.62601 17.895 0.029
2443.65984 18.102 0.038
2445.55691 18.009 0.047
2452.62791 17.887 0.048
2458.76392 18.149 0.036
2462.68035 17.879 0.026
2464.54776 18.158 0.041
2467.47436 18.077 0.054
2469.48480 18.093 0.035
2471.77476 17.881 0.032
2473.47295 18.149 0.054
2483.52772 18.050 0.033
2490.50441 17.880 0.039
2492.74097 17.874 0.041
2495.48211 18.127 0.045
2495.53194 18.147 0.039
2496.48821 17.894 0.028
2497.49215 18.139 0.038
2497.59296 17.941 0.028
2498.57211 17.977 0.025
2499.47295 18.059 0.041
2499.63024 17.854 0.028
2500.48354 17.948 0.036
2501.47813 18.026 0.047
2501.65713 17.867 0.028
2502.48946 17.867 0.029
2503.47016 18.003 0.103
2508.48061 17.965 0.039
2511.63627 17.875 0.047
2521.58296 18.110 0.036
2535.51194 17.910 0.047
2539.60849 18.237 0.054
2540.58651 17.881 0.048
2545.53839 17.943 0.036
2550.57506 17.973 0.051
2555.53747 17.862 0.038
2561.56183 17.866 0.044
2571.50385 17.957 0.060
2701.89703 18.147 0.039
2712.89762 17.932 0.035
2727.85650 17.865 0.028
2732.87428 18.185 0.044
2743.86208 17.907 0.028
2748.89386 18.158 0.061
2755.88465 17.815 0.031
2759.87602 17.943 0.032
2765.90233 17.912 0.032
2770.63194 17.882 0.044
2782.81602 17.941 0.045
2784.80927 17.935 0.029
2786.70489 18.176 0.052
2788.85176 17.996 0.031
2790.90064 17.935 0.033
2794.69123 18.000 0.038
2796.62947 17.884 0.025
2802.68662 17.960 0.049
2808.73418 18.041 0.039
2810.65289 17.937 0.029
2812.62986 17.966 0.032
2813.71881 18.095 0.036
2815.65843 18.107 0.038
2816.79355 18.090 0.036
2817.80295 17.922 0.036
2819.57771 17.830 0.031
2821.56665 17.935 0.035
2830.60320 18.158 0.049
2835.53430 18.085 0.055
2836.76243 17.920 0.047
2838.65873 18.126 0.049
2840.58339 18.082 0.033
2844.69417 17.989 0.032
2849.52311 18.137 0.045
2849.53546 18.185 0.045
2849.65139 17.828 0.032
2849.73567 18.115 0.038
2851.62374 17.878 0.032
2853.63440 17.899 0.026
2856.51218 17.889 0.035
2858.48802 18.041 0.039
2860.60263 17.998 0.055
2863.68962 17.908 0.042
2867.59597 18.151 0.045
2870.67421 18.178 0.039
2874.66275 18.093 0.045
2878.55477 17.885 0.026
2884.62625 17.877 0.031
2893.65400 18.071 0.032
2896.51685 18.144 0.042
2906.65698 17.874 0.035
2912.63634 17.898 0.036
2924.55957 18.098 0.038
2934.57639 18.192 0.052
2942.53711 18.001 0.047
3048.87613 17.956 0.031
3057.87119 17.873 0.025
3066.90333 17.937 0.035
3069.85600 17.907 0.031
3071.86360 17.908 0.032
3074.85128 18.167 0.033
3076.89789 18.064 0.044
3078.90295 18.058 0.074
3081.80329 18.047 0.029
3084.74608 17.857 0.028
3086.74429 17.898 0.025
3088.74794 17.883 0.023
3090.84748 18.078 0.035
3092.82262 17.922 0.039
3097.78540 18.098 0.038
3099.78353 18.175 0.042
3101.72188 17.951 0.058
3103.73068 17.866 0.035
3107.86734 17.998 0.042
3109.70166 17.886 0.028
3110.71236 18.136 0.041
3112.71280 18.192 0.035
3113.75605 17.921 0.025
3115.75470 17.888 0.026
3118.76890 17.960 0.033
3122.76429 18.113 0.039
3125.74210 17.890 0.035
3126.67983 17.905 0.025
3127.68188 18.003 0.031
3128.70029 18.041 0.032
3129.67977 18.030 0.038
3130.84223 17.890 0.039
3131.84167 18.236 0.078
3134.64895 17.885 0.055
3135.71524 17.949 0.032
3139.71112 17.968 0.028
3140.67862 17.853 0.026
3141.84228 18.067 0.032
3144.67532 17.801 0.025
3146.62981 17.951 0.036
3151.63132 18.068 0.044
3152.64030 17.969 0.031
3153.64253 18.056 0.041
3153.93220 18.167 0.061
3154.71783 17.931 0.036
3156.63285 17.966 0.032
3158.67057 17.932 0.042
3162.68366 17.865 0.028
3163.60185 17.861 0.026
3163.92326 18.090 0.045
3164.59535 18.105 0.032
3165.59507 17.851 0.029
3166.81004 18.116 0.055
3167.83027 17.948 0.035
3168.63616 18.057 0.032
3169.60642 17.891 0.025
3170.70132 17.821 0.022
3171.61932 17.863 0.025
3172.60899 18.106 0.031
3174.59505 18.161 0.029
3175.59632 17.887 0.025
3176.62227 18.119 0.035
3178.65816 18.148 0.039
3179.68658 18.038 0.033
3180.55712 17.956 0.026
3182.59148 18.148 0.039
3182.63852 18.163 0.042
3183.56425 17.999 0.029
3183.59433 17.924 0.028
3184.57437 18.001 0.026
3184.84480 18.156 0.039
3185.65807 17.903 0.029
3191.87378 17.952 0.041
3193.74530 18.369 0.061
3194.72406 17.948 0.035
3195.52969 18.144 0.033
3196.52798 17.843 0.039
3197.76830 18.151 0.038
3199.56876 18.092 0.042
3202.62356 18.079 0.047
3203.56757 18.174 0.031
3205.56424 18.139 0.029
3206.54612 17.845 0.025
3207.54916 18.103 0.042
3210.77680 17.882 0.038
3211.53557 18.068 0.033
3217.54100 18.105 0.049
3218.53845 17.960 0.042
3223.52978 17.921 0.039
3224.54529 18.011 0.029
3226.50020 18.154 0.036
3229.50878 17.888 0.025
3230.54882 18.031 0.029
3239.65745 18.212 0.042
3241.54481 17.814 0.048
3244.64332 17.938 0.052
3246.54548 18.155 0.048
3248.55313 18.233 0.047
3250.53801 18.144 0.035
3254.54030 18.149 0.045
3257.68227 18.072 0.033
3262.52142 18.051 0.044
3266.50281 18.090 0.054
3268.53822 18.071 0.035
3272.51353 18.051 0.035
3273.59766 17.839 0.042
3277.59321 17.909 0.054
3279.57291 18.028 0.045
3287.49713 18.177 0.049
3431.89477 17.886 0.025
3438.89290 18.124 0.033
3444.82956 17.838 0.023
3446.85453 17.896 0.031
3448.88912 18.124 0.031
3452.77303 17.942 0.029
3454.83007 17.868 0.035
3456.83773 17.885 0.026
3467.83944 18.136 0.032
3469.91163 18.028 0.026
3477.90157 18.135 0.033
3480.70032 17.945 0.028
3483.69527 18.150 0.033
3496.89910 17.965 0.038
3497.66248 18.166 0.051
3499.70599 18.179 0.031
3500.89138 17.909 0.031
3501.69793 18.138 0.036
3502.85334 18.033 0.029
3503.85496 18.013 0.028
3504.69075 17.849 0.028
3508.70489 17.893 0.036
3509.84337 17.935 0.026
3511.72795 18.168 0.038
3512.67906 17.967 0.033
3520.57934 18.061 0.033
3521.83014 17.912 0.029
3522.82563 18.197 0.042
3523.64869 17.969 0.029
3524.63282 18.138 0.035
3525.86421 17.909 0.028
3526.89731 18.088 0.039
3527.81044 18.084 0.042
3528.64078 18.201 0.032
3529.59810 17.893 0.025
3530.73266 17.916 0.022
3538.80096 17.983 0.028
3544.70997 18.127 0.044
3547.73989 18.087 0.036
3550.71569 18.121 0.029
3551.82821 18.090 0.031
3553.63092 18.198 0.049
3554.58985 17.970 0.047
3556.59491 17.968 0.029
3558.56479 17.887 0.028
3559.78145 18.141 0.032
3560.75617 18.016 0.029
3561.72304 17.944 0.026
3562.77962 18.066 0.031
3563.52710 17.943 0.029
3569.81456 18.215 0.054
3573.51386 17.829 0.042
3574.57639 17.987 0.035
3575.56477 18.051 0.026
3576.52305 18.214 0.032
3577.57541 18.033 0.029
3578.54877 18.141 0.029
3579.50719 17.911 0.023
3580.52279 18.195 0.036
3581.55253 17.908 0.028
3582.51134 18.180 0.036
3583.55104 17.927 0.026
3584.53721 18.151 0.028
3585.52774 17.898 0.023
3586.58614 18.049 0.028
3587.64219 18.228 0.039
3588.57872 18.073 0.028
3589.53742 17.902 0.023
3590.51753 18.180 0.028
3591.56245 17.869 0.022
3592.53588 18.150 0.031
3593.62432 18.109 0.029
3594.57666 18.065 0.025
3601.48890 18.079 0.033
3602.51397 18.105 0.052
3603.50795 18.081 0.039
3607.52408 18.015 0.029
3608.51561 18.056 0.042
3617.56919 17.879 0.036
3620.67283 17.946 0.026
3632.54350 17.939 0.036
3634.60672 18.186 0.044
3640.58721 18.037 0.033
3646.51472 17.913 0.042
3651.50629 18.173 0.045
3653.53425 18.107 0.057
3774.84196 18.037 0.033
3780.82644 18.047 0.048
