2116.77700 18.358 0.048
2128.66294 18.459 0.041
2131.63897 18.251 0.037
2135.54878 18.338 0.034
2138.69663 18.525 0.053
2143.61768 18.441 0.045
2162.60978 18.476 0.045
2170.51603 18.178 0.032
2173.58999 18.231 0.044
2183.53291 18.502 0.071
2184.58882 18.384 0.058
2195.57081 18.399 0.059
2200.54505 18.436 0.067
2326.87646 18.208 0.043
2346.81954 18.445 0.042
2351.82117 18.193 0.028
2360.82984 18.236 0.031
2371.78653 18.542 0.040
2380.79103 18.470 0.050
2384.76303 18.182 0.031
2388.76663 18.469 0.047
2390.73650 18.270 0.048
2397.89483 18.215 0.038
2401.69721 18.374 0.037
2403.75846 18.368 0.032
2405.69430 18.280 0.039
2415.69578 18.163 0.039
2417.77301 18.229 0.038
2425.86003 18.503 0.058
2431.70717 18.306 0.042
2433.68208 18.241 0.036
2434.82794 18.322 0.036
2436.61723 18.260 0.036
2438.63287 18.208 0.032
2440.61424 18.300 0.034
2443.64911 18.436 0.044
2445.54422 18.177 0.042
2452.61603 18.401 0.046
2458.75200 18.320 0.037
2462.66849 18.501 0.036
2464.53586 18.419 0.048
2467.46181 18.157 0.065
2469.47238 18.269 0.041
2471.76286 18.346 0.036
2473.46102 18.370 0.066
2483.51577 18.398 0.034
2485.71051 18.195 0.046
2490.49245 18.469 0.043
2492.72894 18.198 0.055
2495.51993 18.220 0.039
2497.58098 18.198 0.029
2499.61825 18.180 0.032
2501.64515 18.323 0.034
2511.62418 18.545 0.063
2518.57497 18.509 0.043
2521.57089 18.301 0.037
2535.49993 18.285 0.051
2539.59638 18.223 0.043
2540.57449 18.294 0.054
2545.52638 18.241 0.037
2555.52547 18.220 0.046
2561.54979 18.471 0.065
2571.49218 18.170 0.064
2701.88541 18.318 0.037
2712.88261 18.171 0.033
2727.84517 18.198 0.027
2732.85910 18.466 0.046
2743.85077 18.265 0.029
2748.88249 18.306 0.057
2755.87323 18.225 0.037
2759.86459 18.461 0.046
2765.89102 18.259 0.038
2769.93257 18.390 0.041
2782.80453 18.470 0.056
2784.79775 18.311 0.033
2786.68835 18.522 0.053
2788.84028 18.308 0.035
2790.88687 18.246 0.037
2792.53916 18.415 0.065
2794.68055 18.524 0.046
2796.61795 18.254 0.029
2802.67512 18.475 0.051
2808.72260 18.230 0.039
2810.64133 18.561 0.045
2812.61827 18.289 0.036
2813.70724 18.553 0.047
2815.64681 18.204 0.035
2816.78195 18.469 0.047
2817.79130 18.363 0.058
2819.56609 18.248 0.036
2821.55506 18.230 0.036
2830.59072 18.184 0.072
2835.52265 18.228 0.055
2836.75073 18.186 0.043
2838.64704 18.354 0.046
2840.57174 18.324 0.032
2844.68250 18.346 0.035
2849.50739 18.564 0.057
2851.61198 18.477 0.043
2853.62264 18.500 0.039
2856.50045 18.504 0.047
2858.47210 18.330 0.054
2859.53723 18.525 0.076
2860.59087 18.514 0.062
2863.67789 18.480 0.055
2867.58418 18.411 0.041
2870.66241 18.458 0.041
2874.65093 18.198 0.042
2878.54303 18.291 0.031
2884.61447 18.301 0.041
2893.64224 18.268 0.034
2896.50503 18.234 0.038
2906.64514 18.425 0.053
2910.64012 18.274 0.061
2912.62451 18.492 0.057
2924.54778 18.256 0.037
2934.56464 18.349 0.053
2942.52539 18.531 0.057
3048.86478 18.527 0.049
3056.89746 18.305 0.060
3060.89891 18.312 0.043
3066.89227 18.437 0.038
3069.84490 18.225 0.041
3071.85250 18.277 0.037
3074.84012 18.486 0.038
3076.87738 18.380 0.044
3078.88694 18.229 0.048
3081.78737 18.406 0.037
3083.90634 18.492 0.035
3086.73320 18.514 0.039
3088.73687 18.383 0.035
3090.83635 18.501 0.036
3092.81157 18.344 0.048
3097.77434 18.510 0.056
3101.71076 18.323 0.064
3103.71482 18.424 0.058
3106.74065 18.372 0.052
3107.85392 18.500 0.048
3109.69058 18.370 0.040
3110.70124 18.493 0.054
3112.70172 18.453 0.044
3113.74490 18.527 0.033
3114.91916 18.234 0.031
3115.74204 18.298 0.032
3118.72710 18.345 0.050
3122.75316 18.519 0.055
3124.92969 18.200 0.054
3126.66871 18.473 0.044
3127.67073 18.511 0.046
3128.68917 18.500 0.043
3129.66857 18.383 0.045
3130.83103 18.310 0.051
3131.83050 18.505 0.066
3134.63782 18.667 0.069
3135.70410 18.281 0.038
3138.91599 18.264 0.041
3139.69994 18.359 0.032
3140.66744 18.190 0.030
3141.83111 18.528 0.040
3144.66336 18.508 0.040
3145.73116 18.439 0.040
3151.62013 18.513 0.056
3152.62905 18.487 0.040
3153.63045 18.407 0.045
3153.92100 18.403 0.051
3154.70666 18.487 0.045
3156.61479 18.174 0.045
3158.65524 18.340 0.056
3162.67238 18.424 0.038
3163.59063 18.215 0.030
3163.91201 18.191 0.040
3164.58406 18.260 0.030
3165.58380 18.314 0.037
3166.79461 18.402 0.057
3167.80928 18.365 0.044
3168.62489 18.525 0.040
3169.59517 18.362 0.034
3170.69007 18.472 0.036
3171.60801 18.268 0.031
3172.59775 18.229 0.028
3174.58374 18.389 0.032
3174.90287 18.165 0.036
3175.58500 18.502 0.037
3176.61095 18.455 0.044
3178.64681 18.395 0.041
3179.67120 18.439 0.037
3180.54577 18.299 0.036
3182.58015 18.373 0.042
3182.61936 18.228 0.036
3183.55290 18.476 0.040
3183.58301 18.477 0.032
3184.56303 18.495 0.036
3184.83348 18.424 0.042
3185.64670 18.444 0.038
3191.86234 18.146 0.044
3193.73397 18.272 0.039
3194.71271 18.213 0.031
3195.51827 18.210 0.033
3196.51663 18.232 0.051
3197.75237 18.440 0.039
3199.55227 18.521 0.049
3202.61213 18.614 0.056
3203.55617 18.273 0.027
3205.55275 18.211 0.026
3206.53475 18.255 0.027
3207.53772 18.449 0.048
3210.76534 18.231 0.037
3211.52418 18.329 0.035
3212.51913 18.207 0.043
3217.52961 18.479 0.041
3218.52697 18.329 0.048
3223.51835 18.363 0.046
3224.53381 18.476 0.040
3226.48873 18.375 0.040
3229.49730 18.235 0.031
3230.53731 18.269 0.027
3239.64588 18.317 0.037
3241.53331 18.431 0.045
3244.63181 18.401 0.074
3246.53395 18.166 0.036
3248.54162 18.221 0.036
3250.52649 18.504 0.044
3251.67023 18.174 0.036
3254.52880 18.253 0.038
3257.66628 18.390 0.036
3262.50063 18.242 0.047
3262.50988 18.262 0.050
3262.58721 18.513 0.043
3263.62892 18.465 0.044
3264.50589 18.220 0.038
3266.49131 18.496 0.056
3268.52670 18.457 0.043
3270.55802 18.499 0.085
3273.58002 18.189 0.047
3277.56680 18.479 0.052
3279.56138 18.352 0.048
3287.48561 18.163 0.045
3291.54411 18.309 0.046
3431.88373 18.302 0.032
3438.88190 18.228 0.038
3444.81855 18.257 0.027
3446.84351 18.212 0.033
3448.87314 18.339 0.030
3450.91220 18.462 0.036
3454.81906 18.247 0.049
3456.82668 18.468 0.036
3467.79008 18.271 0.039
3469.90052 18.502 0.031
3471.77723 18.479 0.056
3473.93121 18.293 0.056
3477.89043 18.398 0.033
3480.68925 18.312 0.033
3483.68411 18.269 0.037
3496.88802 18.249 0.044
3497.65132 18.346 0.049
3499.69366 18.176 0.027
3500.88024 18.506 0.037
3501.68520 18.222 0.040
3502.84215 18.218 0.029
3503.84379 18.163 0.029
3504.67960 18.544 0.041
3508.69371 18.235 0.043
3509.83168 18.506 0.033
3511.71681 18.312 0.035
3512.66794 18.536 0.053
3520.56815 18.242 0.048
3521.81892 18.263 0.034
3522.81445 18.221 0.034
3523.63746 18.197 0.030
3524.62161 18.329 0.031
3525.85300 18.490 0.037
3526.88611 18.544 0.041
3527.79925 18.330 0.037
3528.62962 18.471 0.034
3529.58686 18.240 0.030
3530.72141 18.501 0.029
3538.78967 18.335 0.030
3544.68977 18.227 0.058
3547.72862 18.511 0.049
3550.70435 18.239 0.025
3551.81687 18.433 0.040
3553.61961 18.466 0.045
3554.57507 18.240 0.048
3556.58362 18.251 0.035
3558.55349 18.524 0.041
3559.77008 18.295 0.028
3560.74209 18.294 0.030
3561.70269 18.325 0.028
3562.76630 18.283 0.030
3563.51575 18.369 0.041
3564.71950 18.475 0.044
3569.80314 18.365 0.052
3573.50243 18.549 0.077
3574.56492 18.370 0.035
3574.72630 18.487 0.044
3575.55339 18.483 0.030
3576.51164 18.397 0.037
3577.56402 18.458 0.035
3578.53738 18.309 0.026
3579.49574 18.285 0.028
3580.51142 18.316 0.031
3581.54114 18.279 0.032
3582.49993 18.556 0.041
3583.53962 18.470 0.037
3584.52576 18.590 0.039
3585.51635 18.302 0.030
3586.57467 18.503 0.032
3587.63075 18.503 0.046
3588.56729 18.313 0.031
3589.52603 18.261 0.027
3590.50608 18.466 0.035
3591.55098 18.363 0.027
3592.51737 18.500 0.037
3593.61289 18.407 0.036
3594.54825 18.354 0.030
3600.54509 18.552 0.084
3601.47743 18.358 0.037
3602.50246 18.305 0.047
3603.49645 18.287 0.039
3607.51261 18.390 0.033
3608.50418 18.419 0.049
3617.55769 18.381 0.039
3620.66137 18.306 0.030
3629.64571 18.467 0.063
3632.53197 18.211 0.039
3634.59524 18.212 0.033
3640.57568 18.137 0.029
3646.50323 18.087 0.037
3651.49486 18.686 0.065
3653.52272 18.329 0.052
3773.87919 18.436 0.052
3779.88442 18.258 0.044
3786.83554 18.253 0.040
3790.83076 18.631 0.052
3793.82076 18.270 0.037
3795.81044 18.324 0.042
3797.80570 18.561 0.042
3798.85386 18.409 0.034
3800.90101 18.551 0.044
3802.89475 18.320 0.034
3804.80927 18.308 0.037
3805.84668 18.243 0.032
3806.84325 18.450 0.036
3808.81638 18.415 0.037
3809.82004 18.441 0.034
3810.86807 18.334 0.035
3811.89530 18.367 0.035
3813.88100 18.240 0.030
3814.87851 18.243 0.032
3818.78832 18.240 0.028
3819.85206 18.302 0.026
3820.81576 18.205 0.024
3821.82004 18.337 0.028
3822.86647 18.285 0.028
3823.83020 18.570 0.032
3824.83191 18.617 0.052
3825.85369 18.544 0.041
3826.83165 18.376 0.036
3827.85453 18.320 0.028
3828.83008 18.216 0.033
3829.80825 18.301 0.028
3830.78917 18.441 0.036
3830.79791 18.414 0.035
3832.79224 18.470 0.035
3832.82845 18.566 0.037
3833.69883 18.221 0.035
3834.84081 18.433 0.030
3835.79122 18.275 0.028
3836.78930 18.211 0.031
3837.78619 18.312 0.032
3838.79036 18.405 0.046
3839.78631 18.449 0.038
3840.79341 18.520 0.046
3841.77150 18.357 0.035
3845.76930 18.265 0.038
3846.77693 18.366 0.033
3847.85257 18.242 0.031
3848.80055 18.546 0.040
3849.80296 18.543 0.040
3850.74663 18.238 0.032
3851.75653 18.224 0.029
3852.74503 18.154 0.037
3853.73779 18.345 0.023
3856.72668 18.463 0.037
3858.78685 18.420 0.037
3859.68404 18.216 0.037
3860.87697 18.603 0.056
3861.71883 18.402 0.037
3862.73225 18.412 0.033
3863.74389 18.520 0.035
3864.73704 18.548 0.036
3865.62242 18.277 0.038
3866.62265 18.291 0.039
3867.77533 18.335 0.037
3867.80405 18.373 0.037
3868.62189 18.392 0.055
3869.78731 18.243 0.042
3873.60860 18.245 0.037
3874.83101 18.451 0.037
3875.60323 18.522 0.040
3876.71104 18.285 0.028
3877.59781 18.402 0.037
3880.70113 18.587 0.039
3881.70933 18.462 0.032
3882.64433 18.278 0.027
3883.69693 18.187 0.026
3886.65570 18.515 0.038
3887.65128 18.502 0.034
3889.80594 18.252 0.032
3890.59658 18.251 0.036
3891.72933 18.309 0.033
3892.78218 18.465 0.035
3893.68030 18.367 0.037
3894.72780 18.301 0.035
3896.67008 18.501 0.053
3900.58053 18.491 0.045
3901.60074 18.570 0.046
3902.61534 18.565 0.038
3903.71113 18.293 0.033
3904.59834 18.289 0.029
3905.59861 18.320 0.027
3906.58669 18.215 0.035
3907.64351 18.272 0.043
3908.57664 18.447 0.034
3909.58271 18.506 0.031
3910.63791 18.378 0.034
3912.58412 18.327 0.026
3913.58165 18.247 0.027
3914.59958 18.263 0.030
3915.57949 18.256 0.027
3916.63070 18.182 0.032
3917.67115 18.261 0.031
3918.66978 18.246 0.028
3919.61097 18.469 0.038
3920.56294 18.340 0.032
3920.84051 18.331 0.036
3921.57503 18.199 0.041
3930.61589 18.330 0.035
3931.56105 18.245 0.037
3931.69865 18.404 0.037
3932.65153 18.254 0.032
3933.56519 18.439 0.031
3934.53588 18.445 0.037
3935.61405 18.458 0.030
3936.53638 18.381 0.037
3937.61198 18.648 0.041
3938.54502 18.346 0.044
3940.68106 18.448 0.029
3944.61606 18.442 0.033
3945.56643 18.449 0.034
3946.56363 18.202 0.032
3950.56713 18.382 0.032
3951.57584 18.448 0.045
3956.61296 18.414 0.046
3957.55058 18.284 0.038
3958.62304 18.233 0.037
3959.56325 18.457 0.040
3960.54095 18.556 0.035
3961.61614 18.491 0.056
3963.58609 18.360 0.031
3964.57584 18.303 0.028
3965.56941 18.280 0.027
3966.55730 18.296 0.029
3967.58975 18.282 0.035
3968.54387 18.505 0.046
3969.55125 18.570 0.036
3970.55613 18.478 0.039
3971.59617 18.490 0.045
3973.62590 18.378 0.034
3974.55827 18.225 0.042
3975.55325 18.304 0.031
3976.55078 18.505 0.036
3979.56543 18.401 0.042
3982.48440 18.625 0.093
3986.62736 18.408 0.047
3987.54735 18.265 0.032
3988.56027 18.366 0.029
3989.63005 18.598 0.059
3991.52306 18.379 0.048
3994.59164 18.409 0.041
3995.61932 18.501 0.034
3999.52581 18.357 0.038
4001.54919 18.458 0.038
4002.54589 18.549 0.035
4004.56878 18.506 0.055
4005.58425 18.445 0.039
4006.56993 18.208 0.028
4011.48694 18.330 0.041
4012.57382 18.428 0.059
4015.51357 18.270 0.048
4017.48818 18.542 0.046
4019.49245 18.391 0.046
4021.48883 18.249 0.050
4024.52798 18.239 0.032
4026.52352 18.535 0.046
4028.53962 18.483 0.046
4031.53955 18.222 0.047
4145.87907 18.217 0.052
4151.83858 18.340 0.040
4154.84819 18.259 0.034
4157.81848 18.477 0.046
4159.83484 18.321 0.039
4161.88846 18.311 0.043
4163.90439 18.264 0.037
4166.83685 18.541 0.074
4168.87175 18.498 0.050
4170.88883 18.310 0.038
4175.89703 18.465 0.040
4177.79870 18.245 0.034
4178.85198 18.258 0.033
4179.89174 18.251 0.033
4181.82852 18.455 0.035
4182.87689 18.353 0.031
4183.90918 18.325 0.037
4184.76821 18.258 0.029
4185.88682 18.522 0.047
4190.76976 18.415 0.046
4191.87312 18.467 0.056
4192.79175 18.300 0.043
4193.81015 18.300 0.037
4194.83169 18.298 0.033
4196.82019 18.321 0.037
4202.80168 18.271 0.029
4203.78978 18.238 0.030
4204.78188 18.338 0.034
4205.78023 18.422 0.031
4207.77665 18.550 0.039
4208.77361 18.320 0.032
4211.83673 18.283 0.036
4213.78085 18.351 0.034
4215.78733 18.552 0.046
4216.74508 18.320 0.033
4217.75267 18.288 0.027
4218.80464 18.317 0.045
4219.82749 18.320 0.043
4220.76275 18.267 0.034
4222.73139 18.475 0.044
4224.83376 18.425 0.053
4228.73216 18.260 0.046
4229.71647 18.511 0.047
4230.70631 18.557 0.045
4231.68858 18.382 0.032
4232.70080 18.288 0.042
4233.88192 18.340 0.051
4234.86491 18.420 0.043
4235.66237 18.432 0.037
4235.93662 18.396 0.051
4238.73195 18.503 0.041
4239.68256 18.428 0.036
4240.72893 18.458 0.036
4242.66187 18.257 0.049
4244.65991 18.459 0.044
4245.65324 18.539 0.041
4246.71203 18.516 0.044
4247.73584 18.531 0.039
4250.77592 18.470 0.054
4256.56882 18.219 0.049
4258.57589 18.458 0.056
4267.54540 18.472 0.050
4268.78157 18.414 0.040
4269.52844 18.361 0.061
4272.55184 18.242 0.035
4273.75041 18.510 0.045
4274.60985 18.255 0.040
4275.64268 18.278 0.042
4276.73505 18.267 0.047
4277.65845 18.362 0.037
4278.61587 18.578 0.056
4283.55347 18.477 0.046
4284.54528 18.536 0.050
4285.54871 18.559 0.052
4286.54823 18.351 0.058
4289.56204 18.211 0.039
4290.60553 18.244 0.041
4291.66589 18.274 0.033
4292.53063 18.572 0.036
4293.53687 18.549 0.038
4294.52993 18.421 0.042
4295.54420 18.333 0.036
4295.79778 18.299 0.037
4296.53437 18.292 0.034
4297.65797 18.501 0.037
4298.49714 18.390 0.045
4299.47843 18.562 0.046
4300.57563 18.371 0.036
4301.75686 18.527 0.042
4302.71313 18.249 0.036
4303.72140 18.222 0.037
4304.49239 18.267 0.063
4307.69269 18.404 0.052
4310.65953 18.336 0.062
4312.56821 18.329 0.046
4315.57561 18.192 0.036
4316.65838 18.265 0.038
4317.58220 18.351 0.040
4319.55903 18.556 0.048
4320.64579 18.416 0.039
4326.57700 18.349 0.037
4327.53464 18.546 0.058
4328.54038 18.477 0.037
4329.47781 18.296 0.043
4330.54640 18.269 0.033
4331.54213 18.271 0.037
4332.55612 18.276 0.034
4333.47714 18.534 0.062
4338.54383 18.305 0.050
4339.53997 18.287 0.037
4340.47850 18.446 0.065
4341.54440 18.268 0.046
4342.58047 18.342 0.040
4343.56003 18.499 0.039
4344.59010 18.438 0.045
4345.55622 18.542 0.041
4346.56179 18.351 0.051
4347.57572 18.393 0.044
4349.54444 18.232 0.031
4350.60222 18.280 0.037
4351.54973 18.399 0.037
4353.56624 18.634 0.055
4354.58559 18.508 0.050
4355.60198 18.485 0.054
4356.55053 18.206 0.038
4358.56974 18.319 0.044
4361.59586 18.440 0.063
4367.56005 18.254 0.046
4371.55921 18.434 0.046
4377.52469 18.522 0.050
4380.60415 18.485 0.053
4383.59934 18.277 0.059
4393.57199 18.266 0.043
4505.86200 18.353 0.044
4508.85415 18.486 0.037
4511.89150 18.298 0.036
4514.85230 18.325 0.038
4518.84192 18.371 0.047
4521.87381 18.188 0.035
4523.81467 18.470 0.057
4525.80674 18.348 0.063
4531.82261 18.526 0.052
4534.78115 18.302 0.047
4536.86240 18.318 0.033
4538.78391 18.436 0.046
4539.89740 18.261 0.029
4540.76817 18.484 0.042
4541.86517 18.465 0.033
4542.82863 18.478 0.049
4543.91674 18.580 0.063
4544.91412 18.512 0.048
4545.90077 18.368 0.036
4546.81505 18.338 0.042
4547.84605 18.243 0.035
4548.91185 18.352 0.055
4550.90764 18.386 0.041
4551.82778 18.406 0.040
4556.80036 18.461 0.031
4557.82338 18.498 0.042
4558.79203 18.445 0.031
4559.79059 18.347 0.032
4560.79100 18.345 0.037
4561.77992 18.237 0.027
4564.78409 18.505 0.034
4565.76867 18.549 0.031
4566.76952 18.450 0.036
4567.76848 18.349 0.033
4568.79189 18.360 0.033
4569.78772 18.271 0.032
4570.77808 18.318 0.033
4571.76876 18.292 0.038
4572.79194 18.382 0.037
4573.77958 18.602 0.036
4574.78193 18.574 0.050
4575.79071 18.492 0.044
4577.87967 18.623 0.054
4578.83330 18.282 0.046
4583.78547 18.509 0.062
4585.69647 18.288 0.041
4586.90152 18.548 0.048
4587.65458 18.640 0.059
4588.63451 18.397 0.041
4589.79823 18.370 0.038
4590.63533 18.239 0.046
4591.79424 18.600 0.040
4592.70591 18.217 0.032
4593.69495 18.263 0.033
4594.71623 18.296 0.035
4595.70854 18.383 0.034
4596.70053 18.504 0.040
4597.72521 18.485 0.041
4598.70125 18.436 0.028
4599.67378 18.230 0.032
4600.68614 18.252 0.027
4601.68882 18.286 0.028
4602.68118 18.373 0.030
4603.90419 18.495 0.042
4606.68913 18.473 0.037
4610.79246 18.213 0.059
4611.66809 18.431 0.039
4611.85896 18.574 0.047
4612.69251 18.480 0.042
4615.83505 18.272 0.042
4616.65094 18.252 0.031
4617.75064 18.395 0.037
4618.69187 18.269 0.032
4622.85064 18.240 0.040
4623.71224 18.548 0.039
4624.63381 18.252 0.043
4625.55441 18.538 0.063
4626.66904 18.236 0.042
4627.60797 18.612 0.045
4628.60997 18.569 0.051
4629.67470 18.489 0.036
4630.60821 18.310 0.031
4631.63319 18.319 0.030
4632.62000 18.257 0.030
4633.61356 18.314 0.038
4638.79747 18.291 0.039
4639.61854 18.343 0.038
4640.63542 18.324 0.037
4641.71792 18.488 0.041
4642.63401 18.293 0.032
4643.60015 18.403 0.041
4644.66151 18.385 0.043
4645.57394 18.371 0.042
4646.57047 18.355 0.029
4647.56410 18.197 0.036
4648.56851 18.298 0.039
4649.57062 18.320 0.035
4650.60331 18.264 0.037
4651.57480 18.516 0.043
4652.54761 18.528 0.048
4653.54155 18.308 0.050
4654.58075 18.454 0.044
4655.54140 18.178 0.037
4656.54335 18.312 0.037
4658.70205 18.366 0.052
4660.65477 18.300 0.037
4661.53143 18.377 0.039
4665.69917 18.627 0.060
4666.60447 18.269 0.039
4670.66938 18.318 0.039
4671.71659 18.330 0.041
4672.55033 18.246 0.027
4674.55623 18.355 0.039
4677.53288 18.592 0.047
4678.64909 18.431 0.035
4681.47894 18.399 0.040
4682.52256 18.386 0.037
4683.56107 18.333 0.041
4684.58033 18.367 0.038
4685.54476 18.563 0.046
4686.54573 18.644 0.051
4687.54573 18.398 0.041
4688.53897 18.316 0.037
4694.48887 18.412 0.062
4697.54255 18.321 0.041
4698.55143 18.282 0.030
4699.56323 18.239 0.041
4700.56400 18.311 0.037
4701.54690 18.500 0.048
4702.56180 18.457 0.043
4703.62917 18.336 0.043
4705.61313 18.577 0.050
4707.65832 18.501 0.048
4709.55709 18.410 0.056
4710.59766 18.407 0.046
4716.62992 18.397 0.066
4721.54784 18.417 0.061
4724.55473 18.304 0.043
4725.58231 18.252 0.051
4730.61681 18.574 0.055
4734.59850 18.334 0.044
4739.52949 18.310 0.047
4743.59102 18.306 0.050
4748.53462 18.326 0.057
4754.50997 18.452 0.057
4758.55514 18.286 0.050
4874.86890 18.466 0.047
4878.82894 18.219 0.052
4884.89598 18.533 0.045
4887.86837 18.308 0.027
4891.82492 18.564 0.058
4897.81426 18.409 0.043
4899.90961 18.302 0.041
4900.82080 18.507 0.047
4902.79785 18.249 0.037
4904.82616 18.252 0.028
4906.84860 18.354 0.044
4910.85522 18.500 0.037
4912.91056 18.539 0.034
4914.81991 18.359 0.035
4919.73660 18.208 0.030
4925.73972 18.289 0.031
4927.75583 18.254 0.037
4929.75538 18.322 0.048
4930.89465 18.352 0.040
4931.73943 18.587 0.057
4932.87236 18.340 0.036
4933.86711 18.405 0.042
4938.73659 18.466 0.037
4939.75963 18.498 0.046
4941.71602 18.387 0.037
4942.82046 18.575 0.041
4943.82850 18.554 0.039
4944.84436 18.448 0.030
4945.73791 18.331 0.030
4950.82009 18.556 0.038
4953.70270 18.351 0.033
4954.69685 18.524 0.041
4955.70380 18.545 0.047
