2125.55827 19.324 0.119
2129.64078 19.268 0.041
2132.58509 19.280 0.057
2135.72273 19.157 0.044
2140.68076 19.259 0.070
2144.56362 19.636 0.083
2160.55420 19.304 0.067
2168.62170 19.601 0.089
2187.53104 19.048 0.053
2206.52524 19.279 0.104
2331.86662 19.153 0.053
2358.83863 19.448 0.063
2372.79883 19.202 0.042
2382.92296 19.693 0.094
2386.86648 19.257 0.062
2390.80963 19.093 0.051
2397.77171 19.086 0.040
2401.79641 19.115 0.047
2403.85246 19.226 0.044
2405.82103 19.169 0.050
2414.80771 19.393 0.063
2416.77230 19.100 0.042
2424.86500 19.530 0.117
2428.76665 19.272 0.068
2434.67744 19.221 0.048
2436.72308 19.603 0.060
2438.70140 19.245 0.048
2440.84636 19.125 0.058
2443.70671 19.441 0.064
2445.58784 19.202 0.047
2448.57349 19.300 0.147
2453.82644 19.295 0.069
2459.52267 19.490 0.095
2463.49734 19.159 0.068
2464.72749 19.192 0.038
2467.63044 19.280 0.045
2469.64494 19.193 0.034
2471.65667 19.247 0.042
2473.62177 19.606 0.071
2483.68672 19.370 0.069
2486.67002 19.298 0.079
2490.63663 19.357 0.065
2493.59893 19.144 0.055
2495.67054 19.488 0.058
2497.75003 19.242 0.061
2499.77331 19.248 0.059
2502.51786 19.176 0.050
2508.61936 19.421 0.067
2512.56820 19.298 0.075
2517.68994 19.287 0.069
2520.52802 19.477 0.066
2526.62384 19.205 0.048
2537.60429 19.637 0.132
2541.60230 19.043 0.055
2547.54040 19.368 0.070
2551.57655 19.280 0.080
2556.53143 19.425 0.078
2563.56484 19.463 0.085
2574.54331 19.335 0.081
2705.90528 19.359 0.077
2706.87294 19.289 0.057
2714.85724 19.535 0.056
2728.88667 19.394 0.072
2733.86964 19.362 0.076
2744.85732 19.198 0.133
2752.92249 18.927 0.070
2756.88691 19.282 0.054
2760.85518 19.555 0.095
2766.88733 19.483 0.069
2770.77481 19.205 0.062
2783.77563 19.157 0.037
2785.88725 19.625 0.104
2786.88935 19.069 0.062
2789.69532 19.591 0.068
2791.67789 19.407 0.058
2794.82110 19.423 0.065
2796.76234 19.395 0.046
2808.90283 19.417 0.122
2809.90725 19.477 0.101
2810.83427 19.574 0.069
2811.87151 19.190 0.049
2813.66823 19.289 0.054
2815.78992 19.565 0.067
2817.74450 19.261 0.052
2818.80584 19.168 0.052
2820.67806 19.472 0.061
2826.70677 19.511 0.061
2834.74081 19.532 0.111
2835.85070 19.879 0.153
2837.58442 19.415 0.106
2839.62760 19.257 0.059
2841.64673 19.276 0.057
2843.57588 19.156 0.060
2845.60679 19.222 0.058
2849.75924 19.319 0.075
2849.78682 19.217 0.082
2851.76962 19.494 0.098
2853.77249 19.406 0.088
2856.66128 19.580 0.080
2858.63660 19.650 0.105
2863.59554 19.734 0.119
2866.68697 19.685 0.091
2869.67799 19.217 0.056
2872.67245 19.320 0.040
2877.64177 19.764 0.089
2883.61736 19.216 0.055
2892.60731 19.997 0.179
2896.62895 19.548 0.068
2902.59601 19.283 0.072
2907.57100 19.678 0.102
2917.55805 19.314 0.071
2929.59582 19.147 0.077
