2112.77379 17.426 0.014
2128.58871 17.714 0.017
2131.72987 17.558 0.020
2134.68686 17.644 0.020
2138.56595 17.611 0.020
2143.53466 17.449 0.023
2155.62210 17.476 0.021
2162.52561 17.451 0.018
2168.55379 17.582 0.021
2173.51194 17.439 0.023
2180.51046 17.362 0.014
2184.51521 17.478 0.020
2194.57052 17.384 0.018
2322.87353 17.392 0.016
2326.82149 17.440 0.020
2347.88476 17.544 0.018
2350.83534 17.609 0.015
2358.90029 17.368 0.016
2370.82807 17.509 0.018
2384.69851 17.588 0.018
2388.70280 17.490 0.021
2390.67457 17.642 0.028
2401.65455 17.538 0.019
2403.71991 17.509 0.013
2405.65682 17.526 0.018
2410.72448 17.594 0.015
2415.74106 17.430 0.019
2417.65186 17.391 0.019
2424.58484 17.797 0.032
2426.69753 17.475 0.016
2431.64009 17.681 0.021
2433.57980 17.528 0.021
2435.72439 17.692 0.020
2437.61268 17.790 0.033
2439.55769 17.724 0.020
2440.57027 17.613 0.019
2442.62820 17.463 0.019
2443.62216 17.510 0.016
2444.72760 17.429 0.017
2446.56991 17.615 0.019
2452.55192 17.418 0.020
2455.73968 17.515 0.018
2458.57191 17.501 0.023
2462.83134 17.543 0.018
2463.83854 17.423 0.017
2466.77132 17.441 0.019
2468.48504 17.418 0.018
2470.48737 17.757 0.027
2474.61457 17.606 0.019
2482.63741 17.666 0.020
2485.64769 17.483 0.021
2489.71787 17.431 0.016
2492.66329 17.456 0.016
2494.71696 17.705 0.020
2499.55593 17.722 0.018
2501.58318 17.397 0.014
2511.56342 17.657 0.028
2517.50151 17.561 0.026
2520.66729 17.459 0.015
2526.52020 17.390 0.014
2537.49418 17.622 0.025
2540.50987 17.379 0.020
2546.52021 17.373 0.019
2554.57341 17.436 0.017
2558.51013 17.728 0.035
2565.51357 17.579 0.022
2699.87349 17.390 0.017
2711.88853 17.478 0.015
2726.88240 17.524 0.013
2731.88949 17.585 0.016
2743.78547 17.595 0.017
2748.80446 17.591 0.020
2755.79413 17.556 0.016
2759.78965 17.449 0.016
2765.80299 17.481 0.015
2769.79509 17.508 0.011
2782.72500 17.549 0.018
2784.71788 17.380 0.012
2786.60760 17.509 0.023
2788.71773 17.758 0.016
2790.79785 17.411 0.014
2792.60203 17.844 0.031
2794.62585 17.430 0.018
2796.57978 17.394 0.014
2802.59838 17.488 0.023
2808.64597 17.400 0.016
2810.54435 17.495 0.020
2812.53307 17.419 0.017
2814.53219 17.442 0.021
2816.53550 17.600 0.018
2818.52281 17.468 0.016
2820.50780 17.390 0.018
2826.57545 17.360 0.015
2830.79760 17.679 0.021
2834.59213 17.500 0.031
2836.52675 17.495 0.017
2838.54629 17.672 0.018
2840.51746 17.544 0.019
2842.57147 17.383 0.015
2844.62670 17.492 0.016
2848.56899 17.506 0.021
2851.55218 17.626 0.020
2853.55605 17.689 0.019
2854.76104 17.559 0.022
2857.73826 17.391 0.017
2862.53868 17.445 0.020
2866.61926 17.579 0.020
2868.53303 17.698 0.018
2871.49883 17.494 0.015
2875.65216 17.468 0.020
2878.61525 17.551 0.012
2884.48910 17.702 0.023
2893.59877 17.500 0.015
2896.48051 17.438 0.021
2899.65604 17.468 0.017
2905.56505 17.490 0.024
2909.52098 17.365 0.019
2912.55863 17.610 0.018
2926.58242 17.550 0.021
3044.87367 17.495 0.020
3055.88958 17.705 0.021
3105.87421 17.385 0.022
3217.48812 17.498 0.018
4911.80605 17.389 0.010
