2128.71010 19.537 0.082
2131.62790 19.294 0.069
2135.59913 19.491 0.063
2140.58201 18.974 0.046
2143.68433 19.195 0.053
2162.65457 19.085 0.068
2170.56117 19.025 0.050
2173.63474 19.127 0.054
2183.57876 18.888 0.071
2185.51280 19.300 0.081
2200.53611 19.034 0.074
2328.84981 19.068 0.056
2344.90327 18.973 0.047
2351.86520 19.373 0.058
2360.87468 19.337 0.060
2371.84852 19.037 0.046
2381.85587 19.340 0.062
2385.87638 19.338 0.060
2389.88688 19.160 0.051
2391.77342 18.851 0.072
2400.76250 19.133 0.056
2400.79001 19.072 0.048
2402.87506 19.201 0.063
2404.92563 19.126 0.059
2406.91247 19.002 0.052
2414.84735 19.078 0.055
2416.73556 19.243 0.069
2424.79136 19.126 0.057
2428.82151 19.139 0.058
2431.75338 19.419 0.071
2433.72690 19.093 0.058
2435.67983 19.100 0.049
2437.74194 19.273 0.070
2439.67844 19.155 0.043
2441.65195 19.065 0.041
2444.65616 19.193 0.061
2446.75080 19.196 0.060
2452.66102 19.144 0.077
2458.79708 18.979 0.053
2462.65700 19.227 0.046
2464.61538 19.023 0.042
2467.50824 19.198 0.057
2469.51795 19.131 0.045
2471.75355 19.172 0.045
2473.50619 19.125 0.074
2483.58639 19.005 0.051
2486.56526 19.456 0.071
2490.53748 19.436 0.080
2492.77631 18.973 0.073
2495.56811 19.198 0.060
2497.62620 19.077 0.045
2499.67230 19.074 0.045
2501.69051 19.151 0.056
2508.50905 19.241 0.069
2511.68604 19.285 0.084
2518.60256 19.138 0.061
2521.61612 19.583 0.076
2535.54564 19.496 0.100
2541.52105 19.401 0.064
2546.56304 19.455 0.087
2555.57070 19.140 0.079
2562.52364 19.210 0.090
2573.55423 19.202 0.104
2713.84684 19.331 0.072
2727.88908 19.048 0.045
2732.90707 19.021 0.051
2743.89441 19.198 0.049
2752.80791 19.173 0.064
2755.91719 19.111 0.055
2759.90883 19.025 0.054
2765.93571 19.340 0.106
2770.66478 19.352 0.086
2782.90560 19.527 0.123
2784.88541 19.569 0.093
2786.73754 19.302 0.090
2789.60893 19.329 0.066
2791.56994 19.350 0.084
2794.72726 19.089 0.058
2796.67005 19.427 0.056
2802.72168 19.092 0.079
2808.76653 19.726 0.144
2810.70048 19.090 0.063
2812.66622 19.011 0.047
2813.75460 19.066 0.066
2815.69077 19.137 0.047
2816.82602 18.990 0.051
2817.83536 19.288 0.077
2819.62933 19.524 0.074
2821.59956 19.064 0.069
2830.63873 19.351 0.129
2835.56660 19.155 0.090
2836.79797 19.226 0.107
2838.69121 18.966 0.049
2840.66695 19.107 0.051
2842.73047 19.282 0.057
2844.73013 19.514 0.065
2849.62327 19.464 0.084
2851.65961 19.133 0.056
2853.66909 19.151 0.049
2856.54450 19.175 0.062
2858.52176 19.477 0.076
2860.67517 19.336 0.136
2863.66893 19.166 0.082
2867.62846 19.028 0.047
2870.70657 19.125 0.066
2876.68194 19.230 0.061
2879.62674 19.465 0.067
2882.58009 19.104 0.051
2893.68992 19.197 0.068
2896.56026 19.146 0.051
2907.51664 19.178 0.076
2925.55423 19.596 0.101
2935.57241 19.226 0.089
3049.86676 19.305 0.069
4686.64773 19.182 0.055
