2127.49565 17.195 0.024
2130.52846 17.296 0.019
2133.54262 17.257 0.018
2136.66381 17.274 0.024
2141.65460 17.227 0.027
2165.57705 17.096 0.021
2171.64410 17.249 0.021
2179.53444 17.251 0.024
2189.52945 17.291 0.031
2212.55423 17.285 0.029
2214.51151 17.251 0.032
2337.84145 17.276 0.022
2352.85895 17.328 0.024
2361.85339 17.353 0.025
2373.80823 17.296 0.024
2384.84405 17.306 0.021
2388.84339 17.271 0.019
2390.88173 17.272 0.024
2393.87561 17.308 0.028
2400.82300 17.289 0.021
2402.92970 17.294 0.024
2406.87246 17.267 0.025
2411.73050 17.253 0.019
2415.90578 17.289 0.027
2417.87656 17.283 0.022
2425.90846 17.286 0.034
2428.88663 17.308 0.027
2434.80322 17.306 0.019
2436.85190 17.270 0.022
2438.83573 17.310 0.022
2441.78809 17.276 0.019
2445.70924 17.324 0.022
2448.74151 17.375 0.044
2454.76825 17.392 0.028
2460.73548 17.247 0.028
2463.61888 17.295 0.021
2466.59210 17.344 0.021
2468.77661 17.334 0.022
2470.76057 17.290 0.021
2481.63307 17.305 0.031
2484.69524 17.253 0.025
2496.56174 17.301 0.018
2498.59980 17.312 0.016
2500.62592 17.306 0.019
2502.64412 17.303 0.024
2510.54368 17.321 0.028
2516.50448 17.287 0.027
2517.55138 17.349 0.029
2520.66012 17.292 0.022
2529.52661 17.319 0.021
2538.57584 17.279 0.027
2542.56481 17.310 0.021
2548.53002 17.254 0.025
2552.56739 17.284 0.027
2557.53164 17.263 0.024
2561.52758 17.244 0.029
2562.48403 17.299 0.043
2563.49391 17.288 0.022
2568.56213 17.281 0.038
2708.87957 17.298 0.022
2719.88576 17.308 0.022
2729.91124 17.270 0.024
2734.88479 17.287 0.021
2747.76893 17.185 0.027
2754.77918 17.263 0.022
2757.84421 17.315 0.022
2763.79735 17.283 0.021
2767.88963 17.293 0.027
2775.79511 17.333 0.028
2776.75000 17.331 0.035
2783.88411 17.297 0.022
2785.75049 17.298 0.024
2788.62996 17.301 0.024
2790.77632 17.315 0.021
2793.70303 17.281 0.024
2795.66295 17.305 0.019
2797.67411 17.291 0.018
2809.79421 17.285 0.024
2811.71467 17.284 0.025
2812.84395 17.282 0.024
2813.88768 17.298 0.027
2815.86846 17.299 0.027
2817.76696 17.307 0.022
2819.67734 17.299 0.019
2821.72652 17.283 0.024
2830.69877 17.302 0.032
2835.70827 17.308 0.022
2837.71870 17.267 0.034
2839.77846 17.307 0.027
2841.79962 17.274 0.024
2843.72693 17.299 0.022
2845.71658 17.315 0.021
2850.61264 17.363 0.019
2852.62393 17.365 0.028
2854.62098 17.337 0.024
2857.52773 17.289 0.021
2858.73999 17.330 0.024
2862.65105 17.349 0.029
2865.63116 17.299 0.019
2868.62744 17.303 0.021
2871.70814 17.314 0.024
2876.70912 17.333 0.025
2879.67446 17.273 0.027
2884.70566 17.239 0.027
2893.58209 17.273 0.019
2895.60942 17.262 0.019
2900.52370 17.265 0.025
2905.65640 17.222 0.031
2911.57765 17.295 0.022
2921.52732 17.255 0.027
2931.57837 17.310 0.025
3052.88814 17.268 0.021
3059.87409 17.281 0.021
3064.88542 17.274 0.022
3068.83848 17.249 0.022
3071.89106 17.328 0.022
3073.90018 17.274 0.019
3077.79032 17.176 0.049
3080.83946 17.276 0.021
3083.78574 17.303 0.018
3085.89759 17.309 0.018
3087.83221 17.323 0.021
3089.84893 17.311 0.016
3091.85000 17.307 0.021
3097.83259 17.296 0.019
3099.85861 17.307 0.024
3101.82789 17.283 0.022
3102.86024 17.284 0.019
3104.77585 17.320 0.038
3106.92243 17.299 0.024
3108.81256 17.339 0.019
3109.92653 17.301 0.022
3110.90241 17.295 0.019
3112.85940 17.321 0.018
3114.85437 17.379 0.019
3116.84198 17.340 0.022
3122.85783 17.335 0.028
3125.91495 17.324 0.027
3126.81146 17.297 0.018
3127.89749 17.324 0.022
3128.88679 17.311 0.024
3130.76434 17.292 0.024
3131.62966 17.280 0.035
3134.89977 17.281 0.044
3135.78467 17.294 0.019
3137.83662 17.345 0.024
3138.72181 17.351 0.022
3140.69356 17.309 0.021
3140.92737 17.252 0.022
3141.75867 17.309 0.021
3142.83294 17.308 0.019
3144.85089 17.286 0.019
3146.91731 17.273 0.018
3147.93377 17.296 0.024
3151.82491 17.287 0.024
3152.82461 17.325 0.021
3153.82314 17.267 0.022
3154.91702 17.293 0.027
3157.89711 17.302 0.024
3158.70962 17.315 0.029
3162.86093 17.294 0.022
3163.82327 17.303 0.019
3164.80900 17.286 0.019
3164.91645 17.294 0.025
3165.66225 17.279 0.016
3167.67182 17.262 0.024
3168.82211 17.290 0.019
3169.84805 17.296 0.022
3170.87758 17.274 0.018
3171.72383 17.306 0.016
3172.52259 17.293 0.024
3172.61567 17.357 0.018
3172.71308 17.277 0.016
3172.81478 17.380 0.021
3173.70096 17.285 0.021
3173.76190 17.250 0.019
3173.80931 17.331 0.022
3173.82742 17.350 0.022
3174.50662 17.283 0.024
3174.60169 17.323 0.019
3174.77657 17.312 0.019
3175.53540 17.276 0.024
3175.85752 17.338 0.021
3176.53947 17.265 0.028
3176.69324 17.281 0.024
3177.69649 17.274 0.027
3177.79406 17.277 0.027
3177.83316 17.363 0.029
3178.55267 17.278 0.027
3179.57604 17.280 0.019
3179.87786 17.254 0.021
3180.79441 17.281 0.016
3182.85468 17.286 0.021
3183.81047 17.339 0.027
3184.76909 17.330 0.019
3185.62396 17.299 0.018
3193.61924 17.275 0.018
3194.51893 17.264 0.025
3194.80968 17.300 0.019
3195.74280 17.359 0.019
3196.59569 17.295 0.021
3196.83849 17.267 0.021
3197.78419 17.291 0.021
3199.78072 17.270 0.024
3201.82790 17.337 0.025
3202.77527 17.343 0.019
3203.60440 17.281 0.015
3204.75245 17.379 0.019
3205.68278 17.283 0.016
3206.78926 17.274 0.027
3210.56634 17.288 0.022
3211.74628 17.240 0.022
3217.72217 17.297 0.022
3218.77328 17.213 0.031
3223.72223 17.269 0.024
3224.76673 17.302 0.025
3226.71413 17.231 0.027
3228.68774 17.260 0.021
3229.71850 17.281 0.022
3230.73439 17.288 0.022
3231.67917 17.319 0.025
3232.67712 17.246 0.027
3238.68621 17.316 0.025
3240.53539 17.317 0.021
3241.71904 17.239 0.025
3245.64803 17.269 0.025
3247.50933 17.223 0.019
3249.62173 17.280 0.022
3251.52475 17.294 0.024
3254.60630 17.207 0.024
3257.54428 17.292 0.016
3260.58975 17.247 0.028
3265.54270 17.305 0.022
3267.60095 17.306 0.022
3273.49998 17.265 0.032
3277.51932 17.281 0.024
3280.52020 17.240 0.025
3282.59092 17.237 0.016
3289.52505 17.208 0.024
3294.52033 17.295 0.018
3296.51944 17.221 0.021
3302.51662 17.262 0.028
3418.85924 17.253 0.019
3423.88730 17.260 0.015
3427.84100 17.312 0.024
3430.82643 17.297 0.022
3436.87304 17.309 0.024
3443.84416 17.271 0.016
3445.87263 17.298 0.016
3447.91700 17.243 0.024
3450.79660 17.291 0.016
3453.84001 17.264 0.021
3455.90554 17.309 0.022
3458.87526 17.307 0.019
3459.89046 17.288 0.019
3468.87393 17.302 0.019
3469.87662 17.302 0.016
3472.86155 17.274 0.016
3474.79515 17.250 0.021
3476.77170 17.319 0.016
3478.86709 17.255 0.018
3480.88273 17.284 0.021
3483.81761 17.291 0.018
3496.91098 17.277 0.022
3497.89795 17.292 0.018
3500.90701 17.283 0.021
3502.89125 17.284 0.018
3503.87209 17.330 0.016
3506.93149 17.310 0.019
3508.90884 17.296 0.025
3509.89166 17.317 0.018
3511.91520 17.255 0.018
3512.90508 17.243 0.019
3520.66733 17.283 0.021
3521.79806 17.245 0.018
3522.86571 17.332 0.024
3524.85695 17.292 0.018
3527.64025 17.334 0.018
3527.72571 17.279 0.015
3528.88462 17.251 0.024
3529.92342 17.226 0.018
3530.86293 17.314 0.015
3530.89431 17.318 0.016
3538.85245 17.333 0.021
3541.88661 17.266 0.021
3544.88404 17.267 0.025
3547.85144 17.280 0.022
3550.82826 17.276 0.018
3551.84026 17.261 0.018
3552.83563 17.299 0.024
3554.83862 17.233 0.027
3556.84669 17.307 0.028
3558.62361 17.242 0.016
3559.63200 17.244 0.016
3560.70840 17.281 0.019
3561.61561 17.204 0.016
3562.66300 17.299 0.018
3563.72768 17.252 0.018
3569.65563 17.306 0.032
3573.78606 17.283 0.024
3574.75829 17.182 0.019
3575.70023 17.321 0.018
3576.76686 17.278 0.022
3578.74131 17.276 0.018
3579.68987 17.275 0.016
3580.73644 17.270 0.022
3581.73939 17.254 0.019
3582.68833 17.283 0.016
3583.70651 17.249 0.018
3584.71045 17.369 0.016
3585.70903 17.295 0.016
3586.76310 17.294 0.018
3589.75258 17.263 0.021
3590.47630 17.291 0.019
3590.56090 17.350 0.019
3590.63980 17.322 0.019
3590.74876 17.304 0.022
3591.48938 17.252 0.018
3591.54463 17.320 0.015
3591.64243 17.259 0.015
3591.73037 17.286 0.018
3591.76513 17.248 0.018
3592.47507 17.246 0.019
3592.54263 17.278 0.016
3592.65952 17.289 0.016
3592.70158 17.269 0.016
3593.46870 17.398 0.019
3593.51878 17.265 0.015
3593.54768 17.307 0.019
3594.50613 17.203 0.022
3594.58876 17.333 0.016
3594.66518 17.304 0.018
3594.74891 17.269 0.022
3602.72532 17.290 0.028
3603.72031 17.299 0.025
3607.70426 17.274 0.024
3608.69694 17.293 0.019
3615.65464 17.260 0.021
3617.61627 17.322 0.022
3619.61338 17.287 0.019
3621.65508 17.255 0.021
3629.53930 17.289 0.016
3631.56816 17.245 0.024
3633.59313 17.264 0.028
3640.52651 17.255 0.022
3644.60236 17.241 0.021
3649.57835 17.262 0.021
3652.55227 17.301 0.027
3656.54506 17.305 0.025
3660.54926 17.276 0.027
3665.53208 17.285 0.025
3670.52218 17.218 0.028
3778.84179 17.239 0.025
3783.88067 17.261 0.016
3785.89164 17.273 0.019
3788.89567 17.262 0.022
3792.88584 17.333 0.018
3794.88497 17.314 0.018
3796.87675 17.290 0.022
3797.87640 17.291 0.018
3800.85744 17.296 0.024
3802.80437 17.269 0.019
3803.83697 17.294 0.019
3804.88413 17.323 0.021
3806.89666 17.300 0.018
3808.88163 17.291 0.018
3810.79763 17.364 0.025
3812.78379 17.255 0.024
3814.77468 17.239 0.021
3818.83961 17.269 0.019
3819.89904 17.271 0.015
3820.89128 17.230 0.016
3821.90263 17.293 0.016
3822.91448 17.265 0.018
3824.90953 17.258 0.022
3825.90160 17.276 0.018
3826.92506 17.275 0.022
3827.90077 17.293 0.015
3828.91288 17.327 0.019
3829.90877 17.302 0.016
3830.87520 17.255 0.018
3832.90298 17.290 0.019
3833.89138 17.310 0.018
3834.81658 17.309 0.016
3835.86899 17.324 0.016
3836.87847 17.278 0.018
3837.85723 17.305 0.016
3838.86137 17.317 0.019
3839.88043 17.227 0.024
3840.86443 17.280 0.018
3841.84779 17.325 0.019
3842.76163 17.332 0.021
3842.92265 17.368 0.031
3845.85215 17.239 0.024
3846.85608 17.304 0.016
3847.89796 17.287 0.022
3848.87166 17.277 0.021
3849.90089 17.293 0.019
3850.82094 17.286 0.019
3851.82723 17.245 0.022
3852.81934 17.343 0.019
3853.80864 17.349 0.018
3856.79727 17.307 0.019
3858.86130 17.309 0.018
3860.85266 17.344 0.025
3861.86794 17.355 0.018
3862.81112 17.306 0.016
3863.78935 17.280 0.018
3864.81327 17.299 0.016
3865.77557 17.287 0.019
3866.74073 17.293 0.018
3867.74809 17.303 0.021
3868.74348 17.314 0.025
3869.72522 17.297 0.022
3873.72870 17.300 0.019
3874.77549 17.290 0.021
3875.75815 17.288 0.015
3877.71710 17.306 0.019
3880.78384 17.287 0.016
3881.79241 17.364 0.016
3882.72736 17.278 0.019
3883.77914 17.259 0.021
3886.74272 17.281 0.019
3887.72247 17.286 0.016
3889.88422 17.279 0.018
3891.61586 17.257 0.024
3892.75150 17.275 0.018
3893.78234 17.290 0.024
3894.81936 17.277 0.022
3896.76979 17.267 0.025
3900.66654 17.284 0.025
3901.67206 17.307 0.021
3902.68960 17.274 0.018
3903.83060 17.287 0.021
3904.66945 17.307 0.015
3905.68013 17.251 0.016
3906.65796 17.279 0.018
3907.72400 17.234 0.025
3908.66393 17.276 0.015
3909.66205 17.280 0.015
3912.66614 17.308 0.013
3913.66633 17.278 0.015
3914.71409 17.291 0.015
3915.66320 17.318 0.016
3916.74494 17.294 0.021
3917.76212 17.321 0.021
3918.76244 17.267 0.018
3919.69260 17.252 0.013
3920.64629 17.242 0.019
3921.65476 17.268 0.027
3930.71641 17.277 0.018
3931.63261 17.323 0.021
3932.59646 17.263 0.015
3933.64366 17.339 0.015
3934.61038 17.296 0.016
3934.81553 17.219 0.021
3935.59135 17.267 0.018
3936.57641 17.267 0.021
3937.65522 17.250 0.018
3938.62066 17.274 0.016
3940.76546 17.301 0.016
3942.51366 17.249 0.024
3944.48380 17.333 0.019
3944.60196 17.320 0.019
3944.70185 17.362 0.016
3944.77866 17.260 0.021
3945.47758 17.249 0.021
3945.60032 17.281 0.024
3945.68179 17.304 0.016
3945.77077 17.338 0.022
3946.48332 17.282 0.022
3946.64859 17.301 0.018
3946.69595 17.295 0.019
3946.74700 17.361 0.022
3946.76234 17.293 0.021
3946.78180 17.352 0.025
3950.66410 17.254 0.016
3951.67490 17.326 0.024
3959.63573 17.304 0.019
3960.62684 17.289 0.016
3963.63222 17.302 0.018
3964.66836 17.296 0.016
3965.64324 17.293 0.016
3966.63770 17.294 0.018
3967.66113 17.260 0.018
3968.62064 17.261 0.019
3969.63112 17.271 0.022
3970.63787 17.272 0.019
3971.66923 17.283 0.018
3973.69743 17.262 0.022
3974.63498 17.248 0.019
3975.62757 17.285 0.019
3976.62150 17.242 0.019
3979.65669 17.219 0.022
3982.68940 17.286 0.038
3986.67001 17.224 0.027
3987.61878 17.250 0.019
3988.65091 17.244 0.018
3989.56905 17.294 0.024
3991.57048 17.177 0.027
3995.51831 17.289 0.018
4001.58864 17.311 0.021
4002.62425 17.301 0.021
4003.57872 17.298 0.016
4011.56205 17.261 0.027
4015.59100 17.312 0.031
4017.56470 17.412 0.024
4019.57288 17.376 0.025
4023.55563 17.245 0.028
4025.50718 17.307 0.021
4027.51495 17.331 0.024
4030.50698 17.263 0.024
4151.89739 17.290 0.031
4155.86138 17.300 0.025
4158.82316 17.276 0.024
4160.88649 17.249 0.029
4162.87389 17.320 0.027
4165.85830 17.275 0.027
4167.85122 17.267 0.034
4169.85357 17.289 0.022
4174.86764 17.282 0.022
4176.84492 17.309 0.024
4177.90182 17.280 0.021
4179.79613 17.316 0.024
4180.86469 17.309 0.024
4182.77304 17.304 0.021
4183.81000 17.324 0.024
4185.78575 17.302 0.024
4190.88378 17.405 0.022
4192.88800 17.390 0.022
4193.89901 17.353 0.022
4196.87864 17.337 0.022
4202.89028 17.321 0.021
4203.87844 17.307 0.019
4204.88526 17.291 0.019
4205.87407 17.299 0.021
4207.89799 17.287 0.021
4208.90749 17.271 0.022
4213.87900 17.277 0.015
4215.91313 17.295 0.019
4216.83760 17.288 0.022
4217.85986 17.319 0.018
4218.90422 17.297 0.019
4220.88835 17.261 0.029
4222.84806 17.307 0.021
4228.85203 17.281 0.025
4229.81745 17.310 0.022
4230.79860 17.297 0.018
4231.84091 17.260 0.021
4232.86186 17.239 0.028
4234.79655 17.297 0.019
4234.83402 17.308 0.021
4235.82043 17.280 0.019
4237.63729 17.290 0.028
4238.82500 17.253 0.027
4240.61871 17.252 0.031
4243.87130 17.262 0.025
4244.87805 17.285 0.025
4244.88690 17.259 0.025
4244.90986 17.275 0.024
4245.91247 17.265 0.024
4246.92536 17.285 0.028
4247.58247 17.297 0.018
4250.91170 17.275 0.029
4256.81003 17.252 0.027
4257.69393 17.336 0.027
4258.79685 17.292 0.024
4268.57791 17.258 0.027
4269.71771 17.326 0.019
4272.63956 17.301 0.021
4273.68700 17.302 0.022
4274.67084 17.287 0.022
4275.72764 17.312 0.025
4277.56851 17.282 0.027
4278.70160 17.284 0.027
4283.64864 17.278 0.021
4284.63007 17.295 0.025
4285.63707 17.244 0.025
4286.73081 17.288 0.028
4289.68052 17.308 0.027
4290.75972 17.209 0.028
4291.75793 17.262 0.027
4292.61548 17.283 0.019
4293.64323 17.311 0.019
4294.68447 17.311 0.024
4295.64448 17.319 0.021
4296.62364 17.278 0.019
4297.55518 17.309 0.021
4298.78668 17.331 0.027
4299.75684 17.300 0.019
4300.68683 17.275 0.022
4301.55613 17.299 0.019
4302.79007 17.264 0.024
4306.54712 17.263 0.031
4307.56874 17.298 0.021
4311.58964 17.208 0.028
4312.65689 17.302 0.019
4317.64398 17.220 0.022
4319.65293 17.277 0.025
4326.66214 17.299 0.022
4327.69730 17.230 0.028
4328.63210 17.221 0.022
4329.62334 17.269 0.025
4330.63675 17.261 0.021
4331.63216 17.261 0.024
4332.68684 17.259 0.025
4333.63595 17.225 0.027
4334.64942 17.328 0.037
4338.66904 17.303 0.029
4339.63902 17.298 0.025
4340.70219 17.321 0.029
4341.67975 17.270 0.029
4342.68006 17.283 0.025
4343.64988 17.296 0.025
4345.64977 17.220 0.029
4346.65493 17.202 0.028
4347.66905 17.286 0.025
4349.64410 17.344 0.024
4350.66865 17.312 0.027
4351.63955 17.329 0.025
4354.64828 17.326 0.027
4357.58636 17.280 0.025
4359.55986 17.297 0.024
4365.60127 17.314 0.029
4368.60432 17.212 0.031
4370.55994 17.305 0.021
4372.59278 17.324 0.022
4377.55349 17.292 0.025
4381.59586 17.251 0.032
4515.89691 17.321 0.028
4520.87591 17.266 0.027
4523.85945 17.309 0.027
4525.85417 17.288 0.031
4532.88233 17.295 0.022
4534.90343 17.259 0.024
4537.79446 17.279 0.025
4538.90786 17.258 0.024
4539.79925 17.248 0.022
4541.83113 17.289 0.022
4543.82084 17.303 0.019
4544.81773 17.310 0.022
4545.83522 17.292 0.019
4547.80908 17.312 0.021
4550.80809 17.284 0.025
4552.79811 17.275 0.024
4556.88987 17.299 0.018
4557.91554 17.277 0.016
4558.88206 17.255 0.019
4559.87998 17.285 0.019
4560.88017 17.289 0.018
4561.86921 17.327 0.016
4564.87334 17.338 0.018
4565.86301 17.316 0.016
4566.86421 17.282 0.016
4567.86979 17.316 0.018
4568.90174 17.277 0.016
4569.88496 17.301 0.022
4570.89350 17.316 0.019
4571.85524 17.280 0.018
4572.89360 17.305 0.024
4573.86884 17.282 0.018
4574.87738 17.280 0.019
4575.88560 17.286 0.019
4583.85207 17.297 0.024
4585.84261 17.326 0.019
4586.86139 17.281 0.021
4587.87329 17.209 0.027
4588.76348 17.319 0.021
4589.73285 17.359 0.022
4590.81249 17.278 0.019
4591.72531 17.311 0.019
4592.79888 17.301 0.025
4593.78431 17.297 0.019
4594.81267 17.291 0.019
4595.80350 17.300 0.018
4596.75916 17.341 0.018
4597.82097 17.252 0.019
4598.79048 17.377 0.018
4599.76971 17.339 0.018
4600.79209 17.401 0.018
4601.78069 17.368 0.018
4602.78434 17.328 0.016
4606.83803 17.342 0.022
4611.76180 17.279 0.022
4616.75394 17.291 0.019
4616.93984 17.251 0.029
4618.65835 17.265 0.022
4622.73708 17.271 0.021
4623.81014 17.258 0.024
4624.74889 17.253 0.021
4625.73186 17.268 0.022
4626.79394 17.226 0.022
4627.71116 17.297 0.018
4628.70002 17.286 0.019
4629.76952 17.290 0.019
4630.70872 17.272 0.019
4631.72398 17.300 0.016
4632.75844 17.264 0.019
4633.89389 17.270 0.031
4639.84655 17.299 0.034
4640.85099 17.180 0.028
4641.88858 17.246 0.029
4642.53441 17.261 0.027
4643.69084 17.289 0.022
4644.78095 17.276 0.022
4645.69330 17.241 0.021
4646.66051 17.272 0.018
4647.68190 17.299 0.021
4649.66701 17.274 0.019
4650.70505 17.237 0.021
4651.70570 17.302 0.022
4652.63826 17.272 0.021
4653.63322 17.277 0.019
4654.67025 17.222 0.024
4655.64148 17.279 0.018
4656.63760 17.240 0.022
4658.79484 17.226 0.031
4661.62725 17.284 0.019
4666.49847 17.294 0.028
4670.72996 17.270 0.025
4671.68356 17.287 0.021
4672.64334 17.326 0.024
4674.67125 17.263 0.022
4675.79614 17.299 0.027
4677.71546 17.273 0.021
4679.68836 17.290 0.028
4681.69936 17.308 0.025
4682.69700 17.351 0.021
4683.65302 17.331 0.024
4684.67178 17.324 0.025
4684.76497 17.264 0.022
4685.69761 17.318 0.024
4686.77018 17.295 0.022
4687.68588 17.276 0.025
4688.63175 17.269 0.021
4694.71588 17.311 0.035
4697.64066 17.296 0.027
4698.65874 17.236 0.025
4700.65398 17.254 0.022
4701.63729 17.281 0.024
4702.65173 17.271 0.025
4708.67338 17.303 0.025
4715.63444 17.250 0.027
4720.64013 17.241 0.035
4721.64758 17.250 0.032
4722.63814 17.244 0.027
4725.61102 17.323 0.029
4726.63929 17.229 0.025
4733.60033 17.265 0.027
4739.49311 17.332 0.027
4750.54244 17.274 0.031
4757.54931 17.347 0.024
4763.52559 17.294 0.025
4876.89322 17.271 0.028
4883.87946 17.261 0.027
4886.84618 17.279 0.022
4890.81867 17.258 0.022
4894.86965 17.207 0.022
4898.86295 17.256 0.019
4900.84843 17.324 0.021
4901.90003 17.270 0.018
4902.82566 17.291 0.019
4903.88831 17.262 0.019
4904.85382 17.300 0.022
4906.90686 17.275 0.024
4911.88902 17.270 0.016
4913.90242 17.266 0.018
4924.89748 17.278 0.019
4926.74825 17.267 0.021
4928.80420 17.294 0.024
4930.73965 17.314 0.022
4931.88181 17.274 0.021
4932.78967 17.271 0.018
4933.73390 17.271 0.024
4934.83549 17.275 0.021
4938.84399 17.301 0.024
4940.78873 17.261 0.019
4941.84056 17.245 0.021
4942.86599 17.301 0.019
4943.72317 17.240 0.018
4944.78805 17.254 0.018
4949.80252 17.269 0.018
4951.82746 17.305 0.024
4953.73207 17.329 0.021
4954.84958 17.274 0.019
