2117.78615 18.950 0.077
2125.48259 18.764 0.100
2129.57183 18.879 0.064
2132.51655 18.752 0.050
2135.64269 18.766 0.048
2140.61200 18.714 0.052
2143.71814 18.844 0.061
2158.54388 18.873 0.058
2167.49928 18.867 0.061
2172.51489 18.779 0.074
2185.54320 18.834 0.070
2204.53338 18.835 0.108
2205.52439 19.135 0.142
2329.87707 18.817 0.053
2346.86951 18.788 0.050
2352.82386 18.889 0.074
2361.81817 18.797 0.065
2371.87889 18.737 0.050
2381.89746 18.842 0.049
2385.90720 18.770 0.052
2389.91815 18.945 0.058
2391.81175 18.938 0.123
2397.86430 18.754 0.055
2401.72432 18.792 0.050
2403.78305 18.865 0.046
2405.74482 18.833 0.054
2415.81799 18.788 0.058
2424.69667 18.814 0.052
2432.71831 18.799 0.082
2433.91425 18.998 0.117
2434.58804 18.761 0.065
2436.64126 19.250 0.079
2438.65689 18.754 0.048
2440.64960 18.759 0.053
2444.76892 18.734 0.059
2448.75030 18.944 0.183
2453.75610 18.811 0.063
2455.67086 18.771 0.053
2456.51731 18.749 0.069
2458.63192 18.767 0.054
2462.58606 18.826 0.048
2464.65517 18.986 0.050
2467.56170 18.744 0.049
2469.54900 18.819 0.047
2471.68396 18.776 0.039
2473.53703 18.721 0.054
2483.61763 18.859 0.054
2486.60073 18.723 0.055
2490.56772 18.800 0.058
2493.52590 18.846 0.054
2495.60206 18.721 0.050
2497.65643 18.818 0.052
2499.70433 18.828 0.047
2501.72223 18.874 0.053
2508.53909 18.792 0.059
2511.72005 18.765 0.106
2518.63702 19.256 0.077
2518.64819 19.249 0.092
2521.65175 18.843 0.069
2524.49078 18.849 0.057
2526.48863 18.778 0.066
2528.51501 18.800 0.066
2529.61494 18.764 0.059
2537.55900 18.704 0.082
2541.52724 18.784 0.047
2546.59312 19.846 0.190
2555.60110 18.810 0.079
2573.52266 18.799 0.087
2704.89570 18.703 0.046
2713.87760 18.770 0.053
2728.81949 18.733 0.055
2733.79229 18.784 0.065
2744.77602 18.815 0.049
2752.83943 18.880 0.075
2755.83713 18.731 0.054
2756.81882 18.814 0.057
2760.78402 18.734 0.057
2766.81178 18.771 0.048
2770.69810 18.737 0.055
2782.93617 18.766 0.092
2785.89291 18.688 0.064
2786.77900 18.800 0.063
2790.68945 18.782 0.047
2793.61223 18.924 0.103
2795.60479 18.820 0.058
2797.59288 18.840 0.055
2802.79996 18.725 0.070
2808.82672 18.761 0.081
2810.74552 18.695 0.049
2811.80394 18.723 0.053
2813.60033 18.783 0.055
2815.72096 18.755 0.048
2817.67465 18.872 0.068
2818.73716 19.071 0.068
2820.60561 19.057 0.073
2821.62983 18.772 0.050
2826.59958 18.827 0.060
2830.70231 18.794 0.131
2835.59719 19.090 0.129
2837.51262 18.957 0.095
2839.54605 18.789 0.079
2840.70345 18.691 0.050
2843.48257 18.774 0.073
2844.76380 18.790 0.055
2849.67784 18.825 0.060
2851.69899 18.818 0.068
2853.70086 18.781 0.053
2856.58506 18.790 0.059
2858.55121 18.742 0.054
2860.70225 18.699 0.081
2863.62480 18.749 0.073
2866.71359 18.893 0.081
2869.60710 18.835 0.052
2872.62832 18.781 0.041
2877.56799 18.759 0.055
2882.63104 18.882 0.048
2892.52082 18.762 0.064
2895.67117 18.722 0.057
2900.53270 18.803 0.077
2905.58663 19.043 0.097
2911.50247 18.719 0.071
2916.57092 18.838 0.074
2929.53117 18.743 0.086
2937.55635 18.836 0.120
3050.84561 18.818 0.066
3058.81100 18.871 0.061
3061.87541 18.840 0.063
3067.81177 18.772 0.052
3069.88549 18.761 0.043
3072.85029 18.733 0.046
3074.88979 18.774 0.048
3079.79667 19.061 0.073
3081.90070 18.776 0.059
3084.75632 18.824 0.057
3086.75118 18.757 0.042
3087.85467 18.777 0.050
3089.77207 18.806 0.052
3091.73405 18.832 0.053
3096.76103 18.854 0.069
3098.76544 18.817 0.050
3100.88168 18.801 0.050
3102.76091 18.803 0.058
3103.91412 18.967 0.074
3107.76086 19.132 0.063
3108.83098 18.832 0.049
3109.90063 18.815 0.055
3110.75017 18.855 0.057
3111.80767 18.741 0.049
3113.78687 18.770 0.042
3114.72516 18.820 0.048
3115.78710 18.784 0.050
3118.84373 18.984 0.070
3122.79411 18.926 0.079
3125.77156 18.924 0.082
3126.77823 18.821 0.049
3127.71148 18.753 0.050
3128.73108 18.794 0.058
3129.71391 18.872 0.073
3130.88536 18.941 0.085
3134.68416 18.779 0.095
3137.73042 18.911 0.077
3138.83792 18.813 0.054
3139.77374 18.834 0.048
3140.78590 18.797 0.046
3142.64455 18.813 0.050
3142.90066 18.739 0.053
3144.70812 18.791 0.046
3146.67077 18.644 0.054
3151.66497 18.841 0.075
3152.67012 18.827 0.054
3152.88306 18.834 0.074
3153.67302 18.856 0.059
3154.61574 18.826 0.092
3156.66421 18.817 0.058
3158.73848 18.821 0.091
3162.71966 18.850 0.070
3163.68351 19.172 0.068
3164.65076 18.772 0.046
3165.81875 18.856 0.043
3167.86604 18.878 0.066
3168.66692 18.763 0.059
3169.63589 18.834 0.048
3170.70889 18.860 0.057
3171.66387 18.780 0.044
3172.64370 18.807 0.044
3174.62811 18.733 0.041
3175.62992 18.917 0.050
3176.66404 19.256 0.088
3178.69250 18.733 0.055
3179.72273 18.758 0.049
3180.61805 18.770 0.035
3182.68376 18.780 0.047
3183.63278 18.784 0.054
3184.60367 18.784 0.041
3185.76898 18.849 0.063
3192.74951 18.882 0.071
3193.78716 18.779 0.060
3194.65344 18.839 0.086
3195.58459 18.756 0.047
3196.66059 18.857 0.060
3197.66348 18.921 0.061
3199.69513 18.842 0.047
3202.68287 18.804 0.053
3203.72808 18.825 0.046
3204.72378 19.000 0.053
3205.60215 18.842 0.039
3206.57922 19.084 0.052
3210.69031 18.748 0.053
3211.59525 18.755 0.054
3212.58084 18.700 0.074
3217.57005 18.795 0.065
3218.56928 18.865 0.070
3223.56554 18.676 0.070
3224.57441 18.830 0.047
3226.52953 18.754 0.054
3228.65870 19.036 0.076
3229.54263 18.857 0.044
3230.58148 18.789 0.043
3231.48244 18.831 0.063
3238.70716 18.810 0.085
3240.69104 18.966 0.091
3241.57538 18.758 0.131
3244.67281 18.742 0.084
3246.55937 18.860 0.077
3247.68742 18.843 0.082
3248.58417 18.733 0.065
3250.57146 18.769 0.054
3253.56325 18.740 0.046
3255.68071 19.081 0.108
3259.53955 18.806 0.074
3262.55113 18.692 0.057
3266.56474 18.800 0.086
3268.62997 18.720 0.060
3271.49139 18.910 0.184
3274.54421 18.713 0.071
3278.49459 18.821 0.060
3280.60083 18.898 0.075
3287.52722 18.642 0.052
3292.51598 18.838 0.068
3414.87953 18.640 0.047
3419.88690 18.877 0.047
3424.88383 18.785 0.052
3427.90292 18.862 0.082
3430.86886 18.879 0.049
3442.80517 18.740 0.055
3444.85926 18.759 0.048
3446.88788 18.855 0.054
3449.77765 18.787 0.049
3452.80254 18.786 0.052
3454.85977 18.966 0.068
3457.81752 18.756 0.050
3458.78853 18.821 0.055
3458.83776 18.793 0.054
3467.84589 18.827 0.048
3469.75156 18.759 0.043
3471.84145 18.724 0.059
3472.90881 18.855 0.049
3473.74614 18.817 0.052
3474.92421 19.273 0.088
3475.76934 18.756 0.043
3477.85641 18.705 0.046
3479.80567 18.815 0.037
3481.70510 18.776 0.055
3483.86469 18.762 0.054
3496.82797 19.349 0.100
3497.70208 19.062 0.103
3500.76615 18.714 0.044
3501.75988 18.794 0.047
3502.79060 18.738 0.039
3503.75213 18.754 0.039
3504.76858 19.349 0.076
3506.90330 18.982 0.086
3508.85610 18.939 0.069
3509.80343 18.822 0.048
3510.81528 18.869 0.049
3511.76743 18.718 0.050
3512.63955 18.703 0.068
3517.92422 18.860 0.061
3520.63189 18.646 0.047
3521.73767 18.809 0.043
3522.64922 18.844 0.047
3523.68935 18.802 0.046
3524.73244 18.789 0.046
3525.70987 18.831 0.041
3525.78715 18.764 0.043
3526.79646 18.831 0.043
3527.88688 18.657 0.068
3528.74861 18.726 0.038
3529.87340 18.739 0.046
3530.57144 18.799 0.053
3538.81799 18.901 0.057
3539.59800 18.818 0.069
3541.85815 18.745 0.052
3547.67702 19.227 0.102
3550.76411 18.872 0.041
3551.73913 18.727 0.033
3552.76122 18.709 0.046
3553.66053 18.760 0.059
3554.73758 18.838 0.063
3556.62410 18.769 0.049
3558.64077 18.730 0.038
3559.72098 18.830 0.047
3560.79548 18.909 0.048
3561.64787 18.779 0.041
3562.50297 18.903 0.048
3563.55680 18.801 0.046
3564.64412 18.759 0.047
3569.74235 18.706 0.058
3573.55432 18.766 0.065
3574.60931 18.761 0.053
3575.59798 19.223 0.061
3576.57268 18.847 0.050
3577.63821 18.796 0.046
3578.58491 18.806 0.042
3579.51339 18.760 0.039
3580.55218 18.743 0.046
3581.59240 18.773 0.048
3582.54052 18.770 0.053
3583.49027 18.885 0.063
3584.56617 18.794 0.044
3585.55692 18.740 0.041
3586.53801 18.704 0.043
3587.69024 18.840 0.063
3588.62426 18.845 0.046
3589.59551 18.845 0.033
3590.56399 19.235 0.065
3592.57996 18.792 0.038
3593.58522 18.817 0.043
3601.54188 18.804 0.046
3602.54677 18.754 0.061
3603.55299 19.222 0.074
3607.55350 18.785 0.042
3608.55057 18.774 0.061
3615.67158 18.866 0.066
3619.52078 18.771 0.049
3620.62918 18.869 0.049
3629.56000 18.813 0.061
3632.48299 18.921 0.086
3634.54102 18.814 0.046
3640.48594 18.914 0.081
3643.53742 18.801 0.074
3646.56834 18.970 0.102
3649.48377 18.710 0.084
3653.56356 18.657 0.088
3658.49985 18.879 0.090
3661.49569 18.748 0.092
3666.50707 18.760 0.060
3774.87624 18.732 0.046
3780.85601 18.804 0.066
3786.84697 18.867 0.077
3790.84753 18.824 0.074
3793.83755 18.836 0.058
3795.82825 18.910 0.068
3797.82242 18.706 0.050
3798.87066 18.685 0.042
3801.79301 18.658 0.052
3803.78323 18.686 0.049
3804.82600 18.947 0.074
3805.86341 18.781 0.048
3806.86011 18.722 0.049
3808.83312 18.809 0.055
3809.83685 18.849 0.055
3810.88491 18.778 0.054
3811.91207 18.786 0.060
3813.89771 18.815 0.053
3814.89531 18.753 0.048
3818.80518 18.640 0.052
3819.86885 19.243 0.061
3820.83254 18.781 0.043
3821.83677 18.781 0.041
3822.88710 18.844 0.048
3823.85110 18.715 0.039
3824.84869 18.788 0.058
3825.87056 18.765 0.046
3826.84840 18.793 0.050
3827.87136 18.774 0.041
3828.84677 18.866 0.061
3829.82503 18.796 0.047
3830.81748 18.697 0.041
3832.80901 18.909 0.046
3832.84517 19.151 0.060
3833.72028 18.807 0.044
3834.85756 18.814 0.042
3835.80803 18.801 0.039
3836.81290 18.742 0.057
3837.80296 18.802 0.054
3838.80712 18.806 0.060
3839.81554 18.626 0.053
3840.81021 18.759 0.054
3841.78838 18.762 0.054
3845.78927 18.784 0.063
3846.79367 18.771 0.050
3847.87359 18.912 0.059
3848.81743 18.805 0.048
3849.82900 18.881 0.050
3850.76346 18.765 0.046
3851.77334 18.794 0.068
3852.76190 18.818 0.055
3853.75460 18.709 0.032
3856.74349 18.755 0.046
3858.80363 18.781 0.063
3859.74886 18.986 0.070
3860.89383 19.127 0.084
3861.73569 18.764 0.054
3862.75297 19.079 0.054
3863.76470 18.772 0.042
3864.75385 18.794 0.041
3865.64305 18.727 0.048
3866.64887 18.696 0.054
3867.79216 18.799 0.058
3868.64351 18.892 0.074
3869.80478 18.835 0.075
3873.62993 18.728 0.049
3874.85191 18.955 0.061
3875.62004 18.745 0.041
3877.61461 19.269 0.064
3877.65331 19.176 0.063
3880.72643 18.793 0.046
3881.72620 18.759 0.043
3882.66119 18.775 0.046
3883.71377 18.746 0.042
3886.67541 18.785 0.039
3887.66812 18.831 0.050
3889.82285 18.885 0.059
3890.61348 19.236 0.081
3891.74624 18.807 0.061
3892.80519 18.609 0.048
3893.70316 18.774 0.073
3894.74479 18.805 0.053
3896.69315 18.688 0.058
3900.60099 18.721 0.058
3901.61763 18.760 0.057
3902.63222 18.755 0.043
3903.73441 19.187 0.071
3904.61525 18.769 0.043
3905.61551 19.158 0.052
3906.60363 18.840 0.053
3907.66485 18.899 0.065
3908.59354 18.749 0.042
3909.59955 18.783 0.043
3910.66075 18.708 0.044
3912.60106 18.763 0.036
3913.59858 18.753 0.035
3914.61661 18.809 0.049
3915.59641 18.747 0.046
3916.64769 18.764 0.055
3917.68807 18.815 0.053
3918.69070 18.920 0.049
3919.62788 18.863 0.054
3920.57986 18.912 0.055
3920.85746 18.764 0.053
3921.59193 18.784 0.079
3930.64203 18.726 0.055
3931.57804 18.568 0.052
3931.71560 19.098 0.066
3932.66852 18.782 0.046
3933.58214 19.099 0.055
3934.55285 18.683 0.042
3935.63103 18.762 0.044
3936.55335 18.718 0.046
3937.62896 18.779 0.048
3938.56202 18.725 0.054
3940.70225 18.789 0.043
3944.64376 18.878 0.048
3945.58344 18.691 0.049
3946.58066 19.281 0.090
3950.59303 18.831 0.048
3951.61942 18.730 0.064
3956.62968 18.726 0.064
3957.56749 18.647 0.057
3958.64792 18.867 0.065
3959.57998 18.964 0.069
3960.56819 18.761 0.038
3963.60956 18.765 0.047
3964.59259 18.746 0.044
3965.58614 18.803 0.042
3966.57407 18.720 0.046
3967.60649 18.757 0.054
3968.56057 18.716 0.058
3969.56807 18.763 0.043
3970.58123 18.750 0.057
3971.49704 18.656 0.066
3971.53951 18.740 0.061
3971.61293 18.787 0.054
3971.68852 18.723 0.052
3973.64262 18.799 0.053
3974.57506 19.363 0.112
3975.56998 18.854 0.047
3976.56754 18.783 0.048
3979.58632 18.791 0.074
3982.51883 18.754 0.073
3986.64414 18.749 0.074
3987.56410 19.157 0.074
3988.58136 18.797 0.042
3989.64675 18.838 0.086
3991.53985 18.858 0.061
3994.60840 18.893 0.076
3995.63602 19.061 0.054
3999.54244 18.796 0.065
4001.56590 18.975 0.061
4002.56680 19.128 0.063
4004.58549 18.724 0.073
4005.60096 18.799 0.054
4006.58659 18.815 0.049
4011.50368 18.663 0.064
4015.53025 19.106 0.103
4017.50491 18.893 0.059
4019.50912 19.024 0.076
4021.51508 18.593 0.069
4024.54472 18.723 0.055
4026.54026 18.804 0.055
4028.55631 19.247 0.098
4146.88621 18.707 0.074
4154.88107 18.805 0.053
4157.84930 18.779 0.054
4159.86813 18.770 0.063
4162.81456 19.232 0.113
4164.85527 18.683 0.049
4166.87112 18.773 0.085
4168.90714 18.805 0.063
4174.79318 18.734 0.063
4176.78616 18.828 0.057
4177.83571 18.872 0.057
4178.88268 18.738 0.053
4180.76614 18.728 0.069
4181.86517 18.779 0.048
4182.91739 18.757 0.053
4184.80006 18.691 0.050
4185.92101 18.836 0.071
4190.81119 19.300 0.090
4191.91133 18.823 0.064
4192.82991 18.739 0.061
4193.84086 18.709 0.055
4194.86247 18.762 0.053
4196.85092 18.755 0.055
4202.83223 18.759 0.047
4203.82040 19.273 0.074
4204.81584 18.784 0.047
4205.81091 18.818 0.050
4207.81298 18.731 0.042
4208.83652 18.806 0.050
4213.81170 18.809 0.048
4215.81798 18.754 0.049
4216.77572 18.808 0.059
4217.78352 18.758 0.041
4218.83847 18.876 0.079
4219.86560 18.779 0.059
4220.80559 18.760 0.050
4222.77140 18.730 0.064
4224.88784 18.899 0.075
4228.76861 18.848 0.103
4229.75327 18.753 0.058
4230.73708 18.703 0.054
4231.73945 19.238 0.086
4232.62611 18.694 0.074
4232.75094 18.745 0.059
4234.64470 18.947 0.076
4235.71268 18.714 0.048
4238.76262 18.817 0.064
4239.74176 18.857 0.060
4240.88252 18.730 0.060
4243.78133 18.720 0.059
4244.75646 18.823 0.057
4245.74726 18.731 0.041
4246.80493 18.907 0.057
4250.83034 18.789 0.064
4256.66724 18.727 0.077
4258.67698 18.789 0.058
4267.64224 18.823 0.054
4268.81085 18.782 0.049
4269.62071 18.730 0.044
4272.67127 18.775 0.043
4273.72040 18.815 0.060
4274.51703 18.711 0.079
4275.67184 18.723 0.058
4277.62925 18.758 0.054
4278.64520 18.814 0.075
4283.59049 18.774 0.066
4284.57449 18.774 0.066
4285.57785 18.721 0.068
4286.57739 18.879 0.065
4289.61223 19.279 0.113
4290.63480 18.677 0.057
4291.69849 18.830 0.053
4292.55989 18.693 0.041
4293.56611 18.808 0.047
4294.55905 18.806 0.053
4295.58090 18.823 0.052
4296.56781 18.754 0.047
4297.62991 18.779 0.046
4298.60583 18.883 0.054
4299.57620 18.786 0.048
4300.47466 18.713 0.060
4301.65494 18.770 0.047
4302.63724 19.419 0.103
4303.76862 18.855 0.069
4304.60205 18.930 0.087
4306.60296 18.767 0.075
4310.70372 18.744 0.081
4312.59772 18.849 0.057
4315.60801 18.903 0.066
4316.62911 18.770 0.057
4317.52752 19.272 0.085
4319.59064 18.720 0.050
4320.68355 18.774 0.059
4326.60645 18.750 0.043
4327.63123 18.758 0.064
4328.57345 18.818 0.042
4329.56634 18.672 0.054
4330.60838 19.175 0.068
4331.57306 18.781 0.060
4332.64408 18.747 0.053
4333.57375 18.780 0.060
4334.54118 18.975 0.149
4338.60418 18.853 0.077
4339.57328 18.787 0.058
4340.67036 18.838 0.079
4341.57528 18.822 0.075
4342.61159 18.747 0.058
4343.59083 18.972 0.055
4344.63601 18.793 0.063
4345.59067 18.956 0.063
4346.59272 18.746 0.061
4347.60660 18.700 0.053
4349.57848 18.797 0.046
4350.64028 18.782 0.055
4351.58056 18.752 0.064
4353.60042 18.836 0.074
4354.61993 18.762 0.074
4355.63287 18.770 0.061
4356.58452 18.688 0.059
4358.60703 19.133 0.091
4359.62616 18.786 0.071
4361.62684 18.647 0.082
4362.62065 18.711 0.103
4368.57584 18.818 0.090
4371.59186 19.360 0.117
4373.58237 18.848 0.065
4378.56437 18.868 0.088
4381.56758 18.876 0.095
4396.57704 18.968 0.122
4506.85560 18.791 0.076
4512.86998 18.773 0.044
4514.88827 18.708 0.050
4518.87251 19.460 0.154
4521.84283 18.767 0.061
4524.85217 18.619 0.057
4530.84022 18.762 0.044
4533.87601 18.973 0.071
4535.89870 18.711 0.066
4537.82833 18.792 0.046
4539.77161 18.635 0.063
4540.89877 18.691 0.047
4541.89600 18.787 0.043
4542.85942 18.781 0.055
4543.88550 18.769 0.048
4544.88311 18.877 0.050
4545.80772 18.713 0.053
4546.86085 19.259 0.101
4547.87700 18.762 0.057
4550.87677 18.777 0.055
4551.85848 18.695 0.073
4552.86311 18.787 0.081
4556.83103 18.826 0.049
4557.85736 18.858 0.053
4558.85381 18.815 0.052
4559.82147 18.888 0.060
4560.82174 18.735 0.042
4561.81064 19.030 0.049
4564.81496 18.755 0.042
4565.80391 18.708 0.037
4566.80592 18.780 0.041
4567.80631 18.758 0.044
4568.82870 18.684 0.043
4569.82255 18.817 0.058
4570.81321 18.818 0.050
4571.79693 18.763 0.049
4572.83483 18.784 0.055
4573.81049 18.791 0.048
4574.81262 19.338 0.098
4575.82140 18.878 0.063
4578.86405 18.837 0.076
4583.67426 18.754 0.081
4585.88563 18.777 0.054
4586.68410 18.735 0.070
4587.81412 19.020 0.065
4588.79712 18.760 0.048
4589.63928 18.790 0.063
4590.74742 18.766 0.059
4591.63160 19.115 0.086
4592.74054 18.825 0.057
4593.72579 18.684 0.049
4594.75435 18.839 0.057
4595.74209 18.739 0.053
4596.73130 18.690 0.044
4597.76249 18.802 0.055
4598.73193 18.749 0.039
4599.70769 18.793 0.052
4600.71681 18.714 0.037
4601.72145 18.731 0.043
4602.71557 19.039 0.055
4603.93900 18.791 0.065
4606.72939 18.783 0.055
4610.82322 18.821 0.079
4611.70311 18.697 0.052
4611.88964 18.697 0.059
4612.76451 18.692 0.048
4615.87975 19.150 0.109
4616.68511 18.692 0.048
4617.79690 18.872 0.073
4618.72591 18.738 0.053
4622.66720 18.823 0.059
4623.74704 18.805 0.053
4624.68249 18.831 0.060
4625.66754 18.786 0.061
4626.71762 18.789 0.061
4627.64071 18.781 0.044
4628.64099 18.758 0.055
4629.70620 18.820 0.054
4630.64300 18.892 0.063
4631.66453 18.798 0.044
4632.66235 19.035 0.065
4633.72145 18.752 0.050
4639.76688 18.786 0.071
4640.66687 18.832 0.060
4641.82343 18.948 0.090
4642.66528 18.832 0.054
4643.63126 18.730 0.054
4644.69838 18.855 0.055
4645.62097 19.235 0.071
4646.60161 18.797 0.047
4647.61199 18.801 0.049
4649.60614 18.783 0.049
4650.63444 18.808 0.054
4651.64941 18.789 0.050
4652.57849 18.841 0.059
4653.57243 18.808 0.060
4654.61155 18.824 0.057
4655.57584 18.857 0.061
4656.57414 18.832 0.053
4658.73623 19.134 0.097
4660.68573 18.713 0.055
4661.56837 18.765 0.054
4665.73010 18.835 0.076
4666.63555 18.706 0.058
4670.70030 18.713 0.057
4671.62502 18.741 0.044
4672.58462 18.735 0.049
4674.59105 18.742 0.065
4677.56359 18.775 0.050
4681.57893 18.763 0.050
4682.59643 18.656 0.050
4683.59341 18.832 0.071
4684.61142 18.748 0.053
4685.57913 18.747 0.054
4686.69589 19.126 0.096
4687.62633 18.840 0.059
4688.56999 19.121 0.079
4694.64776 18.736 0.095
4697.57374 18.715 0.057
4698.60000 18.841 0.057
4700.59503 18.699 0.050
4701.57790 19.313 0.108
4702.59284 18.751 0.047
4703.66013 18.758 0.061
4708.59363 18.777 0.059
4710.62884 18.642 0.054
4716.66557 18.794 0.100
4720.61106 18.759 0.077
4721.57993 18.663 0.073
4724.59199 18.784 0.084
4726.57121 19.057 0.115
4731.62078 18.672 0.063
4738.49667 18.839 0.075
4740.60087 18.905 0.086
4748.56561 18.893 0.092
4754.54113 18.875 0.096
4755.51943 18.859 0.079
4759.50980 18.876 0.088
4767.53280 18.685 0.086
4772.52637 18.816 0.106
4773.52031 18.770 0.090
4875.84893 18.655 0.071
4878.87917 18.662 0.049
4885.86093 18.785 0.054
4887.89926 19.072 0.092
4892.80367 18.891 0.085
4897.88704 18.721 0.049
4900.90480 18.805 0.058
4903.82959 18.833 0.055
4904.88783 18.792 0.053
4906.87930 18.569 0.050
4910.88586 18.825 0.059
4912.87235 18.728 0.038
4913.87150 18.665 0.042
4914.75145 18.940 0.065
4914.78106 18.811 0.052
4914.81122 18.779 0.048
4914.84504 18.816 0.047
4914.85376 18.743 0.046
4914.87919 18.692 0.038
4914.91301 18.804 0.047
4915.85421 18.861 0.059
4915.89288 18.971 0.050
4915.92291 19.074 0.112
4917.77807 19.099 0.061
4917.90832 18.883 0.058
4918.77701 18.753 0.044
4918.92192 18.728 0.091
4920.72396 18.722 0.043
4921.74760 18.788 0.052
4921.76178 18.700 0.048
4925.78721 18.715 0.041
4927.84105 18.671 0.049
4929.80977 18.860 0.059
4930.84312 19.218 0.093
4931.78697 18.835 0.068
4932.74216 19.162 0.080
4933.79049 18.704 0.052
4938.76552 18.833 0.055
4939.79084 18.692 0.049
4941.74493 18.736 0.052
4942.78573 18.666 0.039
4943.77362 18.756 0.046
4945.86593 18.821 0.049
4950.79090 18.756 0.054
4952.81786 18.696 0.044
4953.78246 18.830 0.055
4954.74431 18.805 0.049
