2125.50092 17.204 0.026
2129.58652 17.267 0.015
2132.53131 17.299 0.015
2135.65950 17.221 0.013
2140.62675 17.224 0.015
2143.73165 18.237 0.031
2158.55869 17.260 0.015
2167.51410 17.220 0.015
2172.52974 17.281 0.018
2185.55804 17.421 0.021
2329.89129 17.296 0.015
2346.88373 17.435 0.016
2352.83807 17.295 0.020
2361.83241 17.770 0.025
2371.89310 17.349 0.016
2381.91172 17.243 0.014
2385.92164 17.381 0.016
2391.82618 17.219 0.020
2397.88187 17.245 0.016
2401.73881 17.226 0.015
2403.79754 17.463 0.015
2405.76202 17.244 0.014
2415.83255 17.246 0.016
2424.71128 17.235 0.022
2428.67482 17.263 0.015
2432.73822 17.294 0.022
2434.60263 17.249 0.017
2436.69345 17.368 0.015
2438.67157 17.244 0.014
2440.66421 17.890 0.023
2444.79704 17.237 0.015
2446.79663 17.340 0.017
2453.77082 17.266 0.015
2456.53247 17.281 0.017
2458.64666 17.282 0.014
2462.60082 17.261 0.014
2464.66989 17.487 0.016
2467.57649 17.258 0.014
2469.56376 17.322 0.013
2471.69879 17.265 0.012
2473.55178 18.621 0.049
2483.63245 18.146 0.034
2486.61558 17.266 0.015
2490.58259 17.275 0.020
2493.54075 17.255 0.015
2495.61691 17.258 0.014
2497.67136 17.479 0.017
2499.71926 17.248 0.013
2501.73710 17.259 0.014
2508.55407 17.239 0.016
2510.52840 17.284 0.015
2511.49242 17.778 0.030
2512.50422 17.289 0.016
2512.51356 17.251 0.016
2518.66023 17.270 0.015
2521.66674 17.936 0.027
2524.50681 17.269 0.016
2529.62995 17.254 0.017
2537.57397 17.265 0.020
2541.54222 17.282 0.015
2546.60731 17.234 0.016
2551.51959 17.262 0.018
2555.61607 17.309 0.020
2562.56976 17.265 0.020
2573.54197 17.253 0.022
2704.91014 17.230 0.016
2713.89202 17.236 0.013
2728.83359 17.291 0.017
2733.80641 17.268 0.016
2744.78921 17.378 0.015
2752.85357 17.273 0.020
2756.83294 17.248 0.016
2760.79815 17.209 0.018
2766.83029 17.284 0.014
2770.71221 17.279 0.018
2783.81957 17.275 0.015
2786.79682 17.449 0.020
2790.71088 18.075 0.024
2795.61906 17.861 0.021
2797.60717 17.232 0.014
2802.81429 17.269 0.027
2808.84114 17.286 0.024
2810.76556 17.447 0.016
2811.81829 17.274 0.015
2813.61469 17.562 0.023
2815.73545 17.308 0.014
2817.68906 17.230 0.016
2818.75159 17.343 0.015
2820.62002 17.260 0.017
2821.64826 17.269 0.016
2826.61401 17.280 0.015
2830.71675 17.268 0.027
2835.61335 17.251 0.025
2837.52710 17.444 0.023
2839.56058 17.256 0.015
2840.72529 17.253 0.017
2843.50360 17.176 0.013
2844.78142 17.266 0.016
2849.69244 17.267 0.016
2851.71355 17.362 0.018
2853.71540 17.299 0.018
2856.59965 18.619 0.046
2858.56579 17.268 0.015
2863.63939 17.251 0.019
2866.72816 18.609 0.054
2869.62173 17.312 0.016
2872.64294 17.280 0.013
2877.58263 17.258 0.014
2892.53548 17.272 0.018
2895.68583 17.286 0.016
2900.54733 17.299 0.018
2905.60126 17.282 0.020
2911.51712 17.247 0.018
2916.58551 17.264 0.022
2929.54581 17.250 0.019
3050.85969 17.276 0.020
3060.82997 17.429 0.020
3066.82755 17.308 0.016
3068.88504 17.259 0.013
3072.80422 17.304 0.017
3076.78679 17.251 0.020
3077.89360 17.258 0.031
3081.85022 17.278 0.015
3084.81663 18.067 0.025
3086.87999 17.255 0.013
3088.86846 17.316 0.014
3090.78085 17.294 0.013
3097.89261 17.327 0.013
3099.80815 17.311 0.016
3101.88535 17.228 0.015
3103.84339 17.417 0.016
3104.82951 17.278 0.032
3107.83404 17.785 0.025
3108.91839 17.456 0.016
3114.87763 17.277 0.015
3116.78363 17.278 0.015
3124.86125 17.229 0.018
3126.74219 17.509 0.017
3128.62104 17.258 0.018
3130.81072 17.344 0.019
3131.75749 17.458 0.022
3135.76671 17.545 0.016
3138.77518 17.293 0.014
3140.74359 18.376 0.029
3141.80646 17.355 0.014
3142.87957 17.301 0.015
3144.90141 17.288 0.018
3147.73436 17.247 0.016
3151.87358 17.333 0.014
3152.87082 17.223 0.016
3153.87818 17.268 0.018
3156.93023 17.290 0.017
3158.93089 17.261 0.023
3162.88747 17.269 0.016
3163.88465 17.294 0.018
3164.86213 17.420 0.016
3165.64419 17.270 0.012
3167.72656 17.270 0.015
3168.80034 17.366 0.014
3169.78271 17.411 0.017
3170.92996 17.291 0.017
3171.58807 17.329 0.014
3173.76862 17.882 0.022
3174.82448 17.387 0.014
3175.88773 17.261 0.016
3178.53392 17.336 0.019
3179.83599 17.312 0.016
3180.84324 17.288 0.013
3182.90057 17.233 0.017
3183.87123 18.290 0.052
3184.47980 17.223 0.018
3185.54255 17.233 0.015
3193.66878 17.349 0.019
3194.47422 17.260 0.024
3195.72372 17.240 0.011
3196.76058 17.313 0.015
3197.71999 17.492 0.017
3201.79974 17.329 0.015
3202.74371 17.365 0.015
3203.79275 17.264 0.013
3205.65478 17.263 0.011
3206.67138 18.735 0.040
3210.67825 17.270 0.014
3211.72849 18.649 0.046
3218.71483 17.253 0.019
3224.60396 17.385 0.014
3229.67783 17.380 0.015
3231.72049 17.281 0.019
3239.57413 18.320 0.031
3240.58261 17.286 0.016
3245.69646 17.297 0.019
3247.55610 17.329 0.018
3249.68269 17.957 0.032
3251.57802 17.226 0.013
3254.66109 17.376 0.017
3257.59528 17.358 0.013
3261.53405 17.218 0.012
3265.60937 17.282 0.016
3267.64679 17.723 0.023
3272.49606 17.707 0.020
3273.55096 17.252 0.020
3276.57652 17.318 0.020
3279.58523 17.213 0.017
3283.51903 17.274 0.014
3289.57204 17.176 0.017
3778.88773 17.309 0.017
