2125.67487 18.691 0.117
2129.72762 18.396 0.051
2132.67057 18.513 0.061
2136.57402 18.471 0.081
2141.58621 18.648 0.071
2144.67284 18.634 0.072
2160.62853 18.616 0.100
2170.56941 18.790 0.075
2178.58019 18.370 0.118
2211.53382 18.548 0.115
2333.87013 18.315 0.059
2344.83146 18.370 0.065
2355.88227 18.498 0.062
2364.87390 18.588 0.079
2372.88569 18.565 0.065
2384.82062 18.362 0.051
2388.81978 18.474 0.059
2390.85775 18.432 0.069
2393.85195 18.585 0.140
2400.79919 18.428 0.055
2402.90590 18.553 0.066
2406.84870 18.562 0.068
2414.87136 18.438 0.061
2416.88694 18.424 0.066
2424.74557 18.381 0.062
2428.73079 18.394 0.059
2432.88232 18.302 0.082
2434.77032 18.467 0.058
2436.81825 18.384 0.059
2438.79194 18.513 0.066
2441.75426 18.348 0.055
2445.67150 18.374 0.056
2448.69113 18.687 0.078
2454.78171 18.613 0.094
2459.68274 18.608 0.059
2460.70080 18.573 0.075
2463.58203 18.454 0.049
2466.60184 18.407 0.053
2468.72811 18.423 0.048
2470.71188 18.401 0.049
2472.73932 18.500 0.062
2481.59864 18.724 0.102
2484.66194 18.386 0.062
2486.75466 18.433 0.098
2493.68254 18.783 0.095
2496.52854 18.640 0.056
2498.54920 18.398 0.042
2500.59261 18.333 0.049
2502.60623 18.419 0.058
2508.70444 18.485 0.098
2512.65394 18.295 0.061
2517.55534 18.494 0.088
2520.62280 18.527 0.061
2529.48867 18.563 0.079
2538.54028 18.358 0.068
2542.56809 18.483 0.059
2548.49662 18.485 0.085
2552.53292 18.441 0.065
2557.49807 18.370 0.062
2564.51948 18.516 0.085
2708.84713 18.478 0.052
2719.85280 18.516 0.065
2729.87488 18.471 0.069
2734.81385 18.431 0.046
2747.73877 18.485 0.112
2753.92379 18.628 0.091
2757.84961 18.488 0.066
2761.89839 18.460 0.056
2767.84536 18.724 0.097
2775.76223 18.487 0.091
2784.60621 18.673 0.069
2786.82421 18.460 0.066
2788.63612 18.364 0.055
2790.74053 18.429 0.055
2795.62814 18.505 0.053
2797.64004 18.635 0.056
2802.73244 18.389 0.084
2809.75499 18.317 0.059
2811.68212 18.552 0.089
2812.81147 18.594 0.078
2813.85521 18.412 0.061
2815.83589 18.511 0.059
2816.85684 18.489 0.074
2818.62251 18.564 0.062
2819.79084 18.659 0.081
2821.68889 18.560 0.066
2826.79530 18.451 0.088
2835.67431 18.358 0.063
2837.68203 18.478 0.114
2840.73511 18.735 0.091
2843.68641 18.474 0.061
2845.68375 18.623 0.072
2850.57262 18.468 0.055
2852.58038 18.501 0.107
2854.58479 18.611 0.075
2857.49508 18.655 0.082
2858.70741 18.560 0.082
2859.56791 18.690 0.114
2862.65448 18.600 0.097
2866.60398 18.597 0.081
2868.70583 18.518 0.069
2871.62410 18.504 0.059
2877.52602 18.400 0.065
2883.62067 18.546 0.069
2892.54699 18.528 0.078
2895.61257 18.676 0.069
2900.62424 18.425 0.078
2905.62340 18.352 0.076
2909.63272 18.358 0.068
2920.54763 18.450 0.102
2931.54445 18.385 0.055
3052.85445 18.439 0.058
3059.82741 18.640 0.071
3064.84429 18.553 0.100
3068.79809 18.592 0.091
3070.87673 18.365 0.058
3073.83283 18.489 0.059
3075.87093 18.495 0.071
3080.77516 18.430 0.056
3082.90296 18.402 0.059
3085.83342 18.449 0.053
3086.90684 18.456 0.056
3088.82601 18.700 0.059
3090.73910 18.411 0.052
3096.89429 18.677 0.092
3098.92140 18.480 0.059
3100.90819 18.473 0.058
3101.76622 18.407 0.066
3103.79917 18.412 0.055
3104.85783 18.393 0.150
3106.87112 18.618 0.088
3108.79164 18.411 0.046
3109.85056 18.394 0.049
3110.85693 18.303 0.052
3112.84223 18.693 0.066
3114.80685 18.429 0.049
3116.89493 18.422 0.059
3122.93284 18.450 0.097
3125.89734 18.690 0.095
3127.84155 18.402 0.074
3128.84347 18.392 0.062
3130.72393 18.377 0.061
3131.69041 18.691 0.095
3135.92203 18.445 0.065
3135.93375 18.444 0.066
3138.67632 18.467 0.063
3139.90151 18.401 0.056
3140.90573 18.465 0.066
3142.79013 18.505 0.055
3144.81013 18.380 0.048
3146.84343 18.563 0.068
3151.77302 18.720 0.089
3151.93073 18.438 0.079
3152.77862 18.560 0.065
3153.78130 18.510 0.068
3154.84562 18.448 0.091
3156.88634 18.385 0.068
3162.59619 18.427 0.071
3163.77714 18.609 0.069
3164.75939 18.536 0.061
3164.89239 18.425 0.071
3165.73298 18.453 0.046
3167.61934 18.450 0.087
3168.88112 18.306 0.055
3169.74926 18.592 0.068
3170.83411 18.597 0.055
3171.80536 18.449 0.043
3172.77632 18.411 0.055
3173.87431 18.515 0.074
3175.74188 18.452 0.053
3177.78234 18.428 0.078
3179.52706 18.563 0.062
3179.90633 18.575 0.082
3180.74807 18.595 0.053
3182.80874 18.621 0.071
3183.76370 18.433 0.065
3184.72480 18.554 0.053
3185.72827 18.632 0.066
3193.55969 18.509 0.058
3194.57131 18.341 0.068
3195.70287 18.576 0.056
3195.82343 18.395 0.055
3196.62432 18.351 0.049
3197.54903 18.676 0.066
3197.85248 18.476 0.094
3199.64689 18.559 0.053
3202.54051 18.660 0.071
3203.68559 18.432 0.048
3204.67654 18.334 0.048
3205.53538 18.401 0.048
3206.74075 18.420 0.061
3209.66071 18.446 0.056
3210.66076 18.397 0.049
3211.63122 18.679 0.071
3217.67541 18.521 0.068
3218.67372 18.658 0.091
3219.63754 18.437 0.075
3223.67491 18.501 0.084
3224.72298 18.434 0.062
3226.64595 18.313 0.071
3228.62420 18.537 0.056
3229.65669 18.599 0.062
3230.69016 18.691 0.081
3231.59417 18.449 0.058
3238.64245 18.385 0.075
3240.49463 18.464 0.061
3241.67729 18.564 0.092
3245.59041 18.648 0.092
3246.68416 18.363 0.078
3247.60332 18.357 0.071
3249.55081 18.579 0.078
3250.68180 18.308 0.074
3256.66106 18.366 0.072
3260.57080 18.382 0.058
3265.50123 18.369 0.075
3267.55489 18.636 0.074
3272.61283 18.497 0.072
3279.54377 18.600 0.074
3282.50221 18.521 0.063
3288.56860 18.639 0.071
3293.53922 18.490 0.046
3295.54773 18.446 0.032
3300.53302 18.479 0.081
3315.50001 18.421 0.124
3410.89047 18.424 0.091
3417.86836 18.551 0.052
3422.89470 18.420 0.056
3426.88583 18.329 0.051
3429.87083 18.407 0.055
3442.91365 18.631 0.074
3445.82668 18.550 0.052
3447.87700 18.531 0.056
3449.89395 18.436 0.051
3452.91109 18.575 0.061
3453.78292 18.361 0.066
3455.85355 18.386 0.069
3456.86460 18.471 0.048
3457.78230 18.373 0.059
3458.82588 18.520 0.059
3458.86367 18.463 0.055
3459.80045 18.400 0.053
3467.90322 18.428 0.049
3469.81286 18.474 0.046
3470.85304 18.411 0.040
3472.78424 18.627 0.055
3473.87926 18.460 0.063
3474.85166 18.571 0.058
3475.91547 18.448 0.042
3477.78822 18.473 0.056
3478.90247 18.132 0.038
3480.85445 18.666 0.071
3481.85848 18.553 0.045
3483.79875 18.395 0.048
3496.75262 18.582 0.059
3497.82039 18.587 0.066
3499.74904 18.472 0.053
3500.75362 18.525 0.056
3501.86716 18.359 0.045
3502.69991 18.403 0.043
3503.71277 18.305 0.042
3504.72714 18.566 0.065
3506.81744 18.370 0.053
3508.80929 18.530 0.063
3509.71237 18.317 0.043
3511.69907 18.681 0.078
3512.76804 18.515 0.063
3517.80849 18.410 0.053
3520.84365 18.525 0.061
3521.66282 18.721 0.059
3522.77304 18.298 0.048
3523.80775 18.401 0.046
3524.79538 18.426 0.055
3525.77508 18.623 0.055
3526.86044 18.442 0.059
3528.57901 18.462 0.056
3530.80446 18.431 0.043
3537.77226 18.677 0.063
3538.70172 18.353 0.043
3540.67567 18.643 0.058
3544.75568 18.233 0.051
3546.87664 18.520 0.081
3547.83406 18.255 0.062
3550.66052 18.588 0.052
3551.66481 18.629 0.040
3552.69733 18.647 0.053
3553.70002 18.594 0.079
3554.69214 18.336 0.058
3555.72629 18.461 0.059
3556.74697 18.414 0.056
3558.58277 18.485 0.058
3558.86009 18.423 0.065
3559.67864 18.375 0.049
3560.63176 18.420 0.045
3561.57208 18.571 0.056
3561.83917 18.477 0.059
3562.61624 18.464 0.056
3562.83906 18.653 0.075
3563.66566 18.766 0.062
3564.55922 18.423 0.063
3569.61795 18.418 0.085
3573.68656 18.355 0.059
3573.71353 18.314 0.056
3574.71453 18.466 0.058
3575.65340 18.479 0.046
3575.79856 18.288 0.056
3576.71583 18.624 0.076
3577.76417 18.621 0.065
3578.70081 18.310 0.043
3579.64613 18.530 0.056
3580.68267 18.630 0.066
3581.69903 18.644 0.063
3582.62484 18.437 0.055
3583.66144 18.366 0.048
3584.67020 18.362 0.053
3585.66823 18.500 0.043
3586.69964 18.410 0.045
3588.75071 18.437 0.059
3589.71203 18.345 0.048
3590.70814 18.244 0.046
3592.68089 18.539 0.049
3597.66957 18.466 0.076
3601.68446 18.349 0.053
3602.68462 18.319 0.059
3603.66477 18.714 0.072
3607.66325 18.366 0.052
3608.67925 18.461 0.056
3615.60650 18.527 0.055
3618.61005 18.367 0.049
3620.57326 18.498 0.049
3628.57527 18.294 0.058
3630.58933 18.594 0.076
3632.61681 18.620 0.104
3634.52021 18.550 0.053
3639.52601 18.344 0.040
3641.57274 18.607 0.081
3644.53755 18.379 0.049
3649.51816 18.662 0.063
3651.57903 18.516 0.085
3654.56411 18.774 0.133
3655.54423 18.437 0.062
3657.53740 18.366 0.076
3659.53917 18.835 0.128
3662.54369 18.329 0.085
3665.51416 18.365 0.069
3672.51159 18.363 0.081
3777.84895 18.460 0.068
3782.88492 18.443 0.052
3785.84661 18.582 0.063
3787.86173 18.420 0.052
3791.83609 18.398 0.065
3793.88033 18.354 0.048
3795.86453 18.552 0.085
3796.89703 18.496 0.059
3798.82786 18.376 0.048
3799.87775 18.373 0.062
3801.83701 18.843 0.082
3802.87138 18.622 0.061
3804.78463 18.555 0.072
3805.82316 18.418 0.053
3806.81986 18.697 0.074
3807.84408 18.657 0.072
3808.84776 18.528 0.065
3809.90463 18.597 0.056
3810.90068 18.467 0.056
3811.79122 18.475 0.072
3812.86872 18.364 0.059
3813.84845 18.654 0.063
3814.84733 18.626 0.058
3818.76496 18.505 0.059
3819.82867 18.550 0.048
3820.79264 18.381 0.042
3821.79586 18.442 0.049
3822.83949 18.231 0.043
3823.80044 18.592 0.053
3824.78694 18.524 0.071
3825.82651 18.631 0.068
3826.78622 18.414 0.052
3827.82670 18.351 0.042
3828.80676 18.563 0.066
3829.72541 18.344 0.062
3830.76033 18.415 0.052
3832.76643 18.334 0.046
3833.79373 18.322 0.040
3834.76561 18.590 0.056
3835.75433 18.437 0.056
3835.92491 18.436 0.055
3836.71577 18.454 0.072
3837.75646 18.371 0.052
3838.76440 18.388 0.062
3838.88186 18.609 0.065
3839.76031 18.525 0.062
3840.76345 18.778 0.081
3840.93118 18.514 0.074
3841.71869 18.535 0.074
3841.86865 18.324 0.045
3842.71026 18.452 0.110
3845.74020 18.701 0.150
3845.93379 18.347 0.111
3846.75107 18.607 0.059
3846.87975 18.339 0.042
3847.82409 18.492 0.071
3848.77417 18.499 0.058
3848.89288 18.320 0.065
3849.77164 18.254 0.043
3850.71623 18.574 0.063
3850.88974 18.563 0.066
3851.73047 18.633 0.066
3851.89523 18.433 0.058
3852.71901 18.435 0.053
3852.83987 18.358 0.052
3852.92452 18.584 0.071
3853.71098 18.363 0.040
3853.87590 18.362 0.039
3856.69761 18.650 0.068
3856.88803 18.554 0.055
3858.73096 18.676 0.066
3859.85182 18.516 0.055
3860.69225 18.558 0.068
3861.68964 18.655 0.069
3861.79378 18.399 0.046
3861.89153 18.616 0.056
3862.67150 18.595 0.069
3862.88626 18.519 0.051
3863.68434 18.486 0.062
3863.82816 18.359 0.043
3863.90427 18.444 0.046
3864.70119 18.357 0.048
3864.88732 18.408 0.042
3865.66106 18.476 0.061
3865.79672 18.582 0.061
3865.87525 18.483 0.052
3866.70658 18.411 0.048
3866.84609 18.538 0.058
3866.93214 18.379 0.045
3867.65251 18.505 0.071
3867.83737 18.433 0.055
3867.90820 18.539 0.058
3868.65984 18.428 0.071
3868.79985 18.393 0.056
3868.88409 18.431 0.063
3869.62655 18.338 0.063
3869.82137 18.408 0.063
3869.89382 18.516 0.066
3873.69218 18.634 0.063
3873.83239 18.390 0.049
3873.90346 18.513 0.058
3874.69513 18.551 0.071
3874.86368 18.372 0.052
3875.63183 18.328 0.046
3875.77911 18.559 0.046
3875.85679 18.363 0.043
3876.65521 18.508 0.052
3877.65972 18.470 0.046
3877.80791 18.577 0.055
3877.88171 18.414 0.055
3880.64424 18.421 0.049
3880.86322 18.424 0.051
3880.93681 18.589 0.075
3881.68350 18.436 0.052
3881.82629 18.411 0.045
3882.59562 18.787 0.085
3882.79852 18.709 0.063
3882.86871 18.431 0.048
3883.66100 18.480 0.052
3883.88829 18.453 0.046
3886.62626 18.530 0.062
3886.81579 18.390 0.040
3886.88781 18.429 0.053
3886.91386 18.549 0.062
3887.59632 18.578 0.058
3887.79897 18.597 0.059
3887.82677 18.443 0.055
3887.89886 18.293 0.055
3889.67880 18.523 0.046
3890.56705 18.614 0.085
3891.70334 18.570 0.058
3891.82035 18.459 0.051
3891.90202 18.596 0.061
3892.61376 18.491 0.074
3893.64517 18.418 0.053
3893.89289 18.480 0.074
3894.69583 18.376 0.058
3896.63956 18.487 0.072
3900.55491 18.568 0.082
3900.74127 18.401 0.051
3900.81667 18.584 0.065
3901.56872 18.441 0.068
3901.74353 18.343 0.063
3901.82032 18.490 0.071
3901.89276 18.328 0.068
3902.58963 18.397 0.052
3902.76702 18.415 0.053
3902.89343 18.521 0.082
3903.67852 18.505 0.063
3904.57268 18.598 0.053
3904.73592 18.601 0.056
3904.80491 18.315 0.042
3904.85776 18.538 0.061
3905.56959 18.667 0.058
3905.74357 18.489 0.043
3905.81620 18.554 0.043
3905.88476 18.479 0.055
3906.50824 18.597 0.101
3906.67808 18.474 0.056
3906.74751 18.389 0.049
3906.82364 18.595 0.072
3907.61470 18.575 0.062
3907.80953 18.377 0.074
3907.88215 18.439 0.078
3908.55088 18.426 0.055
3908.74007 18.344 0.049
3908.81663 18.395 0.048
3909.55602 18.444 0.056
3909.75045 18.556 0.046
3909.83235 18.394 0.049
3910.60478 18.497 0.053
3912.55516 18.432 0.039
3912.75106 18.326 0.036
3912.83981 18.606 0.053
3913.55292 18.417 0.040
3913.75513 18.405 0.059
3913.84493 18.547 0.052
3914.57039 18.441 0.053
3915.55095 18.740 0.089
3915.75423 18.434 0.046
3915.85122 18.342 0.053
3916.59874 18.567 0.075
3916.77140 18.599 0.074
3917.63875 18.495 0.062
3917.85341 18.363 0.061
3918.63224 18.534 0.056
3918.66393 18.410 0.046
3918.84194 18.602 0.078
3919.56708 18.365 0.055
3919.81153 18.493 0.065
3920.53670 18.516 0.053
3920.73301 18.538 0.068
3920.81175 18.343 0.042
3921.52971 18.827 0.084
3921.74022 18.798 0.107
3922.73664 18.482 0.071
3930.58427 18.342 0.051
3930.80801 18.520 0.101
3931.53532 18.476 0.062
3931.65867 18.656 0.072
3932.54719 18.472 0.065
3933.53614 18.654 0.058
3933.71749 18.587 0.059
3933.79304 18.480 0.058
3934.50690 18.460 0.055
3934.63029 18.448 0.049
3934.70072 18.419 0.049
3934.76978 18.505 0.051
3935.55676 18.540 0.062
3935.72808 18.425 0.063
3935.77983 18.456 0.058
3936.51036 18.561 0.069
3936.67568 18.416 0.053
3936.75318 18.293 0.052
3937.57842 18.596 0.071
3938.51788 18.527 0.075
3938.71953 18.619 0.071
3938.76871 18.419 0.068
3940.62087 18.422 0.042
3941.66230 18.543 0.076
3944.57437 18.422 0.046
3945.52316 18.567 0.075
3945.71128 18.556 0.066
3946.53350 18.508 0.075
3946.72289 18.426 0.055
3950.54158 18.571 0.055
3950.76108 18.597 0.071
3951.53782 18.692 0.074
3956.58419 18.448 0.075
3957.52508 18.614 0.079
3958.59787 18.660 0.074
3959.53779 18.356 0.053
3959.70216 18.513 0.075
3960.51578 18.473 0.049
3960.69569 18.528 0.048
3961.59086 18.331 0.066
3963.47744 18.555 0.078
3963.65196 18.396 0.052
3963.72529 18.268 0.061
3964.54714 18.446 0.051
3965.53364 18.408 0.042
3965.72674 18.398 0.052
3966.52870 18.422 0.049
3966.71049 18.439 0.061
3967.55243 18.297 0.063
3968.51520 18.546 0.066
3968.68671 18.472 0.059
3969.51911 18.562 0.071
3969.69769 18.450 0.069
3970.53098 18.599 0.075
3970.71083 18.450 0.055
3971.57075 18.432 0.071
3973.59587 18.339 0.055
3974.52570 18.467 0.066
3975.52820 18.512 0.053
3976.52296 18.376 0.046
3979.53276 18.510 0.108
3982.59993 18.666 0.069
3986.59992 18.638 0.084
3987.52233 18.538 0.069
3988.53516 18.382 0.042
3989.59684 18.602 0.082
3990.63912 18.462 0.065
3994.49185 18.361 0.066
3995.58945 18.439 0.056
3999.62699 18.427 0.062
4000.53406 18.462 0.065
4001.52379 18.418 0.061
4002.52043 18.726 0.076
4004.54342 18.517 0.058
4005.54614 18.500 0.068
4006.54072 18.363 0.049
4012.51649 18.384 0.071
4016.55140 18.642 0.112
4018.57102 18.386 0.071
4020.56591 18.526 0.087
4023.57512 18.458 0.088
4026.49821 18.452 0.058
4028.51425 18.451 0.068
4031.51438 18.621 0.085
4038.51955 18.883 0.108
4041.51867 18.359 0.079
4142.86980 18.468 0.091
4151.87498 18.508 0.074
4153.89694 18.608 0.071
4156.87546 18.407 0.066
4158.90363 18.492 0.068
4161.86299 18.434 0.063
4163.84581 18.498 0.065
4165.83578 18.497 0.087
4168.82788 18.541 0.078
4170.83219 18.500 0.062
4175.86525 18.485 0.065
4177.76755 18.453 0.063
4178.82650 18.409 0.053
4179.86637 18.407 0.051
4181.80279 18.548 0.063
4182.85136 18.657 0.059
4183.88386 18.665 0.072
4185.76034 18.574 0.081
4185.82386 18.485 0.061
4185.87780 18.392 0.053
4185.91220 18.408 0.052
4186.90824 18.390 0.071
4187.87793 18.537 0.085
4189.80999 18.501 0.087
4189.85255 18.462 0.069
4189.86742 18.442 0.076
4189.88199 18.552 0.069
4189.90292 18.559 0.084
4189.91913 18.559 0.088
4190.74416 18.851 0.115
4190.79893 18.471 0.069
4190.91998 18.536 0.063
4191.77019 18.616 0.085
4191.89937 18.440 0.069
4192.78284 18.549 0.082
4192.82117 18.593 0.088
4193.78192 18.444 0.078
4194.80477 18.431 0.055
4196.79478 18.482 0.063
4202.77640 18.575 0.056
4203.76420 18.569 0.056
4204.75654 18.450 0.063
4205.75476 18.461 0.055
4205.90615 18.462 0.053
4207.74600 18.598 0.072
4208.69995 18.422 0.062
4211.81126 18.430 0.068
4212.84081 18.454 0.078
4213.74888 18.574 0.066
4215.76190 18.580 0.088
4216.71975 18.411 0.053
4216.83178 18.693 0.075
4216.93020 18.429 0.075
4217.70172 18.509 0.058
4217.72726 18.459 0.053
4217.81207 18.498 0.043
4217.84819 18.564 0.048
4217.88858 18.547 0.051
4217.92214 18.454 0.049
4218.70139 18.738 0.102
4218.77704 18.481 0.074
4218.82986 18.498 0.079
4218.89453 18.593 0.061
4218.92940 18.561 0.069
4219.70803 18.713 0.117
4219.71445 18.709 0.108
4219.71750 18.556 0.091
4219.72410 18.606 0.088
4219.74742 18.540 0.069
4219.76079 18.674 0.088
4219.77191 18.521 0.074
4219.78019 18.548 0.072
4219.78428 18.430 0.069
4219.79551 18.453 0.061
4219.80643 18.463 0.055
4219.82433 18.462 0.062
4219.83864 18.381 0.061
4219.85574 18.488 0.068
4219.86855 18.486 0.072
4219.87965 18.445 0.068
4219.89074 18.633 0.089
4219.90200 18.580 0.089
4219.91305 18.638 0.087
4219.92692 18.812 0.102
4219.93792 18.629 0.163
4220.65396 18.304 0.075
4220.66113 18.554 0.107
4220.67315 18.513 0.079
4220.68409 18.562 0.081
4220.69727 18.403 0.071
4220.70824 18.555 0.075
4220.71951 18.664 0.085
4220.73153 18.585 0.074
4220.74270 18.579 0.069
4220.75698 18.719 0.082
4220.76835 18.637 0.069
4220.77971 18.622 0.065
4220.79096 18.577 0.068
4220.80275 18.565 0.069
4220.81378 18.488 0.063
4220.82486 18.505 0.074
4220.83595 18.472 0.072
4220.84773 18.399 0.066
4220.85877 18.421 0.074
4220.86999 18.310 0.069
4220.88574 18.556 0.089
4220.89684 18.321 0.069
4220.90790 18.384 0.079
4220.91896 18.495 0.087
4220.92794 18.430 0.089
4220.93416 18.641 0.130
4221.64168 18.581 0.120
4221.64997 18.618 0.118
4221.65351 18.584 0.105
4221.65914 18.536 0.094
4221.66739 18.484 0.081
4221.67326 18.554 0.084
4221.67885 18.466 0.072
4221.68461 18.472 0.076
4221.70767 18.328 0.063
4221.71352 18.518 0.078
4221.71843 18.338 0.069
4221.72302 18.475 0.078
4221.72765 18.470 0.082
4221.73225 18.331 0.068
4221.73750 18.305 0.062
4221.74007 18.438 0.074
4221.74494 18.371 0.063
4221.74729 18.522 0.074
4221.75134 18.379 0.063
4221.75537 18.483 0.068
4221.75949 18.359 0.066
4221.76362 18.570 0.085
4221.76772 18.571 0.082
4221.77212 19.057 0.128
4221.77376 18.365 0.069
4221.77549 18.638 0.088
4221.77959 18.527 0.071
4221.79475 18.595 0.082
4221.79647 18.834 0.104
4221.79819 18.662 0.071
4221.80267 18.515 0.056
4221.80433 18.619 0.066
4221.80606 18.447 0.063
4221.81020 18.672 0.069
4221.81186 18.500 0.059
4221.81357 18.754 0.074
4221.81827 18.665 0.071
4221.82044 18.589 0.069
4221.82270 18.573 0.065
4221.82426 18.693 0.075
4221.82586 18.523 0.062
4221.82747 18.706 0.075
4221.82907 18.558 0.063
4221.85409 18.639 0.091
4221.85570 18.502 0.069
4221.85732 18.544 0.078
4221.85884 18.463 0.085
4221.86047 18.269 0.058
4221.86439 18.323 0.065
4221.86600 18.475 0.066
4221.86761 18.451 0.069
4221.86923 18.336 0.068
4221.87082 18.665 0.087
4221.87459 18.498 0.071
4221.87622 18.498 0.071
4221.87786 18.334 0.053
4221.87947 18.520 0.072
4221.88106 18.761 0.079
4221.88524 18.583 0.068
4221.88710 18.648 0.075
4221.88859 18.568 0.066
4221.89009 18.528 0.079
4221.89164 18.491 0.075
4221.89318 18.487 0.079
4221.89465 18.565 0.076
4221.89843 18.663 0.092
4221.89997 18.421 0.062
4221.90153 18.323 0.061
4221.90307 18.634 0.075
4221.90463 18.238 0.058
4221.90610 18.639 0.091
4221.90984 18.734 0.094
4221.91138 18.373 0.063
4221.91288 18.886 0.092
4221.91443 18.325 0.062
4221.91598 18.418 0.066
4221.91752 18.420 0.069
4221.92143 18.596 0.079
4221.92290 18.881 0.118
4221.92444 18.497 0.075
4221.92598 18.692 0.087
4221.92754 18.921 0.114
4221.92908 18.448 0.071
4221.93301 18.498 0.074
4222.65511 18.807 0.128
4222.65993 18.682 0.120
4222.66874 18.560 0.095
4222.67699 18.547 0.091
4222.69131 18.432 0.069
4222.70313 18.440 0.065
4222.71411 18.437 0.065
4222.73410 18.526 0.069
4222.74825 18.410 0.056
4222.76209 18.405 0.061
4222.77962 18.423 0.065
4222.79913 18.487 0.059
4222.81984 18.640 0.066
4222.83647 18.635 0.063
4222.85407 18.644 0.068
4222.87068 18.586 0.066
4222.88212 18.503 0.059
4222.89350 18.479 0.062
4222.90719 18.310 0.055
4222.91899 18.345 0.053
4222.92788 18.321 0.051
4223.65926 18.656 0.130
4223.66361 18.773 0.104
4223.73998 18.405 0.066
4224.74785 18.502 0.087
4224.80499 18.451 0.071
4224.86990 18.524 0.079
4227.84928 18.430 0.061
4227.90345 18.402 0.065
4227.91344 18.295 0.059
4227.92307 18.361 0.066
4228.64768 18.604 0.084
4228.69737 18.462 0.058
4229.69095 18.636 0.087
4229.88787 18.658 0.069
4230.63913 18.632 0.078
4230.82714 18.404 0.055
4230.88880 18.456 0.069
4231.66310 18.536 0.076
4231.71416 18.516 0.063
4231.86924 18.374 0.062
4232.64930 18.593 0.092
4232.77587 18.668 0.084
4232.91344 18.489 0.069
4233.84359 18.476 0.069
4234.77387 18.409 0.056
4234.89346 18.490 0.072
4235.68751 18.655 0.065
4235.74499 18.455 0.052
4235.84854 18.509 0.058
4235.91066 18.583 0.069
4237.61402 18.530 0.084
4238.68540 18.458 0.068
4238.89487 18.410 0.068
4239.65725 18.484 0.062
4240.69694 18.439 0.058
4240.84770 18.633 0.078
4243.66257 18.426 0.066
4243.75599 18.614 0.075
4243.84886 18.396 0.074
4244.63474 18.485 0.079
4244.73115 18.543 0.062
4244.82373 18.499 0.056
4245.62784 18.690 0.072
4245.72214 18.322 0.049
4245.81762 18.658 0.063
4245.86812 18.510 0.078
4246.68656 18.516 0.063
4246.77964 18.483 0.065
4246.87230 18.679 0.081
4247.70155 18.670 0.072
4250.74961 18.491 0.063
4250.93952 18.337 0.059
4251.82120 18.755 0.144
4256.63736 18.584 0.101
4256.78333 18.501 0.087
4257.66895 18.530 0.074
4258.65273 18.592 0.082
4258.77553 18.388 0.059
4258.86817 18.574 0.094
4267.61239 18.636 0.092
4268.63366 18.494 0.065
4268.85936 18.529 0.085
4269.59458 18.456 0.059
4269.74487 18.476 0.071
4270.52932 18.424 0.069
4272.57582 18.570 0.069
4272.72569 18.577 0.061
4272.78429 18.503 0.065
4272.85568 18.352 0.068
4273.63615 18.480 0.075
4273.81431 18.545 0.068
4273.87552 18.388 0.085
4274.56722 18.466 0.085
4274.72015 18.385 0.068
4274.78106 18.457 0.055
4274.84058 18.325 0.062
4275.61878 18.586 0.063
4275.79404 18.491 0.075
4275.85516 18.604 0.108
4276.60350 18.480 0.076
4277.54723 18.693 0.104
4277.72432 18.589 0.072
4277.78293 18.620 0.098
4278.59217 18.560 0.095
4278.76850 18.599 0.100
4283.52974 18.562 0.076
4284.52155 18.655 0.091
4284.67113 18.455 0.075
4284.73127 18.496 0.061
4284.79333 18.446 0.071
4284.85828 18.477 0.087
4285.52473 18.531 0.081
4285.71828 18.319 0.061
4285.77951 18.561 0.071
4285.84474 18.362 0.065
4286.52445 18.452 0.074
4286.83266 18.716 0.121
4289.53536 18.616 0.091
4289.75427 18.604 0.088
4289.81909 18.345 0.066
4290.58164 18.549 0.085
4291.60129 18.678 0.076
4292.50687 18.369 0.053
4292.68590 18.446 0.053
4292.74470 18.423 0.049
4292.80771 18.492 0.063
4293.50767 18.430 0.055
4293.69180 18.583 0.059
4293.75057 18.374 0.048
4293.79083 18.407 0.058
4293.82834 18.467 0.062
4294.50627 18.685 0.078
4295.51643 18.619 0.069
4295.71152 18.550 0.056
4295.77010 18.546 0.061
4295.83193 18.371 0.072
4296.51049 18.623 0.084
4296.71623 18.443 0.055
4297.53031 18.486 0.062
4297.73488 18.475 0.062
4298.56479 18.473 0.068
4298.67643 18.490 0.062
4298.81383 18.615 0.107
4299.55188 18.394 0.046
4299.64178 18.516 0.055
4299.73307 18.476 0.055
4300.54853 18.507 0.062
4300.66371 18.528 0.063
4300.77881 18.557 0.063
4301.53464 18.615 0.061
4301.63089 18.457 0.056
4301.73306 18.638 0.063
4302.60764 18.524 0.069
4302.77273 18.608 0.071
4303.69420 18.430 0.068
4304.57252 18.421 0.078
4304.70195 18.530 0.091
4306.57825 18.541 0.079
4306.71476 18.578 0.084
4310.63187 18.795 0.114
4312.51947 18.760 0.108
4312.76232 18.436 0.061
4314.77690 18.557 0.094
4315.55091 18.502 0.069
4316.58046 18.394 0.053
4317.50310 18.558 0.065
4319.53814 18.618 0.074
4319.68410 18.449 0.072
4320.60548 18.510 0.074
4326.52679 18.507 0.062
4326.73105 18.524 0.078
4327.60606 18.590 0.085
4327.74448 18.404 0.087
4328.47123 18.666 0.095
4328.71085 18.567 0.079
4329.54174 18.428 0.071
4329.68975 18.534 0.082
4330.47155 18.495 0.074
4330.70884 18.574 0.071
4331.51369 18.541 0.063
4332.52367 18.398 0.052
4332.72887 18.345 0.071
4333.54868 18.500 0.071
4334.52140 18.637 0.120
4338.51816 18.396 0.085
4338.69671 18.471 0.095
4339.51497 18.518 0.068
4340.63515 18.533 0.065
4341.51922 18.591 0.088
4342.55124 18.719 0.085
4343.53513 18.496 0.052
4344.56467 18.486 0.071
4345.52678 18.366 0.048
4346.53638 18.422 0.078
4347.55073 18.464 0.066
4349.51645 18.453 0.065
4350.56985 18.432 0.052
4351.52157 18.439 0.055
4352.57793 18.392 0.076
4353.53189 18.542 0.061
4354.56063 18.563 0.071
4355.56844 18.620 0.085
4356.52567 18.330 0.055
4357.49703 18.496 0.085
4358.54046 18.435 0.065
4359.50938 18.657 0.079
4360.58130 18.511 0.076
4361.52276 18.576 0.107
4362.53977 18.407 0.072
4365.57839 18.481 0.091
4367.53121 18.399 0.065
4368.49849 18.423 0.081
4369.58392 18.568 0.107
4370.51111 18.558 0.071
4371.47895 18.537 0.088
4372.53537 18.511 0.055
4373.52638 18.433 0.074
4377.49963 18.504 0.063
4378.53395 18.552 0.071
4379.55200 18.512 0.088
4380.49143 18.509 0.076
4381.53909 18.352 0.082
4382.49765 18.671 0.110
4383.52979 18.658 0.098
4384.50422 18.360 0.085
4388.56043 18.607 0.100
4393.54629 18.340 0.056
4394.51941 18.624 0.082
4395.55563 18.785 0.125
4396.52545 18.418 0.092
4397.54919 18.442 0.084
4398.55446 18.339 0.074
4399.50444 18.750 0.114
4400.54888 18.740 0.131
4403.50277 18.454 0.095
4409.52023 18.555 0.100
4507.87900 18.454 0.078
4511.84578 18.466 0.062
4511.86559 18.370 0.049
4513.87693 18.389 0.049
4517.87608 18.368 0.084
4519.89734 18.403 0.066
4521.81540 18.476 0.076
4523.88784 18.431 0.072
4525.83174 18.585 0.110
4530.89735 18.401 0.046
4531.83492 18.631 0.069
4534.84470 18.564 0.072
4536.79328 18.681 0.105
4537.85341 18.516 0.052
4538.88583 18.545 0.066
4539.87191 18.694 0.085
4540.81582 18.411 0.051
4541.80836 18.589 0.059
4542.80315 18.747 0.084
4543.79867 18.563 0.061
4544.79561 18.458 0.063
4545.75977 18.447 0.081
4546.76636 18.606 0.082
4547.74108 18.570 0.076
4548.83344 18.654 0.079
4548.88432 18.370 0.089
4550.76350 18.555 0.089
4550.78317 18.339 0.065
4550.86799 18.704 0.068
4551.72650 18.449 0.071
4551.78007 18.396 0.058
4552.72984 18.623 0.151
4556.77316 18.356 0.052
4557.79434 18.462 0.059
4558.72397 18.612 0.082
4559.76482 18.696 0.069
4560.76522 18.473 0.059
4561.75453 18.426 0.049
4564.74480 18.690 0.071
4565.74282 18.530 0.051
4566.74230 18.353 0.049
4567.74225 18.350 0.051
4568.74486 18.423 0.048
4569.75940 18.489 0.055
4570.74741 18.630 0.081
4571.73903 18.487 0.076
4572.76592 18.482 0.052
4573.75407 18.375 0.058
4574.75665 18.566 0.068
4575.76547 18.611 0.068
4576.77846 18.473 0.053
4576.90175 18.488 0.066
4577.85365 18.472 0.061
4577.90965 18.437 0.063
4578.80801 18.728 0.101
4579.88181 18.632 0.084
4583.74862 18.536 0.068
4585.77575 18.437 0.072
4586.75507 18.444 0.063
4587.78866 18.337 0.058
4588.66379 18.484 0.076
4588.89633 18.432 0.051
4589.71021 18.445 0.061
4589.86557 18.476 0.071
4589.92745 18.372 0.062
4590.71903 18.389 0.056
4590.92101 18.377 0.052
4591.66021 18.659 0.074
4591.87151 18.582 0.069
4591.93350 18.457 0.078
4592.68040 18.644 0.069
4592.86967 18.459 0.063
4593.66958 18.464 0.062
4593.87937 18.421 0.056
4593.91924 18.520 0.061
4594.69076 18.509 0.065
4594.88564 18.337 0.058
4595.68337 18.329 0.052
4595.87462 18.464 0.059
4595.93915 18.433 0.092
4596.67523 18.566 0.078
4596.93307 18.446 0.063
4597.69982 18.612 0.062
4597.89142 18.647 0.069
4598.67603 18.552 0.051
4599.64857 18.292 0.056
4599.93373 18.600 0.076
4600.66092 18.386 0.048
4600.86959 18.364 0.046
4601.66345 18.435 0.053
4601.87967 18.442 0.048
4602.65603 18.603 0.055
4602.87193 18.477 0.049
4603.86736 18.565 0.076
4606.66379 18.359 0.051
4606.91557 18.420 0.062
4610.75709 18.542 0.061
4611.64266 18.403 0.061
4611.79144 18.471 0.061
4612.66417 18.437 0.065
4615.80649 18.413 0.063
4616.61815 18.429 0.056
4616.83443 18.325 0.058
4617.69205 18.505 0.049
4618.62675 18.545 0.063
4622.64030 18.373 0.056
4622.82516 18.481 0.069
4623.68691 18.436 0.061
4623.88451 18.363 0.087
4624.60543 18.660 0.089
4624.82837 18.514 0.066
4624.89744 18.386 0.069
4625.61874 18.661 0.087
4625.83815 18.691 0.091
4625.92672 18.436 0.081
4626.63943 18.568 0.079
4626.90759 18.468 0.074
4627.57741 18.414 0.055
4627.86682 18.457 0.051
4628.58432 18.494 0.063
4628.77410 18.411 0.063
4628.83641 18.278 0.061
4628.91062 18.627 0.079
4629.64717 18.447 0.053
4629.85485 18.464 0.062
4630.58224 18.651 0.069
4630.79801 18.702 0.063
4630.86752 18.486 0.065
4631.60774 18.561 0.058
4631.80643 18.528 0.056
4631.88179 18.433 0.059
4632.58688 18.444 0.053
4633.58392 18.360 0.052
4633.69488 18.598 0.056
4633.81989 18.387 0.055
4638.76835 18.444 0.066
4638.87909 18.597 0.100
4639.59194 18.364 0.056
4639.68953 18.657 0.071
4640.61014 18.459 0.062
4640.74199 18.690 0.069
4641.68567 18.446 0.068
4641.79775 18.598 0.075
4642.60816 18.676 0.066
4642.77030 18.535 0.066
4642.84947 18.514 0.074
4643.56739 18.571 0.076
4644.61588 18.449 0.065
4644.88546 18.675 0.082
4645.54626 18.578 0.087
4645.79397 18.373 0.065
4645.85945 18.421 0.076
4646.54127 18.583 0.058
4646.86701 18.416 0.065
4647.53758 18.487 0.065
4647.75380 18.354 0.063
4647.77799 18.589 0.074
4648.53465 18.618 0.085
4648.78854 18.526 0.071
4648.86317 18.413 0.079
4649.54489 18.373 0.058
4649.77122 18.415 0.052
4650.54604 18.520 0.065
4650.80915 18.297 0.058
4651.52947 18.474 0.068
4652.52092 18.611 0.074
4652.73514 18.580 0.065
4652.85892 18.472 0.082
4653.51660 18.501 0.079
4653.73581 18.403 0.058
4654.55569 18.575 0.079
4654.77025 18.531 0.074
4655.51643 18.511 0.076
4655.74101 18.385 0.052
4656.51836 18.595 0.063
4656.70825 18.514 0.065
4656.82751 18.421 0.076
4657.74677 18.825 0.117
4658.67697 18.430 0.068
4660.62926 18.720 0.084
4661.50644 18.457 0.063
4661.70714 18.463 0.081
4661.77414 18.373 0.069
4665.67404 18.277 0.063
4666.57939 18.489 0.058
4666.68033 18.455 0.062
4666.72258 18.344 0.065
4666.79491 18.594 0.095
4667.51324 18.561 0.102
4670.54967 18.632 0.094
4671.59953 18.589 0.055
4671.77166 18.560 0.079
4672.52540 18.398 0.046
4672.67558 18.546 0.056
4672.76077 18.408 0.069
4674.53121 18.440 0.069
4674.72137 18.533 0.069
4675.77055 18.534 0.072
4677.50477 18.450 0.055
4677.58870 18.602 0.069
4677.74426 18.359 0.075
4679.64358 18.651 0.081
4681.54615 18.726 0.079
4681.64618 18.354 0.055
4681.73644 18.539 0.063
4682.57075 18.713 0.079
4682.67447 18.347 0.051
4682.76962 18.685 0.081
4683.53582 18.475 0.072
4683.72443 18.341 0.063
4684.52837 18.355 0.051
4684.69979 18.462 0.059
4685.47100 18.756 0.140
4685.74853 18.392 0.065
4686.51713 18.632 0.071
4687.52043 18.645 0.078
4687.75638 18.624 0.081
4688.51376 18.342 0.055
4688.70349 18.378 0.058
4693.56145 18.754 0.085
4694.62257 18.650 0.105
4697.51720 18.689 0.071
4698.52262 18.655 0.058
4699.52083 18.567 0.065
4700.52523 18.468 0.055
4701.52048 18.451 0.063
4702.53671 18.439 0.059
4703.60420 18.373 0.058
4704.65957 18.340 0.058
4705.56735 18.687 0.078
4707.61603 18.546 0.068
4708.56789 18.404 0.063
4709.53200 18.862 0.118
4710.57272 18.445 0.065
4715.60703 18.445 0.081
4716.60465 18.255 0.069
4720.52242 18.458 0.079
4721.52266 18.598 0.097
4722.48816 18.372 0.079
4724.52520 18.348 0.071
4725.50386 18.551 0.081
4726.48404 18.823 0.127
4728.61773 18.628 0.102
4729.48545 18.451 0.079
4730.48684 18.365 0.061
4731.59378 18.429 0.072
4733.54226 18.689 0.081
4734.57159 18.636 0.079
4740.57312 18.561 0.089
4753.56415 18.639 0.101
4758.52988 18.474 0.069
4869.86582 18.444 0.062
4872.85819 18.614 0.112
4873.87995 18.425 0.059
4875.87980 18.311 0.058
4878.85390 18.629 0.087
4884.87058 18.475 0.059
4887.84299 18.474 0.055
4890.89848 18.690 0.069
4896.89018 18.525 0.063
4899.85794 18.493 0.056
4901.78752 18.494 0.072
4903.78321 18.495 0.071
4905.83153 18.751 0.088
4910.82950 18.480 0.063
4911.86644 18.510 0.052
4913.88003 18.527 0.052
4916.92097 18.412 0.066
4921.72882 18.623 0.081
4924.92455 18.519 0.098
4925.83193 18.450 0.048
4926.70878 18.637 0.076
4927.73179 18.639 0.082
4927.88646 18.520 0.072
4928.78022 18.609 0.066
4929.72687 18.473 0.072
4930.71886 18.588 0.069
4930.86671 18.624 0.079
4931.76301 18.480 0.066
4932.69714 18.462 0.062
4932.89595 18.466 0.061
4933.71299 18.455 0.074
4933.89071 18.418 0.065
4934.81166 18.612 0.085
4938.71258 18.529 0.063
4939.67341 18.296 0.059
4940.67339 18.522 0.069
4940.85107 18.466 0.076
4941.86749 18.457 0.066
4942.68989 18.535 0.063
4942.76186 18.340 0.045
4943.70220 18.609 0.061
4943.85907 18.502 0.055
4944.71364 18.582 0.059
4944.86825 18.372 0.045
4945.65882 18.480 0.068
4946.68144 18.511 0.056
4947.67227 18.563 0.056
4948.65189 18.489 0.078
4949.83215 18.446 0.049
4950.64266 18.500 0.065
4951.80633 18.637 0.069
4952.66233 18.561 0.059
4953.67574 18.678 0.066
4954.65441 18.600 0.071
4954.72054 18.572 0.061
4955.65517 18.570 0.074
4955.82356 18.484 0.063
