2115.79054 18.659 0.044
2128.64398 18.008 0.021
2131.67345 19.059 0.074
2135.52320 18.056 0.021
2138.67728 18.719 0.049
2143.59925 18.808 0.057
2162.59160 18.179 0.026
2170.49812 18.305 0.034
2173.57115 18.532 0.044
2183.50772 18.875 0.072
2184.57105 19.099 0.091
2195.55272 18.526 0.048
2341.88899 18.336 0.039
2350.90621 18.262 0.029
2359.86651 18.667 0.043
2370.90752 19.412 0.098
2384.74496 18.227 0.026
2388.74799 18.739 0.055
2390.71767 18.318 0.043
2397.92774 18.208 0.035
2401.67839 18.175 0.027
2403.73951 18.029 0.020
2405.67563 18.272 0.031
2410.75553 18.453 0.029
2415.67746 18.586 0.053
2417.74541 18.572 0.046
2425.63822 18.772 0.077
2431.68763 18.850 0.058
2433.66379 18.085 0.024
2435.78471 18.084 0.023
2437.67838 20.656 0.410
2439.60596 18.212 0.028
2441.61454 18.098 0.023
2444.60799 18.227 0.031
2446.62352 18.244 0.031
2452.59576 18.536 0.054
2458.71552 19.089 0.075
2462.70117 18.112 0.020
2464.51680 18.283 0.032
2466.84031 18.267 0.040
2468.55068 18.165 0.024
2470.56066 18.156 0.028
2474.70341 18.348 0.043
2483.49521 17.991 0.021
2485.69162 19.142 0.091
2489.76088 18.884 0.069
2492.70904 19.691 0.159
2495.50176 18.166 0.030
2497.56226 18.100 0.023
2499.59983 18.236 0.025
2501.62584 18.016 0.021
2511.60618 18.296 0.040
2518.55673 18.010 0.023
2521.55294 18.284 0.028
2537.54377 18.612 0.050
2540.55602 18.066 0.030
2545.55935 18.024 0.028
2550.54487 18.405 0.040
2555.50717 18.800 0.063
2560.58294 18.378 0.068
2566.56008 18.244 0.042
2700.88773 18.413 0.036
2727.82717 17.931 0.020
2732.84095 17.935 0.027
2743.83273 17.999 0.022
2748.85207 17.743 0.024
2755.85180 18.572 0.046
2759.84596 18.321 0.032
2765.87302 17.719 0.019
2769.91420 18.318 0.032
2782.78283 18.656 0.065
2784.77686 18.393 0.031
2786.67015 18.523 0.044
2788.77856 18.341 0.027
2790.85864 18.629 0.044
2795.58985 18.314 0.022
2797.57766 18.064 0.022
2802.64896 18.318 0.040
2808.69319 19.362 0.110
2810.62004 18.541 0.048
2812.59451 18.217 0.029
2814.59421 18.885 0.055
2815.62898 18.475 0.040
2817.65953 18.936 0.065
2819.54747 17.905 0.024
2821.52486 18.173 0.033
2830.56772 18.417 0.054
2835.50391 17.656 0.026
2838.62611 18.192 0.030
2840.55126 17.803 0.022
2842.60086 18.524 0.039
2844.66114 18.233 0.027
2849.48327 18.014 0.029
2851.59403 18.454 0.035
2853.60491 17.981 0.021
2855.67806 20.319 0.334
2857.78022 18.280 0.042
2860.62668 18.603 0.057
2863.71034 18.230 0.039
2867.56361 19.543 0.135
2870.63704 18.574 0.042
2872.68757 17.942 0.020
2876.63266 18.187 0.028
2879.56893 18.122 0.026
2884.59643 17.955 0.022
2890.68210 18.656 0.077
2894.65818 18.246 0.040
2906.62726 18.235 0.034
2910.61977 18.801 0.070
2912.60630 18.377 0.039
2923.58622 18.183 0.034
2933.58038 17.961 0.024
3047.87178 18.185 0.031
3056.87928 18.156 0.028
4911.82313 18.176 0.021
