2124.52574 17.830 0.040
2128.55043 17.903 0.025
2131.54581 17.902 0.028
2135.48037 17.872 0.028
2138.48377 17.901 0.041
2142.48546 17.960 0.031
2166.62416 17.866 0.035
2171.59554 17.858 0.033
2178.50661 18.061 0.051
2193.55290 17.944 0.036
2345.83396 17.894 0.026
2356.86336 17.913 0.026
2365.81860 17.967 0.040
2379.77440 17.901 0.036
2385.78181 17.929 0.026
2389.75711 17.927 0.031
2392.66817 17.818 0.051
2396.86698 17.907 0.034
2400.92143 17.893 0.034
2402.69840 17.869 0.027
2403.68003 18.133 0.033
2406.70297 18.149 0.039
2416.68172 17.880 0.032
2424.65937 18.011 0.030
2433.87318 17.944 0.037
2435.80337 17.980 0.031
2437.88767 17.820 0.045
2439.84598 17.911 0.029
2441.87895 17.765 0.023
2443.83856 17.791 0.039
2445.85169 17.989 0.032
2446.87806 17.795 0.034
2459.52890 17.898 0.038
2462.77973 17.896 0.026
2463.76128 18.143 0.028
2465.62488 17.888 0.025
2467.71126 17.903 0.025
2469.75565 18.114 0.029
2471.52055 17.871 0.026
2473.72973 17.858 0.029
2484.50270 17.853 0.036
2489.62715 17.966 0.025
2492.57993 17.835 0.026
2494.62734 17.897 0.032
2496.68906 17.888 0.023
2498.73508 17.908 0.035
2501.49644 17.838 0.032
2510.66653 17.876 0.037
2516.57120 17.880 0.035
2519.53077 17.879 0.026
2524.57580 17.895 0.030
2528.56287 17.909 0.034
2539.52454 17.856 0.030
2544.57057 17.845 0.037
2560.52417 17.787 0.056
2568.52854 17.928 0.050
2710.89010 17.913 0.026
2725.88525 17.862 0.026
2731.82476 17.905 0.025
2735.91632 17.857 0.032
2747.88539 17.873 0.042
2754.90087 17.891 0.031
2764.87046 17.850 0.030
2769.68911 17.925 0.030
2783.66083 18.075 0.029
2785.63477 17.895 0.031
2787.69169 17.934 0.027
2789.84948 17.939 0.029
2791.84430 17.873 0.028
2793.89140 17.923 0.033
2795.81330 17.915 0.026
2796.93742 17.908 0.038
2797.79955 17.869 0.026
2809.59175 17.899 0.033
2811.58201 17.870 0.039
2812.79607 17.886 0.033
2814.67514 17.931 0.026
2815.87474 17.897 0.035
2817.57269 17.936 0.035
2818.84830 17.853 0.030
2820.59011 17.886 0.032
2826.55840 17.909 0.029
2834.51375 17.969 0.048
2836.55685 17.926 0.030
2838.52581 17.922 0.032
2839.52825 17.897 0.029
2841.55684 17.895 0.030
2844.53990 17.917 0.027
2847.58100 17.856 0.035
2850.76035 17.875 0.030
2852.75458 18.044 0.039
2855.55768 17.941 0.034
2857.64678 17.887 0.032
2861.59653 17.865 0.043
2863.50576 17.892 0.035
2866.53007 17.883 0.031
2870.60906 17.897 0.027
2874.60839 17.894 0.033
2878.52420 17.931 0.030
2883.52512 17.851 0.026
2886.49888 17.863 0.050
2893.49518 17.908 0.040
2897.58769 17.885 0.032
2902.62950 17.956 0.051
2907.62498 17.876 0.042
2921.56731 17.925 0.040
2932.55634 17.899 0.036
3054.86584 17.895 0.028
3057.85029 17.902 0.027
3060.88093 17.915 0.026
3066.87450 17.927 0.024
3069.82708 17.946 0.029
3071.83280 17.875 0.031
3074.78215 17.916 0.033
3076.85941 17.876 0.031
3080.87599 17.942 0.029
3083.82590 17.870 0.026
3085.77443 17.890 0.026
3087.73507 17.942 0.031
3088.91526 17.879 0.028
3090.87228 17.907 0.026
3092.78924 17.866 0.034
3097.75633 17.836 0.041
3098.71764 17.915 0.034
3100.76125 17.894 0.029
3102.74552 17.902 0.029
3107.71968 17.927 0.033
3108.71751 17.868 0.024
3110.68081 17.832 0.039
3112.68362 17.915 0.029
3113.72173 17.946 0.022
3115.71115 17.920 0.031
3116.76584 17.883 0.031
3122.73538 17.843 0.035
3124.91182 17.885 0.038
3126.65088 17.901 0.029
3127.65163 17.847 0.027
3128.67131 17.845 0.030
3129.64351 17.915 0.038
3130.64706 17.865 0.052
3134.61979 17.836 0.042
3135.68617 17.899 0.030
3137.79234 17.865 0.031
3139.67733 17.900 0.027
3140.64538 17.895 0.029
3141.73141 17.869 0.026
3142.63223 17.974 0.029
3144.63443 17.920 0.029
3145.71300 17.874 0.027
3147.80339 17.858 0.028
3151.60176 18.126 0.050
3152.61081 17.868 0.027
3153.61058 17.821 0.029
3154.68853 17.882 0.037
3156.59290 17.889 0.036
3158.62185 17.922 0.038
3162.65444 17.856 0.026
3163.56558 18.157 0.038
3164.56625 17.887 0.025
3165.56588 17.911 0.027
3166.77218 17.925 0.037
3167.78659 17.910 0.027
3168.60169 17.895 0.024
3169.57173 18.168 0.031
3170.67099 17.893 0.023
3171.56516 17.893 0.024
3172.57495 18.155 0.030
3174.56603 17.866 0.024
3174.88514 17.872 0.031
3175.55977 18.118 0.035
3176.59323 17.890 0.030
3178.62896 18.119 0.036
3179.65326 17.924 0.029
3180.52802 17.895 0.026
3182.56233 17.926 0.032
3183.53492 17.858 0.030
3184.53894 18.011 0.028
3185.56726 17.928 0.027
3191.84457 17.904 0.034
3193.71621 17.937 0.029
3194.74246 17.830 0.035
3195.49989 17.896 0.030
3196.47237 17.850 0.039
3197.69803 17.882 0.029
3202.49056 17.919 0.028
3203.51552 17.909 0.023
3204.79304 17.854 0.029
3205.50700 17.897 0.026
3206.47959 17.852 0.030
3207.51885 17.897 0.039
3210.71612 17.907 0.031
3211.50626 17.924 0.029
3217.51177 17.909 0.031
3218.50560 17.936 0.040
3219.56945 17.817 0.041
3224.62731 17.886 0.027
3228.54581 17.930 0.026
3230.51878 17.935 0.027
3232.53646 17.853 0.033
3239.59753 17.917 0.025
3239.62465 17.840 0.026
3240.65270 17.828 0.030
3244.61403 18.066 0.054
3245.62977 17.877 0.040
3246.51594 17.874 0.042
3247.57958 17.875 0.032
3248.62473 17.854 0.030
3250.50839 17.894 0.032
3251.63707 17.881 0.029
3254.50924 17.862 0.032
3257.64479 17.847 0.026
3266.52268 17.849 0.038
3268.59074 17.889 0.026
3271.53895 17.831 0.056
3272.50730 17.833 0.027
3279.53125 17.898 0.030
3283.56676 17.869 0.021
3431.86574 17.896 0.024
3438.86381 17.862 0.026
3444.79739 17.896 0.026
3446.82196 17.903 0.025
3448.85531 18.056 0.025
3448.88557 18.121 0.026
3449.80107 17.950 0.024
3449.87914 17.873 0.024
3449.91813 17.841 0.034
3450.77613 17.875 0.021
3450.84919 17.878 0.021
3454.80081 17.849 0.039
3456.80880 17.868 0.026
3468.77950 17.953 0.026
3470.75235 17.954 0.024
3473.73334 17.913 0.027
3475.75370 17.872 0.021
3478.73665 17.923 0.025
3480.78657 17.914 0.024
3483.85153 17.888 0.025
3496.66589 17.893 0.038
3497.85565 17.947 0.028
3499.67869 17.947 0.029
3501.64821 17.763 0.038
3502.82601 17.937 0.025
3503.63007 17.890 0.025
3504.65050 17.847 0.030
3508.78177 17.899 0.026
3509.87386 17.853 0.021
3510.86114 17.893 0.024
3511.89766 17.976 0.026
3512.62443 17.866 0.040
3520.90174 17.854 0.037
3521.86549 17.913 0.030
3522.60389 17.899 0.021
3523.62241 17.869 0.026
3524.59797 17.908 0.028
3525.58709 17.971 0.029
3528.91488 17.856 0.033
3530.70577 17.857 0.018
3538.58500 17.887 0.030
3539.57787 17.939 0.030
3547.51919 17.872 0.033
3550.68929 17.869 0.021
3551.71790 17.881 0.018
3552.74910 17.812 0.024
3553.60474 17.824 0.029
3554.55384 17.898 0.037
3556.56892 17.908 0.032
3558.69933 17.994 0.025
3559.79922 17.865 0.024
3560.47989 17.990 0.026
3560.48940 17.897 0.023
3561.74101 17.880 0.021
3562.74693 17.906 0.024
3563.50046 17.897 0.024
3573.48767 17.873 0.043
3574.54550 17.876 0.028
3575.49240 17.859 0.024
3576.49333 18.051 0.029
3577.54924 17.844 0.022
3578.52180 17.919 0.020
3579.48093 17.960 0.023
3580.49185 17.880 0.024
3581.52633 17.913 0.026
3582.48025 17.968 0.028
3583.52481 17.834 0.023
3584.51095 17.917 0.023
3585.50161 18.008 0.024
3586.52585 17.881 0.021
3587.61565 17.883 0.028
3588.53807 18.017 0.027
3589.51096 17.896 0.022
3590.49118 17.958 0.024
3591.51321 17.990 0.021
3592.49909 17.900 0.025
3593.56314 17.890 0.021
3594.52449 18.059 0.029
3600.49475 17.885 0.041
3601.60527 17.905 0.026
3603.48151 17.885 0.032
3604.54202 17.907 0.027
3606.48925 17.966 0.028
3607.48568 17.876 0.022
3608.48883 17.882 0.031
3617.59475 17.883 0.031
3619.64386 17.945 0.036
3621.53956 17.897 0.027
3630.61318 18.137 0.054
3632.56123 17.893 0.035
3635.53476 17.881 0.024
3640.55711 17.836 0.029
3644.56066 17.885 0.026
3650.53242 17.926 0.031
3653.50277 17.911 0.044
3773.86313 17.833 0.036
3779.86946 17.890 0.037
