2125.56420 18.780 0.111
2129.64762 18.943 0.058
2132.59101 18.668 0.062
2135.72855 18.520 0.044
2140.69098 18.641 0.070
2144.57345 18.689 0.066
2160.55996 18.677 0.073
2168.62773 18.483 0.068
2187.53684 18.538 0.061
2206.53264 18.505 0.093
2331.87317 18.518 0.055
2345.90164 18.572 0.059
2355.84756 18.563 0.050
2364.90507 18.634 0.063
2372.80569 18.587 0.044
2403.86029 18.792 0.055
2414.73752 18.700 0.054
2416.77893 18.664 0.058
2424.87211 18.535 0.077
2428.77374 18.823 0.080
2432.81625 18.669 0.095
2434.68414 18.580 0.053
2436.73246 18.582 0.052
2438.70995 18.506 0.053
2440.73996 18.330 0.045
2443.71323 18.514 0.052
2445.59416 18.609 0.050
2448.58338 18.697 0.137
2453.83352 18.919 0.084
2456.54501 18.609 0.064
2458.68197 18.792 0.058
2460.75428 18.627 0.066
2463.50349 18.943 0.083
2466.70863 18.917 0.067
2468.57948 18.566 0.043
2470.58273 18.537 0.055
2481.48434 18.480 0.080
2484.58365 18.499 0.062
2490.64288 18.554 0.063
2493.60508 18.623 0.061
2495.67646 18.801 0.057
2497.76044 18.721 0.070
2498.46980 18.629 0.059
2500.49460 18.641 0.065
2502.52737 18.572 0.048
2508.62665 18.846 0.074
2512.57408 18.725 0.071
2517.61594 18.562 0.051
2520.54078 18.634 0.054
2526.63176 18.621 0.057
2537.61144 18.792 0.105
2542.47876 19.037 0.131
2547.54620 18.714 0.076
2551.58369 18.650 0.078
2556.53713 18.553 0.063
2564.49433 18.762 0.101
2575.49243 18.846 0.103
2706.87963 18.624 0.059
2714.86386 18.606 0.048
2728.89320 18.652 0.068
2733.87629 18.661 0.063
2744.86438 18.996 0.064
2753.85001 18.593 0.062
2756.90851 18.964 0.082
2760.86210 18.658 0.064
2766.91526 18.579 0.058
2770.78602 18.652 0.062
2783.73060 18.561 0.043
2785.83551 18.567 0.066
2786.89596 18.637 0.073
2789.70616 18.587 0.046
2791.68536 18.771 0.063
2794.89192 18.837 0.069
2796.77315 18.615 0.047
2797.93584 18.677 0.064
2809.67927 18.571 0.055
2810.84616 18.589 0.057
2811.87790 18.612 0.059
2813.67469 18.585 0.060
2814.69675 18.596 0.051
2816.55997 18.827 0.063
2818.54748 18.565 0.063
2820.68504 18.829 0.067
2826.71304 18.615 0.050
2834.74947 18.521 0.104
2837.59124 18.772 0.107
2839.63945 18.595 0.067
2841.65283 18.733 0.067
2843.58556 18.779 0.066
2845.61370 18.935 0.085
2849.79305 18.657 0.094
2852.48996 18.584 0.081
2854.48419 18.812 0.091
2856.67723 18.615 0.073
2858.64263 18.751 0.088
2862.56915 19.024 0.092
2865.67843 18.639 0.052
2868.55822 18.674 0.050
2871.66546 18.641 0.048
2876.54906 18.677 0.060
2879.59322 18.608 0.061
2885.48806 18.600 0.077
2894.59592 18.580 0.071
2898.58077 18.560 0.067
2904.55355 18.707 0.083
2908.61640 18.635 0.099
2909.54809 18.610 0.067
2917.58697 18.627 0.066
2930.53067 18.633 0.063
3051.86594 18.660 0.090
3058.85943 18.615 0.052
3062.89433 18.651 0.045
3063.88304 18.749 0.056
3067.85793 18.646 0.050
3070.81786 18.687 0.093
3072.89668 18.677 0.049
3075.79359 18.628 0.071
3079.85003 18.634 0.062
3082.81288 18.596 0.048
3082.83644 18.611 0.051
3082.87561 18.586 0.050
3082.89961 18.614 0.052
3083.77264 18.653 0.045
3083.87165 18.569 0.046
3084.75267 18.589 0.062
3085.87157 18.910 0.056
3086.80248 18.699 0.047
3087.82318 18.586 0.050
3088.75821 18.639 0.049
3089.76334 18.585 0.052
3090.82604 18.667 0.053
3091.78666 18.680 0.049
3092.87883 18.557 0.066
3093.89080 18.692 0.075
3096.82416 18.621 0.065
3097.79269 18.735 0.082
3097.87705 18.655 0.046
3097.89617 18.746 0.050
3097.91547 18.792 0.053
3098.75097 18.855 0.062
3098.86797 18.690 0.044
3099.78987 18.602 0.057
3100.82195 18.581 0.050
3102.78472 18.857 0.069
3103.85855 18.640 0.058
3106.79298 18.779 0.098
3108.73060 18.723 0.051
3109.75719 18.585 0.046
3110.79666 18.610 0.050
3111.83069 18.606 0.050
3112.80394 18.637 0.053
3113.83778 18.555 0.045
3114.74794 18.631 0.044
3115.83047 18.634 0.049
3118.89196 18.804 0.066
3122.87544 18.582 0.079
3125.83203 18.612 0.066
3126.86134 18.618 0.050
3127.76690 18.812 0.064
3128.78527 18.568 0.050
3129.75998 18.588 0.060
3131.64756 18.653 0.106
3134.72772 18.592 0.091
3134.84497 18.743 0.076
3135.82813 18.795 0.053
3137.90373 18.726 0.070
3138.78799 18.616 0.046
3139.83215 18.731 0.052
3140.83957 18.637 0.054
3142.73177 18.611 0.048
3144.75233 19.053 0.069
3146.72588 18.551 0.054
3151.71460 18.557 0.064
3152.71836 18.640 0.057
3152.93173 18.447 0.068
3153.72235 18.573 0.077
3154.78243 18.593 0.064
3156.76583 18.733 0.063
3158.83638 18.620 0.074
3162.77732 18.652 0.063
3163.73865 18.629 0.049
3164.69690 18.593 0.047
3165.76820 18.834 0.047
3166.85609 18.573 0.079
3168.55581 18.466 0.051
3168.89407 18.900 0.085
3169.69068 18.751 0.061
3170.76326 18.655 0.048
3171.84111 18.649 0.043
3172.70279 18.637 0.044
3174.67439 18.654 0.042
3175.68374 18.694 0.044
3176.72672 18.612 0.079
3178.74489 18.655 0.062
3179.75787 18.589 0.050
3180.67061 18.620 0.038
3182.73777 18.687 0.050
3183.69624 18.602 0.062
3184.66377 18.692 0.044
3185.81975 18.779 0.063
3193.49749 18.753 0.095
3194.60693 18.681 0.060
3195.66342 18.688 0.049
3196.70712 18.649 0.066
3197.49303 18.660 0.062
3197.60708 18.567 0.047
3197.66013 18.582 0.053
3197.74030 18.704 0.056
3197.80477 18.616 0.063
3197.83745 18.686 0.075
3198.70176 18.716 0.061
3199.57912 18.976 0.093
3199.75189 18.731 0.079
3201.49717 18.623 0.058
3202.50268 18.611 0.054
3203.62369 18.951 0.050
3204.58457 18.656 0.047
3205.72626 18.603 0.040
3206.63384 18.681 0.048
3209.67564 18.571 0.065
3210.62194 18.564 0.055
3211.71959 18.716 0.078
3217.61639 18.663 0.053
3218.61570 18.520 0.065
3219.68205 18.545 0.085
3223.61311 18.671 0.077
3224.66281 18.743 0.050
3226.57609 18.611 0.057
3228.55863 18.847 0.067
3229.59234 18.634 0.043
3230.63093 18.613 0.043
3231.53194 18.600 0.060
3232.56063 18.710 0.086
3238.58155 18.660 0.062
3239.54126 18.607 0.054
3240.61801 18.726 0.072
3241.61700 18.667 0.111
3245.51118 18.922 0.090
3246.66947 18.598 0.090
3247.63899 18.676 0.069
3249.49051 18.641 0.062
3250.61810 18.652 0.068
3253.61142 19.004 0.077
3256.59428 18.562 0.069
3259.58648 18.554 0.066
3267.49346 18.809 0.086
3271.57904 18.800 0.161
3274.59059 18.917 0.099
3278.56459 19.115 0.117
3281.54536 18.606 0.061
3293.48183 18.815 0.131
3294.51107 18.494 0.055
3295.48624 18.919 0.101
3296.50923 18.673 0.053
3299.48962 18.811 0.065
3308.52960 18.623 0.104
3309.54783 18.709 0.089
3312.49660 18.608 0.121
3416.86609 18.588 0.055
3421.85535 18.625 0.056
3425.88232 18.630 0.070
3428.87837 18.669 0.056
3432.85198 18.420 0.070
3442.85261 18.638 0.057
3444.90550 18.627 0.057
3447.81868 18.657 0.057
3449.83155 18.672 0.058
3452.85212 18.586 0.045
3454.90559 18.590 0.059
3458.76473 18.635 0.057
3459.81237 18.647 0.059
3468.84117 19.050 0.062
3469.84807 18.633 0.041
3471.87559 18.739 0.071
3473.84355 18.625 0.059
3474.86700 18.532 0.051
3474.88798 18.754 0.056
3476.73615 18.440 0.033
3478.75547 18.685 0.053
3479.89266 18.684 0.042
3481.78338 18.959 0.058
3484.73913 18.753 0.087
3496.68754 18.551 0.053
3497.75497 18.733 0.065
3498.90069 18.625 0.055
3499.71252 18.572 0.041
3500.69539 18.584 0.049
3501.73154 18.571 0.054
3502.73195 19.049 0.068
3503.65698 18.598 0.046
3504.83760 18.560 0.046
3506.84924 18.671 0.054
3508.71568 18.589 0.075
3509.74626 18.622 0.040
3510.88161 18.708 0.046
3511.79838 18.638 0.044
3512.81779 18.632 0.061
3517.82145 18.636 0.053
3520.77867 18.644 0.054
3522.70466 18.613 0.035
3523.76577 18.769 0.048
3523.90827 18.744 0.075
3524.66793 18.480 0.047
3525.66200 18.614 0.048
3526.71478 18.612 0.043
3527.74855 18.867 0.054
3528.68942 18.642 0.048
3529.64742 18.634 0.041
3530.65545 18.667 0.038
3538.62554 18.561 0.043
3540.61956 18.893 0.074
3544.82063 18.755 0.075
3547.75215 18.440 0.051
3550.59900 18.735 0.063
3551.60130 18.384 0.030
3552.62999 18.755 0.050
3553.75769 18.591 0.062
3554.70736 18.692 0.061
3556.68744 18.845 0.051
3558.49823 18.728 0.068
3558.79691 18.663 0.057
3559.57979 18.558 0.060
3560.56814 18.635 0.049
3561.51231 18.896 0.075
3562.55296 18.680 0.050
3562.80430 18.585 0.055
3563.60712 18.610 0.041
3564.58886 18.741 0.073
3568.81542 19.018 0.112
3569.47884 18.854 0.154
3572.80594 18.812 0.117
3573.61601 18.873 0.091
3574.65704 18.627 0.061
3575.50455 18.678 0.051
3576.65851 18.676 0.050
3577.72618 19.007 0.085
3578.63139 18.621 0.044
3579.58867 18.654 0.046
3579.75641 18.623 0.054
3580.61848 18.581 0.043
3581.64195 18.720 0.049
3582.58995 18.792 0.046
3583.60403 18.673 0.057
3584.61277 18.627 0.038
3585.60298 18.637 0.045
3586.64877 18.768 0.048
3589.64141 18.643 0.037
3590.61033 18.894 0.051
3592.61716 18.671 0.043
3593.63833 18.629 0.044
3594.67158 18.845 0.063
3601.61742 18.579 0.052
3601.71898 18.690 0.072
3602.46982 18.519 0.082
3602.52032 18.465 0.058
3602.63347 18.891 0.071
3603.60753 18.724 0.054
3606.63433 18.600 0.064
3607.60585 18.619 0.052
3608.61276 18.460 0.041
3615.54422 18.851 0.057
3616.55593 18.476 0.055
3618.53256 18.574 0.045
3619.55716 18.784 0.062
3621.55679 18.493 0.057
3628.53068 18.907 0.073
3629.61537 18.545 0.063
3631.50029 18.569 0.064
3633.51333 18.704 0.063
3637.60950 18.614 0.066
3639.56312 18.614 0.039
3641.51523 18.508 0.062
3643.59163 18.456 0.072
3648.50744 18.616 0.053
3650.54487 18.573 0.052
3654.51670 18.547 0.078
3655.49014 18.606 0.065
3657.50284 19.045 0.107
3660.49698 18.719 0.077
3662.50224 18.647 0.063
3666.52971 18.587 0.056
3775.87869 18.696 0.066
3781.86413 18.641 0.079
3784.84806 18.891 0.069
3787.83872 18.592 0.059
3790.86941 18.519 0.061
3790.90130 18.693 0.076
3791.85947 18.636 0.062
3792.86601 18.490 0.037
3793.87699 18.670 0.049
3794.82301 18.637 0.067
3795.90224 18.678 0.065
3796.86272 18.671 0.053
3797.90246 18.713 0.047
3798.80132 18.527 0.048
3799.85735 18.729 0.070
3799.90542 18.599 0.070
3800.88368 18.522 0.044
3801.78413 18.907 0.073
3801.86589 18.846 0.058
3801.90589 18.761 0.075
3802.78982 18.665 0.058
3802.83147 18.680 0.051
3802.91188 18.513 0.079
3803.78004 18.580 0.053
3803.86674 18.608 0.044
3803.90678 18.588 0.054
3804.78153 18.589 0.063
3804.90458 18.557 0.063
3805.78281 18.642 0.064
3805.87941 18.875 0.060
3806.80291 18.624 0.052
3807.78232 18.616 0.079
3807.81663 18.662 0.064
3808.77632 18.552 0.059
3809.77914 18.599 0.054
3810.76809 18.795 0.072
3810.82375 18.553 0.053
3811.81975 18.650 0.069
3812.81149 18.653 0.058
3813.78729 18.678 0.055
3814.80431 18.744 0.057
3815.80831 18.657 0.053
3817.80766 18.575 0.050
3818.86652 18.639 0.045
3819.78212 18.595 0.041
3820.75242 18.646 0.047
3820.91992 18.502 0.058
3821.75288 18.602 0.052
3822.79501 18.990 0.074
3823.75105 18.648 0.053
3824.76855 18.481 0.060
3825.78216 18.547 0.071
3826.76211 18.762 0.059
3827.78179 18.646 0.052
3828.75538 18.657 0.072
3829.79071 18.628 0.049
3830.71243 18.654 0.058
3831.70888 18.733 0.055
3832.72337 18.703 0.053
3833.74173 18.719 0.057
3834.71103 18.578 0.066
3835.71640 18.950 0.084
3835.90247 18.624 0.040
3836.74482 18.576 0.067
3836.91245 18.574 0.041
3837.71135 18.602 0.067
3837.88358 18.724 0.046
3838.71882 18.758 0.087
3839.72017 19.303 0.136
3839.90667 18.537 0.060
3840.73216 18.539 0.061
3840.89094 18.580 0.046
3841.69011 18.713 0.078
3841.92150 18.644 0.052
3842.82346 18.627 0.049
3845.69983 18.663 0.117
3845.88357 18.610 0.089
3846.68027 18.561 0.061
3847.77696 18.929 0.083
3848.73196 18.568 0.061
3849.72769 18.585 0.049
3849.93054 18.754 0.065
3850.67431 18.586 0.055
3850.72852 18.689 0.055
3850.84686 18.618 0.053
3850.91841 18.771 0.062
3851.68810 18.652 0.062
3851.85334 18.795 0.065
3852.67886 18.795 0.074
3852.90736 18.495 0.058
3853.66714 18.600 0.055
3853.83477 18.639 0.037
3853.90627 18.659 0.040
3854.66152 18.563 0.073
3855.76268 18.719 0.042
3856.65711 19.077 0.085
3856.82348 18.722 0.060
3857.89376 18.665 0.048
3858.68574 18.626 0.052
3859.77616 18.715 0.052
3860.79238 18.625 0.070
3861.64599 18.720 0.069
3861.75295 18.731 0.052
3862.65104 18.667 0.061
3862.83902 18.604 0.039
3862.91507 18.619 0.047
3863.66663 18.544 0.054
3863.88688 18.923 0.055
3864.65471 18.695 0.067
3864.84715 18.612 0.038
3865.71462 18.670 0.053
3865.85819 18.655 0.056
3865.92717 18.571 0.042
3866.66621 18.612 0.052
3866.80586 18.579 0.045
3866.88406 18.605 0.047
3867.68110 18.670 0.059
3867.86672 18.799 0.056
3868.68902 18.895 0.083
3868.83309 18.629 0.063
3868.91295 18.670 0.065
3869.66652 18.665 0.060
3869.84830 18.574 0.063
3872.86366 18.687 0.050
3873.67210 18.681 0.051
3873.81440 18.663 0.046
3873.88626 18.756 0.056
3874.72393 18.531 0.053
3874.89795 18.582 0.048
3875.68448 18.625 0.044
3875.83952 18.690 0.044
3875.93761 18.856 0.063
3876.61160 18.694 0.053
3877.68855 18.744 0.044
3877.83728 18.590 0.045
3877.91135 18.618 0.068
3879.64452 18.656 0.045
3880.81378 18.955 0.069
3880.89283 18.841 0.059
3881.63930 18.833 0.064
3881.85480 18.701 0.047
3881.90141 18.645 0.042
3882.62423 18.653 0.056
3882.77772 18.611 0.044
3882.85158 18.566 0.046
3882.92037 18.578 0.043
3883.61176 18.723 0.069
3883.80885 18.667 0.054
3886.57109 18.511 0.053
3886.77231 18.714 0.049
3886.84758 18.661 0.041
3886.94553 18.489 0.078
3887.62486 18.648 0.054
3887.75131 18.615 0.048
3887.85544 18.639 0.056
3887.92752 18.679 0.056
3889.63890 18.708 0.051
3889.91372 18.642 0.060
3891.64827 18.615 0.057
3891.76999 18.627 0.065
3891.85218 18.695 0.055
3892.90092 18.959 0.066
3893.58287 18.636 0.062
3893.82924 18.561 0.059
3894.64312 18.747 0.073
3894.85844 18.653 0.065
3896.57913 18.777 0.092
3900.50691 18.924 0.112
3900.69232 18.542 0.047
3900.77666 18.648 0.055
3900.84516 18.592 0.052
3901.52177 18.407 0.057
3901.69796 18.637 0.047
3901.77569 18.943 0.066
3901.84879 18.940 0.079
3902.53330 18.773 0.080
3902.72034 18.710 0.050
3902.83319 18.787 0.077
3903.87423 18.631 0.066
3904.53264 18.701 0.063
3904.69510 18.609 0.036
3904.76457 18.669 0.045
3904.83729 18.664 0.049
3905.52947 18.629 0.055
3905.70582 18.768 0.054
3905.77609 18.761 0.045
3905.84469 19.045 0.059
3906.53734 18.649 0.070
3906.73019 18.696 0.046
3906.80337 18.604 0.045
3906.89196 18.633 0.063
3907.57162 18.771 0.064
3907.75696 18.739 0.087
3907.84140 18.594 0.071
3908.50963 18.768 0.079
3908.69570 18.554 0.041
3908.77341 18.557 0.044
3908.85610 18.582 0.048
3909.50923 18.625 0.089
3909.68769 18.631 0.037
3909.69997 18.610 0.038
3909.74372 18.625 0.038
3909.76212 18.667 0.041
3909.78242 18.681 0.041
3909.82598 18.836 0.058
3909.86203 19.003 0.080
3910.52972 18.643 0.066
3912.50415 18.583 0.054
3912.69556 18.648 0.034
3912.78691 18.678 0.040
3912.87481 18.734 0.058
3913.49704 18.763 0.055
3913.69893 18.682 0.044
3913.79441 18.670 0.043
3913.88042 19.069 0.086
3914.52304 18.625 0.061
3914.75460 18.993 0.060
3915.49878 19.087 0.091
3915.51593 19.038 0.079
3915.54482 18.939 0.078
3915.57381 18.879 0.063
3915.60800 18.706 0.059
3915.64564 18.756 0.047
3915.68430 18.661 0.045
3915.69432 18.732 0.054
3915.70309 18.650 0.047
3915.75111 18.627 0.048
3915.77711 18.606 0.049
3915.79499 18.641 0.046
3915.81205 18.689 0.049
3915.84500 18.649 0.063
3915.87428 18.745 0.063
3916.51427 18.692 0.065
3916.53479 18.595 0.065
3916.54350 18.713 0.069
3916.58679 18.535 0.061
3916.62171 18.583 0.054
3916.68951 18.645 0.044
3916.72728 18.590 0.049
3916.76501 18.544 0.061
3916.79783 18.705 0.078
3916.82744 18.530 0.050
3917.49061 18.931 0.084
3917.52165 18.630 0.075
3917.54204 18.685 0.063
3917.62364 18.403 0.047
3917.66187 18.734 0.064
3917.70226 18.595 0.043
3917.74014 18.710 0.061
3917.78239 18.627 0.078
3917.79448 18.695 0.061
3918.50369 18.656 0.066
3918.51293 18.591 0.060
3918.52240 18.415 0.055
3918.53510 18.545 0.063
3918.56295 18.616 0.068
3918.60482 18.633 0.054
3918.62574 18.743 0.061
3918.65390 18.698 0.049
3918.67901 18.867 0.063
3918.70231 18.875 0.059
3918.72680 18.922 0.078
3918.74443 18.972 0.064
3918.78254 18.772 0.063
3918.80640 18.806 0.068
3918.83583 18.692 0.071
3918.86805 18.620 0.081
3919.48461 18.601 0.070
3919.49657 18.834 0.085
3919.56389 18.949 0.088
3919.63954 18.614 0.054
3919.67472 18.825 0.064
3919.72910 18.610 0.042
3919.79320 18.782 0.050
3919.84527 18.524 0.066
3920.47445 18.696 0.068
3920.48637 18.670 0.068
3920.50422 18.758 0.064
3920.53028 18.604 0.048
3920.59162 18.596 0.049
3920.68293 18.623 0.063
3920.76493 18.608 0.042
3920.83467 18.613 0.049
3921.47445 18.655 0.064
3921.48635 18.492 0.055
3921.56911 18.613 0.059
3921.64019 18.668 0.071
3921.68380 18.611 0.066
3921.77209 18.456 0.064
3921.80543 18.586 0.073
3922.68356 18.652 0.074
3922.73034 18.706 0.078
3930.48647 18.652 0.062
3930.76065 18.820 0.089
3931.47136 18.757 0.089
3932.50289 19.028 0.090
3932.77819 18.587 0.052
3933.48393 18.930 0.072
3933.67376 18.657 0.038
3933.74927 18.623 0.040
3934.46669 18.727 0.070
3934.68345 18.641 0.048
3934.75249 18.667 0.051
3935.51663 18.678 0.056
3935.68783 18.779 0.083
3935.75647 18.725 0.058
3936.46998 19.002 0.118
3936.63528 18.609 0.043
3936.71184 18.515 0.043
3937.47622 18.512 0.067
3937.75326 18.480 0.060
3938.47460 18.618 0.076
3938.66244 18.649 0.056
3938.75145 18.578 0.060
3939.54206 18.640 0.047
3940.66033 18.632 0.040
3940.79117 18.737 0.058
3942.52799 18.389 0.063
3944.50774 18.919 0.062
3944.57108 19.005 0.060
3944.61022 18.688 0.044
3944.65586 18.751 0.051
3945.46987 18.663 0.060
3945.51612 18.603 0.047
3945.54658 18.618 0.050
3945.65690 18.655 0.049
3945.69039 18.604 0.045
3945.74623 18.587 0.056
3945.79034 18.695 0.072
3946.47325 18.877 0.086
3946.55445 18.701 0.057
3946.67844 18.500 0.048
3946.75587 18.632 0.057
3950.49010 18.566 0.058
3950.69984 18.595 0.050
3951.48993 18.648 0.063
3951.72245 18.746 0.066
3955.51206 18.469 0.074
3956.52096 18.455 0.073
3957.48308 18.979 0.078
3959.47964 18.688 0.067
3959.66092 18.689 0.061
3960.47587 18.602 0.059
3960.65492 18.978 0.056
3960.72705 18.816 0.068
3961.53238 18.767 0.072
3963.50856 18.665 0.056
3963.68015 18.590 0.049
3964.49288 18.636 0.058
3964.70156 18.907 0.066
3965.48188 19.086 0.082
3965.67441 18.618 0.043
3966.51187 18.578 0.051
3966.66487 18.586 0.050
3967.49338 18.603 0.072
3967.69025 18.583 0.048
3968.47369 18.580 0.063
3968.64555 18.689 0.052
3968.71470 18.730 0.070
3969.50228 18.764 0.066
3969.65609 18.619 0.056
3970.48284 18.635 0.063
3970.66376 18.493 0.052
3971.52097 18.499 0.068
3971.69702 18.523 0.048
3973.54768 18.826 0.076
3974.48257 18.692 0.069
3974.66163 18.655 0.061
3975.48530 18.570 0.071
3975.65676 18.589 0.055
3976.48205 18.613 0.044
3976.64923 18.570 0.059
3979.48508 18.648 0.080
3982.54117 18.511 0.068
3983.49160 18.651 0.098
3986.55483 18.752 0.083
3987.48273 18.796 0.079
3987.64370 18.608 0.062
3988.48566 18.585 0.047
3990.61682 18.670 0.073
3993.58679 18.480 0.065
3995.54349 18.554 0.046
3996.54195 18.761 0.073
3999.56423 18.691 0.067
4001.49450 18.821 0.078
4003.51478 18.588 0.044
4004.49006 18.640 0.049
4006.49686 18.544 0.058
4011.59357 18.614 0.076
4012.54488 18.598 0.070
4016.49235 18.704 0.072
4018.51759 18.666 0.072
4020.50697 18.044 0.043
4023.51584 18.726 0.080
4025.53525 18.705 0.060
4027.54017 18.871 0.083
4030.53197 18.583 0.068
4036.51320 18.423 0.079
4040.49435 18.908 0.145
4042.52439 18.717 0.099
4140.88499 18.456 0.088
4143.88227 18.677 0.084
4149.87419 18.626 0.068
4153.86054 18.605 0.054
4155.89649 18.722 0.072
4158.85847 18.631 0.061
4161.82644 18.607 0.058
4162.90779 18.644 0.079
4164.81498 18.667 0.064
4165.89537 18.653 0.083
4167.89933 18.812 0.062
4169.90291 18.647 0.056
4174.90536 18.595 0.052
4175.85648 18.700 0.064
4176.87886 18.695 0.055
4178.77116 18.619 0.056
4179.82996 18.715 0.053
4180.90933 18.674 0.072
4183.84731 18.559 0.055
4184.88777 18.704 0.043
4185.86368 18.717 0.062
4189.89071 18.608 0.073
4191.85341 18.759 0.089
4192.76866 18.855 0.098
4194.76808 18.598 0.064
4196.75834 18.696 0.075
4202.73976 18.678 0.057
4203.72793 18.560 0.042
4203.91234 18.695 0.049
4204.71622 18.610 0.062
4205.71665 18.906 0.071
4207.70612 18.612 0.063
4207.88135 18.653 0.049
4208.72824 18.665 0.053
4209.76097 18.839 0.054
4211.74090 18.679 0.067
4212.90224 18.499 0.068
4213.73487 18.601 0.058
4215.72486 18.603 0.063
4216.68217 18.668 0.063
4216.87558 18.652 0.041
4217.68781 18.665 0.052
4218.71201 18.889 0.093
4219.73346 18.680 0.075
4220.67039 18.608 0.074
4221.71112 18.695 0.064
4222.89075 18.636 0.056
4223.67476 18.639 0.075
4224.76546 18.630 0.071
4228.65972 18.621 0.075
4228.89142 18.668 0.071
4229.65452 18.542 0.073
4229.85159 18.703 0.065
4229.91317 18.930 0.074
4230.66434 18.685 0.056
4230.85233 18.679 0.061
4230.91404 18.658 0.086
4231.64869 18.648 0.058
4231.82412 18.599 0.055
4231.91707 18.643 0.072
4232.73150 18.653 0.067
4232.89854 18.582 0.067
4233.76198 18.542 0.090
4234.68868 18.653 0.067
4235.87376 18.652 0.063
4237.67483 18.551 0.056
4238.71245 18.715 0.059
4238.85841 18.916 0.073
4238.92015 18.684 0.080
4239.61765 19.121 0.133
4240.65989 18.672 0.056
4240.78207 18.660 0.058
4240.92248 18.682 0.063
4243.62245 18.835 0.090
4243.71870 18.710 0.077
4243.81227 18.728 0.066
4243.93000 18.667 0.070
4244.59824 18.600 0.084
4244.69058 18.586 0.060
4244.78717 18.663 0.050
4245.59097 18.727 0.056
4245.68467 18.601 0.046
4245.77784 18.631 0.046
4246.64967 18.653 0.062
4246.74267 18.623 0.059
4246.83594 18.892 0.073
4247.63267 18.836 0.077
4247.79116 18.650 0.050
4250.71300 18.622 0.064
4251.78453 18.745 0.103
4256.59982 18.825 0.103
4256.74667 18.586 0.064
4256.84447 18.522 0.085
4257.63170 18.624 0.074
4258.61548 18.673 0.085
4258.73817 18.602 0.056
4258.83345 18.609 0.064
4267.57549 18.657 0.074
4268.76291 18.681 0.065
4268.88330 18.714 0.086
4269.55784 18.617 0.058
4269.67889 18.665 0.055
4269.76961 18.641 0.056
4270.55334 18.770 0.072
4272.62176 18.829 0.058
4272.77089 18.691 0.056
4272.84240 18.679 0.063
4273.59874 18.644 0.079
4273.77960 18.646 0.067
4273.83940 18.630 0.065
4274.59123 18.681 0.073
4274.74578 18.584 0.053
4274.80490 18.643 0.067
4275.58394 18.650 0.067
4275.75939 18.712 0.074
4275.81785 18.667 0.086
4275.87901 18.973 0.134
4276.56874 18.633 0.083
4277.51254 18.951 0.112
4277.68775 18.640 0.058
4277.74820 18.617 0.063
4277.80682 18.688 0.083
4278.54635 18.630 0.083
4278.73361 18.599 0.085
4278.80658 18.693 0.106
4283.49203 18.677 0.078
4283.70178 18.721 0.080
4284.48706 18.550 0.074
4284.71754 18.878 0.063
4284.77974 18.969 0.088
4284.84482 18.649 0.089
4285.48555 18.632 0.076
4285.67743 18.641 0.071
4285.74212 18.663 0.065
4285.80767 18.568 0.065
4286.48584 18.595 0.097
4286.77540 18.700 0.070
4289.48636 18.659 0.086
4289.71290 18.707 0.075
4289.77794 18.658 0.070
4289.84476 18.664 0.077
4290.54398 18.648 0.067
4291.64634 18.619 0.051
4291.76874 18.626 0.075
4292.47206 18.687 0.071
4292.65018 18.728 0.055
4292.70980 18.664 0.050
4292.76853 18.712 0.051
4292.83169 18.888 0.097
4293.47238 18.588 0.065
4293.73710 18.662 0.049
4293.81470 18.703 0.065
4294.47169 18.906 0.079
4295.47323 18.534 0.080
4295.67671 18.653 0.048
4295.73541 18.628 0.048
4295.81244 18.688 0.067
4296.47450 18.641 0.071
4296.66192 18.668 0.049
4296.75068 18.720 0.057
4297.49530 18.595 0.071
4297.69504 18.890 0.067
4297.79779 18.777 0.075
4298.52998 18.743 0.069
4298.63580 18.603 0.061
4298.72931 18.606 0.061
4299.51282 18.604 0.053
4299.60617 18.580 0.044
4299.69838 18.601 0.057
4299.78856 18.501 0.064
4300.50385 18.677 0.069
4300.62813 18.692 0.045
4300.72456 18.678 0.061
4301.49876 18.603 0.055
4301.59104 18.686 0.047
4301.68769 18.956 0.063
4301.78624 18.770 0.059
4302.55953 18.754 0.069
4302.66643 18.569 0.062
4303.64645 18.567 0.069
4304.53254 18.592 0.090
4304.64193 18.620 0.066
4305.65775 18.741 0.087
4306.51947 18.862 0.105
4306.65729 18.684 0.067
4307.75784 18.627 0.068
4310.76369 18.736 0.095
4311.73333 18.673 0.093
4312.50314 18.494 0.077
4312.69831 18.655 0.074
4312.79590 18.694 0.084
4314.49668 18.682 0.075
4315.53727 18.603 0.055
4316.56613 18.628 0.050
4317.48854 18.635 0.055
4319.49759 18.713 0.067
4319.75205 18.708 0.082
4320.51311 18.624 0.066
4326.47613 18.627 0.063
4327.56922 18.688 0.078
4328.49634 18.650 0.065
4328.67329 18.472 0.061
4329.50698 18.613 0.055
4329.65482 18.591 0.061
4329.71362 18.676 0.080
4330.51904 18.685 0.055
4330.67003 18.797 0.065
4331.49923 18.934 0.078
4331.66575 18.583 0.063
4332.47697 18.630 0.055
4333.50804 18.630 0.066
4333.66911 18.650 0.059
4334.48126 18.713 0.146
4334.51815 18.591 0.115
4334.57890 18.877 0.151
4338.48065 18.568 0.064
4339.50089 18.686 0.070
4339.67203 18.797 0.095
4340.56952 18.591 0.072
4341.48181 18.505 0.078
4342.47783 18.624 0.077
4342.51113 18.600 0.065
4343.47919 18.668 0.056
4343.68692 18.804 0.086
4344.51786 18.631 0.076
4345.48324 18.665 0.055
4346.49188 18.641 0.063
4347.51084 18.654 0.072
4348.49430 18.867 0.074
4348.50141 18.877 0.065
4350.50644 18.604 0.060
4351.48167 18.629 0.062
4352.49236 18.836 0.094
4353.48907 18.712 0.058
4354.51764 18.674 0.052
4355.50822 18.641 0.063
4356.48572 18.895 0.064
4357.56892 18.549 0.071
4358.52617 18.635 0.079
4359.49500 18.559 0.063
4361.54798 18.596 0.086
4362.48340 18.563 0.070
4365.54039 18.606 0.095
4367.51668 18.580 0.063
4368.55230 18.706 0.091
4369.50996 18.674 0.103
4370.53920 18.657 0.058
4371.51155 18.680 0.059
4372.49660 18.716 0.056
4373.56265 18.560 0.059
4375.51692 18.567 0.088
4377.58680 18.760 0.100
4378.49684 18.599 0.063
4379.51219 18.580 0.080
4380.52373 18.659 0.060
4381.50169 18.903 0.114
4382.59022 18.605 0.074
4383.51521 18.671 0.060
4384.55218 18.646 0.078
4387.53949 18.618 0.072
4393.50956 18.633 0.058
4394.56696 18.676 0.091
4395.53839 18.515 0.073
4396.55087 18.591 0.090
4397.50972 18.624 0.080
4398.51734 18.741 0.085
4399.55295 18.662 0.090
4400.51229 18.637 0.082
4402.52693 18.886 0.119
4403.52791 18.706 0.094
4411.53287 18.661 0.100
4506.87947 18.670 0.086
4510.87867 18.667 0.063
4513.83994 18.807 0.089
4517.83405 18.771 0.112
4519.81994 18.642 0.081
4522.84884 18.736 0.084
4524.83249 18.752 0.072
4530.79464 18.610 0.048
4533.82343 18.714 0.064
4535.87837 18.612 0.062
4537.77802 18.650 0.065
4538.87197 18.725 0.063
4539.83315 18.640 0.051
4540.84304 18.647 0.052
4541.77213 18.600 0.053
4542.76665 18.860 0.092
4543.76228 18.596 0.063
4544.75913 18.578 0.078
4545.74582 18.531 0.075
4546.75246 18.755 0.082
4547.76662 18.633 0.057
4548.81952 18.603 0.057
4550.79176 18.955 0.093
4551.73810 18.567 0.067
4552.78173 18.685 0.131
4556.73440 18.613 0.050
4556.92433 18.593 0.067
4557.75199 18.561 0.054
4558.77218 18.647 0.047
4559.72503 18.837 0.062
4559.91398 18.596 0.051
4560.72131 18.560 0.064
4560.91458 18.609 0.047
4561.71781 18.644 0.053
4561.90340 18.613 0.039
4564.70805 18.537 0.054
4564.90827 18.705 0.054
4565.70617 18.658 0.048
4565.89678 18.671 0.040
4566.70551 18.656 0.054
4566.89858 18.788 0.049
4566.90996 18.932 0.059
4566.92548 18.864 0.073
4567.69771 18.600 0.062
4567.79754 18.751 0.051
4567.90443 18.634 0.052
4568.70324 18.577 0.064
4569.71291 18.526 0.061
4569.92247 18.638 0.061
4570.70080 18.566 0.062
4571.69198 18.710 0.081
4571.88997 18.636 0.046
4572.70376 18.660 0.081
4573.71758 18.560 0.054
4573.92605 18.674 0.062
4574.72000 18.589 0.056
4575.72542 18.698 0.064
4576.73311 18.706 0.065
4577.81455 18.635 0.059
4578.76837 18.568 0.086
4579.84506 19.051 0.091
4583.71205 18.753 0.084
4583.79685 18.667 0.054
4583.83225 18.803 0.069
4583.86149 18.861 0.062
4583.89280 18.980 0.070
4583.92076 18.839 0.063
4585.69323 18.599 0.074
4585.71261 18.603 0.055
4585.73255 18.488 0.059
4585.74670 18.560 0.058
4585.76700 18.646 0.061
4585.77888 18.621 0.070
4585.79887 18.419 0.058
4585.83989 18.648 0.052
4585.87092 18.671 0.055
4585.92114 18.591 0.065
4586.72187 18.590 0.071
4586.74045 18.419 0.061
4586.89295 18.573 0.056
4586.92719 18.707 0.092
4587.74870 18.636 0.066
4587.90712 18.976 0.094
4588.71388 18.837 0.071
4589.69618 18.611 0.058
4589.85151 18.605 0.057
4589.91354 18.589 0.060
4590.67355 18.715 0.065
4590.87923 18.587 0.057
4591.68537 18.580 0.057
4591.85740 18.723 0.064
4591.91953 18.827 0.074
4592.64384 18.716 0.064
4592.83303 18.681 0.068
4592.89642 18.603 0.058
4593.63314 18.843 0.083
4593.84264 18.662 0.050
4593.90474 18.611 0.059
4594.65417 18.598 0.071
4594.84889 18.620 0.057
4594.91462 18.550 0.062
4595.63966 18.532 0.065
4595.83782 18.666 0.059
4595.89991 18.772 0.066
4596.63296 18.636 0.062
4596.91267 18.654 0.063
4597.66344 18.615 0.055
4597.85476 18.764 0.061
4597.92586 18.623 0.067
4598.63320 18.569 0.046
4598.87803 18.625 0.049
4599.61203 18.535 0.065
4599.81607 18.596 0.045
4600.62121 18.571 0.051
4600.92779 18.673 0.063
4601.62682 18.992 0.075
4601.84314 18.641 0.044
4601.90509 18.648 0.054
4602.61421 18.569 0.049
4602.82880 18.612 0.050
4603.74682 18.639 0.054
4606.61456 18.571 0.070
4610.75376 18.614 0.048
4610.92373 18.472 0.059
4611.60634 18.620 0.082
4611.83927 18.723 0.054
4612.62773 18.812 0.091
4615.76941 18.625 0.065
4616.57842 18.650 0.084
4616.79493 18.612 0.051
4616.86469 18.876 0.076
4617.63875 18.618 0.054
4618.58998 18.794 0.088
4621.67600 18.618 0.050
4622.77172 18.690 0.067
4622.88996 18.688 0.069
4623.60334 18.564 0.069
4623.84371 18.527 0.067
4623.91460 18.572 0.082
4624.55544 18.683 0.083
4624.78734 18.678 0.062
4624.85394 18.668 0.058
4625.58165 18.598 0.068
4625.76978 18.859 0.081
4625.86365 18.835 0.074
4626.57743 18.801 0.085
4626.83204 18.625 0.060
4627.53699 18.689 0.065
4627.80552 18.666 0.047
4627.89220 18.699 0.053
4628.57030 18.564 0.055
4628.73406 18.635 0.051
4628.79967 18.630 0.057
4628.86165 18.572 0.050
4629.58353 18.603 0.056
4629.80322 18.860 0.066
4629.81232 18.891 0.069
4629.85146 19.019 0.075
4629.87476 18.860 0.060
4629.88549 18.776 0.058
4629.92301 18.944 0.092
4630.52767 18.643 0.078
4630.53697 18.637 0.083
4630.57899 18.751 0.062
4630.61384 18.897 0.058
4630.66850 18.953 0.059
4630.70277 18.835 0.057
4630.73814 18.733 0.055
4630.74702 18.697 0.053
4630.82512 18.678 0.057
4630.89321 18.627 0.058
4631.54250 18.694 0.056
4631.75831 18.627 0.056
4631.83608 18.535 0.057
4631.91104 18.723 0.080
4632.53983 18.687 0.081
4632.80272 18.728 0.059
4633.54585 18.693 0.060
4633.64771 18.657 0.054
4633.76932 18.668 0.060
4638.73136 18.851 0.094
4638.82906 18.772 0.071
4639.54405 18.829 0.090
4639.65024 18.699 0.058
4639.82960 18.491 0.071
4640.57015 18.662 0.052
4640.70105 18.641 0.049
4640.80833 18.760 0.086
4641.59296 18.588 0.057
4641.74857 18.651 0.059
4642.56873 18.635 0.058
4642.72922 19.090 0.082
4642.80715 18.750 0.067
4643.52188 18.850 0.088
4644.64134 18.616 0.061
4644.82062 18.539 0.053
4645.49552 18.548 0.062
4645.74620 18.680 0.066
4645.82204 18.616 0.060
4645.88680 18.928 0.112
4646.49738 18.522 0.053
4646.82948 18.862 0.073
4647.49186 18.648 0.075
4647.71671 18.693 0.065
4647.81011 18.612 0.074
4648.48728 18.722 0.076
4648.52026 18.660 0.063
4648.60975 18.686 0.057
4648.62503 18.617 0.050
4648.62983 18.640 0.052
4648.63927 18.618 0.050
4648.64758 18.618 0.046
4648.65596 18.751 0.052
4648.66712 18.631 0.044
4648.67656 18.687 0.056
4648.68591 18.661 0.055
4648.70080 18.611 0.059
4648.71328 18.543 0.054
4648.72159 18.559 0.055
4648.73003 18.671 0.060
4648.73593 18.635 0.054
4648.74871 18.735 0.061
4648.75703 18.610 0.053
4648.76534 18.557 0.051
4648.77381 18.583 0.057
4648.78213 18.663 0.063
4648.83765 18.528 0.059
4649.50041 18.595 0.068
4649.54102 18.519 0.053
4649.59725 18.555 0.049
4649.69673 18.671 0.059
4649.71088 18.638 0.050
4649.82538 18.664 0.072
4650.49973 18.524 0.063
4650.53190 18.506 0.068
4650.74936 18.714 0.057
4650.83434 18.819 0.084
4651.49213 18.569 0.065
4652.48372 18.640 0.077
4652.68630 18.780 0.072
4652.76786 18.689 0.064
4652.82145 18.532 0.066
4653.48016 18.431 0.069
4653.69924 18.558 0.057
4653.76448 18.656 0.063
4654.51544 18.585 0.062
4654.72005 18.713 0.064
4654.79542 18.810 0.073
4655.47996 18.740 0.091
4655.70431 18.795 0.058
4655.76623 18.615 0.056
4656.48195 18.835 0.062
4656.67174 18.672 0.063
4656.78735 18.731 0.069
4657.55649 18.470 0.064
4658.64026 18.656 0.059
4659.57328 18.640 0.072
4660.52971 18.753 0.088
4661.47005 18.637 0.074
4661.66759 18.601 0.079
4661.73218 18.677 0.076
4661.79929 18.721 0.095
4665.63727 18.576 0.073
4666.48153 18.657 0.087
4666.66615 18.620 0.063
4669.59162 18.681 0.077
4670.62760 18.589 0.063
4671.54860 18.658 0.056
4671.75554 19.204 0.100
4672.48330 18.666 0.050
4672.74680 18.531 0.057
4672.78577 18.645 0.060
4674.48774 18.577 0.074
4677.46831 18.816 0.084
4677.61473 18.499 0.057
4677.69851 18.496 0.058
4678.66542 18.650 0.056
4679.56106 18.475 0.063
4681.50976 18.678 0.065
4681.60981 18.616 0.058
4682.48079 18.622 0.050
4682.55672 18.592 0.052
4682.73337 18.617 0.052
4683.47730 18.538 0.068
4683.68619 18.479 0.057
4683.74940 18.476 0.070
4684.48296 18.638 0.068
4684.74775 18.742 0.066
4685.52515 18.791 0.067
4686.48039 18.691 0.070
4687.50638 18.650 0.066
4687.71976 18.537 0.066
4688.47699 18.560 0.075
4688.66701 18.962 0.069
4688.72868 18.775 0.080
4693.52145 18.897 0.078
4694.51990 18.554 0.084
4697.47690 18.758 0.083
4697.70211 18.581 0.087
4698.48113 18.605 0.053
4699.48005 18.598 0.063
4700.48835 18.624 0.058
4701.48367 18.562 0.060
4701.67248 18.616 0.067
4702.48205 18.697 0.068
4703.59000 18.627 0.061
4704.56814 18.541 0.056
4705.48593 18.636 0.062
4705.66395 18.922 0.098
4707.58686 18.553 0.058
4708.51865 18.759 0.063
4709.49466 18.521 0.062
4710.52217 18.870 0.079
4711.50424 18.604 0.064
4715.55841 18.707 0.079
4715.60386 18.744 0.089
4716.48207 18.615 0.063
4716.49208 18.712 0.071
4716.55512 18.618 0.071
4716.57773 18.656 0.083
4716.65701 18.516 0.096
4720.50772 18.728 0.093
4720.60253 18.573 0.063
4721.50861 18.579 0.083
4722.62085 18.791 0.082
4724.48766 18.659 0.081
4725.56155 18.576 0.064
4726.52613 18.659 0.086
4728.57061 18.590 0.067
4729.51113 18.636 0.068
4730.59698 18.829 0.068
4731.53406 18.525 0.063
4733.48565 18.686 0.068
4734.53208 18.472 0.061
4737.52029 18.571 0.074
4738.56022 18.601 0.076
4739.56406 18.797 0.094
4740.53236 18.400 0.066
4741.50512 18.581 0.063
4743.51359 18.857 0.084
4750.58025 18.558 0.077
4756.49608 18.756 0.099
4765.49778 18.691 0.074
4867.87339 18.519 0.058
4870.88202 18.884 0.068
4872.88477 18.661 0.093
4876.84616 18.699 0.063
4884.82923 18.599 0.067
4886.87993 18.573 0.051
4890.86210 18.608 0.047
4896.84978 18.631 0.052
4899.82126 18.671 0.060
4900.80095 18.693 0.065
4901.86110 18.681 0.053
4902.85949 18.663 0.048
4904.78387 18.879 0.073
4905.88769 18.635 0.070
4910.78974 18.597 0.057
4911.76037 18.620 0.043
4912.75720 18.729 0.049
4914.76014 18.596 0.052
4918.75706 18.599 0.045
4924.71938 18.647 0.048
4925.76868 18.847 0.056
4925.88472 18.595 0.040
4926.73250 18.688 0.063
4927.80411 18.636 0.056
4928.71371 18.621 0.065
4929.71364 18.819 0.087
4929.86592 18.684 0.050
4930.77162 18.557 0.053
4931.81594 18.569 0.053
4932.77116 18.704 0.052
4933.69129 18.714 0.083
4933.81948 18.883 0.073
4938.69939 18.853 0.072
4938.79930 18.612 0.057
4939.72496 18.671 0.063
4939.81989 18.568 0.061
4940.72249 18.667 0.054
4941.69718 18.565 0.058
4941.82423 18.872 0.077
4942.67668 18.804 0.069
4942.84957 18.727 0.050
4943.68902 18.551 0.039
4943.75508 18.626 0.050
4944.69442 18.728 0.056
4944.76959 18.611 0.048
4945.69114 18.593 0.050
4945.82261 18.828 0.052
4946.74855 18.718 0.053
4947.70305 18.691 0.046
4948.85844 18.664 0.048
4949.65385 18.637 0.051
4950.69004 18.853 0.064
4951.68056 18.549 0.049
4952.79935 18.699 0.052
4953.65820 18.665 0.051
4953.76390 18.560 0.056
4954.67829 18.833 0.060
4954.77625 18.772 0.055
4955.68225 18.550 0.063
