2125.62263 18.154 0.065
2129.69770 18.117 0.036
2132.63925 18.181 0.038
2136.54330 18.355 0.065
2141.55508 18.210 0.040
2144.64466 18.180 0.039
2160.61281 18.294 0.069
2169.52663 18.272 0.073
2211.50713 18.208 0.078
2332.87486 18.069 0.060
2347.83874 18.164 0.041
2357.86625 18.160 0.039
2372.85416 18.190 0.047
2383.82603 18.212 0.038
2388.79677 18.389 0.064
2390.82616 18.303 0.046
2397.70641 18.161 0.039
2401.83554 18.175 0.043
2403.91251 18.168 0.041
2405.89994 18.261 0.050
2414.90496 18.102 0.047
2416.85729 18.166 0.049
2424.82468 18.235 0.054
2428.85327 18.227 0.051
2434.75162 18.272 0.038
2436.80037 18.244 0.047
2441.73886 18.185 0.038
2445.64470 18.281 0.043
2448.66638 18.179 0.053
2455.70304 18.032 0.039
2459.62312 18.404 0.045
2463.55442 18.272 0.048
2466.65358 18.296 0.049
2468.68380 18.235 0.037
2470.66625 18.231 0.037
2472.69436 18.187 0.036
2481.57086 18.298 0.065
2484.63340 18.177 0.046
2486.72545 18.232 0.059
2490.69366 18.193 0.048
2493.65520 18.186 0.045
2495.75710 18.238 0.056
2498.52064 18.214 0.032
2500.56515 18.256 0.038
2502.57635 18.218 0.039
2508.67673 18.221 0.058
2512.62308 18.203 0.047
2517.57694 18.255 0.048
2520.59229 18.182 0.044
2528.49757 18.185 0.052
2538.50401 18.241 0.052
2542.53128 18.207 0.052
2552.50525 18.261 0.054
2556.58935 18.284 0.063
2563.50378 18.217 0.046
2575.53194 18.134 0.053
2707.87662 18.166 0.037
2714.91200 18.273 0.041
2729.84592 18.263 0.061
2733.92607 18.193 0.081
2744.92390 18.237 0.045
2753.89807 18.170 0.050
2757.81008 18.198 0.048
2761.82718 18.256 0.040
2767.80529 18.263 0.065
2775.73162 18.387 0.088
2783.83563 18.207 0.040
2785.76127 18.203 0.044
2787.61160 18.182 0.049
2789.76832 18.232 0.041
2791.72473 18.214 0.041
2794.93915 18.307 0.059
2796.83848 18.191 0.037
2797.89970 18.238 0.051
2809.72762 18.304 0.052
2811.65470 18.308 0.073
2812.72646 18.251 0.058
2813.83573 18.179 0.045
2814.75931 18.202 0.045
2816.62400 18.240 0.038
2818.59527 18.338 0.044
2820.80194 18.264 0.042
2826.76543 18.270 0.057
2835.64959 18.267 0.061
2839.71885 18.189 0.047
2841.72816 18.252 0.044
2843.65470 18.292 0.052
2845.66532 18.180 0.046
2850.53334 18.184 0.039
2852.54574 18.235 0.065
2854.54947 18.306 0.046
2856.73981 18.074 0.057
2858.69246 18.171 0.045
2862.60517 18.251 0.064
2865.70875 18.163 0.093
2868.59495 18.265 0.038
2876.59127 18.230 0.044
2879.64154 18.269 0.043
2884.67190 18.197 0.057
2892.66027 18.187 0.070
2895.63398 18.321 0.044
2900.56220 18.249 0.053
2906.51410 18.288 0.062
2911.53826 18.212 0.052
2918.56228 18.139 0.051
2930.58327 18.199 0.052
3059.81875 18.077 0.046
3064.83557 18.266 0.063
3068.78945 18.241 0.065
3070.86804 18.261 0.053
3073.82413 18.248 0.045
3075.86221 18.240 0.045
3079.90709 18.246 0.048
3082.89011 18.200 0.037
3085.82473 18.187 0.038
3086.89711 18.207 0.038
3088.81732 18.253 0.036
3090.73042 18.186 0.039
3096.88561 18.324 0.056
3098.90550 18.230 0.031
3099.91888 18.210 0.053
3101.75755 18.147 0.052
3103.79049 18.291 0.044
3104.84913 18.286 0.117
3106.86242 18.140 0.060
3108.78243 18.240 0.035
3109.84188 18.258 0.037
3110.84823 18.217 0.039
3112.83354 18.260 0.053
3114.79814 18.246 0.035
3116.88608 18.255 0.043
3122.92412 18.257 0.050
3125.88464 18.228 0.063
3127.82792 18.236 0.048
3128.83407 18.241 0.038
3130.71526 18.232 0.050
3131.68181 18.251 0.063
3134.82925 18.174 0.049
3135.91339 18.239 0.042
3138.66768 18.116 0.038
3139.89287 18.275 0.049
3140.89245 18.230 0.047
3142.78144 18.232 0.038
3144.80154 18.161 0.038
3146.83062 18.279 0.042
3151.76440 18.164 0.046
3151.92037 18.328 0.061
3152.76933 18.219 0.043
3153.77267 18.261 0.052
3156.87776 18.243 0.047
3162.58200 18.108 0.061
3163.76858 18.289 0.046
3164.75083 18.188 0.039
3164.88384 18.169 0.049
3165.72439 18.150 0.031
3167.61071 18.285 0.058
3168.87260 18.138 0.041
3169.74055 18.196 0.040
3170.82548 18.230 0.035
3171.79678 18.172 0.029
3172.76774 18.147 0.038
3173.86572 18.246 0.052
3174.72454 18.168 0.033
3175.73326 18.350 0.040
3177.77376 18.228 0.070
3179.51852 18.153 0.038
3179.89780 18.269 0.055
3180.73560 18.227 0.033
3182.80023 18.210 0.041
3183.75518 18.232 0.047
3184.71621 18.218 0.037
3185.71976 18.122 0.039
3193.55117 18.217 0.038
3194.56283 18.141 0.055
3195.69437 18.247 0.037
3195.81493 18.266 0.053
3196.61580 18.206 0.041
3197.53874 18.216 0.040
3197.84400 18.282 0.094
3199.63772 18.222 0.037
3202.53200 18.169 0.036
3202.82178 18.143 0.058
3203.67362 18.193 0.037
3204.66801 18.216 0.064
3205.52694 18.158 0.036
3206.73225 18.130 0.036
3209.65225 18.138 0.036
3210.65231 18.211 0.039
3211.62274 18.238 0.045
3217.66696 18.157 0.053
3218.66525 18.215 0.054
3223.66647 18.281 0.057
3224.71457 18.165 0.039
3226.63646 18.178 0.046
3228.61575 18.210 0.048
3229.64823 18.206 0.038
3230.68173 18.122 0.035
3231.58577 18.190 0.039
3232.62222 18.172 0.051
3238.63407 18.162 0.043
3239.71308 18.253 0.053
3240.48620 18.171 0.038
3245.57006 18.138 0.082
3246.67577 18.446 0.089
3247.59492 18.194 0.045
3249.54245 18.192 0.042
3250.67339 18.285 0.054
3253.64265 18.251 0.056
3256.65261 18.228 0.050
3260.56236 18.221 0.043
3265.49287 18.362 0.068
3267.54650 18.250 0.046
3272.60446 18.235 0.051
3275.49855 18.232 0.063
3278.61438 18.337 0.053
3282.49389 18.224 0.044
3288.56024 18.111 0.038
3293.53082 18.327 0.037
3300.52462 18.214 0.055
3314.52591 18.397 0.083
3417.85975 18.157 0.036
3422.88609 18.162 0.037
3426.87713 18.224 0.044
3429.86217 18.131 0.039
3432.90249 18.224 0.041
3442.90499 18.216 0.038
3445.81800 18.219 0.036
3447.86833 18.195 0.043
3449.88517 18.164 0.036
3452.90234 18.189 0.032
3453.77422 18.252 0.061
3455.84484 18.380 0.063
3456.85594 18.136 0.033
3457.77361 18.203 0.045
3458.81720 18.203 0.038
3459.79177 18.138 0.038
3467.89454 18.198 0.038
3469.80420 18.175 0.034
3470.84430 18.242 0.034
3472.77556 18.233 0.036
3473.87058 18.258 0.051
3474.84182 18.234 0.039
3477.77954 18.238 0.041
3478.89383 18.058 0.037
3480.84579 18.078 0.034
3481.84569 18.266 0.032
3483.79010 18.262 0.055
3496.74398 18.338 0.048
3497.81172 18.144 0.057
3498.93293 18.446 0.052
3499.74040 18.140 0.035
3500.74499 18.386 0.049
3501.83571 18.161 0.030
3502.69132 18.217 0.034
3503.70416 18.171 0.034
3504.71852 18.223 0.044
3506.80393 18.219 0.059
3508.80036 18.140 0.039
3509.70377 18.190 0.072
3511.69048 18.188 0.038
3512.75366 18.173 0.040
3517.79985 18.284 0.046
3520.83510 18.213 0.065
3521.65426 18.192 0.033
3522.76380 18.192 0.038
3523.79913 18.196 0.038
3524.78684 18.314 0.047
3525.76649 18.109 0.037
3526.85182 18.179 0.036
3528.57043 18.254 0.048
3530.79587 18.213 0.034
3537.76371 18.131 0.035
3538.69320 18.144 0.033
3540.66712 18.222 0.040
3544.74139 18.125 0.045
3546.86526 18.345 0.072
3547.82554 18.350 0.063
3550.65195 18.197 0.034
3551.65519 18.175 0.025
3552.68876 18.197 0.036
3553.69150 18.106 0.039
3555.71016 18.230 0.040
3556.73846 18.265 0.046
3558.57425 18.277 0.047
3558.85157 18.202 0.044
3559.67014 18.137 0.037
3560.62326 18.313 0.042
3561.83012 18.230 0.045
3562.83055 18.311 0.046
3563.65715 18.156 0.038
3564.55074 18.247 0.047
3573.67810 18.066 0.049
3573.70503 18.195 0.045
3575.64492 18.276 0.040
3576.70739 18.283 0.039
3577.75566 18.249 0.042
3578.69235 18.208 0.037
3580.67420 18.148 0.040
3581.69060 18.204 0.033
3582.61636 18.251 0.035
3584.66169 18.236 0.039
3586.68418 18.070 0.029
3588.74228 18.227 0.044
3589.70362 18.261 0.037
3590.69969 18.238 0.038
3591.63914 18.190 0.031
3591.72133 18.238 0.035
3592.65615 18.267 0.030
3592.71053 18.267 0.037
3597.62977 18.200 0.040
3599.64660 18.223 0.065
3601.67604 18.179 0.039
3602.67624 18.165 0.044
3603.65634 18.077 0.040
3608.67075 18.234 0.042
3615.59807 18.133 0.038
3618.60161 18.112 0.036
3620.56488 18.213 0.038
3628.56691 18.141 0.048
3630.58093 18.249 0.051
3632.60841 18.150 0.053
3634.51180 18.216 0.040
3639.51760 18.179 0.034
3641.56433 18.125 0.050
3644.52913 18.130 0.038
3649.50976 18.334 0.056
3651.57063 18.177 0.059
3654.56029 18.309 0.081
3655.53579 18.172 0.040
3657.52897 18.098 0.045
3659.53076 18.390 0.069
3662.53530 18.175 0.054
3665.49272 18.326 0.062
3671.50869 18.394 0.074
3777.84027 18.236 0.058
3782.87626 18.200 0.034
3785.83792 18.180 0.042
3788.85807 18.190 0.046
3791.82557 18.258 0.049
3793.86771 18.263 0.035
3795.85514 18.367 0.062
3798.81833 18.195 0.037
3799.84249 18.190 0.051
3800.83740 18.113 0.045
3802.86247 18.181 0.039
3803.89775 18.156 0.034
3805.81420 18.116 0.034
3806.78047 18.153 0.044
3806.79367 18.136 0.037
3807.79958 18.209 0.054
3808.80726 18.206 0.039
3808.90204 18.161 0.037
3809.77007 18.110 0.042
3809.89236 18.115 0.034
3810.76412 18.248 0.046
3810.85897 18.264 0.038
3810.91506 18.192 0.057
3811.78785 18.320 0.052
3811.85057 18.122 0.034
3812.75641 18.267 0.059
3812.82916 18.198 0.046
3812.84665 18.251 0.050
3812.91573 18.147 0.048
3813.75714 18.104 0.045
3813.77514 18.172 0.041
3813.78118 18.177 0.036
3813.79266 18.209 0.036
3813.80688 18.142 0.031
3813.81303 18.159 0.033
3813.81581 18.093 0.033
3813.82813 18.190 0.035
3813.83961 18.191 0.036
3813.87748 18.212 0.036
3814.75236 18.221 0.044
3814.76029 18.128 0.038
3814.83848 18.206 0.035
3814.87020 18.206 0.041
3814.90664 18.177 0.036
3815.75305 18.013 0.083
3815.79587 18.156 0.040
3815.81519 18.171 0.037
3815.82551 18.212 0.038
3815.83626 18.187 0.036
3815.84334 18.184 0.036
3815.86152 18.179 0.031
3815.86919 18.100 0.030
3815.87896 18.122 0.030
3815.88977 18.148 0.029
3815.89730 18.191 0.033
3817.80260 18.139 0.043
3817.83822 18.151 0.039
3817.87175 18.160 0.038
3817.91256 18.165 0.039
3817.91996 18.155 0.063
3818.75690 18.162 0.039
3818.82141 18.100 0.033
3818.92013 18.147 0.052
3819.75507 18.110 0.033
3819.79929 18.175 0.027
3820.78349 18.184 0.030
3821.78664 18.130 0.035
3822.82601 18.150 0.036
3823.78620 18.161 0.039
3824.75239 18.184 0.045
3825.81729 18.294 0.051
3826.74578 18.047 0.034
3827.81356 18.178 0.033
3828.78819 18.316 0.053
3829.77034 18.172 0.039
3830.75087 18.083 0.033
3832.75726 18.164 0.034
3833.77043 18.131 0.031
3834.75621 18.160 0.037
3835.74527 18.194 0.042
3836.77633 18.145 0.038
3837.74368 18.140 0.047
3838.75546 18.187 0.058
3839.75125 18.180 0.044
3840.71723 18.151 0.042
3840.92221 18.146 0.041
3841.75579 18.160 0.038
3841.90647 18.152 0.038
3842.86041 18.306 0.038
3845.73130 18.293 0.112
3845.92305 18.248 0.052
3846.74202 18.208 0.032
3847.80809 18.206 0.050
3848.76304 18.166 0.038
3849.76221 18.188 0.036
3850.70687 18.175 0.036
3850.88027 18.139 0.041
3851.72150 18.194 0.038
3851.93237 18.276 0.050
3852.70998 18.160 0.044
3852.89225 18.125 0.039
3853.69837 18.225 0.030
3853.86669 18.186 0.032
3856.68844 18.171 0.038
3856.85519 18.280 0.037
3857.92612 18.251 0.041
3858.77480 18.196 0.036
3859.81300 18.256 0.036
3860.68250 18.092 0.044
3860.92136 18.232 0.045
3861.68059 18.165 0.040
3861.78421 18.139 0.030
3862.71386 18.164 0.033
3862.87632 18.161 0.038
3863.65134 18.070 0.037
3863.87219 18.169 0.030
3864.68828 18.134 0.038
3864.87832 18.153 0.030
3864.93726 18.123 0.036
3865.69910 18.179 0.040
3865.83582 18.197 0.035
3865.91258 18.192 0.032
3866.69755 18.253 0.036
3866.83705 18.215 0.037
3866.91598 18.229 0.032
3867.64039 18.261 0.046
3867.82795 18.223 0.041
3867.89916 18.152 0.041
3868.72350 18.196 0.045
3868.87518 18.185 0.049
3869.70335 18.144 0.038
3869.88430 18.197 0.049
3872.90828 18.279 0.041
3873.65686 18.235 0.040
3873.79903 18.238 0.034
3873.87165 18.271 0.041
3874.75530 18.260 0.043
3875.66900 18.204 0.027
3875.82487 18.178 0.036
3875.91538 18.252 0.038
3876.64621 18.155 0.030
3877.64436 18.240 0.039
3877.79566 18.229 0.031
3877.86957 18.141 0.034
3880.63512 18.311 0.038
3880.84523 18.220 0.045
3880.92405 18.137 0.038
3881.67445 18.178 0.034
3881.88589 18.234 0.036
3882.58645 18.247 0.045
3882.76274 18.101 0.034
3882.83697 18.132 0.036
3882.90576 18.190 0.032
3883.65212 18.202 0.042
3883.85264 18.173 0.032
3886.61423 18.063 0.034
3886.80702 18.209 0.031
3886.87887 18.155 0.042
3887.58757 18.128 0.040
3887.79017 18.260 0.038
3887.88971 18.264 0.041
3888.60365 18.268 0.044
3889.67001 18.182 0.031
3889.94824 18.243 0.050
3890.65515 18.127 0.031
3891.67967 18.145 0.038
3891.80789 18.246 0.038
3891.88987 18.259 0.037
3892.60487 18.017 0.052
3893.63350 18.229 0.042
3894.68386 18.157 0.044
3894.90665 18.207 0.049
3896.62454 18.186 0.054
3900.54280 18.077 0.071
3900.72919 18.223 0.035
3900.80785 18.183 0.039
3900.87649 18.234 0.043
3901.55296 18.232 0.052
3901.73429 18.296 0.053
3901.81154 18.132 0.042
3901.88048 18.212 0.048
3902.57718 18.207 0.038
3902.75513 18.332 0.045
3903.66677 18.248 0.040
3904.56398 18.159 0.031
3904.72695 18.255 0.035
3904.79605 18.218 0.036
3904.89819 18.179 0.039
3905.56071 18.158 0.034
3905.80745 18.192 0.027
3905.87600 18.178 0.033
3906.57523 18.086 0.038
3906.71586 18.088 0.034
3906.78820 18.194 0.038
3906.87130 18.188 0.045
3907.60601 18.283 0.046
3907.79643 18.124 0.063
3907.87279 18.242 0.064
3908.54214 18.053 0.038
3908.72777 18.205 0.038
3908.80783 18.124 0.034
3909.54401 18.267 0.048
3909.72667 18.182 0.030
3909.81717 18.191 0.035
3910.58894 18.094 0.038
3912.54311 18.175 0.027
3912.73047 18.179 0.027
3912.82440 18.180 0.031
3913.53462 18.296 0.032
3914.55841 18.135 0.042
3915.53612 18.097 0.038
3915.73812 18.239 0.038
3915.83631 18.196 0.041
3916.57482 18.190 0.041
3916.81875 18.185 0.038
3917.62999 18.184 0.051
3917.82934 18.345 0.053
3918.61690 18.142 0.041
3918.82702 18.214 0.050
3919.55519 18.145 0.056
3919.77379 18.169 0.033
3920.52151 18.159 0.039
3920.71759 18.244 0.045
3920.80302 18.214 0.031
3921.51767 18.188 0.040
3921.73144 18.377 0.068
3922.73361 18.232 0.052
3930.79923 18.114 0.053
3931.51028 18.196 0.049
3932.80962 18.424 0.048
3933.52428 18.094 0.032
3933.70878 18.238 0.034
3933.78075 18.152 0.038
3934.49825 18.180 0.038
3935.54806 18.158 0.038
3935.71946 18.257 0.050
3935.81697 18.283 0.040
3936.50149 18.199 0.049
3936.66697 18.225 0.038
3936.74335 18.162 0.044
3937.56968 18.325 0.058
3938.50921 18.171 0.048
3938.70426 18.109 0.036
3938.80942 18.181 0.049
3940.59390 18.150 0.030
3941.72284 18.230 0.052
3944.56183 18.148 0.036
3944.76220 18.145 0.041
3946.52099 18.203 0.048
3946.71318 18.179 0.044
3950.52964 18.199 0.032
3950.74470 18.302 0.041
3951.52238 18.224 0.042
3951.75367 18.201 0.058
3956.57559 18.223 0.058
3957.51400 18.247 0.053
3958.58567 18.342 0.050
3959.51759 18.194 0.043
3959.69201 18.241 0.052
3960.50682 18.218 0.038
3960.68593 18.165 0.030
3961.58248 18.184 0.052
3963.53948 18.193 0.035
3963.71684 18.194 0.042
3964.53459 18.217 0.035
3965.51902 18.198 0.033
3966.49419 18.195 0.043
3966.69591 18.184 0.038
3967.53262 18.279 0.054
3967.72134 18.243 0.038
3968.50669 18.183 0.043
3969.48832 18.265 0.047
3969.68896 18.349 0.044
3970.52255 18.243 0.045
3970.69603 18.154 0.032
3971.56126 18.253 0.052
3973.58751 18.262 0.038
3974.51678 18.263 0.047
3975.51966 18.277 0.038
3975.69635 18.318 0.048
3976.51447 18.295 0.039
3976.69430 18.332 0.057
3979.51649 18.335 0.066
3982.57714 18.219 0.044
3983.53476 18.319 0.068
3986.59159 18.334 0.054
3987.51393 18.269 0.051
3988.52685 18.166 0.032
3989.53746 18.279 0.047
3990.55427 18.213 0.041
3991.51005 18.252 0.050
3993.56173 18.308 0.045
3994.57242 18.217 0.044
3995.58000 18.273 0.038
3999.61735 18.142 0.035
4002.50675 18.193 0.046
4003.50099 18.188 0.035
4004.53506 18.253 0.038
4006.52802 18.288 0.040
4012.50792 18.373 0.062
4016.52356 18.244 0.055
4020.54655 18.167 0.043
4023.54692 18.249 0.052
4025.56626 18.400 0.063
4028.50569 18.118 0.047
4031.50579 18.312 0.057
4038.51111 18.307 0.065
4041.51014 18.249 0.060
4043.51790 18.334 0.071
4141.88520 18.169 0.051
4151.86635 18.200 0.050
4153.88827 18.173 0.040
4156.86666 18.179 0.053
4158.88776 18.246 0.048
4161.85420 18.295 0.067
4163.83708 18.175 0.045
4165.83215 18.312 0.077
4168.81566 18.193 0.050
4170.80759 18.275 0.080
4175.79821 18.239 0.054
4176.90957 18.194 0.044
4178.81764 18.238 0.046
4179.85759 18.238 0.041
4181.79403 18.209 0.049
4182.84253 18.194 0.038
4183.87511 18.212 0.048
4184.91934 18.227 0.058
4189.87026 18.150 0.046
4191.82063 18.233 0.069
4193.76666 18.193 0.054
4194.79597 18.248 0.045
4196.78602 18.286 0.057
4202.76760 18.136 0.039
4203.75561 18.225 0.035
4204.74789 18.174 0.044
4204.93018 18.154 0.053
4205.74443 18.290 0.041
4207.73388 18.237 0.045
4208.75600 18.163 0.038
4211.80015 18.292 0.054
4212.88152 18.362 0.070
4213.72050 18.163 0.045
4213.92409 18.260 0.041
4215.75319 18.159 0.052
4216.71099 18.231 0.044
4217.71845 18.203 0.037
4217.92790 18.278 0.042
4218.76808 18.141 0.051
4219.76899 18.283 0.056
4220.71372 18.280 0.057
4222.68245 18.263 0.061
4224.79317 18.246 0.050
4228.68861 18.253 0.054
4228.92218 18.218 0.057
4229.68229 18.280 0.067
4229.87924 18.203 0.045
4230.69201 18.204 0.043
4230.88005 18.201 0.048
4231.63433 18.179 0.044
4231.77856 18.167 0.038
4231.90275 18.161 0.046
4232.68642 18.184 0.054
4232.84741 18.179 0.061
4233.82448 18.284 0.060
4234.72261 18.157 0.041
4235.64788 18.191 0.043
4235.80913 18.185 0.035
4235.90156 18.223 0.041
4238.63382 18.255 0.068
4238.88624 18.333 0.059
4239.64859 18.252 0.049
4240.68797 18.219 0.038
4240.82804 18.203 0.044
4243.65377 18.264 0.054
4243.74651 18.218 0.047
4243.84022 18.203 0.048
4244.62611 18.215 0.053
4244.72237 18.181 0.039
4244.81518 18.189 0.041
4245.61920 18.262 0.046
4245.71314 18.180 0.035
4245.80894 18.219 0.041
4246.67751 18.164 0.042
4246.77039 18.173 0.042
4246.86374 18.212 0.042
4247.69275 18.268 0.048
4250.74093 18.201 0.043
4251.81250 18.170 0.069
4256.62864 18.231 0.065
4256.77469 18.212 0.054
4257.66030 18.294 0.062
4258.64332 18.219 0.048
4258.76583 18.190 0.042
4258.85993 18.198 0.053
4267.60399 18.256 0.052
4268.56717 18.298 0.055
4268.85007 18.172 0.046
4269.58640 18.152 0.040
4269.70693 18.216 0.042
4269.81627 18.125 0.034
4270.57994 18.312 0.054
4272.60828 18.159 0.038
4272.75746 18.326 0.046
4272.81667 18.262 0.046
4273.62540 18.238 0.057
4273.80606 18.327 0.060
4273.86723 18.311 0.082
4274.55809 18.208 0.057
4274.71182 18.228 0.055
4274.77294 18.151 0.045
4274.83135 18.208 0.054
4275.61051 18.180 0.053
4275.78587 18.189 0.050
4275.84697 18.210 0.063
4276.59531 18.151 0.048
4277.53911 18.183 0.063
4277.71607 18.188 0.045
4277.77473 18.203 0.054
4277.84486 18.217 0.064
4278.58398 18.151 0.053
4278.76015 18.163 0.056
4283.51857 18.303 0.061
4283.73886 18.160 0.052
4284.51350 18.149 0.055
4284.70410 18.145 0.044
4284.76640 18.147 0.043
4285.51662 18.339 0.077
4285.71006 18.186 0.051
4285.77116 18.271 0.046
4285.83645 18.191 0.052
4286.51631 18.197 0.056
4286.82123 18.383 0.081
4289.52412 18.170 0.051
4289.74266 18.233 0.052
4289.80778 18.267 0.051
4290.57042 18.113 0.053
4291.63305 18.210 0.038
4292.49867 18.195 0.038
4292.67788 18.154 0.035
4292.73648 18.134 0.034
4292.79497 18.187 0.038
4293.49903 18.159 0.041
4293.72365 18.192 0.037
4293.78244 18.227 0.039
4294.49821 18.186 0.045
4295.50532 18.200 0.049
4295.70337 18.213 0.036
4295.76195 18.212 0.037
4296.50235 18.211 0.046
4296.69891 18.197 0.036
4297.52192 18.130 0.047
4297.72352 18.378 0.042
4298.55680 18.232 0.049
4298.66253 18.199 0.042
4298.76840 18.247 0.055
4299.53984 18.205 0.036
4299.63329 18.159 0.036
4299.72502 18.156 0.036
4300.53552 18.241 0.043
4300.65557 18.312 0.043
4300.75109 18.208 0.039
4301.52638 18.191 0.036
4301.62213 18.210 0.040
4301.72391 18.154 0.036
4302.59938 18.316 0.054
4302.69955 18.332 0.055
4303.68538 18.209 0.048
4304.55951 18.230 0.056
4304.67762 18.279 0.062
4306.64347 18.164 0.044
4306.70042 18.136 0.048
4310.62270 18.243 0.065
4312.55498 18.192 0.052
4315.64597 18.266 0.059
4316.71917 18.241 0.050
4317.56725 18.197 0.038
4319.52451 18.242 0.053
4319.77933 18.329 0.056
4320.55130 18.215 0.045
4326.51858 18.116 0.040
4326.71576 18.263 0.056
4327.59758 18.229 0.051
4328.52438 18.145 0.057
4328.70240 18.171 0.051
4329.53376 18.195 0.052
4330.50526 18.337 0.045
4330.69856 18.149 0.042
4331.48540 18.222 0.057
4332.51521 18.241 0.038
4333.53629 18.176 0.048
4333.69738 18.204 0.063
4334.50967 18.140 0.072
4334.63788 18.225 0.069
4338.50951 18.220 0.055
4339.48685 18.118 0.052
4339.70331 18.163 0.051
4340.60714 18.278 0.052
4341.51015 18.235 0.071
4342.53935 18.164 0.052
4343.51817 18.186 0.034
4344.54644 18.254 0.059
4347.53904 18.238 0.047
4351.51321 18.235 0.043
4352.56374 18.336 0.071
4353.51711 18.202 0.046
4354.54582 18.145 0.040
4355.54918 18.247 0.052
4356.51381 18.196 0.046
4357.54293 18.309 0.061
4358.50595 18.237 0.058
4359.54347 18.181 0.045
4360.57284 18.182 0.052
4361.57629 18.346 0.066
4365.56888 18.240 0.063
4367.50215 18.188 0.048
4368.53853 18.183 0.060
4370.50259 18.244 0.047
4371.54100 18.168 0.041
4372.52675 18.166 0.038
4373.51291 18.164 0.054
4376.57765 18.235 0.067
4377.61486 18.331 0.070
4378.52543 18.190 0.050
4379.54047 18.143 0.057
4380.55196 18.217 0.045
4381.53066 18.288 0.069
4382.57319 18.241 0.067
4383.56372 18.177 0.052
4384.53792 18.278 0.060
4388.50106 18.270 0.065
4388.53666 18.179 0.063
4388.54985 18.372 0.077
4388.55740 18.165 0.063
4391.49015 18.314 0.065
4392.49944 18.255 0.074
4393.53772 18.196 0.050
4394.55306 18.428 0.083
4395.52449 18.194 0.057
4395.57549 18.289 0.062
4396.51652 18.248 0.071
4397.54081 18.223 0.057
4398.54570 18.282 0.061
4400.54047 18.155 0.070
4402.55688 18.167 0.066
4408.54670 18.191 0.074
4507.87062 18.228 0.062
4510.86713 18.116 0.041
4513.86824 18.245 0.041
4517.86738 18.293 0.076
4519.88831 18.192 0.040
4522.88223 18.169 0.052
4524.81805 18.149 0.049
4530.82570 18.167 0.036
4533.86154 18.214 0.045
4535.84432 18.294 0.056
4536.90196 18.161 0.041
4537.88760 18.260 0.035
4538.82269 18.158 0.043
4539.86078 18.333 0.050
4540.80696 18.249 0.039
4541.79969 18.175 0.036
4542.79438 18.263 0.054
4543.78993 18.258 0.048
4544.78677 18.136 0.046
4545.79311 18.128 0.042
4546.80025 18.138 0.047
4547.79420 18.213 0.042
4548.80515 18.232 0.045
4550.74820 18.344 0.067
4551.77139 18.225 0.043
4552.76736 18.259 0.075
4556.76348 18.222 0.040
4557.78067 18.253 0.047
4558.75761 18.214 0.034
4559.75554 18.150 0.039
4560.75568 18.208 0.045
4561.74572 18.186 0.043
4564.73590 18.204 0.040
4565.73393 18.254 0.032
4565.92485 18.220 0.035
4566.73348 18.152 0.038
4567.72649 18.216 0.039
4568.73505 18.173 0.038
4569.74416 18.228 0.044
4570.73478 18.272 0.053
4571.72945 18.126 0.052
4571.91796 18.254 0.040
4572.75693 18.158 0.038
4573.74533 18.238 0.043
4573.91167 18.228 0.033
4574.74769 18.258 0.047
4575.75678 18.192 0.042
4576.76329 18.170 0.038
4577.84500 18.075 0.041
4578.79605 18.191 0.055
4579.87296 18.215 0.074
4583.73976 18.052 0.048
4583.93255 18.247 0.052
4585.76348 18.169 0.053
4586.79244 18.318 0.063
4587.77642 18.142 0.046
4587.93495 18.050 0.051
4588.69956 18.206 0.045
4588.93315 18.186 0.047
4589.68178 18.163 0.045
4589.83722 18.164 0.040
4589.89921 18.223 0.057
4590.70754 18.216 0.038
4590.90923 18.200 0.039
4590.91789 18.172 0.039
4591.71307 18.218 0.044
4591.83853 18.216 0.046
4591.90511 18.228 0.043
4592.67173 18.129 0.046
4592.86096 18.169 0.046
4593.66086 18.216 0.044
4593.87056 18.274 0.041
4594.68188 18.300 0.051
4594.87689 18.207 0.042
4595.67140 18.355 0.052
4595.86582 18.192 0.039
4595.92767 18.221 0.048
4596.66664 18.193 0.049
4597.69106 18.179 0.039
4597.88257 18.267 0.046
4598.66732 18.190 0.033
4599.63984 18.279 0.051
4600.64908 18.170 0.036
4600.85782 18.183 0.036
4601.65467 18.236 0.038
4601.87093 18.276 0.036
4602.64728 18.147 0.036
4602.85672 18.154 0.033
4603.88983 18.201 0.041
4606.60247 18.130 0.052
4606.62862 18.121 0.048
4606.64859 18.129 0.038
4606.71751 18.157 0.038
4606.90693 18.141 0.042
4607.77729 18.212 0.048
4610.74476 18.158 0.037
4611.63407 18.097 0.049
4611.82494 18.167 0.036
4612.65545 18.196 0.044
4615.79721 18.112 0.042
4616.60623 18.209 0.047
4616.82275 18.258 0.042
4616.89272 18.188 0.047
4617.67800 18.123 0.040
4618.61802 18.225 0.045
4622.81645 18.147 0.043
4623.67377 18.154 0.045
4623.87555 18.240 0.056
4624.59553 18.269 0.059
4624.81968 18.190 0.043
4625.60966 18.265 0.060
4625.82906 18.274 0.060
4625.91793 18.290 0.061
4626.60816 18.281 0.055
4627.56860 18.165 0.041
4627.92516 18.183 0.045
4628.55590 18.171 0.045
4628.76217 18.214 0.045
4628.82760 18.210 0.049
4628.89748 18.210 0.049
4629.63329 18.220 0.038
4629.83592 18.189 0.038
4629.91393 18.296 0.050
4630.56925 18.238 0.052
4630.77507 18.187 0.036
4630.85845 18.149 0.044
4631.57062 18.187 0.036
4631.78636 18.200 0.036
4631.87305 18.183 0.048
4632.57443 18.128 0.038
4632.86118 18.118 0.047
4633.57441 18.283 0.046
4633.68591 18.176 0.034
4633.80165 18.198 0.042
4638.75951 18.318 0.051
4639.58204 18.242 0.053
4639.67985 18.216 0.043
4640.60153 18.207 0.042
4640.73368 18.151 0.038
4640.83874 18.193 0.055
4641.67554 18.172 0.041
4641.78550 18.217 0.042
4642.59945 18.130 0.045
4642.76198 18.236 0.047
4642.83707 18.243 0.052
4643.55725 18.209 0.049
4644.60461 18.189 0.054
4644.86632 18.322 0.050
4645.52771 18.229 0.055
4645.77615 18.176 0.042
4645.85088 18.276 0.061
4646.52573 18.159 0.040
4646.85811 18.175 0.050
4647.52210 18.197 0.052
4647.74517 18.240 0.048
4647.85617 18.328 0.065
4648.50525 18.223 0.052
4648.72447 18.174 0.043
4648.82277 18.196 0.048
4649.53138 18.150 0.052
4649.81021 18.194 0.047
4649.86646 18.221 0.062
4650.51734 18.236 0.064
4650.78126 18.130 0.041
4650.87498 18.255 0.058
4651.52075 18.120 0.054
4651.81585 18.249 0.057
4652.51172 18.157 0.047
4652.72489 18.196 0.038
4652.84947 18.217 0.058
4653.50810 18.175 0.061
4653.72725 18.192 0.042
4654.54690 18.238 0.052
4654.75838 18.155 0.043
4655.50798 18.227 0.064
4655.73243 18.172 0.036
4655.79421 18.251 0.046
4656.50988 18.169 0.035
4656.81890 18.216 0.050
4657.73650 18.304 0.056
4658.66839 18.206 0.045
4659.60934 18.241 0.059
4660.62074 18.155 0.052
4661.49798 18.130 0.051
4661.69864 18.118 0.043
4661.76014 18.146 0.049
4661.82734 18.134 0.049
4665.66548 18.171 0.053
4666.57090 18.121 0.045
4666.71396 18.202 0.049
4670.65558 18.194 0.046
4671.59116 18.211 0.038
4672.51667 18.181 0.036
4672.70907 18.210 0.041
4674.51973 18.200 0.052
4674.71288 18.236 0.049
4675.75755 18.222 0.052
4677.49637 18.162 0.041
4677.64276 18.166 0.047
4678.70532 18.324 0.043
4681.53778 18.190 0.043
4681.77001 18.222 0.047
4682.50879 18.169 0.038
4682.66613 18.127 0.038
4682.76130 18.208 0.076
4684.51982 18.161 0.045
4684.73353 18.263 0.043
4686.50855 18.276 0.048
4687.49232 18.203 0.045
4687.74784 18.256 0.052
4688.75684 18.224 0.049
4693.55301 18.167 0.052
4694.61419 18.263 0.067
4697.50876 18.142 0.038
4701.51198 18.199 0.044
4702.51052 18.115 0.044
4704.65074 18.181 0.043
4707.64452 18.201 0.040
4708.54740 18.281 0.054
4710.55312 18.124 0.038
4715.59247 18.306 0.058
4716.59487 18.174 0.051
4720.56202 18.215 0.047
4721.49449 18.330 0.073
4724.51593 18.192 0.059
4725.49476 18.217 0.057
4726.55567 18.241 0.068
4728.60081 18.387 0.066
4730.57498 18.263 0.049
4731.57956 18.242 0.053
4734.56057 18.198 0.053
4737.55149 18.130 0.048
4740.56200 18.159 0.053
4756.53436 18.169 0.063
4774.51084 18.137 0.058
4775.50824 18.377 0.087
4776.50570 18.280 0.083
4778.49924 18.523 0.175
4779.51305 18.175 0.056
4868.88721 18.171 0.061
4873.85990 18.217 0.052
4874.85437 18.306 0.068
4877.85419 18.175 0.043
4884.86172 18.176 0.036
4887.83383 18.213 0.039
4890.88980 18.312 0.043
4896.87801 18.151 0.040
4899.84892 18.116 0.038
4900.89033 18.155 0.038
4901.88873 18.160 0.034
4902.88744 18.189 0.036
4904.81156 18.211 0.039
4910.81752 18.170 0.050
4911.78804 18.147 0.030
4912.78501 18.183 0.029
4914.80205 18.161 0.038
4915.86276 18.132 0.038
4915.89598 18.152 0.038
4915.91943 18.173 0.048
4916.75750 18.218 0.044
4916.77967 18.145 0.038
4916.82001 18.193 0.036
4916.86271 18.250 0.035
4916.90033 18.181 0.032
4917.72379 18.169 0.046
4917.74615 18.194 0.038
4917.76308 18.133 0.037
4917.77166 18.206 0.035
4917.78727 18.238 0.038
4917.88284 18.178 0.034
4917.90189 18.123 0.037
4917.91916 18.098 0.048
4918.72993 18.156 0.043
4918.74682 18.184 0.039
4918.77083 18.176 0.035
4918.81565 18.211 0.040
4918.84593 18.155 0.035
4918.91860 18.130 0.050
4919.72386 18.142 0.042
4919.85445 18.226 0.034
4919.91801 18.196 0.038
4921.75024 18.234 0.038
4924.88172 18.109 0.036
4925.82374 18.240 0.037
4925.91081 18.156 0.027
4925.92238 18.203 0.041
4927.72349 18.196 0.060
4927.87796 18.200 0.046
4929.79623 18.165 0.034
4930.71071 18.139 0.051
4930.82965 18.271 0.055
4931.72556 18.118 0.052
4931.87121 18.181 0.040
4932.72859 18.187 0.046
4932.82927 18.153 0.034
4933.77693 18.220 0.051
4934.77534 18.214 0.052
4934.88014 18.193 0.056
4938.68592 18.129 0.045
4938.89056 18.180 0.045
4939.70483 18.202 0.041
4940.70485 18.240 0.043
4941.68359 18.116 0.038
4941.78159 18.193 0.040
4942.72139 18.183 0.039
4943.81492 18.141 0.039
4944.67223 18.095 0.038
4944.82769 18.243 0.035
4945.72072 18.217 0.036
4945.77716 18.140 0.030
4946.67035 18.195 0.043
4947.86227 18.154 0.036
4948.84460 18.226 0.034
4950.66682 18.232 0.041
4951.65275 18.247 0.052
4952.65101 18.121 0.043
4953.64462 18.294 0.048
4953.81921 18.212 0.039
4954.64617 18.138 0.045
4954.83904 18.111 0.037
4955.64688 18.164 0.051
4955.78022 18.105 0.039
