2106.78026 17.548 0.032
2112.76960 17.628 0.027
2125.65790 17.449 0.037
2128.58569 17.433 0.021
2131.57905 17.526 0.024
2134.68273 17.480 0.037
2138.56286 17.686 0.042
2143.53162 17.542 0.046
2158.53081 17.419 0.020
2162.51615 17.666 0.041
2168.55094 17.523 0.035
2173.50896 17.476 0.042
2180.50755 17.518 0.027
2184.51226 17.437 0.031
2194.56713 17.506 0.030
2321.88481 17.303 0.035
2326.81791 17.468 0.038
2345.82746 17.425 0.021
2350.83153 17.447 0.020
2358.89620 17.514 0.031
2370.82443 17.559 0.034
2381.83168 17.714 0.027
2384.80455 17.436 0.028
2388.86237 17.462 0.026
2391.74839 17.408 0.039
2396.77989 17.499 0.040
2400.70787 17.690 0.038
2402.82485 17.457 0.023
2404.85471 17.536 0.023
2406.93870 17.512 0.044
2415.73554 17.530 0.033
2417.71237 17.645 0.032
2426.69357 17.450 0.024
2431.82123 17.512 0.027
2433.74839 17.492 0.032
2434.82149 17.562 0.027
2436.59600 17.485 0.030
2438.62637 17.367 0.027
2440.60787 17.404 0.026
2442.62486 17.597 0.031
2444.72124 17.499 0.031
2446.68969 17.635 0.030
2453.75290 17.506 0.031
2458.74592 17.616 0.032
2462.73469 17.519 0.022
2463.83533 17.474 0.025
2466.76525 17.482 0.028
2468.48053 17.459 0.034
2470.48356 17.425 0.035
2474.48983 17.628 0.043
2482.63434 17.687 0.037
2485.64437 17.453 0.039
2489.71497 17.441 0.021
2492.66039 17.571 0.029
2494.71403 17.536 0.029
2497.51661 17.502 0.028
2499.55258 17.488 0.027
2501.58020 17.767 0.031
2503.50542 17.612 0.073
2511.56052 17.286 0.038
2517.49740 17.468 0.041
2520.68654 17.480 0.028
2526.54079 17.464 0.026
2537.49089 17.813 0.052
2540.50685 17.455 0.035
2546.51732 17.468 0.030
2550.49868 17.512 0.049
2554.57053 17.459 0.030
2558.50709 17.548 0.039
2565.50776 17.626 0.042
2698.90196 17.558 0.040
2711.88495 17.449 0.025
2721.90666 17.429 0.039
2730.90549 17.708 0.030
2743.78198 17.499 0.024
2748.80063 17.485 0.031
2755.79071 17.543 0.024
2759.78575 17.469 0.027
2765.79887 17.500 0.025
2769.78350 17.505 0.019
2782.72177 17.504 0.032
2784.71460 17.479 0.021
2786.60118 17.442 0.039
2788.71353 17.472 0.021
2790.82740 17.807 0.032
2792.58823 17.109 0.036
2794.62164 17.639 0.036
2796.57636 17.422 0.025
2802.59511 17.386 0.033
2808.64272 17.451 0.028
2810.58105 17.465 0.030
2812.58263 17.545 0.027
2813.82645 17.650 0.031
2815.60495 17.469 0.030
2816.67066 17.791 0.032
2817.78513 17.508 0.034
2818.68034 17.456 0.023
2819.77424 17.648 0.035
2821.67230 17.897 0.042
2826.66316 17.584 0.029
2830.79342 17.591 0.050
2835.49040 17.471 0.037
2837.50936 17.436 0.042
2838.73973 17.703 0.032
2840.51051 17.502 0.035
2842.56842 17.498 0.033
2844.62320 17.526 0.024
2848.56270 17.488 0.043
2851.54910 17.483 0.028
2853.55286 17.589 0.029
2854.74845 17.532 0.037
2857.73549 17.456 0.027
2862.51672 17.664 0.052
2864.51866 17.728 0.053
2867.66791 17.750 0.044
2868.52989 17.526 0.026
2871.49582 17.776 0.036
2875.64878 17.558 0.039
2877.66586 17.473 0.028
2882.55573 17.642 0.043
2889.54259 17.541 0.045
2894.59000 17.487 0.035
2898.64573 17.558 0.040
2903.54844 17.665 0.031
2908.60658 17.809 0.057
2912.55237 17.468 0.029
2926.57593 17.384 0.034
3043.87523 17.419 0.027
3044.87000 17.410 0.032
3055.88602 17.498 0.026
3059.81597 17.501 0.028
3064.83281 17.449 0.036
3068.78667 17.516 0.044
3070.86530 17.398 0.032
3073.82135 17.553 0.027
3075.85943 17.461 0.026
3079.90434 17.502 0.028
3082.88557 17.616 0.026
3085.82195 17.531 0.030
3086.89434 17.560 0.029
3088.80950 17.488 0.021
3089.91548 17.576 0.033
3096.88286 17.458 0.037
3098.90274 17.532 0.020
3099.91610 17.658 0.040
3101.75480 17.551 0.035
3103.78771 17.528 0.028
3104.84635 17.414 0.063
3106.85964 17.590 0.031
3108.77966 17.564 0.023
3109.83912 17.505 0.023
3110.84546 17.504 0.024
3112.83076 17.797 0.035
3114.79535 17.594 0.025
3116.88329 17.621 0.029
3122.92134 17.826 0.039
3125.88189 17.513 0.038
3127.82515 17.531 0.028
3128.83128 17.542 0.025
3130.71248 17.512 0.029
3131.67900 17.520 0.038
3135.91059 17.581 0.028
3138.66487 17.783 0.037
3139.89006 17.720 0.028
3140.88966 17.605 0.030
3142.77864 17.600 0.025
3144.79876 17.521 0.026
3146.82623 17.800 0.041
3151.76159 17.546 0.032
3151.91758 17.775 0.034
3152.76653 17.587 0.032
3153.76987 17.843 0.039
3154.83416 17.526 0.040
3156.87494 17.578 0.027
3162.57922 17.643 0.045
3163.76575 17.505 0.026
3164.74802 17.592 0.027
3164.88104 17.692 0.048
3165.72158 17.661 0.022
3167.60789 17.641 0.039
3168.86976 17.715 0.028
3169.73774 17.564 0.029
3170.82267 17.788 0.028
3171.79398 17.572 0.020
3172.76493 17.613 0.025
3173.86293 17.632 0.041
3174.72171 17.508 0.021
3175.73046 17.482 0.021
3177.77093 17.538 0.039
3179.50589 17.434 0.023
3179.89497 17.607 0.034
3180.73278 17.465 0.018
3182.79740 17.789 0.034
3183.77539 17.683 0.036
3184.71341 17.720 0.027
3184.76006 17.576 0.025
3184.79864 17.558 0.030
3184.82752 17.469 0.026
3184.85443 17.519 0.038
3184.88730 17.798 0.059
3185.49917 17.289 0.027
3185.71694 17.548 0.026
3185.76292 17.479 0.026
3185.85495 17.622 0.030
3191.80364 17.530 0.029
3193.54834 17.517 0.022
3194.55997 17.541 0.036
3195.69152 17.599 0.022
3195.81209 17.529 0.025
3196.61297 17.743 0.034
3197.53588 17.495 0.025
3197.84117 17.620 0.037
3199.63487 17.481 0.026
3202.52917 17.491 0.024
3202.81893 17.542 0.035
3203.67074 17.572 0.023
3204.66518 17.487 0.023
3205.52409 17.562 0.024
3206.72941 17.757 0.033
3209.64937 17.490 0.020
3210.64947 17.449 0.025
3211.61839 17.626 0.034
3217.48513 17.648 0.034
3217.66410 17.550 0.033
3218.66239 17.805 0.043
3219.61860 17.615 0.040
3223.66360 17.482 0.035
3224.70895 17.627 0.029
3226.63327 17.624 0.036
3228.61288 17.502 0.026
3229.64536 17.564 0.027
3230.67889 17.845 0.037
3231.58290 17.621 0.025
3232.61936 17.790 0.044
3238.63117 17.670 0.039
3239.71021 17.601 0.039
3240.48332 17.493 0.026
3241.66605 17.627 0.039
3245.56718 17.612 0.044
3246.67289 17.714 0.046
3247.59206 17.522 0.029
3249.53956 17.640 0.032
3250.67051 17.515 0.033
3253.63600 17.533 0.042
3256.64974 17.413 0.037
3260.55949 17.617 0.043
3265.48997 17.544 0.041
3267.54360 17.651 0.028
3272.59908 17.641 0.037
3275.49567 17.584 0.039
3278.61148 17.570 0.033
3282.49100 17.513 0.026
3288.55734 17.714 0.034
3293.52795 17.547 0.020
3294.56094 17.779 0.032
3295.53828 17.833 0.021
3300.52174 17.602 0.039
3315.51054 17.491 0.046
3416.89546 17.500 0.030
3422.88331 17.672 0.027
3426.87434 17.511 0.024
3429.85943 17.559 0.028
3432.89972 17.562 0.024
3442.90225 17.496 0.023
3445.81525 17.498 0.020
3447.86557 17.450 0.027
3449.88243 17.492 0.023
3452.89960 17.514 0.020
3453.77148 17.604 0.033
3455.84209 17.453 0.030
3456.85319 17.601 0.021
3457.77087 17.426 0.024
3458.81444 17.682 0.027
3459.78901 17.523 0.028
3467.89179 17.596 0.024
3469.80146 17.534 0.020
3470.84155 17.536 0.020
3472.77280 17.425 0.020
3473.86777 17.638 0.037
3474.83904 17.592 0.026
3477.77678 17.584 0.027
3478.89107 17.598 0.026
3480.84305 17.767 0.029
3481.84292 17.532 0.018
3483.78735 17.540 0.022
3496.74120 17.466 0.024
3497.80892 17.567 0.029
3498.93016 17.528 0.021
3499.73764 17.763 0.026
3500.74223 17.554 0.023
3501.83297 17.486 0.018
3502.68854 17.447 0.020
3503.70139 17.463 0.020
3504.71573 17.544 0.025
3506.80114 17.491 0.032
3508.79757 17.487 0.023
3509.70100 17.475 0.027
3511.68771 17.594 0.024
3512.75087 17.551 0.025
3517.79705 17.532 0.022
3520.83232 17.576 0.030
3521.65147 17.456 0.019
3522.76099 17.625 0.027
3523.79633 17.532 0.020
3524.78020 17.484 0.028
3525.76369 17.501 0.023
3526.84903 17.765 0.026
3528.56765 17.391 0.025
3529.78850 17.531 0.020
3530.76880 17.479 0.019
3537.76089 17.499 0.023
3538.69040 17.467 0.020
3539.83142 17.538 0.019
3540.66433 17.623 0.024
3544.73854 17.474 0.026
3546.86242 17.322 0.036
3547.82271 17.525 0.036
3549.78733 17.495 0.021
3550.64914 17.462 0.018
3551.65204 17.500 0.014
3552.68593 17.744 0.026
3553.68867 17.585 0.031
3554.67719 17.532 0.033
3555.70736 17.483 0.026
3555.72351 17.473 0.024
3556.73561 17.580 0.035
3558.57146 17.451 0.023
3558.84875 17.489 0.026
3559.66729 17.707 0.033
3560.62046 17.504 0.020
3561.56019 17.637 0.026
3561.82730 17.787 0.039
3562.60486 17.555 0.032
3562.82770 17.578 0.027
3563.65430 17.499 0.021
3564.54793 17.397 0.025
3569.60663 17.492 0.028
3573.67263 17.446 0.027
3573.70218 17.438 0.025
3574.70317 17.720 0.029
3575.64209 17.522 0.021
3575.78723 17.558 0.031
3576.70452 17.602 0.024
3577.75279 17.463 0.025
3578.68948 17.530 0.021
3579.63480 17.503 0.021
3580.67137 17.529 0.024
3581.68776 17.778 0.028
3582.61353 17.567 0.021
3583.65005 17.566 0.025
3584.65881 17.491 0.022
3584.77394 17.735 0.036
3585.65695 17.442 0.019
3586.68131 17.682 0.021
3588.73942 17.530 0.020
3589.70078 17.556 0.021
3590.69683 17.440 0.022
3592.65329 17.520 0.017
3597.62282 17.458 0.026
3601.67319 17.447 0.024
3602.65675 17.512 0.025
3603.65350 17.513 0.025
3607.65196 17.476 0.027
3608.66789 17.442 0.023
3609.52955 17.473 0.020
3615.59521 17.500 0.021
3618.59874 17.561 0.024
3620.56204 17.481 0.020
3628.56407 17.518 0.029
3630.57805 17.535 0.032
3632.60555 17.546 0.037
3634.50892 17.491 0.024
3639.51472 17.483 0.019
3641.56143 17.857 0.054
3644.52628 17.474 0.022
3648.55482 17.681 0.038
3649.50690 17.418 0.027
3651.56777 17.887 0.061
3654.55742 17.399 0.039
3655.53292 17.463 0.024
3657.52610 17.486 0.027
3659.52789 17.700 0.047
3662.53247 17.433 0.034
3665.48986 17.953 0.059
3671.50583 17.735 0.050
3777.83750 17.392 0.032
3782.87352 17.430 0.021
3784.89381 17.538 0.029
3785.83515 17.559 0.031
3788.87718 17.504 0.025
3791.88740 17.501 0.030
3794.86486 17.449 0.021
3796.85362 17.470 0.024
3797.85652 17.640 0.023
3798.90445 17.435 0.026
3801.82809 17.466 0.025
3803.81708 17.548 0.024
3804.86434 17.455 0.023
3805.90487 17.479 0.024
3807.89317 17.757 0.026
3809.80757 17.703 0.026
3811.88611 17.499 0.025
3813.76642 17.316 0.024
3817.90556 17.483 0.024
3819.76704 17.428 0.020
3820.87121 17.524 0.022
3821.88121 17.540 0.024
3822.78026 17.546 0.028
3823.89321 17.484 0.021
3824.88606 17.639 0.030
3826.89057 17.566 0.025
3828.89292 17.508 0.023
3829.87963 17.495 0.023
3832.88282 17.489 0.023
3833.85747 17.508 0.021
3834.89872 17.492 0.022
3835.84214 17.453 0.021
3836.85457 17.623 0.023
3837.83720 17.586 0.029
3838.84110 17.615 0.028
3839.85318 17.431 0.031
3840.84437 17.436 0.021
3841.82320 17.457 0.022
3845.82872 17.476 0.028
3846.83612 17.419 0.020
3848.85165 17.743 0.031
3849.86494 17.545 0.020
3850.80096 17.719 0.030
3851.80734 17.451 0.029
3852.79581 17.460 0.024
3853.78852 17.483 0.019
3856.77734 17.552 0.025
3858.84117 17.506 0.027
3860.83196 17.729 0.043
3861.84633 17.493 0.020
3862.79030 17.628 0.023
3863.73059 17.497 0.021
3864.79114 17.441 0.019
3865.75548 17.444 0.025
3866.78399 17.581 0.022
3867.72082 17.554 0.028
3868.78755 17.512 0.027
3869.77390 17.498 0.027
3873.77474 17.591 0.023
3874.81889 17.523 0.026
3875.73381 17.518 0.019
3877.76338 17.513 0.020
3880.76061 17.532 0.024
3881.76883 17.464 0.019
3882.70684 17.504 0.025
3883.58944 17.657 0.046
3883.59628 17.504 0.033
3883.60536 17.544 0.032
3883.62891 17.518 0.029
3883.69082 17.453 0.020
3883.74834 17.527 0.021
3883.75729 17.489 0.021
3883.79975 17.480 0.027
3883.82597 17.576 0.023
3883.83568 17.601 0.022
3883.84694 17.594 0.022
3883.86625 17.604 0.020
3883.87357 17.625 0.024
3883.87939 17.590 0.026
3883.88506 17.558 0.022
3883.89102 17.579 0.024
3883.89660 17.608 0.021
3883.90232 17.568 0.022
3883.90820 17.545 0.024
3883.91384 17.574 0.026
3883.91943 17.570 0.022
3883.92503 17.565 0.027
3883.93084 17.541 0.027
3883.93363 17.485 0.025
3883.93643 17.543 0.026
3883.93922 17.462 0.022
3883.94200 17.550 0.027
3883.94477 17.532 0.029
3883.94787 17.487 0.035
3884.73281 17.635 0.019
3884.74157 17.668 0.024
3884.74456 17.636 0.025
3884.74763 17.585 0.022
3884.75070 17.641 0.020
3884.75830 17.657 0.020
3884.76477 17.644 0.020
3884.76791 17.716 0.021
3884.77974 17.738 0.025
3886.56103 17.433 0.028
3886.57950 17.444 0.025
3886.59682 17.451 0.023
3886.62317 17.478 0.023
3886.63765 17.549 0.024
3886.66694 17.730 0.025
3886.69329 17.741 0.023
3886.71920 17.695 0.026
3886.73990 17.625 0.027
3886.76296 17.473 0.022
3886.78968 17.482 0.021
3886.83882 17.462 0.020
3886.91068 17.475 0.024
3886.93677 17.502 0.027
3887.56678 17.395 0.025
3887.64214 17.605 0.023
3887.70219 17.496 0.020
3887.74260 17.501 0.023
3887.76892 17.488 0.021
3887.82178 17.491 0.025
3887.87251 17.561 0.027
3888.58208 17.804 0.035
3888.90270 17.595 0.023
3888.91571 17.650 0.031
3888.92264 17.595 0.031
3889.62948 17.420 0.028
3889.86372 17.700 0.024
3890.56329 17.382 0.027
3891.58945 17.400 0.027
3892.86707 17.505 0.026
3893.74900 17.445 0.033
3894.78876 17.465 0.029
3896.74014 17.683 0.032
3900.63988 17.437 0.035
3901.65177 17.495 0.027
3902.66959 17.488 0.024
3903.79892 17.573 0.032
3904.64932 17.550 0.022
3905.65630 17.583 0.021
3906.63794 17.442 0.021
3907.70330 17.495 0.033
3908.63752 17.454 0.019
3909.64190 17.596 0.021
3912.64224 17.500 0.018
3913.63981 17.451 0.019
3914.67301 17.578 0.023
3915.63673 17.682 0.027
3916.71839 17.512 0.025
3917.73123 17.492 0.023
3918.73558 17.527 0.028
3919.66542 17.449 0.033
3920.61758 17.507 0.022
3921.63105 17.482 0.034
3930.69324 17.450 0.024
3931.61243 17.507 0.025
3931.80089 17.742 0.046
3932.63987 17.570 0.020
3933.61957 17.564 0.019
3934.59018 17.737 0.024
3935.66742 17.482 0.025
3936.61901 17.432 0.022
3936.80731 17.537 0.037
3937.73578 17.817 0.047
3937.74464 17.782 0.043
3937.77814 17.568 0.041
3938.46599 17.270 0.035
3938.49189 17.323 0.026
3938.59663 17.514 0.026
3938.64567 17.421 0.026
3938.71642 17.622 0.033
3939.52472 17.521 0.023
3940.57106 17.578 0.024
3940.64398 17.517 0.020
3940.74129 17.464 0.018
3940.80557 17.529 0.023
3941.65519 17.538 0.039
3942.51790 17.562 0.038
3944.49833 17.525 0.022
3944.60548 17.627 0.025
3944.68165 17.760 0.024
3944.77182 17.566 0.027
3945.46656 17.423 0.031
3945.55084 17.569 0.026
3945.63013 17.636 0.027
3945.73556 17.606 0.034
3945.79709 17.568 0.037
3946.47008 17.266 0.030
3946.62374 17.644 0.029
3946.78840 17.538 0.036
3946.79701 17.570 0.032
3950.47333 17.467 0.028
3950.64024 17.602 0.023
3950.77888 17.539 0.027
3951.65657 17.588 0.031
3957.63513 17.554 0.032
3958.68345 17.499 0.029
3959.61371 17.499 0.024
3960.60693 17.486 0.018
3963.57498 17.767 0.028
3964.63821 17.483 0.021
3965.62002 17.484 0.020
3966.61487 17.531 0.022
3967.64128 17.604 0.028
3968.59746 17.724 0.032
3969.60508 17.669 0.026
3970.57501 17.598 0.030
3970.61797 17.539 0.027
3970.70484 17.469 0.023
3971.64798 17.540 0.030
3973.67755 17.804 0.037
3974.61222 17.618 0.025
3975.60760 17.576 0.024
3976.60159 17.498 0.024
3979.62995 17.716 0.064
3982.65884 17.580 0.035
3987.59787 17.536 0.023
3988.63112 17.405 0.019
3990.59899 17.646 0.033
3994.54892 17.515 0.034
3996.52469 17.475 0.034
4000.61029 17.605 0.040
4002.60422 17.681 0.026
4003.55869 17.566 0.020
4005.65452 17.521 0.032
4011.53753 17.463 0.031
4015.56685 17.573 0.039
4017.54457 17.553 0.028
4019.54624 17.479 0.029
4021.54903 17.896 0.049
4024.57851 17.594 0.035
4027.49473 17.565 0.037
4029.53272 17.497 0.032
4150.86671 17.386 0.028
4155.83901 17.458 0.032
4157.89420 17.434 0.025
4159.90431 17.526 0.033
4162.85154 17.333 0.029
4164.89141 17.516 0.026
4166.90739 17.430 0.039
4167.81898 17.374 0.029
4167.84437 17.387 0.027
4167.86879 17.463 0.029
4167.89040 17.439 0.026
4167.91042 17.424 0.030
4168.79385 17.367 0.029
4168.80382 17.366 0.027
4168.83087 17.271 0.027
4168.85320 17.373 0.028
4168.86861 17.413 0.027
4168.88867 17.484 0.028
4168.90996 17.474 0.034
4169.78995 17.426 0.031
4169.81094 17.329 0.026
4169.82608 17.349 0.026
4169.84061 17.382 0.024
4169.86782 17.412 0.023
4169.89378 17.490 0.024
4170.79032 17.416 0.041
4170.81946 17.469 0.027
4170.84674 17.567 0.030
4170.88450 17.686 0.032
4174.78368 17.437 0.032
4174.82640 17.418 0.028
4174.84065 17.427 0.028
4174.89624 17.435 0.026
4174.90847 17.483 0.026
4175.86041 17.447 0.028
4176.82234 17.449 0.026
4176.89274 17.521 0.026
4177.87602 17.605 0.033
4179.77380 17.481 0.029
4180.82053 17.380 0.030
4181.90869 17.544 0.024
4183.78767 17.462 0.025
4184.75631 17.586 0.033
4184.85573 17.492 0.021
4185.83510 17.376 0.029
4190.85346 17.443 0.031
4192.86576 17.490 0.027
4193.87673 17.532 0.029
4194.89830 17.568 0.026
4196.91862 17.443 0.026
4202.86806 17.451 0.021
4203.85621 17.449 0.020
4204.85536 17.503 0.023
4205.85190 17.527 0.023
4207.85552 17.439 0.020
4208.88517 17.443 0.024
4212.93324 17.404 0.037
4213.85325 17.472 0.023
4215.89081 17.500 0.029
4216.81166 17.409 0.026
4217.83396 17.531 0.020
4218.87472 17.495 0.027
4219.91573 17.492 0.039
4220.85314 17.450 0.029
4222.82249 17.526 0.024
4228.81046 17.499 0.033
4229.78929 17.527 0.031
4230.77626 17.696 0.024
4231.79836 17.484 0.023
4232.80659 17.468 0.039
4234.75080 17.438 0.027
4235.77564 17.641 0.026
4237.76399 17.590 0.037
4238.79872 17.425 0.028
4239.85857 17.504 0.041
4243.69322 17.498 0.029
4244.85505 17.478 0.029
4245.84828 17.631 0.028
4246.90304 17.505 0.028
4250.86887 17.537 0.041
4256.71392 17.528 0.040
4258.71146 17.433 0.025
4268.61493 17.598 0.034
4269.65505 17.438 0.024
4272.70567 17.528 0.028
4273.66574 17.576 0.027
4274.64946 17.407 0.026
4275.70633 17.500 0.027
4277.60540 17.459 0.030
4278.67968 17.766 0.042
4283.62502 17.448 0.027
4284.60890 17.556 0.031
4285.61564 17.670 0.041
4286.70454 17.433 0.024
4289.65419 17.466 0.033
4290.68358 17.452 0.042
4290.70555 17.427 0.037
4291.73318 17.469 0.028
4292.59423 17.523 0.025
4293.62172 17.416 0.021
4294.59347 17.414 0.027
4295.62284 17.527 0.025
4296.60229 17.557 0.023
4297.59607 17.648 0.025
4298.70561 17.495 0.028
4299.67259 17.493 0.023
4300.79742 17.519 0.031
4301.47492 17.335 0.026
4302.75402 17.437 0.028
4307.58533 17.615 0.025
4310.73879 17.569 0.049
4312.63484 17.575 0.032
4315.66871 17.515 0.046
4319.62996 17.700 0.036
4320.73136 17.431 0.036
4326.64091 17.493 0.030
4327.66857 17.409 0.040
4328.60962 17.438 0.026
4328.74201 17.609 0.042
4329.60105 17.482 0.036
4330.58313 17.467 0.027
4331.60960 17.734 0.040
4332.60698 17.496 0.028
4333.61005 17.462 0.032
4334.60430 17.512 0.041
4338.64423 17.462 0.031
4339.61325 17.407 0.039
4340.52482 17.679 0.049
4341.61165 17.502 0.038
4342.64789 17.551 0.034
4343.62724 17.555 0.027
4344.67669 17.495 0.030
4345.62705 17.458 0.034
4346.63236 17.471 0.031
4347.64637 17.556 0.029
4349.61817 17.493 0.027
4351.61683 17.538 0.040
4353.63997 17.849 0.062
4357.62826 17.476 0.032
4359.59941 17.588 0.043
4367.59850 17.499 0.039
4370.59750 17.558 0.029
4372.56950 17.780 0.035
4380.57926 17.414 0.025
4515.87471 17.361 0.036
4519.84627 17.379 0.036
4520.83843 17.312 0.033
4522.90202 17.443 0.033
4524.88812 17.363 0.025
4530.87763 17.435 0.021
4534.81929 17.225 0.034
4536.82398 17.412 0.032
4537.91170 17.512 0.031
4538.84238 17.432 0.027
4540.87224 17.453 0.024
4542.89857 17.404 0.023
4543.86001 17.466 0.021
4544.85680 17.497 0.022
4545.87435 17.658 0.030
4546.90529 17.450 0.021
4550.84812 17.557 0.030
4551.90591 17.532 0.029
4552.90288 17.428 0.030
4556.86719 17.489 0.024
4557.89322 17.535 0.021
4558.82831 17.492 0.023
4559.85748 17.460 0.021
4560.85793 17.435 0.020
4561.84681 17.480 0.020
4564.85097 17.448 0.020
4565.83988 17.414 0.018
4566.84194 17.461 0.021
4567.84623 17.533 0.022
4568.87623 17.565 0.024
4569.86213 17.507 0.023
4570.86745 17.446 0.022
4571.83292 17.442 0.023
4572.87071 17.616 0.045
4573.84647 17.491 0.021
4574.84863 17.726 0.035
4575.86031 17.449 0.023
4579.91262 17.649 0.032
4583.82492 17.474 0.028
4586.81292 17.698 0.042
4587.85069 17.441 0.026
4588.73900 17.603 0.028
4589.77276 17.466 0.029
4590.78715 17.432 0.024
4591.76439 17.487 0.022
4592.77653 17.556 0.027
4593.76196 17.613 0.032
4594.79028 17.506 0.023
4595.78081 17.378 0.022
4596.80134 17.396 0.026
4597.79858 17.502 0.025
4598.76791 17.656 0.023
4599.74737 17.546 0.026
4600.75294 17.514 0.020
4601.75755 17.397 0.020
4602.75510 17.420 0.020
4606.77581 17.430 0.021
4610.87800 17.442 0.022
4611.73919 17.518 0.025
4611.92575 17.521 0.028
4616.72800 17.541 0.023
4617.89594 17.451 0.037
4622.70780 17.611 0.041
4623.78761 17.441 0.030
4624.72643 17.453 0.025
4625.70776 17.468 0.034
4626.75504 17.451 0.041
4627.68705 17.421 0.020
4628.67725 17.491 0.022
4629.74294 17.522 0.023
4630.68276 17.451 0.023
4631.70107 17.419 0.020
4632.71568 17.430 0.021
4633.86362 17.490 0.033
4639.80414 17.532 0.039
4640.77967 17.469 0.028
4641.86490 17.496 0.039
4642.70257 17.454 0.024
4643.66866 17.418 0.027
4644.75175 17.669 0.033
4645.67048 17.513 0.029
4646.63815 17.582 0.021
4647.64915 17.544 0.024
4648.65043 17.512 0.024
4648.75987 17.444 0.024
4649.64348 17.463 0.024
4650.67491 17.423 0.025
4651.68577 17.637 0.029
4652.61465 17.510 0.026
4652.67789 17.498 0.026
4652.75871 17.467 0.027
4652.78212 17.436 0.026
4652.81059 17.457 0.028
4653.60852 17.682 0.035
4654.64770 17.459 0.024
4655.61195 17.413 0.022
4656.61512 17.409 0.025
4658.77240 17.510 0.037
4660.72205 17.413 0.036
4661.60456 17.392 0.020
4666.53730 17.492 0.029
4671.66119 17.461 0.026
4672.62070 17.421 0.022
4674.64882 17.427 0.031
4677.67352 17.328 0.031
4681.67682 17.505 0.028
4682.63252 17.423 0.028
4683.63039 17.424 0.032
4684.64893 17.407 0.027
4685.67505 17.506 0.024
4686.74757 17.545 0.030
4687.66308 17.668 0.033
4688.60926 17.559 0.028
4694.69330 17.628 0.041
4697.61456 17.411 0.037
4698.63615 17.449 0.029
4700.63135 17.477 0.036
4701.61428 17.482 0.029
4702.62907 17.411 0.030
4704.69029 17.814 0.041
4708.65070 17.498 0.030
4710.66864 17.646 0.037
4720.58179 17.399 0.028
4721.61639 17.606 0.048
4724.63407 17.504 0.033
4725.65004 17.649 0.053
4726.61028 17.420 0.038
4733.57448 17.598 0.043
4738.53458 17.360 0.032
4741.61665 17.539 0.030
4755.55573 17.421 0.039
4763.49669 17.366 0.035
4876.87098 17.345 0.027
4883.85675 17.332 0.027
4885.89699 17.455 0.029
4888.85125 17.314 0.024
4892.84531 17.337 0.031
4898.81559 17.523 0.033
4901.81844 17.460 0.026
4902.90731 17.397 0.024
4903.86580 17.377 0.022
4905.86221 17.322 0.031
4912.84701 17.358 0.020
4914.89306 17.537 0.027
4924.74311 17.403 0.020
4925.86083 17.599 0.027
4928.75107 17.333 0.023
4930.79514 17.464 0.027
4931.83961 17.448 0.026
4932.84811 17.437 0.025
4933.84303 17.421 0.024
4934.89883 17.420 0.037
4938.82292 17.335 0.033
4940.76441 17.396 0.025
4941.80016 17.367 0.026
4942.74322 17.393 0.020
4944.74556 17.756 0.031
4945.79864 17.385 0.020
4950.85842 17.379 0.022
4952.85194 17.429 0.023
4953.83780 17.459 0.031
4954.80745 17.665 0.028
4955.79884 17.539 0.030
