2127.53060 18.885 0.066
2130.56321 19.222 0.058
2133.57291 19.210 0.060
2136.69417 19.011 0.051
2172.57449 19.151 0.079
2189.55905 19.217 0.098
2214.54150 19.055 0.112
2337.87091 19.020 0.046
2352.89307 19.021 0.061
2361.88685 19.092 0.053
2373.83770 18.959 0.054
2384.85310 19.060 0.049
2388.87206 18.810 0.043
2390.89094 19.050 0.059
2397.68453 18.889 0.054
2404.68761 19.072 0.048
2406.83575 18.960 0.050
2416.81297 19.055 0.053
2424.90446 18.986 0.096
2428.89576 19.344 0.102
2433.62138 19.359 0.096
2434.91007 18.964 0.083
2436.89729 19.197 0.073
2438.84640 19.079 0.064
2440.87053 19.179 0.082
2444.86350 18.974 0.064
2445.71877 19.133 0.046
2448.76222 19.100 0.121
2454.67415 19.190 0.076
2460.68818 19.123 0.057
2463.63123 19.049 0.045
2466.54307 18.997 0.048
2468.79253 18.893 0.051
2470.77610 19.052 0.050
2484.70454 18.966 0.057
2487.65485 19.001 0.068
2491.53409 19.067 0.072
2496.57093 18.947 0.035
2498.61174 18.923 0.035
2500.63523 19.176 0.051
2502.65329 19.371 0.114
2510.55281 18.771 0.073
2516.70655 18.899 0.081
2518.69118 19.101 0.069
2521.68272 19.310 0.084
2529.53737 18.981 0.069
2538.58718 18.797 0.049
2543.48603 18.866 0.045
2548.54118 18.958 0.060
2552.57720 19.042 0.068
2557.54086 19.034 0.053
2564.54131 18.860 0.059
2584.50917 18.976 0.075
2709.86231 18.946 0.039
2719.89540 18.927 0.045
2729.92060 19.094 0.069
2734.89391 18.881 0.041
2747.77765 18.997 0.084
2754.78832 19.090 0.054
2757.87135 19.032 0.079
2763.82082 18.982 0.050
2767.90052 18.825 0.058
2775.80743 18.891 0.076
2783.89645 19.022 0.047
2787.81849 19.002 0.050
2790.65020 19.035 0.041
2793.71273 18.861 0.051
2795.67791 19.123 0.047
2797.68319 19.242 0.046
2809.80897 19.124 0.062
2811.72589 19.119 0.061
2812.85329 18.939 0.048
2814.79112 18.999 0.048
2819.82803 19.024 0.058
2821.74283 19.064 0.058
2829.81797 19.023 0.064
2835.71882 18.974 0.052
2837.73250 18.991 0.074
2839.79282 18.929 0.049
2841.81568 18.897 0.054
2843.73998 18.923 0.050
2845.72570 18.926 0.042
2850.67207 19.113 0.047
2852.63299 19.206 0.097
2854.63008 19.237 0.075
2857.53726 18.916 0.048
2862.73073 18.840 0.070
2865.60115 18.960 0.049
2868.63667 19.209 0.061
2871.72068 18.939 0.046
2877.48590 19.054 0.068
2879.68688 19.099 0.071
2885.54174 18.965 0.064
2894.55718 19.042 0.058
2898.56545 18.987 0.066
2904.62239 19.138 0.069
2910.55486 18.876 0.055
2929.56639 18.978 0.073
3052.89719 18.857 0.066
