2127.57861 16.940 0.014
2130.59999 16.895 0.012
2133.61236 16.971 0.012
2137.56272 17.029 0.013
2142.54434 16.994 0.012
2171.65903 16.971 0.013
2190.51675 16.903 0.010
2215.52752 17.143 0.022
2338.83042 17.037 0.018
2353.86113 17.062 0.015
2363.83861 16.942 0.014
2377.78388 17.098 0.016
2384.86613 17.033 0.012
2388.88490 16.974 0.012
2390.90411 17.057 0.014
2393.82621 16.998 0.021
2400.82675 17.101 0.014
2404.70199 16.929 0.012
2406.80514 16.930 0.013
2416.82571 17.005 0.014
2424.91735 16.950 0.020
2431.76250 16.952 0.012
2433.75256 17.044 0.014
2434.92328 16.967 0.016
2436.91004 17.009 0.015
2439.86816 16.977 0.013
2441.82620 16.933 0.012
2444.87858 16.947 0.015
2445.73504 17.058 0.013
2448.78481 17.035 0.027
2454.57430 16.904 0.012
2460.65526 16.909 0.013
2463.64385 16.950 0.010
2466.46595 17.041 0.018
2468.81242 16.947 0.013
2469.64944 17.058 0.010
2471.61140 17.035 0.012
2473.62566 16.981 0.013
2481.76094 16.921 0.014
2484.71777 17.105 0.018
2487.67152 16.952 0.015
2491.55277 17.130 0.018
2496.58421 16.930 0.010
2498.62394 17.027 0.010
2500.64921 17.029 0.012
2502.66765 16.936 0.018
2510.56546 17.069 0.013
2516.67064 17.109 0.019
2519.60195 16.846 0.010
2524.62981 17.063 0.014
2529.55052 16.973 0.013
2538.59974 16.961 0.015
2543.49855 17.105 0.014
2548.55378 16.966 0.013
2552.58975 17.066 0.015
2557.55339 17.130 0.014
2564.55404 17.002 0.016
2583.50107 16.951 0.020
2709.87518 16.962 0.012
2719.90833 16.914 0.012
2730.81906 17.011 0.012
2734.91725 16.939 0.012
2747.79338 17.142 0.018
2754.80111 17.040 0.013
2757.88484 17.040 0.015
2763.84257 16.917 0.012
2767.91371 17.029 0.015
2776.69934 17.109 0.038
2783.90945 17.093 0.014
2785.68791 16.973 0.013
2787.78891 16.964 0.013
2790.58299 17.120 0.010
2793.72514 16.919 0.010
2795.69249 17.065 0.010
2797.69677 16.933 0.010
2802.74747 17.114 0.018
2809.82145 17.079 0.014
2811.73988 17.017 0.014
2812.86581 17.059 0.014
2814.81783 16.951 0.013
2816.72573 16.924 0.012
2818.70273 17.016 0.012
2819.85291 17.022 0.015
2820.82643 17.128 0.014
2829.83056 16.960 0.015
2835.73266 16.950 0.013
2837.74649 17.116 0.019
2838.78787 16.936 0.015
2840.75941 17.013 0.014
2843.75264 16.905 0.012
2845.73821 17.085 0.013
2850.68448 17.095 0.013
2852.68053 16.907 0.012
2854.64899 17.015 0.014
2857.54960 17.085 0.013
2862.48283 17.131 0.020
2862.67593 17.138 0.020
2863.49957 16.961 0.015
2864.54286 17.030 0.016
2865.56518 16.988 0.013
2866.64452 17.031 0.015
2868.58581 17.088 0.013
2868.64908 16.942 0.014
2869.68173 17.029 0.014
2872.51152 16.970 0.013
2877.67495 17.066 0.014
2883.66062 16.958 0.012
2885.65816 17.012 0.018
2890.65306 17.119 0.021
2893.53672 16.994 0.013
2894.52490 16.923 0.013
2895.60200 17.075 0.013
2896.53324 17.132 0.014
2896.65132 16.913 0.013
2897.63521 17.017 0.015
2898.55598 16.910 0.014
2898.63682 17.095 0.016
2899.63877 16.972 0.010
2899.67308 16.922 0.015
2900.49291 17.027 0.015
2902.49217 17.003 0.019
2902.60030 17.073 0.016
2903.49209 16.960 0.015
2905.48511 17.113 0.020
2906.48919 16.980 0.015
2907.48919 16.963 0.016
2907.57437 17.149 0.016
2908.48948 17.024 0.018
2909.49151 17.087 0.015
2910.48206 16.956 0.022
2910.53874 16.951 0.014
2911.49930 16.947 0.015
2911.55385 17.085 0.014
2911.58194 17.067 0.014
2912.49334 17.079 0.016
2912.55572 17.014 0.013
2915.48498 16.926 0.018
2916.52042 17.096 0.015
2917.50754 16.985 0.015
2917.57658 16.917 0.014
2918.49972 16.954 0.018
2918.54713 16.990 0.015
2920.51079 17.096 0.019
2921.49660 17.024 0.019
2921.58636 16.985 0.018
2922.50615 16.905 0.015
2922.57337 17.037 0.018
2923.51543 17.020 0.014
2924.51168 17.070 0.013
2924.58142 16.939 0.014
2925.50718 16.949 0.014
2925.56420 16.931 0.014
2926.53746 16.976 0.013
2927.50428 16.997 0.014
2927.55120 17.096 0.015
2928.51326 17.077 0.015
2928.56735 16.954 0.018
2929.50780 16.955 0.018
2929.58235 16.974 0.015
2930.50627 16.920 0.012
2931.51002 17.039 0.013
2932.52703 17.037 0.014
2933.51343 16.928 0.013
2934.51640 16.938 0.016
2935.52640 17.109 0.019
2937.52331 16.930 0.014
2939.52110 17.128 0.018
2941.53652 16.907 0.019
2944.53616 16.972 0.019
2945.51713 16.956 0.020
2946.51013 16.971 0.018
2947.50079 17.107 0.022
2950.51729 17.003 0.018
2952.50849 16.994 0.018
2953.52003 16.896 0.018
3041.88395 17.071 0.020
3053.82607 17.055 0.015
3066.80661 17.086 0.015
3068.86714 17.108 0.014
3072.78626 16.911 0.014
3076.80480 16.932 0.014
3077.83896 17.053 0.025
3081.82110 17.087 0.013
3084.79898 16.950 0.012
3086.86037 16.924 0.010
3088.84974 17.112 0.012
3090.76294 17.075 0.012
3091.91673 17.066 0.013
3097.86121 16.937 0.012
3099.83478 17.016 0.014
3101.86035 16.929 0.013
3103.82585 16.984 0.012
3104.81193 17.102 0.029
3107.81528 16.959 0.012
3108.86500 17.032 0.012
3112.91476 16.924 0.010
3114.90129 17.112 0.013
3115.91310 16.988 0.010
3116.82446 17.118 0.013
3124.84240 17.010 0.014
3126.72477 17.093 0.012
3127.92607 16.935 0.012
3128.91529 16.939 0.013
3130.79303 16.930 0.014
3131.73661 16.947 0.015
3135.74886 16.916 0.010
3138.75050 16.977 0.013
3140.72587 16.983 0.012
3141.78780 16.982 0.012
3142.86178 17.082 0.013
3144.87977 16.936 0.013
3147.70255 16.923 0.012
3147.74126 16.910 0.013
3147.78379 17.024 0.013
3147.93997 16.948 0.015
3151.85598 17.021 0.013
3152.85318 16.926 0.012
3153.85788 16.999 0.016
3156.90922 16.987 0.013
3162.62293 17.010 0.018
3163.86006 16.952 0.013
3164.84124 16.882 0.012
3165.62331 16.904 0.010
3167.70468 16.948 0.013
3168.77763 17.032 0.012
3169.88327 17.113 0.015
3170.91265 16.914 0.013
3171.75450 17.004 0.010
3173.79191 16.933 0.012
3174.80506 17.053 0.013
3175.91426 16.920 0.015
3177.86170 17.117 0.020
3178.57972 17.002 0.015
3179.81877 17.010 0.013
3180.82601 16.920 0.010
3182.88313 16.992 0.013
3183.85398 16.912 0.015
3184.80578 16.953 0.013
3185.59360 16.960 0.012
3193.65109 17.110 0.013
3194.49726 16.942 0.016
3194.83799 17.007 0.013
3195.77131 17.091 0.012
3195.84647 16.958 0.014
3196.57515 16.984 0.014
3197.82572 17.058 0.016
3201.56577 16.868 0.009
3201.58229 16.980 0.010
3202.80694 17.100 0.014
3203.81624 16.958 0.012
3204.82027 16.934 0.015
3206.69487 16.899 0.010
3210.74825 17.030 0.013
3211.78055 17.016 0.016
3217.75402 16.919 0.015
3218.76159 17.162 0.024
3224.51684 17.019 0.012
3229.70124 16.962 0.012
3231.69353 17.117 0.016
3239.49841 17.077 0.012
3240.56477 16.924 0.013
3245.67645 16.943 0.014
3247.53859 17.026 0.014
3249.65848 16.980 0.013
3251.55369 16.973 0.013
3254.63745 16.944 0.015
3257.57752 17.117 0.012
3261.51021 16.961 0.013
3265.57180 17.131 0.013
3267.62941 17.039 0.012
3273.53342 17.080 0.019
3277.49386 16.937 0.014
3280.49277 16.943 0.013
3283.50117 17.005 0.012
3289.55477 17.135 0.014
3294.54958 17.051 0.012
3296.49794 16.964 0.015
3419.86807 17.061 0.012
3424.87162 16.950 0.013
3427.89088 16.976 0.012
3430.85683 17.096 0.012
3436.90156 16.998 0.013
3443.87373 16.949 0.009
3445.90125 17.149 0.010
3448.80789 16.975 0.012
3450.82540 17.080 0.010
3453.86867 17.055 0.013
3457.91374 17.037 0.013
3458.90372 16.960 0.010
3468.90295 17.073 0.012
3469.92913 16.954 0.013
3472.89572 17.110 0.012
3474.82371 17.115 0.013
3476.92050 17.099 0.012
3479.84724 16.931 0.009
3481.82757 17.038 0.010
3484.77335 16.978 0.016
3502.93353 17.048 0.012
3508.93732 16.975 0.015
3512.94398 16.948 0.016
3520.69718 17.019 0.015
3521.94219 17.006 0.013
3522.84394 16.939 0.012
3523.87077 17.095 0.013
3526.91543 17.116 0.013
3528.86656 17.076 0.015
3538.89298 17.083 0.015
3544.86113 17.036 0.015
3547.87974 17.077 0.015
3550.86276 17.057 0.014
3551.86864 17.159 0.018
3552.86399 16.967 0.014
3553.83166 16.932 0.015
3556.76563 17.041 0.013
3558.76124 16.980 0.012
3560.68000 16.946 0.009
3561.81544 16.939 0.010
3562.69543 17.171 0.013
3563.76347 16.974 0.012
3574.79497 16.979 0.016
3575.72885 16.937 0.010
3579.71824 16.918 0.010
3581.78366 16.955 0.012
3582.71698 16.978 0.012
3583.73483 16.967 0.013
3584.73886 17.106 0.012
3585.74732 17.043 0.010
3618.68862 17.003 0.014
3631.59789 17.011 0.014
3635.58192 17.110 0.010
3652.58075 16.909 0.019
3778.87038 16.921 0.013
4153.84611 16.956 0.013
4155.88088 16.958 0.013
4158.84263 17.124 0.014
4161.81047 16.925 0.018
4162.89333 17.019 0.014
4165.87770 17.064 0.014
4167.88135 16.934 0.013
4169.88500 17.124 0.013
4174.88700 16.982 0.012
4176.86435 16.947 0.013
4178.79065 16.981 0.013
4179.81551 17.032 0.013
4180.88407 17.022 0.015
4182.79652 17.049 0.012
4183.82941 16.982 0.012
4185.80522 16.971 0.012
4190.90807 16.908 0.012
4192.90742 17.078 0.013
4193.91900 16.955 0.013
4196.89833 17.106 0.013
4202.90964 16.933 0.012
4203.89783 16.971 0.012
4204.90467 17.090 0.013
4205.89413 16.967 0.012
4207.92122 17.101 0.014
4208.92682 16.985 0.014
4213.89837 16.932 0.012
4216.85697 17.057 0.012
4217.87993 16.965 0.010
4218.92362 16.985 0.013
4220.91334 17.012 0.015
4222.87330 16.913 0.013
4228.87144 17.115 0.016
4229.83740 17.042 0.013
4230.81850 16.949 0.012
4231.86035 17.045 0.014
4232.88128 17.062 0.018
4234.81937 16.959 0.012
4234.85618 16.926 0.012
4235.83984 16.966 0.012
4237.65666 16.985 0.014
4238.84432 16.933 0.014
4240.64238 17.129 0.015
4243.89066 17.089 0.015
4244.90136 16.952 0.014
4245.94046 17.017 0.016
4246.94477 17.069 0.019
4247.60316 16.901 0.013
4250.93106 17.132 0.016
4256.82945 17.107 0.019
4257.71330 16.966 0.015
4258.81524 16.909 0.014
4268.59627 17.082 0.015
4269.73668 17.064 0.014
4272.65790 16.982 0.012
4273.70592 16.991 0.013
4274.68920 17.107 0.014
4275.74599 16.932 0.014
4277.58682 17.046 0.014
4278.72015 17.046 0.014
4283.66712 17.073 0.014
4284.64841 16.976 0.014
4285.65538 16.924 0.013
4286.74908 16.961 0.015
4289.69889 17.038 0.015
4291.59325 17.007 0.014
4292.63374 16.989 0.012
4293.66216 16.960 0.012
4294.70275 17.117 0.013
4295.66340 17.017 0.012
4296.64735 16.943 0.010
4297.57342 16.993 0.012
4298.80561 16.984 0.015
4299.77515 17.038 0.012
4300.71125 16.988 0.012
4301.57439 16.961 0.012
4302.80835 16.992 0.014
4306.56543 16.911 0.015
4311.60863 17.131 0.021
4312.67520 16.946 0.013
4317.66650 17.059 0.014
4319.67131 16.934 0.013
4326.69936 16.935 0.014
4327.71662 16.974 0.015
4328.65139 16.944 0.012
4329.64159 17.048 0.015
4330.65602 17.044 0.013
4331.65144 16.926 0.013
4332.71340 17.105 0.018
4333.65519 17.074 0.014
4334.66870 17.004 0.022
4338.68830 16.934 0.018
4339.65823 16.933 0.014
4340.72145 17.115 0.019
4341.70287 17.034 0.018
4342.69935 16.950 0.018
4343.66916 16.937 0.013
4345.66902 17.088 0.019
4346.67416 16.949 0.014
4347.68832 16.969 0.014
4349.66340 17.094 0.014
4351.65879 16.939 0.013
4354.66753 16.969 0.016
4357.60560 17.033 0.015
4359.57909 17.025 0.013
4365.62717 17.162 0.029
4370.57641 17.111 0.014
4372.61199 16.988 0.014
4377.57269 17.010 0.019
4382.60786 17.014 0.020
4388.52359 16.958 0.018
4519.86571 17.057 0.014
4520.89587 16.978 0.014
4523.87884 17.066 0.014
4525.87352 16.956 0.019
4532.89897 16.965 0.013
4535.86392 17.101 0.014
4537.81381 17.028 0.012
4539.81863 16.972 0.012
4541.85058 16.938 0.010
4543.84028 17.049 0.012
4544.83708 17.065 0.012
4545.85467 16.914 0.012
4547.82853 17.016 0.013
4550.82743 16.925 0.012
4552.81756 17.109 0.014
4556.90932 16.907 0.010
4558.90437 17.105 0.012
4559.89940 16.976 0.012
4560.89957 16.927 0.010
4561.88868 16.980 0.010
4564.89305 16.908 0.010
4565.88234 16.975 0.010
4566.88362 17.099 0.012
4567.88956 16.976 0.010
4569.90743 17.057 0.013
4570.91306 17.017 0.013
4571.87464 17.011 0.012
4572.91324 16.946 0.012
4573.88899 17.026 0.012
4574.89680 17.057 0.014
4575.90801 16.914 0.012
4583.87825 16.942 0.013
4585.86200 16.982 0.012
4586.88076 17.078 0.014
4587.89262 16.949 0.014
4588.78287 17.073 0.012
4589.75225 17.010 0.013
4590.83240 17.066 0.012
4591.74474 16.967 0.012
4592.81820 16.976 0.014
4593.80384 16.935 0.010
4594.83435 17.104 0.013
4595.82339 17.060 0.013
4596.77846 17.034 0.010
4597.84037 16.999 0.013
4598.80987 17.024 0.010
4599.78909 17.125 0.012
4600.81231 16.962 0.010
4601.80051 16.920 0.010
4602.80372 17.040 0.010
4606.86659 17.019 0.013
4611.78262 17.116 0.013
4616.77720 16.966 0.012
4618.67769 16.991 0.012
4622.75714 17.004 0.013
4623.82949 16.925 0.013
4624.76829 16.969 0.012
4625.75185 16.932 0.013
4626.81329 17.125 0.014
4627.79087 17.008 0.010
4628.71952 17.103 0.013
4629.78887 16.975 0.012
4630.72864 16.918 0.012
4631.74391 17.109 0.012
4632.77769 16.925 0.010
4633.91317 16.970 0.016
4642.55372 16.978 0.014
4643.71078 17.076 0.013
4644.80028 16.937 0.012
4645.71289 16.917 0.013
4646.68028 16.912 0.010
4647.70181 17.043 0.014
4649.68640 16.962 0.012
4650.72441 17.002 0.014
4651.72500 17.121 0.015
4652.65754 17.078 0.013
4653.68502 16.974 0.013
4654.68985 16.931 0.012
4655.69047 17.021 0.010
4656.65738 17.092 0.014
4661.64721 17.030 0.014
4666.51776 16.981 0.014
4670.74934 17.113 0.016
4671.70284 17.106 0.013
4672.66264 17.081 0.013
4674.69060 16.980 0.012
4677.73472 16.977 0.013
4681.71862 16.948 0.015
4682.71628 17.103 0.012
4683.67231 17.109 0.014
4684.69108 16.974 0.012
4685.71688 16.995 0.013
4685.76904 17.120 0.015
4687.70512 17.036 0.015
4688.65101 17.068 0.013
4694.73898 17.094 0.020
4697.65990 16.927 0.014
4698.67804 17.043 0.015
4700.67325 16.931 0.013
4701.65656 16.910 0.013
4702.67103 17.052 0.014
4708.69265 16.896 0.013
4715.65372 17.038 0.015
4720.66420 16.961 0.025
4721.66721 16.970 0.018
4722.65741 17.061 0.018
4725.63032 16.897 0.014
4733.61961 16.902 0.013
4739.51231 16.905 0.013
4750.56165 16.955 0.018
4757.56855 16.945 0.013
4763.54483 17.029 0.015
4772.51905 17.149 0.021
4877.88495 17.098 0.013
4883.89885 16.921 0.016
4886.86554 17.036 0.013
4890.83805 17.110 0.014
4894.88906 16.968 0.014
4899.80668 17.041 0.014
4900.86780 16.977 0.012
4902.84497 17.044 0.013
4903.90768 17.000 0.013
4904.87320 17.016 0.013
4911.90842 17.007 0.010
4913.92183 16.924 0.014
4924.91632 17.046 0.013
4926.77720 17.086 0.013
4928.82259 16.974 0.012
4930.75805 17.071 0.014
4931.91562 17.143 0.015
4932.80804 16.964 0.010
4933.75564 16.960 0.014
4934.85391 16.936 0.012
4938.86242 16.921 0.014
4940.80714 16.973 0.012
4941.85916 16.992 0.013
4943.74158 17.048 0.010
4949.82093 17.080 0.012
4951.85241 17.005 0.014
4953.75038 16.969 0.012
