2137.59677 18.400 0.022
2142.57097 18.380 0.023
2338.85662 18.390 0.028
2357.88454 18.553 0.029
2377.81030 18.377 0.032
2384.89513 18.389 0.023
2389.77516 18.474 0.032
2391.72004 18.412 0.041
2400.85844 18.441 0.024
2404.73599 18.303 0.020
2415.92402 18.316 0.032
2431.78940 18.354 0.024
2437.91247 18.280 0.041
2439.91136 18.339 0.036
2441.85587 18.509 0.036
2445.76365 18.416 0.022
2448.82129 18.330 0.059
2473.65440 18.340 0.023
2538.62964 18.446 0.037
2543.52566 18.407 0.024
2544.50783 18.357 0.028
2561.58784 18.361 0.047
2564.58159 18.405 0.046
2565.56677 18.370 0.035
2730.84984 18.412 0.023
2747.81792 18.509 0.038
2754.82742 18.350 0.022
2761.84751 18.387 0.026
2816.75232 18.349 0.025
2866.58131 18.375 0.034
2872.53816 18.344 0.021
2895.54087 18.396 0.030
