2127.52182 17.572 0.034
2130.55443 17.765 0.030
2133.56410 17.605 0.024
2136.68533 17.397 0.022
2141.67533 17.426 0.033
2165.60452 17.466 0.028
2166.50345 17.938 0.039
2172.56565 17.520 0.032
2189.55020 17.933 0.046
2214.53339 18.004 0.063
2337.86234 17.522 0.021
2352.88458 18.012 0.044
2361.87832 17.489 0.023
2373.82921 17.534 0.027
2464.79999 18.098 0.038
2816.69606 17.503 0.023
2852.65132 17.498 0.034
2859.66533 17.689 0.041
3059.88273 17.405 0.020
3064.89401 17.482 0.023
3068.84704 17.737 0.027
3071.89957 17.728 0.027
3073.90873 17.457 0.025
3077.80037 17.388 0.044
3080.84805 17.430 0.022
3083.79500 17.594 0.021
3085.90613 17.884 0.026
3087.84074 17.936 0.029
3089.85753 17.395 0.018
3091.86242 18.054 0.034
3097.84116 17.976 0.031
3099.86715 17.427 0.024
3101.84023 17.590 0.031
3102.86879 17.613 0.026
3104.78440 17.979 0.071
3107.79145 17.413 0.020
3108.82111 18.000 0.029
3110.91092 17.616 0.023
3112.86799 17.542 0.023
3114.86289 17.448 0.021
3116.85055 17.934 0.035
3122.86636 17.510 0.028
3125.92712 17.457 0.027
3126.81995 17.475 0.019
3127.90602 17.428 0.022
3128.89537 17.541 0.027
3130.77287 17.769 0.030
3131.63822 17.624 0.050
3134.90835 17.897 0.076
3135.79321 17.491 0.020
3137.84562 17.654 0.030
3138.73034 17.428 0.021
3140.70207 17.421 0.019
3140.93590 17.420 0.025
3141.76716 17.504 0.020
3142.84147 17.787 0.028
3144.85940 17.471 0.022
3146.92915 17.472 0.023
3151.83470 17.979 0.037
3152.83310 17.926 0.034
3153.83164 17.483 0.027
3154.92653 17.507 0.029
3157.93734 18.051 0.056
3158.72241 17.390 0.024
3162.86946 17.408 0.022
3163.83177 17.462 0.021
3164.81749 17.438 0.022
3165.67370 17.424 0.017
3167.68030 17.903 0.035
3168.83060 17.478 0.021
3169.86063 17.523 0.024
3170.88606 17.702 0.024
3171.73343 17.737 0.023
3173.81779 17.556 0.024
3174.78504 17.701 0.025
3175.86597 17.949 0.034
3177.84162 17.518 0.034
3179.58450 17.458 0.021
3179.88632 18.175 0.049
3180.80288 17.422 0.018
3180.85898 18.152 0.034
3180.88101 17.662 0.023
3180.89619 17.509 0.026
3182.50331 17.406 0.035
3182.59802 17.527 0.029
3182.67912 17.868 0.031
3182.78838 17.703 0.026
3182.86314 17.438 0.021
3183.57103 17.587 0.021
3183.72349 17.447 0.025
3183.81892 17.524 0.034
3184.49165 17.652 0.032
3184.62951 17.878 0.025
3184.77758 17.795 0.028
3185.63240 17.638 0.022
3191.79440 17.536 0.025
3193.62767 17.520 0.022
3194.52737 17.807 0.037
3194.81811 17.405 0.021
3195.75129 17.726 0.023
3196.60414 17.723 0.038
3196.84693 17.689 0.029
3197.79266 17.773 0.030
3199.79290 17.460 0.032
3201.83993 17.924 0.046
3202.78375 17.736 0.027
3203.61283 17.462 0.017
3204.76092 18.015 0.032
3205.69122 17.519 0.020
3210.58845 17.791 0.026
3211.75469 17.398 0.024
3217.73062 17.447 0.027
3218.74159 17.476 0.032
3226.72528 17.609 0.032
3228.69611 17.411 0.024
3229.72686 17.737 0.030
3230.74273 17.593 0.029
3231.67002 17.619 0.029
3238.69456 17.368 0.029
3240.54449 17.457 0.024
3245.65639 17.316 0.024
3247.51848 17.640 0.023
3249.63773 17.634 0.028
3251.53321 17.537 0.030
3254.61474 17.973 0.040
3257.55265 17.773 0.024
3260.61225 17.600 0.035
3265.55109 17.508 0.025
3267.60931 17.420 0.022
3273.50830 18.082 0.058
3277.52772 17.978 0.039
3280.52958 17.443 0.027
3282.59931 17.451 0.018
3289.53343 17.446 0.024
3294.52868 17.425 0.020
3296.52783 17.712 0.030
3302.52498 17.796 0.041
3418.86777 17.455 0.020
3424.85146 17.418 0.028
3427.85336 17.852 0.035
3430.83493 17.432 0.021
3436.88159 17.737 0.032
3443.85270 17.426 0.017
3445.88115 18.148 0.027
3448.78776 17.761 0.032
3450.80511 17.465 0.017
3453.84854 17.415 0.021
3455.91831 17.471 0.023
3458.88378 17.454 0.020
3459.89900 18.046 0.031
3468.88247 17.520 0.019
3469.88515 17.878 0.022
3472.87002 17.418 0.017
3474.80369 17.520 0.022
3476.78031 17.441 0.017
3478.87566 17.460 0.019
3480.89151 17.600 0.023
3483.82614 17.515 0.021
3496.93322 17.584 0.029
3497.90647 17.599 0.025
3500.91549 17.442 0.020
3502.89973 17.578 0.022
3503.88058 17.660 0.019
3506.94002 17.723 0.031
3508.91733 17.822 0.036
3509.90012 17.672 0.021
3511.92367 17.562 0.021
3512.91683 17.950 0.037
3520.67585 17.444 0.021
3521.80657 17.688 0.024
3522.87424 17.445 0.021
3524.86545 18.059 0.036
3527.64873 17.527 0.019
3527.73418 17.396 0.015
3528.89310 17.985 0.037
3530.87138 17.611 0.018
3530.90277 17.393 0.016
3538.86092 17.570 0.022
3541.89505 17.475 0.026
3544.89247 17.555 0.031
3547.85984 17.418 0.022
3550.83667 18.004 0.032
3551.84870 17.540 0.021
3552.84403 17.377 0.021
3554.84705 17.831 0.031
3558.63203 17.941 0.028
3559.64047 17.618 0.019
3560.71679 18.098 0.033
3561.63836 17.442 0.019
3562.67165 18.148 0.033
3563.73612 17.616 0.024
3569.66407 17.492 0.046
3573.79447 17.498 0.026
3574.76667 17.457 0.027
3575.70861 17.962 0.027
3576.77526 17.562 0.027
3579.69826 17.527 0.021
3580.75993 17.407 0.030
3581.74778 17.422 0.022
3582.69669 17.500 0.020
3583.71489 17.469 0.022
3584.71888 17.827 0.025
3585.71741 17.805 0.024
3586.77145 17.552 0.019
3590.75717 17.443 0.022
3591.74225 17.414 0.018
3592.71651 17.412 0.017
3602.73370 17.553 0.039
3603.72869 17.738 0.031
3608.70528 17.473 0.020
3615.66297 17.601 0.025
3617.62458 17.647 0.029
3619.62173 17.604 0.024
3621.66338 18.196 0.044
3629.54765 17.469 0.020
3631.57650 17.509 0.025
3634.53225 17.413 0.019
3640.53543 17.633 0.031
3644.61073 17.637 0.027
3649.58665 18.106 0.038
3652.56061 17.366 0.028
3656.55338 17.673 0.034
3660.55757 18.067 0.049
3665.54385 18.063 0.041
3671.49676 17.498 0.034
3778.85032 17.366 0.025
3783.88926 17.550 0.020
3786.87495 17.519 0.034
3792.89437 17.442 0.020
3794.89347 18.040 0.031
3796.88530 17.410 0.020
3797.88493 17.402 0.016
3800.86598 18.212 0.044
3802.81287 18.113 0.035
3803.84552 17.426 0.019
3804.89270 18.009 0.036
3806.90517 17.413 0.018
3808.89013 17.735 0.024
3810.80619 17.375 0.021
3812.79231 17.628 0.029
3814.78326 17.712 0.026
3818.84811 17.410 0.018
3819.90755 17.653 0.018
3820.89981 17.504 0.018
3821.91117 17.480 0.017
3823.90806 17.990 0.027
3824.91808 17.491 0.030
3825.91011 17.390 0.020
3826.90922 17.484 0.021
3827.90931 17.784 0.028
3829.91741 17.517 0.018
3830.88663 17.539 0.018
3832.91154 17.744 0.028
3833.90804 17.942 0.028
3834.82511 17.404 0.017
3835.88440 17.510 0.017
3836.88699 17.394 0.017
3837.86577 17.380 0.017
3838.86992 17.593 0.023
3839.88894 17.956 0.038
3840.87294 17.691 0.023
3841.85633 17.540 0.020
3842.77018 17.548 0.025
3845.86269 17.790 0.061
3846.86459 17.465 0.017
3847.91074 17.919 0.034
3848.88045 17.842 0.033
3849.90939 17.483 0.021
3850.82945 17.789 0.027
3851.83578 17.856 0.034
3852.82788 17.543 0.023
3853.81716 17.475 0.016
3856.80578 17.829 0.028
3860.86121 17.751 0.032
3861.87649 17.495 0.019
3862.82008 17.622 0.023
3863.79787 17.609 0.020
3864.82178 17.462 0.016
3865.78417 17.422 0.020
3866.74984 17.427 0.018
3867.76071 17.584 0.023
3868.75197 17.746 0.030
3869.73452 17.963 0.035
3873.73716 17.587 0.020
3874.78400 17.478 0.023
3875.76728 17.438 0.017
3877.72559 17.418 0.018
3880.79298 17.458 0.018
3881.80089 18.075 0.029
3882.73586 17.442 0.020
3883.78784 17.593 0.023
3886.75118 17.439 0.018
3887.73100 17.428 0.019
3889.89272 17.541 0.020
3891.62434 17.438 0.028
3892.76004 17.675 0.025
3893.79382 17.499 0.026
3894.82780 17.547 0.028
3896.78128 17.595 0.033
3900.67503 17.603 0.029
3901.68052 17.954 0.028
3902.69809 17.472 0.019
3903.84613 17.570 0.021
3904.67786 17.406 0.014
3905.68865 17.900 0.025
3906.66641 17.973 0.034
3907.73244 17.523 0.029
3908.67241 17.505 0.017
3909.67045 17.444 0.015
3912.67453 17.609 0.016
3913.67477 17.427 0.017
3914.73421 18.063 0.028
3915.67164 17.591 0.018
3916.75335 17.509 0.026
3917.77057 18.036 0.040
3918.77084 17.621 0.025
3919.70105 17.671 0.021
3920.65468 17.501 0.023
3921.66318 17.910 0.040
3930.52131 17.429 0.022
3930.72483 17.487 0.024
3931.64099 17.553 0.022
3932.60484 17.486 0.017
3933.65231 17.531 0.017
3934.61876 17.608 0.021
3934.82768 17.910 0.031
3935.59977 17.516 0.020
3936.58482 17.488 0.023
3937.66362 17.701 0.023
3938.62981 17.969 0.032
3940.77386 17.467 0.019
3944.72213 18.045 0.026
3945.66621 17.676 0.022
3946.65699 18.121 0.034
3950.67233 17.795 0.023
3951.69471 17.576 0.024
3959.64400 17.460 0.021
3960.63510 17.479 0.018
3963.64047 17.511 0.020
3964.67666 17.545 0.020
3965.65142 17.542 0.018
3966.64587 18.065 0.028
3967.66934 17.507 0.018
3968.62889 17.615 0.023
3969.63931 17.433 0.020
3970.64609 17.471 0.020
3971.67739 17.591 0.020
3974.64321 17.394 0.020
3975.63575 17.477 0.020
3976.62969 17.673 0.024
3979.66664 17.599 0.038
3986.67824 17.496 0.032
3987.62702 18.181 0.037
3988.66084 17.387 0.021
3989.57726 18.095 0.041
3991.57871 17.441 0.022
3995.52653 17.635 0.024
4001.59684 17.420 0.018
4002.63245 17.781 0.027
4003.58689 17.949 0.029
4011.57021 17.453 0.023
4016.54005 17.603 0.034
4017.57291 17.503 0.023
4019.58104 17.752 0.037
4023.56382 17.776 0.036
4025.51537 17.680 0.028
4027.52311 17.458 0.024
4030.51518 17.814 0.040
4152.88992 17.501 0.037
4155.86980 17.763 0.031
4158.83154 17.429 0.025
4160.89856 17.389 0.031
4162.88231 17.453 0.025
4165.86663 17.679 0.031
4167.85959 17.443 0.025
4169.86200 17.954 0.032
4174.87598 18.000 0.033
4176.85329 17.555 0.024
4177.91022 17.974 0.041
4179.80447 17.411 0.021
4180.87303 17.514 0.030
4182.78140 17.892 0.030
4183.81835 17.390 0.021
4185.79415 17.463 0.022
4190.89215 17.405 0.022
4192.89635 17.959 0.032
4193.90738 17.632 0.025
4196.88698 17.463 0.022
4202.89862 18.126 0.036
4203.88678 18.086 0.030
4204.89358 17.525 0.020
4205.88243 17.423 0.021
4207.90632 18.004 0.033
4208.91580 17.484 0.022
4213.88730 18.054 0.037
4216.84595 17.485 0.022
4217.86884 17.533 0.019
4218.91254 17.459 0.023
4220.89947 17.403 0.030
4222.85946 17.514 0.026
4228.86038 17.883 0.041
4229.82629 17.690 0.025
4230.80696 17.814 0.025
4231.84926 17.427 0.022
4232.87020 17.653 0.038
4234.80764 17.519 0.022
4234.84510 18.221 0.041
4235.82872 18.031 0.031
4237.64561 18.066 0.044
4238.83326 17.520 0.034
4240.62703 17.418 0.031
4243.87962 17.865 0.041
4244.89029 17.477 0.029
4245.92940 17.974 0.035
4246.93370 17.686 0.039
4247.59078 17.458 0.019
4256.81834 17.550 0.037
4257.70224 17.426 0.025
4258.80476 17.457 0.028
4268.58579 17.612 0.028
4269.72620 17.739 0.025
4272.64743 17.942 0.032
4273.69485 17.508 0.025
4274.67869 17.602 0.026
4275.73547 17.434 0.025
4277.57635 17.431 0.027
4278.70971 17.742 0.038
4283.65653 17.453 0.023
4284.63794 17.447 0.024
4285.64491 17.531 0.031
4286.73863 17.519 0.028
4289.68844 17.911 0.040
4291.57820 17.418 0.028
4292.62331 18.139 0.033
4293.65171 17.455 0.019
4294.69227 17.996 0.033
4295.65292 17.629 0.022
4296.63575 17.839 0.026
4297.56297 17.420 0.019
4299.76468 17.443 0.020
4300.70081 17.556 0.024
4301.56393 17.458 0.020
4302.79789 17.418 0.026
4306.55494 17.528 0.031
4311.59744 17.444 0.033
4312.66472 17.494 0.021
4317.65179 17.507 0.026
4319.66074 17.553 0.029
4326.66991 17.492 0.024
4327.70554 17.551 0.030
4328.64031 17.404 0.022
4329.63111 17.400 0.026
4330.64494 17.859 0.029
4331.64036 18.041 0.037
4332.69499 17.472 0.026
4333.64414 17.419 0.030
4334.65762 17.644 0.057
4338.67722 17.597 0.037
4339.64716 17.544 0.032
4340.71036 17.461 0.031
4341.69183 17.474 0.035
4342.68828 17.481 0.029
4343.65807 17.476 0.028
4345.65794 18.024 0.052
4346.66311 17.507 0.032
4347.67724 17.436 0.025
4349.65228 17.631 0.028
4350.67685 17.677 0.029
4351.64773 17.711 0.032
4354.65648 17.753 0.036
4357.59450 17.999 0.045
4359.56800 17.735 0.030
4365.61294 17.489 0.033
4368.61248 17.474 0.037
4370.56810 17.446 0.022
4372.60092 18.101 0.044
4377.56164 17.552 0.032
4381.60405 17.952 0.061
4517.89550 17.967 0.048
4520.88763 17.429 0.026
4523.86779 17.927 0.037
4525.86249 17.498 0.034
4532.89069 17.908 0.034
4535.85285 17.566 0.029
4537.80281 17.530 0.022
4539.80762 17.472 0.021
4541.83948 17.485 0.022
4543.82921 17.457 0.020
4544.82605 17.679 0.026
4545.84363 17.646 0.023
4547.81744 17.423 0.020
4547.83714 17.413 0.020
4547.90204 18.040 0.035
4548.79001 17.495 0.032
4548.88075 17.963 0.051
4550.75693 17.324 0.028
4550.81641 18.130 0.047
4551.72938 17.384 0.025
4552.80650 17.509 0.027
4556.89825 17.811 0.023
4557.92424 17.542 0.026
4558.89331 17.591 0.020
4559.88835 17.474 0.021
4560.88852 17.468 0.019
4561.87757 17.501 0.017
4564.88173 17.461 0.018
4565.87132 17.320 0.014
4566.87257 17.487 0.018
4567.87812 18.117 0.030
4568.91031 17.443 0.019
4569.89638 17.465 0.021
4570.90200 17.568 0.025
4571.86358 17.462 0.019
4572.90217 17.710 0.027
4573.87721 17.704 0.020
4574.88571 17.424 0.022
4575.89699 17.495 0.020
4583.86722 17.834 0.029
4585.85094 17.442 0.020
4586.86973 17.568 0.024
4587.88161 18.153 0.052
4588.77185 17.449 0.019
4589.74117 17.490 0.023
4590.82083 17.765 0.026
4591.73365 17.479 0.020
4592.80719 17.456 0.023
4593.79267 17.458 0.020
4594.82099 18.012 0.032
4594.93730 17.922 0.042
4595.81181 17.903 0.029
4596.76744 17.893 0.025
4596.89127 18.075 0.036
4596.92675 17.602 0.024
4597.75045 18.042 0.033
4597.82933 17.471 0.021
4598.64715 17.507 0.019
4598.79883 17.437 0.016
4599.77802 17.412 0.018
4600.80043 18.129 0.027
4601.78901 17.883 0.025
4602.79266 17.450 0.017
4606.85449 17.464 0.023
4611.77005 18.096 0.047
4616.76221 17.996 0.028
4618.66662 17.425 0.021
4622.74537 18.063 0.037
4623.81842 17.617 0.027
4624.75720 17.439 0.023
4625.56975 17.614 0.035
4625.74018 17.435 0.025
4626.80221 17.509 0.023
4627.71944 17.646 0.019
4628.70829 17.966 0.028
4629.77781 17.521 0.021
4630.71698 17.411 0.018
4631.73283 17.532 0.018
4632.76666 17.607 0.022
4633.90209 17.389 0.031
4639.85479 17.476 0.040
4641.89691 17.765 0.043
4642.54266 17.463 0.025
4643.69970 17.954 0.032
4644.78923 17.712 0.026
4645.70183 17.487 0.024
4646.66875 17.536 0.020
4647.69073 17.496 0.022
4649.67521 17.983 0.031
4650.71337 17.438 0.022
4651.71391 17.433 0.022
4652.64649 17.475 0.021
4653.66030 17.438 0.019
4654.67873 18.113 0.036
4655.67939 17.641 0.021
4656.64578 17.892 0.031
4658.80309 17.656 0.039
4661.63547 17.992 0.030
4666.50668 18.056 0.044
4671.69175 17.417 0.021
4672.65157 17.436 0.024
4674.67948 18.131 0.041
4677.72365 18.030 0.041
4681.70759 17.520 0.025
4682.70520 17.845 0.028
4683.66125 17.510 0.025
4684.68001 18.081 0.038
4684.77316 17.704 0.037
4685.70581 17.457 0.023
4687.69405 17.613 0.030
4688.63997 17.447 0.020
4694.72405 17.465 0.035
4697.64881 17.427 0.027
4698.66695 17.665 0.032
4700.66217 17.645 0.028
4701.64549 17.562 0.027
4702.65994 17.419 0.024
4708.68156 18.013 0.039
4715.64264 18.047 0.048
4720.64829 17.917 0.061
4721.65607 17.402 0.033
4722.64632 17.371 0.027
4725.61922 17.933 0.047
4726.64744 17.562 0.033
4733.60851 17.371 0.026
4739.50125 17.599 0.026
4750.55059 17.483 0.035
4757.55744 17.976 0.037
4763.53378 18.013 0.043
4877.87391 17.721 0.025
4883.88779 17.687 0.036
4886.85451 17.376 0.023
4890.82704 17.740 0.027
4894.87801 17.487 0.030
4898.89003 17.484 0.021
4900.85678 17.467 0.022
4901.90841 18.145 0.033
4902.83400 17.467 0.020
4903.89667 17.464 0.020
4904.86216 17.544 0.022
4911.89737 18.168 0.027
4913.91081 17.411 0.019
4924.90541 17.468 0.018
4928.81216 17.562 0.027
4930.74763 17.467 0.024
4931.88974 18.126 0.036
4932.79759 17.440 0.019
4933.74520 17.617 0.030
4934.84345 17.601 0.024
4938.85195 17.905 0.030
4940.79668 17.989 0.032
4941.84849 17.488 0.023
4942.87453 18.052 0.032
4943.73110 17.812 0.024
4944.79600 17.768 0.023
4949.81047 18.003 0.029
4950.71168 17.520 0.021
4951.79441 17.549 0.021
4951.83544 17.434 0.022
4953.73998 17.636 0.023
