2125.53977 17.528 0.037
2129.62312 17.467 0.020
2132.56739 17.480 0.024
2135.70504 17.536 0.021
2140.66302 17.518 0.026
2144.54739 17.477 0.025
2160.53646 17.526 0.030
2168.60389 17.473 0.027
2187.51327 17.494 0.029
2206.50895 17.494 0.039
2331.84956 17.501 0.025
2346.89588 17.524 0.021
2358.81957 17.498 0.024
2365.91969 17.540 0.029
2372.78175 17.475 0.021
2382.90586 17.481 0.024
2386.84916 17.507 0.027
2390.79230 17.516 0.026
2397.75433 17.519 0.021
2401.77911 17.444 0.021
2403.83515 17.456 0.019
2405.80360 17.464 0.021
2414.78053 17.476 0.021
2416.75488 17.487 0.024
2424.84660 17.462 0.031
2428.74891 17.496 0.021
2432.79208 17.555 0.035
2434.65988 17.559 0.023
2436.70550 17.474 0.020
2438.68382 17.475 0.021
2440.78805 17.505 0.023
2443.69061 17.458 0.021
2445.57171 17.459 0.025
2448.54505 17.593 0.050
2453.80721 17.487 0.025
2459.49855 17.556 0.029
2463.47967 17.476 0.030
2464.70977 17.482 0.019
2467.61274 17.541 0.028
2469.62714 17.541 0.018
2471.63895 17.494 0.019
2473.60003 17.457 0.023
2483.66888 17.443 0.026
2486.65225 17.562 0.031
2490.61884 17.558 0.030
2493.57862 17.511 0.023
2495.65268 17.530 0.020
2497.70856 17.451 0.023
2499.75545 17.504 0.025
2502.49907 17.468 0.023
2508.59395 17.458 0.023
2512.55029 17.500 0.026
2517.65101 17.467 0.023
2520.50975 17.513 0.026
2526.60325 17.492 0.020
2537.58592 17.514 0.035
2541.58404 17.431 0.025
2547.52212 17.511 0.031
2556.51306 17.506 0.028
2563.54655 17.553 0.026
2574.52585 17.491 0.032
2705.88942 17.505 0.023
2706.85529 17.478 0.025
2714.83961 17.484 0.023
2728.86949 17.565 0.029
2733.85237 17.499 0.026
2752.89856 17.487 0.025
2756.86960 17.555 0.024
2760.83785 17.487 0.026
2766.86979 17.485 0.023
2770.75743 17.466 0.024
2783.75821 17.472 0.019
2785.86981 17.425 0.021
2786.87187 17.520 0.036
2789.67788 17.438 0.020
2791.64049 17.456 0.023
2794.79412 17.501 0.023
2796.74488 17.480 0.019
2808.88531 17.543 0.044
2809.88968 17.469 0.027
2810.81672 17.545 0.027
2811.85392 17.457 0.023
2815.77233 17.493 0.021
2817.72522 17.495 0.023
2818.78818 17.488 0.029
2820.66047 17.460 0.023
2826.67354 17.498 0.016
2834.71134 17.488 0.038
2835.82877 17.441 0.028
2837.56669 17.517 0.031
2839.60355 17.494 0.023
2841.62090 17.480 0.024
2843.55354 17.493 0.024
2845.58896 17.487 0.026
2849.74146 17.508 0.026
2849.76907 17.486 0.028
2851.75184 17.472 0.027
2853.75469 17.412 0.030
2856.64343 17.562 0.026
2858.61879 17.529 0.031
2859.61280 17.488 0.034
2860.74087 17.475 0.039
2863.57705 17.496 0.026
2866.66907 17.525 0.029
2869.66012 17.469 0.023
2872.65465 17.479 0.019
2877.62387 17.523 0.026
2883.59948 17.456 0.019
2890.65596 17.550 0.042
2892.58940 17.482 0.032
2896.61105 17.501 0.025
2902.57811 17.475 0.034
2907.55249 17.488 0.031
2917.54014 17.561 0.031
2922.51675 17.500 0.031
2923.52895 17.492 0.025
2924.52627 17.530 0.023
2925.51447 17.459 0.024
2926.54505 17.572 0.028
2927.51523 17.429 0.026
2928.52990 17.498 0.028
2929.52747 17.586 0.045
2934.52948 17.490 0.033
2941.52545 17.463 0.034
2943.49773 17.503 0.040
2945.52439 17.554 0.043
2946.49849 17.439 0.038
2947.53105 17.541 0.044
2949.50880 17.570 0.047
2950.50297 17.537 0.040
3051.84676 17.549 0.035
3058.84188 17.508 0.021
3063.83656 17.437 0.021
3067.84045 17.516 0.023
3070.79985 17.480 0.036
3072.87869 17.529 0.020
3075.77561 17.476 0.027
3079.83205 17.544 0.026
3082.79211 17.453 0.021
3084.84890 17.496 0.020
3086.77996 17.470 0.018
3087.89329 17.489 0.023
3089.80158 17.473 0.019
3091.76369 17.473 0.020
3096.79345 17.480 0.024
3098.80497 17.479 0.019
3100.86032 17.524 0.019
3102.81629 17.502 0.024
3103.89160 17.526 0.023
3106.76913 17.456 0.025
3107.91597 17.434 0.020
3109.73758 17.520 0.020
3110.77886 17.449 0.020
3112.74776 17.471 0.019
3113.81697 17.472 0.017
3115.81558 17.425 0.018
3118.87264 17.435 0.023
3122.82321 17.466 0.024
3125.80366 17.490 0.030
3126.83454 17.531 0.020
3127.74517 17.506 0.023
3128.76756 17.547 0.021
3129.74237 17.437 0.027
3130.92043 17.413 0.025
3131.77631 17.436 0.027
3134.71262 17.484 0.036
3135.80810 17.488 0.021
3137.86019 17.473 0.025
3138.81777 17.528 0.020
3139.81260 17.432 0.017
3140.81915 17.562 0.021
3142.71405 17.520 0.019
3144.73644 17.498 0.019
3146.70618 17.486 0.024
3151.69592 17.563 0.025
3152.70055 17.482 0.020
3152.91332 17.526 0.029
3153.70455 17.494 0.028
3154.75970 17.529 0.028
3156.74613 17.518 0.020
3158.80613 17.471 0.028
3162.75354 17.468 0.020
3162.93983 17.567 0.037
3163.93905 17.455 0.031
3164.67924 17.447 0.019
3165.80104 17.434 0.016
3166.83066 17.615 0.036
3168.71215 17.539 0.021
3168.92840 17.435 0.024
3169.66860 17.425 0.019
3170.74148 17.518 0.019
3171.69291 17.479 0.018
3172.67974 17.488 0.017
3174.65655 17.500 0.018
3175.65842 17.460 0.018
3176.70537 17.469 0.025
3178.72099 17.543 0.026
3179.59891 17.539 0.019
3179.85467 17.438 0.024
3180.64961 17.469 0.016
3182.71977 17.508 0.019
3183.66446 17.482 0.024
3184.64410 17.547 0.018
3185.80208 17.554 0.026
3193.81684 17.478 0.023
3194.63565 17.488 0.025
3195.61400 17.485 0.020
3196.68951 17.569 0.029
3196.77841 17.504 0.020
3196.79609 17.496 0.021
3196.85559 17.440 0.024
3197.48697 17.533 0.027
3197.58961 17.491 0.021
3197.65705 17.492 0.021
3197.73699 17.501 0.019
3197.80152 17.562 0.029
3198.66720 17.558 0.020
3199.57517 17.485 0.025
3199.72355 17.527 0.021
3201.49404 17.466 0.021
3202.58682 17.481 0.021
3203.71053 17.535 0.020
3204.70615 17.484 0.018
3205.63115 17.554 0.018
3206.61273 17.470 0.017
3210.60288 17.483 0.025
3211.67490 17.462 0.023
3212.64359 17.514 0.029
3217.59893 17.488 0.021
3218.59821 17.437 0.024
3219.65739 17.501 0.031
3223.59544 17.550 0.032
3224.64517 17.572 0.020
3226.55799 17.542 0.019
3228.51659 17.547 0.020
3229.57473 17.502 0.018
3230.61344 17.480 0.018
3231.51445 17.421 0.023
3232.48826 17.516 0.031
3239.52308 17.453 0.020
3240.60050 17.511 0.027
3241.60475 17.549 0.057
3244.70129 17.464 0.038
3245.48926 17.459 0.025
3246.59720 17.500 0.026
3247.66786 17.500 0.024
3248.66104 17.507 0.026
3250.60046 17.547 0.024
3253.59331 17.469 0.020
3256.57586 17.567 0.027
3259.56847 17.567 0.027
3264.51198 17.433 0.023
3266.59401 17.574 0.033
3272.54325 17.471 0.024
3274.57281 17.477 0.027
3278.54690 17.515 0.024
3281.48854 17.465 0.030
3287.55575 17.536 0.024
3292.54453 17.552 0.023
3415.87928 17.469 0.017
3420.87953 17.451 0.019
3425.85472 17.465 0.027
3428.86049 17.519 0.020
3430.89733 17.459 0.018
3442.83397 17.558 0.023
3444.88782 17.472 0.018
3446.91640 17.490 0.033
3449.81356 17.540 0.020
3452.83452 17.535 0.023
3454.88812 17.459 0.021
3457.82642 17.510 0.024
3459.77161 17.477 0.023
3468.82350 17.569 0.019
3469.83051 17.459 0.017
3471.91078 17.533 0.026
3473.82596 17.514 0.024
3476.71859 17.477 0.017
3478.78423 17.451 0.018
3479.92150 17.494 0.016
3481.76286 17.490 0.018
3483.89647 17.476 0.019
3484.72142 17.507 0.026
3496.79786 17.525 0.023
3497.73557 17.457 0.021
3499.92552 17.552 0.018
3500.79461 17.475 0.018
3501.78838 17.513 0.019
3502.76128 17.480 0.017
3503.73032 17.481 0.017
3504.81998 17.475 0.018
3506.88496 17.475 0.019
3508.83560 17.546 0.023
3509.78531 17.492 0.020
3511.74290 17.459 0.020
3512.78656 17.497 0.026
3517.86001 17.489 0.024
3520.81425 17.592 0.025
3521.62394 17.507 0.018
3522.67828 17.487 0.018
3523.72036 17.472 0.016
3524.70916 17.549 0.024
3525.69105 17.484 0.017
3526.77350 17.456 0.018
3527.77840 17.487 0.018
3528.72119 17.449 0.017
3528.78286 17.503 0.023
3529.61114 17.433 0.017
3529.64325 17.480 0.017
3529.78366 17.512 0.018
3529.85427 17.491 0.018
3529.91247 17.429 0.020
3530.55735 17.493 0.021
3530.63306 17.490 0.016
3530.68629 17.473 0.015
3530.81641 17.485 0.017
3530.88468 17.532 0.018
3536.87733 17.671 0.027
3536.89306 17.474 0.026
3537.68183 17.441 0.020
3538.66494 17.480 0.021
3541.81548 17.530 0.020
3547.70700 17.494 0.025
3550.58104 17.458 0.023
3551.77046 17.452 0.017
3552.60759 17.530 0.018
3553.74012 17.508 0.027
3554.77708 17.481 0.027
3555.75125 17.540 0.019
3556.81699 17.462 0.027
3558.47991 17.514 0.025
3558.77917 17.481 0.021
3559.54762 17.518 0.031
3560.51063 17.497 0.020
3561.48803 17.559 0.026
3562.53457 17.487 0.019
3563.58956 17.491 0.019
3564.61768 17.486 0.023
3569.50574 17.505 0.036
3573.58294 17.546 0.028
3574.63942 17.494 0.024
3575.62445 17.492 0.018
3576.60471 17.415 0.020
3577.66683 17.479 0.018
3578.61387 17.490 0.018
3579.57110 17.480 0.017
3580.59256 17.517 0.020
3581.62088 17.472 0.019
3582.56914 17.584 0.023
3583.58614 17.464 0.018
3584.59513 17.519 0.017
3585.58532 17.469 0.017
3586.63118 17.477 0.018
3589.62397 17.475 0.015
3590.59268 17.479 0.017
3591.65460 17.476 0.017
3593.52756 17.459 0.017
3594.64362 17.499 0.018
3601.57606 17.570 0.021
3602.59301 17.449 0.019
3603.59009 17.533 0.021
3604.59397 17.511 0.025
3606.60967 17.563 0.028
3607.58206 17.460 0.018
3608.59093 17.530 0.023
3615.50372 17.498 0.018
3618.62842 17.532 0.021
3620.51683 17.486 0.017
3622.49584 17.506 0.023
3628.62459 17.502 0.030
3630.50997 17.474 0.029
3631.64017 17.478 0.031
3633.49529 17.452 0.026
3637.58529 17.522 0.028
3639.60258 17.528 0.020
3641.49758 17.522 0.027
3643.57408 17.523 0.036
3648.48999 17.532 0.024
3651.54597 17.588 0.038
3654.49904 17.517 0.034
3656.49583 17.462 0.027
3658.52987 17.487 0.032
3661.52777 17.613 0.038
3668.50082 17.502 0.028
3674.51462 17.562 0.031
3775.85940 17.545 0.027
3780.88419 17.505 0.024
3786.85818 17.461 0.027
3787.83305 17.475 0.028
3790.86369 17.474 0.026
3792.86033 17.456 0.016
3794.81729 17.543 0.025
3795.89659 17.450 0.019
3797.89679 17.474 0.019
3799.85167 17.463 0.025
3800.87801 17.451 0.019
3801.86017 17.513 0.020
3802.82576 17.490 0.019
3803.86100 17.542 0.019
3805.77711 17.552 0.027
3806.79720 17.441 0.020
3807.81093 17.450 0.025
3808.77063 17.485 0.027
3809.77344 17.458 0.024
3810.81804 17.563 0.024
3811.81405 17.490 0.025
3812.80575 17.518 0.027
3813.77835 17.451 0.020
3814.79862 17.489 0.023
3817.82901 17.572 0.024
3818.86080 17.460 0.017
3819.77645 17.507 0.017
3820.74670 17.464 0.020
3820.91417 17.499 0.021
3821.74716 17.496 0.020
3822.78930 17.501 0.023
3823.74815 17.506 0.021
3824.76287 17.492 0.025
3825.77647 17.455 0.027
3826.75637 17.528 0.023
3827.75764 17.484 0.027
3828.73894 17.584 0.031
3829.78779 17.477 0.020
3830.70165 17.448 0.024
3831.70556 17.495 0.019
3832.72655 17.463 0.019
3833.73203 17.515 0.018
3834.70492 17.476 0.028
3835.71074 17.542 0.026
3835.89679 17.493 0.017
3836.73914 17.452 0.023
3836.90675 17.481 0.018
3837.70566 17.468 0.030
3837.87791 17.470 0.017
3838.71312 17.608 0.035
3839.71447 17.497 0.031
3839.90098 17.513 0.027
3840.72645 17.566 0.025
3840.88524 17.439 0.019
3841.68440 17.455 0.031
3841.91577 17.497 0.021
3842.70003 17.517 0.046
3842.81651 17.495 0.019
3845.69410 17.427 0.040
3845.87675 17.553 0.044
3846.67454 17.453 0.024
3847.77131 17.524 0.029
3847.92660 17.485 0.031
3848.72625 17.498 0.021
3849.68998 17.536 0.023
3849.92486 17.485 0.020
3850.66821 17.477 0.020
3850.84119 17.510 0.023
3850.91274 17.506 0.021
3851.68192 17.501 0.024
3851.84769 17.517 0.026
3852.67319 17.522 0.026
3852.90166 17.501 0.024
3853.66146 17.508 0.026
3853.82909 17.467 0.015
3853.90054 17.514 0.017
3854.70124 17.602 0.024
3855.69542 17.455 0.018
3856.65143 17.521 0.021
3856.81783 17.482 0.019
3857.88766 17.488 0.017
3858.67400 17.438 0.020
3859.76565 17.511 0.021
3860.78672 17.463 0.026
3860.93400 17.542 0.025
3861.64032 17.503 0.026
3861.74726 17.509 0.019
3862.63747 17.470 0.024
3862.83336 17.530 0.018
3862.90941 17.468 0.020
3863.66095 17.568 0.025
3863.88121 17.456 0.016
3864.63857 17.485 0.024
3864.84146 17.511 0.017
3865.70888 17.504 0.021
3865.85143 17.512 0.019
3865.92149 17.537 0.017
3866.66054 17.502 0.023
3866.80012 17.491 0.018
3866.87006 17.456 0.019
3867.67542 17.479 0.021
3867.86102 17.524 0.020
3867.93444 17.538 0.023
3868.68335 17.547 0.027
3868.82736 17.486 0.024
3868.90719 17.443 0.025
3869.66025 17.459 0.023
3869.84262 17.527 0.024
3872.74472 17.435 0.018
3873.66643 17.480 0.020
3873.80872 17.459 0.017
3873.88059 17.463 0.021
3874.71828 17.500 0.023
3874.89227 17.513 0.020
3875.67815 17.531 0.017
3875.83386 17.458 0.017
3875.92427 17.470 0.018
3876.59879 17.468 0.019
3877.68285 17.484 0.017
3877.83163 17.486 0.019
3877.90569 17.505 0.025
3879.63883 17.460 0.018
3880.80809 17.482 0.019
3880.88716 17.507 0.019
3881.63358 17.426 0.020
3881.84915 17.508 0.016
3881.89577 17.541 0.018
3882.61855 17.552 0.020
3882.77203 17.451 0.019
3882.84592 17.457 0.018
3882.91469 17.460 0.019
3883.60197 17.458 0.028
3883.80310 17.581 0.020
3886.56511 17.543 0.025
3886.76663 17.457 0.019
3886.84192 17.488 0.019
3886.93984 17.558 0.028
3887.61917 17.492 0.021
3887.74567 17.526 0.020
3887.84977 17.466 0.018
3887.92184 17.498 0.021
3888.92668 17.529 0.025
3889.63320 17.561 0.023
3889.90810 17.466 0.020
3890.67583 17.469 0.017
3891.64258 17.452 0.020
3891.76435 17.513 0.024
3891.84656 17.459 0.019
3892.66149 17.440 0.021
3892.89243 17.462 0.021
3893.57721 17.501 0.029
3893.82076 17.527 0.027
3893.92846 17.631 0.034
3894.63693 17.526 0.025
3894.85277 17.480 0.023
3896.57346 17.532 0.032
3896.83082 17.490 0.031
3900.50128 17.521 0.031
3900.68669 17.483 0.021
3900.77101 17.496 0.021
3900.83951 17.534 0.023
3901.50363 17.460 0.028
3901.51611 17.536 0.030
3901.69226 17.529 0.020
3901.77001 17.518 0.020
3901.84311 17.483 0.025
3902.52764 17.513 0.026
3902.71415 17.495 0.018
3902.81707 17.506 0.024
3903.62499 17.508 0.018
3903.86482 17.463 0.021
3904.52695 17.495 0.025
3904.68943 17.476 0.016
3904.75890 17.569 0.020
3904.83169 17.495 0.018
3905.51702 17.540 0.025
3905.52381 17.547 0.025
3905.63069 17.494 0.018
3905.70018 17.522 0.021
3905.77045 17.474 0.016
3905.83902 17.488 0.017
3906.53168 17.540 0.027
3906.72458 17.563 0.018
3906.75330 17.522 0.018
3906.79414 17.493 0.019
3906.82055 17.489 0.021
3906.84649 17.503 0.021
3906.86471 17.538 0.026
3906.88627 17.494 0.026
3906.90356 17.495 0.024
3907.51382 17.498 0.030
3907.58872 17.514 0.021
3907.75130 17.521 0.030
3907.83573 17.516 0.025
3908.50397 17.439 0.027
3908.69001 17.514 0.018
3908.76775 17.466 0.017
3908.85045 17.469 0.019
3909.50359 17.453 0.031
3909.68202 17.480 0.016
3909.77675 17.531 0.017
3909.85639 17.559 0.023
3910.52132 17.471 0.025
3912.49855 17.497 0.020
3912.68993 17.456 0.014
3912.78128 17.425 0.015
3912.86916 17.518 0.020
3913.49140 17.454 0.018
3913.69330 17.531 0.018
3913.78877 17.504 0.018
3913.87478 17.429 0.023
3914.51740 17.557 0.027
3914.74900 17.510 0.019
3915.49314 17.454 0.025
3915.69745 17.525 0.018
3915.78935 17.449 0.018
3916.53789 17.473 0.026
3916.83375 17.533 0.023
3917.53884 17.515 0.025
3917.78884 17.483 0.025
3918.51613 17.525 0.028
3918.78573 17.568 0.026
3919.49096 17.520 0.027
3919.72342 17.469 0.016
3920.48072 17.471 0.027
3920.67731 17.514 0.023
3920.75935 17.492 0.017
3921.48072 17.527 0.025
3921.67819 17.574 0.031
3921.76646 17.539 0.028
3922.67268 17.538 0.027
3930.47819 17.529 0.026
3930.73724 17.546 0.030
3931.46572 17.490 0.029
3932.49727 17.450 0.024
3932.77258 17.536 0.023
3933.47516 17.516 0.020
3933.66664 17.497 0.015
3933.74362 17.511 0.019
3934.46103 17.532 0.038
3934.67787 17.564 0.019
3934.74686 17.528 0.020
3935.46519 17.549 0.040
3935.50412 17.508 0.025
3935.67790 17.402 0.024
3935.75087 17.518 0.023
3936.46435 17.505 0.036
3936.62965 17.526 0.018
3936.70623 17.471 0.019
3937.47060 17.512 0.029
3937.74763 17.612 0.028
3938.46898 17.495 0.031
3938.65682 17.486 0.020
3938.74584 17.491 0.021
3939.53650 17.436 0.017
3940.65474 17.499 0.017
3940.78554 17.502 0.019
3942.52237 17.496 0.024
3944.50165 17.466 0.019
3945.48517 17.483 0.021
3945.68475 17.464 0.017
3945.74059 17.456 0.021
3946.48651 17.421 0.023
3946.67285 17.547 0.019
3946.75025 17.487 0.021
3950.48459 17.465 0.021
3950.69431 17.486 0.018
3951.48441 17.460 0.023
3951.71693 17.525 0.023
3955.50501 17.524 0.035
3956.51541 17.517 0.032
3957.47758 17.447 0.019
3959.47302 17.568 0.031
3959.65544 17.505 0.021
3960.47038 17.451 0.027
3960.64940 17.492 0.016
3960.72153 17.501 0.021
3961.52685 17.533 0.025
3963.50306 17.540 0.023
3963.67465 17.432 0.018
3964.48737 17.488 0.021
3964.69603 17.480 0.020
3965.47636 17.462 0.020
3965.66892 17.498 0.018
3966.50262 17.549 0.024
3966.65934 17.460 0.020
3967.48788 17.483 0.027
3967.68169 17.551 0.021
3968.46820 17.478 0.029
3968.64004 17.459 0.019
3968.70923 17.454 0.021
3969.49671 17.469 0.024
3969.65049 17.550 0.024
3970.47735 17.559 0.024
3970.65830 17.517 0.021
3971.50014 17.507 0.028
3971.69156 17.480 0.020
3973.54120 17.578 0.026
3974.47706 17.464 0.026
3974.65616 17.566 0.023
3975.47461 17.536 0.032
3975.65124 17.478 0.021
3976.47652 17.451 0.019
3976.64375 17.550 0.027
3979.47100 17.480 0.037
3982.53567 17.479 0.026
3983.48613 17.429 0.031
3986.54928 17.427 0.025
3987.47730 17.542 0.030
3987.63816 17.503 0.023
3988.47977 17.469 0.019
3990.61132 17.532 0.027
3993.58132 17.491 0.024
3995.53799 17.501 0.019
3996.53645 17.542 0.029
3999.55873 17.468 0.020
4003.50933 17.470 0.020
4004.48458 17.516 0.020
4006.49134 17.552 0.028
4011.58807 17.489 0.032
4012.53939 17.500 0.026
4016.48686 17.497 0.025
4018.49425 17.506 0.029
4020.50145 17.550 0.029
4023.51034 17.511 0.033
4025.52980 17.512 0.023
4027.53468 17.482 0.026
4030.52648 17.462 0.028
4036.50772 17.490 0.035
4039.52133 17.554 0.031
4042.51888 17.468 0.033
4140.87575 17.512 0.035
4149.86860 17.498 0.026
4153.85494 17.475 0.024
4155.89092 17.509 0.025
4158.85289 17.436 0.021
4161.81967 17.498 0.030
4162.90220 17.538 0.026
4164.80937 17.507 0.028
4165.88974 17.453 0.033
4167.89376 17.449 0.023
4169.89733 17.550 0.024
4174.89978 17.489 0.023
4176.87327 17.533 0.023
4178.76554 17.493 0.027
4179.82441 17.442 0.021
4180.90373 17.465 0.027
4182.80556 17.497 0.020
4182.90568 17.445 0.018
4183.75055 17.473 0.024
4183.84172 17.511 0.021
4184.75338 17.520 0.028
4184.83752 17.472 0.021
4184.88216 17.463 0.018
4184.91632 17.455 0.021
4185.74994 17.505 0.025
4185.78017 17.486 0.023
4185.81402 17.515 0.021
4185.85510 17.558 0.025
4185.85811 17.518 0.023
4186.90472 17.483 0.029
4187.84643 17.506 0.030
4187.86727 17.516 0.030
4187.87111 17.510 0.029
4187.88133 17.523 0.030
4187.89452 17.477 0.026
4187.90653 17.466 0.027
4187.91987 17.506 0.030
4189.80123 17.511 0.033
4189.83970 17.445 0.025
4189.87909 17.480 0.025
4189.88515 17.455 0.027
4189.91612 17.488 0.027
4190.73787 17.442 0.026
4190.77277 17.454 0.028
4190.80234 17.535 0.032
4190.83623 17.534 0.026
4190.86797 17.546 0.024
4190.89829 17.562 0.024
4190.91708 17.529 0.025
4191.76707 17.500 0.030
4191.79918 17.484 0.028
4191.84784 17.430 0.029
4191.90249 17.465 0.028
4192.76306 17.561 0.032
4192.81814 17.553 0.029
4193.77872 17.436 0.027
4194.76249 17.550 0.028
4196.75276 17.494 0.032
4197.76371 17.477 0.035
4202.73419 17.455 0.026
4203.72234 17.541 0.023
4203.90675 17.480 0.020
4204.71062 17.479 0.028
4205.71109 17.498 0.026
4207.70056 17.480 0.027
4207.87525 17.478 0.020
4208.72270 17.554 0.024
4209.75539 17.435 0.018
4211.73533 17.517 0.031
4212.89665 17.502 0.031
4212.91382 17.562 0.031
4213.72931 17.507 0.025
4215.71928 17.542 0.025
4216.67661 17.481 0.027
4216.86565 17.543 0.019
4217.68222 17.534 0.023
4218.70643 17.490 0.027
4219.72788 17.509 0.030
4220.66484 17.512 0.034
4221.68219 17.447 0.026
4222.88513 17.459 0.023
4223.66917 17.468 0.029
4224.75992 17.459 0.028
4228.65418 17.486 0.031
4228.88586 17.558 0.031
4229.64892 17.550 0.032
4229.84602 17.507 0.025
4229.90760 17.477 0.023
4230.65876 17.451 0.021
4230.84674 17.536 0.026
4230.90849 17.542 0.033
4231.64312 17.572 0.026
4231.81856 17.467 0.021
4231.91148 17.493 0.028
4232.72595 17.482 0.027
4232.89297 17.566 0.031
4233.75358 17.464 0.028
4234.68310 17.542 0.027
4234.92315 17.477 0.028
4235.86817 17.515 0.024
4237.66540 17.411 0.025
4238.70690 17.496 0.021
4238.85287 17.463 0.024
4238.91459 17.509 0.027
4239.59729 17.471 0.033
4240.65432 17.481 0.023
4240.77372 17.439 0.021
4240.91688 17.536 0.028
4243.61686 17.490 0.030
4243.71315 17.530 0.026
4243.80662 17.468 0.025
4243.92442 17.510 0.029
4244.59270 17.432 0.030
4244.68503 17.444 0.024
4244.78161 17.496 0.023
4245.58538 17.533 0.020
4245.67911 17.510 0.020
4245.77228 17.482 0.019
4246.64412 17.460 0.023
4246.73714 17.495 0.025
4246.83041 17.508 0.024
4247.62710 17.462 0.024
4247.78018 17.447 0.020
4250.70744 17.505 0.027
4251.77901 17.507 0.036
4256.59421 17.502 0.034
4256.74072 17.514 0.034
4256.83891 17.531 0.033
4257.62614 17.548 0.030
4258.61024 17.493 0.030
4258.73291 17.474 0.024
4258.82817 17.530 0.028
4267.56960 17.458 0.029
4268.75766 17.477 0.020
4268.87803 17.534 0.030
4269.55256 17.475 0.025
4269.67363 17.536 0.021
4269.76437 17.550 0.024
4270.54808 17.500 0.027
4272.61653 17.448 0.023
4272.76568 17.543 0.026
4272.83718 17.545 0.026
4273.59349 17.567 0.036
4273.77437 17.485 0.025
4273.83415 17.445 0.028
4274.58597 17.482 0.029
4274.74057 17.584 0.028
4274.79966 17.513 0.027
4275.57868 17.477 0.027
4275.75415 17.480 0.029
4275.81261 17.494 0.031
4275.87374 17.535 0.037
4276.55668 17.481 0.033
4277.50731 17.471 0.033
4277.68251 17.472 0.024
4277.74297 17.483 0.028
4277.80160 17.567 0.033
4278.54111 17.520 0.035
4278.72836 17.562 0.037
4278.80134 17.519 0.038
4283.48679 17.464 0.030
4283.68769 17.578 0.052
4283.69344 17.512 0.027
4284.48184 17.552 0.034
4284.71229 17.480 0.023
4284.77451 17.501 0.025
4284.83959 17.524 0.033
4285.48033 17.478 0.033
4285.67218 17.485 0.025
4285.73690 17.472 0.025
4285.80243 17.470 0.028
4286.48061 17.548 0.039
4286.76384 17.547 0.031
4286.77020 17.541 0.029
4286.85138 17.505 0.036
4289.48115 17.582 0.035
4289.50797 17.540 0.030
4289.53237 17.517 0.027
4289.55400 17.484 0.028
4289.58776 17.499 0.029
4289.63610 17.497 0.030
4289.67454 17.468 0.030
4289.70697 17.460 0.027
4289.72651 17.483 0.026
4289.75138 17.499 0.028
4289.77272 17.476 0.025
4289.79172 17.490 0.026
4289.81611 17.478 0.030
4289.83955 17.541 0.029
4290.53819 17.484 0.029
4290.57845 17.496 0.029
4290.75404 17.526 0.030
4291.57188 17.502 0.031
4291.64112 17.433 0.020
4291.76354 17.537 0.029
4292.46684 17.470 0.032
4292.64494 17.473 0.020
4292.70459 17.471 0.020
4292.76330 17.461 0.019
4292.82647 17.455 0.026
4293.46716 17.470 0.029
4293.67309 17.507 0.021
4293.73186 17.555 0.023
4293.80950 17.477 0.024
4294.46646 17.548 0.035
4295.46296 17.477 0.042
4295.67151 17.515 0.021
4295.73018 17.522 0.021
4295.80720 17.507 0.027
4296.46928 17.580 0.034
4296.65671 17.444 0.019
4296.74359 17.482 0.021
4297.46448 17.494 0.035
4297.69193 17.516 0.024
4297.75364 17.452 0.021
4298.52478 17.502 0.021
4298.63009 17.473 0.023
4298.72411 17.478 0.023
4299.50760 17.520 0.025
4299.60095 17.564 0.023
4299.69318 17.476 0.023
4299.78335 17.468 0.024
4300.49862 17.475 0.026
4300.62291 17.469 0.019
4300.71932 17.544 0.024
4301.49354 17.536 0.024
4301.58583 17.463 0.020
4301.68250 17.470 0.021
4301.78102 17.498 0.023
4302.54637 17.498 0.028
4302.66121 17.541 0.028
4303.64038 17.513 0.027
4304.52732 17.473 0.033
4304.63672 17.554 0.027
4305.65251 17.523 0.029
4306.51256 17.538 0.036
4306.65209 17.500 0.026
4307.75266 17.551 0.029
4310.75849 17.485 0.033
4311.72810 17.486 0.034
4312.49792 17.479 0.031
4312.69312 17.494 0.029
4312.79070 17.540 0.030
4314.49148 17.464 0.021
4315.53207 17.517 0.025
4316.56094 17.500 0.021
4317.48334 17.497 0.025
4317.68232 17.518 0.023
4319.49239 17.486 0.029
4319.74686 17.554 0.032
4320.50790 17.551 0.027
4326.47095 17.455 0.029
4327.56358 17.563 0.030
4328.49085 17.456 0.026
4328.66780 17.551 0.027
4329.50182 17.524 0.026
4329.64963 17.520 0.027
4329.70845 17.482 0.030
4330.51358 17.482 0.021
4330.66456 17.572 0.026
4331.49378 17.490 0.026
4331.66028 17.465 0.025
4332.47148 17.504 0.030
4333.50256 17.495 0.028
4333.66363 17.488 0.023
4334.47580 17.582 0.056
4334.57337 17.512 0.044
4338.47426 17.500 0.029
4339.49544 17.545 0.029
4339.66652 17.467 0.029
4340.56403 17.478 0.033
4341.47634 17.544 0.038
4342.47236 17.451 0.043
4342.50517 17.465 0.025
4343.47373 17.503 0.029
4343.68146 17.466 0.029
4344.51239 17.506 0.032
4345.47777 17.473 0.028
4346.48640 17.517 0.028
4347.50521 17.507 0.029
4348.47904 17.528 0.028
4349.67176 17.490 0.027
4350.50081 17.499 0.027
4351.47573 17.492 0.031
4352.48686 17.472 0.028
4353.48341 17.513 0.024
4354.51218 17.451 0.021
4355.50276 17.571 0.026
4356.48026 17.468 0.024
4357.56347 17.494 0.032
4358.52069 17.497 0.030
4359.48072 17.491 0.026
4361.54256 17.315 0.029
4362.47792 17.487 0.033
4365.52535 17.530 0.034
4367.51068 17.577 0.029
4368.54684 17.476 0.029
4369.48512 17.552 0.035
4370.53135 17.460 0.021
4371.50608 17.473 0.024
4372.48186 17.497 0.028
4373.55719 17.468 0.027
4375.50767 17.469 0.034
4377.58132 17.583 0.036
4378.49138 17.491 0.026
4379.50676 17.584 0.038
4380.51826 17.510 0.025
4381.49624 17.648 0.040
4382.58475 17.476 0.030
4383.50977 17.470 0.025
4384.54672 17.558 0.030
4387.52846 17.510 0.028
4393.50404 17.560 0.024
4394.56149 17.531 0.033
4395.53290 17.516 0.033
4396.54540 17.532 0.039
4397.50422 17.480 0.031
4398.51188 17.509 0.029
4399.54750 17.455 0.030
4400.50683 17.568 0.033
4402.52147 17.523 0.034
4403.52242 17.537 0.035
4409.53989 17.553 0.040
4411.52740 17.453 0.035
4505.88583 17.416 0.026
4509.85811 17.478 0.020
4513.83438 17.505 0.025
4517.82843 17.448 0.034
4519.81441 17.527 0.038
4522.84324 17.506 0.034
4524.82690 17.469 0.028
4525.88705 17.566 0.036
4530.78907 17.471 0.021
4532.90778 17.566 0.036
4533.81783 17.490 0.023
4535.87281 17.407 0.026
4537.77242 17.467 0.027
4538.86639 17.470 0.024
4539.82756 17.527 0.021
4540.83746 17.459 0.019
4541.76652 17.521 0.024
4542.76108 17.515 0.029
4543.75668 17.576 0.028
4544.75354 17.427 0.028
4545.74022 17.563 0.035
4546.74690 17.512 0.029
4547.76105 17.484 0.026
4548.81394 17.514 0.025
4550.78617 17.555 0.027
4551.73252 17.498 0.026
4552.77611 17.536 0.052
4556.72802 17.473 0.023
4556.91824 17.576 0.023
4557.74638 17.531 0.026
4558.76659 17.458 0.019
4559.71945 17.466 0.021
4559.90842 17.502 0.020
4560.71574 17.505 0.025
4560.90849 17.511 0.019
4561.71223 17.489 0.021
4561.89780 17.489 0.017
4564.70245 17.543 0.025
4564.90272 17.485 0.019
4565.70059 17.452 0.018
4565.89119 17.547 0.017
4566.69993 17.529 0.023
4566.89245 17.471 0.018
4567.69210 17.449 0.027
4567.89886 17.526 0.021
4568.69766 17.469 0.026
4569.70732 17.568 0.028
4569.91688 17.462 0.021
4570.69525 17.489 0.025
4570.92529 17.540 0.027
4571.68638 17.610 0.033
4571.88437 17.471 0.018
4572.69820 17.440 0.030
4573.71203 17.473 0.027
4573.92049 17.484 0.020
4574.71444 17.489 0.025
4575.71986 17.485 0.024
4576.72755 17.546 0.026
4577.80900 17.502 0.023
4578.76276 17.503 0.026
4579.83948 17.512 0.024
4583.70647 17.542 0.028
4583.88723 17.488 0.023
4585.72696 17.525 0.027
4586.73488 17.455 0.028
4587.73806 17.507 0.029
4587.90156 17.534 0.028
4588.70831 17.480 0.028
4589.69059 17.471 0.024
4589.84592 17.499 0.026
4589.90795 17.500 0.028
4590.66797 17.486 0.023
4590.87367 17.487 0.023
4591.67982 17.435 0.024
4591.85183 17.555 0.024
4591.91393 17.577 0.027
4592.63825 17.540 0.026
4592.82748 17.456 0.026
4592.89088 17.465 0.023
4593.62756 17.438 0.024
4593.83709 17.538 0.021
4593.89915 17.538 0.024
4594.64863 17.528 0.029
4594.84335 17.484 0.023
4594.90551 17.505 0.023
4595.63178 17.457 0.031
4595.83225 17.489 0.021
4595.89433 17.474 0.025
4596.62738 17.498 0.024
4596.90705 17.543 0.025
4597.65786 17.523 0.024
4597.84918 17.495 0.020
4597.92025 17.464 0.027
4598.62762 17.484 0.019
4598.87247 17.532 0.020
4599.60644 17.534 0.030
4599.81050 17.457 0.019
4600.61560 17.460 0.021
4600.82917 17.570 0.021
4600.92224 17.483 0.025
4601.62121 17.517 0.024
4601.83760 17.491 0.019
4601.89949 17.494 0.021
4601.94199 17.536 0.037
4602.60863 17.461 0.023
4602.81932 17.476 0.019
4602.92805 17.435 0.024
4603.74126 17.455 0.020
4606.60901 17.539 0.031
4610.70991 17.478 0.040
4610.91729 17.544 0.040
4611.60081 17.519 0.033
4611.83370 17.484 0.020
4612.62218 17.517 0.028
4615.76387 17.426 0.025
4616.57292 17.491 0.032
4616.78939 17.512 0.021
4616.85914 17.489 0.025
4617.63324 17.497 0.023
4618.58442 17.476 0.027
4620.63788 17.556 0.033
4621.67047 17.446 0.019
4622.76618 17.487 0.024
4622.88442 17.467 0.026
4623.59780 17.477 0.027
4623.83816 17.482 0.027
4623.90907 17.511 0.036
4624.54992 17.538 0.033
4624.78181 17.494 0.024
4624.84840 17.505 0.023
4624.91741 17.595 0.029
4625.57610 17.504 0.027
4625.76425 17.531 0.027
4625.85812 17.508 0.026
4626.55995 17.467 0.029
4626.82647 17.545 0.023
4627.53147 17.482 0.025
4627.79998 17.491 0.018
4627.88663 17.488 0.020
4628.56475 17.456 0.024
4628.72854 17.509 0.020
4628.79412 17.545 0.025
4628.85607 17.442 0.021
4629.57623 17.506 0.026
4629.79765 17.500 0.025
4629.87997 17.506 0.020
4630.53144 17.496 0.028
4630.74150 17.526 0.020
4630.81958 17.460 0.023
4630.88770 17.481 0.023
4631.75278 17.469 0.020
4631.83054 17.506 0.020
4631.90550 17.592 0.034
4632.53428 17.494 0.030
4632.79716 17.466 0.023
4633.54029 17.478 0.025
4633.64217 17.443 0.020
4633.76380 17.460 0.031
4638.72583 17.529 0.028
4638.82353 17.504 0.029
4639.53849 17.511 0.027
4639.64471 17.569 0.024
4639.82407 17.500 0.030
4640.56462 17.463 0.020
4640.69552 17.480 0.024
4640.80282 17.566 0.034
4641.58747 17.580 0.025
4641.74305 17.514 0.026
4642.56321 17.461 0.026
4642.72371 17.513 0.023
4642.80164 17.474 0.023
4642.87312 17.466 0.031
4643.51634 17.526 0.028
4643.84924 17.502 0.028
4644.63582 17.518 0.027
4644.81508 17.463 0.021
4645.49001 17.549 0.030
4645.74069 17.496 0.025
4645.81654 17.542 0.025
4645.88127 17.545 0.030
4646.49186 17.481 0.024
4647.48636 17.529 0.033
4647.71117 17.509 0.027
4647.80457 17.504 0.029
4648.51471 17.510 0.025
4648.60421 17.519 0.023
4648.68036 17.493 0.021
4648.83214 17.509 0.028
4649.49489 17.478 0.025
4649.70535 17.557 0.024
4649.81987 17.504 0.029
4650.52636 17.526 0.028
4650.74387 17.444 0.020
4650.82882 17.494 0.028
4651.48661 17.433 0.027
4651.73370 17.545 0.033
4652.47817 17.552 0.031
4652.68077 17.485 0.024
4652.76232 17.462 0.023
4652.81592 17.543 0.029
4653.47464 17.482 0.031
4653.69372 17.495 0.023
4653.75898 17.483 0.026
4654.50991 17.475 0.027
4654.70773 17.488 0.024
4654.78989 17.553 0.027
4655.47447 17.511 0.032
4655.69883 17.487 0.020
4655.76071 17.444 0.021
4656.47637 17.496 0.024
4656.66624 17.507 0.027
4656.78183 17.487 0.026
4657.55095 17.521 0.029
4658.63474 17.509 0.023
4659.53192 17.514 0.032
4660.52419 17.532 0.030
4661.46456 17.556 0.037
4661.66210 17.492 0.034
4661.72669 17.547 0.029
4661.79376 17.523 0.029
4665.63154 17.530 0.029
4665.75683 17.446 0.035
4666.47603 17.514 0.032
4666.66063 17.522 0.029
4666.76450 17.546 0.038
4666.79026 17.545 0.036
4667.52249 17.526 0.035
4669.58614 17.554 0.032
4670.54639 17.440 0.027
4670.62214 17.500 0.027
4671.54307 17.480 0.024
4671.75000 17.487 0.024
4672.47778 17.505 0.023
4672.74133 17.449 0.025
4672.78025 17.464 0.025
4674.48225 17.490 0.032
4675.63341 17.514 0.023
4677.46281 17.412 0.045
4677.60922 17.481 0.021
4677.69299 17.539 0.024
4678.65991 17.439 0.021
4679.55556 17.506 0.028
4681.50426 17.494 0.025
4681.60432 17.547 0.026
4682.47528 17.489 0.023
4682.55120 17.486 0.021
4682.72787 17.546 0.024
4683.47182 17.518 0.031
4683.68068 17.471 0.023
4683.74391 17.479 0.023
4684.47750 17.450 0.027
4684.74225 17.512 0.023
4685.51965 17.504 0.025
4686.47490 17.464 0.026
4687.50089 17.504 0.025
4687.71430 17.479 0.030
4688.47147 17.527 0.037
4688.66148 17.507 0.021
4688.72321 17.451 0.024
4693.53566 17.527 0.024
4694.51443 17.489 0.033
4697.47142 17.544 0.032
4697.69661 17.514 0.035
4698.47566 17.445 0.023
4699.47457 17.533 0.030
4700.48288 17.467 0.025
4701.47819 17.502 0.029
4701.66701 17.533 0.028
4702.47658 17.516 0.029
4703.47813 17.482 0.021
4704.56165 17.495 0.023
4705.48044 17.489 0.028
4707.58139 17.568 0.026
4708.51319 17.420 0.023
4709.48919 17.599 0.031
4710.51344 17.426 0.025
4711.49838 17.532 0.028
4715.56165 17.457 0.028
4716.47660 17.585 0.032
4720.50224 17.455 0.042
4721.50315 17.563 0.036
4722.61538 17.509 0.028
4724.48223 17.481 0.032
4725.55609 17.460 0.029
4726.52067 17.495 0.032
4728.56515 17.555 0.031
4729.50568 17.518 0.027
4731.52859 17.527 0.030
4733.48018 17.434 0.032
4734.49596 17.466 0.028
4737.51484 17.490 0.025
4738.55469 17.499 0.029
4739.55860 17.447 0.030
4740.52690 17.573 0.030
4741.49964 17.439 0.027
4743.50808 17.515 0.032
4750.57479 17.528 0.034
4756.49060 17.558 0.037
4765.49232 17.531 0.042
4866.88420 17.505 0.042
4867.86783 17.471 0.025
4870.86754 17.530 0.025
4872.87919 17.491 0.036
4876.84061 17.594 0.031
4883.84218 17.524 0.025
4884.82289 17.468 0.027
4886.87434 17.499 0.024
4890.85655 17.542 0.021
4896.84421 17.450 0.021
4899.81564 17.507 0.025
4900.79536 17.509 0.026
4901.85551 17.477 0.025
4902.85389 17.505 0.021
4904.77827 17.516 0.025
4905.88210 17.537 0.032
4910.78413 17.418 0.024
4911.75478 17.547 0.020
4912.75161 17.445 0.019
4914.75456 17.501 0.023
4918.75146 17.527 0.019
4924.71408 17.462 0.021
4925.76338 17.533 0.019
4925.87946 17.466 0.018
4926.72720 17.496 0.025
4927.79879 17.488 0.023
4928.70289 17.478 0.029
4929.70835 17.481 0.030
4929.84769 17.461 0.021
4930.76631 17.547 0.025
4931.68829 17.386 0.031
4931.81065 17.505 0.025
4932.76587 17.486 0.021
4933.68598 17.442 0.030
4933.81419 17.498 0.025
4934.78959 17.485 0.025
4938.69409 17.501 0.025
4938.79354 17.468 0.024
4939.71310 17.562 0.030
4939.81460 17.536 0.026
4940.71720 17.506 0.023
4941.69187 17.535 0.026
4941.81893 17.452 0.025
4942.67137 17.481 0.023
4942.84428 17.538 0.019
4943.68374 17.482 0.019
4943.74978 17.464 0.018
4944.68911 17.480 0.021
4944.76427 17.516 0.024
4945.68586 17.436 0.021
4945.81733 17.452 0.018
4946.74327 17.562 0.024
4947.69777 17.435 0.018
4948.85316 17.469 0.018
4949.64693 17.492 0.023
4950.68474 17.469 0.020
4951.67526 17.458 0.024
4952.79407 17.435 0.018
4953.65290 17.484 0.020
4953.75862 17.490 0.023
4954.67300 17.466 0.020
4954.77097 17.492 0.020
4955.67367 17.511 0.023
