2125.53682 18.523 0.074
2129.62016 18.812 0.057
2132.56445 18.971 0.071
2135.70205 18.779 0.050
2140.66006 18.786 0.069
2144.54468 18.916 0.077
2160.53352 18.908 0.094
2168.60095 18.578 0.066
2187.51029 19.213 0.124
2206.50621 18.610 0.111
2331.84670 18.741 0.068
2346.89306 18.829 0.055
2358.81675 18.893 0.071
2365.91684 18.732 0.071
2372.77892 19.039 0.081
2382.90302 18.649 0.065
2386.84627 19.172 0.104
2390.78940 18.862 0.076
2397.75145 18.773 0.053
2401.77621 19.047 0.083
2403.83224 18.937 0.060
2405.80072 18.878 0.065
2414.77763 18.782 0.066
2416.75199 18.701 0.061
2424.84367 18.884 0.105
2428.74599 19.083 0.082
2432.78915 18.525 0.087
2434.65697 19.123 0.076
2436.70258 19.139 0.078
2438.68089 18.796 0.062
2440.78511 19.073 0.073
2443.68793 18.767 0.063
2445.56902 18.615 0.060
2448.53641 19.340 0.231
2453.80427 18.742 0.081
2459.49562 18.548 0.068
2463.47673 18.838 0.091
2464.70683 19.018 0.065
2467.60978 18.628 0.068
2469.62420 18.826 0.048
2471.63598 19.059 0.068
2473.59709 18.684 0.067
2483.66591 19.109 0.087
2486.64926 18.563 0.056
2490.61587 18.974 0.096
2493.57569 18.699 0.062
2495.64973 18.800 0.059
2497.70555 18.867 0.072
2499.75248 18.761 0.068
2502.49607 18.877 0.071
2508.59098 19.185 0.092
2512.54732 18.625 0.070
2517.64804 18.729 0.065
2520.50677 18.708 0.070
2526.60024 18.783 0.055
2537.58294 18.943 0.115
2541.58105 18.659 0.068
2541.60551 18.830 0.079
2547.51914 18.741 0.076
2551.55469 18.614 0.082
2556.51008 18.586 0.071
2563.54358 19.107 0.085
2574.52293 18.832 0.084
2705.88678 19.118 0.090
2706.85243 18.756 0.059
2714.83673 18.904 0.060
2728.86668 18.658 0.076
2733.84956 18.803 0.071
2744.81989 18.725 0.050
2752.89592 19.023 0.092
2756.86678 18.704 0.059
2760.83501 19.112 0.108
2766.86695 18.729 0.063
2770.75458 18.740 0.067
2783.75536 18.980 0.056
2785.86695 18.740 0.076
2786.86901 18.643 0.077
2789.67503 18.944 0.069
2791.63763 18.772 0.068
2794.79146 18.866 0.070
2794.80504 18.770 0.069
2796.74204 18.831 0.053
2808.88247 18.681 0.107
2809.88681 18.955 0.083
2810.81382 18.705 0.065
2811.85105 18.823 0.065
2813.64776 18.444 0.069
2815.76945 19.101 0.077
2817.72233 18.714 0.065
2818.78529 18.712 0.063
2820.65760 18.971 0.071
2826.67067 18.638 0.046
2834.70842 18.500 0.161
2835.82587 18.965 0.112
2837.56378 18.591 0.078
2839.60063 18.622 0.057
2841.61696 18.632 0.057
2843.55061 19.117 0.092
2845.58608 19.024 0.093
2849.73857 18.805 0.077
2849.76615 18.716 0.087
2851.74889 19.011 0.105
2853.75176 18.960 0.096
2856.64054 19.151 0.090
2858.61589 18.774 0.091
2859.60988 18.651 0.096
2860.73798 19.212 0.154
2863.57413 18.984 0.087
2866.66614 18.903 0.093
2869.65717 18.670 0.060
2872.65170 18.741 0.050
2877.62092 18.626 0.063
2883.59654 19.227 0.080
2892.58647 19.171 0.125
2896.60814 18.754 0.054
2902.57519 18.909 0.093
2907.54954 18.557 0.072
2917.53718 18.785 0.087
3051.84395 18.891 0.109
3058.83913 19.227 0.091
3063.83383 18.763 0.060
3067.83767 19.104 0.076
3070.79712 18.838 0.115
3072.87594 18.716 0.047
3075.77287 18.884 0.092
3076.81181 18.982 0.084
3076.88891 18.757 0.070
3076.90742 18.816 0.077
3077.81935 19.083 0.209
3077.86658 18.824 0.133
3077.90332 18.709 0.084
3079.82295 18.709 0.067
3079.87347 19.085 0.109
3079.91463 18.949 0.125
3080.82416 18.597 0.060
3080.86939 18.882 0.062
3080.91301 19.071 0.084
3081.78407 18.884 0.065
3081.87431 18.795 0.062
3081.90959 18.959 0.082
3082.78933 18.898 0.068
3082.83999 18.693 0.052
3082.87912 18.714 0.051
3082.90944 18.859 0.062
3083.77596 19.143 0.068
3083.83830 18.800 0.052
3083.89623 18.631 0.041
3084.78137 19.145 0.078
3084.84001 18.877 0.058
3084.84613 18.823 0.053
3084.90545 18.696 0.041
3085.79161 18.979 0.074
3085.85497 18.859 0.061
3086.77723 18.802 0.054
3087.89056 18.890 0.066
3089.79880 18.684 0.051
3091.76095 18.985 0.070
3096.79071 18.827 0.072
3098.80222 18.768 0.052
3100.85282 18.777 0.053
3102.81352 18.834 0.062
3103.88888 18.783 0.063
3106.76639 18.726 0.083
3107.91324 18.886 0.061
3109.73484 18.955 0.059
3110.77611 18.923 0.070
3112.74499 18.856 0.062
3113.81421 19.104 0.063
3115.81283 18.998 0.058
3118.86988 18.797 0.067
3122.82044 18.737 0.072
3125.80088 18.783 0.080
3126.83177 19.021 0.068
3127.74097 18.854 0.063
3128.76475 18.900 0.060
3129.73961 19.161 0.110
3130.91767 18.871 0.094
3131.77354 19.213 0.135
3134.70987 18.814 0.110
3135.80533 18.811 0.057
3137.85741 18.841 0.082
3138.81499 18.652 0.054
3139.80912 18.816 0.054
3140.81637 18.754 0.062
3142.67073 18.665 0.046
3144.73364 18.744 0.049
3146.70339 18.908 0.071
3151.69315 18.729 0.054
3152.69776 18.647 0.053
3152.91054 18.457 0.065
3153.70052 18.629 0.065
3154.75691 18.455 0.061
3156.74334 18.873 0.061
3158.80332 18.671 0.077
3162.75059 18.618 0.055
3163.71269 18.762 0.050
3163.93625 18.601 0.082
3164.67645 19.109 0.073
3165.79823 18.812 0.052
3166.82786 18.470 0.067
3167.89185 18.486 0.078
3168.70935 19.083 0.076
3168.92564 19.027 0.093
3169.66580 18.830 0.062
3170.73659 18.823 0.053
3171.69012 18.652 0.044
3172.67479 18.758 0.051
3174.65374 19.041 0.054
3175.65561 18.896 0.054
3176.70255 18.914 0.086
3178.71817 18.823 0.078
3179.59609 19.062 0.062
3179.85187 18.620 0.060
3180.64684 18.881 0.047
3182.71696 18.636 0.049
3183.66164 19.070 0.080
3184.64130 18.898 0.050
3185.79927 18.684 0.061
3193.47682 19.276 0.175
3193.81402 18.676 0.070
3194.63284 18.793 0.078
3195.61119 18.699 0.050
3196.68666 18.875 0.082
3196.77560 18.910 0.068
3197.58677 18.772 0.062
3199.72072 18.733 0.064
3202.58397 18.701 0.051
3203.70768 18.889 0.059
3204.70332 19.056 0.066
3205.62832 18.656 0.043
3206.60990 18.684 0.045
3210.60003 19.042 0.081
3211.67207 18.642 0.063
3212.64075 18.699 0.078
3217.59610 18.999 0.071
3218.59537 18.922 0.085
3219.65457 18.655 0.077
3223.59261 18.500 0.065
3224.64235 18.754 0.050
3226.55515 19.043 0.071
3228.51373 18.503 0.052
3229.57186 18.876 0.060
3230.61060 19.097 0.060
3231.51159 18.737 0.067
3232.48543 18.924 0.100
3239.52022 18.691 0.047
3240.59765 18.774 0.066
3241.60190 18.387 0.100
3244.69844 18.919 0.114
3245.48643 18.823 0.069
3246.59435 18.902 0.087
3247.66499 18.726 0.063
3248.65820 18.700 0.064
3250.59758 18.769 0.062
3253.59043 18.672 0.055
3256.56951 18.664 0.066
3259.56560 18.614 0.072
3266.59114 18.791 0.087
3272.54041 19.087 0.093
3274.56993 18.928 0.095
3278.54049 18.706 0.063
3281.48568 18.875 0.101
3287.55291 18.653 0.067
3292.54166 18.950 0.074
3415.87653 19.086 0.063
3420.87682 18.574 0.054
3425.85201 18.958 0.094
3428.85778 18.726 0.055
3430.89459 18.631 0.042
3442.83122 19.058 0.073
3444.88504 18.985 0.065
3446.91368 18.966 0.088
3449.81081 19.074 0.066
3452.83179 18.876 0.061
3454.88538 18.881 0.076
3457.82369 18.805 0.063
3459.76888 18.927 0.078
3468.82076 18.952 0.056
3469.82771 19.092 0.055
3471.90804 18.428 0.058
3473.82323 18.641 0.058
3476.71582 18.767 0.051
3478.78145 19.030 0.066
3479.91876 18.699 0.044
3481.76011 18.584 0.044
3483.89373 19.009 0.070
3484.70957 18.681 0.091
3496.79511 19.119 0.091
3497.73280 18.849 0.071
3499.92274 18.682 0.050
3500.79187 18.635 0.050
3501.78559 18.816 0.050
3502.75854 18.757 0.046
3503.72757 19.094 0.063
3504.81721 18.844 0.051
3506.88215 18.628 0.054
3508.83282 18.945 0.082
3509.78252 18.846 0.055
3511.74013 18.789 0.072
3512.78375 18.625 0.063
3517.85724 18.787 0.093
3520.81145 18.795 0.059
3521.62114 18.806 0.054
3522.67549 18.826 0.053
3523.71757 19.088 0.057
3524.70634 18.714 0.053
3525.68827 18.836 0.049
3526.77072 18.908 0.057
3527.77560 18.797 0.050
3528.71839 18.694 0.053
3529.60835 18.837 0.052
3530.63027 18.765 0.042
3538.66214 19.013 0.068
3540.80667 18.794 0.067
3541.81061 18.674 0.053
3547.70320 18.567 0.057
3550.57825 18.883 0.083
3551.76765 18.861 0.055
3552.60409 19.002 0.061
3553.73731 18.753 0.074
3554.77427 19.009 0.085
3555.74841 18.888 0.059
3556.81417 18.854 0.081
3558.47710 19.151 0.104
3558.77632 18.655 0.054
3559.54482 18.622 0.070
3560.50780 19.290 0.088
3560.84785 18.756 0.065
3561.48520 18.882 0.085
3562.53173 19.291 0.084
3563.58674 19.019 0.060
3564.61483 18.994 0.072
3569.50291 19.044 0.174
3573.58004 18.935 0.094
3574.63660 18.743 0.068
3575.62164 18.747 0.046
3576.60188 18.863 0.073
3577.66397 19.328 0.090
3578.61104 18.736 0.047
3579.56826 18.750 0.050
3580.58629 18.747 0.050
3581.61806 18.779 0.054
3582.56625 19.147 0.068
3583.58333 19.072 0.076
3584.59229 19.137 0.060
3585.58248 18.800 0.051
3585.72942 18.673 0.041
3585.76091 18.796 0.055
3585.77092 18.794 0.053
3586.50697 18.716 0.050
3586.52235 18.747 0.049
3586.55339 18.771 0.047
3586.59571 18.788 0.048
3586.62227 19.015 0.068
3586.62835 18.950 0.058
3586.67189 19.056 0.054
3586.73413 18.811 0.051
3587.59009 18.571 0.054
3587.66003 18.732 0.066
3587.72150 18.621 0.063
3588.55425 18.783 0.048
3588.61402 18.635 0.045
3589.62112 18.649 0.033
3590.58982 18.725 0.044
3591.65175 18.668 0.040
3593.52471 18.773 0.048
3594.64078 18.945 0.055
3601.57323 19.090 0.070
3602.59018 19.011 0.070
3603.58724 18.977 0.073
3604.59112 19.070 0.095
3606.60685 18.588 0.065
3607.57919 18.695 0.050
3608.58809 18.579 0.058
3615.50080 18.858 0.056
3618.62558 18.699 0.056
3620.51389 18.871 0.049
3622.49301 18.603 0.052
3628.62172 18.558 0.078
3630.50711 18.461 0.072
3631.63730 18.855 0.092
3633.48191 18.513 0.068
3637.56657 18.695 0.070
3639.59972 18.865 0.057
3641.49472 18.584 0.063
3643.57125 18.407 0.063
3648.48708 18.477 0.063
3651.54314 18.451 0.065
3654.49620 18.726 0.083
3656.49298 18.984 0.090
3658.52694 19.002 0.105
3661.52489 18.373 0.066
3668.49797 18.433 0.061
3674.51179 18.979 0.105
3775.85572 18.805 0.075
3780.88144 19.113 0.078
3786.86669 18.823 0.077
3787.88751 18.973 0.071
3791.86566 18.658 0.063
3794.84528 18.754 0.057
3796.83303 19.236 0.089
3797.83695 19.269 0.077
3798.88492 19.208 0.072
3801.80851 18.643 0.055
3803.79755 19.024 0.072
3804.84488 18.790 0.061
3805.88530 18.776 0.050
3807.87356 19.161 0.072
3808.90831 18.995 0.070
3811.86656 18.740 0.053
3812.89822 18.709 0.054
3817.88495 19.111 0.086
3818.90562 19.158 0.078
3820.85169 18.746 0.048
3821.86170 18.752 0.042
3822.76070 19.026 0.102
3823.86998 18.915 0.057
3824.86656 18.768 0.060
3826.87103 19.150 0.071
3828.87336 19.010 0.068
3829.86010 18.797 0.052
3832.86036 18.687 0.050
3833.83028 18.969 0.050
3834.87919 18.887 0.055
3835.82251 19.152 0.059
3836.82813 18.986 0.063
3837.81751 18.707 0.059
3838.82152 18.481 0.054
3839.83367 18.703 0.050
3840.82468 18.678 0.054
3841.80353 18.927 0.059
3845.80542 18.565 0.067
3846.81660 18.878 0.056
3848.83206 18.736 0.050
3849.84537 18.832 0.049
3850.78139 18.906 0.061
3852.77622 19.141 0.081
3853.76890 18.886 0.039
3856.75769 18.789 0.058
3858.82160 18.540 0.054
3860.81240 18.799 0.066
3861.82303 18.849 0.046
3862.77067 18.976 0.054
3863.71040 18.714 0.052
3864.77151 18.726 0.044
3865.73473 18.779 0.057
3866.76433 18.715 0.048
3867.70122 19.199 0.079
3868.76666 18.942 0.074
3869.75365 19.146 0.095
3873.75380 18.807 0.051
3874.79906 18.635 0.056
3875.71407 18.874 0.048
3877.74369 19.013 0.055
3880.74095 18.794 0.059
3881.74911 18.851 0.051
3882.68720 18.894 0.055
3883.72863 18.787 0.047
3886.69943 19.174 0.066
3887.68254 18.901 0.052
3891.56980 18.817 0.079
3892.83599 19.087 0.069
3893.72362 18.528 0.055
3894.76899 18.662 0.059
3896.71415 19.266 0.094
3900.62015 19.232 0.131
3901.63207 19.083 0.065
3902.64994 18.918 0.063
3903.77175 18.689 0.048
3904.62960 18.864 0.048
3905.63658 18.776 0.044
3906.61812 18.763 0.058
3907.67922 18.710 0.072
3908.61774 18.941 0.049
3909.62217 18.920 0.050
3912.61861 19.081 0.050
3913.62006 18.897 0.047
3914.63414 18.936 0.054
3915.61693 18.791 0.049
3916.69867 18.925 0.062
3917.51273 18.927 0.091
3917.71139 19.012 0.074
3918.71237 18.800 0.059
3919.64563 18.600 0.058
3920.59774 18.962 0.068
3921.61118 18.830 0.077
3930.65848 18.990 0.070
3931.59257 18.840 0.066
3931.73004 18.711 0.056
3932.62003 18.962 0.050
3933.59977 18.755 0.041
3934.57041 18.725 0.048
3935.64758 18.795 0.056
3936.59916 18.703 0.065
3936.78742 18.748 0.069
3937.71590 18.700 0.070
3938.57684 19.030 0.077
3940.71694 18.929 0.052
3944.66175 18.848 0.050
3945.61015 18.775 0.051
3946.60392 18.777 0.059
3950.60891 19.147 0.079
3951.63702 19.080 0.082
3956.64388 18.705 0.087
3957.59789 19.206 0.109
3958.66381 18.755 0.053
3959.59413 18.992 0.073
3960.58241 18.894 0.052
3960.59405 18.858 0.046
3960.64630 19.317 0.074
3961.51686 18.663 0.064
3961.53849 18.643 0.065
3961.57905 18.653 0.064
3961.65812 18.991 0.099
3961.67523 18.854 0.084
3963.47380 18.771 0.082
3963.50006 19.000 0.073
3963.55141 18.829 0.056
3963.57162 18.841 0.057
3963.60330 18.699 0.046
3964.48036 18.833 0.067
3964.50845 19.180 0.073
3964.54090 19.138 0.070
3964.59966 18.769 0.047
3964.61464 18.756 0.046
3964.64688 18.775 0.049
3964.65916 18.795 0.046
3964.68299 18.934 0.060
3964.71307 19.013 0.066
3964.73129 19.159 0.081
3964.73789 19.076 0.080
3965.47016 18.778 0.081
3965.49878 18.915 0.056
3965.52750 19.051 0.056
3965.56013 19.168 0.068
3965.60033 18.854 0.050
3965.62847 18.818 0.045
3965.66277 18.729 0.041
3965.71429 19.028 0.065
3966.59133 19.132 0.066
3967.62063 19.090 0.066
3968.57788 19.021 0.066
3969.58551 18.995 0.063
3970.59838 18.686 0.054
3971.62839 18.546 0.062
3973.65789 18.628 0.051
3974.59259 18.593 0.059
3975.58411 18.961 0.058
3976.58200 19.149 0.077
3982.63697 18.868 0.071
3987.57817 19.000 0.068
3988.59538 19.048 0.053
3990.56573 18.712 0.070
3994.52934 18.915 0.076
3995.65705 18.800 0.072
3996.50509 18.508 0.062
4000.59062 18.688 0.062
4001.61404 18.827 0.063
4002.58464 18.919 0.053
4003.53910 19.124 0.067
4005.63493 18.613 0.063
4006.60384 19.076 0.076
4011.51791 18.929 0.078
4015.54723 18.704 0.069
4017.52492 18.748 0.057
4019.52666 18.799 0.065
4021.52932 18.978 0.114
4024.55890 18.931 0.069
4026.55447 18.753 0.063
4029.51316 18.666 0.075
4143.86107 19.295 0.122
4149.85726 18.661 0.063
4154.89485 19.125 0.078
4157.87449 18.740 0.060
4159.88194 18.751 0.067
4162.82929 18.861 0.097
4164.86909 18.972 0.068
4166.88485 18.695 0.074
4169.79937 19.049 0.086
4174.80697 18.715 0.070
4176.79992 18.829 0.063
4177.85363 18.641 0.055
4178.89641 18.728 0.057
4180.79383 18.810 0.084
4181.88342 19.026 0.074
4183.76544 18.739 0.059
4184.81381 18.655 0.052
4187.90360 18.571 0.063
4190.82491 19.140 0.095
4192.84368 18.895 0.068
4193.85456 18.790 0.062
4194.87620 18.870 0.068
4196.86472 18.737 0.062
4202.84599 18.903 0.059
4203.83412 18.763 0.048
4204.82958 18.727 0.048
4205.82468 18.762 0.053
4207.82679 18.996 0.058
4208.85026 18.863 0.062
4213.82550 18.720 0.045
4215.83173 18.781 0.062
4216.78949 19.167 0.083
4217.79730 19.207 0.063
4218.85222 18.942 0.072
4219.88525 18.917 0.081
4220.82218 18.777 0.072
4222.78803 18.691 0.062
4224.90740 18.888 0.086
4228.78235 18.804 0.083
4229.76709 18.743 0.066
4230.75082 18.743 0.053
4231.75318 18.882 0.063
4232.76469 18.868 0.076
4234.66527 18.653 0.064
4235.72644 18.855 0.056
4238.77642 18.597 0.065
4239.75555 18.671 0.050
4240.90213 19.137 0.102
4243.79536 18.869 0.074
4244.77024 19.176 0.083
4245.76104 19.040 0.068
4246.81874 19.194 0.097
4250.84411 18.748 0.074
4256.68101 18.728 0.082
4258.69009 18.819 0.071
4267.65537 19.211 0.081
4268.82604 18.949 0.085
4269.63382 18.981 0.066
4272.68437 18.789 0.052
4273.73353 18.945 0.087
4274.53015 18.768 0.093
4275.68492 18.811 0.079
4277.64235 19.070 0.073
4278.65831 19.071 0.095
4283.60360 19.038 0.083
4284.58759 19.108 0.102
4285.59427 18.953 0.096
4286.59046 18.795 0.058
4289.62534 18.584 0.075
4290.65680 18.682 0.065
4291.71157 18.937 0.071
4292.57298 19.227 0.070
4293.60026 19.074 0.061
4294.57211 18.929 0.068
4295.59732 18.944 0.068
4296.58090 18.782 0.057
4297.64553 18.983 0.065
4298.61898 18.788 0.060
4299.58929 18.818 0.052
4300.48776 18.840 0.076
4301.66803 18.725 0.053
4302.65033 18.658 0.058
4304.62511 19.063 0.090
4306.61602 18.838 0.091
4310.71682 18.964 0.106
4312.61098 18.966 0.071
4315.62113 18.935 0.097
4316.64219 18.988 0.101
4317.54063 18.847 0.065
4319.60372 18.732 0.065
4320.69664 18.541 0.064
4326.61952 18.783 0.056
4327.64503 18.663 0.073
4328.58723 18.786 0.056
4329.57960 18.493 0.067
4330.62213 18.759 0.066
4331.58680 19.064 0.097
4332.66508 18.703 0.072
4333.58752 18.463 0.069
4334.55495 18.670 0.127
4338.61794 18.725 0.079
4339.58712 18.743 0.083
4340.68416 18.751 0.081
4341.58903 19.184 0.111
4342.62534 18.921 0.084
4343.60460 19.131 0.087
4344.65407 18.993 0.093
4345.60447 18.697 0.069
4346.60648 18.784 0.077
4347.62035 18.488 0.071
4349.59226 18.874 0.063
4350.65403 18.767 0.068
4351.59434 18.994 0.089
4353.61418 18.965 0.100
4354.63370 18.830 0.085
4355.64668 18.961 0.099
4356.63576 18.643 0.076
4358.62081 18.634 0.068
4359.63994 18.463 0.076
4362.56874 18.690 0.094
4368.58962 18.490 0.083
4371.60846 18.879 0.100
4373.60220 18.843 0.084
4381.58131 18.733 0.099
4391.50446 18.758 0.101
4392.51601 18.767 0.083
4394.51636 18.948 0.088
4506.86867 18.658 0.082
4512.88371 18.766 0.050
4514.90207 18.714 0.078
4518.88624 19.132 0.122
4521.85658 18.642 0.063
4524.86593 18.741 0.065
4530.85528 18.753 0.050
4533.89292 18.775 0.055
4536.78118 18.743 0.087
4537.84210 19.029 0.067
4539.78540 18.781 0.071
4540.91301 19.038 0.095
4541.90972 18.863 0.059
4542.87317 18.769 0.058
4543.89926 18.745 0.050
4544.89684 18.820 0.054
4545.82147 19.114 0.077
4546.87995 19.045 0.073
4547.89076 19.224 0.100
4550.89052 18.807 0.064
4551.88362 18.827 0.075
4552.87685 18.598 0.083
4556.84478 19.039 0.070
4557.87106 19.140 0.071
4558.86756 18.972 0.064
4559.83524 18.682 0.050
4560.83554 18.673 0.043
4561.82443 18.823 0.044
4564.82875 19.176 0.060
4565.81768 18.958 0.045
4566.81972 18.854 0.044
4567.82005 18.781 0.048
4568.84240 18.754 0.051
4569.83631 18.647 0.052
4570.82701 18.808 0.064
4571.81071 18.950 0.068
4572.84857 18.968 0.070
4573.82423 19.114 0.063
4574.82640 19.207 0.087
4574.87049 18.918 0.069
4574.90557 18.818 0.066
4574.91968 18.701 0.059
4575.71683 18.739 0.058
4575.74585 18.666 0.053
4575.83514 19.074 0.075
4575.84643 19.051 0.077
4575.88002 19.137 0.068
4575.88890 19.065 0.068
4575.91657 18.816 0.063
4576.72085 18.813 0.068
4576.74683 18.731 0.057
4576.77188 18.739 0.054
4576.78448 18.672 0.049
4576.79028 18.775 0.050
4576.79572 18.802 0.052
4576.79773 18.769 0.050
4576.79981 18.724 0.049
4576.80187 18.787 0.049
4576.80401 18.769 0.047
4576.80620 18.746 0.050
4576.80816 18.823 0.050
4576.81014 18.767 0.054
4576.81223 18.819 0.055
4576.81436 18.814 0.053
4576.81653 18.583 0.044
4576.81878 18.697 0.049
4576.82088 18.792 0.052
4576.82318 18.846 0.056
4576.82529 18.874 0.056
4576.82753 18.964 0.064
4576.83242 18.824 0.050
4576.83487 18.938 0.070
4576.83747 18.995 0.068
4576.84012 18.903 0.068
4576.84303 18.925 0.065
4576.84549 19.022 0.085
4576.84797 19.068 0.084
4576.85053 18.948 0.070
4576.85313 19.092 0.075
4576.85567 19.007 0.071
4576.85816 19.145 0.072
4576.86051 19.107 0.071
4576.86283 18.996 0.068
4576.86485 19.035 0.071
4576.86693 19.219 0.090
4576.86885 19.311 0.101
4576.87091 19.138 0.079
4576.87294 19.139 0.085
4576.87537 19.129 0.094
4576.87767 19.185 0.099
4576.88084 18.980 0.082
4576.89466 19.200 0.088
4576.89685 19.419 0.105
4576.89915 19.058 0.082
4576.90727 18.970 0.082
4576.90973 18.954 0.076
4576.91825 19.039 0.087
4576.92049 18.939 0.081
4576.92283 18.849 0.075
4576.92521 18.872 0.085
4577.80597 18.667 0.053
4577.81737 18.792 0.068
4577.90697 19.308 0.114
4578.75821 18.869 0.092
4579.83675 18.715 0.063
4579.93225 19.066 0.124
4583.69529 19.063 0.113
4585.89937 18.962 0.078
4586.84727 18.891 0.067
4587.82789 18.706 0.056
4588.81093 18.792 0.047
4589.65655 18.746 0.078
4590.76114 19.279 0.081
4591.64893 18.875 0.075
4592.75428 18.825 0.068
4593.73959 18.709 0.059
4594.76815 18.756 0.051
4595.75586 18.683 0.057
4596.74503 18.869 0.058
4597.77626 18.863 0.059
4598.74564 19.208 0.059
4599.72144 18.944 0.061
4600.73065 18.913 0.047
4601.73520 18.799 0.045
4602.72937 18.812 0.047
4606.74312 18.850 0.058
4610.83699 18.939 0.102
4611.71683 18.694 0.062
4611.90339 18.732 0.068
4615.89348 18.873 0.105
4616.70233 19.134 0.078
4617.82265 18.486 0.073
4618.74401 18.853 0.062
4622.68099 18.779 0.063
4623.76100 18.641 0.063
4624.69626 19.183 0.098
4625.68136 18.900 0.084
4626.78762 18.571 0.068
4627.66050 18.738 0.045
4628.65482 18.718 0.060
4629.71995 18.789 0.056
4630.65679 18.878 0.056
4631.67830 18.878 0.048
4632.67824 18.982 0.057
4633.73531 18.748 0.066
4639.78069 19.240 0.117
4640.68066 18.810 0.064
4641.83718 19.113 0.113
4642.67908 19.022 0.072
4643.64505 19.022 0.072
4644.71218 19.123 0.075
4645.64364 18.722 0.051
4646.61539 18.681 0.041
4647.62577 18.893 0.059
4649.61990 18.952 0.073
4650.64827 18.991 0.066
4651.66318 18.943 0.078
4652.59232 18.815 0.065
4653.58622 18.747 0.069
4654.62536 18.775 0.058
4655.58959 18.812 0.071
4656.59267 18.794 0.056
4658.75003 18.697 0.078
4660.69958 18.693 0.068
4661.58216 18.852 0.063
4665.74391 19.070 0.118
4666.64929 18.706 0.071
4670.71490 18.628 0.071
4671.63882 19.114 0.078
4672.59834 18.690 0.050
4674.60516 18.695 0.068
4677.57737 19.182 0.099
4681.59297 18.632 0.068
4682.61022 18.746 0.061
4683.60720 18.628 0.074
4684.62522 18.620 0.054
4685.59287 18.834 0.064
4686.72170 18.848 0.072
4687.64015 18.832 0.074
4688.58632 18.898 0.086
4694.66159 18.533 0.080
4697.58754 19.034 0.087
4698.61373 19.081 0.079
4700.60883 18.862 0.068
4701.59168 18.586 0.064
4702.60664 18.676 0.064
4703.67390 18.831 0.078
4708.60743 19.003 0.099
4710.64262 18.883 0.078
4720.62488 18.700 0.087
4721.59376 18.591 0.072
4724.60816 18.695 0.079
4726.58496 18.572 0.079
4731.63450 18.739 0.078
4738.51047 18.733 0.071
4748.57937 18.771 0.104
4755.53317 18.453 0.070
4759.52759 18.695 0.094
4875.86269 18.833 0.087
4878.89293 18.721 0.059
4885.87466 18.924 0.061
4888.82641 18.834 0.069
4892.82206 18.958 0.088
4897.90079 18.800 0.066
4901.84398 19.016 0.068
4903.84335 18.841 0.051
4904.90157 19.140 0.077
4906.89306 18.712 0.073
4910.89957 18.782 0.061
4912.88612 19.195 0.058
4914.86746 18.750 0.046
4925.80027 18.882 0.050
4927.85418 18.734 0.062
4929.82287 19.185 0.087
4930.85621 19.136 0.097
4931.80002 18.702 0.064
4932.75527 18.822 0.062
4933.80357 18.747 0.062
4938.77859 19.000 0.068
4939.80398 18.841 0.068
4941.75801 18.762 0.058
4942.79882 18.647 0.047
4943.79135 18.776 0.053
4950.80399 18.817 0.054
4952.83099 18.807 0.055
4953.79555 18.743 0.056
4954.75740 19.145 0.074
4955.75325 18.934 0.077
