2125.67797 18.597 0.088
2129.73066 18.437 0.046
2132.67366 18.692 0.069
2136.57709 18.764 0.089
2141.59222 18.645 0.056
2144.67555 18.442 0.052
2160.63158 18.497 0.067
2170.57250 18.121 0.038
2178.58328 18.870 0.173
2211.53652 18.921 0.137
2333.87310 18.691 0.068
2344.83443 18.629 0.062
2355.88525 18.758 0.064
2364.87688 18.515 0.063
2372.88866 18.431 0.054
2384.82360 18.541 0.049
2388.82277 18.552 0.056
2390.86077 18.608 0.069
2393.85495 18.662 0.132
2400.80224 18.602 0.063
2402.90893 18.600 0.068
2406.85173 18.642 0.070
2414.87438 18.785 0.076
2416.88999 18.596 0.075
2424.74861 18.502 0.065
2428.73383 18.719 0.060
2432.88536 18.533 0.090
2434.77338 18.715 0.062
2436.82132 18.573 0.059
2438.79499 18.501 0.053
2441.75730 18.519 0.056
2445.67417 18.605 0.056
2448.69420 18.551 0.057
2454.79065 18.508 0.081
2459.68581 18.631 0.055
2460.70387 18.784 0.085
2463.58512 18.596 0.049
2466.60490 18.624 0.055
2468.73120 18.525 0.045
2470.71494 18.492 0.047
2472.74535 18.669 0.061
2481.60173 18.526 0.079
2484.66504 18.995 0.096
2486.75774 18.592 0.093
2490.74094 18.805 0.113
2493.68564 18.912 0.108
2496.53168 18.702 0.053
2498.55229 18.566 0.042
2500.59574 18.596 0.052
2502.60935 18.649 0.056
2508.70756 18.526 0.080
2512.65704 18.891 0.137
2517.55846 18.642 0.076
2520.62593 18.585 0.058
2529.49178 18.718 0.082
2538.54343 18.458 0.060
2542.57120 18.679 0.060
2548.49971 18.673 0.091
2552.53602 18.636 0.079
2557.50120 18.836 0.087
2564.52261 18.471 0.066
2708.85013 18.534 0.047
2719.85581 18.514 0.062
2729.87783 18.796 0.082
2734.81679 18.566 0.046
2747.74141 18.603 0.103
2753.92643 18.577 0.074
2757.85255 18.513 0.060
2761.90136 18.654 0.060
2767.84833 18.541 0.070
2775.76517 18.506 0.081
2782.68652 18.852 0.109
2782.70091 18.669 0.074
2784.60917 18.733 0.065
2786.82718 18.542 0.059
2788.63909 18.629 0.059
2790.74352 18.541 0.052
2793.85327 18.830 0.090
2793.86462 18.660 0.074
2793.88164 18.579 0.075
2793.88526 18.519 0.056
2793.89568 18.489 0.059
2793.90492 18.539 0.061
2793.91355 18.545 0.069
2793.92231 18.542 0.080
2793.93144 18.632 0.081
2793.93766 18.714 0.096
2793.95112 18.797 0.178
2794.54063 19.152 0.175
2794.58339 18.904 0.117
2794.59339 18.645 0.090
2794.60212 18.594 0.083
2794.61049 18.600 0.090
2794.63441 18.528 0.065
2794.70248 18.803 0.079
2794.76567 18.615 0.066
2794.93062 18.695 0.085
2795.63111 18.701 0.056
2795.66892 18.494 0.043
2795.72439 18.588 0.055
2796.55591 18.568 0.056
2796.68089 18.726 0.053
2796.79845 18.607 0.055
2796.82250 18.637 0.057
2796.85330 18.705 0.055
2796.86727 18.683 0.056
2796.87462 18.652 0.062
2796.88057 18.554 0.059
2796.88671 18.516 0.055
2796.89283 18.561 0.058
2796.90221 18.543 0.058
2796.91151 18.548 0.059
2796.92039 18.470 0.054
2796.94036 18.487 0.065
2797.56578 18.772 0.073
2797.64306 18.551 0.044
2797.84594 18.540 0.047
2802.57117 18.686 0.103
2802.73544 18.861 0.098
2808.79693 18.548 0.074
2809.75800 18.490 0.062
2811.68512 18.742 0.078
2812.81444 18.768 0.090
2813.85823 18.639 0.065
2815.83887 18.800 0.068
2816.85986 18.495 0.059
2818.62954 18.527 0.055
2819.80605 18.646 0.065
2821.69191 18.704 0.067
2835.67732 18.556 0.065
2837.68506 19.119 0.162
2838.82081 18.599 0.104
2840.73813 18.761 0.085
2843.68941 18.773 0.075
2845.68677 18.761 0.069
2850.57566 18.472 0.043
2854.58785 18.660 0.066
2857.49810 18.458 0.056
2858.71046 18.586 0.068
2859.57095 18.685 0.096
2862.65755 18.654 0.090
2866.60703 18.734 0.084
2868.70887 18.493 0.056
2871.62714 18.721 0.059
2877.52907 18.657 0.070
2883.62372 18.562 0.056
2892.55004 18.826 0.088
2895.61565 18.663 0.060
2900.62732 18.532 0.069
2905.62644 18.552 0.079
2909.63576 18.968 0.101
2920.55069 18.647 0.110
2931.54751 18.539 0.054
3052.85736 18.611 0.058
3059.83029 18.890 0.081
3064.84717 18.810 0.099
3068.80096 18.672 0.089
3070.87962 18.808 0.082
3073.83570 18.679 0.062
3075.87380 18.658 0.059
3080.77802 18.981 0.091
3082.90585 18.790 0.068
3085.83628 18.628 0.058
3086.91091 18.656 0.058
3088.82891 18.546 0.045
3090.74198 18.823 0.059
3096.89717 18.577 0.073
3099.79287 18.801 0.073
3101.76911 18.734 0.083
3103.80208 18.537 0.054
3104.86073 18.603 0.170
3106.87399 18.773 0.082
3108.79451 18.596 0.047
3109.85340 18.580 0.050
3110.85983 18.659 0.064
3112.84512 18.526 0.051
3114.80974 18.528 0.048
3116.89782 18.783 0.072
3122.93574 18.751 0.126
3125.90022 18.935 0.110
3127.84443 18.815 0.083
3128.84634 18.582 0.069
3130.72683 18.744 0.076
3131.69331 18.736 0.080
3135.92492 18.483 0.054
3138.67921 18.850 0.081
3139.90441 18.778 0.068
3140.90862 18.494 0.056
3142.79302 18.724 0.058
3144.81301 18.576 0.051
3146.84633 18.927 0.087
3151.77591 18.617 0.065
3151.93363 18.547 0.074
3152.78153 18.642 0.062
3153.78422 18.935 0.099
3154.86971 18.689 0.083
3156.88927 18.671 0.072
3162.59910 18.602 0.076
3163.78007 18.776 0.072
3164.76230 18.552 0.060
3164.89530 18.728 0.099
3165.73589 18.544 0.046
3167.62226 18.854 0.118
3167.80001 18.687 0.071
3167.86256 18.528 0.060
3168.53038 18.858 0.107
3168.58428 18.554 0.052
3168.69466 18.900 0.079
3168.79118 18.583 0.057
3168.91914 18.634 0.076
3169.52892 18.610 0.065
3169.58627 18.786 0.061
3169.68699 18.500 0.055
3169.79938 18.828 0.086
3169.89546 18.511 0.067
3170.58519 18.709 0.056
3170.75965 18.580 0.052
3170.83703 18.817 0.059
3170.89729 18.646 0.070
3171.53108 18.968 0.081
3171.63617 18.562 0.050
3171.73992 18.774 0.057
3171.83782 18.580 0.048
3172.53038 18.470 0.056
3172.73676 18.662 0.051
3173.75752 18.697 0.076
3173.87723 18.680 0.102
3174.50977 18.482 0.062
3174.73602 18.749 0.054
3174.83742 18.599 0.054
3175.53852 18.638 0.078
3175.74480 18.619 0.056
3176.53304 19.062 0.152
3176.69016 18.942 0.097
3177.78526 18.787 0.100
3178.54950 18.567 0.070
3179.53001 18.727 0.064
3179.90925 18.727 0.083
3180.75101 18.746 0.056
3182.81168 18.553 0.055
3183.76662 18.701 0.071
3184.72776 18.593 0.051
3185.73121 18.755 0.070
3193.56263 18.806 0.072
3194.57425 18.696 0.081
3195.70581 18.791 0.061
3195.82635 18.745 0.066
3196.62725 18.601 0.052
3197.55200 18.572 0.057
3197.85541 19.131 0.167
3199.64984 18.578 0.049
3202.54347 18.523 0.057
3203.68854 18.801 0.057
3204.67946 18.589 0.051
3205.53831 18.724 0.057
3206.74368 18.573 0.058
3209.66366 18.674 0.070
3210.66372 18.529 0.049
3211.63416 18.568 0.060
3217.67837 18.642 0.066
3218.67669 18.586 0.081
3219.64184 19.039 0.115
3223.67791 18.831 0.099
3224.72595 18.525 0.060
3226.64961 18.784 0.091
3228.62716 18.551 0.057
3229.65966 18.644 0.054
3230.69314 18.834 0.074
3231.59715 18.621 0.061
3232.63360 18.775 0.088
3238.64543 18.774 0.093
3240.49759 18.599 0.059
3245.58146 19.037 0.162
3246.68715 18.689 0.093
3247.60629 18.615 0.075
3249.55381 18.582 0.063
3250.68477 18.715 0.093
3256.66404 18.650 0.078
3260.57380 18.591 0.060
3265.50420 18.927 0.102
3267.55787 18.567 0.061
3272.61583 18.479 0.064
3279.54675 18.825 0.089
3282.50523 18.795 0.071
3288.57159 19.107 0.088
3293.54218 18.631 0.048
3295.55071 18.717 0.050
3300.53601 19.019 0.126
3305.55791 18.777 0.101
3308.53321 18.987 0.143
3315.50481 18.865 0.132
3417.88062 18.699 0.050
3422.89757 18.477 0.052
3426.88870 18.709 0.062
3429.87368 18.653 0.060
3436.83177 18.890 0.105
3442.91652 18.712 0.087
3445.82954 18.564 0.047
3447.87988 18.786 0.063
3449.89681 18.585 0.049
3452.91396 18.695 0.056
3453.78580 18.697 0.077
3455.85643 18.847 0.092
3456.86750 18.704 0.054
3457.78516 18.679 0.060
3458.82874 18.597 0.056
3459.80331 18.717 0.071
3469.81574 18.634 0.046
3470.85595 18.445 0.040
3472.78715 18.484 0.043
3473.88213 18.662 0.065
3474.85452 18.918 0.073
3475.91833 18.766 0.052
3477.79107 18.445 0.050
3480.85733 18.691 0.064
3481.86136 18.507 0.040
3483.80162 18.641 0.053
3496.75548 18.600 0.056
3497.82447 18.650 0.060
3499.75191 18.776 0.057
3500.75649 18.913 0.073
3501.87006 18.825 0.063
3502.70499 18.676 0.051
3503.71564 18.596 0.049
3504.73003 18.732 0.068
3506.83502 19.357 0.144
3508.81220 18.697 0.067
3509.71528 18.641 0.056
3511.70196 18.606 0.062
3512.77092 18.589 0.059
3517.81137 18.862 0.074
3520.84654 18.836 0.073
3521.66574 18.658 0.054
3522.77593 18.992 0.075
3523.81065 18.731 0.057
3524.79829 18.743 0.071
3525.77798 18.698 0.053
3526.86337 18.878 0.073
3528.58195 18.653 0.056
3530.80734 18.689 0.047
3537.77516 18.811 0.061
3538.70466 18.540 0.044
3540.67860 18.641 0.054
3544.75858 18.654 0.068
3546.87958 18.569 0.074
3547.83699 19.080 0.109
3550.66346 18.769 0.051
3551.66814 18.603 0.035
3552.70026 18.496 0.047
3553.70295 18.871 0.098
3554.69508 18.594 0.061
3555.72922 18.553 0.052
3556.74989 18.820 0.072
3558.58569 18.654 0.054
3559.68159 18.631 0.053
3560.63472 18.851 0.055
3560.72677 18.631 0.051
3560.76311 18.660 0.053
3560.79227 18.798 0.053
3560.81555 18.819 0.067
3560.84105 18.566 0.060
3561.47648 18.729 0.101
3561.63091 18.610 0.051
3561.75009 18.706 0.050
3561.78009 18.619 0.049
3561.84212 18.768 0.067
3562.45994 18.739 0.104
3562.52576 18.683 0.052
3562.57649 18.813 0.060
3562.61917 18.692 0.064
3562.68083 18.540 0.050
3562.73188 18.731 0.056
3562.78939 18.759 0.062
3562.84199 18.661 0.065
3563.47102 19.050 0.118
3563.58013 18.702 0.049
3563.74665 18.448 0.052
3563.81802 19.380 0.158
3564.51139 18.889 0.122
3564.63543 18.542 0.046
3564.78897 18.658 0.072
3565.48809 18.889 0.121
3568.80493 18.772 0.081
3569.48661 18.650 0.095
3569.52491 18.812 0.109
3573.68951 18.619 0.068
3573.71648 18.557 0.063
3574.71748 18.527 0.055
3575.65635 18.546 0.046
3576.71880 18.725 0.072
3577.76713 18.855 0.075
3578.70378 18.578 0.046
3579.64908 18.797 0.059
3580.68561 18.918 0.079
3581.70199 18.641 0.052
3582.62780 18.753 0.056
3583.66442 18.570 0.054
3584.67316 18.581 0.054
3585.67119 18.876 0.058
3586.70260 18.766 0.051
3588.75367 18.689 0.065
3589.71500 18.573 0.058
3590.71113 18.693 0.060
3592.68385 18.631 0.049
3597.67421 18.723 0.092
3601.68744 18.612 0.061
3602.68759 18.765 0.078
3603.66774 18.542 0.055
3607.66625 18.849 0.074
3608.68220 18.688 0.060
3615.60950 18.521 0.048
3618.61300 18.710 0.064
3620.57623 18.621 0.047
3628.57827 18.425 0.056
3630.59231 18.890 0.088
3632.61978 18.768 0.106
3634.52316 18.764 0.056
3639.53020 18.550 0.042
3641.57573 18.980 0.096
3644.54054 18.440 0.049
3649.52992 18.814 0.070
3651.58201 18.956 0.107
3654.56708 18.803 0.119
3655.54719 18.554 0.058
3659.54215 18.896 0.122
3662.54664 18.900 0.120
3665.51715 18.613 0.074
3672.51844 19.238 0.177
3777.85183 18.645 0.071
3782.88781 18.582 0.050
3785.84945 18.758 0.064
3787.87015 18.517 0.047
3791.84453 18.979 0.109
3793.88874 18.562 0.048
3795.87297 18.559 0.056
3796.90541 18.647 0.060
3798.83631 18.521 0.049
3799.89067 18.529 0.062
3801.84545 18.734 0.062
3802.87987 18.824 0.067
3804.79308 18.726 0.070
3805.83159 18.687 0.060
3806.82831 18.672 0.064
3807.85252 18.654 0.059
3808.85616 18.651 0.070
3809.91305 18.649 0.068
3810.90911 18.562 0.057
3811.79967 18.863 0.093
3812.88061 18.666 0.064
3813.86033 18.738 0.062
3814.85576 18.532 0.049
3818.77342 18.534 0.055
3819.83706 18.559 0.041
3820.80110 18.854 0.055
3821.80427 18.730 0.056
3822.84794 18.617 0.051
3823.80893 18.839 0.055
3824.79537 18.567 0.068
3824.80287 18.664 0.071
3825.83496 18.604 0.053
3826.79467 18.763 0.064
3827.83511 18.637 0.045
3828.81518 18.770 0.062
3829.74300 18.554 0.056
3830.77155 18.611 0.049
3832.77489 18.580 0.050
3833.80217 18.584 0.041
3834.77411 18.552 0.047
3835.76281 18.532 0.052
3836.72425 18.715 0.070
3837.76489 18.826 0.078
3838.77283 18.648 0.076
3838.89023 18.788 0.060
3839.76876 18.752 0.069
3840.77190 18.588 0.056
3841.72710 18.742 0.072
3841.87704 18.515 0.049
3842.71872 18.703 0.110
3845.74861 18.787 0.145
3846.75947 18.592 0.051
3846.88820 18.834 0.062
3847.83256 18.724 0.070
3848.78260 18.763 0.073
3848.90576 19.005 0.091
3849.78014 18.646 0.055
3850.72529 18.600 0.055
3850.89816 18.581 0.065
3851.73892 18.614 0.052
3851.90369 18.689 0.065
3852.72746 18.777 0.070
3852.85128 18.613 0.052
3852.93295 18.875 0.130
3853.72018 18.433 0.035
3853.88435 18.688 0.047
3856.70840 18.776 0.061
3856.89647 18.656 0.052
3858.74528 18.670 0.057
3859.86541 18.838 0.076
3860.70070 18.770 0.066
3861.69813 18.599 0.059
3861.80224 18.754 0.053
3861.90115 18.526 0.044
3862.67995 18.816 0.068
3862.89471 18.844 0.077
3863.69281 18.547 0.048
3863.83658 18.574 0.047
3863.91271 18.627 0.045
3864.70959 18.512 0.046
3864.89580 18.605 0.047
3865.66950 18.568 0.057
3865.80519 18.515 0.046
3865.88377 18.643 0.054
3866.64256 18.839 0.075
3866.71506 18.665 0.050
3866.85455 18.562 0.050
3866.92891 18.592 0.044
3867.66099 18.735 0.068
3867.84643 18.740 0.063
3867.91666 18.629 0.056
3868.66877 18.683 0.079
3868.70615 18.604 0.065
3868.81099 18.592 0.056
3868.85097 18.588 0.068
3868.89255 18.876 0.088
3868.92473 18.800 0.084
3869.61933 18.851 0.091
3869.65373 18.731 0.068
3869.68557 18.676 0.063
3869.74703 18.589 0.059
3869.81668 18.817 0.090
3869.86668 18.611 0.067
3869.90306 18.577 0.067
3869.93767 18.856 0.116
3870.69461 19.589 0.328
3870.75441 18.507 0.083
3870.84136 18.717 0.132
3872.74053 18.437 0.051
3872.85179 18.788 0.067
3873.62090 18.569 0.060
3873.70236 18.721 0.058
3873.84143 18.812 0.065
3873.91192 18.773 0.065
3874.70364 18.525 0.052
3874.87212 18.550 0.049
3875.64031 18.806 0.057
3875.78758 18.633 0.040
3875.86628 18.680 0.050
3876.60528 18.614 0.056
3876.66370 18.641 0.047
3877.66820 18.534 0.044
3877.81641 18.783 0.056
3877.89020 18.564 0.056
3877.92864 18.640 0.066
3879.92509 19.144 0.112
3879.93286 18.866 0.095
3880.60132 18.623 0.047
3880.87173 18.551 0.051
3880.94527 18.613 0.104
3881.69198 18.760 0.056
3881.83472 18.545 0.044
3882.60408 18.842 0.073
3882.80700 18.549 0.050
3882.87721 18.576 0.049
3883.66945 18.734 0.055
3883.90527 18.425 0.042
3886.63471 18.608 0.046
3886.82424 18.598 0.046
3886.89630 18.627 0.052
3886.92231 18.556 0.056
3887.60479 18.731 0.063
3887.80747 18.622 0.057
3887.83528 18.644 0.056
3887.90732 18.932 0.083
3888.63562 18.590 0.055
3889.68726 18.670 0.048
3889.78328 18.593 0.047
3889.79502 18.641 0.057
3889.83447 18.721 0.058
3889.85231 18.882 0.060
3889.90479 18.772 0.062
3889.93122 18.529 0.060
3890.56007 18.875 0.093
3890.57553 18.936 0.092
3890.62499 18.569 0.052
3890.63492 18.532 0.048
3890.64373 18.508 0.047
3890.66090 18.468 0.043
3890.66983 18.517 0.043
3890.67879 18.492 0.043
3890.69906 18.553 0.039
3890.72211 18.564 0.038
3891.55443 18.730 0.090
3891.60146 18.686 0.064
3891.63612 18.850 0.072
3891.68852 18.630 0.060
3891.71187 18.501 0.050
3891.75805 18.559 0.059
3891.78727 18.930 0.100
3891.81707 18.677 0.058
3891.82884 18.833 0.061
3891.86943 18.603 0.068
3891.91051 18.658 0.062
3892.55290 18.530 0.081
3892.56387 18.835 0.093
3892.59852 18.643 0.088
3892.62222 18.473 0.062
3892.65818 18.624 0.054
3892.73210 18.787 0.057
3892.82596 18.705 0.062
3892.92709 18.780 0.102
3893.57326 18.809 0.095
3893.61338 18.843 0.085
3893.65649 18.619 0.060
3893.81755 18.780 0.076
3893.90784 18.576 0.073
3894.63321 18.781 0.089
3894.70430 18.666 0.072
3894.75656 18.526 0.058
3894.80182 18.815 0.095
3894.84625 19.049 0.106
3894.87896 18.808 0.084
3896.56367 18.687 0.099
3896.60366 19.066 0.134
3896.61875 19.120 0.149
3896.63311 18.796 0.097
3896.64806 19.097 0.123
3896.66231 18.822 0.089
3896.67870 18.796 0.094
3896.69024 18.679 0.068
3896.70163 18.471 0.051
3896.71711 18.589 0.065
3896.72874 18.525 0.055
3896.74310 18.659 0.066
3896.76117 18.746 0.075
3896.77836 18.720 0.088
3896.79707 18.777 0.103
3896.82703 18.799 0.105
3900.52541 18.873 0.123
3900.56336 18.654 0.075
3900.61408 18.577 0.057
3900.65209 18.595 0.064
3900.70110 18.566 0.076
3900.73811 18.696 0.057
3900.74978 18.607 0.054
3900.76437 18.600 0.056
3900.82516 18.669 0.062
3900.88532 18.823 0.079
3901.56530 18.997 0.112
3901.57720 18.744 0.082
3901.75200 18.839 0.084
3901.76669 18.810 0.063
3901.82881 18.654 0.071
3901.88949 18.440 0.062
3901.90127 18.719 0.080
3902.55449 18.446 0.048
3902.58607 18.677 0.056
3902.59813 18.664 0.056
3902.64393 18.927 0.069
3902.71088 18.688 0.051
3902.73767 18.571 0.050
3902.76384 18.687 0.056
3902.77430 18.748 0.068
3902.78326 18.652 0.059
3902.79262 18.709 0.069
3902.80518 18.521 0.050
3902.82032 18.855 0.080
3902.82971 18.679 0.067
3902.84573 18.831 0.081
3902.85942 18.729 0.067
3902.89016 18.590 0.078
3902.90553 18.540 0.077
3903.68698 18.717 0.058
3904.58114 18.699 0.045
3904.74440 18.599 0.056
3904.81338 18.740 0.056
3904.86620 18.602 0.055
3905.57807 18.615 0.046
3905.75209 18.497 0.040
3905.82469 18.729 0.045
3905.89327 18.676 0.064
3906.51672 19.083 0.122
3906.68657 18.699 0.060
3906.75953 18.714 0.057
3906.83221 18.415 0.052
3906.85017 18.619 0.058
3906.88264 18.805 0.075
3907.62324 18.838 0.063
3907.81809 18.748 0.089
3907.89063 18.871 0.105
3908.55942 18.583 0.053
3908.74987 18.746 0.060
3908.82513 18.663 0.052
3909.56452 18.781 0.066
3909.75891 18.801 0.053
3909.84082 18.548 0.053
3910.61325 18.643 0.046
3912.56365 18.654 0.039
3912.76044 18.625 0.043
3912.84833 18.452 0.042
3913.56143 18.434 0.038
3913.76363 18.549 0.056
3913.85344 18.738 0.056
3914.57888 18.891 0.073
3915.55942 18.686 0.061
3915.76274 18.587 0.050
3915.85975 18.677 0.067
3916.60730 18.621 0.064
3916.77993 18.511 0.067
3917.64726 18.647 0.064
3917.85015 18.561 0.069
3918.64072 18.910 0.079
3918.85044 18.677 0.075
3919.59360 18.627 0.063
3919.82005 18.840 0.086
3920.54523 18.641 0.049
3920.74149 18.716 0.060
3920.82025 18.665 0.049
3921.53824 18.700 0.061
3921.74870 18.678 0.090
3922.74516 18.691 0.080
3930.59277 18.642 0.056
3931.54384 18.711 0.062
3931.66726 18.621 0.057
3932.55570 18.627 0.068
3933.54466 18.725 0.054
3933.72595 19.020 0.074
3933.80161 18.616 0.063
3934.51543 18.602 0.060
3934.63948 18.692 0.047
3934.70925 18.555 0.052
3934.77828 18.797 0.056
3935.56525 18.734 0.079
3935.73656 18.708 0.067
3935.78834 18.732 0.065
3936.51887 18.762 0.075
3936.68419 18.564 0.055
3936.76177 18.915 0.073
3937.59407 18.625 0.052
3938.52640 18.764 0.079
3938.72799 18.840 0.073
3938.77720 18.586 0.063
3940.62940 18.553 0.039
3941.67355 18.748 0.075
3944.58290 18.838 0.061
3945.53178 18.618 0.065
3945.71982 18.502 0.051
3946.54205 18.776 0.072
3946.73145 18.586 0.049
3950.54995 18.563 0.042
3950.76944 18.753 0.071
3951.54619 18.837 0.079
3956.59260 18.852 0.095
3957.53348 18.841 0.086
3958.60625 18.942 0.082
3958.63530 18.692 0.074
3959.54619 18.836 0.074
3959.71058 18.505 0.058
3960.52417 18.676 0.053
3960.70409 18.745 0.051
3961.52381 18.852 0.085
3961.59926 18.865 0.098
3961.66529 18.766 0.098
3963.48578 18.638 0.066
3963.66035 18.503 0.050
3963.73369 18.784 0.080
3964.55587 18.579 0.047
3965.54519 18.792 0.052
3965.73509 18.630 0.056
3966.53710 18.608 0.054
3966.71957 18.651 0.064
3967.56094 18.645 0.081
3968.52363 19.049 0.095
3968.69513 18.880 0.081
3969.52752 18.652 0.069
3969.70614 18.521 0.055
3970.53933 18.732 0.074
3970.71926 18.719 0.060
3971.57912 18.796 0.083
3973.60427 18.675 0.058
3974.53411 18.798 0.083
3975.53660 18.561 0.050
3976.53135 18.810 0.065
3979.54112 19.211 0.173
3982.60829 18.547 0.065
3986.60833 18.697 0.068
3987.53075 18.858 0.075
3988.54357 18.711 0.053
3989.60525 18.834 0.090
3990.64752 18.631 0.065
3994.50024 18.684 0.081
3995.59785 18.504 0.049
3999.63540 18.681 0.063
4000.54244 18.722 0.072
4001.53220 18.756 0.079
4002.52891 18.623 0.057
4004.55183 18.843 0.098
4005.55453 18.728 0.076
4006.54922 18.745 0.057
4012.52492 18.699 0.085
4016.56681 18.853 0.102
4018.57940 18.738 0.086
4021.56336 18.802 0.089
4024.51110 18.608 0.074
4026.50663 18.522 0.052
4028.52265 18.693 0.071
4031.52274 18.580 0.071
4038.52794 19.176 0.150
4041.52708 18.807 0.123
4142.87817 18.728 0.101
4151.88332 18.564 0.067
4154.83075 18.805 0.070
4156.88374 18.623 0.076
4159.81780 18.817 0.082
4161.87123 18.593 0.071
4163.88722 18.728 0.059
4165.84408 18.903 0.121
4168.84161 18.796 0.086
4170.84270 18.683 0.071
4175.87767 18.627 0.057
4177.77740 18.575 0.060
4178.83476 18.614 0.060
4179.87463 18.710 0.058
4181.81103 18.709 0.063
4182.85962 18.657 0.051
4183.89211 18.622 0.059
4185.76854 18.647 0.064
4191.77910 18.712 0.080
4193.79020 18.657 0.081
4194.81305 18.688 0.072
4196.80307 18.515 0.056
4202.78465 18.730 0.056
4203.77242 18.547 0.046
4204.70721 18.762 0.075
4204.73063 18.731 0.068
4204.76479 18.634 0.064
4204.80708 18.558 0.049
4204.84109 18.547 0.047
4204.87522 18.634 0.051
4204.91343 18.698 0.057
4205.70750 18.586 0.072
4205.76301 18.706 0.053
4205.83637 18.600 0.044
4205.91440 18.616 0.057
4207.75426 18.708 0.057
4208.70820 18.665 0.070
4211.81953 18.871 0.093
4212.84908 18.645 0.073
4213.75714 18.715 0.057
4215.77018 18.818 0.080
4216.72805 18.539 0.054
4216.93326 18.644 0.081
4217.73555 18.578 0.047
4217.89684 18.637 0.045
4218.78531 18.759 0.090
4219.79256 18.692 0.058
4220.73435 18.683 0.065
4222.70018 18.623 0.073
4224.81334 18.715 0.066
4228.70564 18.786 0.073
4229.69922 18.658 0.074
4229.89619 18.709 0.063
4230.64742 18.792 0.067
4230.83540 18.691 0.067
4230.89709 18.573 0.074
4231.67138 18.845 0.070
4231.72248 18.777 0.065
4231.87748 18.714 0.073
4232.65913 19.000 0.126
4232.78414 18.920 0.087
4232.92166 18.560 0.073
4233.85187 18.710 0.070
4234.77945 18.598 0.058
4234.90180 18.792 0.076
4235.69577 18.548 0.050
4235.75321 18.572 0.050
4235.85684 18.528 0.055
4235.91895 18.723 0.105
4237.62231 18.699 0.090
4238.69366 18.586 0.056
4239.66553 18.689 0.066
4240.70519 18.493 0.051
4240.86158 18.525 0.064
4243.67085 18.568 0.068
4243.76428 18.631 0.059
4243.85716 18.555 0.064
4244.64304 18.721 0.078
4244.73940 18.550 0.051
4244.83200 18.615 0.061
4245.63612 18.523 0.052
4245.73043 18.708 0.056
4245.82591 18.481 0.050
4245.89851 18.810 0.079
4246.69480 18.573 0.057
4246.78792 18.759 0.062
4246.88062 18.436 0.054
4247.70983 18.699 0.070
4250.75791 18.631 0.063
4256.65032 18.638 0.084
4256.79585 18.658 0.092
4257.67722 18.810 0.074
4258.66056 18.678 0.072
4258.78339 18.597 0.064
4258.87600 18.629 0.077
4267.62024 18.717 0.066
4268.73096 18.570 0.048
4268.86721 18.647 0.071
4269.60246 18.530 0.048
4269.75273 18.536 0.054
4270.53716 18.551 0.074
4272.58363 18.649 0.062
4272.73353 18.797 0.062
4272.79216 18.601 0.065
4272.86352 18.618 0.075
4273.64401 18.588 0.067
4273.82216 18.790 0.081
4273.88337 18.516 0.096
4274.57508 18.654 0.079
4274.72801 18.795 0.081
4274.78892 18.455 0.054
4274.86216 18.758 0.093
4275.62664 18.663 0.068
4275.80189 18.647 0.085
4275.86301 18.561 0.088
4276.61136 18.617 0.075
4277.55508 18.796 0.094
4277.73216 18.624 0.063
4277.79080 18.571 0.081
4278.60002 18.900 0.102
4278.78650 18.815 0.115
4283.53762 18.777 0.087
4284.52940 18.712 0.090
4284.67976 18.662 0.075
4284.73914 18.543 0.056
4284.80118 18.697 0.081
4284.86616 18.727 0.119
4285.53258 18.852 0.093
4285.72610 18.779 0.076
4285.78741 18.487 0.061
4285.85262 18.628 0.075
4286.53234 18.624 0.081
4286.84055 18.883 0.138
4289.54321 18.629 0.071
4289.76212 18.740 0.075
4289.82694 18.613 0.065
4290.58950 18.644 0.074
4291.60919 18.543 0.050
4292.51476 18.535 0.048
4292.69377 18.525 0.051
4292.75257 18.607 0.049
4292.81556 18.713 0.081
4293.51552 18.786 0.064
4293.69968 18.722 0.061
4293.75844 18.551 0.052
4293.79869 18.536 0.056
4293.83620 18.865 0.099
4294.51414 18.710 0.062
4295.52430 18.560 0.058
4295.71940 18.490 0.045
4295.77800 18.521 0.049
4296.51840 18.771 0.071
4296.72411 18.727 0.065
4297.53820 18.567 0.059
4297.74276 18.808 0.069
4298.57267 18.574 0.069
4298.68429 18.740 0.065
4298.82171 18.702 0.086
4299.55976 18.705 0.049
4299.64967 18.492 0.047
4299.74096 18.603 0.053
4300.55641 18.659 0.063
4300.67155 18.618 0.053
4300.81656 18.740 0.076
4301.54253 18.599 0.054
4301.63878 18.645 0.054
4301.74096 18.622 0.054
4302.61552 18.816 0.079
4302.78060 19.011 0.114
4303.70210 18.495 0.057
4304.58039 18.470 0.065
4306.58614 18.661 0.083
4306.72266 18.554 0.075
4310.63975 18.579 0.090
4312.52734 18.794 0.098
4312.77021 18.468 0.059
4314.78479 18.791 0.104
4315.55882 18.724 0.067
4316.58908 18.737 0.058
4317.51098 18.714 0.062
4319.54606 18.502 0.053
4319.69202 18.510 0.071
4320.61337 18.530 0.059
4326.56280 18.860 0.066
4326.73894 18.939 0.102
4327.61443 18.833 0.085
4328.47958 18.790 0.085
4328.71924 18.635 0.081
4329.54960 18.739 0.080
4329.69763 18.653 0.074
4330.47991 18.657 0.061
4330.71720 18.518 0.057
4331.52206 18.757 0.058
4332.53206 18.586 0.047
4333.55706 18.540 0.069
4334.52979 18.776 0.079
4338.52719 18.690 0.083
4338.70508 18.431 0.081
4339.52332 18.694 0.070
4340.64350 18.612 0.062
4341.52757 18.607 0.082
4342.55961 18.676 0.072
4343.54347 18.654 0.056
4344.57304 18.646 0.069
4345.53514 18.709 0.058
4346.54474 18.544 0.068
4347.55908 18.650 0.070
4349.52478 18.550 0.056
4350.57824 18.567 0.051
4351.52995 18.640 0.058
4352.58627 18.661 0.093
4353.54961 18.796 0.081
4354.56899 18.635 0.066
4355.57683 18.521 0.070
4356.53402 18.721 0.080
4357.50542 18.521 0.068
4358.54884 18.635 0.069
4359.51780 18.697 0.087
4361.53114 18.898 0.122
4362.54852 18.549 0.093
4365.58677 18.796 0.091
4367.54018 18.546 0.070
4368.51313 18.607 0.088
4369.59229 18.571 0.099
4370.51949 18.562 0.055
4371.49457 18.784 0.075
4372.54370 18.869 0.068
4373.53475 18.494 0.072
4377.50799 18.780 0.070
4378.54234 18.660 0.065
4379.56433 18.751 0.111
4380.49981 18.721 0.067
4381.54745 18.718 0.102
4382.53397 18.699 0.095
4383.53817 18.788 0.093
4384.51258 18.577 0.090
4388.58362 18.903 0.126
4393.55465 18.640 0.067
4394.52785 18.698 0.071
4395.56402 18.712 0.090
4396.53381 18.727 0.107
4397.55750 18.895 0.117
4398.56284 18.657 0.085
4399.51278 18.851 0.107
4400.55725 18.750 0.126
4403.51114 18.868 0.119
4409.52856 18.810 0.122
4507.88682 18.644 0.097
4511.85403 18.534 0.052
4511.87384 18.540 0.049
4513.88522 18.702 0.061
4517.88434 18.535 0.077
4521.82367 18.559 0.078
4523.89609 18.499 0.063
4525.84000 18.654 0.098
4530.90558 18.756 0.071
4531.84788 18.816 0.073
4534.86950 18.696 0.082
4536.80154 18.909 0.103
4537.86168 18.666 0.050
4538.89408 18.561 0.055
4539.88018 18.522 0.052
4540.82410 18.593 0.052
4541.81663 18.595 0.050
4542.81139 18.666 0.066
4543.80690 18.466 0.047
4544.80386 18.648 0.064
4545.76800 18.613 0.076
4546.77465 18.730 0.077
4547.74937 18.449 0.066
4548.84166 18.814 0.097
4548.89259 18.797 0.101
4550.77172 18.683 0.093
4551.79281 18.672 0.088
4552.74205 18.697 0.124
4556.78144 18.539 0.053
4557.80259 18.635 0.060
4558.73225 18.540 0.055
4559.77311 18.584 0.053
4560.77350 18.835 0.072
4561.76280 18.506 0.043
4564.75306 18.545 0.050
4565.75109 18.781 0.052
4566.75054 18.536 0.045
4567.75048 18.704 0.057
4568.75999 18.749 0.059
4569.76762 18.590 0.058
4570.75568 18.699 0.066
4571.74735 18.858 0.094
4572.77419 18.562 0.052
4573.76234 18.779 0.066
4574.76492 18.577 0.061
4574.91294 18.606 0.060
4575.77372 18.596 0.060
4576.79285 18.582 0.046
4576.88362 18.625 0.065
4576.91524 18.625 0.069
4577.86192 18.591 0.060
4577.91795 18.567 0.054
4578.81626 18.411 0.061
4579.89009 18.519 0.073
4583.76032 18.652 0.074
4585.78727 18.534 0.072
4586.76338 18.752 0.080
4587.79695 18.700 0.073
4588.67211 18.829 0.087
4588.90459 18.482 0.046
4589.71854 18.687 0.060
4589.87384 18.583 0.068
4589.93573 18.552 0.085
4590.72732 18.597 0.059
4590.92927 18.796 0.072
4591.66843 18.782 0.072
4591.87977 18.578 0.057
4592.68864 18.590 0.052
4592.87794 18.631 0.065
4593.67783 18.613 0.057
4593.88766 18.506 0.052
4593.92752 18.448 0.055
4594.69908 18.759 0.067
4594.89391 18.613 0.067
4595.69162 18.543 0.056
4595.88290 18.521 0.056
4596.68346 18.704 0.063
4597.70811 18.748 0.070
4597.89972 18.622 0.059
4598.68431 18.548 0.042
4599.65681 18.778 0.072
4600.66918 18.565 0.049
4600.87786 18.650 0.054
4601.67171 18.544 0.045
4601.88796 18.518 0.045
4602.66427 18.621 0.049
4602.88859 18.475 0.043
4603.87568 18.525 0.056
4606.67211 18.390 0.045
4606.92731 18.740 0.077
4610.77454 18.440 0.066
4611.65095 18.504 0.058
4611.79982 18.427 0.047
4612.67247 18.716 0.060
4615.81477 18.846 0.080
4616.62644 18.546 0.056
4616.84274 18.577 0.064
4617.72735 18.589 0.050
4618.63502 18.754 0.063
4622.64858 18.617 0.065
4622.83351 18.559 0.067
4623.69521 18.555 0.061
4623.89282 18.448 0.073
4624.61669 18.592 0.073
4624.83669 18.684 0.064
4624.90574 18.830 0.090
4625.62709 18.776 0.085
4625.84646 18.476 0.066
4625.93501 18.853 0.108
4626.64770 18.727 0.080
4627.58568 18.661 0.056
4627.87511 18.579 0.050
4628.59265 18.663 0.064
4628.78239 18.824 0.080
4628.84472 18.570 0.062
4628.91894 18.506 0.060
4629.65547 18.646 0.053
4629.86312 18.741 0.071
4630.59053 18.658 0.058
4630.80630 18.436 0.045
4630.87585 18.607 0.057
4631.61606 18.716 0.051
4631.81475 18.704 0.054
4631.89012 18.523 0.076
4632.59518 18.484 0.050
4632.88482 18.641 0.078
4633.59221 18.782 0.063
4633.70316 18.553 0.045
4633.83658 18.430 0.052
4638.77665 18.636 0.067
4639.60031 18.635 0.058
4639.69781 18.462 0.050
4640.61843 18.579 0.056
4640.75034 18.473 0.048
4640.76506 18.418 0.045
4641.69400 18.523 0.049
4641.80609 18.578 0.061
4642.61644 18.747 0.058
4642.77863 18.630 0.066
4642.85775 18.477 0.070
4643.57571 18.542 0.055
4644.62419 18.629 0.061
4645.55455 18.555 0.070
4645.80226 18.555 0.061
4645.86781 18.588 0.080
4646.54960 18.737 0.058
4646.87534 18.716 0.081
4647.54591 18.535 0.059
4647.76210 18.637 0.066
4647.78631 18.692 0.075
4648.54300 18.772 0.079
4648.79687 18.658 0.071
4648.87148 18.715 0.090
4649.55321 18.765 0.076
4649.77959 18.793 0.070
4650.55435 18.529 0.057
4650.81746 18.902 0.093
4651.53778 18.910 0.094
4652.52925 18.615 0.070
4652.74346 18.705 0.062
4653.52490 18.692 0.090
4653.74413 18.546 0.058
4654.56398 18.750 0.075
4654.77857 18.520 0.058
4655.52474 18.465 0.057
4655.74934 18.669 0.055
4656.52668 18.674 0.057
4656.71654 18.605 0.057
4656.83588 18.886 0.095
4657.75510 18.708 0.084
4658.68532 18.600 0.077
4660.63758 18.480 0.056
4661.51478 18.537 0.060
4661.71547 18.404 0.054
4661.78249 18.639 0.074
4665.68241 18.553 0.065
4666.58772 18.772 0.068
4666.68866 18.570 0.068
4666.73091 18.565 0.066
4666.80325 18.771 0.121
4670.58430 18.596 0.076
4671.60790 18.612 0.047
4671.78000 18.763 0.091
4672.53375 18.605 0.048
4672.68393 18.597 0.053
4672.76910 18.514 0.073
4674.53955 18.614 0.065
4674.72976 18.610 0.078
4677.51312 18.632 0.058
4677.59708 18.758 0.073
4677.75264 18.772 0.083
4679.65189 18.746 0.087
4681.56153 18.683 0.062
4681.65453 18.538 0.056
4681.74478 18.734 0.069
4682.57907 18.720 0.070
4682.68282 18.551 0.054
4683.54415 18.698 0.087
4683.73277 18.448 0.058
4684.53674 18.665 0.057
4684.70812 18.822 0.070
4685.47934 18.669 0.090
4685.75684 18.748 0.080
4686.52545 18.850 0.078
4687.52881 18.710 0.076
4687.76471 19.003 0.106
4688.52213 18.511 0.054
4688.71182 18.502 0.058
4693.56977 18.569 0.056
4694.63094 18.847 0.108
4697.52556 18.927 0.092
4698.53099 18.613 0.048
4699.52915 18.717 0.063
4700.53358 18.779 0.060
4701.52884 18.441 0.055
4702.54509 18.478 0.054
4703.61255 18.564 0.068
4704.66792 18.591 0.062
4705.59618 18.565 0.064
4707.62439 18.719 0.057
4708.57629 18.566 0.055
4709.54037 19.085 0.131
4710.58112 18.455 0.055
4715.61538 18.620 0.077
4716.48861 18.574 0.053
4716.61303 18.448 0.068
4720.53078 18.509 0.066
4720.54486 18.576 0.077
4721.53106 18.850 0.113
4722.49685 18.597 0.080
4724.53356 18.725 0.090
4725.51226 18.670 0.073
4726.50837 18.730 0.100
4728.62610 18.918 0.115
4729.49380 18.802 0.089
4729.52906 18.790 0.101
4729.61307 18.713 0.084
4730.49523 18.613 0.060
4731.60219 18.737 0.089
4733.55064 18.785 0.079
4734.57997 18.645 0.071
4737.56860 18.608 0.082
4740.58147 18.556 0.075
4753.57249 18.560 0.082
4758.53825 18.579 0.068
4776.52464 19.457 0.220
4778.52991 18.747 0.108
4869.87405 18.701 0.082
4872.86644 18.524 0.082
4873.88825 18.704 0.088
4875.88807 18.594 0.071
4878.86216 18.711 0.075
4884.87881 18.745 0.064
4887.85122 18.691 0.056
4891.80751 18.888 0.097
4896.89844 18.672 0.066
4899.86618 18.585 0.061
4901.79581 18.593 0.070
4903.79150 18.645 0.062
4905.83975 18.791 0.079
4910.83778 18.541 0.061
4911.87474 18.681 0.046
4913.88824 18.539 0.044
4917.73483 18.730 0.058
4917.91604 18.655 0.070
4921.73663 18.592 0.061
4921.75318 18.729 0.063
4921.78846 18.726 0.057
4925.72342 18.732 0.066
4925.83975 18.599 0.047
4926.71657 18.548 0.070
4927.73958 18.612 0.067
4927.89425 18.573 0.067
4928.78804 18.684 0.065
4929.73467 18.659 0.074
4930.72666 18.601 0.064
4930.87452 18.808 0.077
4931.77082 18.689 0.072
4932.70492 18.445 0.055
4932.90407 18.429 0.051
4933.72080 18.736 0.087
4933.73961 18.598 0.077
4933.89851 18.758 0.078
4934.81945 18.528 0.056
4938.72038 18.703 0.067
4939.68121 18.562 0.065
4940.68120 18.633 0.060
4941.87629 18.921 0.081
4942.69767 18.585 0.052
4942.76962 18.723 0.052
4942.80942 18.478 0.043
4943.71005 18.686 0.053
4943.86688 18.602 0.056
4944.72147 18.779 0.053
4944.87629 18.617 0.051
4945.66662 18.539 0.070
4946.68925 18.594 0.050
4947.68006 18.660 0.053
4948.65971 18.619 0.063
4950.65045 18.673 0.066
4952.78332 18.441 0.048
4953.68354 18.584 0.050
4954.66225 18.781 0.070
4954.72836 18.577 0.057
4955.66299 18.552 0.067
4955.83135 18.546 0.057
