2125.59317 19.345 0.119
2129.66946 19.094 0.048
2132.61206 19.604 0.094
2136.51675 19.130 0.081
2140.72332 19.714 0.148
2144.59867 18.936 0.058
2160.58276 18.942 0.068
2187.55809 19.171 0.091
2206.55161 18.851 0.099
2355.86799 19.539 0.080
2365.78713 19.237 0.088
2372.82622 18.974 0.045
2403.88130 18.976 0.047
2414.77043 19.225 0.061
2416.79986 18.877 0.055
2424.89520 18.956 0.127
2428.79477 19.458 0.096
2432.83918 18.897 0.064
2434.70507 19.135 0.063
2436.76114 19.033 0.051
2436.76777 18.983 0.048
2438.73095 19.144 0.058
2440.77094 18.851 0.040
2443.73199 19.509 0.089
2445.61303 18.772 0.043
2448.61649 19.112 0.072
2453.85926 19.591 0.115
2456.56713 18.915 0.066
2458.70311 19.491 0.084
2460.77779 18.982 0.070
2463.52471 19.489 0.085
2466.74036 18.848 0.055
2468.61264 19.052 0.053
2470.61605 18.849 0.051
2481.53080 19.584 0.172
2484.60493 19.448 0.095
2486.69769 18.847 0.066
2490.66428 18.964 0.064
2493.62645 19.553 0.095
2495.69783 18.911 0.050
2498.49125 19.194 0.054
2500.52671 19.014 0.058
2502.54873 18.931 0.045
2508.64811 19.084 0.079
2512.59552 19.000 0.057
2517.63743 18.959 0.049
2520.56423 18.839 0.043
2526.65325 19.116 0.057
2542.50027 18.882 0.072
2547.56766 18.887 0.057
2551.60637 19.497 0.119
2556.55872 18.809 0.081
2564.51581 19.062 0.073
2574.54958 18.937 0.068
2706.90429 19.016 0.062
2714.88451 19.303 0.068
2728.91545 19.159 0.075
2733.89660 18.827 0.057
2744.88276 18.950 0.043
2753.86848 18.903 0.045
2756.93947 18.939 0.077
2760.88243 19.074 0.064
2766.93558 19.121 0.082
2770.80787 18.871 0.062
2783.75105 19.018 0.047
2785.86305 19.423 0.103
2786.91642 19.092 0.075
2789.72832 19.002 0.046
2791.70780 18.990 0.051
2794.92637 19.137 0.081
2796.79367 18.976 0.043
2809.69990 19.046 0.052
2810.86678 19.238 0.086
2811.89985 18.933 0.077
2813.69535 18.916 0.053
2814.72317 18.895 0.047
2816.58065 18.992 0.053
2818.56817 19.259 0.067
2820.73327 18.902 0.055
2826.73377 19.457 0.076
2836.71477 18.968 0.062
2839.66033 19.049 0.065
2841.68950 19.328 0.080
2843.60864 19.106 0.061
2845.63793 19.571 0.101
2850.49867 19.280 0.072
2852.51544 19.071 0.068
2854.51543 19.057 0.069
2856.69816 18.903 0.073
2858.66350 18.967 0.049
2862.59010 19.127 0.091
2865.69941 19.085 0.067
2868.57923 18.890 0.041
2871.68699 19.057 0.049
2876.57005 18.996 0.053
2879.61421 19.164 0.064
2885.51222 18.659 0.062
2894.61694 19.519 0.104
2898.60181 19.539 0.104
2904.57462 19.133 0.088
2909.56981 19.466 0.106
2917.60903 18.956 0.070
2930.55162 18.924 0.061
3134.86699 18.904 0.113
