2117.77665 19.500 0.093
2128.73398 19.285 0.067
2131.59798 19.720 0.081
2135.62081 19.697 0.067
2140.60308 19.496 0.081
2143.70938 19.487 0.067
2165.55464 19.520 0.075
2172.50611 19.533 0.094
2185.53435 19.460 0.087
2200.58129 20.127 0.233
2329.86777 19.570 0.070
2346.85786 19.466 0.063
2351.88967 20.258 0.120
2351.89409 20.156 0.109
2360.89702 19.688 0.069
2371.86952 19.710 0.079
2381.88206 19.545 0.068
2385.89737 19.797 0.087
2389.90863 19.593 0.070
2391.79994 19.498 0.113
2402.89607 19.596 0.077
2405.73326 19.680 0.071
2415.80794 19.569 0.079
2417.83510 19.885 0.118
2433.90502 19.735 0.153
2435.71468 19.482 0.068
2437.77796 19.429 0.073
2439.72056 19.558 0.052
2441.67573 19.582 0.060
2444.68959 19.604 0.085
2446.77066 19.660 0.092
2452.70377 19.880 0.158
2458.81917 19.568 0.081
2462.62619 19.604 0.059
2464.63973 19.660 0.062
2467.52929 19.625 0.068
2469.53988 19.689 0.062
2471.72324 19.519 0.051
2473.52809 19.694 0.093
2483.60802 19.682 0.077
2486.58666 19.736 0.098
2490.55857 19.726 0.082
2493.51680 19.620 0.070
2495.59291 19.587 0.079
2497.64740 19.609 0.070
2499.69342 19.695 0.065
2501.71293 19.486 0.064
2508.53003 19.725 0.092
2511.70856 19.458 0.100
2518.62775 19.625 0.071
2521.63980 19.608 0.073
2535.56715 19.618 0.104
2541.49095 19.639 0.079
2546.58401 19.588 0.096
2551.49575 19.858 0.131
2555.59175 19.652 0.129
2562.54500 19.579 0.111
2573.51359 19.728 0.141
2704.88605 19.567 0.067
2713.86792 19.774 0.093
2727.91582 19.607 0.062
2733.81569 19.521 0.073
2752.82879 19.448 0.073
2757.79413 19.398 0.060
2759.93006 19.448 0.108
2766.80053 19.556 0.063
2770.68571 19.649 0.095
2782.92665 19.709 0.129
2784.90645 19.522 0.080
2786.76837 19.618 0.086
2789.64054 19.628 0.073
2791.59681 19.688 0.075
2794.75676 20.118 0.134
2796.70686 19.596 0.056
2802.78625 19.726 0.134
2810.73256 19.548 0.056
2812.69049 19.647 0.071
2813.77692 19.517 0.079
2815.71174 19.692 0.065
2816.84746 19.499 0.078
2817.85609 19.836 0.127
2818.65620 19.727 0.073
2819.65035 19.637 0.064
2821.62053 19.761 0.082
2830.66306 19.566 0.100
2835.58725 19.672 0.148
2836.82010 19.111 0.122
2838.71331 19.616 0.074
2840.69111 19.672 0.077
2842.75761 19.742 0.092
2844.75432 19.540 0.063
2849.66872 19.588 0.075
2851.68652 19.817 0.099
2853.69201 19.662 0.071
2856.57294 19.607 0.081
2858.54234 19.543 0.070
2860.69594 19.451 0.128
2862.71386 19.554 0.104
2865.64871 19.518 0.059
2867.68606 19.543 0.064
2869.69992 19.834 0.108
2872.58686 19.570 0.064
2877.55907 19.741 0.086
2882.61681 19.587 0.060
2890.67305 19.584 0.143
2894.63666 19.741 0.127
2898.62307 19.769 0.118
2903.56608 19.520 0.061
2916.55939 19.534 0.083
2925.58642 19.737 0.121
2937.54754 19.414 0.106
3049.88726 19.605 0.082
