2127.53364 16.335 0.007
2130.56632 16.337 0.007
2133.57596 16.399 0.007
2136.69727 16.321 0.007
2141.68722 16.321 0.009
2172.57758 16.300 0.007
2189.56217 16.320 0.008
2214.54421 16.298 0.010
2337.87389 16.282 0.007
2352.89601 16.375 0.008
2361.88988 16.280 0.007
2373.84069 16.373 0.007
2384.85605 16.311 0.007
2388.87507 16.283 0.007
2390.89396 16.426 0.007
2397.68755 16.393 0.007
2401.87531 16.312 0.007
2404.69065 16.414 0.007
2406.83879 16.312 0.007
2416.81600 16.277 0.007
2428.89883 16.352 0.007
2433.62447 16.278 0.007
2434.91313 16.337 0.007
2436.90032 16.293 0.007
2438.84946 16.412 0.007
2440.87360 16.277 0.007
2441.80114 16.336 0.007
2444.86621 16.320 0.008
2445.72144 16.407 0.007
2448.76830 16.369 0.009
2454.68315 16.293 0.007
2460.69128 16.291 0.007
2463.63432 16.325 0.007
2466.54618 16.359 0.007
2468.79564 16.317 0.007
2470.77921 16.298 0.007
2484.70763 16.306 0.008
2487.65796 16.314 0.007
2491.53722 16.305 0.008
2496.57406 16.334 0.006
2498.61486 16.307 0.006
2500.63833 16.405 0.007
2502.65642 16.291 0.008
2510.55593 16.377 0.007
2516.70972 16.321 0.009
2518.69431 16.318 0.008
2521.68582 16.336 0.007
2529.54050 16.282 0.007
2538.59033 16.355 0.007
2543.48917 16.275 0.007
2548.54434 16.404 0.008
2552.58032 16.339 0.007
2557.54397 16.289 0.007
2564.54446 16.306 0.007
2584.51227 16.282 0.008
2709.86531 16.361 0.007
2719.89843 16.396 0.007
2730.80905 16.322 0.007
2734.89689 16.301 0.007
2747.78028 16.312 0.008
2754.79127 16.320 0.007
2757.87432 16.381 0.008
2763.82379 16.331 0.007
2767.90350 16.388 0.009
2775.84593 16.305 0.008
2783.89943 16.319 0.007
2785.72302 16.332 0.007
2787.82148 16.339 0.007
2790.65317 16.308 0.006
2793.71539 16.301 0.007
2795.68089 16.353 0.007
2797.68616 16.313 0.007
2809.81195 16.324 0.007
2811.72889 16.319 0.007
2812.85632 16.360 0.007
2814.79412 16.301 0.007
2816.68384 16.318 0.007
2818.69258 16.328 0.007
2819.83104 16.352 0.007
2821.74581 16.317 0.007
2829.82096 16.396 0.008
2835.72185 16.318 0.007
2837.73555 16.308 0.008
2839.79584 16.397 0.007
2841.81871 16.303 0.007
2843.74303 16.323 0.007
2845.72876 16.315 0.007
2850.67507 16.331 0.007
2852.63603 16.305 0.008
2854.63636 16.309 0.007
2857.54033 16.339 0.007
2862.73379 16.292 0.008
2865.60421 16.302 0.007
2868.63972 16.308 0.007
2871.72374 16.311 0.007
2877.48896 16.414 0.007
2879.68993 16.328 0.008
2885.54481 16.318 0.007
2894.56026 16.381 0.007
2898.56848 16.330 0.008
2904.62546 16.313 0.007
2910.55791 16.293 0.007
2929.56948 16.359 0.009
3052.90013 16.359 0.010
