2125.59967 17.729 0.039
2129.67684 17.720 0.025
2132.61829 17.596 0.023
2141.53350 17.521 0.020
2144.62492 17.705 0.025
2160.59185 17.550 0.027
2187.58868 17.721 0.039
2206.55815 17.590 0.048
2347.81794 17.572 0.023
2357.84491 17.635 0.024
2372.83274 17.598 0.023
2383.78508 17.516 0.020
2386.87661 17.513 0.021
2391.84287 17.787 0.036
2397.73348 17.616 0.023
2401.81332 17.548 0.025
2403.89093 17.599 0.023
2405.87351 17.522 0.025
2415.87145 17.556 0.028
2424.80273 17.620 0.025
2428.83144 17.703 0.025
2432.84557 17.562 0.029
2434.71665 17.563 0.025
2436.77718 17.642 0.023
2438.73990 17.497 0.022
2441.71668 17.506 0.019
2445.61930 17.672 0.025
2448.62648 17.708 0.039
2455.67704 17.700 0.026
2459.58454 17.622 0.025
2463.53277 17.574 0.026
2466.68109 17.647 0.027
2468.62327 17.514 0.020
2470.62622 17.560 0.024
2481.54639 17.753 0.043
2484.61199 17.735 0.035
2486.70405 17.596 0.034
2490.67063 17.645 0.032
2493.63383 17.648 0.026
2495.70406 17.605 0.025
2498.49854 17.602 0.023
2500.53276 17.530 0.025
2502.55524 17.708 0.029
2508.65562 17.519 0.026
2512.60171 17.668 0.031
2517.59787 17.600 0.025
2520.57077 17.592 0.024
2526.65952 17.519 0.022
2538.48268 17.624 0.031
2542.51615 17.662 0.034
2547.57720 17.507 0.025
2552.48316 17.480 0.034
2556.56810 17.529 0.032
2563.57107 17.607 0.033
2575.51401 17.597 0.036
2707.85049 17.712 0.028
2714.89108 17.727 0.024
2721.91732 17.504 0.039
2729.82006 17.656 0.030
2733.90477 17.574 0.030
2744.90365 17.655 0.021
2753.87891 17.694 0.026
2757.77544 17.564 0.024
2760.88959 17.643 0.029
2767.78011 17.584 0.029
2768.85821 17.881 0.024
2770.81776 17.552 0.027
2783.71219 17.755 0.023
2785.80643 17.515 0.026
2786.80909 17.611 0.028
2789.58105 17.527 0.027
2789.73928 17.740 0.024
2790.67079 17.523 0.020
2790.93904 17.550 0.029
2791.74106 17.528 0.022
2792.64016 17.668 0.029
2793.84787 17.735 0.029
2796.81315 17.700 0.025
2797.91803 17.720 0.026
2809.70629 17.536 0.023
2810.88068 17.496 0.026
2812.70400 17.552 0.024
2813.79530 17.564 0.022
2814.73303 17.642 0.026
2816.58789 17.689 0.025
2818.57454 17.654 0.027
2820.74309 17.697 0.034
2826.74439 17.703 0.027
2835.62762 17.594 0.033
2837.62487 17.657 0.036
2839.67148 17.550 0.026
2841.70361 17.725 0.027
2843.61800 17.712 0.028
2845.64439 17.547 0.026
2850.50936 17.523 0.025
2852.52466 17.735 0.034
2854.52524 17.593 0.027
2856.71411 17.687 0.038
2858.67150 17.520 0.023
2859.59207 17.604 0.032
2863.55861 17.476 0.024
2865.66075 17.680 0.034
2867.70455 17.530 0.022
2871.64614 17.692 0.024
2876.60915 17.570 0.026
2878.65936 17.658 0.027
2884.64258 17.687 0.030
2892.67840 17.632 0.042
2895.65249 17.592 0.023
2898.65921 17.575 0.031
2904.58532 17.671 0.038
2909.58630 17.542 0.030
2918.53217 17.588 0.034
2930.56062 17.540 0.029
3058.87926 17.614 0.024
3063.90290 17.572 0.040
3067.87781 17.637 0.022
3070.83775 17.623 0.033
3073.79300 17.532 0.024
3075.82634 17.677 0.027
3079.86986 17.728 0.033
3082.83273 17.660 0.023
3084.88833 17.559 0.019
3086.82233 17.509 0.018
3088.78000 17.604 0.020
3089.88928 17.567 0.019
3091.80648 17.631 0.021
3096.84399 17.563 0.026
3098.89974 17.572 0.018
3100.84576 17.752 0.025
3102.80547 17.623 0.023
3103.87592 17.719 0.028
3106.81285 17.755 0.034
3108.75157 17.643 0.023
3109.78451 17.724 0.023
3111.85046 17.490 0.023
3112.82380 17.747 0.024
3113.85771 17.587 0.021
3114.76780 17.635 0.026
3115.85038 17.729 0.023
3118.91184 17.574 0.025
3122.89532 17.669 0.031
3125.85240 17.646 0.032
3126.88122 17.552 0.025
3127.78680 17.786 0.029
3128.80512 17.581 0.023
3129.77982 17.646 0.048
3131.66743 17.562 0.031
3135.84804 17.541 0.021
3137.92362 17.577 0.023
3138.80786 17.486 0.020
3139.85720 17.578 0.021
3140.85942 17.746 0.032
3142.75165 17.725 0.025
3144.77223 17.530 0.021
3146.76479 17.611 0.024
3151.73450 17.756 0.031
3152.73833 17.568 0.024
3153.74225 17.558 0.027
3153.90710 17.672 0.027
3154.80323 17.589 0.034
3156.80220 17.573 0.030
3158.86086 17.703 0.034
3162.79732 17.533 0.024
3163.75853 17.627 0.025
3164.71693 17.599 0.022
3165.78815 17.537 0.017
3166.87973 17.628 0.036
3168.57579 17.705 0.024
3168.91407 17.757 0.032
3169.71073 17.722 0.026
3170.78837 17.711 0.022
3171.88352 17.725 0.025
3172.73150 17.595 0.017
3174.69445 17.496 0.018
3175.70378 17.690 0.020
3177.70617 17.539 0.030
3178.76492 17.585 0.023
3179.77793 17.704 0.024
3180.69062 17.515 0.017
3182.75780 17.712 0.024
3183.71634 17.514 0.025
3184.68380 17.668 0.021
3185.84846 17.583 0.024
3193.52156 17.639 0.027
3194.62703 17.596 0.028
3195.68350 17.523 0.020
3196.72725 17.522 0.022
3197.62720 17.635 0.024
3199.77193 17.515 0.027
3202.52279 17.685 0.022
3203.64432 17.659 0.021
3204.60466 17.532 0.018
3205.74637 17.525 0.019
3206.65402 17.646 0.022
3209.69705 17.688 0.036
3210.64311 17.521 0.023
3211.71665 17.526 0.026
3217.63648 17.591 0.023
3218.63599 17.762 0.035
3223.63552 17.543 0.030
3224.68305 17.698 0.022
3226.59916 17.626 0.030
3228.58327 17.524 0.020
3229.61247 17.590 0.024
3230.65111 17.698 0.025
3231.55598 17.574 0.025
3232.58379 17.656 0.030
3238.60165 17.565 0.025
3239.56148 17.626 0.026
3240.63820 17.650 0.029
3241.63992 17.471 0.034
3245.53154 17.641 0.031
3246.64365 17.679 0.035
3247.65915 17.543 0.026
3249.51131 17.520 0.023
3250.63829 17.518 0.025
3256.61450 17.534 0.028
3259.53634 17.566 0.030
3259.60672 17.483 0.029
3267.59179 17.677 0.026
3272.57268 17.604 0.028
3274.61311 17.508 0.032
3278.58485 17.618 0.029
3281.56561 17.556 0.025
3288.52716 17.672 0.028
3293.50198 17.671 0.024
3295.50646 17.531 0.018
3312.52490 17.716 0.040
3416.88592 17.683 0.025
3421.88263 17.506 0.018
3426.84636 17.682 0.027
3428.89813 17.575 0.026
3432.87174 17.678 0.023
3442.87251 17.548 0.021
3445.78863 17.517 0.019
3447.83852 17.709 0.026
3449.85129 17.627 0.025
3452.87196 17.564 0.020
3455.80570 17.634 0.028
3458.78454 17.632 0.025
3459.83218 17.710 0.025
3468.86095 17.700 0.020
3469.86790 17.555 0.018
3471.90189 17.629 0.026
3473.86464 17.508 0.025
3474.89351 17.670 0.023
3476.75953 17.574 0.019
3478.77521 17.535 0.019
3479.91259 17.520 0.018
3481.80781 17.554 0.018
3484.75902 17.498 0.023
3496.70639 17.552 0.023
3497.77484 17.493 0.024
3499.73367 17.534 0.019
3500.71610 17.589 0.023
3501.75324 17.805 0.024
3502.75168 17.576 0.019
3503.67845 17.585 0.021
3506.86923 17.583 0.021
3508.73555 17.572 0.025
3509.76614 17.511 0.020
3510.91276 17.491 0.018
3511.81901 17.677 0.022
3512.85250 17.570 0.024
3517.84142 17.677 0.031
3520.79862 17.736 0.027
3522.72797 17.678 0.018
3523.78569 17.699 0.020
3524.68787 17.509 0.021
3525.68193 17.767 0.023
3526.73463 17.610 0.019
3527.76854 17.503 0.020
3528.70945 17.694 0.024
3529.67774 17.574 0.015
3530.67541 17.564 0.017
3538.65364 17.540 0.021
3540.64088 17.763 0.025
3544.84318 17.539 0.028
3547.77217 17.671 0.024
3550.61904 17.542 0.022
3551.62136 17.465 0.015
3552.65491 17.667 0.022
3553.77777 17.656 0.032
3554.73450 17.570 0.023
3555.79533 17.526 0.029
3556.70754 17.655 0.025
3558.51827 17.607 0.034
3558.81691 17.544 0.023
3559.59981 17.551 0.020
3560.58825 17.539 0.020
3561.53231 17.765 0.027
3562.57297 17.526 0.019
3562.82430 17.587 0.023
3563.62719 17.478 0.016
3564.60887 17.711 0.023
3569.54569 17.560 0.026
3573.63639 17.610 0.029
3574.67715 17.668 0.027
3575.52469 17.616 0.020
3576.67860 17.562 0.023
3577.74632 17.660 0.023
3578.65155 17.566 0.021
3579.60879 17.685 0.022
3579.77649 17.530 0.024
3580.63862 17.694 0.023
3581.66203 17.593 0.019
3582.61016 17.616 0.019
3583.62411 17.695 0.022
3584.63289 17.540 0.018
3585.62316 17.565 0.018
3586.66892 17.666 0.019
3589.66156 17.664 0.017
3590.63046 17.550 0.020
3592.64704 17.714 0.018
3594.69536 17.531 0.019
3601.63756 17.598 0.021
3602.65362 17.686 0.027
3603.62763 17.562 0.022
3607.62603 17.645 0.025
3608.64086 17.667 0.026
3615.56861 17.569 0.021
3618.55280 17.557 0.021
3619.57739 17.674 0.027
3621.57701 17.512 0.024
3628.55088 17.735 0.030
3629.63553 17.823 0.037
3631.52046 17.717 0.034
3633.53355 17.513 0.027
3637.62980 17.576 0.029
3639.58493 17.517 0.018
3641.53538 17.672 0.032
3644.49577 17.569 0.029
3648.52760 17.568 0.026
3650.56507 17.725 0.028
3655.51722 17.545 0.024
3657.52302 17.548 0.028
3660.51718 17.537 0.029
3662.52242 17.649 0.032
3666.54990 17.581 0.026
3776.85775 17.491 0.026
3781.88388 17.679 0.036
3784.86781 17.658 0.024
3787.90155 17.596 0.034
3791.88455 17.664 0.027
3794.86207 17.691 0.024
3796.85079 17.646 0.024
3797.85370 17.649 0.023
3798.90164 17.534 0.022
3801.82528 17.536 0.026
3803.81425 17.599 0.023
3804.86151 17.534 0.024
3805.90205 17.573 0.023
3807.89037 17.531 0.019
3809.80476 17.595 0.022
3811.88330 17.549 0.022
3813.76360 17.612 0.027
3817.90275 17.544 0.024
3819.76421 17.512 0.018
3820.86842 17.562 0.019
3821.87841 17.750 0.024
3822.77742 17.523 0.021
3823.89038 17.544 0.018
3824.88325 17.728 0.028
3826.88773 17.569 0.023
3828.89012 17.637 0.022
3829.87684 17.518 0.020
3832.87998 17.519 0.020
3833.85467 17.699 0.021
3834.89589 17.681 0.021
3835.83928 17.514 0.018
3836.85178 17.724 0.022
3837.83431 17.583 0.031
3838.83828 17.563 0.023
3839.85036 17.691 0.027
3840.84155 17.579 0.022
3841.82033 17.487 0.022
3845.82531 17.680 0.029
3846.83329 17.640 0.020
3848.84883 17.638 0.022
3849.86213 17.683 0.019
3850.79816 17.556 0.021
3851.80450 17.657 0.026
3852.79294 17.570 0.021
3853.78571 17.504 0.016
3856.77453 17.536 0.020
3858.83836 17.701 0.025
3860.82915 17.579 0.027
3861.84349 17.689 0.021
3862.78746 17.510 0.019
3863.72776 17.702 0.022
3864.78832 17.602 0.018
3865.75268 17.542 0.023
3866.78115 17.682 0.021
3867.71801 17.521 0.021
3868.78472 17.522 0.022
3869.77106 17.675 0.030
3873.77191 17.620 0.021
3874.81608 17.556 0.024
3875.73099 17.733 0.020
3877.76058 17.518 0.018
3880.75777 17.515 0.022
3881.76602 17.583 0.017
3882.70402 17.564 0.022
3883.74550 17.500 0.018
3886.71638 17.521 0.018
3887.69935 17.699 0.020
3889.86091 17.659 0.020
3891.58662 17.536 0.023
3893.74331 17.625 0.031
3894.78592 17.683 0.027
3896.73732 17.592 0.022
3900.63707 17.511 0.024
3901.64894 17.545 0.021
3902.66679 17.743 0.024
3903.79567 17.649 0.028
3904.64650 17.521 0.019
3905.65347 17.724 0.021
3906.63506 17.601 0.020
3907.69617 17.564 0.031
3908.63470 17.725 0.020
3909.63908 17.539 0.018
3912.63943 17.592 0.017
3913.63700 17.536 0.016
3914.67018 17.629 0.021
3915.63392 17.621 0.021
3916.71557 17.561 0.020
3917.72837 17.522 0.020
3918.73278 17.690 0.023
3919.66262 17.609 0.025
3920.61471 17.755 0.026
3921.62819 17.622 0.033
3930.69041 17.720 0.026
3931.60960 17.527 0.022
3931.79266 17.732 0.036
3932.63703 17.596 0.018
3933.61676 17.669 0.018
3934.58735 17.532 0.018
3935.66459 17.515 0.024
3936.61619 17.670 0.023
3936.80447 17.528 0.027
3937.73294 17.766 0.031
3938.59383 17.644 0.024
3940.73846 17.736 0.019
3944.67881 17.566 0.018
3945.62731 17.724 0.024
3946.62091 17.544 0.022
3950.63747 17.523 0.019
3951.48136 17.524 0.022
3951.56988 17.655 0.027
3951.65378 17.707 0.030
3951.70642 17.649 0.032
3956.66069 17.520 0.035
3957.62284 17.717 0.032
3958.68067 17.736 0.029
3959.61093 17.512 0.021
3960.60408 17.737 0.019
3963.56852 17.692 0.025
3964.63539 17.705 0.021
3965.61723 17.528 0.018
3966.61209 17.679 0.021
3967.63847 17.656 0.024
3968.59469 17.532 0.021
3969.60231 17.655 0.024
3970.61520 17.658 0.024
3971.64521 17.513 0.023
3973.67477 17.726 0.028
3974.60942 17.455 0.019
3975.60482 17.633 0.021
3976.59882 17.668 0.022
3979.62525 17.641 0.030
3982.65606 17.724 0.032
3987.59506 17.605 0.023
3988.62834 17.716 0.021
3990.59625 17.630 0.025
3994.54614 17.707 0.032
3996.52190 17.636 0.033
4000.60751 17.829 0.037
4002.60144 17.596 0.021
4003.55593 17.700 0.020
4005.65174 17.536 0.025
4011.53473 17.588 0.030
4015.56406 17.778 0.037
4017.54180 17.578 0.025
4019.54347 17.562 0.029
4021.54624 17.720 0.034
4024.57572 17.733 0.031
4027.49195 17.740 0.040
4029.52992 17.521 0.028
4149.89512 17.631 0.046
4155.83350 17.693 0.028
4157.88585 17.524 0.022
4159.89877 17.730 0.031
4162.84603 17.645 0.031
4164.88591 17.530 0.023
4166.90188 17.531 0.034
4167.81349 17.622 0.029
4169.82059 17.519 0.024
4174.83514 17.711 0.029
4176.81683 17.583 0.024
4177.87052 17.713 0.026
4179.76831 17.645 0.028
4180.81068 17.699 0.034
4181.90024 17.582 0.021
4183.78216 17.681 0.024
4184.85020 17.582 0.022
4185.82956 17.543 0.022
4190.84799 17.580 0.024
4192.86025 17.711 0.027
4193.87123 17.632 0.025
4194.89280 17.511 0.022
4196.91278 17.660 0.026
4202.86256 17.633 0.021
4203.85069 17.501 0.019
4204.84987 17.659 0.024
4205.84640 17.584 0.022
4207.85002 17.633 0.020
4208.87906 17.659 0.023
4212.92776 17.648 0.030
4213.84776 17.586 0.021
4215.88529 17.550 0.022
4216.80616 17.662 0.025
4217.82846 17.637 0.019
4218.86919 17.565 0.022
4219.90744 17.535 0.029
4220.84486 17.721 0.030
4222.81420 17.607 0.024
4228.80499 17.585 0.023
4229.78379 17.654 0.028
4230.77073 17.524 0.019
4231.79283 17.658 0.024
4232.80107 17.631 0.029
4234.74528 17.661 0.028
4235.77014 17.638 0.022
4237.72895 17.747 0.027
4238.79318 17.674 0.027
4239.83230 17.601 0.036
4240.94490 17.587 0.043
4243.68771 17.750 0.032
4244.84953 17.617 0.023
4245.84274 17.630 0.024
4246.89750 17.588 0.025
4250.86334 17.611 0.033
4256.70843 17.630 0.031
4258.70620 17.635 0.028
4267.73264 17.586 0.020
4268.60970 17.539 0.027
4269.64983 17.531 0.022
4272.70046 17.546 0.021
4273.66049 17.671 0.027
4274.64422 17.587 0.024
4275.70107 17.565 0.025
4277.60017 17.571 0.028
4278.67443 17.541 0.028
4283.61977 17.593 0.025
4284.60366 17.505 0.025
4285.61042 17.668 0.034
4286.60647 17.575 0.022
4289.64435 17.647 0.027
4290.67394 17.562 0.029
4291.72794 17.502 0.025
4292.58898 17.607 0.021
4293.61647 17.517 0.021
4294.58821 17.741 0.025
4295.61760 17.682 0.023
4296.59705 17.501 0.019
4297.59085 17.659 0.023
4298.70038 17.676 0.026
4299.66734 17.594 0.021
4300.79219 17.592 0.025
4301.46971 17.555 0.026
4302.74880 17.731 0.026
4307.58009 17.641 0.023
4310.73356 17.606 0.032
4312.62962 17.541 0.022
4315.66347 17.527 0.026
4317.61695 17.598 0.022
4319.62473 17.692 0.028
4320.72611 17.722 0.029
4326.63568 17.656 0.025
4327.66305 17.527 0.029
4328.60411 17.678 0.026
4328.73651 17.549 0.030
4329.59584 17.564 0.027
4330.57762 17.547 0.027
4331.60410 17.656 0.026
4332.60148 17.626 0.022
4333.60455 17.503 0.023
4334.59878 17.579 0.038
4338.63871 17.723 0.031
4339.60773 17.521 0.029
4340.51935 17.682 0.037
4341.60615 17.659 0.033
4342.64236 17.522 0.025
4343.62172 17.575 0.023
4344.67115 17.699 0.031
4345.62151 17.578 0.027
4346.62686 17.539 0.025
4347.64088 17.740 0.028
4349.61267 17.578 0.023
4351.61133 17.534 0.027
4353.63448 17.796 0.041
4357.62273 17.572 0.030
4359.59393 17.765 0.027
4362.58726 17.731 0.050
4367.59302 17.530 0.034
4370.59200 17.563 0.025
4372.56399 17.545 0.022
4380.57376 17.701 0.026
4508.88853 17.593 0.027
4515.86920 17.684 0.032
4519.84077 17.538 0.031
4520.82927 17.635 0.034
4522.89650 17.539 0.030
4524.88262 17.760 0.028
4530.87215 17.762 0.023
4534.81375 17.570 0.030
4536.81846 17.669 0.030
4537.90622 17.641 0.022
4538.83690 17.592 0.027
4540.86675 17.552 0.021
4542.89306 17.666 0.023
4543.85451 17.571 0.020
4544.85129 17.548 0.021
4545.86885 17.705 0.026
4546.89980 17.621 0.022
4550.84262 17.587 0.023
4551.90041 17.635 0.025
4552.89737 17.704 0.034
4556.86170 17.498 0.020
4557.88773 17.638 0.021
4558.82278 17.602 0.022
4559.85199 17.534 0.021
4560.85239 17.679 0.022
4561.84131 17.569 0.018
4564.84548 17.634 0.020
4565.83438 17.488 0.017
4566.83643 17.668 0.021
4567.84073 17.616 0.020
4568.85922 17.502 0.020
4569.85662 17.615 0.021
4570.86195 17.651 0.023
4571.82745 17.510 0.019
4572.86520 17.635 0.030
4573.84098 17.628 0.020
4574.84313 17.519 0.024
4575.85479 17.574 0.024
4579.90711 17.701 0.028
4583.81943 17.525 0.027
4586.80742 17.520 0.028
4587.84477 17.530 0.022
4588.73353 17.558 0.023
4589.76728 17.509 0.023
4590.78168 17.637 0.025
4591.75885 17.593 0.021
4592.77102 17.527 0.026
4593.75646 17.661 0.024
4594.78477 17.662 0.023
4595.77532 17.544 0.022
4596.79584 17.564 0.020
4597.79312 17.706 0.023
4598.76239 17.526 0.018
4599.74188 17.677 0.021
4600.74742 17.614 0.019
4601.75203 17.568 0.021
4602.74961 17.664 0.020
4606.76640 17.620 0.022
4610.86411 17.685 0.024
4611.73371 17.659 0.023
4611.92022 17.560 0.027
4615.91345 17.560 0.035
4616.72246 17.534 0.021
4617.88744 17.516 0.028
4622.70230 17.547 0.029
4623.78209 17.494 0.025
4624.72094 17.675 0.026
4625.70222 17.585 0.030
4626.74952 17.568 0.027
4627.68151 17.667 0.022
4628.67175 17.514 0.020
4629.73743 17.584 0.021
4630.67725 17.646 0.022
4631.69557 17.524 0.018
4632.71021 17.554 0.021
4633.85812 17.569 0.029
4639.79863 17.602 0.036
4640.77417 17.691 0.025
4641.85940 17.571 0.032
4642.69708 17.695 0.025
4643.66314 17.550 0.024
4644.74628 17.509 0.021
4645.66498 17.714 0.026
4646.63262 17.513 0.017
4647.64364 17.584 0.021
4648.64205 17.720 0.024
4648.75151 17.625 0.023
4649.63796 17.535 0.020
4650.66939 17.508 0.020
4651.68023 17.695 0.027
4652.60915 17.533 0.022
4653.60300 17.677 0.025
4654.64223 17.690 0.024
4655.60645 17.512 0.022
4656.60962 17.639 0.025
4658.76689 17.790 0.038
4660.71654 17.622 0.030
4661.59905 17.542 0.021
4666.53177 17.588 0.027
4670.77961 17.741 0.040
4671.65568 17.522 0.024
4672.61520 17.664 0.024
4674.64328 17.526 0.025
4677.66801 17.540 0.029
4681.67131 17.609 0.027
4682.62705 17.585 0.023
4683.62487 17.507 0.024
4684.64343 17.567 0.024
4685.66954 17.755 0.024
4686.74204 17.620 0.024
4687.65754 17.600 0.027
4688.60371 17.654 0.028
4694.68776 17.886 0.051
4697.63454 17.706 0.034
4698.63067 17.506 0.026
4700.62582 17.723 0.028
4701.60877 17.477 0.025
4702.62358 17.573 0.027
4704.68480 17.610 0.025
4708.64520 17.547 0.024
4710.66314 17.560 0.029
4720.57631 17.561 0.025
4721.61087 17.785 0.040
4724.62860 17.686 0.032
4725.64454 17.608 0.033
4726.60481 17.494 0.029
4733.56894 17.725 0.031
4738.52906 17.573 0.029
4741.61111 17.554 0.027
4755.55026 17.571 0.030
4761.55498 17.603 0.032
4876.86549 17.556 0.025
4883.85126 17.703 0.030
4885.89148 17.534 0.022
4888.84578 17.604 0.023
4892.83982 17.725 0.028
4898.81008 17.719 0.033
4901.81296 17.718 0.028
4902.90180 17.615 0.023
4903.86030 17.546 0.022
4905.85670 17.536 0.024
4912.84152 17.443 0.017
4914.88758 17.670 0.023
4924.73788 17.590 0.020
4925.85559 17.618 0.020
4927.91014 17.584 0.027
4930.78990 17.554 0.028
4931.83436 17.625 0.028
4932.84288 17.657 0.023
4933.83781 17.535 0.023
4934.89361 17.545 0.034
4938.81770 17.669 0.034
4939.90414 17.657 0.028
4940.75917 17.757 0.026
4941.79495 17.700 0.028
4942.73797 17.521 0.021
4944.73771 17.575 0.023
4945.79338 17.514 0.019
4950.85320 17.698 0.025
4952.84670 17.598 0.023
4953.83256 17.674 0.026
4954.80223 17.552 0.020
4955.79360 17.645 0.029
