2115.77201 19.346 0.123
2128.62539 19.106 0.079
2131.69443 18.942 0.080
2134.72684 18.850 0.087
2138.61049 18.919 0.077
2143.57056 18.764 0.089
2162.57253 19.057 0.095
2168.59048 19.082 0.109
2173.54853 19.409 0.167
2184.55190 18.650 0.100
2195.53601 19.100 0.122
2323.89335 19.374 0.131
2326.85893 18.952 0.103
2341.87042 18.942 0.084
2350.88829 18.822 0.063
2359.84811 19.349 0.109
2370.88922 18.969 0.075
2391.87101 18.966 0.102
2404.90119 18.866 0.068
2464.74576 18.870 0.059
2474.66442 18.961 0.080
2503.54206 18.821 0.188
2518.52331 18.687 0.073
2765.83712 18.920 0.071
2769.86411 19.008 0.068
2782.75845 18.933 0.089
2784.75261 18.931 0.061
2786.64282 19.072 0.099
2790.73205 19.401 0.096
2792.63718 19.161 0.101
2794.66019 19.325 0.117
2797.55790 18.976 0.084
2810.59604 18.678 0.072
2814.57029 18.795 0.073
3057.83304 18.706 0.066
3060.86268 19.010 0.080
3066.85696 18.769 0.058
3069.80974 19.057 0.093
3071.81508 19.061 0.120
3074.81980 19.243 0.099
3076.84461 18.978 0.076
3078.86034 18.932 0.084
3081.89390 18.747 0.062
3083.89025 19.370 0.084
3085.75078 19.103 0.100
3087.81701 19.056 0.077
3088.89594 18.783 0.050
3090.81980 19.042 0.071
3092.76508 19.014 0.089
3097.73419 18.987 0.098
3099.72967 19.017 0.106
3100.72736 18.770 0.092
3102.72699 19.065 0.096
3104.73277 19.070 0.218
3105.75500 18.593 0.105
3108.69548 19.198 0.074
3109.88955 19.064 0.062
3111.77214 19.008 0.078
3113.70410 18.754 0.054
3114.69042 19.052 0.067
3116.74374 18.675 0.072
3122.70012 18.724 0.094
3124.89422 19.370 0.131
3126.61926 19.233 0.126
3127.62656 18.854 0.084
3128.65346 19.195 0.112
3129.62274 19.168 0.143
3130.62899 18.783 0.102
3131.81417 18.956 0.086
3134.60196 18.853 0.087
3135.66845 18.930 0.080
3137.69039 19.446 0.146
3138.62445 19.347 0.107
3139.76726 19.165 0.073
3140.62767 18.679 0.081
3141.71325 18.862 0.065
3142.60773 19.421 0.121
3144.61606 18.995 0.078
3145.69129 18.553 0.063
3147.77612 18.734 0.059
3151.58386 18.939 0.110
3152.59300 18.994 0.085
3153.59236 18.857 0.081
3154.66666 19.056 0.097
3156.57103 18.632 0.095
3158.59034 19.239 0.153
3162.56655 19.115 0.134
3163.54681 18.404 0.053
3164.54789 18.987 0.072
3165.54763 19.470 0.124
3166.73042 18.760 0.078
3167.58955 18.845 0.099
3168.54963 19.367 0.131
3169.55417 18.871 0.067
3170.62037 19.461 0.104
3171.54733 19.193 0.085
3172.55292 18.962 0.069
3174.53366 18.998 0.080
3174.86757 18.778 0.066
3175.52102 19.139 0.101
3176.57240 18.595 0.082
3178.61148 18.788 0.077
3179.63469 19.041 0.063
3180.51041 19.061 0.090
3183.50213 18.449 0.064
3184.52153 19.216 0.088
3185.52768 18.982 0.096
3191.82612 18.946 0.070
3193.69855 18.796 0.076
3194.77166 18.855 0.056
3195.48222 19.253 0.142
3196.50504 18.582 0.085
3197.48092 18.957 0.106
3199.51321 18.553 0.075
3201.48761 19.273 0.117
3202.73179 18.896 0.079
3203.49549 18.843 0.065
3205.48840 18.913 0.072
3206.51586 18.988 0.061
3207.50075 18.955 0.103
3211.48248 19.194 0.113
3212.50757 18.884 0.099
3218.48810 18.799 0.080
3223.49811 19.149 0.113
3224.49934 18.953 0.073
3228.50050 18.777 0.066
3230.49701 19.086 0.077
3241.50659 18.905 0.079
3246.49777 18.632 0.089
3248.51473 19.024 0.098
3250.49007 18.719 0.070
3251.61890 18.716 0.060
3253.55555 18.776 0.071
3255.64714 18.752 0.096
3257.62552 18.800 0.069
3261.60678 18.567 0.058
3262.49780 18.989 0.109
3263.63197 18.963 0.100
3264.50899 19.165 0.101
3268.57325 18.849 0.056
3270.50222 19.054 0.153
3275.60249 19.130 0.119
3279.49927 18.799 0.068
3283.54806 19.208 0.080
3291.49895 18.807 0.098
3305.51575 19.342 0.155
3307.54648 18.797 0.129
3431.84812 18.756 0.073
3438.84632 18.993 0.088
3443.90299 18.902 0.060
3446.80024 19.018 0.077
3448.83730 18.893 0.067
3450.90035 18.757 0.049
3453.89780 19.033 0.071
3456.79111 19.174 0.092
3468.75966 18.636 0.063
3471.76458 18.504 0.069
3474.75658 18.918 0.070
3477.74297 19.053 0.069
3480.75893 18.990 0.055
3484.69977 19.078 0.130
3499.65538 18.758 0.060
3502.65645 18.929 0.066
3503.91007 18.950 0.063
3509.64467 19.038 0.094
3520.74283 18.874 0.069
3521.89682 18.771 0.061
3522.90636 18.964 0.081
3523.89993 18.799 0.073
3525.88795 19.131 0.079
3528.84303 18.900 0.071
3538.54785 18.774 0.070
3539.54644 18.992 0.108
3544.67057 18.982 0.085
3550.56887 19.411 0.167
3552.73084 18.918 0.062
3556.80537 18.706 0.066
3558.73498 18.711 0.059
3560.54711 18.881 0.064
3561.79487 19.242 0.079
3562.72555 19.027 0.062
3563.80575 18.555 0.068
3574.50759 18.760 0.062
3578.50413 18.814 0.055
3579.75010 18.835 0.078
3581.50417 18.870 0.063
3583.48399 19.070 0.083
3584.48859 18.974 0.071
3585.47962 19.147 0.071
3586.49901 19.137 0.083
3586.59253 18.800 0.047
3586.67795 19.206 0.063
3587.58298 19.325 0.100
3587.59665 18.882 0.091
3587.65204 18.817 0.069
3587.71784 18.637 0.067
3588.52030 19.336 0.104
3588.56126 19.308 0.085
3588.62069 18.786 0.049
3618.66580 19.158 0.093
3633.58096 18.571 0.080
3650.50982 18.850 0.082
3652.52822 19.258 0.152
3772.87952 18.539 0.080
3779.84570 18.812 0.087
4891.88645 19.123 0.094
4911.86126 19.299 0.085
