2128.69518 19.887 0.176
2131.61300 19.939 0.153
2135.58241 19.974 0.127
2140.56252 20.058 0.171
2143.67081 19.869 0.143
2162.63971 19.904 0.170
2170.54620 20.468 0.270
2173.61982 20.123 0.205
2183.56384 20.180 0.337
2185.49786 19.570 0.150
2200.52260 19.941 0.220
2328.83541 20.142 0.174
2344.88887 19.843 0.129
2351.85083 19.517 0.098
2360.86030 19.491 0.105
2371.83414 19.706 0.125
2381.84146 19.832 0.115
2385.86181 19.909 0.133
2389.86521 19.615 0.109
2391.75884 19.673 0.194
2400.74790 19.778 0.129
2400.77536 19.773 0.115
2402.86043 19.759 0.127
2404.91100 19.733 0.120
2406.89777 20.018 0.176
2414.82497 19.674 0.122
2416.72086 19.977 0.180
2424.77666 20.364 0.207
2426.72287 19.746 0.149
2428.80676 19.763 0.139
2431.73861 19.799 0.156
2433.71217 19.682 0.128
2435.66504 19.737 0.116
2437.72057 19.795 0.191
2439.66044 19.641 0.093
2441.63718 20.163 0.153
2444.63733 19.437 0.103
2446.73737 19.545 0.111
2452.64614 19.736 0.181
2458.78220 19.773 0.142
2462.64209 19.882 0.108
2464.60045 19.607 0.097
2467.49333 19.507 0.111
2469.50300 19.894 0.124
2471.73861 19.847 0.112
2473.49122 19.514 0.146
2483.57139 19.433 0.100
2486.53983 19.839 0.190
2490.52249 19.687 0.157
2492.76132 19.744 0.213
2495.55307 19.844 0.132
2497.61113 19.675 0.096
2499.65730 19.701 0.109
2501.67542 19.715 0.114
2508.49402 19.648 0.129
2511.67093 19.889 0.220
2518.58746 19.771 0.147
2521.60109 19.578 0.105
2535.53061 20.090 0.269
2541.50595 19.784 0.110
2546.54799 19.685 0.154
2555.55556 19.826 0.188
2562.50864 20.066 0.225
2572.50084 19.904 0.310
2703.90123 19.951 0.172
2712.91599 19.681 0.235
2727.87492 19.793 0.105
2732.89277 20.280 0.208
2743.88012 19.686 0.096
2752.79356 19.632 0.114
2755.90292 19.801 0.121
2759.89454 19.925 0.147
2765.92130 19.711 0.113
2770.65042 19.620 0.175
2782.89126 19.870 0.241
2784.83330 19.846 0.128
2786.72312 19.334 0.146
2789.59451 19.682 0.125
2791.55314 19.845 0.196
2794.71393 19.624 0.134
2796.65566 19.778 0.096
2808.75206 19.746 0.150
2810.67409 19.834 0.131
2812.65173 19.733 0.101
2813.74010 19.501 0.113
2815.67630 19.962 0.138
2816.81142 19.601 0.139
2817.82073 19.573 0.128
2819.61476 19.676 0.105
2821.58499 20.038 0.161
2830.62415 19.465 0.183
2835.55201 19.105 0.133
2836.78328 19.699 0.182
2838.67658 19.747 0.139
2840.65225 19.739 0.114
2844.71550 19.910 0.122
2849.60858 19.886 0.155
2851.64485 19.615 0.124
2853.65441 19.584 0.099
2856.52984 19.559 0.130
2858.50703 19.887 0.152
2859.52799 20.037 0.263
2860.66044 19.753 0.192
2863.65416 19.843 0.221
2867.61370 19.544 0.102
2870.69182 19.530 0.126
2876.66716 19.693 0.114
2878.68781 19.747 0.156
2882.56524 20.087 0.174
2893.67510 19.793 0.137
2896.54548 19.901 0.143
2907.50179 19.641 0.165
2925.53943 19.713 0.126
2935.55323 19.951 0.261
3049.85254 19.607 0.121
3057.88031 19.626 0.097
3061.85502 20.126 0.218
3067.79169 19.915 0.161
3069.86512 20.056 0.155
3072.82644 19.659 0.106
3074.86104 19.919 0.131
3080.89268 19.772 0.117
3083.84510 19.892 0.117
3085.79969 19.657 0.108
3087.75107 19.668 0.181
3089.73888 19.967 0.162
3090.89124 19.539 0.118
3093.90267 19.858 0.173
3097.92168 19.679 0.114
3099.73961 20.101 0.230
3101.73744 19.571 0.197
3103.74140 19.602 0.138
3107.73480 20.057 0.155
3108.88508 19.613 0.097
3109.71138 19.759 0.114
3110.72626 19.534 0.105
3111.78294 19.443 0.089
3112.72192 19.920 0.165
3113.76518 19.718 0.091
3114.70473 19.583 0.104
3115.76392 20.201 0.200
3118.81522 19.543 0.134
3122.77383 19.593 0.152
3125.75139 19.500 0.155
3126.75765 19.857 0.115
3127.69111 19.968 0.147
3128.71043 19.598 0.122
3129.68890 19.029 0.087
3130.86506 19.710 0.156
3131.85157 19.662 0.163
3134.66196 19.411 0.151
3137.69935 19.580 0.126
3138.86697 19.680 0.103
3139.72957 19.625 0.089
3140.76370 19.905 0.104
3141.85162 19.541 0.085
3142.92695 19.950 0.156
3144.68468 19.656 0.107
3146.64621 19.317 0.123
3151.64090 19.668 0.193
3152.64964 19.704 0.113
3153.65204 19.924 0.168
3154.73327 19.671 0.163
3156.64207 19.816 0.147
3158.68000 19.352 0.158
3162.69707 20.188 0.160
3163.66319 19.739 0.113
3163.89864 19.640 0.144
3164.61500 19.675 0.104
3166.68893 19.667 0.158
3167.84193 19.636 0.164
3168.64513 19.826 0.118
3169.61569 19.622 0.095
3169.90509 19.787 0.181
3170.84894 19.515 0.087
3171.64308 19.772 0.108
3172.62165 20.071 0.131
3174.60784 19.988 0.132
3175.60642 19.508 0.088
3176.63678 19.272 0.109
3178.66716 19.439 0.108
3179.69896 19.593 0.111
3180.58825 19.875 0.109
3182.64882 19.695 0.113
3183.61265 19.669 0.106
3184.58335 19.865 0.105
3184.86580 19.693 0.174
3185.69371 19.632 0.107
3192.72582 19.946 0.174
3193.75432 19.940 0.161
3194.68360 19.682 0.126
3195.56260 19.726 0.100
3196.64036 19.963 0.157
3196.80922 19.558 0.116
3197.63360 19.632 0.107
3199.58855 19.499 0.119
3202.63626 19.845 0.152
3203.75735 19.577 0.089
3205.57318 19.750 0.092
3206.55504 20.038 0.121
3207.55813 19.773 0.188
3210.78567 19.523 0.138
3211.54577 19.675 0.111
3212.54162 19.857 0.213
3217.54986 19.649 0.143
3218.54894 19.051 0.082
3223.54257 19.877 0.204
3224.55419 19.704 0.098
3226.50903 19.841 0.160
3228.70753 19.472 0.122
3229.51777 19.733 0.121
3230.55814 19.900 0.140
3239.66652 20.051 0.213
3241.55396 19.691 0.256
3244.65227 19.409 0.169
3246.55441 19.559 0.131
3250.54808 19.784 0.116
3253.48909 19.924 0.130
3255.65941 19.817 0.209
3258.58387 19.969 0.211
3262.53051 20.370 0.245
3266.53805 19.888 0.196
3268.60617 19.561 0.122
3274.49932 19.853 0.177
3277.60269 19.965 0.227
3280.57552 19.297 0.099
3287.50698 19.663 0.128
3292.49101 19.427 0.117
3431.90453 19.816 0.143
3438.90218 19.522 0.092
3444.83898 19.665 0.091
3446.86757 19.563 0.097
3448.89835 19.698 0.105
3452.78233 19.793 0.123
3454.83947 19.617 0.133
3468.79767 20.096 0.137
3470.76735 19.434 0.074
3473.79591 19.786 0.124
3475.71765 19.586 0.101
3477.80312 19.748 0.116
3479.86551 20.248 0.119
3481.67990 19.602 0.130
3483.71480 19.580 0.099
3496.86469 19.661 0.146
3497.67164 19.311 0.112
3499.87902 20.124 0.134
3500.82395 19.539 0.083
3501.70736 19.838 0.175
3502.86244 19.367 0.077
3503.77990 19.781 0.116
3504.74498 19.888 0.125
3508.66638 19.937 0.220
3509.65367 19.765 0.144
3511.66271 19.793 0.145
3512.73038 19.799 0.143
3520.60513 19.733 0.127
3521.77052 19.790 0.116
3522.62392 19.783 0.097
3523.65845 19.331 0.080
3524.64241 19.490 0.096
3525.82110 20.281 0.153
3526.82811 19.985 0.113
3527.83924 19.805 0.152
3528.80329 19.755 0.127
3529.89055 19.989 0.129
3530.74708 20.342 0.137
3538.76347 20.125 0.138
3541.83602 19.749 0.123
3550.73570 20.115 0.113
3551.68149 19.825 0.097
3552.78679 19.897 0.163
3553.63992 19.613 0.171
3554.60212 19.697 0.130
3556.60390 19.648 0.106
3558.66705 19.686 0.088
3559.74700 19.911 0.119
3560.76935 20.033 0.121
3561.67917 19.928 0.123
3562.48224 20.073 0.159
3563.53607 19.361 0.080
3564.67794 20.039 0.138
3569.77932 19.857 0.180
3573.53413 19.679 0.155
3574.58869 19.997 0.176
3575.57743 19.772 0.105
3576.63172 19.808 0.107
3577.60774 19.569 0.095
3578.56125 19.815 0.105
3579.54491 19.945 0.111
3580.53164 20.061 0.145
3581.57187 19.792 0.127
3582.52039 19.410 0.089
3583.55981 19.507 0.093
3584.54608 19.756 0.087
3585.53665 19.709 0.097
3586.60177 19.919 0.113
3587.66944 19.557 0.115
3589.57527 19.855 0.080
3590.53287 19.703 0.090
3591.58071 19.685 0.085
3593.49800 20.006 0.124
3594.60129 19.682 0.085
3601.51140 19.532 0.100
3602.52620 19.709 0.154
3603.51701 19.670 0.157
3607.53291 19.854 0.101
3608.52470 19.602 0.138
3617.52830 19.751 0.133
3620.60389 19.627 0.093
3629.58776 19.962 0.171
3632.50904 19.656 0.134
3634.56877 19.560 0.091
3640.59607 19.724 0.137
3643.48449 20.560 0.330
3646.52433 19.443 0.150
3651.51513 19.883 0.159
3653.54314 19.627 0.178
3774.85607 20.109 0.182
3780.83569 20.119 0.286
4151.84973 19.568 0.133
4154.85936 20.179 0.164
4157.82965 19.757 0.126
4159.84596 19.357 0.122
4161.89957 19.609 0.126
4164.83547 19.507 0.113
4166.84796 19.784 0.209
4168.88286 19.908 0.171
4170.90191 19.981 0.163
4175.91217 19.974 0.197
4177.80979 19.709 0.122
4178.86305 19.585 0.109
4179.90287 19.689 0.118
4181.83961 19.947 0.131
4182.88798 19.750 0.105
4183.92025 19.750 0.166
4184.77934 19.588 0.120
4185.89793 19.667 0.114
4190.78457 19.368 0.113
4191.88541 19.925 0.196
4192.80281 19.594 0.131
4193.82126 19.675 0.137
4194.84275 19.718 0.119
4196.83133 19.945 0.152
4202.81279 19.987 0.127
4203.80088 19.905 0.126
4204.79300 19.651 0.109
4205.79133 19.526 0.094
4207.78771 19.800 0.114
4208.78474 20.073 0.142
4213.79197 19.614 0.105
4215.79848 19.910 0.154
4216.75619 19.800 0.127
4217.76376 19.710 0.088
4218.81578 19.592 0.145
4219.84155 19.622 0.120
4220.77684 19.704 0.120
4222.74543 19.822 0.153
4224.75237 19.622 0.196
4224.84834 19.855 0.306
4227.86058 19.630 0.168
4228.64433 19.640 0.172
4228.74326 20.026 0.179
4229.72762 19.841 0.163
4230.71746 19.756 0.144
4231.69975 19.563 0.097
4232.71195 19.678 0.149
4233.89861 20.253 0.290
4234.87605 19.871 0.176
4235.63109 19.793 0.163
4235.67350 19.678 0.112
4238.74307 19.818 0.127
4239.69369 19.711 0.123
4240.74657 19.698 0.107
4243.60249 19.602 0.179
4244.67107 19.726 0.137
4245.66440 19.823 0.131
4246.72319 19.537 0.115
4247.75955 19.786 0.141
4250.81040 19.768 0.161
4256.57996 19.267 0.137
4258.59676 19.553 0.167
4267.55588 19.434 0.147
4268.79203 19.636 0.105
4269.53891 19.692 0.154
4272.56233 19.816 0.141
4273.76089 19.586 0.122
4274.62427 20.160 0.231
4275.65316 19.944 0.175
4276.74557 19.414 0.161
4277.66896 19.491 0.102
4278.62637 19.428 0.153
4283.56399 19.382 0.113
4284.55581 19.720 0.152
4285.55920 19.657 0.146
4286.55874 20.167 0.223
4289.59340 19.481 0.131
4290.61602 19.348 0.108
4291.67640 19.704 0.126
4292.54114 20.216 0.171
4293.54741 19.899 0.136
4294.54044 19.741 0.121
4295.55856 19.574 0.126
4296.54490 19.613 0.117
4297.66848 19.952 0.134
4298.50767 19.546 0.134
4299.49412 19.572 0.115
4300.58616 19.952 0.142
4301.76739 19.736 0.114
4302.72366 19.889 0.162
4303.73196 19.731 0.163
4304.50389 19.900 0.255
4310.67006 20.026 0.269
4312.57874 19.832 0.155
4315.58615 20.133 0.191
4316.66891 19.898 0.191
4317.59283 19.361 0.098
4319.56955 19.733 0.178
4320.65639 19.901 0.182
4326.58757 19.693 0.123
4327.54592 19.935 0.213
4328.55176 20.085 0.134
4329.48836 19.623 0.131
4330.55766 19.661 0.117
4331.55338 19.670 0.126
4332.56737 19.566 0.098
4333.48837 19.683 0.191
4338.55511 19.648 0.132
4339.55127 19.553 0.101
4340.48981 19.738 0.232
4341.55569 19.700 0.175
4342.59176 20.100 0.192
4343.57127 19.820 0.120
4344.61260 19.904 0.175
4345.56750 19.564 0.101
4346.57311 19.408 0.158
4347.58696 19.755 0.158
4349.55570 20.270 0.188
4350.61350 19.948 0.169
4351.56102 19.734 0.128
4353.57752 19.749 0.147
4354.59687 19.541 0.140
4355.61318 19.549 0.139
4356.56177 20.127 0.208
4358.58097 19.918 0.201
4361.60716 20.184 0.333
4367.57128 19.890 0.213
4371.57098 19.973 0.199
4377.53596 19.700 0.149
4380.61541 20.075 0.247
4393.58394 19.630 0.155
4505.87242 19.822 0.168
4508.86452 19.890 0.113
4512.85043 19.979 0.141
4514.86876 20.180 0.224
4518.85303 19.381 0.128
4521.88488 19.965 0.162
4523.82572 19.460 0.137
4525.81784 20.258 0.422
4531.89322 19.918 0.195
4534.79424 19.561 0.177
4536.87413 20.069 0.190
4538.79502 19.711 0.160
4539.90851 19.590 0.122
4540.77928 20.028 0.161
4541.87627 19.735 0.104
4542.83971 19.981 0.155
4545.91186 20.166 0.192
4546.83773 19.560 0.115
4547.85715 19.860 0.131
4550.91870 19.661 0.186
4551.83888 19.695 0.128
4556.81148 19.737 0.113
4557.83449 19.529 0.111
4558.80309 19.494 0.085
4559.80172 19.635 0.101
4560.80211 20.076 0.179
4561.79100 19.937 0.112
4564.79514 19.608 0.088
4565.77977 19.519 0.073
4566.78061 19.740 0.104
4567.77952 19.960 0.139
4568.80913 19.914 0.134
4569.79880 20.217 0.156
4570.79242 19.666 0.109
4571.77992 19.649 0.120
4572.80306 19.849 0.188
4573.79070 19.657 0.103
4574.79300 19.853 0.144
4575.80183 20.042 0.188
4577.89082 19.699 0.163
4578.84443 19.921 0.212
4583.79989 19.730 0.173
4585.70752 19.641 0.148
4586.91264 20.123 0.231
4587.66571 19.451 0.158
4588.64963 19.055 0.088
4589.80935 19.833 0.154
4590.65298 19.904 0.181
4590.83647 20.236 0.171
4591.80539 19.743 0.108
4592.71705 19.620 0.105
4593.70609 19.892 0.145
4594.72734 19.931 0.136
4595.71966 19.883 0.125
4596.71164 19.723 0.117
4597.73638 19.830 0.119
4598.71238 19.448 0.073
4599.68493 19.973 0.154
4600.69728 20.398 0.157
4601.69993 19.709 0.098
4602.69232 19.793 0.130
4603.91534 20.197 0.242
4606.70026 19.712 0.127
4610.80363 19.770 0.202
4611.67923 19.454 0.098
4611.87009 19.823 0.156
4612.70367 19.372 0.094
4615.84620 19.910 0.223
4616.66214 19.382 0.108
4617.76457 19.890 0.132
4618.70305 19.829 0.124
4622.58442 19.501 0.148
4622.86179 19.749 0.228
4623.72344 20.054 0.162
4624.66267 19.558 0.122
4625.64781 19.530 0.124
4626.68568 19.139 0.103
4627.61912 19.612 0.106
4628.62117 19.540 0.122
4629.68587 19.685 0.109
4630.62218 19.406 0.101
4631.64438 19.653 0.091
4632.63117 19.742 0.112
4633.62475 20.032 0.158
4638.80867 19.653 0.143
4639.62972 19.881 0.161
4640.64661 19.963 0.165
4641.72915 19.803 0.144
4642.64518 19.781 0.117
4643.61133 19.537 0.112
4644.67270 19.732 0.142
4645.58515 19.705 0.133
4646.58168 20.003 0.128
4647.57531 19.607 0.115
4648.57970 19.231 0.087
4649.58183 19.431 0.090
4650.61454 19.402 0.105
4651.58600 19.612 0.117
4652.55878 20.343 0.230
4653.55275 19.790 0.162
4654.59195 19.860 0.122
4655.55258 19.481 0.125
4656.55456 19.442 0.097
4658.71327 19.691 0.160
4660.66603 19.868 0.173
4661.54267 19.627 0.136
4665.71045 19.994 0.228
4666.61574 19.890 0.170
4670.68059 19.841 0.195
4671.72779 20.654 0.330
4672.56160 19.816 0.115
4674.56747 19.899 0.185
4677.54412 19.950 0.160
4681.49015 19.396 0.098
4682.53384 19.751 0.128
4683.57234 19.623 0.137
4684.59159 19.666 0.138
4685.55600 19.561 0.123
4686.55702 19.769 0.137
4687.55700 20.104 0.184
4688.55022 19.568 0.122
4694.50016 18.879 0.106
4697.55380 19.650 0.144
4698.57991 19.778 0.144
4699.58605 19.629 0.176
4700.57523 19.589 0.132
4701.55814 20.500 0.331
4702.57304 20.150 0.242
4703.64042 19.732 0.199
4705.62440 19.557 0.131
4707.66966 19.766 0.166
4709.56834 20.217 0.264
4710.60889 20.000 0.209
4716.64118 19.921 0.308
4721.55914 20.065 0.270
4724.56596 19.502 0.138
4725.59357 19.889 0.209
4730.63527 19.567 0.133
4739.54305 19.981 0.221
4743.60228 20.331 0.364
4748.54585 20.280 0.344
4754.52125 20.295 0.342
4874.87997 20.396 0.263
4878.84003 20.135 0.215
4885.84138 19.875 0.156
4887.87944 19.821 0.114
4891.83594 19.502 0.125
4897.86753 19.351 0.094
4900.83189 19.696 0.125
4902.80892 19.705 0.118
4904.83723 19.798 0.127
4906.85968 19.694 0.133
4910.86628 19.825 0.139
4914.83099 20.037 0.140
4919.77145 20.110 0.130
4925.75009 19.687 0.092
4927.78112 19.938 0.159
4929.76578 19.933 0.179
4930.90518 19.784 0.177
4931.74981 20.075 0.254
4932.88276 19.767 0.145
4933.87749 19.734 0.146
4938.74701 19.815 0.136
4939.77003 19.605 0.117
4941.72645 19.923 0.151
4942.83087 20.227 0.175
4943.84553 20.119 0.157
4944.85479 20.073 0.145
4945.74833 19.878 0.114
4950.83051 20.106 0.171
4953.71312 19.595 0.115
4954.70728 19.954 0.148
4955.71424 19.446 0.101
