2373.85313 17.681 0.028
3448.79942 17.685 0.023
3450.81692 17.759 0.021
3551.86024 18.305 0.053
3553.81930 17.989 0.048
3554.87082 17.792 0.035
3560.67156 17.626 0.019
3562.68699 17.717 0.022
3563.75510 17.878 0.028
3574.77819 17.723 0.034
3575.72045 17.921 0.026
3579.70985 17.887 0.022
3581.77458 17.642 0.022
3582.70857 17.772 0.022
3583.72644 17.712 0.023
3584.73047 17.639 0.021
3585.73894 17.691 0.021
3618.68026 17.817 0.029
3631.58956 17.779 0.031
3652.57236 17.831 0.038
3778.86181 17.954 0.041
3794.90189 17.636 0.026
3796.89370 17.616 0.022
3797.89331 17.656 0.019
3800.87439 17.646 0.021
3803.85390 17.636 0.022
3804.90105 17.781 0.029
3806.91355 17.800 0.032
3808.89854 17.809 0.026
3810.81457 17.603 0.023
3812.80078 17.643 0.028
3814.79167 17.617 0.025
3818.85651 17.900 0.026
3819.91593 17.862 0.022
3820.90820 17.897 0.025
3821.91957 17.805 0.029
3823.91662 17.769 0.023
3826.91763 17.752 0.023
3827.92511 17.693 0.025
3830.89787 17.733 0.022
3832.92667 17.692 0.044
3834.83344 17.884 0.025
3835.89280 17.657 0.018
3836.90298 17.676 0.021
3837.87417 17.665 0.019
3838.87831 17.682 0.025
3839.89731 17.652 0.029
3840.88132 17.661 0.022
3841.86466 17.678 0.022
3842.77854 17.885 0.029
3845.87264 17.555 0.058
3846.87295 17.643 0.019
3847.92286 17.721 0.037
3848.88892 17.666 0.028
3849.91780 17.778 0.023
3850.83786 17.639 0.023
3851.84433 17.625 0.026
3852.83635 17.655 0.023
3853.82553 17.701 0.018
3856.81420 17.632 0.021
3860.86964 17.819 0.028
3862.82850 17.724 0.021
3863.80629 17.703 0.019
3864.83017 17.767 0.021
3865.79260 17.667 0.022
3866.75819 17.577 0.019
3867.76910 17.697 0.023
3868.76037 17.668 0.028
3869.74354 17.692 0.025
3873.74559 17.726 0.023
3874.79244 17.791 0.026
3877.73744 17.703 0.019
3881.80933 17.953 0.025
3882.74434 17.813 0.025
3883.79629 17.961 0.028
3886.75959 17.956 0.025
3887.73945 17.896 0.025
3891.63277 17.643 0.023
3893.81132 17.760 0.028
3894.83625 17.704 0.034
3896.78975 17.792 0.044
3900.68347 17.980 0.044
3901.68900 17.934 0.025
3902.70659 17.893 0.026
3904.68630 17.938 0.021
3905.69707 17.893 0.025
3906.67495 17.888 0.029
3907.74093 17.711 0.028
3908.68085 17.869 0.021
3909.67896 17.847 0.019
3912.68300 17.797 0.016
3913.68327 17.745 0.021
3914.74267 17.672 0.021
3915.68012 17.748 0.021
3916.76186 17.677 0.026
3920.66314 17.738 0.026
3921.67167 17.647 0.028
3931.64948 17.655 0.025
3934.62722 17.620 0.019
3935.60828 17.684 0.019
3936.59335 17.684 0.025
3937.67209 17.708 0.023
3938.63833 17.630 0.025
3940.78236 17.766 0.022
3944.74355 17.785 0.025
3945.67469 17.883 0.025
3946.66549 17.830 0.023
3950.68073 17.913 0.023
3959.65244 17.840 0.025
3963.64889 17.812 0.023
3964.69205 17.643 0.019
3965.65980 17.760 0.019
3966.65422 17.741 0.021
3967.67777 17.682 0.019
3968.63727 17.800 0.023
3969.64773 17.643 0.026
4001.60522 17.814 0.026
4003.59528 17.801 0.025
4019.58941 17.802 0.037
4155.87803 17.781 0.028
4162.89051 17.660 0.028
4165.87486 17.642 0.031
4167.87851 17.650 0.026
4169.88217 17.649 0.023
4174.88415 17.707 0.023
4178.78781 17.623 0.025
4179.81269 17.657 0.023
4190.90525 17.858 0.029
4192.90458 17.779 0.029
4202.90681 17.651 0.028
4203.89498 17.672 0.022
4237.65385 17.851 0.037
4243.88783 17.776 0.032
4245.93763 17.648 0.029
4246.94196 17.685 0.034
4273.70270 17.861 0.029
4275.74337 17.702 0.028
4277.58420 17.728 0.031
4291.59066 17.869 0.037
4293.65956 17.667 0.022
4298.80302 17.845 0.038
4299.77255 17.937 0.031
4301.57179 17.798 0.025
4302.80575 17.789 0.032
4311.60605 17.645 0.039
4312.67261 17.854 0.031
4319.66872 17.953 0.039
4328.64865 17.870 0.031
4329.63900 17.917 0.035
4330.65327 17.796 0.026
4331.64871 17.795 0.026
4332.70334 17.628 0.029
4334.66596 17.694 0.053
4338.68559 17.694 0.041
4339.65550 17.715 0.031
4340.71872 17.710 0.037
4341.70014 17.647 0.038
4342.69662 17.656 0.035
4343.66641 17.662 0.028
4345.66630 17.682 0.038
4346.67145 17.676 0.031
4347.68560 17.713 0.031
4349.66066 17.665 0.026
4351.65607 17.697 0.029
4354.66483 17.767 0.034
4357.60286 17.694 0.032
4365.62445 17.743 0.047
4370.57369 17.722 0.028
4372.60927 17.930 0.035
4377.56998 17.799 0.037
4382.60511 17.848 0.039
4518.90073 17.962 0.061
4523.87600 17.785 0.031
4535.86109 17.664 0.028
4556.90647 17.951 0.026
4558.90156 17.933 0.025
4559.89657 17.947 0.029
4567.88635 17.816 0.022
4570.91020 17.706 0.025
4573.88616 17.698 0.021
4574.89397 17.719 0.028
4575.90518 17.698 0.023
4592.81539 17.703 0.028
4594.83153 17.692 0.023
4595.82002 17.690 0.025
4596.77564 17.707 0.019
4597.83754 17.734 0.026
4600.80865 17.694 0.019
4606.86377 17.934 0.035
4616.77441 17.811 0.025
4618.67489 17.677 0.026
4624.76548 17.897 0.029
4625.74905 17.917 0.035
4626.81049 17.851 0.029
4627.78805 17.894 0.023
4632.77490 17.897 0.026
4633.91038 17.802 0.042
4639.86308 17.854 0.054
4644.79748 17.689 0.025
4645.71011 17.828 0.032
4646.67704 17.951 0.026
4651.72222 17.670 0.028
4653.68224 17.768 0.026
4656.65409 17.823 0.028
4661.64446 17.758 0.037
4670.74658 17.887 0.041
4671.70007 17.698 0.026
4672.65990 17.680 0.025
4674.47930 17.812 0.039
4674.68785 17.752 0.026
4677.73198 17.964 0.042
4681.71589 17.907 0.035
4682.71355 17.982 0.029
4684.68833 17.926 0.029
4684.78152 17.735 0.037
4687.70239 17.933 0.039
4694.73623 17.729 0.042
4697.65716 17.920 0.038
4698.67532 17.802 0.032
4700.67052 17.887 0.029
4701.65384 17.794 0.031
4702.66831 17.760 0.032
4708.68993 17.749 0.029
4715.65099 17.722 0.035
4720.66148 17.820 0.073
4721.66447 17.682 0.041
4722.65470 17.736 0.037
4725.62760 17.754 0.037
4733.61689 17.761 0.032
4739.50961 17.721 0.037
4750.55893 17.799 0.042
4757.56580 18.005 0.037
4763.54211 18.023 0.045
4769.51870 17.783 0.045
4779.51626 17.766 0.037
4924.91316 17.954 0.028
4926.77453 17.697 0.026
4928.81991 17.766 0.026
4931.90988 17.928 0.032
4933.75297 17.653 0.031
4943.73890 17.753 0.023
4945.67174 17.652 0.026
