2125.59967 18.345 0.071
2129.67684 18.227 0.041
2132.61829 18.355 0.046
2141.53350 18.595 0.047
2144.62492 18.304 0.045
2160.59185 18.441 0.060
2187.58868 18.366 0.075
2206.55815 18.614 0.130
2347.81794 18.550 0.053
2357.84491 18.274 0.044
2372.83274 18.327 0.045
2383.78508 18.578 0.047
2386.87661 18.465 0.048
2391.84287 18.588 0.076
2397.73348 18.242 0.038
2401.81332 18.361 0.051
2403.89093 18.271 0.041
2405.87351 18.572 0.063
2415.87145 18.382 0.060
2424.80273 18.424 0.051
2428.83144 18.397 0.046
2432.84557 18.501 0.068
2434.71665 18.323 0.049
2436.77718 18.433 0.046
2438.73990 18.439 0.050
2441.71668 18.253 0.034
2445.61930 18.314 0.044
2448.62648 18.440 0.075
2455.67704 17.908 0.030
2459.58454 18.347 0.049
2463.53277 18.351 0.051
2466.68109 18.661 0.072
2468.62327 18.375 0.043
2470.62622 18.462 0.058
2481.54639 18.341 0.078
2484.61199 18.718 0.092
2486.70405 18.618 0.091
2490.67063 18.348 0.064
2493.63383 18.561 0.060
2495.70406 18.505 0.056
2498.49854 18.363 0.043
2500.53276 18.510 0.060
2502.55524 18.428 0.053
2508.65562 18.283 0.052
2512.60171 18.309 0.054
2517.59787 18.452 0.053
2520.57077 18.516 0.053
2526.65952 18.382 0.050
2538.48268 18.462 0.065
2542.51615 18.348 0.062
2547.57720 18.348 0.052
2552.48316 18.407 0.078
2556.56810 18.394 0.072
2563.57107 18.494 0.079
2575.51401 18.338 0.073
2707.85049 18.347 0.053
2714.89108 18.616 0.052
2721.91732 18.348 0.083
2729.82006 18.473 0.066
2733.90477 18.274 0.059
2744.90365 18.314 0.038
2753.87891 18.292 0.044
2757.77544 18.368 0.050
2760.88959 18.421 0.059
2767.78011 18.312 0.059
2768.85821 17.770 0.021
2770.81776 18.613 0.070
2783.71219 18.500 0.046
2785.80643 18.723 0.079
2786.80909 18.329 0.056
2789.58105 18.233 0.051
2789.73928 18.541 0.047
2790.67079 18.458 0.045
2790.93904 18.433 0.064
2791.74106 18.512 0.053
2792.64016 18.320 0.055
2793.84787 18.652 0.068
2796.81315 18.456 0.049
2797.91803 18.239 0.040
2809.70629 18.514 0.055
2810.88068 18.438 0.059
2812.70400 18.441 0.056
2813.79530 18.337 0.043
2814.73303 18.403 0.053
2816.58789 18.385 0.049
2818.57454 18.331 0.052
2820.74309 18.400 0.067
2826.74439 18.387 0.053
2835.62762 18.349 0.066
2837.62487 18.584 0.086
2839.67148 18.757 0.077
2841.70361 18.353 0.047
2843.61800 18.491 0.057
2845.64439 18.581 0.069
2850.50936 18.637 0.066
2852.52466 18.425 0.068
2854.52524 18.273 0.052
2856.71411 18.587 0.094
2858.67150 18.266 0.043
2859.59207 18.275 0.056
2863.55861 18.358 0.050
2865.66075 18.400 0.064
2867.70455 18.324 0.044
2871.64614 18.344 0.041
2876.60915 18.311 0.052
2878.65936 18.376 0.053
2884.64258 18.398 0.057
2892.67840 18.746 0.118
2895.65249 18.594 0.052
2898.65921 18.404 0.067
2904.58532 18.506 0.089
2909.58630 18.298 0.062
2918.53217 18.419 0.074
2930.56062 18.356 0.060
3058.87926 18.665 0.057
3063.90290 18.278 0.075
3067.87781 18.556 0.047
3070.83775 18.450 0.069
3073.79300 18.309 0.047
3075.82634 18.348 0.048
3079.86986 18.455 0.063
3082.83273 18.652 0.055
3084.88833 18.567 0.043
3086.82233 18.363 0.037
3088.78000 18.411 0.039
3089.88928 18.343 0.037
3091.80648 18.554 0.046
3096.84399 18.326 0.054
3098.89974 18.381 0.035
3100.84576 18.421 0.045
3102.80547 18.331 0.043
3103.87592 18.366 0.051
3106.81285 18.549 0.069
3108.75157 18.275 0.039
3109.78451 18.551 0.047
3111.85046 18.606 0.064
3112.82380 18.363 0.043
3113.85771 18.350 0.041
3114.76780 18.576 0.063
3115.85038 18.342 0.041
3118.91184 18.300 0.048
3122.89532 18.684 0.082
3125.85240 18.514 0.072
3126.88122 18.379 0.053
3127.78680 18.433 0.052
3128.80512 18.282 0.042
3129.77982 18.245 0.080
3131.66743 18.433 0.068
3135.84804 18.395 0.043
3137.92362 18.392 0.045
3138.80786 18.460 0.046
3139.85720 18.268 0.038
3140.85942 18.666 0.077
3142.75165 18.461 0.049
3144.77223 18.592 0.056
3146.76479 18.284 0.047
3151.73450 18.384 0.059
3152.73833 18.299 0.046
3153.74225 18.700 0.081
3153.90710 18.357 0.050
3154.80323 18.437 0.078
3156.80220 18.294 0.058
3158.86086 18.432 0.065
3162.79732 18.411 0.050
3163.75853 18.392 0.049
3164.71693 18.312 0.041
3165.78815 18.316 0.030
3166.87973 18.932 0.125
3168.57579 18.325 0.042
3168.91407 18.452 0.059
3169.71073 18.476 0.052
3170.78837 18.634 0.047
3171.88352 18.439 0.045
3172.73150 18.316 0.031
3174.69445 18.473 0.039
3175.70378 18.338 0.032
3177.70617 18.771 0.099
3178.76492 18.320 0.045
3179.77793 18.578 0.053
3180.69062 18.551 0.038
3182.75780 18.608 0.056
3183.71634 18.575 0.068
3184.68380 18.291 0.035
3185.84846 18.332 0.046
3193.52156 18.411 0.053
3194.62703 18.256 0.052
3195.68350 18.641 0.050
3196.72725 18.316 0.045
3197.62720 18.328 0.045
3199.77193 18.511 0.068
3202.52279 18.445 0.044
3203.64432 18.383 0.038
3204.60466 18.426 0.039
3205.74637 18.430 0.043
3206.65402 18.374 0.044
3209.69705 18.741 0.100
3210.64311 18.553 0.057
3211.71665 18.449 0.064
3217.63648 18.288 0.042
3218.63599 18.465 0.068
3223.63552 18.327 0.064
3224.68305 18.635 0.049
3226.59916 18.545 0.073
3228.58327 18.719 0.056
3229.61247 18.340 0.050
3230.65111 18.590 0.058
3231.55598 18.573 0.063
3232.58379 18.369 0.060
3238.60165 18.374 0.052
3239.56148 18.310 0.048
3240.63820 18.389 0.058
3241.63992 18.357 0.077
3245.53154 18.508 0.069
3246.64365 18.288 0.064
3247.65915 18.528 0.060
3249.51131 18.406 0.053
3250.63829 18.373 0.054
3256.61450 18.472 0.069
3259.53634 18.295 0.060
3259.60672 18.442 0.072
3267.59179 18.359 0.047
3272.57268 18.583 0.068
3274.61311 18.573 0.085
3278.58485 18.653 0.074
3281.56561 18.549 0.061
3288.52716 18.368 0.055
3293.50198 18.689 0.060
3295.50646 18.273 0.034
3312.52490 18.227 0.063
3416.88592 18.453 0.050
3421.88263 18.323 0.035
3426.84636 18.639 0.061
3428.89813 18.456 0.056
3432.87174 18.450 0.044
3442.87251 18.356 0.042
3445.78863 18.310 0.036
3447.83852 18.465 0.052
3449.85129 18.664 0.065
3452.87196 18.605 0.047
3455.80570 18.355 0.053
3458.78454 18.295 0.043
3459.83218 18.336 0.044
3468.86095 18.266 0.032
3469.86790 18.456 0.037
3471.90189 18.441 0.054
3473.86464 18.320 0.054
3474.89351 18.348 0.044
3476.75953 18.433 0.039
3478.77521 18.372 0.038
3479.91259 18.262 0.033
3481.80781 18.284 0.032
3484.75902 18.318 0.046
3496.70639 18.187 0.040
3497.77484 18.461 0.057
3499.73367 18.276 0.035
3500.71610 18.446 0.048
3501.75324 18.371 0.040
3502.75168 18.288 0.033
3503.67845 18.331 0.039
3506.86923 18.307 0.040
3508.73555 18.336 0.051
3509.76614 18.399 0.044
3510.91276 18.492 0.042
3511.81901 18.513 0.045
3512.85250 18.454 0.051
3517.84142 18.410 0.058
3520.79862 18.790 0.070
3522.72797 18.286 0.028
3523.78569 18.554 0.042
3524.68787 18.563 0.054
3525.68193 18.368 0.039
3526.73463 18.472 0.040
3527.76854 18.278 0.039
3528.70945 18.310 0.043
3529.67774 18.252 0.027
3530.67541 18.567 0.036
3538.65364 18.394 0.045
3540.64088 18.421 0.044
3544.84318 18.234 0.050
3547.77217 18.369 0.046
3550.61904 18.423 0.048
3551.62136 18.606 0.040
3552.65491 18.239 0.037
3553.77777 18.242 0.054
3554.73450 18.464 0.050
3555.79533 19.075 0.123
3556.70754 18.625 0.061
3558.51827 18.665 0.086
3558.81691 18.332 0.049
3559.59981 18.286 0.037
3560.58825 18.520 0.048
3561.53231 18.425 0.046
3562.57297 18.314 0.037
3562.82430 18.339 0.043
3563.62719 18.617 0.039
3564.60887 18.258 0.036
3569.54569 18.532 0.060
3573.63639 18.334 0.056
3574.67715 18.609 0.063
3575.52469 18.355 0.037
3576.67860 18.374 0.049
3577.74632 18.330 0.043
3578.65155 18.322 0.043
3579.60879 18.339 0.038
3579.77649 18.300 0.048
3580.63862 18.573 0.053
3581.66203 18.336 0.036
3582.61016 18.247 0.032
3583.62411 18.467 0.044
3584.63289 18.272 0.034
3585.62316 18.266 0.034
3586.66892 18.398 0.034
3589.66156 18.406 0.030
3590.63046 18.336 0.040
3592.64704 18.513 0.033
3594.69536 18.534 0.046
3601.63756 18.398 0.042
3602.65362 18.337 0.049
3603.62763 18.486 0.050
3607.62603 18.370 0.049
3608.64086 18.393 0.051
3615.56861 18.417 0.045
3618.55280 18.342 0.043
3619.57739 18.615 0.062
3621.57701 18.483 0.060
3628.55088 18.574 0.063
3629.63553 18.479 0.068
3631.52046 18.908 0.102
3633.53355 18.371 0.060
3637.62980 18.443 0.064
3639.58493 18.565 0.044
3641.53538 18.361 0.062
3644.49577 18.464 0.066
3648.52760 18.458 0.060
3650.56507 18.435 0.053
3655.51722 18.562 0.058
3657.52302 18.652 0.074
3660.51718 18.426 0.063
3662.52242 18.298 0.058
3666.54990 18.496 0.057
3776.85775 18.630 0.072
3781.88388 18.677 0.094
3784.86781 18.458 0.047
3787.90155 18.419 0.074
3791.88455 18.288 0.049
3794.86207 18.291 0.043
3796.85079 18.478 0.051
3797.85370 18.393 0.043
3798.90164 18.582 0.056
3801.82528 18.286 0.052
3803.81425 18.376 0.046
3804.86151 18.483 0.060
3805.90205 18.345 0.045
3807.89037 18.581 0.048
3809.80476 18.336 0.040
3811.88330 18.291 0.044
3813.76360 18.247 0.048
3817.90275 18.263 0.046
3819.76421 18.324 0.036
3820.86842 18.336 0.040
3821.87841 18.352 0.041
3822.77742 18.408 0.046
3823.89038 18.315 0.036
3824.88325 18.472 0.057
3826.88773 18.294 0.044
3828.89012 18.502 0.047
3829.87684 18.348 0.043
3832.87998 18.320 0.041
3833.85467 18.319 0.036
3834.89589 18.493 0.042
3835.83928 18.321 0.036
3836.85178 18.301 0.037
3837.83431 18.649 0.083
3838.83828 18.296 0.045
3839.85036 18.409 0.052
3840.84155 18.541 0.049
3841.82033 18.352 0.046
3845.82531 18.338 0.055
3846.83329 18.523 0.043
3848.84883 18.374 0.043
3849.86213 18.374 0.033
3850.79816 18.347 0.043
3851.80450 18.384 0.054
3852.79294 18.504 0.050
3853.78571 18.363 0.033
3856.77453 18.459 0.045
3858.83836 18.453 0.053
3860.82915 18.540 0.067
3861.84349 18.405 0.039
3862.78746 18.276 0.035
3863.72776 18.363 0.039
3864.78832 18.577 0.041
3865.75268 18.575 0.059
3866.78115 18.250 0.034
3867.71801 18.344 0.042
3868.78472 18.407 0.047
3869.77106 18.285 0.052
3873.77191 18.614 0.051
3874.81608 18.335 0.049
3875.73099 18.258 0.031
3877.76058 18.334 0.036
3880.75777 18.347 0.048
3881.76602 18.350 0.032
3882.70402 18.382 0.047
3883.74550 18.302 0.036
3886.71638 18.419 0.040
3887.69935 18.242 0.032
3889.86091 18.400 0.037
3891.58662 18.415 0.049
3893.74331 18.444 0.070
3894.78592 18.331 0.051
3896.73732 18.318 0.043
3900.63707 18.330 0.050
3901.64894 18.531 0.052
3902.66679 18.268 0.040
3903.79567 18.227 0.050
3904.64650 18.528 0.044
3905.65347 18.309 0.036
3906.63506 18.401 0.041
3907.69617 18.305 0.063
3908.63470 18.310 0.033
3909.63908 18.342 0.035
3912.63943 18.451 0.035
3913.63700 18.480 0.036
3914.67018 18.304 0.039
3915.63392 18.400 0.043
3916.71557 18.343 0.042
3917.72837 18.567 0.052
3918.73278 18.371 0.043
3919.66262 18.369 0.052
3920.61471 18.349 0.046
3921.62819 18.634 0.085
3930.69041 18.388 0.048
3931.60960 18.339 0.047
3931.79266 18.445 0.072
3932.63703 18.294 0.032
3933.61676 18.500 0.036
3934.58735 18.450 0.038
3935.66459 18.473 0.060
3936.61619 18.550 0.051
3936.80447 18.436 0.062
3937.73294 18.526 0.066
3938.59383 18.206 0.040
3940.73846 18.407 0.034
3944.67881 18.518 0.044
3945.62731 18.496 0.049
3946.62091 18.327 0.045
3950.63747 18.352 0.039
3951.48136 18.252 0.043
3951.56988 18.541 0.062
3951.65378 18.340 0.055
3951.70642 18.335 0.061
3956.66069 18.638 0.101
3957.62284 18.406 0.059
3958.68067 18.365 0.053
3959.61093 18.389 0.046
3960.60408 18.425 0.035
3963.56852 18.654 0.062
3964.63539 18.425 0.040
3965.61723 18.538 0.042
3966.61209 18.305 0.036
3967.63847 18.386 0.048
3968.59469 18.496 0.051
3969.60231 18.434 0.049
3970.61520 18.385 0.050
3971.64521 18.618 0.064
3973.67477 18.538 0.061
3974.60942 18.649 0.055
3975.60482 18.290 0.037
3976.59882 18.340 0.042
3979.62525 18.370 0.061
3982.65606 18.437 0.060
3987.59506 18.350 0.043
3988.62834 18.523 0.041
3990.59625 18.381 0.051
3994.54614 18.331 0.059
3996.52190 18.580 0.082
4000.60751 18.574 0.077
4002.60144 18.241 0.037
4003.55593 18.300 0.034
4005.65174 18.218 0.046
4011.53473 18.285 0.059
4015.56406 18.209 0.059
4017.54180 18.314 0.049
4019.54347 18.358 0.062
4021.54624 18.415 0.069
4024.57572 18.572 0.068
4027.49195 18.484 0.083
4029.52992 18.429 0.064
4149.89512 18.563 0.108
4155.83350 18.667 0.069
4157.88585 18.466 0.053
4159.89877 18.325 0.055
4162.84603 18.320 0.060
4164.88591 18.339 0.047
4166.90188 18.615 0.095
4167.81349 18.566 0.067
4169.82059 18.274 0.048
4174.83514 18.314 0.051
4176.81683 18.425 0.052
4177.87052 18.355 0.049
4179.76831 18.591 0.067
4180.81068 18.338 0.070
4181.90024 18.362 0.040
4183.78216 18.285 0.042
4184.85020 18.489 0.050
4185.82956 18.385 0.048
4190.84799 18.440 0.051
4192.86025 18.386 0.052
4193.87123 18.386 0.049
4194.89280 18.337 0.045
4196.91278 18.259 0.045
4202.86256 18.351 0.040
4203.85069 18.228 0.035
4204.84987 18.429 0.046
4205.84640 18.359 0.044
4207.85002 18.511 0.040
4208.87906 18.249 0.041
4212.92776 18.491 0.066
4213.84776 18.528 0.047
4215.88529 18.393 0.047
4216.80616 18.363 0.047
4217.82846 18.277 0.032
4218.86919 18.321 0.043
4219.90744 18.388 0.066
4220.84486 18.305 0.052
4222.81420 18.410 0.048
4228.80499 18.506 0.051
4229.78379 18.354 0.053
4230.77073 18.287 0.035
4231.79283 18.542 0.051
4232.80107 18.361 0.058
4234.74528 18.364 0.055
4235.77014 18.353 0.041
4237.72895 18.281 0.045
4238.79318 18.302 0.049
4239.83230 18.419 0.080
4240.94490 18.251 0.080
4243.68771 18.240 0.053
4244.84953 18.244 0.040
4245.84274 18.524 0.053
4246.89750 18.270 0.047
4250.86334 18.334 0.066
4256.70843 18.404 0.064
4258.70620 18.305 0.054
4267.73264 18.587 0.050
4268.60970 18.399 0.062
4269.64983 18.339 0.048
4272.70046 18.256 0.038
4273.66049 18.367 0.052
4274.64422 18.579 0.058
4275.70107 18.249 0.045
4277.60017 18.418 0.061
4278.67443 18.205 0.054
4283.61977 18.524 0.058
4284.60366 18.398 0.057
4285.61042 18.332 0.063
4286.60647 18.428 0.048
4289.64435 18.426 0.057
4290.67394 18.314 0.061
4291.72794 18.383 0.058
4292.58898 18.537 0.047
4293.61647 18.256 0.040
4294.58821 18.325 0.042
4295.61760 18.459 0.046
4296.59705 18.276 0.037
4297.59085 18.286 0.040
4298.70038 18.332 0.050
4299.66734 18.316 0.040
4300.79219 18.267 0.047
4301.46971 18.312 0.053
4302.74880 18.542 0.058
4307.58009 18.529 0.048
4310.73356 18.281 0.059
4312.62962 18.524 0.051
4315.66347 18.461 0.062
4317.61695 18.299 0.042
4319.62473 18.331 0.054
4320.72611 18.464 0.063
4326.63568 18.342 0.048
4327.66305 18.359 0.067
4328.60411 18.305 0.046
4328.73651 18.673 0.087
4329.59584 18.381 0.062
4330.57762 18.635 0.076
4331.60410 18.273 0.049
4332.60148 18.330 0.041
4333.60455 18.553 0.061
4334.59878 18.320 0.075
4338.63871 18.573 0.066
4339.60773 18.416 0.067
4340.51935 18.609 0.089
4341.60615 18.401 0.069
4342.64236 18.406 0.056
4343.62172 18.315 0.043
4344.67115 18.466 0.062
4345.62151 18.395 0.059
4346.62686 18.389 0.054
4347.64088 18.577 0.061
4349.61267 18.349 0.048
4351.61133 18.254 0.056
4353.63448 18.613 0.093
4357.62273 18.230 0.057
4359.59393 18.521 0.055
4362.58726 18.605 0.099
4367.59302 18.344 0.073
4370.59200 18.300 0.048
4372.56399 18.370 0.045
4380.57376 18.571 0.057
4508.88853 18.201 0.048
4515.86920 18.376 0.065
4519.84077 18.599 0.082
4520.82927 18.466 0.077
4522.89650 18.474 0.074
4524.88262 18.421 0.053
4530.87215 18.405 0.042
4534.81375 18.579 0.077
4536.81846 18.212 0.051
4537.90622 18.268 0.039
4538.83690 18.219 0.049
4540.86675 18.304 0.042
4542.89306 18.632 0.054
4543.85451 18.407 0.044
4544.85129 18.280 0.042
4545.86885 18.602 0.059
4546.89980 18.324 0.043
4550.84262 18.230 0.042
4551.90041 18.467 0.052
4552.89737 18.237 0.056
4556.86170 18.306 0.043
4557.88773 18.424 0.042
4558.82278 18.373 0.046
4559.85199 18.319 0.043
4560.85239 18.532 0.045
4561.84131 18.257 0.034
4564.84548 18.297 0.037
4565.83438 18.311 0.032
4566.83643 18.516 0.045
4567.84073 18.282 0.037
4568.85922 18.414 0.045
4569.85662 18.474 0.045
4570.86195 18.243 0.039
4571.82745 18.342 0.040
4572.86520 18.426 0.064
4573.84098 18.318 0.036
4574.84313 18.321 0.050
4575.85479 18.465 0.054
4579.90711 18.333 0.049
4583.81943 18.284 0.055
4586.80742 18.311 0.059
4587.84477 18.286 0.043
4588.73353 18.536 0.056
4589.76728 18.231 0.046
4590.78168 18.558 0.058
4591.75885 18.323 0.039
4592.77102 18.329 0.053
4593.75646 18.631 0.059
4594.78477 18.294 0.041
4595.77532 18.234 0.042
4596.79584 18.473 0.046
4597.79312 18.264 0.039
4598.76239 18.330 0.036
4599.74188 18.497 0.044
4600.74742 18.342 0.035
4601.75203 18.304 0.041
4602.74961 18.538 0.043
4606.76640 18.281 0.040
4610.86411 18.370 0.044
4611.73371 18.642 0.056
4611.92022 18.417 0.058
4615.91345 18.459 0.087
4616.72246 18.355 0.044
4617.88744 18.206 0.053
4622.70230 18.304 0.062
4623.78209 18.326 0.057
4624.72094 18.325 0.048
4625.70222 18.242 0.060
4626.74952 18.358 0.060
4627.68151 18.299 0.039
4628.67175 18.300 0.041
4629.73743 18.385 0.043
4630.67725 18.286 0.039
4631.69557 18.252 0.033
4632.71021 18.471 0.048
4633.85812 18.531 0.070
4639.79863 18.548 0.088
4640.77417 18.437 0.051
4641.85940 18.456 0.074
4642.69708 18.281 0.044
4643.66314 18.400 0.056
4644.74628 18.250 0.041
4645.66498 18.364 0.048
4646.63262 18.290 0.033
4647.64364 18.579 0.051
4648.64205 18.298 0.043
4648.75151 18.369 0.047
4649.63796 18.301 0.041
4650.66939 18.465 0.047
4651.68023 18.285 0.047
4652.60915 18.262 0.044
4653.60300 18.449 0.053
4654.64223 18.257 0.042
4655.60645 18.212 0.039
4656.60962 18.442 0.052
4658.76689 18.343 0.069
4660.71654 18.305 0.059
4661.59905 18.222 0.037
4666.53177 18.477 0.060
4670.77961 18.307 0.074
4671.65568 18.434 0.058
4672.61520 18.233 0.040
4674.64328 18.375 0.057
4677.66801 18.350 0.064
4681.67131 18.319 0.056
4682.62705 18.465 0.055
4683.62487 18.433 0.057
4684.64343 18.331 0.048
4685.66954 18.508 0.048
4686.74204 18.361 0.048
4687.65754 18.383 0.056
4688.60371 18.453 0.061
4694.68776 18.360 0.085
4697.63454 18.521 0.078
4698.63067 18.244 0.052
4700.62582 18.544 0.061
4701.60877 18.348 0.057
4702.62358 18.364 0.058
4704.68480 18.268 0.048
4708.64520 18.421 0.053
4710.66314 18.198 0.055
4720.57631 18.267 0.048
4721.61087 18.340 0.071
4724.62860 18.290 0.057
4725.64454 18.385 0.066
4726.60481 18.508 0.075
4733.56894 18.606 0.073
4738.52906 18.317 0.061
4741.61111 18.528 0.069
4755.55026 18.282 0.060
4761.55498 18.473 0.074
4876.86549 18.284 0.051
4883.85126 18.357 0.058
4885.89148 18.374 0.050
4888.84578 18.244 0.042
4892.83982 18.300 0.049
4898.81008 18.391 0.063
4901.81296 18.377 0.052
4902.90180 18.304 0.044
4903.86030 18.262 0.044
4905.85670 18.254 0.046
4912.84152 18.319 0.038
4914.88758 18.363 0.046
4924.73788 18.192 0.035
4925.85559 18.356 0.040
4927.91014 18.477 0.062
4930.78990 18.339 0.059
4931.83436 18.399 0.060
4932.84288 18.248 0.042
4933.83781 18.465 0.057
4934.89361 18.325 0.072
4938.81770 18.216 0.059
4939.90414 18.309 0.053
4940.75917 18.562 0.058
4941.79495 18.268 0.050
4942.73797 18.347 0.047
4944.73771 18.399 0.051
4945.79338 18.343 0.041
4950.85320 18.367 0.049
4952.84670 18.249 0.044
4953.83256 18.346 0.051
4954.80223 18.502 0.048
4955.79360 18.309 0.059
