2125.50386 19.439 0.159
2129.58945 19.443 0.065
2132.53425 19.354 0.058
2135.66496 19.440 0.061
2140.62969 19.552 0.073
2143.73435 19.677 0.083
2158.56165 19.568 0.084
2167.51707 19.443 0.065
2172.53268 19.167 0.065
2185.56100 19.385 0.089
2329.89415 19.408 0.064
2346.88659 19.491 0.064
2352.84091 19.449 0.078
2361.83527 20.028 0.117
2371.89598 19.442 0.062
2381.91458 19.379 0.064
2385.92450 19.460 0.067
2391.82907 19.306 0.091
2397.88474 19.420 0.078
2401.74171 19.454 0.065
2403.80042 19.372 0.048
2405.76490 19.355 0.056
2415.83545 19.319 0.063
2424.71419 19.436 0.129
2428.67773 19.391 0.066
2434.60557 19.482 0.084
2436.69638 19.343 0.055
2438.67450 19.453 0.056
2440.66713 19.360 0.062
2444.80240 19.342 0.068
2446.79931 19.442 0.080
2453.77379 19.362 0.055
2456.53542 19.381 0.073
2458.64960 19.339 0.052
2462.60378 19.452 0.057
2464.67282 19.451 0.051
2467.57947 19.396 0.055
2469.56672 19.400 0.046
2471.70175 19.385 0.043
2473.55473 19.491 0.075
2483.63542 19.344 0.063
2486.61853 19.388 0.057
2490.58558 19.438 0.075
2493.54372 19.452 0.069
2495.61987 20.167 0.105
2497.67433 19.531 0.065
2499.72223 19.397 0.049
2501.74011 19.508 0.069
2508.55705 19.533 0.087
2512.51656 19.363 0.069
2518.66324 19.416 0.065
2521.66973 19.412 0.067
2524.50978 19.288 0.054
2529.63292 19.513 0.084
2537.57696 19.274 0.095
2541.54519 19.344 0.062
2546.61016 19.159 0.069
2551.52257 19.315 0.089
2555.61906 19.745 0.124
2562.57275 19.404 0.096
2573.54486 19.339 0.104
2704.91304 19.379 0.092
2713.89487 19.430 0.056
2728.83641 19.685 0.098
2733.80921 19.455 0.074
2744.79184 19.470 0.057
2752.86169 19.490 0.328
2756.83578 19.446 0.071
2760.80099 19.307 0.075
2766.83311 19.448 0.057
2770.71505 19.453 0.095
2783.82241 19.452 0.059
2786.79968 19.282 0.067
2790.71372 19.319 0.047
2795.62191 19.414 0.061
2797.61004 19.315 0.047
2802.81718 19.557 0.147
2808.84401 19.183 0.105
2810.76843 19.689 0.077
2811.82117 19.543 0.078
2813.61756 19.344 0.076
2815.73832 19.402 0.054
2817.69195 19.456 0.075
2818.75449 19.326 0.065
2820.62290 19.309 0.067
2821.65116 19.532 0.066
2826.61692 19.418 0.062
2830.71963 19.187 0.112
2835.61623 19.348 0.114
2837.53002 19.413 0.086
2839.56349 19.313 0.065
2840.72817 19.410 0.084
2843.50651 19.637 0.112
2844.78432 20.159 0.126
2849.69535 19.450 0.071
2851.71645 19.568 0.083
2853.71830 19.339 0.069
2856.60257 19.579 0.086
2858.56869 19.399 0.063
2863.64232 19.636 0.124
2866.73109 19.627 0.104
2869.62464 19.354 0.058
2872.64584 19.445 0.051
2877.58554 19.424 0.060
2892.53843 19.461 0.086
2895.68878 19.403 0.071
2900.55028 19.381 0.082
2905.60417 19.206 0.077
2911.52005 19.407 0.081
2916.58847 19.657 0.146
2929.54872 19.472 0.109
3050.86249 19.582 0.180
