2127.58452 18.398 0.059
2130.60585 18.425 0.038
2133.61825 18.444 0.041
2137.56971 18.437 0.035
2142.55022 18.445 0.037
2171.66496 18.518 0.052
2190.52265 18.448 0.036
2215.53293 18.387 0.073
2338.83610 18.393 0.055
2353.86774 18.537 0.048
2363.84433 18.477 0.050
2377.78957 18.415 0.050
2384.87183 18.487 0.037
2388.89067 18.448 0.047
2390.90989 18.454 0.043
2393.83197 18.459 0.057
2400.83307 18.393 0.038
2404.70777 18.415 0.036
2406.81091 18.386 0.041
2416.83153 18.578 0.056
2424.92317 18.415 0.073
2431.76832 18.377 0.038
2433.75843 18.470 0.041
2434.92914 18.452 0.063
2436.91590 18.557 0.063
2439.87701 18.470 0.041
2441.83155 18.462 0.047
2444.88667 18.377 0.056
2445.74039 18.482 0.037
2448.79069 18.416 0.070
2454.59200 18.434 0.035
2460.66113 18.420 0.040
2463.64976 18.510 0.037
2466.47489 18.485 0.052
2468.82130 18.545 0.050
2469.65534 18.432 0.031
2471.61733 18.400 0.034
2481.77055 18.512 0.056
2485.51375 18.363 0.054
2488.56187 18.444 0.055
2489.58714 18.456 0.039
2489.77705 18.275 0.036
2490.48003 18.759 0.071
2491.48090 18.496 0.052
2491.55872 18.471 0.055
2492.50961 18.447 0.046
2493.48486 18.442 0.043
2495.47299 18.513 0.056
2496.48204 18.476 0.037
2496.59016 18.486 0.031
2497.48596 18.424 0.044
2498.56469 18.543 0.035
2498.62990 18.449 0.032
2499.46673 18.488 0.088
2500.47700 18.518 0.058
2500.65517 18.480 0.033
2501.47194 18.609 0.082
2502.48328 18.580 0.050
2502.67362 18.317 0.051
2503.46398 18.310 0.130
2508.47445 18.514 0.047
2509.55559 18.338 0.076
2510.52130 18.382 0.044
2510.57139 18.471 0.043
2511.48610 18.456 0.056
2512.49688 18.493 0.047
2516.67663 18.485 0.063
2519.60789 18.476 0.037
2524.63582 18.441 0.047
2529.55651 18.466 0.042
2538.60574 18.524 0.056
2543.50457 18.376 0.040
2548.55978 18.478 0.049
2552.59576 18.552 0.050
2557.55941 18.498 0.042
2564.56002 18.546 0.065
2583.50780 18.453 0.067
2709.88097 18.444 0.034
2719.91408 18.461 0.046
2730.82471 18.440 0.033
2735.80854 18.507 0.037
2747.79861 18.367 0.054
2754.80676 18.479 0.041
2757.89048 18.512 0.051
2763.84979 18.489 0.038
2767.91935 18.488 0.055
2768.85510 18.319 0.031
2776.70500 18.424 0.069
2783.91512 18.455 0.043
2785.69359 18.488 0.043
2787.79461 18.471 0.042
2790.58870 18.362 0.031
2793.73048 18.602 0.041
2795.69821 18.510 0.037
2797.70251 18.448 0.033
2802.75319 18.580 0.077
2809.82723 18.568 0.045
2811.74660 18.419 0.046
2812.87153 18.585 0.054
2814.82358 18.452 0.044
2816.73150 18.405 0.040
2818.70849 18.515 0.039
2820.83219 18.443 0.042
2829.83633 18.424 0.053
2835.73844 18.468 0.044
2837.75232 18.442 0.058
2838.79367 18.456 0.061
2840.76522 18.501 0.050
2843.75845 18.427 0.041
2845.74398 18.478 0.044
2850.69032 18.527 0.039
2852.68798 18.560 0.044
2854.65484 18.460 0.043
2857.55541 18.486 0.038
2862.68178 18.653 0.076
2865.57105 18.415 0.039
2868.65493 18.449 0.040
2872.51738 18.500 0.039
2877.68079 18.444 0.046
2883.66646 18.528 0.044
2883.67906 18.533 0.045
2893.54258 18.461 0.042
2896.65716 18.505 0.046
2902.60622 18.449 0.056
2907.58025 18.456 0.052
2911.58781 18.501 0.044
2927.55700 18.486 0.052
3053.83174 18.488 0.051
3066.81215 18.509 0.054
3068.87268 18.387 0.041
3072.79175 18.459 0.056
3076.82072 18.425 0.047
3077.84443 18.493 0.110
3081.82661 18.427 0.036
3084.80444 18.527 0.037
3086.86586 18.452 0.032
3088.85527 18.454 0.029
3090.76844 18.382 0.032
3097.87062 18.566 0.043
3099.84695 18.589 0.050
3101.86587 18.473 0.046
3103.83135 18.499 0.040
3104.81744 18.442 0.079
3107.82084 18.455 0.040
3108.87055 18.507 0.037
3112.92024 18.469 0.036
3114.90681 18.543 0.038
3115.91859 18.507 0.035
3116.82996 18.493 0.041
3124.84792 18.435 0.047
3126.73029 18.548 0.038
3127.93157 18.490 0.043
3128.92079 18.599 0.047
3130.79858 18.448 0.048
3131.74214 18.470 0.057
3135.75444 18.410 0.034
3138.75605 18.551 0.042
3140.73140 18.624 0.042
3141.79339 18.463 0.034
3142.86734 18.470 0.037
3144.88532 18.456 0.043
3147.70879 18.620 0.046
3151.86155 18.520 0.046
3152.85870 18.473 0.043
3153.86345 18.480 0.054
3156.91479 18.608 0.050
3162.62849 18.389 0.056
3163.86566 18.498 0.047
3164.84679 18.515 0.041
3165.62890 18.479 0.033
3167.71029 18.405 0.040
3168.78323 18.451 0.036
3169.88886 18.433 0.043
3170.91822 18.373 0.048
3171.76010 18.516 0.033
3173.79753 18.451 0.044
3174.81062 18.481 0.037
3175.92349 18.431 0.050
3177.86732 18.432 0.067
3178.58535 18.469 0.051
3179.82439 18.491 0.042
3180.49233 18.466 0.056
3180.56358 18.452 0.038
3180.61163 18.435 0.030
3180.69845 18.469 0.031
3180.75975 18.484 0.031
3180.81152 18.472 0.031
3180.83165 18.490 0.036
3180.89920 18.456 0.050
3182.52387 18.507 0.069
3182.60475 18.441 0.046
3182.66921 18.481 0.042
3182.79434 18.477 0.038
3182.84570 18.403 0.038
3182.88881 18.444 0.040
3183.51588 18.616 0.050
3183.60663 18.507 0.040
3183.68944 18.379 0.039
3183.77892 18.528 0.046
3183.85962 18.412 0.057
3184.49762 18.363 0.050
3184.55437 18.412 0.037
3184.63549 18.492 0.031
3184.71034 18.485 0.037
3184.81837 18.429 0.038
3184.85126 18.525 0.049
3184.88128 18.628 0.070
3185.50243 18.491 0.058
3185.59922 18.460 0.039
3185.88555 18.460 0.052
3191.79759 18.515 0.050
3193.65674 18.527 0.041
3194.50292 18.685 0.075
3194.84707 18.498 0.043
3195.77694 18.498 0.035
3195.85213 18.417 0.049
3196.58076 18.418 0.043
3197.83138 18.391 0.057
3201.58796 18.658 0.039
3202.81259 18.550 0.047
3203.82194 18.476 0.044
3204.82984 18.454 0.053
3206.70057 18.513 0.037
3210.75395 18.418 0.040
3211.78621 18.488 0.060
3217.75969 18.439 0.055
3218.76730 18.505 0.070
3224.52254 18.451 0.037
3229.70695 18.446 0.043
3231.69921 18.422 0.052
3239.50414 18.587 0.040
3240.57051 18.455 0.048
3245.68217 18.441 0.053
3247.54432 18.441 0.044
3249.66420 18.514 0.051
3251.55942 18.607 0.047
3254.64316 18.438 0.048
3257.58327 18.416 0.031
3261.51593 18.384 0.039
3265.57756 18.468 0.042
3267.63513 18.356 0.037
3273.53914 18.557 0.067
3277.49960 18.411 0.046
3280.49851 18.486 0.044
3283.50693 18.541 0.043
3289.56048 18.645 0.056
3294.55532 18.386 0.033
3296.50366 18.479 0.050
3305.56569 18.496 0.063
3419.87353 18.488 0.041
3424.87715 18.606 0.050
3427.89635 18.461 0.042
3430.86237 18.477 0.036
3436.90710 18.612 0.056
3443.87919 18.540 0.032
3445.90671 18.491 0.031
3448.81336 18.511 0.042
3450.83087 18.538 0.031
3453.87422 18.501 0.044
3457.91922 18.465 0.042
3458.90923 18.451 0.034
3468.90846 18.467 0.034
3470.92602 18.439 0.049
3472.90121 18.496 0.036
3474.82920 18.505 0.037
3476.92604 18.477 0.042
3479.85278 18.468 0.027
3481.83304 18.420 0.029
3484.88342 18.584 0.048
3508.94284 18.468 0.069
3520.70278 18.425 0.050
3521.94776 18.513 0.063
3522.84955 18.449 0.037
3523.87634 18.467 0.044
3526.92104 18.588 0.048
3528.87214 18.416 0.039
3538.89862 18.477 0.049
3544.87051 18.494 0.059
3547.88535 18.447 0.055
3550.86835 18.541 0.050
3551.87428 18.374 0.050
3552.86962 18.485 0.064
3553.84067 18.678 0.075
3556.77128 18.475 0.041
3558.76687 18.605 0.040
3560.68565 18.478 0.032
3561.82106 18.497 0.039
3562.70109 18.425 0.033
3563.76911 18.400 0.036
3574.80063 18.619 0.063
3575.73452 18.497 0.037
3579.72391 18.369 0.031
3581.78980 18.648 0.048
3582.72267 18.504 0.038
3583.74054 18.511 0.049
3584.74456 18.536 0.039
3585.75301 18.509 0.034
3618.69432 18.458 0.045
3631.60362 18.604 0.054
3635.59797 18.524 0.038
3652.58644 18.471 0.065
3669.50861 18.457 0.052
3778.87586 18.444 0.045
4153.85155 18.498 0.044
4155.88627 18.412 0.038
4158.84799 18.586 0.047
4161.81585 18.494 0.064
4162.89875 18.473 0.048
4165.88312 18.476 0.049
4167.88672 18.445 0.040
4169.89036 18.494 0.036
4174.89239 18.465 0.039
4178.79600 18.436 0.039
4179.82087 18.539 0.042
4180.89739 18.484 0.053
4182.80195 18.440 0.035
4183.83478 18.503 0.064
4185.81057 18.437 0.037
4190.91342 18.436 0.039
4192.91280 18.583 0.039
4193.92440 18.454 0.053
4196.90370 18.479 0.040
4202.91500 18.448 0.038
4203.90322 18.526 0.037
4204.91003 18.461 0.038
4205.89956 18.436 0.037
4208.93218 18.451 0.074
4213.90373 18.594 0.044
4216.86236 18.450 0.034
4217.88533 18.457 0.033
4218.93264 18.452 0.057
4220.92149 18.460 0.057
4228.87684 18.457 0.056
4230.82389 18.382 0.036
4232.88671 18.401 0.059
4235.84529 18.445 0.036
4237.66208 18.454 0.050
4238.84972 18.485 0.043
4240.64777 18.485 0.048
4243.89609 18.501 0.051
4244.90681 18.500 0.048
4247.60982 18.571 0.062
4250.93648 18.518 0.053
4256.83490 18.388 0.054
4257.76918 18.388 0.046
4258.82044 18.386 0.050
4268.60149 18.438 0.047
4269.74190 18.428 0.040
4272.66314 18.491 0.034
4273.71114 18.485 0.044
4274.69442 18.498 0.044
4275.75121 18.479 0.048
4277.59204 18.435 0.044
4278.72540 18.430 0.055
4283.67239 18.455 0.041
4284.65366 18.501 0.048
4285.66063 18.431 0.050
4286.75434 18.389 0.053
4289.70415 18.433 0.049
4291.59851 18.476 0.042
4292.63900 18.489 0.035
4293.66743 18.475 0.035
4295.66868 18.537 0.042
4296.65262 18.421 0.030
4297.57867 18.574 0.039
4298.81088 18.439 0.055
4299.78042 18.488 0.038
4300.71654 18.455 0.038
4301.57968 18.461 0.036
4302.81364 18.470 0.044
4306.57071 18.524 0.055
4311.72320 18.424 0.061
4312.68050 18.590 0.054
4317.67561 18.503 0.050
4319.67662 18.534 0.051
4326.68569 18.555 0.044
4327.72218 18.543 0.059
4328.65699 18.554 0.045
4329.64692 18.464 0.045
4330.66165 18.465 0.038
4331.65703 18.439 0.042
4332.71898 18.474 0.051
4333.66078 18.522 0.044
4334.67433 18.335 0.068
4338.69392 18.616 0.071
4339.66381 18.443 0.051
4340.72704 18.338 0.057
4341.70846 18.434 0.059
4342.70495 18.390 0.059
4343.67479 18.451 0.055
4345.67464 18.555 0.076
4346.67977 18.415 0.056
4347.69390 18.534 0.053
4349.66899 18.466 0.045
4351.66439 18.456 0.047
4354.67315 18.516 0.056
4357.61302 18.455 0.050
4359.58468 18.430 0.041
4365.63280 18.605 0.091
4370.58364 18.441 0.044
4372.61760 18.498 0.052
4377.57825 18.448 0.057
4383.58362 18.468 0.059
4392.53163 18.448 0.050
4519.87111 18.553 0.047
4520.90128 18.428 0.068
4523.88425 18.448 0.050
4525.87889 18.434 0.062
4532.90439 18.445 0.051
4535.86932 18.608 0.054
4537.81916 18.509 0.042
4539.82402 18.526 0.039
4541.85595 18.465 0.033
4545.86003 18.495 0.047
4552.82291 18.467 0.046
4556.91468 18.483 0.042
4558.90976 18.450 0.033
4559.90480 18.491 0.037
4560.90494 18.462 0.034
4561.89404 18.500 0.031
4564.89845 18.556 0.032
4566.88902 18.476 0.032
4567.89494 18.455 0.034
4569.91279 18.434 0.042
4570.91841 18.469 0.042
4573.89443 18.515 0.037
4574.90219 18.480 0.044
4575.91338 18.516 0.040
4583.88363 18.478 0.057
4585.86739 18.486 0.041
4586.88615 18.410 0.041
4587.89801 18.498 0.050
4588.78826 18.434 0.033
4589.75767 18.441 0.044
4590.87037 18.470 0.042
4591.75016 18.485 0.041
4592.82358 18.423 0.049
4594.83977 18.516 0.043
4595.82879 18.464 0.041
4596.78388 18.483 0.032
4597.84578 18.461 0.039
4600.81773 18.508 0.032
4601.80596 18.441 0.032
4602.80943 18.433 0.031
4606.87578 18.543 0.051
4611.78806 18.438 0.040
4616.78263 18.478 0.037
4618.68313 18.552 0.046
4622.76262 18.464 0.040
4624.77373 18.568 0.044
4625.75729 18.538 0.051
4626.81871 18.488 0.040
4627.79634 18.409 0.030
4629.79431 18.520 0.046
4630.73412 18.578 0.040
4631.74935 18.472 0.037
4632.78317 18.471 0.037
4633.91867 18.466 0.057
4642.55921 18.549 0.050
4644.80580 18.357 0.039
4645.71838 18.505 0.048
4646.68579 18.501 0.034
4647.70736 18.573 0.047
4650.72992 18.521 0.043
4651.73049 18.446 0.055
4653.69051 18.640 0.049
4654.69537 18.549 0.050
4655.69596 18.486 0.032
4656.66289 18.522 0.048
4661.65275 18.430 0.038
4666.52332 18.389 0.044
4670.75492 18.457 0.059
4671.70840 18.422 0.037
4672.66817 18.552 0.044
4674.69615 18.500 0.043
4677.74028 18.530 0.047
4681.72420 18.415 0.045
4682.72184 18.516 0.037
4683.67786 18.535 0.043
4684.69665 18.599 0.042
4685.72247 18.497 0.043
4685.77463 18.501 0.049
4687.71070 18.483 0.048
4688.65663 18.601 0.042
4694.74455 18.644 0.090
4697.69017 18.509 0.064
4698.68361 18.558 0.057
4700.67881 18.517 0.046
4701.66217 18.480 0.046
4702.67659 18.517 0.050
4708.69827 18.470 0.052
4715.65935 18.496 0.059
4720.66980 18.396 0.095
4722.66306 18.478 0.057
4725.63592 18.403 0.055
4733.62521 18.469 0.048
4739.51794 18.518 0.053
4750.56727 18.424 0.052
4758.56163 18.518 0.052
4763.55047 18.505 0.060
4877.89037 18.531 0.049
4884.84389 18.452 0.043
4886.87095 18.622 0.051
4890.84346 18.443 0.037
4894.89443 18.549 0.059
4899.81205 18.584 0.051
4900.87320 18.497 0.040
4902.85037 18.562 0.042
4904.87855 18.421 0.037
4911.91378 18.395 0.037
4914.91846 18.457 0.043
4924.92143 18.560 0.051
4926.78232 18.436 0.038
4928.91572 18.384 0.037
4930.76317 18.494 0.061
4933.76074 18.503 0.050
4934.71593 18.569 0.072
4941.86429 18.503 0.043
4943.74669 18.473 0.033
4949.82606 18.530 0.036
