2115.79054 16.453 0.007
2128.64398 16.520 0.007
2131.67345 16.771 0.010
2135.52320 16.872 0.008
2143.59925 16.460 0.008
2162.59160 16.479 0.007
2195.55272 16.443 0.008
2341.88899 16.443 0.008
2350.90621 16.510 0.007
2359.86651 16.443 0.007
2370.90752 16.640 0.009
2388.74799 16.946 0.012
2390.71767 16.670 0.011
2397.92774 16.791 0.011
2401.67839 16.521 0.007
2403.73951 16.937 0.009
2405.67563 16.518 0.008
2415.67746 16.592 0.010
2417.74541 16.784 0.010
2425.63822 16.528 0.010
2431.68763 16.851 0.010
2433.66379 16.624 0.008
2435.78471 16.440 0.007
2437.67838 16.874 0.013
2439.60596 16.500 0.007
2441.61454 16.516 0.007
2444.60799 16.504 0.008
2446.62352 16.530 0.008
2458.71552 16.612 0.009
2462.70117 16.655 0.007
2464.51680 16.822 0.010
2468.55068 16.550 0.007
2470.56066 16.519 0.007
2474.70341 16.584 0.009
2485.69162 16.590 0.010
2489.76088 16.585 0.008
2492.70904 16.501 0.009
2495.50176 16.633 0.008
2497.56226 16.499 0.009
2499.59983 16.674 0.007
2501.62584 16.954 0.010
2503.57394 16.555 0.017
2511.60618 16.925 0.012
2518.55673 16.562 0.007
2537.54377 16.574 0.009
2540.55602 16.695 0.010
2545.55935 16.808 0.010
2550.54487 16.684 0.009
2555.50717 16.502 0.009
2560.58294 16.839 0.017
2566.56008 16.946 0.013
2727.82717 16.502 0.007
2743.83273 16.635 0.007
2748.85207 16.902 0.013
2755.85180 16.895 0.011
2759.84596 16.904 0.009
2765.87302 16.706 0.008
2782.78283 16.550 0.009
2788.77856 16.599 0.007
2790.85864 16.628 0.008
2793.56483 16.550 0.011
2795.58985 16.575 0.006
2797.57766 16.543 0.007
2802.64896 16.905 0.011
2808.69319 16.501 0.009
2815.62898 16.956 0.011
2819.54747 16.502 0.008
2830.56772 16.651 0.011
2835.50391 16.493 0.011
2838.62611 16.762 0.009
2840.55126 16.578 0.008
2844.66114 16.484 0.007
2851.59403 17.017 0.010
2853.60491 16.844 0.008
2857.78022 16.640 0.010
2863.71034 16.678 0.010
2867.56361 17.053 0.014
2870.63704 16.493 0.007
2876.63266 16.492 0.007
2879.56893 16.940 0.010
2884.59643 16.592 0.007
2890.68210 16.706 0.013
2894.65818 16.540 0.009
2910.61977 16.482 0.009
2912.60630 16.485 0.008
2923.58622 16.463 0.008
3056.87928 16.825 0.010
