2112.80522 17.834 0.018
2113.79378 17.815 0.022
2115.76263 17.873 0.020
2128.61630 17.787 0.016
2131.71454 17.805 0.020
2134.71492 17.855 0.021
2138.59528 17.794 0.020
2143.56080 17.831 0.028
2157.49094 17.804 0.023
2162.55737 17.956 0.023
2168.58137 17.776 0.022
2173.53946 18.076 0.034
2184.54273 17.979 0.031
2195.52707 18.050 0.033
2323.88417 17.796 0.021
2326.84980 17.834 0.025
2341.85933 17.767 0.022
2350.87332 17.754 0.018
2359.83890 17.853 0.020
2370.87779 17.794 0.020
2384.72406 17.924 0.022
2390.69614 17.828 0.026
2400.72457 17.771 0.020
2402.84180 17.831 0.019
2404.88867 17.778 0.019
2410.73444 17.712 0.015
2415.65140 17.904 0.031
2417.68381 17.801 0.024
2425.61630 17.888 0.033
2431.66609 17.783 0.021
2433.64262 17.844 0.020
2435.75984 17.873 0.019
2437.64442 18.093 0.033
2439.58484 18.033 0.020
2441.59362 17.790 0.018
2444.57727 17.760 0.020
2446.59275 17.818 0.019
2452.57442 17.769 0.026
2458.54262 17.842 0.027
2462.85333 17.923 0.025
2464.49567 17.765 0.023
2466.80659 17.800 0.020
2468.52000 17.816 0.018
2470.52733 17.890 0.023
2474.67165 17.827 0.020
2482.65961 17.802 0.025
2485.66983 17.821 0.024
2489.73967 17.754 0.020
2492.68497 17.784 0.023
2497.54121 17.807 0.020
2499.57773 17.861 0.018
2501.60478 17.854 0.019
2503.55280 17.722 0.042
2511.58521 17.839 0.024
2518.53213 17.796 0.021
2521.52486 17.834 0.020
2526.55340 17.770 0.017
2529.65191 17.823 0.021
2537.51585 17.750 0.026
2540.53476 17.772 0.025
2545.57460 17.812 0.024
2550.52383 17.780 0.023
2555.48470 17.900 0.031
2560.56177 17.882 0.043
2561.49720 17.764 0.023
2562.48080 17.877 0.057
2563.49069 17.827 0.024
2566.53896 17.786 0.027
2699.89497 17.823 0.022
2711.91105 17.809 0.024
2726.90402 18.060 0.019
2732.82006 17.784 0.019
2743.81166 17.784 0.018
2748.83134 17.969 0.024
2755.81950 17.783 0.017
2756.89156 17.826 0.020
2759.81919 18.021 0.021
2765.84064 17.790 0.019
2769.88661 17.812 0.020
2782.76194 17.856 0.022
2784.75597 17.816 0.016
2786.64642 17.856 0.022
2788.74811 17.801 0.015
2790.83163 18.023 0.020
2792.64355 17.768 0.019
2792.65842 17.787 0.019
2794.66379 17.887 0.020
2796.60099 17.938 0.019
2802.62819 17.815 0.030
2808.66748 17.833 0.022
2810.59927 17.794 0.020
2812.55589 17.817 0.021
2814.57356 17.780 0.021
2815.60821 17.768 0.020
2817.63895 17.846 0.023
2821.53980 17.786 0.020
2829.79915 17.776 0.022
2834.65583 17.795 0.059
2836.53902 17.792 0.020
2838.56813 17.898 0.021
2839.80906 17.810 0.021
2841.74927 17.808 0.019
2844.47265 17.797 0.032
2848.72429 17.785 0.023
2849.47120 17.746 0.024
2849.50132 17.831 0.023
2849.51075 17.824 0.022
2849.64832 17.815 0.020
2849.70525 17.787 0.020
2850.47924 17.805 0.021
2851.57323 17.798 0.019
2853.58423 17.815 0.018
2855.63429 17.814 0.025
2857.75950 17.771 0.023
2863.72507 17.856 0.028
2866.73829 17.837 0.024
2869.59488 18.057 0.022
2871.53453 18.025 0.020
2875.67396 17.831 0.020
2878.63878 18.063 0.020
2884.52119 17.768 0.020
2886.55820 17.794 0.052
2894.56965 17.809 0.019
2897.64600 17.830 0.025
2906.60665 17.783 0.021
2910.58348 17.933 0.026
2912.58574 17.792 0.020
2922.58429 17.857 0.032
2932.57489 17.801 0.021
3045.87710 17.981 0.026
3046.87727 17.795 0.025
3056.85725 18.017 0.029
3060.82444 17.823 0.025
3066.82203 17.817 0.021
3068.87952 17.787 0.019
3072.79866 17.772 0.021
3076.78125 17.818 0.032
3077.88804 17.817 0.040
3081.84468 17.768 0.017
3084.81108 17.786 0.018
3086.87446 17.843 0.017
3088.86196 17.794 0.015
3090.77531 17.879 0.017
3097.88707 17.806 0.016
3099.80256 17.826 0.021
3101.87979 17.776 0.020
3103.83782 17.809 0.018
3104.82392 17.859 0.049
3107.82735 17.985 0.026
3108.91280 17.750 0.016
3113.91906 17.774 0.016
3114.87200 17.807 0.019
3116.77802 17.781 0.018
3124.85561 17.805 0.022
3126.73657 17.781 0.017
3128.61540 17.783 0.023
3130.80506 17.847 0.022
3131.75183 18.056 0.030
3135.76105 17.782 0.015
3138.76949 17.789 0.018
3140.73796 17.863 0.017
3141.80077 17.793 0.016
3142.87388 17.798 0.019
3144.89572 17.804 0.020
3147.72867 17.799 0.019
3151.86785 17.806 0.020
3152.86507 17.746 0.020
3153.87244 17.782 0.027
3154.94103 17.831 0.034
3156.94537 17.955 0.033
3158.92513 17.814 0.031
3162.88169 17.769 0.020
3163.87606 17.799 0.022
3164.85637 17.778 0.018
3165.63837 17.870 0.017
3167.72077 17.805 0.019
3168.79452 17.781 0.017
3169.76657 17.820 0.020
3170.92415 17.880 0.022
3171.58227 17.768 0.017
3173.69642 18.029 0.022
3174.81865 17.777 0.017
3175.88189 17.748 0.020
3178.52806 17.865 0.025
3179.83013 17.868 0.020
3180.83740 17.924 0.018
3182.89470 17.760 0.020
3183.86539 17.769 0.027
3184.47396 17.830 0.025
3185.53668 17.815 0.022
3193.66287 17.770 0.022
3194.46831 17.800 0.036
3195.71784 17.824 0.016
3196.75469 17.764 0.019
3197.71410 17.763 0.018
3201.79384 17.819 0.020
3202.73781 17.937 0.021
3203.78686 17.795 0.016
3205.64885 17.842 0.014
3206.66546 17.938 0.019
3210.67230 17.815 0.017
3211.72256 17.804 0.020
3217.76838 17.788 0.034
3218.70884 17.827 0.027
3224.59799 17.745 0.016
3229.67184 17.789 0.016
3231.71448 17.746 0.023
3239.56813 18.060 0.021
3240.57661 17.829 0.021
3245.69049 17.843 0.024
3247.55009 17.805 0.020
3249.67667 17.795 0.024
3251.57201 17.808 0.017
3254.65505 17.776 0.021
3257.58928 17.839 0.016
3261.52807 18.028 0.020
3265.60228 17.804 0.021
3267.64080 17.883 0.024
3270.51191 17.811 0.039
3273.54495 17.815 0.028
3276.57051 17.821 0.029
3279.57921 17.943 0.027
3283.51305 17.911 0.019
3289.56606 17.838 0.020
3459.91479 17.786 0.032
3778.88219 17.806 0.019
4911.83765 17.889 0.016
