2125.50678 18.752 0.077
2129.59258 18.618 0.034
2132.53719 18.643 0.030
2135.66791 18.566 0.029
2140.63263 18.598 0.032
2143.73704 18.479 0.032
2158.56463 18.537 0.035
2167.52002 18.507 0.030
2172.53562 18.335 0.040
2185.56395 18.722 0.050
2329.89699 18.933 0.050
2346.88943 18.620 0.031
2352.84375 18.626 0.038
2361.83811 18.720 0.037
2371.89881 18.563 0.030
2381.91745 18.870 0.044
2385.92740 18.759 0.043
2391.83193 18.440 0.044
2397.88761 18.503 0.036
2401.74457 18.605 0.035
2403.80330 18.770 0.033
2405.76779 18.636 0.033
2415.83835 18.915 0.054
2424.71711 18.651 0.058
2428.68065 18.588 0.038
2434.60849 18.570 0.042
2436.69929 18.615 0.031
2438.67741 18.655 0.031
2440.67007 18.776 0.041
2444.80511 18.947 0.050
2446.80201 18.569 0.039
2453.77673 18.556 0.031
2456.53835 18.871 0.049
2458.65252 18.730 0.039
2462.60673 18.661 0.029
2464.67576 18.617 0.028
2467.58243 18.679 0.033
2469.56968 18.626 0.027
2471.70469 18.915 0.034
2473.55766 18.561 0.037
2483.63837 18.709 0.036
2486.62151 18.664 0.035
2490.58854 19.091 0.063
2493.54669 18.884 0.042
2495.62282 18.799 0.035
2497.67727 18.578 0.030
2499.72523 18.537 0.028
2501.74308 19.124 0.052
2508.56003 18.837 0.048
2512.51954 18.534 0.037
2518.66622 18.694 0.037
2521.67273 18.854 0.047
2524.51278 18.673 0.033
2529.63590 18.640 0.042
2537.57993 18.691 0.053
2541.54817 18.686 0.039
2546.61296 18.839 0.053
2551.52555 18.866 0.052
2555.62203 18.457 0.049
2562.57575 18.572 0.046
2573.54766 18.831 0.066
2705.84376 18.750 0.048
2713.89772 18.618 0.028
2728.83922 18.724 0.046
2733.81201 18.670 0.042
2744.79447 18.818 0.035
2752.86444 18.475 0.147
2756.83859 18.829 0.046
2760.80382 18.824 0.055
2766.83593 18.579 0.030
2770.71792 18.498 0.040
2783.82526 18.633 0.029
2786.80252 18.642 0.042
2790.71659 18.974 0.037
2795.62476 18.885 0.038
2797.61290 18.501 0.026
2802.82634 18.483 0.054
2810.77128 19.050 0.048
2811.82405 18.878 0.047
2813.62043 18.827 0.055
2815.74118 18.608 0.032
2817.69481 18.527 0.040
2818.75736 18.634 0.032
2820.62576 18.565 0.038
2821.65403 18.690 0.035
2826.61979 18.560 0.031
2830.72254 18.879 0.092
2835.61912 18.766 0.067
2837.53293 19.057 0.067
2839.56640 18.650 0.036
2840.73105 18.562 0.043
2843.50938 18.495 0.034
2844.78723 18.780 0.041
2849.69823 18.798 0.041
2851.71935 18.441 0.035
2853.72121 18.924 0.050
2856.60547 18.621 0.040
2858.57158 18.576 0.030
2863.64524 18.574 0.049
2866.73400 18.474 0.040
2869.62753 18.994 0.045
2872.64877 18.642 0.031
2877.58848 18.505 0.029
2892.54136 18.890 0.050
2895.69171 18.587 0.036
2900.55317 18.979 0.056
2905.60710 18.733 0.054
2911.52298 18.539 0.045
2916.59139 18.752 0.069
2929.55168 18.838 0.060
3050.86608 18.801 0.074
