2125.61979 19.018 0.142
2129.69452 19.165 0.091
2132.63609 19.085 0.086
2136.54015 19.301 0.145
2141.55189 19.149 0.097
2144.64178 19.157 0.102
2160.60957 19.499 0.236
2211.50426 19.236 0.214
2347.83597 19.049 0.092
2357.86350 19.180 0.105
2372.85137 19.357 0.146
2383.82325 19.237 0.093
2388.79393 19.114 0.121
2390.82334 19.178 0.107
2397.70101 19.238 0.111
2401.83268 19.153 0.100
2403.90965 19.282 0.102
2405.89704 19.165 0.113
2414.90207 19.182 0.123
2416.85436 19.289 0.128
2424.82173 19.321 0.134
2428.85034 19.416 0.149
2434.74867 19.151 0.092
2436.79738 19.231 0.107
2438.75816 19.490 0.140
2441.73585 19.199 0.095
2445.64198 19.153 0.105
2448.66336 19.249 0.131
2455.70000 19.034 0.101
2459.62002 18.987 0.078
2463.55132 19.236 0.125
2466.65047 19.173 0.127
2468.68070 19.179 0.089
2470.66313 19.470 0.120
2472.68832 19.250 0.101
2481.56771 19.513 0.208
2484.63026 19.509 0.171
2486.72225 19.769 0.287
2490.69045 19.110 0.107
2493.65197 19.085 0.115
2495.75392 19.300 0.152
2498.51746 19.197 0.078
2500.56195 19.273 0.100
2502.57318 19.325 0.116
2508.67348 19.178 0.152
2512.61982 19.208 0.127
2517.57373 19.375 0.129
2520.58903 19.152 0.109
2528.49432 19.250 0.140
2538.50073 19.234 0.128
2542.52805 19.279 0.150
2552.50201 19.362 0.179
2556.58612 19.460 0.213
2563.50055 19.324 0.143
2575.52875 18.835 0.109
2707.86995 19.531 0.151
2714.90923 19.327 0.107
2729.84320 19.405 0.195
2733.92335 19.391 0.202
2744.92116 19.250 0.092
2753.89559 19.188 0.106
2757.80733 19.184 0.105
2761.82443 19.349 0.113
2767.79975 19.342 0.161
2775.72882 19.070 0.175
2783.83278 19.194 0.096
2785.75841 19.320 0.119
2787.60875 19.588 0.209
2789.76546 19.110 0.092
2791.72186 19.305 0.111
2794.93652 19.245 0.150
2796.83556 19.382 0.105
2797.89680 19.180 0.108
2809.72467 19.103 0.119
2811.64901 19.445 0.185
2812.72352 19.341 0.139
2813.83279 19.246 0.118
2814.75633 19.590 0.161
2816.62101 19.426 0.114
2818.59229 19.007 0.085
2820.79893 19.106 0.105
2826.76240 19.214 0.095
2835.64653 19.213 0.163
2839.71578 19.287 0.139
2841.72507 19.249 0.106
2843.65161 19.222 0.128
2845.66224 19.480 0.161
2850.53023 19.109 0.093
2852.54263 19.270 0.167
2854.54637 19.322 0.125
2856.73671 19.492 0.241
2858.68936 19.100 0.151
2862.60203 19.259 0.162
2865.70560 19.027 0.118
2868.59182 19.054 0.078
2876.58808 19.099 0.099
2879.63836 19.388 0.142
2884.66873 19.315 0.163
2892.65710 19.293 0.200
2895.63079 19.113 0.095
2900.55901 19.129 0.125
2906.51093 19.129 0.128
2911.53510 19.328 0.151
2918.55911 19.216 0.159
2930.58009 18.901 0.121
3051.88964 19.201 0.176
3064.82450 19.113 0.133
3067.89793 19.160 0.091
3070.85946 19.060 0.124
3073.81488 19.468 0.159
3075.85355 19.574 0.155
3079.89809 19.373 0.154
3082.86906 19.475 0.133
3084.91151 19.203 0.089
3086.84305 19.382 0.096
3088.80051 19.061 0.078
3089.90977 19.249 0.097
3091.83799 19.156 0.100
3096.87096 19.432 0.153
3098.85999 19.117 0.076
3100.80908 19.224 0.105
3101.92282 19.141 0.131
3103.78037 19.218 0.115
3104.90106 19.399 0.409
3108.77292 19.264 0.099
3109.80510 19.299 0.101
3110.83951 19.101 0.087
3112.79783 19.183 0.095
3113.87878 19.178 0.086
3114.78965 19.329 0.097
3115.87313 19.225 0.104
3122.91566 19.043 0.104
3125.87600 19.454 0.175
3126.90157 19.194 0.112
3127.81242 19.305 0.118
3128.82547 19.312 0.106
3130.70337 19.307 0.143
3134.82508 19.237 0.113
3135.90470 19.187 0.116
3138.70644 19.472 0.159
3139.88373 19.282 0.095
3140.88350 19.224 0.094
3142.77177 19.282 0.101
3144.79272 19.015 0.086
3146.81537 19.218 0.110
3151.75537 19.120 0.108
3151.90803 19.304 0.142
3152.75944 19.227 0.109
3153.76335 19.100 0.118
3154.82491 19.128 0.129
3156.84461 19.455 0.156
3158.91873 19.197 0.212
3162.81961 19.393 0.140
3163.63249 19.239 0.089
3163.65425 19.118 0.079
3164.74184 19.199 0.093
3165.76199 19.078 0.067
3166.90713 19.379 0.220
3167.76736 19.308 0.164
3168.75519 19.471 0.124
3169.73152 19.196 0.100
3170.80857 19.243 0.085
3171.83134 19.326 0.087
3172.75829 19.337 0.098
3174.71522 19.238 0.087
3175.72457 19.310 0.096
3177.76174 19.232 0.140
3178.78828 19.045 0.078
3179.79797 18.996 0.084
3180.72690 19.133 0.072
3182.77789 19.238 0.101
3183.74646 19.330 0.130
3184.70427 19.134 0.077
3185.75690 19.166 0.101
3193.54250 18.845 0.077
3194.60108 19.136 0.106
3195.65305 19.177 0.072
3195.80607 19.161 0.091
3196.55154 19.576 0.175
3197.51903 19.181 0.092
3199.62887 19.319 0.116
3199.65432 19.312 0.099
3199.69189 19.091 0.088
3199.74855 19.190 0.127
3201.46721 19.173 0.161
3201.52071 19.113 0.088
3201.75110 18.968 0.065
3201.81594 19.019 0.104
3202.48400 19.249 0.118
3202.57508 19.250 0.099
3202.75877 19.400 0.129
3203.47277 19.163 0.113
3203.66466 19.150 0.082
3204.55145 19.618 0.123
3204.65896 19.117 0.079
3205.47386 19.278 0.120
3205.77261 19.316 0.104
3206.52586 18.942 0.071
3206.72343 19.107 0.116
3209.55358 19.540 0.163
3210.51728 19.375 0.135
3211.58924 19.257 0.121
3217.65788 19.104 0.102
3218.65628 19.037 0.106
3219.61213 19.710 0.258
3223.65746 19.470 0.185
3224.70295 19.161 0.095
3226.62651 19.341 0.154
3228.60674 19.227 0.111
3229.63921 19.362 0.133
3230.67280 19.228 0.110
3231.57620 19.252 0.105
3232.60399 19.523 0.202
3238.62516 19.217 0.128
3239.70386 19.144 0.139
3240.68499 19.361 0.181
3241.65990 19.601 0.170
3245.55978 19.169 0.125
3246.66348 19.163 0.153
3247.62967 19.528 0.162
3249.53168 19.037 0.099
3250.66435 19.021 0.116
3253.53211 19.184 0.109
3256.64139 19.252 0.155
3267.53745 19.097 0.098
3272.59287 18.976 0.107
3275.57584 19.034 0.126
3278.60473 19.563 0.189
3282.57874 18.901 0.062
3288.55130 19.314 0.129
3293.52192 19.710 0.147
3295.53211 19.090 0.063
3305.55151 19.078 0.137
3308.52278 19.649 0.291
3309.50992 19.058 0.125
3310.52952 19.254 0.181
3311.50067 19.175 0.173
3314.49992 19.298 0.257
3409.88298 19.275 0.129
3414.87145 19.166 0.115
3421.90301 19.045 0.091
3422.87736 19.588 0.159
3426.86849 19.017 0.087
3429.85054 19.450 0.152
3432.89394 19.082 0.105
3442.89643 19.174 0.099
3445.80917 18.985 0.070
3447.85984 19.211 0.117
3449.87244 19.161 0.079
3452.89303 19.308 0.089
3455.82728 19.300 0.150
3457.86081 19.423 0.108
3459.85598 19.104 0.089
3467.88584 19.088 0.075
3469.79180 19.429 0.104
3470.80468 19.235 0.078
3472.76715 19.015 0.081
3473.78692 19.132 0.095
3474.78359 19.683 0.217
3475.80919 19.387 0.105
3477.77097 19.230 0.096
3478.71692 19.302 0.109
3478.75179 19.220 0.096
3478.80826 19.118 0.081
3478.85760 19.108 0.075
3478.88800 19.395 0.113
3479.73613 19.293 0.099
3479.76980 19.035 0.068
3479.88615 19.286 0.088
3479.93074 19.365 0.105
3480.72995 19.381 0.096
3480.90065 19.183 0.093
3481.74789 19.207 0.091
3482.72465 19.092 0.084
3496.72745 19.039 0.087
3497.79900 19.361 0.134
3498.92327 19.306 0.123
3499.87015 19.137 0.093
3500.67928 18.878 0.076
3500.69150 19.416 0.105
3500.73635 19.326 0.109
3500.80361 19.057 0.084
3500.84459 19.072 0.077
3500.87357 19.142 0.099
3500.89815 19.324 0.126
3500.92882 19.067 0.087
3501.67097 19.163 0.106
3501.80112 19.829 0.143
3502.72586 19.164 0.080
3503.69502 19.172 0.089
3504.70975 19.171 0.093
3506.75359 19.231 0.113
3508.76315 19.266 0.118
3509.73625 19.246 0.089
3510.80601 19.607 0.125
3511.84514 19.353 0.104
3512.71484 19.089 0.109
3517.69576 19.095 0.130
3520.76921 19.110 0.092
3521.72598 19.269 0.082
3522.75394 19.313 0.082
3523.75914 19.407 0.085
3524.90085 19.350 0.152
3525.75731 18.983 0.063
3526.76027 19.170 0.085
3528.68120 19.225 0.086
3529.70347 19.323 0.078
3530.61859 19.229 0.073
3537.74378 19.264 0.090
3538.61508 19.263 0.098
3539.82538 19.543 0.096
3540.65843 19.472 0.124
3544.73061 19.292 0.128
3546.85251 19.608 0.260
3547.81678 19.348 0.157
3550.64326 19.424 0.105
3551.64420 19.037 0.056
3552.67916 18.994 0.078
3553.72858 19.164 0.113
3554.66710 19.226 0.118
3555.68547 19.370 0.111
3556.68154 19.326 0.099
3558.53858 19.433 0.131
3558.83726 19.475 0.163
3559.70721 19.047 0.070
3560.60858 19.324 0.112
3561.55353 19.153 0.093
3562.59695 19.221 0.132
3563.64772 19.301 0.096
3564.58268 19.510 0.179
3571.72133 19.194 0.177
3571.76990 18.963 0.205
3573.66576 19.257 0.126
3574.69718 19.272 0.108
3575.54466 19.075 0.074
3575.78127 19.135 0.107
3576.69853 19.307 0.114
3577.59862 19.148 0.095
3578.68327 19.313 0.096
3579.62878 19.068 0.072
3580.66196 19.153 0.089
3581.68181 19.203 0.076
3582.65369 19.196 0.089
3583.64412 19.115 0.089
3583.76402 18.884 0.104
3584.65276 19.152 0.072
3584.76743 19.336 0.123
3585.64311 19.047 0.094
3585.73270 19.391 0.106
3586.72818 19.103 0.077
3587.60040 19.764 0.203
3587.66330 19.094 0.102
3587.72592 19.441 0.188
3588.55089 18.891 0.070
3588.61080 19.181 0.085
3589.48957 19.281 0.089
3589.55448 19.020 0.063
3589.68174 19.236 0.077
3589.69107 19.305 0.087
3590.46905 19.423 0.140
3590.55387 19.084 0.073
3590.63339 19.216 0.097
3590.69046 19.531 0.132
3591.48216 19.329 0.105
3591.63190 19.240 0.075
3591.68927 19.318 0.085
3592.48129 19.316 0.114
3592.54857 19.337 0.100
3592.66234 19.119 0.074
3593.47185 18.993 0.074
3593.57555 19.288 0.089
3593.75621 19.072 0.114
3594.49555 19.096 0.104
3594.57037 19.216 0.073
3594.71839 19.226 0.105
3596.64570 19.619 0.202
3599.63624 19.585 0.215
3601.66691 19.116 0.099
3602.62752 19.298 0.118
3603.46679 20.038 0.461
3603.64755 19.544 0.142
3607.64591 19.200 0.097
3608.66127 19.131 0.095
3615.58902 19.262 0.093
3618.59062 19.160 0.099
3620.55383 19.346 0.104
3622.53169 19.254 0.121
3628.61253 19.435 0.186
3630.54722 19.492 0.167
3632.59889 19.391 0.187
3634.49797 19.308 0.126
3639.55684 19.108 0.079
3641.55525 19.388 0.183
3644.51564 19.074 0.086
3648.54874 19.408 0.179
3650.59588 19.881 0.290
3654.55143 19.453 0.200
3656.53269 19.117 0.118
3658.56453 19.482 0.246
3659.55107 19.462 0.228
3660.53717 19.234 0.157
3662.49871 18.898 0.093
3662.52567 19.238 0.162
3664.53504 18.879 0.085
3665.50793 19.461 0.165
3665.54056 19.085 0.127
3666.49476 19.339 0.135
3668.49178 19.374 0.213
3669.51705 19.213 0.140
3670.50700 19.373 0.203
3672.51508 19.587 0.262
3675.51925 19.810 0.256
3776.87794 19.256 0.125
3782.86258 19.211 0.109
3784.88789 19.181 0.100
3788.85534 19.182 0.119
3790.89772 19.330 0.132
3793.86505 19.177 0.082
3795.85244 18.989 0.120
3798.81564 19.059 0.085
3799.83983 19.006 0.094
3800.83475 18.919 0.092
3801.89424 19.138 0.098
3802.85979 19.369 0.137
3803.89509 19.108 0.084
3805.81154 19.064 0.092
3806.77781 19.102 0.106
3807.79692 18.978 0.109
3808.80460 19.020 0.092
3809.88971 19.144 0.090
3810.85632 19.285 0.107
3811.84791 19.322 0.115
3812.84401 19.453 0.169
3813.83695 19.303 0.114
3814.83584 19.007 0.078
3817.86909 19.275 0.104
3818.89648 19.242 0.094
3819.81415 19.160 0.080
3820.78084 19.162 0.088
3821.78397 19.250 0.095
3822.82336 19.271 0.104
3823.78355 19.238 0.108
3824.74974 19.107 0.117
3825.81460 19.318 0.117
3826.74312 19.443 0.125
3827.81091 19.010 0.079
3828.78553 19.067 0.112
3829.76772 19.413 0.133
3830.74408 19.214 0.098
3831.92105 19.105 0.079
3832.75462 19.061 0.076
3833.76778 19.022 0.072
3833.82029 19.110 0.069
3833.88322 19.266 0.090
3834.75356 19.357 0.100
3834.92441 19.551 0.248
3835.74261 19.423 0.146
3836.77366 19.331 0.113
3837.74101 19.166 0.136
3837.91292 19.065 0.082
3838.75280 19.028 0.132
3838.92013 19.130 0.108
3839.74857 19.064 0.111
3840.71457 19.373 0.139
3840.91955 19.396 0.124
3841.75309 19.236 0.116
3841.90379 19.477 0.128
3842.85690 18.842 0.066
3845.72861 18.741 0.120
3845.91994 19.122 0.116
3846.73933 19.052 0.076
3846.93200 19.281 0.137
3847.80540 19.274 0.143
3848.76035 19.248 0.102
3849.75951 19.219 0.094
3850.70416 19.060 0.088
3850.87719 19.126 0.096
3851.71879 19.176 0.102
3851.88357 19.245 0.118
3851.92970 19.028 0.089
3852.70727 19.233 0.113
3852.87851 19.161 0.090
3853.69568 19.223 0.089
3853.86397 19.376 0.097
3853.93481 19.075 0.098
3856.68573 19.145 0.093
3856.85248 19.066 0.072
3857.92338 19.089 0.100
3858.77212 19.179 0.085
3859.81028 19.334 0.106
3860.67979 19.581 0.165
3860.91864 19.361 0.158
3861.67787 19.472 0.140
3861.78150 19.098 0.071
3862.71114 19.350 0.099
3862.87361 19.213 0.094
3863.64860 19.050 0.092
3863.86271 19.152 0.074
3864.68553 19.117 0.096
3864.87561 19.008 0.067
3864.93455 19.198 0.086
3865.69637 19.227 0.104
3865.83310 19.380 0.112
3865.90983 18.928 0.072
3866.69482 19.162 0.089
3866.83432 19.459 0.113
3866.91323 19.135 0.074
3867.63767 19.357 0.130
3867.82523 19.253 0.109
3867.89641 19.220 0.093
3868.72078 19.442 0.149
3868.87245 19.315 0.132
3869.70059 19.492 0.139
3869.88154 19.112 0.117
3872.90486 19.022 0.075
3873.65409 19.235 0.096
3873.79629 19.230 0.091
3873.86827 19.340 0.114
3873.93786 18.955 0.096
3874.75257 19.089 0.104
3875.66624 19.311 0.079
3875.82210 19.086 0.073
3875.91265 19.334 0.102
3876.64345 19.070 0.067
3877.64160 18.859 0.072
3877.79290 19.336 0.088
3877.86678 19.242 0.093
3880.61464 20.053 0.193
3880.84246 19.445 0.133
3880.92127 19.050 0.094
3881.67167 19.237 0.104
3881.88312 19.273 0.089
3882.58366 19.034 0.096
3882.75994 19.075 0.091
3882.83419 19.161 0.091
3882.90300 19.362 0.099
3883.64931 19.042 0.093
3883.84986 19.043 0.067
3886.61143 19.141 0.108
3886.80422 19.328 0.092
3886.87606 19.307 0.119
3887.58474 18.982 0.088
3887.78738 19.230 0.086
3887.88691 19.148 0.101
3888.60082 19.280 0.121
3889.66721 19.281 0.088
3889.94543 19.228 0.123
3890.65235 19.129 0.085
3891.67684 19.089 0.091
3891.80508 19.171 0.089
3891.88707 19.148 0.102
3892.57843 19.387 0.198
3892.94721 19.091 0.131
3893.63066 19.321 0.117
3893.87534 19.488 0.180
3894.68104 19.302 0.129
3896.62168 19.143 0.158
3900.53993 18.932 0.135
3900.72634 19.081 0.080
3900.80499 19.480 0.129
3900.87362 19.161 0.109
3901.55010 19.035 0.104
3901.73144 19.294 0.115
3901.80867 19.250 0.119
3901.87761 19.382 0.163
3902.57431 19.090 0.084
3902.75226 19.022 0.079
3902.87511 19.846 0.302
3903.66391 19.183 0.096
3904.56110 19.309 0.092
3904.72408 19.375 0.105
3904.79317 19.107 0.086
3904.89531 19.229 0.117
3905.55784 19.299 0.101
3905.73454 19.249 0.081
3905.80455 19.055 0.063
3905.87311 19.072 0.090
3906.57234 19.532 0.149
3906.71297 19.025 0.075
3906.78532 19.476 0.120
3906.86843 19.410 0.177
3907.60313 19.532 0.143
3907.78535 19.766 0.274
3907.86991 19.539 0.215
3908.53925 19.210 0.112
3908.72488 19.023 0.081
3908.80494 19.069 0.080
3908.88803 19.194 0.105
3909.54110 19.317 0.126
3909.72379 19.193 0.073
3909.81427 19.132 0.079
3909.89056 19.221 0.119
3910.57754 19.042 0.080
3912.54020 19.520 0.099
3912.72756 19.124 0.065
3912.82149 19.235 0.081
3913.53172 19.143 0.075
3913.73714 19.205 0.098
3913.82606 19.227 0.080
3914.55548 19.215 0.111
3915.53320 19.141 0.102
3915.73521 19.169 0.086
3915.83342 19.385 0.155
3916.57189 19.207 0.110
3916.81583 19.166 0.094
3917.62064 19.023 0.100
3917.82640 19.045 0.102
3918.61399 19.084 0.120
3918.82410 19.223 0.148
3919.55226 19.099 0.135
3919.76088 19.710 0.112
3920.51857 19.221 0.123
3920.71466 19.212 0.100
3920.80007 19.422 0.095
3921.51475 19.126 0.099
3921.72849 19.134 0.144
3922.71843 19.213 0.140
3930.55167 18.919 0.076
3930.79626 19.534 0.271
3931.50732 19.314 0.137
3932.53491 19.439 0.132
3932.80662 19.204 0.109
3933.52129 19.238 0.097
3933.70579 19.045 0.072
3933.77776 19.197 0.092
3934.49520 19.170 0.095
3934.66524 19.261 0.087
3934.73508 19.136 0.078
3935.54509 19.272 0.121
3935.71644 19.121 0.118
3935.81397 19.550 0.168
3936.49849 19.246 0.126
3936.66399 19.246 0.095
3936.74035 19.291 0.130
3937.56274 19.288 0.152
3938.50622 20.031 0.275
3938.70127 19.189 0.111
3938.80641 18.884 0.116
3940.59091 19.358 0.109
3941.70756 19.248 0.135
3944.55881 18.886 0.071
3944.75917 19.132 0.121
3945.78710 19.007 0.117
3946.51796 19.315 0.128
3946.71017 19.381 0.149
3950.52664 19.007 0.072
3950.74171 19.241 0.128
3951.51937 19.061 0.101
3951.75068 19.322 0.188
3956.57257 19.362 0.176
3957.51100 19.228 0.121
3958.58179 19.170 0.099
3959.51457 19.374 0.135
3959.68900 19.479 0.175
3960.50381 19.188 0.089
3960.68291 19.069 0.074
3961.57514 19.585 0.187
3963.53645 19.074 0.084
3963.60637 19.371 0.112
3963.71382 19.165 0.117
3964.53156 19.101 0.077
3965.51597 19.148 0.085
3965.70725 19.316 0.104
3966.49117 19.269 0.121
3966.69286 19.249 0.109
3967.52956 19.396 0.139
3967.71832 19.500 0.147
3968.50366 19.471 0.143
3968.67360 19.502 0.170
3969.48524 19.311 0.128
3969.68594 19.473 0.134
3970.51951 19.150 0.110
3970.69301 19.222 0.097
3971.55825 19.205 0.134
3973.58445 19.197 0.099
3974.51373 19.145 0.105
3975.51662 19.300 0.101
3975.69325 19.277 0.146
3976.51116 19.010 0.073
3976.68722 18.929 0.118
3979.51342 19.573 0.294
3982.57406 19.258 0.108
3983.53170 19.105 0.142
3986.58852 19.175 0.131
3987.51087 19.671 0.182
3988.52377 19.137 0.081
3989.53438 19.268 0.113
3990.55118 19.225 0.114
3991.50697 19.401 0.165
3993.55864 19.175 0.113
3994.56934 19.190 0.124
3995.57693 19.171 0.091
3999.61428 19.319 0.133
4002.50368 19.157 0.114
4003.49789 19.365 0.111
4004.53199 19.221 0.100
4006.52495 19.145 0.099
4012.50486 19.292 0.142
4016.52049 19.934 0.270
4018.55866 19.578 0.193
4020.54349 18.907 0.098
4023.54383 19.476 0.202
4025.56321 19.059 0.110
4028.50263 19.515 0.192
4031.50274 19.834 0.251
4038.50809 19.364 0.189
4041.50711 19.588 0.243
4043.51486 19.428 0.241
4141.88253 19.102 0.114
4151.86370 19.292 0.138
4153.88564 19.327 0.123
4156.86404 18.978 0.114
4158.88364 19.238 0.123
4161.85158 19.098 0.130
4163.83446 19.051 0.107
4165.81587 19.197 0.183
4168.81305 19.230 0.123
4170.80499 19.218 0.221
4175.79563 19.137 0.115
4176.90697 19.153 0.093
4178.81071 19.493 0.145
4179.85500 19.304 0.100
4181.79144 19.172 0.124
4182.83638 18.998 0.077
4183.87253 19.127 0.101
4184.91317 19.159 0.090
4189.85583 19.143 0.108
4191.81764 19.436 0.210
4193.74780 19.279 0.205
4194.79339 19.074 0.110
4196.78345 19.268 0.146
4202.76499 19.038 0.082
4203.75300 19.375 0.108
4204.74526 19.500 0.151
4204.92756 19.457 0.156
4205.74180 19.198 0.102
4207.73126 19.021 0.094
4208.75336 19.074 0.081
4211.79753 19.269 0.136
4212.87469 19.248 0.150
4213.71789 18.967 0.096
4213.92147 19.094 0.081
4215.75057 19.122 0.113
4216.70836 19.393 0.146
4217.71581 19.227 0.094
4217.92528 19.367 0.101
4218.76543 19.507 0.204
4219.76635 19.619 0.232
4220.71108 19.053 0.109
4222.67982 19.430 0.196
4222.92458 19.135 0.107
4224.79053 19.121 0.101
4224.80204 19.081 0.097
4224.82484 19.060 0.126
4224.84518 19.056 0.133
4224.86690 19.096 0.136
4224.87624 19.157 0.123
4224.87907 19.107 0.116
4224.88198 19.057 0.111
4224.89350 19.170 0.112
4224.90463 19.326 0.169
4224.91573 19.377 0.171
4224.92582 19.351 0.157
4224.92877 19.371 0.169
4224.93165 19.316 0.180
4224.93464 19.282 0.182
4224.93731 19.830 0.329
4227.84608 19.249 0.105
4227.85365 19.200 0.117
4227.85748 19.405 0.152
4227.87452 19.229 0.124
4227.88697 19.056 0.118
4227.91069 19.029 0.102
4227.92031 19.049 0.117
4227.92898 19.068 0.129
4228.62646 19.355 0.234
4228.63472 19.257 0.185
4228.68594 19.166 0.124
4228.71727 19.133 0.098
4228.75741 18.951 0.095
4228.79369 19.145 0.104
4228.83544 19.265 0.151
4228.88015 19.282 0.149
4228.90557 19.211 0.153
4228.91952 19.170 0.158
4228.93093 19.015 0.125
4228.93383 18.941 0.113
4229.63499 19.144 0.150
4229.67962 19.533 0.193
4229.74178 19.203 0.113
4229.80924 19.034 0.091
4229.87657 19.371 0.136
4229.92715 19.370 0.127
4230.63240 19.349 0.182
4230.68932 19.229 0.106
4230.76230 19.131 0.076
4230.87737 19.165 0.126
4230.92849 19.419 0.200
4231.61575 19.035 0.113
4231.63166 18.920 0.091
4231.77588 19.193 0.107
4231.90008 19.402 0.170
4232.61690 19.228 0.161
4232.68373 19.035 0.140
4232.84474 19.409 0.210
4232.93389 19.450 0.204
4233.71743 19.180 0.154
4233.81901 19.299 0.144
4233.92541 19.092 0.148
4234.61098 19.178 0.156
4234.71719 19.037 0.101
4234.93152 19.036 0.120
4235.61953 19.223 0.132
4235.64519 19.293 0.126
4235.80644 19.121 0.087
4235.89887 19.159 0.105
4237.61072 19.317 0.180
4238.61573 19.081 0.155
4238.63114 19.136 0.154
4238.68155 19.150 0.134
4238.81931 19.149 0.112
4238.88354 19.236 0.169
4239.63789 19.262 0.156
4240.68525 19.140 0.124
4240.82533 19.201 0.112
4243.65106 19.217 0.133
4243.74377 19.227 0.119
4243.83752 19.240 0.115
4244.62339 19.120 0.135
4244.71965 19.291 0.117
4244.81246 19.014 0.092
4245.61649 19.061 0.100
4245.71041 19.293 0.109
4245.80622 19.223 0.107
4246.67478 19.132 0.098
4246.76766 19.499 0.146
4246.86099 19.042 0.097
4247.69003 19.140 0.115
4250.73818 19.167 0.116
4251.80976 19.313 0.215
4256.62587 19.240 0.173
4256.77191 19.137 0.132
4257.65753 19.365 0.189
4258.64076 19.164 0.138
4258.76325 19.165 0.105
4258.85737 19.222 0.140
4267.60137 19.065 0.105
4268.56459 19.399 0.170
4268.84745 19.077 0.110
4269.58377 19.274 0.115
4269.70432 19.001 0.090
4269.81308 19.204 0.089
4270.57732 19.181 0.143
4272.60568 18.940 0.077
4272.75483 19.183 0.102
4272.81404 19.047 0.100
4272.88563 19.124 0.135
4273.62279 19.332 0.161
4273.80343 19.099 0.120
4273.86459 19.343 0.221
4274.55545 19.335 0.175
4274.70919 19.187 0.124
4274.77032 19.296 0.131
4274.82873 19.377 0.169
4275.60788 19.312 0.139
4275.78325 19.340 0.155
4275.84433 19.350 0.193
4276.59266 19.416 0.176
4277.53647 19.128 0.169
4277.71337 19.117 0.109
4277.77206 19.183 0.153
4277.83310 19.353 0.209
4278.58134 19.162 0.158
4278.75750 19.153 0.150
4283.51589 19.137 0.133
4283.73620 19.246 0.137
4284.51082 19.393 0.165
4284.70140 19.262 0.124
4284.76374 18.996 0.094
4284.82858 19.359 0.165
4285.51393 19.484 0.205
4285.70668 19.486 0.163
4285.76847 19.169 0.115
4285.83380 19.149 0.137
4286.51362 19.256 0.139
4286.81855 20.094 0.434
4289.52143 19.125 0.118
4289.73997 19.161 0.124
4289.80508 19.402 0.145
4290.56772 19.267 0.157
4291.63034 19.331 0.112
4292.49600 19.427 0.116
4292.67518 19.381 0.115
4292.73378 19.172 0.087
4292.79229 19.164 0.109
4293.49631 19.371 0.140
4293.72094 19.424 0.121
4293.77973 19.161 0.102
4294.49549 19.252 0.121
4295.50260 19.154 0.123
4295.70065 19.076 0.082
4295.75924 19.431 0.126
4296.49965 18.947 0.110
4296.69618 19.234 0.099
4297.51920 19.002 0.111
4297.72083 18.999 0.075
4298.55408 19.071 0.102
4298.65980 19.357 0.137
4298.76568 19.156 0.135
4299.53709 19.143 0.086
4299.63056 19.212 0.101
4299.72230 19.289 0.107
4300.53278 19.116 0.105
4300.65284 19.239 0.107
4300.74837 19.196 0.100
4301.52366 19.146 0.095
4301.61939 19.063 0.094
4301.72092 19.294 0.101
4301.81079 19.331 0.131
4302.59663 19.501 0.147
4302.69681 19.059 0.101
4303.68264 19.319 0.162
4304.55675 19.101 0.139
4304.67489 19.203 0.164
4306.64074 19.089 0.130
4306.69645 19.397 0.161
4310.61994 19.288 0.173
4312.55219 19.033 0.118
4312.75064 19.179 0.130
4315.64319 19.186 0.158
4316.71636 19.150 0.130
4317.56446 19.282 0.106
4319.52171 18.891 0.100
4319.77654 19.003 0.121
4320.54851 19.054 0.097
4326.51577 19.186 0.097
4326.71293 19.252 0.142
4327.59458 19.404 0.177
4328.52138 19.408 0.163
4328.69941 19.278 0.136
4329.53094 19.284 0.144
4329.67883 19.263 0.143
4330.50224 19.070 0.102
4330.69553 19.225 0.129
4331.48238 19.133 0.132
4331.69125 19.165 0.149
4332.51217 19.188 0.098
4333.53326 19.172 0.131
4333.69438 19.195 0.150
4334.50664 19.262 0.274
4334.63487 18.715 0.175
4338.50649 19.009 0.117
4339.48382 19.196 0.131
4339.70026 19.092 0.134
4340.60410 19.179 0.117
4341.50712 19.457 0.210
4342.53631 19.406 0.144
4343.51515 19.277 0.093
4344.54338 19.394 0.194
4345.50857 19.085 0.088
4346.52128 18.992 0.099
4347.53599 19.242 0.119
4349.49762 19.256 0.125
4350.54427 19.398 0.121
4351.51016 19.134 0.102
4352.56068 19.235 0.163
4353.51404 19.112 0.098
4354.54276 19.020 0.085
4355.54571 19.337 0.128
4356.51077 19.349 0.134
4357.53985 19.398 0.198
4358.50289 19.199 0.143
4359.54041 18.988 0.097
4360.56978 19.227 0.146
4361.57320 19.274 0.177
4362.51496 19.276 0.150
4365.56579 19.549 0.229
4367.49905 19.078 0.105
4368.53545 19.074 0.135
4370.49951 19.286 0.131
4371.53794 19.426 0.130
4372.52367 19.060 0.084
4373.50986 19.289 0.152
4376.57458 19.415 0.210
4377.61179 19.158 0.165
4378.52237 19.182 0.121
4379.53740 18.974 0.128
4380.54890 19.230 0.126
4381.52760 19.266 0.168
4382.57014 19.146 0.164
4383.56068 19.120 0.121
4384.53486 19.115 0.137
4388.49799 19.498 0.210
4393.53468 19.105 0.111
4394.55002 19.143 0.130
4395.52146 18.976 0.123
4396.51345 19.208 0.175
4397.53776 19.169 0.128
4398.54267 19.220 0.150
4399.53538 19.247 0.183
4400.53744 19.123 0.176
4402.55386 19.437 0.221
4403.55293 18.993 0.138
4408.54369 19.359 0.208
4507.86818 19.328 0.162
4510.86450 19.071 0.110
4513.86562 19.273 0.108
4517.86475 19.156 0.172
4519.88571 19.231 0.107
4522.87963 19.347 0.151
4524.81545 19.183 0.140
4530.82308 19.047 0.077
4533.85894 19.043 0.115
4535.84170 18.993 0.118
4536.89938 19.419 0.132
4537.88501 19.118 0.079
4538.82012 19.159 0.113
4539.85817 19.243 0.110
4540.80438 19.387 0.119
4541.79708 19.177 0.090
4542.79177 19.168 0.125
4543.78731 18.961 0.086
4544.78420 19.256 0.142
4545.79051 19.433 0.142
4546.79763 19.475 0.135
4547.79160 19.236 0.106
4548.80256 19.266 0.146
4550.74561 19.462 0.172
4551.76880 19.392 0.134
4552.76478 19.725 0.351
4556.76088 19.046 0.093
4557.77809 18.995 0.095
4558.75503 19.587 0.134
4559.75295 19.547 0.135
4560.75308 19.254 0.101
4561.74314 19.111 0.098
4564.73329 19.327 0.121
4565.73137 19.353 0.097
4565.92227 19.120 0.086
4566.73085 19.194 0.094
4567.72389 19.210 0.094
4568.73243 19.209 0.107
4569.74153 19.065 0.106
4570.73215 19.090 0.110
4571.72682 19.558 0.184
4571.91537 19.334 0.110
4572.75431 19.388 0.114
4573.74269 19.252 0.129
4573.90905 19.099 0.084
4574.74508 19.237 0.125
4575.75416 19.120 0.102
4576.76067 19.081 0.095
4577.84238 18.999 0.110
4578.79340 19.207 0.150
4579.87032 19.021 0.142
4583.73713 18.955 0.088
4583.92992 19.033 0.100
4585.76084 19.503 0.198
4586.78604 19.363 0.173
4587.77378 19.531 0.175
4587.93231 19.317 0.165
4588.69625 18.997 0.111
4588.92710 19.249 0.114
4589.67916 19.198 0.111
4589.83455 19.589 0.162
4589.89658 19.315 0.135
4590.70193 19.113 0.097
4590.90659 19.173 0.106
4591.71043 19.410 0.126
4591.83587 19.209 0.108
4591.90243 19.448 0.131
4592.66906 19.268 0.130
4592.85831 19.319 0.140
4592.93667 19.371 0.164
4593.65819 19.000 0.092
4593.86790 19.094 0.093
4594.67921 19.137 0.106
4594.87425 19.251 0.116
4595.66872 18.996 0.092
4595.86316 19.224 0.110
4595.92500 19.002 0.096
4596.66395 19.286 0.133
4597.68837 19.371 0.123
4597.87989 19.269 0.120
4598.66466 19.362 0.097
4598.93338 19.075 0.112
4599.63716 18.983 0.107
4599.92771 19.424 0.168
4600.64641 18.982 0.074
4600.85513 19.039 0.086
4601.65198 19.127 0.089
4601.86823 19.149 0.084
4601.93009 19.099 0.100
4602.64461 19.196 0.094
4602.85403 19.208 0.092
4603.88713 19.160 0.102
4606.64588 18.951 0.096
4606.90096 19.310 0.142
4610.74205 19.118 0.100
4611.63136 19.116 0.116
4611.82221 19.077 0.092
4612.65274 19.166 0.105
4612.68400 19.508 0.145
4615.79448 19.607 0.183
4616.60350 19.337 0.146
4616.82002 19.381 0.139
4616.88998 19.188 0.126
4617.67523 19.174 0.101
4618.61526 19.372 0.138
4621.91663 19.163 0.091
4622.81368 19.173 0.120
4622.92925 19.271 0.195
4623.64823 19.346 0.155
4623.87279 19.388 0.171
4624.59278 19.503 0.198
4624.81690 19.243 0.115
4624.88327 19.125 0.107
4625.60687 19.183 0.138
4625.79722 19.770 0.215
4625.91464 19.470 0.181
4626.60536 19.093 0.116
4626.86586 19.147 0.115
4627.56583 18.982 0.102
4627.85512 19.206 0.093
4627.92238 19.562 0.147
4628.55309 19.518 0.154
4628.75937 19.320 0.131
4628.82481 19.183 0.114
4628.89472 19.142 0.112
4629.63051 19.239 0.093
4629.83313 19.232 0.107
4629.91115 19.308 0.134
4630.56646 19.341 0.133
4630.77227 19.213 0.104
4630.85565 19.197 0.118
4630.91842 19.127 0.123
4631.56784 19.009 0.075
4631.78357 19.152 0.086
4631.87027 19.163 0.113
4632.57163 18.993 0.087
4632.85838 19.424 0.138
4633.57160 19.101 0.100
4633.60406 19.129 0.093
4633.68311 19.588 0.130
4633.79886 19.145 0.109
4633.81655 19.074 0.093
4633.82604 19.017 0.090
4633.88732 19.505 0.195
4638.70762 19.021 0.112
4638.75667 19.140 0.126
4638.86687 19.203 0.152
4639.53524 19.173 0.116
4639.57919 19.206 0.128
4639.67699 19.539 0.136
4640.59870 18.938 0.084
4640.73086 19.097 0.094
4640.83590 19.068 0.144
4641.67270 19.217 0.110
4641.78265 19.128 0.116
4642.59663 19.136 0.098
4642.75915 19.312 0.123
4642.83422 19.068 0.111
4643.55439 19.260 0.131
4644.60177 19.321 0.154
4644.86349 19.254 0.119
4645.52485 19.165 0.151
4645.77331 19.183 0.118
4645.84802 19.351 0.166
4646.52286 18.939 0.082
4646.85525 19.274 0.130
4647.51925 19.540 0.192
4647.74229 19.275 0.140
4647.85331 18.893 0.115
4648.50239 19.288 0.128
4648.71887 19.371 0.136
4648.81991 19.047 0.111
4649.52851 19.352 0.154
4649.80734 19.183 0.116
4649.86359 18.983 0.109
4650.51447 19.179 0.139
4650.77839 19.543 0.156
4650.87211 19.121 0.129
4651.51784 19.716 0.281
4651.81296 19.507 0.174
4652.50887 19.048 0.105
4652.72200 19.131 0.095
4652.79687 19.115 0.108
4652.84661 19.669 0.252
4653.50521 19.163 0.153
4653.72438 19.115 0.106
4653.78961 19.187 0.152
4654.54402 19.123 0.098
4654.75549 19.319 0.128
4654.83706 19.231 0.171
4655.50509 19.406 0.181
4655.72955 19.405 0.115
4655.79134 19.183 0.129
4656.50700 19.091 0.085
4656.69679 19.140 0.113
4656.81601 19.352 0.157
4657.73315 19.495 0.192
4658.66550 19.210 0.111
4659.60482 19.184 0.156
4660.61782 19.142 0.118
4661.49505 19.228 0.157
4661.69573 19.296 0.163
4661.75723 19.279 0.172
4661.82445 18.941 0.124
4665.66253 19.204 0.159
4666.56798 19.067 0.101
4666.71103 19.359 0.156
4666.75322 19.171 0.138
4670.65266 19.063 0.108
4671.58820 19.543 0.124
4672.51369 19.020 0.073
4672.70613 19.035 0.087
4672.72842 19.271 0.120
4674.51678 19.183 0.132
4674.70989 19.293 0.121
4675.68463 19.158 0.110
4677.49339 19.007 0.084
4677.63979 19.099 0.111
4678.69678 18.966 0.087
4679.49902 19.479 0.213
4679.63577 19.273 0.154
4681.53480 18.986 0.099
4681.63479 19.248 0.131
4681.76702 19.139 0.104
4682.50580 19.304 0.111
4682.66313 19.203 0.098
4682.75832 19.109 0.095
4683.52431 19.547 0.193
4683.71125 19.470 0.168
4684.51682 19.304 0.115
4684.73055 19.268 0.101
4685.50183 19.166 0.136
4685.73679 19.230 0.120
4686.50554 19.051 0.091
4687.48930 19.297 0.126
4687.74484 19.223 0.147
4688.50224 19.092 0.109
4688.69207 18.650 0.067
4688.75386 19.075 0.113
4693.55003 19.136 0.147
4694.54507 19.327 0.198
4697.50573 19.176 0.109
4698.51122 19.168 0.091
4699.50738 19.023 0.095
4700.51366 19.232 0.105
4701.50895 19.205 0.117
4702.50748 19.387 0.139
4703.57800 19.128 0.104
4704.64773 19.052 0.102
4705.51109 19.148 0.093
4707.64146 19.414 0.128
4708.54436 19.401 0.177
4709.52046 19.413 0.185
4710.55006 19.212 0.113
4715.58940 19.318 0.161
4716.59182 19.226 0.194
4720.55897 19.128 0.118
4721.49143 19.277 0.184
4722.60381 19.225 0.133
4724.51288 19.571 0.198
4725.49167 19.145 0.142
4726.55259 20.247 0.454
4728.59773 19.511 0.195
4729.55322 19.284 0.181
4730.57189 18.955 0.090
4731.57649 19.097 0.120
4733.52815 19.213 0.119
4734.55751 19.025 0.115
4737.54843 19.203 0.128
4740.55896 19.240 0.138
4741.56664 19.399 0.147
4743.57228 19.306 0.144
4753.55244 19.203 0.146
4756.53130 19.293 0.175
4758.51414 19.261 0.174
4868.88455 19.241 0.144
4870.85555 18.916 0.107
4873.85726 19.096 0.113
4874.85174 19.201 0.133
4877.85157 19.085 0.097
4884.85910 19.157 0.105
4887.83120 19.345 0.119
4890.88717 19.150 0.093
4896.87541 19.390 0.105
4899.84634 19.028 0.091
4900.88774 19.004 0.078
4901.88614 19.123 0.092
4902.88483 19.213 0.093
4904.80896 19.243 0.115
4905.91295 19.345 0.184
4910.81490 18.936 0.089
4911.78546 19.045 0.073
4912.78241 19.139 0.078
4914.79944 19.306 0.104
4917.76047 19.061 0.081
4920.74039 19.416 0.110
4924.78141 19.050 0.086
4925.82136 19.069 0.084
4925.90842 19.289 0.090
4925.91983 19.242 0.118
4927.72109 19.122 0.128
4927.87553 19.115 0.130
4928.73755 18.950 0.098
4929.79382 19.258 0.111
4930.70831 19.253 0.117
4930.82726 19.156 0.124
4931.72315 19.123 0.129
4931.86880 19.322 0.135
4932.72618 19.111 0.100
4932.82687 19.191 0.090
4933.77452 19.375 0.167
4934.77294 19.452 0.207
4934.87774 19.137 0.143
4938.68351 19.419 0.152
4938.88815 19.392 0.147
4939.70243 19.307 0.154
4940.70242 19.275 0.125
4941.68119 19.211 0.112
4941.77917 19.316 0.125
4942.71898 19.204 0.101
4943.67301 19.273 0.095
4943.81250 19.420 0.126
4944.66980 19.218 0.105
4944.70803 19.116 0.093
4944.82528 19.206 0.106
4945.71828 19.268 0.100
4945.77474 18.973 0.073
4946.66793 19.204 0.101
4947.66163 19.071 0.078
4947.85986 18.993 0.088
4948.84217 19.120 0.081
4950.66985 19.062 0.088
4951.65030 19.279 0.119
4952.64856 19.234 0.112
4953.64219 19.105 0.095
4953.81674 19.196 0.102
4954.64373 19.158 0.113
4954.83660 18.993 0.081
4955.64442 19.138 0.120
4955.77778 19.280 0.117
