2125.62263 16.358 0.014
2129.69770 16.315 0.009
2132.63925 16.607 0.012
2136.54330 16.311 0.012
2141.55508 16.338 0.010
2144.64466 16.510 0.011
2160.61281 16.320 0.013
2169.52663 16.378 0.015
2211.50713 16.338 0.015
2332.87486 16.329 0.013
2347.83874 16.329 0.010
2357.86625 16.323 0.010
2372.85416 16.310 0.011
2383.82603 16.355 0.010
2388.79677 16.323 0.012
2390.82616 16.360 0.011
2397.70641 16.366 0.010
2401.83554 16.316 0.010
2403.91251 16.336 0.010
2405.89994 16.367 0.011
2414.90496 16.360 0.012
2416.85729 16.312 0.011
2424.82468 16.328 0.012
2428.85327 16.352 0.011
2434.75162 16.351 0.010
2436.80037 16.747 0.015
2438.76112 16.362 0.010
2441.73886 16.307 0.009
2445.64470 16.361 0.011
2448.66638 16.307 0.011
2455.70304 16.339 0.009
2459.62312 16.411 0.009
2463.55442 16.304 0.011
2466.65358 16.369 0.011
2468.68380 16.376 0.010
2470.66625 16.346 0.010
2472.69436 16.344 0.009
2481.57086 16.380 0.014
2484.63340 16.327 0.011
2486.72545 16.306 0.012
2490.69366 16.376 0.012
2493.65520 16.338 0.011
2495.75710 16.340 0.012
2498.52064 16.356 0.009
2500.56515 16.337 0.010
2502.57635 16.334 0.010
2508.67673 16.328 0.012
2512.62308 16.353 0.011
2517.57694 16.360 0.011
2520.59229 16.372 0.011
2528.49757 16.371 0.013
2538.50401 16.322 0.011
2542.53128 16.361 0.012
2552.50525 16.342 0.012
2556.58935 16.353 0.013
2563.50378 16.335 0.011
2575.53194 16.314 0.011
2707.87662 16.342 0.010
2714.91200 16.315 0.010
2729.84592 16.308 0.012
2733.92607 16.348 0.017
2744.92390 16.301 0.010
2753.89807 16.351 0.012
2757.81008 16.350 0.011
2761.82718 16.356 0.010
2767.80529 16.308 0.013
2775.73162 16.299 0.015
2783.83563 16.344 0.010
2785.76127 16.344 0.011
2787.61160 16.325 0.012
2789.76832 16.313 0.010
2791.72473 16.355 0.011
2794.93915 16.346 0.012
2796.83848 16.328 0.010
2797.89970 16.314 0.011
2809.72762 16.337 0.012
2811.65470 16.327 0.014
2812.72646 16.320 0.012
2813.83573 16.332 0.011
2814.75931 16.358 0.011
2816.62400 16.373 0.010
2818.59527 16.331 0.010
2820.80194 16.313 0.010
2826.76543 16.559 0.014
2835.64959 16.321 0.012
2839.71885 16.355 0.012
2841.72816 16.313 0.010
2843.65470 16.312 0.010
2845.66532 16.372 0.012
2850.53334 16.323 0.010
2852.54574 16.367 0.014
2854.54947 16.339 0.011
2856.73981 16.329 0.014
2858.69246 16.321 0.011
2862.60517 16.373 0.014
2865.70875 16.662 0.015
2868.59495 16.372 0.010
2876.59127 16.366 0.011
2879.64154 16.323 0.010
2884.67190 16.383 0.014
2892.66027 16.361 0.016
2895.63398 16.305 0.010
2900.56220 16.363 0.012
2906.51410 16.382 0.014
2911.53826 16.295 0.011
2918.56228 16.306 0.012
2930.58327 16.348 0.012
3059.81875 16.348 0.012
3064.83557 16.744 0.019
3068.78945 16.332 0.014
3070.86804 16.332 0.012
3073.82413 16.401 0.012
3075.86221 16.349 0.011
3079.90709 16.336 0.011
3082.89011 16.383 0.010
3085.82473 16.323 0.010
3086.89711 16.325 0.010
3088.81732 16.377 0.010
3090.73042 16.357 0.010
3096.88561 16.392 0.013
3098.90550 16.371 0.009
3099.91888 16.344 0.012
3101.75755 16.330 0.012
3103.79049 16.665 0.014
3104.84913 16.393 0.022
3106.86242 16.359 0.011
3108.78243 16.321 0.009
3109.84188 16.318 0.009
3110.84823 16.355 0.010
3112.83354 16.390 0.011
3114.79814 16.358 0.009
3116.88608 16.331 0.010
3122.92412 16.351 0.011
3125.88464 16.400 0.014
3127.82792 16.395 0.012
3128.83407 16.378 0.010
3130.71526 16.352 0.011
3131.68181 16.309 0.013
3134.82925 16.407 0.013
3135.91339 16.355 0.010
3138.66768 16.734 0.014
3139.89287 16.302 0.010
3140.89245 16.359 0.011
3142.78144 16.652 0.012
3144.80154 16.344 0.010
3146.83062 16.312 0.010
3151.76440 16.392 0.012
3151.92037 16.394 0.013
3152.76933 16.367 0.011
3153.77267 16.334 0.012
3156.87776 16.395 0.012
3162.58200 16.311 0.014
3163.76858 16.357 0.011
3164.75083 16.414 0.011
3164.88384 16.436 0.013
3165.72439 16.372 0.009
3167.61071 16.364 0.013
3168.87260 16.362 0.011
3169.74055 16.360 0.010
3170.82548 16.326 0.009
3171.79678 16.382 0.009
3172.76774 16.396 0.010
3173.86572 16.369 0.012
3174.72454 16.372 0.010
3175.73326 16.348 0.009
3177.77376 16.319 0.012
3179.51852 16.386 0.011
3179.89780 16.411 0.013
3180.73560 16.395 0.009
3182.80023 16.362 0.011
3183.75518 16.354 0.011
3184.71621 16.336 0.009
3185.71976 16.327 0.010
3193.55117 16.315 0.009
3194.56283 16.360 0.013
3195.69437 16.391 0.010
3195.81493 16.388 0.010
3196.61580 16.378 0.011
3197.53874 16.358 0.010
3197.84400 16.379 0.012
3199.63772 16.345 0.010
3202.53200 16.378 0.010
3202.82178 16.426 0.015
3203.67362 16.389 0.010
3204.66801 16.400 0.010
3205.52694 16.371 0.010
3206.73225 16.374 0.010
3209.65225 16.357 0.010
3210.65231 16.366 0.011
3211.62274 16.366 0.011
3217.66696 16.427 0.014
3218.66525 16.374 0.013
3223.66647 16.346 0.012
3224.71457 16.385 0.011
3226.63646 16.376 0.012
3228.61575 16.689 0.015
3229.64823 16.329 0.010
3230.68173 16.335 0.009
3231.58577 16.337 0.010
3232.62222 16.403 0.012
3238.63407 16.327 0.011
3239.71308 16.364 0.012
3240.48620 16.396 0.011
3245.57006 16.367 0.017
3246.67577 16.362 0.015
3247.59492 16.397 0.012
3249.54245 16.375 0.011
3250.67339 16.391 0.013
3253.64265 16.345 0.013
3256.65261 16.422 0.013
3260.56236 16.335 0.010
3265.49287 16.396 0.014
3267.54650 16.523 0.012
3272.60446 16.418 0.012
3275.49855 16.360 0.013
3278.61438 16.389 0.011
3282.49389 16.355 0.011
3288.56024 16.407 0.010
3293.53082 16.400 0.009
3300.52462 16.373 0.013
3314.52591 16.304 0.015
3417.85975 16.379 0.010
3422.88609 16.411 0.009
3426.87713 16.373 0.010
3429.86217 16.396 0.010
3432.90249 16.371 0.010
3442.90499 16.342 0.009
3445.81800 16.389 0.010
3447.86833 16.455 0.011
3449.88517 16.364 0.009
3452.90234 16.351 0.009
3453.77422 16.390 0.013
3455.84484 16.384 0.012
3456.85594 16.369 0.009
3457.77361 16.349 0.010
3458.81720 16.328 0.009
3459.79177 16.354 0.010
3467.89454 16.374 0.010
3469.80420 16.354 0.009
3470.84430 16.408 0.009
3472.77556 16.346 0.009
3473.87058 16.337 0.011
3474.84182 16.368 0.010
3477.77954 16.433 0.011
3478.89383 16.403 0.010
3480.84579 16.364 0.009
3481.84569 16.487 0.009
3483.79010 16.391 0.009
3496.74398 16.338 0.010
3497.81172 16.369 0.010
3498.93293 16.424 0.009
3499.74040 16.384 0.009
3500.74499 16.402 0.010
3501.83571 16.382 0.008
3502.69132 16.364 0.009
3503.70416 16.366 0.009
3504.71852 16.356 0.010
3506.80393 16.419 0.010
3508.80036 16.409 0.010
3509.70377 16.374 0.010
3511.69048 16.364 0.009
3512.75366 16.359 0.010
3517.79985 16.368 0.010
3520.83510 16.595 0.013
3521.65426 16.415 0.009
3522.76380 16.407 0.010
3523.79913 16.395 0.009
3524.78684 16.321 0.009
3525.76649 16.358 0.010
3526.85182 16.373 0.009
3528.57043 16.703 0.014
3530.79587 16.392 0.009
3537.76371 16.393 0.010
3538.69320 16.403 0.009
3540.66712 16.354 0.009
3544.74139 16.393 0.011
3546.86526 16.433 0.015
3547.82554 16.407 0.013
3550.65195 16.335 0.009
3551.65519 16.405 0.007
3552.68876 16.391 0.009
3553.69150 16.381 0.011
3554.68001 16.390 0.012
3555.71016 16.363 0.010
3556.73846 16.344 0.010
3558.57425 16.363 0.010
3558.85157 16.358 0.011
3559.67014 16.400 0.010
3560.62326 16.367 0.009
3561.56356 16.378 0.010
3561.83012 16.432 0.011
3562.60767 16.369 0.011
3562.83055 16.377 0.010
3563.65715 16.365 0.009
3564.55074 16.352 0.010
3569.60946 16.390 0.012
3573.67810 16.387 0.012
3573.70503 16.368 0.010
3574.70604 16.431 0.012
3575.64492 16.376 0.009
3575.79008 16.410 0.011
3576.70739 16.384 0.010
3577.75566 16.377 0.010
3578.69235 16.377 0.009
3579.63765 16.355 0.009
3580.67420 16.375 0.010
3581.69060 16.385 0.009
3582.61636 16.397 0.009
3583.65294 16.415 0.011
3584.66169 16.389 0.010
3585.65979 16.370 0.009
3586.68418 16.360 0.009
3588.74228 16.372 0.009
3589.70362 16.394 0.010
3590.69969 16.371 0.010
3591.49363 16.362 0.009
3591.63914 16.381 0.009
3591.72133 16.372 0.009
3592.65615 16.355 0.009
3592.71053 16.357 0.009
3597.62977 16.397 0.010
3599.64660 16.415 0.015
3601.67604 16.312 0.009
3602.67624 16.341 0.010
3603.65634 16.353 0.010
3607.65481 16.391 0.010
3608.67075 16.352 0.010
3615.59807 16.363 0.010
3618.60161 16.364 0.009
3620.56488 16.433 0.010
3628.56691 16.410 0.012
3630.58093 16.392 0.011
3632.60841 16.335 0.012
3634.51180 16.371 0.010
3639.51760 16.358 0.009
3641.56433 16.360 0.012
3644.52913 16.393 0.010
3649.50976 16.371 0.011
3651.57063 16.422 0.014
3654.56029 16.359 0.016
3655.53579 16.344 0.010
3657.52897 16.658 0.015
3659.53076 16.435 0.014
3662.53530 16.366 0.012
3665.49272 16.437 0.013
3671.50869 16.356 0.014
3777.84027 16.338 0.013
3782.87626 16.383 0.009
3785.83792 16.344 0.010
3788.85807 16.400 0.011
3791.82557 16.342 0.011
3793.86771 16.351 0.009
3795.85514 16.407 0.013
3798.81833 16.373 0.010
3799.84249 16.365 0.012
3800.83740 16.333 0.011
3801.89691 16.350 0.010
3802.86247 16.387 0.011
3803.89775 16.393 0.010
3805.81420 16.362 0.009
3806.78047 16.373 0.011
3806.79367 16.356 0.010
3806.88222 16.346 0.009
3807.79958 16.351 0.012
3807.86713 16.331 0.009
3808.80726 16.347 0.010
3808.84446 16.339 0.010
3808.90204 16.270 0.009
3809.77007 16.376 0.011
3809.89236 16.379 0.010
3810.76412 16.374 0.011
3810.85897 16.378 0.010
3810.91506 16.376 0.013
3811.78785 16.388 0.012
3811.85057 16.378 0.010
3812.75641 16.416 0.013
3812.82916 16.402 0.012
3812.84665 16.397 0.012
3812.91573 16.361 0.012
3813.75714 16.363 0.012
3813.77514 16.379 0.011
3813.78118 16.376 0.009
3813.79266 16.373 0.009
3813.80688 16.363 0.009
3813.81303 16.377 0.009
3813.81581 16.359 0.009
3813.82813 16.378 0.009
3813.83961 16.380 0.009
3813.87748 16.374 0.009
3813.90909 16.372 0.010
3814.75236 16.356 0.010
3814.76029 16.370 0.010
3814.83848 16.355 0.009
3814.87020 16.381 0.010
3814.90664 16.368 0.009
3815.75305 16.312 0.019
3815.79587 16.350 0.010
3815.81519 16.338 0.009
3815.82551 16.344 0.009
3815.83626 16.344 0.009
3815.84334 16.343 0.009
3815.85012 16.354 0.009
3815.86152 16.352 0.009
3815.86919 16.354 0.009
3815.87896 16.340 0.009
3815.88977 16.330 0.009
3815.89730 16.339 0.009
3815.90460 16.342 0.009
3815.91107 16.308 0.009
3815.91756 16.353 0.010
3815.92052 16.349 0.012
3815.92364 16.335 0.015
3817.80260 16.389 0.011
3817.83822 16.373 0.011
3817.87175 16.365 0.010
3817.91256 16.390 0.010
3817.91996 16.388 0.015
3818.75690 16.377 0.011
3818.82141 16.379 0.010
3818.92013 16.390 0.012
3819.75507 16.393 0.010
3819.79929 16.373 0.009
3820.78349 16.372 0.009
3821.78664 16.393 0.010
3822.82601 16.344 0.009
3823.78620 16.327 0.010
3824.75239 16.373 0.011
3825.81729 16.404 0.012
3826.74578 16.407 0.009
3827.81356 16.368 0.009
3828.78819 16.397 0.012
3829.77034 16.386 0.010
3830.75087 16.352 0.009
3832.75726 16.691 0.012
3833.77043 16.372 0.009
3834.75621 16.379 0.010
3835.74527 16.363 0.011
3836.77633 16.413 0.010
3837.74368 16.362 0.012
3837.91561 16.360 0.010
3838.75546 16.342 0.013
3839.75125 16.353 0.011
3840.71723 16.376 0.011
3840.92221 16.385 0.011
3841.75579 16.384 0.010
3841.90647 16.355 0.010
3842.86041 16.387 0.009
3845.73130 16.346 0.020
3845.92305 16.407 0.012
3846.74202 16.373 0.009
3847.80809 16.407 0.013
3848.76304 16.402 0.010
3849.76221 16.368 0.010
3850.70687 16.390 0.010
3850.88027 16.346 0.011
3851.72150 16.358 0.010
3851.88626 16.366 0.011
3851.93237 16.396 0.011
3852.70998 16.365 0.011
3852.89225 16.396 0.010
3853.69837 16.372 0.009
3853.86669 16.351 0.009
3856.68844 16.363 0.010
3856.85519 16.382 0.009
3857.92612 16.388 0.010
3858.77480 16.365 0.009
3859.81300 16.352 0.009
3860.68250 16.343 0.011
3860.92136 16.346 0.010
3861.68059 16.338 0.010
3861.78421 16.358 0.009
3862.71386 16.379 0.009
3862.87632 16.405 0.011
3863.65134 16.416 0.011
3863.87219 16.502 0.010
3864.68828 16.372 0.010
3864.87832 16.374 0.009
3864.93726 16.383 0.010
3865.69910 16.409 0.011
3865.83582 16.392 0.010
3865.91258 16.374 0.009
3866.69755 16.374 0.009
3866.83705 16.369 0.009
3866.91598 16.372 0.009
3867.64039 16.360 0.010
3867.82795 16.354 0.010
3867.89916 16.366 0.009
3868.72350 16.358 0.010
3868.87518 16.380 0.011
3869.70335 16.376 0.010
3869.88430 16.365 0.011
3872.90828 16.401 0.010
3873.65686 16.366 0.010
3873.79903 16.361 0.009
3873.87165 16.369 0.010
3874.75530 16.360 0.010
3875.66900 16.360 0.009
3875.82487 16.559 0.010
3875.91538 16.441 0.010
3876.64621 16.332 0.008
3877.64436 16.364 0.010
3877.79566 16.378 0.009
3877.86957 16.379 0.009
3880.63512 16.370 0.009
3880.84523 16.400 0.011
3880.92405 16.392 0.010
3881.67445 16.357 0.009
3881.88589 16.349 0.009
3882.58645 16.361 0.011
3882.76274 16.354 0.009
3882.83697 16.352 0.009
3882.90576 16.353 0.009
3883.65212 16.756 0.014
3883.85264 16.349 0.009
3886.61423 16.375 0.010
3886.80702 16.391 0.009
3886.87887 16.399 0.012
3887.58757 16.387 0.011
3887.79017 16.395 0.010
3887.88971 16.398 0.010
3888.60365 16.412 0.010
3889.67001 16.357 0.009
3889.94824 16.360 0.011
3890.65515 16.356 0.009
3891.67967 16.357 0.010
3891.80789 16.360 0.009
3891.88987 16.349 0.009
3892.60487 16.368 0.013
3893.63350 16.400 0.011
3894.68386 16.409 0.012
3894.90665 16.402 0.012
3896.62454 16.369 0.013
3900.54280 16.392 0.017
3900.72919 16.362 0.009
3900.80785 16.402 0.010
3900.87649 16.395 0.011
3901.55296 16.420 0.013
3901.73429 16.429 0.012
3901.81154 16.389 0.012
3901.88048 16.412 0.012
3902.57718 16.386 0.009
3902.75513 16.386 0.010
3902.87798 16.639 0.017
3903.66677 16.402 0.011
3904.56398 16.352 0.009
3904.72695 16.378 0.009
3904.79605 16.352 0.009
3904.89819 16.379 0.010
3905.56071 16.351 0.009
3905.73742 16.346 0.009
3905.80745 16.342 0.009
3905.87600 16.340 0.009
3906.57523 16.370 0.010
3906.71586 16.362 0.009
3906.78820 16.377 0.009
3906.87130 16.387 0.011
3907.60601 16.380 0.011
3907.79643 16.378 0.013
3907.87279 16.406 0.015
3908.54214 16.385 0.011
3908.72777 16.418 0.011
3908.80783 16.395 0.010
3908.89092 16.395 0.010
3909.54401 16.395 0.011
3909.72667 16.394 0.009
3909.81717 16.395 0.010
3910.58894 16.394 0.011
3912.54311 16.339 0.009
3912.73047 16.349 0.009
3912.82440 16.347 0.009
3913.53462 16.352 0.009
3913.74007 16.339 0.009
3913.82895 16.351 0.009
3914.55841 16.368 0.011
3915.53612 16.374 0.010
3915.73812 16.381 0.010
3915.83631 16.407 0.011
3916.57482 16.404 0.011
3916.81875 16.419 0.011
3917.62999 16.395 0.011
3917.82934 16.418 0.012
3918.61690 16.402 0.011
3918.82702 16.410 0.012
3919.55519 16.386 0.013
3919.77379 16.352 0.009
3920.52151 16.335 0.010
3920.71759 16.363 0.011
3920.80302 16.331 0.009
3921.51767 16.349 0.010
3921.73144 16.364 0.013
3922.73361 16.346 0.012
3930.56225 16.369 0.009
3930.79923 16.387 0.013
3931.51028 16.431 0.013
3932.53787 16.393 0.011
3932.80962 16.406 0.010
3933.52428 16.376 0.009
3933.70878 16.411 0.009
3933.78075 16.395 0.010
3934.49825 16.365 0.010
3934.66822 16.369 0.009
3934.73808 16.355 0.009
3935.54806 16.364 0.010
3935.71946 16.364 0.011
3935.81697 16.348 0.010
3936.50149 16.313 0.011
3936.66697 16.351 0.010
3936.74335 16.361 0.011
3937.56968 16.354 0.012
3938.50921 16.399 0.012
3938.70426 16.418 0.010
3938.80942 16.463 0.013
3940.59390 16.368 0.009
3941.72284 16.437 0.013
3944.56183 16.317 0.009
3944.76220 16.376 0.010
3946.52099 16.411 0.012
3946.71318 16.452 0.013
3950.52964 16.352 0.009
3950.74470 16.374 0.010
3950.75217 16.351 0.010
3951.52238 16.334 0.010
3951.75367 16.347 0.012
3956.57559 16.435 0.014
3957.51400 16.803 0.017
3958.58567 16.358 0.010
3959.51759 16.337 0.010
3959.69201 16.344 0.011
3960.50682 16.346 0.009
3960.68593 16.348 0.009
3961.58248 16.452 0.013
3963.53948 16.408 0.010
3963.71684 16.419 0.011
3964.53459 16.405 0.010
3965.51902 16.363 0.009
3965.71791 16.393 0.009
3966.49419 16.376 0.010
3966.69591 16.358 0.010
3967.53262 16.366 0.012
3967.72134 16.332 0.009
3968.50669 16.356 0.010
3968.67665 16.385 0.011
3969.48832 16.587 0.013
3969.68896 16.445 0.011
3970.52255 16.415 0.012
3970.69603 16.410 0.009
3971.56126 16.466 0.013
3973.58751 16.360 0.009
3974.51678 16.359 0.011
3975.51966 16.329 0.009
3975.69635 16.350 0.011
3976.51447 16.355 0.009
3976.69430 16.406 0.013
3979.51649 16.446 0.014
3982.57714 16.359 0.010
3983.53476 16.382 0.013
3986.59159 16.421 0.012
3987.51393 16.418 0.012
3988.52685 16.391 0.009
3989.53746 16.377 0.010
3990.55427 16.362 0.010
3991.51005 16.391 0.012
3993.56173 16.390 0.011
3994.57242 16.425 0.012
3995.58000 16.375 0.010
3999.61735 16.404 0.010
4002.50675 16.414 0.012
4003.50099 16.387 0.009
4004.53506 16.360 0.009
4006.52802 16.360 0.009
4012.50792 16.371 0.012
4016.52356 16.423 0.013
4018.56204 16.405 0.012
4020.54655 16.366 0.009
4023.54692 16.410 0.012
4025.56626 16.377 0.012
4028.50569 16.349 0.012
4031.50579 16.448 0.013
4038.51111 16.448 0.015
4041.51014 16.390 0.013
4043.51790 16.352 0.014
4141.88520 16.323 0.011
4151.86635 16.362 0.012
4153.88827 16.357 0.011
4156.86666 16.320 0.012
4158.88776 16.334 0.011
4161.85420 16.372 0.014
4163.83708 16.343 0.011
4165.83215 16.328 0.014
4168.81566 16.373 0.012
4170.80759 16.364 0.015
4175.79821 16.415 0.013
4176.90957 16.349 0.011
4178.81764 16.345 0.011
4179.85759 16.338 0.010
4181.79403 16.332 0.012
4182.84253 16.359 0.010
4183.87511 16.373 0.011
4184.91934 16.368 0.012
4189.87026 16.357 0.012
4191.82063 16.374 0.015
4193.76666 16.354 0.012
4194.79597 16.361 0.010
4196.78602 16.323 0.012
4202.76760 16.345 0.010
4203.75561 16.325 0.009
4204.74789 16.337 0.011
4204.93018 16.330 0.013
4205.74443 16.349 0.010
4207.73388 16.352 0.011
4208.75600 16.354 0.010
4211.80015 16.314 0.011
4212.88152 16.386 0.015
4213.72050 16.329 0.011
4213.92409 16.338 0.010
4215.75319 16.343 0.012
4216.71099 16.350 0.010
4217.71845 16.348 0.009
4217.92790 16.347 0.010
4218.76808 16.328 0.012
4219.76899 16.338 0.012
4220.71372 16.349 0.013
4222.68245 16.621 0.016
4224.79317 16.334 0.011
4228.68861 16.337 0.012
4228.92218 16.361 0.013
4229.68229 16.337 0.014
4229.87924 16.339 0.011
4230.69201 16.348 0.011
4230.88005 16.357 0.012
4231.63433 16.353 0.011
4231.77856 16.330 0.009
4231.90275 16.341 0.011
4232.68642 16.331 0.012
4232.84741 16.329 0.013
4233.82448 16.330 0.012
4234.72261 16.362 0.011
4235.64788 16.347 0.011
4235.80913 16.357 0.010
4235.90156 16.341 0.011
4238.63382 16.374 0.014
4238.88624 16.320 0.012
4239.64859 16.334 0.011
4240.68797 16.341 0.010
4240.82804 16.337 0.011
4243.65377 16.349 0.012
4243.74651 16.326 0.011
4243.84022 16.347 0.012
4244.62611 16.332 0.012
4244.72237 16.338 0.010
4244.81518 16.340 0.011
4245.61920 16.343 0.010
4245.71314 16.337 0.010
4245.80894 16.333 0.010
4246.67751 16.347 0.011
4246.77039 16.339 0.011
4246.86374 16.329 0.010
4247.69275 16.323 0.011
4250.74093 16.361 0.011
4251.81250 16.341 0.015
4256.62864 16.313 0.013
4256.77469 16.341 0.012
4257.66030 16.385 0.013
4258.64332 16.362 0.012
4258.76583 16.377 0.011
4258.85993 16.338 0.013
4267.60399 16.350 0.012
4268.56717 16.342 0.011
4268.85007 16.337 0.011
4269.58640 16.344 0.011
4269.70693 16.326 0.010
4269.81627 16.313 0.009
4270.57994 16.307 0.011
4272.60828 16.351 0.010
4272.75746 16.364 0.011
4272.81667 16.391 0.009
4273.62540 16.529 0.015
4273.80606 16.385 0.013
4273.86723 16.396 0.017
4274.55809 16.367 0.013
4274.71182 16.373 0.013
4274.77294 16.370 0.012
4274.83135 16.347 0.012
4275.61051 16.364 0.013
4275.78587 16.371 0.012
4275.84697 16.371 0.014
4276.59531 16.337 0.012
4277.53911 16.327 0.014
4277.71607 16.331 0.011
4277.77473 16.327 0.012
4277.84486 16.335 0.014
4278.58398 16.330 0.012
4278.76015 16.311 0.013
4283.51857 16.356 0.012
4283.73886 16.355 0.012
4284.51350 16.353 0.013
4284.70410 16.364 0.011
4284.76640 16.347 0.011
4284.83126 16.363 0.014
4285.51662 16.331 0.014
4285.71006 16.334 0.011
4285.77116 16.323 0.011
4285.83645 16.349 0.012
4286.51631 16.287 0.012
4286.82123 16.271 0.013
4289.52412 16.371 0.012
4289.74266 16.374 0.012
4289.80778 16.371 0.012
4290.57042 16.384 0.014
4291.63305 16.354 0.010
4292.49867 16.339 0.010
4292.67788 16.327 0.010
4292.73648 16.347 0.010
4292.79497 16.523 0.011
4293.49903 16.326 0.010
4293.72365 16.331 0.009
4293.78244 16.342 0.010
4294.49821 16.310 0.011
4295.50532 16.340 0.012
4295.70337 16.353 0.010
4295.76195 16.363 0.010
4296.50235 16.372 0.012
4296.69891 16.375 0.010
4296.83425 16.392 0.013
4297.52192 16.376 0.012
4297.72352 16.364 0.009
4298.55680 16.363 0.012
4298.66253 16.354 0.011
4298.76840 16.366 0.013
4299.53984 16.345 0.009
4299.63329 16.336 0.010
4299.72502 16.350 0.010
4300.53552 16.351 0.010
4300.65557 16.695 0.013
4300.75109 16.340 0.010
4301.52638 16.321 0.009
4301.62213 16.329 0.010
4301.72391 16.324 0.009
4301.82113 16.341 0.010
4302.59938 16.334 0.011
4302.69955 16.346 0.011
4303.68538 16.379 0.012
4304.55951 16.363 0.013
4304.67762 16.370 0.014
4306.64347 16.343 0.011
4306.70042 16.345 0.012
4310.62270 16.346 0.014
4312.55498 16.698 0.015
4312.75342 16.367 0.013
4315.64597 16.348 0.013
4316.71917 16.318 0.011
4317.56725 16.336 0.010
4319.52451 16.345 0.012
4319.77933 16.354 0.012
4320.55130 16.364 0.011
4326.51858 16.358 0.011
4326.71576 16.381 0.013
4327.59758 16.368 0.012
4328.52438 16.374 0.013
4328.70240 16.377 0.012
4329.53376 16.376 0.012
4329.68164 16.376 0.012
4330.50526 16.341 0.010
4330.69856 16.370 0.011
4331.48540 16.315 0.012
4331.69427 16.359 0.012
4332.51521 16.321 0.009
4333.53629 16.345 0.012
4333.69738 16.374 0.014
4334.50967 16.372 0.016
4334.63788 16.363 0.015
4338.50951 16.353 0.012
4339.48685 16.356 0.012
4339.70331 16.358 0.012
4340.60714 16.321 0.011
4341.51015 16.373 0.015
4342.53935 16.346 0.012
4343.51817 16.361 0.010
4344.54644 16.365 0.013
4345.51163 16.350 0.010
4346.52432 16.329 0.012
4347.53904 16.341 0.011
4349.50068 16.358 0.011
4350.54731 16.356 0.011
4351.51321 16.447 0.011
4352.56374 16.351 0.014
4353.51711 16.345 0.011
4354.54582 16.333 0.010
4355.54918 16.325 0.011
4356.51381 16.361 0.011
4357.54293 16.368 0.013
4358.50595 16.359 0.013
4359.54347 16.344 0.011
4360.57284 16.367 0.012
4361.57629 16.319 0.013
4365.56888 16.383 0.014
4367.50215 16.357 0.011
4368.53853 16.342 0.013
4370.50259 16.354 0.011
4371.54100 16.362 0.011
4372.52675 16.355 0.010
4373.51291 16.359 0.013
4376.57765 16.349 0.014
4377.61486 16.337 0.013
4378.52543 16.328 0.012
4379.54047 16.385 0.014
4380.55196 16.344 0.011
4381.53066 16.382 0.014
4382.57319 16.375 0.015
4383.56372 16.353 0.012
4384.53792 16.362 0.013
4388.50106 16.378 0.014
4388.53666 16.341 0.014
4388.54985 16.394 0.015
4388.55740 16.362 0.014
4388.56998 16.355 0.014
4388.58036 16.375 0.014
4388.59449 16.338 0.015
4388.60085 16.383 0.016
4391.49015 16.333 0.012
4392.49944 16.339 0.014
4393.53772 16.335 0.011
4394.55306 16.386 0.015
4395.52449 16.379 0.013
4395.55275 16.359 0.013
4395.57549 16.378 0.013
4396.51652 16.356 0.015
4397.54081 16.360 0.013
4398.54570 16.358 0.013
4399.53841 16.330 0.013
4400.54047 16.310 0.015
4402.55688 16.414 0.016
4403.55594 16.347 0.014
4408.54670 16.342 0.015
4507.87062 16.344 0.013
4510.86713 16.362 0.010
4513.86824 16.312 0.009
4517.86738 16.393 0.016
4519.88831 16.358 0.010
4522.88223 16.344 0.012
4524.81805 16.340 0.012
4530.82570 16.344 0.009
4533.86154 16.354 0.011
4535.84432 16.356 0.012
4536.90196 16.334 0.010
4537.88760 16.346 0.009
4538.82269 16.372 0.011
4539.86078 16.362 0.011
4540.80696 16.347 0.010
4541.79969 16.366 0.010
4542.79438 16.366 0.011
4543.78993 16.336 0.010
4544.78677 16.327 0.011
4545.79311 16.347 0.011
4546.80025 16.358 0.011
4547.79420 16.347 0.010
4548.80515 16.341 0.011
4550.74820 16.343 0.013
4551.77139 16.342 0.010
4552.76736 16.327 0.014
4556.76348 16.351 0.010
4557.78067 16.360 0.011
4558.75761 16.361 0.009
4559.75554 16.337 0.010
4560.75568 16.345 0.011
4561.74572 16.356 0.010
4564.73590 16.320 0.010
4565.73393 16.484 0.009
4565.92485 16.349 0.009
4566.73348 16.340 0.010
4567.72649 16.321 0.009
4568.73505 16.357 0.010
4569.74416 16.344 0.011
4570.73478 16.355 0.012
4571.72945 16.358 0.013
4571.91796 16.354 0.010
4572.75693 16.341 0.010
4573.74533 16.364 0.010
4573.91167 16.346 0.009
4574.74769 16.330 0.010
4575.75678 16.338 0.010
4576.76329 16.346 0.010
4577.84500 16.369 0.012
4578.79605 16.359 0.013
4579.87296 16.367 0.016
4583.73976 16.362 0.012
4583.93255 16.351 0.012
4585.76348 16.343 0.013
4586.79244 16.382 0.014
4587.77642 16.345 0.012
4587.93495 16.373 0.013
4588.69956 16.348 0.011
4588.93315 16.349 0.011
4589.68178 16.333 0.011
4589.83722 16.321 0.010
4589.89921 16.340 0.012
4590.70754 16.343 0.009
4590.90923 16.357 0.010
4590.91789 16.341 0.010
4591.71307 16.352 0.011
4591.83853 16.347 0.011
4591.90511 16.363 0.010
4592.67173 16.347 0.011
4592.86096 16.380 0.012
4593.66086 16.350 0.011
4593.87056 16.348 0.010
4594.68188 16.359 0.011
4594.87689 16.365 0.011
4595.67140 16.344 0.011
4595.86582 16.353 0.010
4595.92767 16.354 0.011
4596.66664 16.324 0.011
4597.69106 16.339 0.010
4597.88257 16.338 0.010
4598.66732 16.345 0.009
4599.63984 16.382 0.012
4600.64908 16.367 0.010
4600.85782 16.353 0.010
4601.65467 16.336 0.009
4601.87093 16.351 0.009
4601.93277 16.360 0.011
4602.64728 16.341 0.010
4602.85672 16.361 0.009
4603.88983 16.342 0.010
4606.60247 16.332 0.012
4606.62862 16.354 0.012
4606.64859 16.361 0.010
4606.71751 16.373 0.010
4606.90693 16.379 0.011
4607.77729 16.351 0.011
4610.74476 16.325 0.009
4611.63407 16.362 0.012
4611.82494 16.363 0.009
4612.65545 16.350 0.010
4615.79721 16.376 0.011
4616.60623 16.346 0.011
4616.82275 16.333 0.010
4616.89272 16.337 0.011
4617.67800 16.347 0.010
4618.61802 16.358 0.010
4621.91972 16.371 0.009
4622.81645 16.387 0.011
4622.93262 16.407 0.015
4623.67377 16.352 0.011
4623.87555 16.354 0.013
4624.59553 16.355 0.012
4624.81968 16.358 0.011
4624.88603 16.337 0.011
4625.60966 16.334 0.012
4625.82906 16.343 0.012
4625.91793 16.346 0.012
4626.60816 16.352 0.012
4626.87884 16.325 0.013
4627.56860 16.343 0.010
4627.85791 16.345 0.009
4627.92516 16.365 0.010
4628.55590 16.336 0.010
4628.76217 16.351 0.010
4628.82760 16.355 0.011
4628.89748 16.347 0.011
4629.63329 16.377 0.010
4629.83592 16.372 0.010
4629.91393 16.371 0.011
4630.56925 16.375 0.012
4630.77507 16.375 0.010
4630.85845 16.383 0.011
4630.92120 16.376 0.011
4631.57062 16.343 0.009
4631.78636 16.372 0.009
4631.87305 16.365 0.011
4632.57443 16.345 0.010
4632.86118 16.358 0.012
4633.57441 16.328 0.010
4633.68591 16.322 0.009
4633.80165 16.346 0.010
4638.75951 16.384 0.011
4638.86969 16.380 0.020
4639.58204 16.339 0.012
4639.67985 16.353 0.010
4640.60153 16.316 0.010
4640.73368 16.345 0.010
4640.83874 16.362 0.012
4641.67554 16.348 0.010
4641.78550 16.355 0.010
4642.59945 16.331 0.011
4642.76198 16.344 0.010
4642.83707 16.327 0.011
4643.55725 16.330 0.011
4644.60461 16.368 0.012
4644.86632 16.369 0.011
4645.52771 16.392 0.013
4645.77615 16.401 0.012
4645.85088 16.411 0.013
4646.52573 16.357 0.010
4646.85811 16.393 0.011
4647.52210 16.371 0.012
4647.74517 16.372 0.011
4647.85617 16.491 0.015
4648.50525 16.334 0.011
4648.72447 16.352 0.010
4648.82277 16.331 0.011
4649.53138 16.308 0.012
4649.81021 16.346 0.011
4649.86646 16.336 0.013
4650.51734 16.314 0.012
4650.78126 16.330 0.010
4650.87498 16.352 0.012
4651.52075 16.481 0.014
4651.81585 16.357 0.012
4652.51172 16.349 0.011
4652.72489 16.357 0.010
4652.79974 16.389 0.013
4652.84947 16.393 0.014
4653.50810 16.381 0.014
4653.72725 16.382 0.011
4654.54690 16.346 0.011
4654.75838 16.381 0.011
4655.50798 16.359 0.014
4655.73243 16.645 0.012
4655.79421 16.358 0.011
4656.50988 16.322 0.009
4656.69968 16.330 0.010
4656.81890 16.339 0.011
4657.73650 16.338 0.012
4658.66839 16.318 0.010
4659.60934 16.332 0.012
4660.62074 16.397 0.013
4661.49798 16.359 0.012
4661.69864 16.383 0.012
4661.76014 16.382 0.012
4661.82734 16.370 0.012
4665.66548 16.304 0.011
4666.57090 16.329 0.011
4666.71396 16.350 0.011
4666.75614 16.342 0.013
4670.65558 16.390 0.011
4671.59116 16.351 0.010
4672.51667 16.309 0.009
4672.70907 16.321 0.009
4672.73138 16.338 0.011
4674.51973 16.342 0.012
4674.71288 16.364 0.011
4675.75755 16.369 0.012
4677.49637 16.367 0.010
4677.64276 16.375 0.011
4678.70532 16.381 0.010
4679.50203 16.389 0.014
4681.53778 16.337 0.010
4681.63779 16.333 0.010
4681.77001 16.331 0.010
4682.50879 16.366 0.010
4682.66613 16.369 0.010
4682.76130 16.816 0.014
4683.52728 16.385 0.013
4683.71423 16.387 0.012
4684.51982 16.366 0.011
4684.73353 16.369 0.010
4685.50482 16.390 0.014
4685.73978 16.381 0.011
4686.50855 16.365 0.011
4687.49232 16.349 0.011
4687.74784 16.326 0.010
4688.50524 16.322 0.011
4688.69509 16.317 0.010
4688.75684 16.332 0.011
4693.55301 16.364 0.012
4694.61419 16.382 0.014
4697.50876 16.352 0.010
4698.51428 16.374 0.010
4699.51042 16.363 0.011
4700.51670 16.394 0.010
4701.51198 16.360 0.011
4702.51052 16.734 0.015
4703.58103 16.348 0.010
4704.65074 16.335 0.010
4705.51416 16.352 0.010
4707.64452 16.347 0.010
4708.54740 16.370 0.012
4709.52354 16.362 0.013
4710.55312 16.323 0.009
4715.59247 16.365 0.012
4716.59487 16.362 0.012
4720.56202 16.345 0.011
4721.49449 16.401 0.015
4722.60689 16.362 0.013
4724.51593 16.361 0.013
4725.49476 16.352 0.012
4726.55567 16.344 0.014
4728.60081 16.375 0.013
4729.55628 16.899 0.020
4730.57498 16.364 0.011
4731.57956 16.416 0.013
4733.53121 16.365 0.011
4734.56057 16.326 0.012
4737.55149 16.385 0.012
4740.56200 16.354 0.012
4741.56971 16.358 0.010
4743.57534 16.355 0.012
4753.55550 16.371 0.013
4756.53436 16.365 0.014
4758.51721 16.317 0.012
4774.51084 16.362 0.013
4775.50824 16.405 0.016
4776.50570 16.379 0.016
4778.49924 16.330 0.023
4779.51305 16.333 0.012
4868.88721 16.357 0.013
4870.85832 16.349 0.012
4873.85990 16.363 0.012
4874.85437 16.376 0.014
4877.85419 16.335 0.010
4884.86172 16.349 0.009
4887.83383 16.318 0.009
4890.88980 16.375 0.009
4896.87801 16.378 0.011
4899.84892 16.326 0.010
4900.89033 16.321 0.009
4901.88873 16.305 0.009
4902.88744 16.337 0.009
4904.81156 16.350 0.010
4910.81752 16.338 0.011
4911.78804 16.363 0.009
4912.78501 16.373 0.009
4914.80205 16.365 0.010
4915.86276 16.358 0.010
4915.89598 16.348 0.009
4915.91943 16.354 0.011
4916.75750 16.491 0.011
4916.77967 16.358 0.009
4916.82001 16.331 0.009
4916.86271 16.323 0.009
4916.90033 16.317 0.009
4917.72379 16.326 0.011
4917.74615 16.334 0.009
4917.76308 16.314 0.009
4917.77166 16.312 0.009
4917.78727 16.333 0.009
4917.88284 16.342 0.009
4917.90189 16.332 0.009
4917.91916 16.326 0.011
4918.72993 16.351 0.010
4918.74682 16.359 0.010
4918.77083 16.338 0.009
4918.81565 16.358 0.010
4918.84593 16.367 0.010
4918.91860 16.348 0.012
4919.72386 16.351 0.010
4919.85445 16.348 0.009
4919.91801 16.330 0.009
4920.72671 16.353 0.009
4920.74279 16.343 0.009
4921.75024 16.361 0.009
4924.88172 16.324 0.009
4925.82374 16.333 0.009
4925.91081 16.328 0.009
4925.92238 16.329 0.010
4927.72349 16.347 0.013
4927.87796 16.386 0.011
4928.73995 16.345 0.011
4929.79623 16.367 0.009
4930.71071 16.363 0.011
4930.82965 16.353 0.011
4931.72556 16.331 0.011
4931.87121 16.325 0.009
4932.72859 16.345 0.010
4932.82927 16.328 0.009
4933.77693 16.331 0.011
4934.77534 16.356 0.011
4934.88014 16.364 0.013
4938.68592 16.349 0.010
4938.89056 16.356 0.011
4939.70483 16.347 0.010
4940.70485 16.351 0.010
4941.68359 16.370 0.010
4941.78159 16.370 0.010
4942.72139 16.336 0.009
4943.67544 16.346 0.010
4943.81492 16.365 0.010
4944.67223 16.369 0.010
4944.82769 16.364 0.009
4945.72072 16.344 0.009
4945.77716 16.352 0.009
4946.67035 16.350 0.010
4947.66406 16.336 0.009
4947.86227 16.514 0.010
4948.84460 16.348 0.009
4950.66682 16.359 0.010
4951.65275 16.351 0.011
4952.65101 16.334 0.011
4953.64462 16.336 0.010
4953.81921 16.336 0.009
4954.64617 16.359 0.011
4954.83904 16.348 0.009
4955.64688 16.427 0.012
4955.78022 16.349 0.010
