2127.49264 17.432 0.026
2130.52548 17.429 0.020
2133.53959 17.405 0.020
2136.66080 17.440 0.024
2141.65157 17.441 0.029
2165.57403 17.422 0.026
2171.64107 17.445 0.024
2179.53142 17.413 0.029
2189.52642 17.418 0.030
2212.55151 17.394 0.032
2214.50881 17.438 0.035
2337.83855 17.412 0.023
2352.85604 17.540 0.024
2361.85051 17.426 0.024
2373.80531 17.394 0.023
2384.84115 17.479 0.021
2388.84047 17.395 0.021
2390.87877 17.420 0.027
2393.87268 17.483 0.033
2400.82005 17.426 0.021
2402.92676 17.425 0.026
2406.86951 17.416 0.024
2411.72756 17.409 0.023
2415.90281 17.381 0.024
2417.87361 17.408 0.021
2425.90547 17.470 0.045
2428.88365 17.404 0.029
2434.80022 17.382 0.020
2436.84892 17.567 0.029
2438.83028 17.406 0.021
2441.78511 17.562 0.023
2445.70148 17.452 0.020
2448.73852 17.457 0.042
2454.75937 17.426 0.023
2460.73247 17.441 0.027
2463.61209 17.392 0.020
2466.58608 17.417 0.021
2468.77360 17.451 0.023
2470.75755 17.425 0.021
2481.63002 17.414 0.029
2484.69221 17.381 0.024
2496.55867 17.412 0.018
2498.59676 17.430 0.017
2500.62291 17.383 0.018
2502.64108 17.454 0.024
2510.53823 17.413 0.021
2516.50144 17.428 0.026
2517.54832 17.431 0.027
2520.65706 17.393 0.021
2529.52356 17.417 0.021
2538.57282 17.419 0.026
2542.56177 17.411 0.027
2548.52699 17.404 0.024
2552.56361 17.405 0.024
2557.52859 17.450 0.024
2561.52454 17.376 0.029
2568.55905 17.425 0.036
2708.87664 17.415 0.020
2719.88282 17.393 0.023
2729.90836 17.409 0.023
2734.88191 17.419 0.020
2747.76627 17.405 0.032
2754.77630 17.413 0.021
2757.84134 17.514 0.024
2763.79445 17.432 0.021
2767.88675 17.418 0.030
2775.79219 17.406 0.033
2776.74712 17.441 0.056
2783.88124 17.452 0.021
2785.74758 17.436 0.023
2788.62706 17.416 0.024
2790.77342 17.431 0.021
2793.70035 17.406 0.023
2795.66008 17.386 0.018
2797.67119 17.430 0.018
2809.79129 17.406 0.023
2811.71174 17.437 0.024
2812.84101 17.387 0.023
2813.88477 17.405 0.027
2815.86552 17.435 0.026
2817.76399 17.411 0.021
2819.67439 17.400 0.020
2821.72355 17.427 0.021
2830.69583 17.413 0.029
2835.70531 17.416 0.023
2837.71574 17.396 0.038
2837.72636 17.376 0.027
2839.77552 17.414 0.027
2841.79666 17.465 0.026
2843.72394 17.413 0.024
2845.71360 17.404 0.021
2850.60965 17.405 0.018
2852.62098 17.420 0.029
2854.61447 17.395 0.029
2857.52473 17.411 0.021
2858.73701 17.383 0.021
2862.64805 17.420 0.027
2865.62820 17.404 0.018
2868.62447 17.426 0.020
2871.70514 17.393 0.021
2876.70616 17.417 0.024
2879.67149 17.412 0.026
2884.70266 17.388 0.027
2893.57912 17.433 0.020
2894.68868 17.478 0.041
2900.52069 17.436 0.026
2902.50765 17.405 0.029
2902.56893 17.443 0.029
2911.48851 17.429 0.032
2911.57467 17.390 0.021
2915.50114 17.369 0.027
2916.53807 17.413 0.026
2918.51439 17.404 0.030
2918.61736 17.380 0.035
2920.53590 17.452 0.035
2923.53261 17.412 0.023
2925.51987 17.399 0.024
2928.53355 17.392 0.023
2931.57537 17.427 0.024
2941.53293 17.433 0.030
2943.51756 17.393 0.042
2945.52105 17.473 0.038
2946.53105 17.399 0.036
2947.50418 17.433 0.035
2949.52444 17.412 0.035
2952.51303 17.402 0.030
3052.88528 17.421 0.021
3059.87127 17.384 0.020
3064.88260 17.396 0.020
3068.83566 17.530 0.024
3071.88823 17.418 0.023
3073.89738 17.464 0.020
3077.78752 17.428 0.062
3080.83666 17.445 0.023
3083.78214 17.461 0.020
3085.89478 17.426 0.017
3087.82941 17.442 0.020
3089.84616 17.403 0.017
3091.84716 17.431 0.020
3097.82977 17.414 0.018
3099.85579 17.437 0.021
3101.82508 17.411 0.023
3102.85744 17.445 0.020
3104.77304 17.408 0.041
3106.91961 17.418 0.021
3108.80978 17.386 0.017
3109.92371 17.418 0.020
3110.89960 17.458 0.020
3112.85658 17.406 0.018
3114.85159 17.409 0.018
3116.83917 17.422 0.021
3122.84571 17.447 0.024
3125.91211 17.443 0.026
3126.80864 17.406 0.017
3127.89468 17.423 0.021
3128.88396 17.443 0.024
3130.76155 17.392 0.023
3131.62683 17.463 0.042
3134.89694 17.512 0.048
3135.78184 17.418 0.018
3137.83266 17.462 0.024
3138.71898 17.450 0.021
3140.69072 17.388 0.021
3140.92453 17.375 0.021
3141.75583 17.390 0.020
3142.83011 17.411 0.018
3144.84808 17.417 0.018
3146.91449 17.387 0.020
3147.93011 17.514 0.027
3151.82208 17.446 0.024
3152.82177 17.580 0.024
3153.82032 17.359 0.021
3154.91417 17.417 0.029
3157.89424 17.406 0.023
3158.70679 17.363 0.032
3162.85806 17.408 0.021
3163.82039 17.386 0.018
3164.80613 17.411 0.020
3164.91362 17.407 0.026
3165.65940 17.399 0.017
3167.66895 17.580 0.026
3168.81925 17.434 0.018
3169.84520 17.444 0.023
3170.87472 17.413 0.020
3171.72096 17.382 0.017
3173.80646 17.384 0.020
3174.77372 17.407 0.018
3175.85466 17.446 0.021
3177.83028 17.380 0.026
3177.87045 17.358 0.027
3178.73862 17.412 0.021
3179.57316 17.407 0.021
3179.87501 17.482 0.024
3180.79155 17.430 0.017
3182.85180 17.411 0.020
3183.80760 17.415 0.029
3184.80213 17.422 0.020
3185.62111 17.399 0.018
3193.61639 17.398 0.017
3194.51607 17.387 0.024
3194.80682 17.424 0.020
3195.73994 17.394 0.017
3196.59282 17.405 0.020
3196.83560 17.417 0.021
3197.78129 17.395 0.020
3199.77783 17.390 0.021
3201.82500 17.488 0.027
3202.77239 17.423 0.020
3203.60153 17.395 0.015
3204.74958 17.443 0.018
3205.67988 17.384 0.017
3206.78635 17.401 0.027
3210.56345 17.438 0.021
3211.74340 17.402 0.024
3217.71929 17.456 0.024
3218.73029 17.395 0.029
3223.71933 17.437 0.024
3224.76382 17.466 0.026
3226.70093 17.445 0.027
3228.68484 17.408 0.021
3229.71559 17.414 0.021
3230.73148 17.441 0.023
3231.65872 17.428 0.027
3238.68330 17.393 0.024
3240.53246 17.405 0.020
3241.71615 17.627 0.039
3245.64511 17.370 0.024
3247.50641 17.403 0.021
3249.61883 17.410 0.023
3251.52181 17.578 0.029
3254.58523 17.424 0.029
3254.60337 17.387 0.026
3257.54135 17.416 0.017
3260.58683 17.427 0.029
3265.53978 17.427 0.023
3267.59805 17.427 0.023
3273.49303 17.428 0.032
3277.51639 17.404 0.026
3280.51728 17.450 0.023
3282.58800 17.450 0.017
3289.52213 17.394 0.024
3294.51743 17.374 0.020
3296.51654 17.418 0.021
3302.51368 17.419 0.029
3418.85647 17.398 0.020
3423.88449 17.396 0.015
3427.83821 17.449 0.024
3430.82363 17.386 0.023
3436.87024 17.407 0.024
3443.84135 17.432 0.018
3445.86984 17.397 0.015
3447.91417 17.402 0.021
3450.79379 17.407 0.017
3453.83722 17.410 0.021
3455.90273 17.415 0.021
3458.87243 17.442 0.020
3459.88767 17.421 0.018
3468.87111 17.544 0.018
3469.87383 17.402 0.015
3472.85873 17.435 0.017
3474.79238 17.397 0.021
3476.76889 17.433 0.017
3478.86428 17.428 0.017
3480.87992 17.450 0.018
3483.81316 17.448 0.018
3496.90816 17.416 0.024
3497.89513 17.411 0.020
3500.90419 17.456 0.020
3502.88603 17.418 0.017
3503.86558 17.475 0.017
3506.92865 17.393 0.020
3508.90602 17.420 0.026
3509.88882 17.416 0.018
3511.91239 17.430 0.018
3512.89895 17.406 0.020
3520.66452 17.413 0.021
3521.79522 17.444 0.020
3522.86285 17.444 0.021
3524.85412 17.426 0.018
3527.63741 17.369 0.018
3528.88175 17.397 0.020
3529.92056 17.432 0.021
3530.86006 17.409 0.017
3530.89144 17.429 0.017
3538.84960 17.382 0.018
3541.88376 17.410 0.023
3544.88117 17.347 0.026
3547.84861 17.527 0.024
3550.82541 17.432 0.017
3551.83741 17.387 0.017
3552.83279 17.543 0.024
3553.84921 17.486 0.033
3554.86177 17.433 0.023
3556.84383 17.414 0.027
3558.62075 17.406 0.018
3559.62914 17.389 0.018
3560.70553 17.434 0.017
3561.61274 17.393 0.017
3562.66012 17.518 0.018
3563.72478 17.383 0.017
3569.65276 17.373 0.033
3573.78319 17.440 0.026
3574.75539 17.414 0.023
3575.69734 17.423 0.017
3576.76398 17.412 0.023
3578.73843 17.442 0.018
3579.68698 17.422 0.017
3580.72663 17.463 0.021
3581.73649 17.452 0.024
3582.68542 17.412 0.017
3583.70361 17.394 0.018
3584.70749 17.310 0.015
3585.70614 17.373 0.015
3586.76021 17.416 0.018
3589.74962 17.417 0.021
3590.74584 17.435 0.021
3591.72745 17.413 0.017
3592.69868 17.404 0.015
3602.72243 17.452 0.029
3603.71741 17.415 0.023
3607.70138 17.483 0.029
3608.69401 17.384 0.018
3615.65173 17.443 0.020
3617.61334 17.403 0.023
3619.61046 17.402 0.018
3621.65213 17.409 0.021
3629.53639 17.419 0.018
3631.56527 17.383 0.023
3633.59022 17.356 0.026
3640.52361 17.405 0.021
3644.59942 17.426 0.023
3649.57542 17.437 0.023
3652.54937 17.453 0.029
3656.54217 17.490 0.026
3660.54635 17.376 0.024
3665.52914 17.384 0.023
3670.51476 17.437 0.032
3778.83898 17.387 0.029
3783.87785 17.435 0.018
3785.88885 17.442 0.020
3788.89285 17.424 0.023
3792.88301 17.380 0.017
3794.88217 17.418 0.018
3796.87393 17.376 0.021
3797.87358 17.424 0.020
3800.85466 17.393 0.024
3802.80158 17.401 0.020
3803.83417 17.410 0.020
3804.88134 17.408 0.020
3806.89384 17.451 0.018
3808.87882 17.439 0.021
3810.79480 17.401 0.023
3812.78097 17.390 0.023
3814.77188 17.413 0.023
3818.83681 17.411 0.018
3819.89625 17.422 0.015
3820.88848 17.420 0.017
3821.89985 17.435 0.017
3822.91170 17.392 0.017
3824.90671 17.419 0.024
3825.89881 17.411 0.018
3827.89794 17.370 0.015
3828.91008 17.411 0.020
3829.90596 17.438 0.017
3830.87240 17.409 0.018
3832.90018 17.398 0.020
3833.88858 17.401 0.017
3834.81375 17.404 0.017
3835.86617 17.429 0.017
3836.87564 17.429 0.018
3837.85442 17.418 0.021
3838.85856 17.410 0.020
3839.87761 17.441 0.026
3840.86161 17.425 0.020
3841.84491 17.395 0.018
3842.75882 17.385 0.024
3842.91983 17.489 0.036
3845.84883 17.393 0.023
3846.71510 17.408 0.020
3846.80557 17.406 0.018
3846.85327 17.423 0.017
3846.87629 17.361 0.015
3847.75226 17.430 0.027
3847.82054 17.402 0.021
3847.89514 17.402 0.021
3848.72298 17.411 0.023
3848.86886 17.402 0.020
3849.79450 17.410 0.018
3849.89807 17.391 0.021
3850.77485 17.386 0.020
3850.81814 17.457 0.021
3851.82444 17.426 0.021
3852.81654 17.398 0.018
3853.80577 17.418 0.015
3856.79449 17.466 0.021
3858.85849 17.432 0.021
3859.90354 17.459 0.027
3860.84985 17.418 0.023
3861.86512 17.388 0.017
3862.80831 17.412 0.015
3863.78655 17.418 0.018
3864.80999 17.426 0.017
3865.77276 17.415 0.018
3866.73792 17.430 0.018
3867.74527 17.428 0.020
3868.74068 17.447 0.024
3869.72240 17.460 0.026
3873.72588 17.520 0.021
3874.77265 17.360 0.023
3875.75451 17.402 0.015
3877.71423 17.388 0.017
3880.78102 17.360 0.017
3881.78959 17.402 0.015
3882.72454 17.394 0.020
3883.77631 17.436 0.020
3886.73703 17.403 0.018
3887.71964 17.377 0.015
3889.88139 17.348 0.017
3891.56362 17.481 0.027
3891.61303 17.430 0.027
3891.63945 17.371 0.018
3891.69591 17.410 0.018
3891.76121 17.464 0.021
3891.79042 17.442 0.023
3891.84331 17.435 0.018
3891.87263 17.429 0.021
3891.89888 17.447 0.020
3891.92840 17.458 0.027
3892.55994 17.458 0.030
3892.60171 17.429 0.029
3892.65472 17.392 0.020
3892.70783 17.397 0.018
3892.74826 17.423 0.017
3892.77152 17.373 0.021
3892.78801 17.404 0.017
3892.79952 17.384 0.021
3892.81086 17.391 0.020
3892.81945 17.459 0.018
3892.82926 17.463 0.018
3892.83880 17.391 0.018
3892.84727 17.438 0.017
3892.85576 17.450 0.018
3892.86425 17.399 0.018
3892.87280 17.414 0.018
3892.87877 17.399 0.020
3892.88172 17.405 0.018
3892.88890 17.385 0.023
3892.89802 17.430 0.020
3892.90654 17.394 0.018
3892.91499 17.438 0.021
3892.92344 17.452 0.024
3892.93584 17.471 0.027
3892.94431 17.369 0.024
3892.95031 17.460 0.036
3893.56991 17.565 0.032
3893.58569 17.529 0.024
3893.59690 17.499 0.027
3893.61014 17.489 0.024
3893.62494 17.434 0.021
3893.63634 17.444 0.026
3893.64795 17.400 0.018
3893.65940 17.400 0.020
3893.67057 17.401 0.018
3893.68608 17.370 0.020
3893.70033 17.461 0.024
3893.71440 17.477 0.026
3893.73205 17.440 0.026
3893.74617 17.419 0.024
3893.75753 17.429 0.026
3893.76808 17.418 0.027
3893.77947 17.441 0.023
3893.78808 17.434 0.026
3893.79661 17.425 0.020
3893.80245 17.375 0.024
3893.80847 17.409 0.023
3893.81415 17.366 0.021
3893.82352 17.405 0.021
3893.83208 17.440 0.026
3893.84058 17.378 0.024
3893.85486 17.423 0.024
3893.86397 17.417 0.023
3893.87241 17.418 0.023
3893.88944 17.444 0.023
3893.89846 17.433 0.023
3893.90467 17.421 0.027
3893.91353 17.373 0.024
3893.92196 17.386 0.030
3893.93125 17.411 0.029
3894.62941 17.399 0.026
3894.71865 17.415 0.020
3894.75976 17.390 0.021
3894.79842 17.367 0.021
3894.81652 17.409 0.023
3894.84943 17.432 0.024
3894.88216 17.413 0.023
3896.56699 17.410 0.035
3896.76695 17.394 0.021
3896.81567 17.485 0.035
3900.66370 17.437 0.027
3901.66924 17.432 0.021
3902.68675 17.386 0.018
3903.82755 17.381 0.020
3904.66661 17.400 0.015
3905.67729 17.403 0.017
3906.65513 17.394 0.018
3907.72116 17.396 0.021
3908.66105 17.404 0.015
3909.65918 17.414 0.015
3912.66327 17.425 0.014
3913.66345 17.411 0.015
3914.71120 17.378 0.014
3915.66035 17.421 0.017
3916.74209 17.463 0.024
3917.75925 17.412 0.020
3918.75957 17.414 0.017
3919.68974 17.370 0.015
3920.64343 17.443 0.020
3921.65189 17.427 0.024
3930.71353 17.415 0.021
3931.62970 17.413 0.020
3932.59358 17.435 0.017
3933.64044 17.395 0.014
3934.60747 17.438 0.017
3934.81265 17.389 0.021
3935.58848 17.425 0.018
3936.57355 17.407 0.020
3937.65232 17.397 0.018
3938.61780 17.399 0.017
3940.75860 17.408 0.015
3944.71363 17.414 0.017
3945.64988 17.418 0.018
3946.64570 17.394 0.017
3950.66124 17.417 0.017
3951.67204 17.342 0.030
3957.72126 17.573 0.036
3959.63284 17.403 0.020
3960.62396 17.392 0.017
3963.62937 17.380 0.017
3964.66552 17.405 0.017
3965.64038 17.423 0.015
3966.63486 17.420 0.018
3967.65827 17.525 0.020
3968.61778 17.390 0.018
3969.62825 17.431 0.021
3970.63501 17.422 0.018
3971.66636 17.393 0.018
3973.69459 17.428 0.023
3974.63214 17.418 0.018
3975.62468 17.387 0.018
3976.61864 17.460 0.021
3979.65381 17.409 0.024
3982.68651 17.393 0.036
3986.66715 17.366 0.027
3987.61592 17.401 0.020
3988.64806 17.397 0.020
3989.56620 17.386 0.021
3991.56760 17.407 0.026
3995.51543 17.384 0.018
4001.58578 17.390 0.018
4002.62140 17.393 0.020
4003.57586 17.396 0.017
4011.55918 17.453 0.027
4015.58814 17.421 0.029
4017.56182 17.306 0.021
4019.56318 17.376 0.023
4021.58609 17.348 0.024
4025.50433 17.424 0.021
4027.51210 17.400 0.023
4029.55363 17.360 0.027
4151.89462 17.373 0.027
4155.85862 17.391 0.024
4158.82038 17.420 0.023
4160.87996 17.440 0.030
4162.87113 17.415 0.026
4165.85556 17.431 0.027
4167.84848 17.371 0.030
4169.85083 17.451 0.023
4174.86490 17.433 0.023
4176.84219 17.430 0.023
4177.89909 17.403 0.021
4179.79339 17.380 0.023
4180.84536 17.439 0.026
4182.77029 17.418 0.021
4183.80723 17.421 0.023
4185.78299 17.415 0.023
4190.88106 17.404 0.020
4192.88525 17.440 0.021
4193.89627 17.406 0.021
4196.87591 17.397 0.021
4202.88754 17.442 0.020
4203.87569 17.403 0.018
4204.88251 17.403 0.020
4205.87133 17.428 0.020
4207.89526 17.406 0.020
4208.90473 17.429 0.023
4213.87617 17.411 0.018
4215.91036 17.386 0.020
4216.83484 17.439 0.021
4217.85713 17.398 0.017
4218.90147 17.400 0.020
4220.88284 17.395 0.026
4222.84532 17.417 0.021
4228.84926 17.409 0.023
4229.81471 17.414 0.021
4230.79584 17.394 0.018
4231.83814 17.418 0.021
4232.85909 17.448 0.030
4234.79379 17.407 0.018
4234.83126 17.402 0.020
4235.81766 17.409 0.020
4237.63453 17.413 0.027
4238.82223 17.379 0.024
4240.61593 17.448 0.032
4243.86855 17.421 0.026
4244.87526 17.383 0.024
4245.90971 17.399 0.023
4246.92260 17.398 0.026
4247.57968 17.471 0.020
4250.90891 17.358 0.027
4256.80725 17.412 0.027
4257.69115 17.400 0.026
4258.79426 17.404 0.024
4268.57531 17.474 0.027
4269.71511 17.411 0.020
4272.63695 17.405 0.018
4273.68439 17.559 0.027
4274.66824 17.395 0.023
4275.72502 17.403 0.023
4277.56591 17.415 0.030
4278.69899 17.560 0.029
4283.64600 17.532 0.023
4284.62746 17.420 0.024
4285.63443 17.383 0.026
4286.72817 17.312 0.036
4289.67790 17.395 0.029
4290.75709 17.449 0.027
4291.75529 17.393 0.024
4292.61284 17.431 0.020
4293.64058 17.422 0.018
4294.68184 17.418 0.020
4295.64185 17.431 0.020
4296.62102 17.387 0.018
4297.55254 17.415 0.020
4298.78340 17.390 0.029
4299.75421 17.397 0.018
4300.68421 17.432 0.023
4301.55350 17.396 0.018
4302.78742 17.431 0.026
4306.54448 17.444 0.030
4307.56495 17.402 0.021
4311.58698 17.408 0.029
4312.65423 17.413 0.021
4317.64131 17.447 0.024
4319.65029 17.400 0.023
4326.65949 17.409 0.024
4327.69448 17.424 0.026
4328.62925 17.394 0.021
4329.62066 17.452 0.024
4330.63389 17.415 0.021
4331.62930 17.365 0.021
4332.68398 17.416 0.024
4333.63312 17.443 0.027
4334.64657 17.399 0.035
4338.66618 17.420 0.030
4339.63617 17.398 0.026
4340.69934 17.432 0.029
4341.67691 17.428 0.036
4342.67723 17.411 0.027
4343.64705 17.436 0.024
4345.64690 17.392 0.027
4346.65206 17.441 0.032
4347.66621 17.402 0.024
4348.65230 17.419 0.023
4349.64122 17.402 0.021
4350.66581 17.430 0.024
4351.63668 17.420 0.023
4354.64540 17.377 0.026
4357.58348 17.427 0.029
4359.55225 17.401 0.029
4365.59842 17.360 0.029
4368.60145 17.421 0.033
4370.55708 17.409 0.020
4372.58990 17.462 0.023
4377.55063 17.408 0.024
4381.59301 17.436 0.032
4515.89415 17.449 0.027
4520.87316 17.445 0.027
4523.85670 17.438 0.032
4525.85142 17.426 0.038
4532.87629 17.448 0.021
4534.90067 17.450 0.026
4536.91052 17.407 0.029
4537.79173 17.444 0.029
4538.90513 17.390 0.023
4539.79651 17.409 0.021
4541.82839 17.443 0.024
4543.81809 17.394 0.018
4544.81498 17.455 0.023
4545.83249 17.384 0.020
4547.80632 17.401 0.020
4550.80535 17.412 0.027
4552.79539 17.380 0.027
4556.88713 17.403 0.017
4557.91279 17.401 0.017
4558.87930 17.396 0.021
4559.87723 17.416 0.018
4560.87740 17.417 0.017
4561.86646 17.407 0.015
4564.87058 17.390 0.015
4565.86027 17.391 0.015
4566.86148 17.400 0.017
4567.86705 17.402 0.018
4568.89900 17.442 0.018
4569.88223 17.395 0.020
4570.89077 17.398 0.020
4571.85247 17.386 0.017
4572.89085 17.400 0.024
4573.86609 17.412 0.018
4574.87463 17.513 0.021
4575.88264 17.421 0.018
4583.77483 17.396 0.030
4585.83584 17.400 0.018
4586.85864 17.445 0.021
4587.87053 17.432 0.027
4588.76070 17.393 0.020
4589.73009 17.536 0.023
4590.80974 17.402 0.021
4591.72256 17.401 0.020
4592.79611 17.456 0.024
4593.78156 17.386 0.020
4594.80991 17.435 0.018
4595.80073 17.423 0.018
4596.75640 17.413 0.018
4597.81820 17.403 0.020
4598.78774 17.422 0.017
4599.76696 17.403 0.017
4600.78934 17.410 0.017
4601.77792 17.411 0.018
4602.78159 17.399 0.017
4606.83528 17.404 0.021
4611.75902 17.406 0.021
4616.75119 17.420 0.018
4616.93346 17.405 0.030
4617.93551 17.458 0.035
4618.65557 17.396 0.023
4622.73428 17.406 0.021
4623.80734 17.398 0.026
4624.74608 17.413 0.023
4625.72906 17.392 0.023
4626.79113 17.427 0.026
4627.70838 17.364 0.018
4628.69722 17.401 0.018
4629.76675 17.405 0.018
4630.70592 17.403 0.018
4631.72119 17.415 0.017
4632.75564 17.420 0.020
4633.89110 17.387 0.029
4639.84375 17.420 0.042
4640.84821 17.405 0.035
4641.88578 17.412 0.032
4642.53163 17.413 0.026
4643.68802 17.387 0.020
4644.77814 17.387 0.021
4645.69045 17.402 0.021
4646.65772 17.395 0.017
4647.67912 17.403 0.020
4649.66422 17.439 0.020
4650.70224 17.409 0.021
4652.63544 17.426 0.021
4653.63041 17.416 0.018
4654.66744 17.454 0.023
4655.63866 17.423 0.020
4656.63478 17.409 0.023
4658.79201 17.425 0.029
4661.62443 17.422 0.020
4666.49566 17.406 0.027
4670.72713 17.399 0.026
4671.68075 17.393 0.021
4672.64049 17.402 0.026
4674.66842 17.419 0.023
4675.79331 17.413 0.029
4677.71262 17.409 0.021
4679.67646 17.437 0.027
4681.69650 17.438 0.027
4682.69417 17.391 0.020
4683.65020 17.507 0.024
4684.66895 17.400 0.024
4684.76213 17.414 0.023
4685.69478 17.391 0.021
4686.76734 17.395 0.020
4687.68306 17.408 0.023
4688.62890 17.446 0.021
4694.71302 17.434 0.036
4697.63780 17.395 0.027
4698.65588 17.379 0.026
4700.65113 17.401 0.021
4701.63445 17.423 0.023
4702.64888 17.421 0.024
4708.67055 17.405 0.024
4715.63159 17.453 0.029
4720.63727 17.392 0.036
4721.63747 17.467 0.035
4722.63531 17.407 0.027
4725.60818 17.369 0.027
4726.63643 17.388 0.026
4733.59746 17.435 0.027
4739.49025 17.388 0.024
4750.53956 17.391 0.029
4756.57260 17.419 0.035
4763.52275 17.398 0.024
4876.89046 17.359 0.026
4883.87669 17.395 0.027
4886.84343 17.383 0.023
4890.81594 17.427 0.026
4892.89878 17.431 0.032
4894.86690 17.432 0.024
4898.85111 17.420 0.020
4900.84568 17.529 0.023
4901.89728 17.408 0.018
4902.82292 17.418 0.020
4903.88557 17.379 0.020
4904.85105 17.410 0.021
4906.90410 17.432 0.023
4911.88629 17.411 0.017
4913.89968 17.384 0.018
4924.89491 17.418 0.020
4926.74570 17.389 0.020
4928.80163 17.493 0.029
4930.73708 17.435 0.024
4931.87923 17.419 0.023
4932.78711 17.390 0.018
4933.73133 17.399 0.024
4934.83292 17.380 0.021
4938.84144 17.441 0.024
4940.78616 17.464 0.023
4941.83801 17.427 0.023
4942.86341 17.421 0.020
4943.72061 17.408 0.018
4944.78550 17.424 0.020
4949.79994 17.412 0.018
4950.70868 17.395 0.021
4951.82490 17.370 0.023
4953.72950 17.410 0.020
4954.84702 17.412 0.020
4955.84517 17.449 0.024
