2125.54569 17.991 0.054
2129.62899 18.097 0.030
2132.57327 18.130 0.037
2135.71088 18.006 0.031
2140.66890 18.080 0.052
2144.55280 18.020 0.034
2160.54236 18.060 0.038
2168.60983 17.981 0.041
2187.51916 17.981 0.040
2206.51436 18.003 0.052
2331.85522 18.029 0.037
2346.90157 18.009 0.031
2358.82717 18.084 0.037
2372.78742 18.049 0.033
2382.91158 18.086 0.037
2386.85494 17.948 0.034
2390.79808 18.037 0.038
2397.76011 18.065 0.032
2401.78487 18.128 0.034
2403.84090 18.018 0.028
2405.80940 18.116 0.034
2414.78940 17.974 0.032
2416.76067 18.084 0.038
2424.85332 18.102 0.061
2428.75495 17.930 0.028
2432.79792 18.054 0.051
2434.66574 17.943 0.032
2436.71139 18.110 0.034
2438.68966 17.989 0.031
2440.83118 17.975 0.034
2443.69599 18.066 0.039
2445.57709 18.103 0.035
2448.55400 18.132 0.075
2453.81305 18.075 0.037
2463.48555 18.009 0.042
2464.71570 17.985 0.027
2467.61866 18.055 0.033
2469.63309 18.004 0.025
2471.64486 18.037 0.028
2473.60994 17.990 0.033
2483.67481 18.115 0.034
2486.65813 18.125 0.051
2490.62478 18.052 0.035
2493.58705 18.109 0.037
2495.65860 18.013 0.028
2497.73809 17.962 0.032
2499.76136 18.150 0.038
2502.50502 18.105 0.037
2508.59993 18.033 0.035
2508.60742 18.034 0.039
2512.55623 17.984 0.039
2517.67780 18.052 0.041
2520.51595 18.038 0.038
2526.61168 18.150 0.035
2541.59018 18.019 0.038
2547.52827 18.061 0.042
2556.51926 17.992 0.038
2563.55274 17.931 0.034
2574.53205 17.989 0.044
2705.89470 18.061 0.033
2706.86125 18.033 0.039
2714.84554 17.988 0.028
2728.87533 18.056 0.041
2733.85821 18.024 0.041
2744.83803 18.039 0.104
2752.91088 18.055 0.041
2756.87545 18.089 0.037
2760.84371 18.028 0.037
2766.87571 18.010 0.033
2770.76328 17.968 0.035
2783.76411 18.117 0.033
2785.87571 18.063 0.044
2786.87776 18.083 0.053
2789.68376 18.053 0.034
2791.64747 18.040 0.034
2794.81040 17.982 0.035
2796.75080 17.942 0.027
2808.89123 18.096 0.061
2809.89566 17.986 0.039
2810.82263 18.083 0.038
2811.85988 18.085 0.034
2813.65662 18.027 0.042
2815.77826 17.996 0.035
2817.73121 17.975 0.032
2818.79416 17.960 0.037
2820.66642 17.985 0.034
2826.69512 18.192 0.051
2834.71733 18.101 0.060
2835.83472 18.114 0.047
2837.57267 18.061 0.048
2839.60953 18.078 0.035
2841.62833 17.957 0.033
2843.56409 17.981 0.035
2845.59497 17.983 0.039
2849.74748 18.041 0.038
2849.77507 18.021 0.047
2851.75786 17.992 0.045
2853.76074 18.089 0.044
2856.64950 17.970 0.034
2858.62480 18.012 0.045
2859.61886 17.955 0.045
2863.58306 18.053 0.039
2866.67514 18.045 0.039
2869.66614 18.107 0.035
2872.66067 18.116 0.032
2877.62993 17.964 0.037
2883.60550 18.045 0.031
2892.59545 18.056 0.055
2896.61711 17.990 0.034
2902.58415 18.010 0.050
2907.55853 18.209 0.053
2917.54619 18.112 0.048
3051.85258 17.986 0.087
3058.84759 18.082 0.033
3063.86678 18.024 0.028
3067.84616 17.969 0.030
3070.80556 18.047 0.047
3072.88439 18.021 0.028
3075.78129 18.121 0.047
3079.83777 18.064 0.039
3082.79883 18.137 0.035
3084.85462 18.047 0.031
3086.78563 18.103 0.028
3087.90320 18.154 0.039
3089.80723 18.044 0.030
3091.76936 17.982 0.031
3096.79913 18.050 0.037
3098.81067 18.034 0.030
3100.86601 17.941 0.030
3102.82198 17.972 0.033
3103.89730 18.062 0.035
3106.78030 18.019 0.045
3107.92171 18.079 0.038
3109.74330 17.999 0.030
3110.78458 18.044 0.033
3112.75935 18.046 0.031
3113.82269 18.050 0.031
3115.82128 18.106 0.032
3118.87836 18.033 0.038
3122.83089 18.084 0.046
3125.80939 18.000 0.044
3126.84024 18.153 0.042
3127.75498 17.932 0.031
3128.77326 17.951 0.031
3129.74807 18.173 0.045
3130.92616 17.981 0.039
3131.78199 18.002 0.045
3134.71836 17.793 0.055
3135.81384 17.989 0.031
3137.89193 17.900 0.038
3138.82350 18.033 0.032
3139.81832 17.952 0.026
3140.82486 18.096 0.035
3142.71981 18.059 0.033
3144.74224 18.040 0.031
3146.71554 18.188 0.042
3151.70221 18.056 0.038
3152.70629 17.956 0.031
3152.91908 18.005 0.045
3153.71036 18.109 0.044
3154.76546 18.135 0.045
3156.75283 18.020 0.032
3158.81191 18.053 0.047
3162.75933 18.172 0.039
3163.72125 17.952 0.027
3164.68499 18.132 0.035
3165.80685 17.978 0.024
3166.84058 18.046 0.053
3168.71794 18.088 0.035
3169.67440 17.953 0.028
3170.74724 18.048 0.028
3171.69868 18.061 0.030
3172.68551 18.068 0.028
3174.66239 18.125 0.028
3175.66809 18.107 0.027
3176.71117 18.162 0.045
3178.72678 17.993 0.037
3179.60474 17.922 0.026
3179.86046 17.992 0.042
3180.65544 17.992 0.025
3182.72555 18.006 0.031
3183.67030 18.039 0.035
3184.64992 18.009 0.027
3185.80787 18.004 0.033
3193.48587 18.126 0.055
3193.82269 18.001 0.033
3194.64151 17.963 0.035
3195.61979 18.050 0.030
3196.69536 18.090 0.051
3196.78428 18.020 0.033
3197.59548 17.924 0.030
3202.59264 18.104 0.041
3203.71634 17.977 0.028
3204.71201 18.090 0.030
3205.63700 17.953 0.025
3206.61857 18.067 0.028
3210.60876 18.132 0.033
3211.68080 18.156 0.042
3217.60480 18.111 0.045
3218.60407 18.034 0.039
3219.66328 18.059 0.047
3223.60134 18.006 0.046
3224.65104 18.013 0.027
3226.56395 18.051 0.031
3228.52245 17.993 0.035
3229.58060 18.026 0.025
3230.61933 17.976 0.025
3231.52033 18.088 0.040
3232.49416 18.149 0.055
3239.52898 18.033 0.032
3240.60640 18.111 0.038
3241.61068 18.075 0.053
3244.70719 17.998 0.061
3245.49516 18.124 0.052
3247.67380 18.107 0.038
3248.66694 18.094 0.039
3250.60638 18.079 0.037
3253.59919 18.111 0.038
3256.58179 18.122 0.042
3259.57437 18.050 0.042
3261.57775 18.085 0.031
3266.59995 18.072 0.047
3272.54919 18.022 0.044
3274.57876 18.018 0.041
3278.55284 18.138 0.040
3281.49446 18.148 0.051
3287.56165 18.030 0.039
3292.55043 18.237 0.040
3415.89689 18.146 0.044
3420.88521 17.884 0.025
3425.87025 18.119 0.044
3428.86617 18.002 0.032
3430.90304 18.078 0.033
3442.83966 17.945 0.032
3444.89350 18.061 0.030
3447.80196 17.999 0.037
3449.81926 17.975 0.026
3452.84021 18.020 0.030
3454.89381 18.086 0.037
3457.83213 18.067 0.033
3459.77733 17.941 0.033
3468.82921 18.103 0.028
3469.83621 18.031 0.025
3471.91645 18.075 0.040
3473.83167 18.094 0.041
3476.72430 17.909 0.020
3478.78995 18.080 0.031
3479.93371 18.036 0.033
3481.76852 17.949 0.025
3483.90220 17.948 0.031
3484.72709 17.996 0.038
3496.80358 18.012 0.033
3497.74130 18.060 0.035
3499.93125 18.110 0.032
3500.80034 18.037 0.032
3501.79415 18.176 0.027
3502.76702 17.983 0.024
3503.73600 18.109 0.028
3504.82572 18.006 0.031
3506.89073 18.151 0.038
3508.84131 18.051 0.039
3509.79102 18.028 0.031
3511.74864 18.098 0.037
3512.79227 18.008 0.039
3517.86577 18.126 0.053
3520.82002 18.152 0.037
3521.62971 18.030 0.026
3522.68403 17.978 0.026
3523.72864 17.984 0.023
3524.76511 17.938 0.030
3525.69686 18.088 0.027
3526.77928 18.060 0.028
3527.78416 18.000 0.030
3528.72695 18.031 0.026
3529.62050 17.905 0.024
3530.63886 18.038 0.025
3538.67083 18.056 0.031
3541.82132 18.108 0.034
3547.71280 18.087 0.039
3550.58687 17.973 0.032
3551.77633 18.143 0.032
3552.61478 18.097 0.026
3553.74600 17.962 0.040
3554.78694 18.022 0.034
3555.75708 18.025 0.035
3558.48576 18.143 0.039
3558.78499 17.966 0.030
3559.55348 18.061 0.038
3560.51651 17.984 0.028
3561.49383 18.074 0.039
3562.54043 18.029 0.027
3563.59544 18.145 0.030
3564.62351 18.077 0.033
3569.51161 18.168 0.042
3573.58878 18.020 0.047
3574.64530 18.094 0.041
3575.63029 18.099 0.030
3576.61058 17.973 0.028
3577.67268 17.978 0.026
3578.61970 18.075 0.028
3579.57695 17.979 0.026
3580.59929 18.020 0.030
3581.62680 18.103 0.031
3582.57497 17.967 0.026
3583.59206 17.963 0.027
3584.60103 18.007 0.025
3585.59128 18.107 0.026
3586.63707 18.000 0.027
3589.62985 18.105 0.025
3590.59858 17.976 0.026
3591.66053 17.933 0.024
3593.53343 18.018 0.026
3594.64952 18.044 0.025
3601.58196 17.973 0.028
3602.59889 18.004 0.031
3603.59599 18.071 0.033
3606.61558 17.982 0.037
3607.58795 18.100 0.028
3608.59686 17.980 0.037
3615.53206 18.039 0.031
3618.63433 18.140 0.037
3620.52274 18.099 0.028
3622.50176 18.024 0.035
3628.63047 18.008 0.041
3630.51591 18.104 0.047
3631.64606 18.029 0.051
3633.50120 18.025 0.042
3637.59120 18.118 0.042
3639.60847 17.998 0.031
3641.50357 18.120 0.041
3643.58008 18.152 0.047
3648.49591 18.103 0.034
3651.55186 17.964 0.044
3654.50497 17.884 0.054
3656.50170 18.072 0.040
3658.53579 18.119 0.061
3661.53366 18.022 0.050
3668.50673 18.001 0.039
3674.52049 18.179 0.052
3775.86510 18.054 0.037
3781.85223 18.127 0.054
