2130.48027 19.864 0.165
2133.50695 19.203 0.092
2136.62818 19.106 0.102
2141.61888 19.046 0.102
2144.70006 19.164 0.095
2170.60046 19.409 0.132
2179.49874 19.221 0.162
2189.49383 19.865 0.282
2333.89967 19.232 0.122
2337.80634 19.170 0.110
2349.82474 19.114 0.098
2357.81787 19.466 0.144
2365.89240 19.081 0.101
2373.77287 19.054 0.094
2405.85261 19.673 0.133
2464.76393 19.023 0.069
2708.89866 19.628 0.147
2850.63100 19.752 0.132
2858.75832 19.305 0.138
3059.84458 19.259 0.106
3064.85975 19.224 0.110
3068.81312 19.240 0.114
3070.89837 19.545 0.123
3073.85078 19.922 0.173
3075.88540 19.450 0.113
3077.87644 18.918 0.259
3080.79797 19.145 0.100
3083.75223 19.222 0.100
3085.84880 19.386 0.096
3087.77649 19.870 0.199
3089.82346 19.548 0.098
3091.87772 19.305 0.088
3097.80260 19.225 0.135
3100.92199 19.132 0.111
3101.79051 19.179 0.111
3102.88899 19.203 0.101
3104.74472 19.045 0.231
3106.88638 20.030 0.261
3107.87684 19.118 0.112
3109.81382 19.676 0.122
3110.88048 19.352 0.093
3112.87972 19.332 0.102
3113.89102 19.138 0.091
3114.82138 19.395 0.098
3115.88183 19.190 0.085
3116.86222 19.680 0.154
3124.75393 19.595 0.184
3126.69349 19.087 0.075
3127.85986 19.566 0.142
3128.85966 19.076 0.108
3130.66266 19.037 0.116
3130.73866 19.213 0.108
3130.85415 19.191 0.129
3131.70503 19.185 0.123
3134.87410 19.273 0.191
3137.75604 19.068 0.090
3138.64140 19.220 0.105
3138.76242 19.106 0.081
3139.92872 19.748 0.144
3142.80943 19.419 0.099
3144.82648 19.123 0.079
3146.86874 19.222 0.086
3151.79709 19.842 0.193
3152.79866 19.449 0.130
3153.79727 19.154 0.117
3154.88492 19.201 0.136
3156.85360 18.927 0.080
3157.86109 19.394 0.152
3158.87138 19.425 0.143
3162.83504 19.237 0.102
3163.79421 19.369 0.104
3164.78280 19.036 0.065
3165.69560 19.658 0.118
3168.84732 19.370 0.098
3169.81405 19.135 0.097
3170.63158 19.115 0.060
3171.76964 19.346 0.078
3171.89518 19.262 0.097
3172.79401 19.509 0.103
3173.83140 19.777 0.187
3174.75047 19.056 0.069
3175.76093 19.076 0.064
3175.83674 19.336 0.101
3177.80596 19.141 0.115
3179.54162 18.910 0.067
3180.76559 19.019 0.059
3182.82571 19.061 0.082
3183.78468 19.877 0.198
3184.73927 18.954 0.068
3185.67036 19.625 0.125
3193.58951 19.477 0.106
3194.53996 19.474 0.139
3194.78046 19.552 0.123
3195.53964 19.036 0.072
3196.73311 19.187 0.091
3197.56375 19.242 0.082
3199.67171 19.112 0.076
3201.53261 19.142 0.085
3202.66035 19.318 0.102
3203.57687 19.363 0.080
3204.61062 19.474 0.094
3205.67399 19.145 0.071
3206.75927 19.206 0.118
3210.49383 19.265 0.107
3211.64910 19.734 0.147
3217.68990 19.376 0.117
3218.68891 19.613 0.167
3223.69287 19.550 0.160
3224.73742 19.539 0.151
3226.66829 19.002 0.105
3228.63876 19.313 0.103
3230.70864 19.030 0.081
3231.61197 19.272 0.104
3232.64547 19.508 0.124
3238.66028 19.556 0.138
3240.50942 19.640 0.148
3241.69300 19.169 0.163
3245.59627 19.183 0.122
3247.48332 19.110 0.093
3249.58965 19.033 0.102
3250.69668 19.233 0.157
3254.55042 18.980 0.104
3257.49480 19.077 0.084
3260.53109 19.155 0.120
3265.51658 19.298 0.135
3267.56721 19.345 0.113
3272.62783 19.112 0.130
3277.53924 19.261 0.116
3279.59455 19.258 0.123
3282.51697 19.688 0.142
3289.49894 18.911 0.085
3294.48996 18.937 0.120
3295.56222 18.933 0.054
3296.53685 19.132 0.078
3300.54959 19.232 0.143
3418.88072 19.364 0.096
3423.85493 19.670 0.151
3426.90339 19.508 0.162
3429.88762 19.699 0.186
3436.84476 18.971 0.081
3443.79998 19.749 0.122
3445.84299 19.457 0.084
3447.89149 19.114 0.095
3449.90868 19.083 0.077
3453.81085 19.187 0.109
3455.87075 19.532 0.139
3456.87923 19.531 0.123
3457.87372 19.242 0.085
3459.86466 19.091 0.078
3467.91802 19.575 0.107
3470.90610 19.072 0.078
3472.81596 19.085 0.065
3473.89754 19.637 0.148
3474.89956 19.227 0.095
3475.89508 19.086 0.061
3477.91082 19.102 0.079
3479.78143 19.397 0.075
3480.91036 19.009 0.075
3482.91325 19.274 0.095
3496.76913 19.623 0.164
3497.87035 19.279 0.098
3499.76360 19.216 0.068
3500.85052 19.071 0.071
3502.66636 19.131 0.076
3503.81908 19.272 0.090
3506.76631 19.601 0.119
3508.88265 19.164 0.123
3509.68003 20.034 0.249
3510.92054 19.749 0.150
3511.85509 19.130 0.080
3512.86525 19.060 0.101
3517.72463 19.456 0.198
3520.86883 19.494 0.132
3521.68170 19.346 0.080
3522.79025 19.353 0.104
3523.82437 19.397 0.095
3524.82478 20.105 0.211
3525.89986 19.688 0.149
3526.93064 19.415 0.156
3528.60313 19.635 0.118
3530.82277 19.201 0.068
3537.79056 18.879 0.064
3538.71639 19.248 0.087
3540.77006 19.112 0.084
3544.77908 19.558 0.131
3547.78269 18.900 0.079
3550.79605 19.859 0.141
3551.79081 19.104 0.071
3552.80996 19.031 0.094
3553.78967 19.300 0.133
3554.81179 19.006 0.092
3555.80133 19.322 0.145
3556.71365 19.027 0.071
3558.59769 19.007 0.084
3559.60609 19.062 0.072
3560.64739 19.054 0.058
3561.58387 19.369 0.096
3562.63653 19.239 0.079
3563.68859 19.405 0.091
3564.52291 19.600 0.194
3569.62714 19.119 0.124
3573.73546 19.008 0.091
3574.73256 19.570 0.138
3575.67436 19.163 0.067
3576.73042 19.045 0.088
3577.77877 19.029 0.086
3578.71544 19.235 0.078
3579.66081 19.058 0.066
3580.70041 19.214 0.100
3581.71364 18.968 0.080
3582.66254 19.337 0.092
3583.68075 19.437 0.098
3584.68468 19.365 0.088
3585.68292 19.214 0.076
3586.73735 19.266 0.082
3589.72662 19.379 0.111
3590.72288 19.727 0.178
3591.69791 19.121 0.074
3592.73123 19.157 0.079
3601.69905 19.035 0.095
3602.69937 19.048 0.107
3603.68060 19.163 0.095
3607.67828 19.068 0.086
3609.50614 19.298 0.119
3615.62357 19.151 0.089
3617.65404 18.851 0.074
3619.58699 19.321 0.084
3621.58936 18.940 0.081
3628.65395 18.870 0.113
3629.51206 19.086 0.074
3631.61286 18.954 0.089
3633.53947 19.583 0.186
3634.61853 19.066 0.100
3637.54210 19.270 0.150
3637.56042 19.048 0.127
3637.60317 19.016 0.103
3639.48912 19.213 0.070
3639.59374 19.610 0.113
3640.51756 19.136 0.106
3644.57588 19.360 0.105
3649.54932 20.325 0.248
3651.59356 19.045 0.104
3655.56223 19.680 0.156
3657.55211 18.924 0.099
3659.56003 19.074 0.171
3662.55836 19.551 0.241
3668.52486 19.100 0.113
3676.50389 19.034 0.107
3777.86432 19.053 0.082
3783.85069 19.188 0.091
3785.86618 19.688 0.143
3787.87584 19.208 0.090
3791.85021 19.123 0.105
3793.89442 19.001 0.073
3795.87866 19.863 0.174
3797.79581 19.231 0.102
3798.84201 19.245 0.099
3799.89635 19.101 0.101
3801.85111 19.163 0.091
3802.88559 19.388 0.104
3804.79878 19.580 0.139
3805.83733 19.558 0.128
3806.83405 19.179 0.103
3807.85819 19.242 0.099
3808.86182 19.162 0.100
3810.77691 19.338 0.107
3811.80537 19.070 0.093
3812.88630 19.733 0.160
3813.86884 19.131 0.082
3814.86150 19.031 0.082
3818.77911 19.424 0.109
3819.84274 19.089 0.065
3820.80680 19.734 0.115
3821.80998 19.390 0.093
3822.85370 19.370 0.096
3823.81461 19.127 0.073
3824.80858 19.294 0.109
3825.84065 19.128 0.089
3826.80982 19.811 0.180
3827.84077 19.457 0.090
3828.82090 18.878 0.077
3829.74870 19.548 0.147
3830.78002 20.032 0.168
3832.78296 19.113 0.074
3833.80784 19.197 0.073
3834.78082 19.132 0.075
3835.76850 19.613 0.125
3836.72995 19.248 0.110
3837.77056 19.145 0.092
3838.77853 18.981 0.104
3838.89660 19.297 0.121
3839.77446 19.102 0.083
3840.77761 19.592 0.133
3841.73278 19.115 0.110
3841.88273 19.228 0.090
3842.73116 19.120 0.152
3845.75433 19.757 0.355
3846.76515 19.666 0.144
3846.89390 19.038 0.077
3847.83823 19.725 0.161
3848.78829 19.138 0.097
3848.91883 18.865 0.090
3849.78581 18.994 0.067
3850.73462 19.654 0.124
3850.90389 19.245 0.115
3851.74463 19.368 0.119
3851.90945 19.038 0.083
3852.73316 19.239 0.095
3852.85725 19.210 0.087
3853.72583 19.118 0.059
3853.89081 19.289 0.074
3856.71407 19.378 0.094
3858.75099 19.083 0.073
3859.87112 19.621 0.192
3860.70639 19.972 0.244
3861.70383 19.440 0.111
3861.80793 19.200 0.074
3861.90685 19.226 0.080
3862.68566 19.066 0.082
3862.90042 19.120 0.087
3863.69851 19.063 0.069
3863.84245 19.518 0.114
3863.91841 19.044 0.062
3864.71589 19.118 0.073
3864.90149 19.224 0.073
3865.67599 19.664 0.139
3865.81088 18.981 0.069
3865.88950 19.724 0.122
3866.72077 19.661 0.115
3866.86021 19.042 0.077
3867.66665 19.111 0.092
3867.85209 19.111 0.085
3867.92236 19.025 0.077
3868.67449 19.045 0.105
3868.81771 20.073 0.267
3868.89822 19.183 0.112
3869.64419 19.622 0.153
3869.83336 19.766 0.201
3869.90878 19.155 0.118
3873.70807 19.203 0.081
3873.84714 19.205 0.093
3873.91760 19.082 0.085
3874.70936 19.139 0.084
3874.87783 19.355 0.102
3875.64603 19.662 0.117
3875.79326 19.127 0.059
3875.87197 19.960 0.160
3877.67390 19.112 0.065
3877.82218 19.183 0.079
3877.89594 19.145 0.097
3880.87744 19.877 0.155
3881.61186 19.080 0.110
3881.69767 19.701 0.130
3881.84043 19.097 0.064
3882.60977 19.140 0.089
3882.81279 19.232 0.085
3882.88292 19.265 0.086
3883.67516 19.079 0.072
3883.91664 19.163 0.085
3886.64329 19.349 0.088
3886.82998 19.041 0.073
3886.90198 19.655 0.141
3886.92801 19.441 0.124
3887.61044 19.129 0.103
3887.81313 19.192 0.089
3887.84096 19.282 0.096
3887.91304 19.530 0.121
3888.64131 19.344 0.098
3889.78621 19.413 0.087
3890.58129 18.905 0.082
3891.71753 19.359 0.102
3891.83453 19.174 0.083
3891.91624 19.459 0.130
3892.62792 19.230 0.130
3893.66503 18.965 0.075
3893.91637 19.177 0.119
3894.71003 19.274 0.122
3896.65372 19.519 0.194
3900.56904 19.263 0.146
3900.75549 19.020 0.072
3900.83081 19.578 0.149
3901.75768 18.977 0.074
3901.83448 19.815 0.175
3901.90695 19.305 0.142
3902.60385 19.078 0.074
3902.79903 19.091 0.084
3903.69622 19.397 0.127
3904.58683 19.417 0.088
3904.75014 19.626 0.122
3904.81911 19.323 0.082
3904.87192 19.043 0.075
3905.58375 19.578 0.104
3905.75778 19.172 0.068
3905.83040 19.596 0.095
3905.89900 19.232 0.105
3906.52242 18.972 0.097
3906.69227 19.170 0.082
3906.76528 19.150 0.085
3906.83791 19.871 0.182
3907.62894 19.079 0.086
3907.82381 19.220 0.127
3908.56512 19.268 0.088
3908.75556 19.494 0.109
3908.83083 19.076 0.067
3909.57021 19.826 0.144
3909.76813 19.827 0.125
3909.84652 19.169 0.093
3910.62646 19.301 0.087
3912.56937 19.191 0.063
3912.76614 19.190 0.065
3912.85403 19.678 0.117
3913.56713 19.025 0.059
3913.76933 19.301 0.098
3913.85916 19.069 0.083
3914.58459 19.481 0.113
3915.56514 19.820 0.143
3915.76844 19.780 0.122
3915.86549 18.987 0.085
3916.61298 19.765 0.169
3916.78565 19.017 0.112
3917.65303 20.057 0.270
3917.85922 19.842 0.212
3918.64642 19.263 0.098
3918.85613 19.227 0.111
3919.59927 19.024 0.100
3919.83633 19.269 0.111
3920.55093 19.739 0.125
3920.74718 19.654 0.114
3920.82599 19.326 0.083
3921.54394 19.188 0.091
3921.75440 18.889 0.098
3922.75087 18.871 0.101
3930.59844 19.025 0.078
3931.54953 19.304 0.104
3931.67619 18.997 0.080
3932.56134 19.166 0.095
3933.55035 19.120 0.073
3933.73164 19.098 0.070
3933.80732 19.138 0.089
3934.52112 19.554 0.116
3934.64519 19.356 0.082
3934.71495 19.901 0.138
3934.78397 19.105 0.073
3935.57101 19.417 0.111
3935.74232 19.709 0.128
3935.79405 19.192 0.115
3936.52457 19.206 0.095
3936.68991 19.019 0.071
3936.76751 19.490 0.130
3937.59976 19.772 0.131
3938.53212 19.011 0.093
3938.73369 19.422 0.122
3938.78289 19.042 0.103
3940.63513 19.150 0.064
3941.68425 18.930 0.095
3944.58863 19.038 0.077
3945.53748 19.342 0.097
3945.72551 19.627 0.164
3946.54778 20.153 0.243
3946.73717 19.612 0.127
3950.55563 19.194 0.074
3950.78189 19.226 0.110
3951.55181 20.083 0.237
3956.59819 19.165 0.118
3957.53908 19.563 0.138
3958.61189 19.430 0.123
3959.55180 19.161 0.091
3959.71616 19.060 0.090
3960.52980 19.178 0.085
3960.70970 19.245 0.083
3961.60487 19.373 0.150
3963.49144 18.918 0.082
3963.66597 19.060 0.076
3963.73931 18.989 0.108
3964.56463 19.197 0.078
3965.55153 19.160 0.072
3966.54269 19.393 0.102
3966.72521 19.042 0.091
3967.56648 19.339 0.134
3968.52922 19.324 0.107
3968.70074 19.464 0.123
3969.53699 19.059 0.094
3969.71174 18.842 0.089
3970.54493 18.978 0.076
3971.58473 19.323 0.135
3973.60988 19.255 0.105
3974.47279 19.245 0.139
3974.49958 19.055 0.087
3974.53971 18.860 0.086
3974.62077 19.628 0.128
3974.67849 19.125 0.114
3974.68496 18.941 0.090
3974.69174 19.059 0.110
3975.47162 19.145 0.142
3975.50251 19.126 0.098
3975.54222 18.999 0.069
3975.59317 19.290 0.092
3975.64700 19.887 0.172
3975.68909 19.157 0.105
3976.47347 19.922 0.191
3976.53749 19.281 0.097
3976.64089 19.352 0.115
3976.70276 18.978 0.119
3979.54673 19.453 0.196
3982.62340 19.086 0.102
3986.61395 19.335 0.114
3987.53637 19.212 0.095
3988.54918 19.620 0.106
3989.61089 19.361 0.142
3990.65317 19.104 0.102
3994.50585 18.929 0.093
3995.60347 19.563 0.142
3999.64102 18.914 0.087
4000.54806 20.029 0.231
4001.53779 19.199 0.100
4002.53448 19.167 0.087
4004.55746 19.205 0.145
4005.56010 19.525 0.161
4006.55842 19.201 0.079
4012.53052 18.995 0.094
4016.57561 19.752 0.217
4018.58505 19.416 0.157
4021.56906 19.488 0.171
4024.51671 19.236 0.131
4026.51221 19.325 0.104
4028.52823 19.128 0.102
4031.52835 19.529 0.157
4039.51284 19.380 0.190
4042.50100 19.149 0.157
4142.88380 19.252 0.169
4151.88893 19.866 0.212
4154.83637 19.276 0.102
4156.88935 19.468 0.175
4159.82338 19.461 0.149
4161.87680 19.983 0.218
4163.89281 19.308 0.101
4165.84968 19.149 0.130
4168.84722 19.147 0.112
4170.86284 19.128 0.100
4175.88325 19.124 0.087
4177.78297 19.113 0.091
4178.84033 19.123 0.088
4179.88021 19.046 0.082
4181.81663 19.717 0.142
4182.75593 19.189 0.098
4182.78775 19.208 0.083
4182.83932 19.803 0.143
4182.86521 19.695 0.125
4182.90857 19.240 0.072
4183.75383 19.149 0.104
4183.83825 19.225 0.100
4183.89767 19.655 0.151
4185.77413 19.787 0.199
4191.78469 19.993 0.236
4193.79579 19.183 0.113
4194.81864 19.168 0.100
4196.80866 19.468 0.127
4202.79019 19.593 0.119
4203.77802 19.320 0.092
4204.77040 19.163 0.090
4205.76856 19.346 0.091
4207.75983 19.488 0.112
4208.71379 19.037 0.079
4211.82513 19.128 0.105
4212.85467 19.063 0.125
4213.76273 19.213 0.094
4215.77576 19.117 0.103
4216.73360 19.896 0.159
4217.74114 19.535 0.103
4217.90241 19.047 0.062
4218.79090 19.652 0.206
4219.80091 19.180 0.089
4220.73994 19.121 0.097
4222.70857 19.327 0.123
4224.81893 19.475 0.113
4228.71123 19.052 0.093
4229.70482 19.056 0.117
4229.90177 19.147 0.090
4230.65300 19.970 0.186
4230.84100 19.688 0.156
4230.90266 19.333 0.152
4231.67695 19.684 0.150
4231.72807 19.681 0.137
4231.88306 19.796 0.193
4232.66469 18.936 0.108
4232.78972 19.150 0.097
4232.92728 19.918 0.260
4233.86030 18.951 0.089
4234.78776 19.412 0.106
4234.91014 19.253 0.119
4235.70137 19.153 0.083
4235.75883 19.128 0.082
4235.86243 19.674 0.147
4235.92496 19.093 0.114
4237.62792 19.143 0.133
4238.69927 19.259 0.106
4238.90874 19.153 0.112
4239.67111 19.056 0.081
4240.71077 19.047 0.097
4240.87009 19.431 0.138
4243.67645 19.138 0.102
4243.76987 19.718 0.165
4243.86276 19.174 0.126
4244.64860 19.309 0.131
4244.74502 19.293 0.098
4244.83758 19.277 0.101
4245.64170 19.689 0.148
4245.73602 19.089 0.070
4245.83148 19.868 0.147
4245.90410 19.021 0.094
4246.70038 19.320 0.102
4246.79352 19.212 0.088
4246.88620 19.664 0.161
4247.71542 19.405 0.146
4250.76353 19.269 0.122
4256.65593 19.576 0.208
4256.80145 19.320 0.163
4257.68280 19.600 0.155
4258.66582 19.228 0.122
4258.78862 19.090 0.103
4258.88125 19.336 0.153
4267.62546 19.429 0.114
4268.74056 19.271 0.088
4268.87245 19.570 0.165
4269.60768 19.146 0.080
4269.75797 19.390 0.107
4270.54240 19.613 0.173
4272.58886 19.212 0.099
4272.73878 19.006 0.069
4272.79740 19.211 0.097
4272.86880 19.741 0.227
4273.64925 19.668 0.177
4273.82741 19.209 0.128
4273.88859 19.633 0.268
4274.58034 19.209 0.127
4274.73327 19.597 0.139
4274.79413 19.049 0.092
4275.63183 18.989 0.094
4275.80715 19.053 0.109
4275.86823 19.022 0.135
4276.61660 19.073 0.142
4277.56034 19.183 0.123
4277.73737 19.090 0.102
4277.79604 19.532 0.191
4278.60526 19.063 0.113
4278.79246 18.941 0.123
4283.54286 19.028 0.104
4284.53464 19.386 0.140
4284.68499 19.614 0.156
4284.74438 19.296 0.095
4284.80640 19.058 0.118
4285.53780 19.787 0.207
4285.73134 19.563 0.142
4285.79643 19.026 0.090
4285.85785 19.084 0.123
4286.53758 19.369 0.144
4286.84577 18.949 0.166
4289.54845 19.138 0.119
4289.76736 19.052 0.092
4289.83406 19.268 0.134
4290.59474 18.998 0.104
4291.61443 19.256 0.102
4292.52002 19.079 0.075
4292.69901 19.148 0.081
4292.75780 19.286 0.085
4292.82082 19.418 0.154
4293.52075 19.167 0.096
4293.70490 19.037 0.071
4293.76365 19.080 0.088
4293.80394 19.218 0.099
4293.84143 19.455 0.148
4294.51938 19.307 0.106
4295.52956 19.372 0.110
4295.72466 19.582 0.111
4295.78325 19.077 0.089
4296.52360 19.706 0.164
4296.73467 19.754 0.137
4297.54343 19.294 0.100
4297.74799 19.432 0.109
4298.59470 19.456 0.138
4298.68950 19.161 0.091
4299.56499 19.112 0.075
4299.65492 19.765 0.122
4299.74618 18.986 0.071
4300.56164 19.187 0.097
4300.67678 19.705 0.144
4301.54778 19.650 0.131
4301.64403 19.128 0.077
4301.74620 19.502 0.120
4302.62075 19.045 0.087
4302.81937 19.415 0.136
4303.70735 19.067 0.089
4304.58562 19.308 0.120
4306.59137 19.174 0.115
4310.64502 19.606 0.260
4312.53257 19.557 0.196
4312.77547 19.521 0.133
4314.79006 19.188 0.158
4315.56403 19.051 0.087
4316.59433 19.120 0.088
4317.51622 19.718 0.157
4319.55129 19.316 0.113
4319.69726 19.004 0.112
4320.49188 19.123 0.100
4320.51612 19.167 0.105
4320.53427 19.114 0.094
4320.55946 19.251 0.102
4320.59886 19.238 0.112
4320.61860 19.479 0.122
4320.63349 19.640 0.142
4320.67368 19.283 0.112
4320.71161 19.200 0.121
4320.75423 19.044 0.120
4320.76916 18.805 0.100
4326.56610 19.017 0.074
4326.69286 19.660 0.184
4326.74418 19.248 0.143
4327.62001 19.089 0.104
4328.48515 19.305 0.130
4328.72481 19.266 0.145
4329.55556 19.139 0.125
4329.70289 19.163 0.121
4330.48550 19.093 0.095
4330.72280 19.215 0.098
4331.52765 19.053 0.089
4332.53765 19.282 0.086
4333.56263 19.454 0.159
4334.53542 19.347 0.115
4338.53280 19.499 0.158
4338.71068 19.283 0.214
4339.52893 19.458 0.129
4340.64909 19.245 0.105
4341.53318 18.956 0.105
4342.56521 19.082 0.101
4343.54904 19.372 0.091
4344.57863 19.479 0.143
4345.54072 19.371 0.100
4346.55033 19.097 0.126
4347.56464 19.180 0.105
4349.53035 19.917 0.167
4350.58384 19.677 0.135
4351.53554 19.003 0.079
4353.55519 19.094 0.097
4354.57461 19.211 0.111
4355.58243 19.626 0.194
4356.53961 19.094 0.106
4357.51101 19.204 0.139
4358.55444 19.149 0.109
4359.52340 19.902 0.211
4361.53675 19.484 0.208
4362.55415 19.180 0.162
4365.59234 19.181 0.120
4367.54573 19.133 0.112
4368.51870 19.121 0.136
4369.59785 19.286 0.183
4370.52572 20.038 0.188
4371.50018 19.074 0.098
4372.54929 19.254 0.087
4373.54035 18.926 0.107
4377.51353 19.163 0.095
4378.54794 19.055 0.097
4380.50540 19.714 0.150
4381.55303 19.840 0.250
4382.54383 19.320 0.169
4383.54377 19.020 0.102
4384.51819 19.171 0.116
4392.50922 19.043 0.124
4393.56023 19.232 0.108
4394.53343 19.108 0.098
4395.56963 19.294 0.156
4396.53938 19.381 0.200
4397.56308 19.539 0.200
4398.56846 19.339 0.180
4399.51835 19.016 0.120
4400.56281 18.906 0.147
4403.51668 19.293 0.167
4409.53414 19.543 0.234
4508.87772 19.128 0.079
4511.85960 20.001 0.190
4511.87942 19.580 0.119
4513.89079 19.239 0.097
4517.88991 19.851 0.243
4521.82927 19.732 0.223
4523.90166 19.542 0.199
4525.84558 19.122 0.153
4531.86229 19.462 0.123
4534.89180 19.156 0.129
4536.80709 19.682 0.217
4537.86725 19.425 0.103
4538.89964 19.755 0.150
4539.88575 19.453 0.119
4540.82968 19.039 0.072
4541.82218 19.375 0.106
4542.81698 19.643 0.161
4543.81248 19.231 0.093
4544.80945 19.100 0.094
4545.77354 19.412 0.141
4546.78025 19.482 0.134
4547.75495 19.290 0.135
4548.87084 19.425 0.142
4548.89818 19.134 0.133
4550.77734 19.081 0.123
4551.81622 19.322 0.106
4552.74764 19.363 0.199
4556.78706 19.187 0.079
4557.80820 19.568 0.138
4558.73783 19.144 0.085
4559.77869 19.042 0.075
4560.77908 19.197 0.099
4561.76841 19.548 0.101
4564.75862 19.112 0.078
4565.75668 19.238 0.082
4566.75609 19.426 0.092
4567.75605 19.725 0.145
4568.76559 19.456 0.104
4569.77600 19.092 0.076
4570.76127 19.031 0.084
4571.75294 19.256 0.123
4572.77974 19.629 0.134
4573.76793 19.525 0.124
4574.77050 18.940 0.078
4575.77929 19.245 0.105
4576.88924 19.647 0.156
4577.86751 19.152 0.094
4577.92353 19.515 0.134
4578.82185 19.323 0.126
4579.89565 19.205 0.148
4583.76589 20.591 0.365
4585.79286 18.991 0.106
4586.76897 19.100 0.104
4587.80254 19.054 0.096
4588.67769 19.223 0.138
4588.91018 19.229 0.089
4589.72415 19.178 0.090
4589.87943 19.163 0.118
4590.73293 19.069 0.085
4591.67402 19.913 0.180
4591.88534 19.545 0.141
4592.69425 19.621 0.129
4592.88354 19.592 0.166
4593.68341 19.231 0.096
4593.89323 19.157 0.099
4593.93310 19.455 0.147
4594.70466 19.102 0.092
4594.89949 19.044 0.085
4595.69721 19.091 0.083
4595.88852 19.182 0.097
4596.68905 19.420 0.123
4597.71367 19.486 0.130
4597.90531 19.807 0.159
4598.68989 19.427 0.092
4599.66241 19.040 0.086
4600.67477 19.169 0.083
4600.88344 19.204 0.089
4601.67730 19.440 0.097
4601.89356 19.181 0.080
4602.66987 19.492 0.111
4602.89423 19.843 0.146
4603.88126 19.245 0.110
4606.67771 19.277 0.098
4606.93598 19.325 0.128
4610.90831 18.982 0.099
4611.65656 19.281 0.107
4611.80542 19.511 0.130
4612.67803 19.293 0.120
4615.82036 19.226 0.117
4616.63202 19.330 0.121
4616.84833 19.319 0.126
4617.73572 19.189 0.089
4618.64058 19.518 0.135
4622.65415 19.686 0.158
4622.83911 19.648 0.185
4623.73787 19.335 0.128
4623.89838 19.492 0.189
4624.62229 19.069 0.109
4624.84226 19.100 0.090
4624.91136 19.747 0.207
4625.63269 19.085 0.119
4625.85205 19.186 0.105
4626.65716 19.154 0.100
4627.59127 19.775 0.159
4627.88069 19.371 0.094
4628.59824 19.277 0.101
4628.78799 19.258 0.117
4628.85032 19.534 0.125
4628.92453 19.165 0.128
4629.66105 19.260 0.086
4629.86867 19.312 0.098
4630.59611 19.160 0.086
4630.81187 19.183 0.103
4630.88143 19.157 0.093
4631.62166 19.160 0.078
4631.82032 19.313 0.083
4631.89574 19.058 0.094
4632.60380 19.574 0.144
4632.89043 19.145 0.125
4633.59779 19.262 0.107
4633.70874 19.179 0.078
4633.84216 19.782 0.177
4638.78225 19.140 0.100
4639.60591 19.116 0.089
4639.75095 19.102 0.105
4640.62401 19.055 0.093
4640.75593 19.265 0.095
4641.69959 19.359 0.117
4641.81165 19.132 0.117
4642.62203 19.318 0.096
4642.78426 19.713 0.191
4642.86331 19.146 0.123
4643.58127 19.322 0.106
4644.62978 19.381 0.133
4645.56015 19.168 0.110
4645.80786 18.993 0.085
4645.87342 19.272 0.140
4646.55517 19.672 0.129
4646.88090 19.257 0.137
4647.55150 19.431 0.126
4647.76768 19.811 0.184
4647.79189 19.706 0.203
4648.54858 19.324 0.122
4648.80246 19.701 0.191
4649.55883 19.203 0.099
4649.78519 19.153 0.090
4650.55996 19.089 0.098
4650.82308 19.282 0.125
4651.54340 19.596 0.161
4652.53487 19.549 0.158
4652.74906 19.487 0.135
4653.53046 19.089 0.122
4653.74970 19.215 0.110
4654.56956 19.222 0.104
4654.78417 19.135 0.103
4655.53033 19.196 0.104
4655.75491 19.095 0.079
4656.53228 19.637 0.138
4656.72214 19.572 0.125
4656.84150 18.949 0.108
4657.76069 19.753 0.186
4658.69089 19.096 0.121
4660.64318 19.666 0.156
4661.52036 19.476 0.136
4661.72104 19.657 0.174
4661.78807 19.038 0.099
4665.68800 19.426 0.153
4666.59330 19.124 0.093
4666.69431 19.781 0.210
4666.73651 19.226 0.134
4666.80885 19.070 0.156
4670.60536 19.340 0.122
4671.61349 19.076 0.073
4671.78559 19.040 0.123
4672.53931 19.745 0.129
4672.68953 19.428 0.095
4672.77470 19.093 0.103
4674.54514 19.045 0.127
4674.73537 19.116 0.104
4675.78294 19.351 0.149
4677.51872 19.484 0.127
4677.60342 19.049 0.092
4677.65918 19.142 0.124
4677.76835 18.993 0.102
4678.48413 19.174 0.113
4678.64064 19.168 0.089
4679.48480 18.908 0.109
4679.54950 19.212 0.125
4679.63278 19.200 0.121
4679.65750 18.976 0.101
4679.67315 18.928 0.105
4681.56745 19.171 0.093
4681.66010 19.961 0.198
4681.75041 19.018 0.089
4682.58468 19.137 0.099
4682.68843 19.917 0.164
4683.54976 19.583 0.169
4683.73833 19.922 0.217
4684.54233 19.481 0.120
4684.71372 19.266 0.101
4685.48495 19.018 0.111
4685.76243 18.932 0.097
4686.53105 19.108 0.100
4687.53441 18.996 0.085
4688.52771 20.015 0.192
4688.71742 19.808 0.199
4693.58675 19.213 0.128
4694.63652 18.940 0.125
4697.53116 19.086 0.100
4698.53658 19.379 0.094
4699.53475 19.971 0.183
4700.53923 19.478 0.141
4701.53527 19.062 0.102
4702.55071 19.001 0.091
4703.61812 18.998 0.098
4704.67349 19.225 0.107
4705.60177 19.277 0.131
4707.62997 19.998 0.179
4708.58185 19.064 0.091
4709.54596 19.269 0.148
4710.58670 19.337 0.126
4715.62098 19.172 0.143
4716.61859 19.176 0.148
4720.53890 19.875 0.215
4721.53662 19.582 0.195
4722.50240 19.159 0.129
4724.53915 19.161 0.127
4725.51788 19.745 0.199
4726.51487 19.312 0.163
4729.49940 19.216 0.122
4730.50080 20.230 0.247
4731.60776 18.979 0.104
4733.55623 19.076 0.099
4734.58558 19.182 0.123
4737.57423 20.021 0.253
4740.58704 18.954 0.118
4753.57805 19.971 0.333
4758.54384 19.482 0.159
4767.55153 19.409 0.220
4768.51755 19.319 0.206
4769.51218 19.177 0.166
4771.52061 19.059 0.162
4776.51177 19.204 0.195
4778.52336 20.101 0.373
4779.51926 20.001 0.289
4869.87966 19.380 0.183
4872.87198 19.635 0.231
4875.87389 19.197 0.103
4875.89369 19.061 0.144
4878.86777 19.768 0.170
4884.88439 19.419 0.132
4887.85679 19.703 0.137
4891.81307 19.638 0.213
4896.90403 19.053 0.103
4899.87786 19.821 0.176
4901.80138 19.200 0.107
4903.79709 19.638 0.150
4905.84534 19.044 0.091
4910.84336 19.299 0.128
4911.88034 19.136 0.073
4913.89382 19.022 0.072
4917.74042 19.665 0.141
4921.74186 19.659 0.165
4925.72865 19.075 0.080
4925.84498 19.638 0.130
4926.72177 19.354 0.142
4927.74482 19.801 0.190
4927.89948 19.251 0.123
4927.91374 19.436 0.144
4928.69979 19.223 0.126
4928.79326 19.840 0.197
4928.91291 19.257 0.104
4929.73990 19.069 0.104
4930.73189 19.163 0.108
4930.87975 19.503 0.143
4931.77607 19.254 0.109
4932.71015 19.630 0.142
4932.90930 19.442 0.142
4933.72604 19.329 0.139
4933.90374 18.957 0.097
4934.82468 19.604 0.145
4938.72559 19.546 0.145
4939.68643 19.112 0.101
4940.68641 19.248 0.106
4941.88153 19.498 0.141
4942.70290 19.645 0.144
4942.77484 19.192 0.080
4943.71528 19.560 0.108
4943.87211 19.241 0.105
4944.72672 19.197 0.079
4945.67451 19.134 0.090
4946.70195 19.496 0.118
4947.68529 19.738 0.131
4948.66496 19.253 0.106
4950.65573 19.118 0.088
4951.81939 19.532 0.147
4952.65918 19.602 0.135
4952.78857 19.113 0.079
4953.68875 19.794 0.159
4954.66751 19.096 0.086
4954.73360 19.461 0.130
4955.66822 18.998 0.095
4955.83658 19.280 0.103
