2130.50844 18.637 0.038
2133.52462 18.671 0.041
2136.64590 18.659 0.047
2141.63661 19.198 0.081
2144.71632 18.782 0.054
2170.61831 18.679 0.048
2179.51657 19.034 0.074
2189.51165 19.155 0.102
2212.53706 18.633 0.053
2337.82349 18.832 0.055
2349.84185 19.134 0.069
2357.83499 18.644 0.039
2365.90954 18.639 0.045
2373.78999 18.822 0.051
2384.83215 18.782 0.044
2388.83138 18.715 0.048
2390.86938 19.087 0.070
2393.86361 18.697 0.123
2400.81097 18.979 0.056
2402.91767 19.006 0.065
2406.86044 18.757 0.052
2411.71852 19.182 0.080
2415.89374 19.063 0.089
2417.85835 18.968 0.067
2425.89043 19.217 0.100
2428.87466 19.261 0.091
2432.90333 19.175 0.130
2434.79126 18.900 0.048
2436.83995 18.681 0.045
2438.82131 18.796 0.055
2441.77612 18.746 0.043
2445.69333 19.081 0.054
2448.72336 18.969 0.089
2454.73088 18.591 0.045
2460.72194 18.602 0.049
2463.60322 19.173 0.060
2466.57414 19.129 0.061
2468.75876 18.581 0.036
2470.74244 19.081 0.058
2472.77307 18.828 0.046
2481.62080 19.362 0.119
2484.68338 18.666 0.044
2486.77644 18.670 0.071
2491.50558 18.648 0.064
2493.70390 18.831 0.053
2496.54987 18.977 0.043
2498.58797 18.869 0.038
2500.61418 18.731 0.039
2502.63227 18.973 0.058
2516.49267 19.070 0.093
2517.53705 19.040 0.086
2520.64826 18.822 0.051
2529.51478 18.867 0.052
2538.56409 19.115 0.084
2542.55307 18.867 0.068
2548.51827 18.691 0.056
2552.55489 18.881 0.066
2557.51987 19.145 0.069
2561.51578 19.131 0.101
2568.55033 19.295 0.137
2575.55003 18.952 0.185
2584.53083 18.855 0.089
2708.86754 18.689 0.040
2719.87370 18.752 0.046
2734.83425 19.019 0.047
2747.75798 18.745 0.074
2754.76330 18.752 0.050
2757.83250 18.998 0.061
2763.78558 19.153 0.062
2767.87786 18.677 0.058
2775.78332 18.763 0.080
2783.87243 18.487 0.037
2788.61825 18.878 0.063
2790.76174 19.198 0.061
2793.69212 18.561 0.051
2795.65127 19.164 0.060
2797.66234 18.717 0.037
2811.70300 18.588 0.058
2812.83226 19.199 0.102
2813.87603 19.080 0.076
2815.85675 18.958 0.060
2817.75522 19.115 0.068
2830.68563 18.894 0.058
2835.69659 18.716 0.050
2837.70705 19.046 0.092
2839.76684 18.758 0.055
2841.77926 19.115 0.060
2843.71528 18.952 0.058
2845.70493 18.753 0.044
2850.59368 18.667 0.043
2854.60588 18.709 0.062
2857.51607 18.937 0.059
2865.61955 18.993 0.052
2868.61582 18.878 0.045
2871.69651 18.914 0.048
2876.69752 18.834 0.049
2879.66295 18.746 0.054
2893.57059 18.768 0.043
2894.68008 19.069 0.098
2900.50581 18.909 0.074
2905.64483 18.651 0.068
2911.56614 18.731 0.047
2918.60883 18.600 0.057
2923.60961 19.280 0.105
2931.56287 18.707 0.047
