2127.59338 18.663 0.054
2130.61473 18.640 0.035
2133.62710 18.759 0.050
2137.57859 18.704 0.035
2142.55911 18.793 0.039
2171.67390 18.585 0.044
2190.53158 18.739 0.037
2215.54103 18.476 0.065
2338.84464 19.023 0.055
2353.87632 18.621 0.040
2363.85288 18.742 0.047
2377.79817 18.686 0.043
2384.88097 19.020 0.046
2388.89936 18.672 0.034
2390.92317 19.034 0.051
2393.84066 18.487 0.046
2400.84301 18.846 0.038
2404.71653 18.842 0.038
2406.81959 18.737 0.040
2416.84026 18.905 0.047
2424.93336 18.638 0.072
2431.77712 19.092 0.050
2433.76722 18.735 0.039
2434.93794 18.675 0.060
2436.92471 18.715 0.059
2439.89244 18.588 0.043
2441.84361 18.690 0.041
2444.90280 18.655 0.057
2445.74844 18.701 0.038
2448.80254 18.789 0.084
2454.62766 18.666 0.040
2460.67000 18.707 0.040
2463.65860 18.655 0.029
2466.48679 18.736 0.047
2468.83316 18.614 0.049
2469.66424 18.703 0.029
2471.62624 18.739 0.032
2473.64046 18.716 0.036
2481.77946 18.658 0.051
2485.47715 18.604 0.054
2491.56764 18.604 0.043
2493.75776 18.766 0.049
2496.59916 18.872 0.032
2498.64248 18.670 0.028
2500.66414 18.742 0.032
2502.68261 18.895 0.051
2510.58037 18.739 0.043
2516.68564 18.785 0.066
2519.61692 18.721 0.036
2524.64480 18.721 0.045
2529.56553 18.689 0.041
2538.61478 18.748 0.050
2543.51355 18.993 0.047
2548.56883 18.661 0.045
2552.60477 19.066 0.068
2557.56837 18.997 0.055
2564.56901 18.597 0.053
2583.51760 18.928 0.075
2709.89343 18.836 0.040
2720.85474 18.788 0.046
2730.83406 18.861 0.037
2735.81702 18.832 0.039
2747.80650 18.778 0.056
2754.81527 18.701 0.037
2757.89896 18.906 0.064
2763.85836 18.774 0.042
2767.92794 18.654 0.067
2776.71356 19.110 0.090
2783.92791 18.706 0.037
2785.70220 18.758 0.043
2787.80321 18.686 0.044
2790.59729 18.836 0.038
2793.79071 18.999 0.050
2795.71185 19.010 0.053
2797.71510 18.696 0.033
2802.76187 18.585 0.059
2809.83594 18.696 0.040
2811.75525 18.759 0.048
2812.88020 18.767 0.043
2814.83226 18.816 0.046
2816.74015 18.702 0.040
2818.71715 18.680 0.041
2820.85072 18.921 0.050
2829.84506 18.864 0.069
2835.74721 18.784 0.043
2837.76105 18.529 0.057
2838.80238 18.821 0.064
2840.77393 18.752 0.050
2843.76725 18.794 0.046
2845.75272 18.784 0.041
2850.69909 18.725 0.037
2852.69679 18.715 0.044
2854.66740 18.795 0.049
2857.56417 18.806 0.045
2862.69057 18.827 0.066
2865.57983 18.760 0.043
2868.66377 18.719 0.042
2872.52616 18.778 0.040
2877.68965 18.786 0.045
2883.68559 18.987 0.053
2885.68131 18.612 0.060
2893.55198 18.650 0.043
2896.66601 18.873 0.052
2902.61506 18.646 0.050
2907.58906 18.657 0.047
2911.59659 18.829 0.045
2927.56588 18.935 0.058
3053.84785 18.659 0.037
