2125.61109 17.799 0.038
2129.68575 18.042 0.021
2132.62713 17.720 0.017
2136.53136 18.433 0.055
2141.54239 17.763 0.017
2144.63302 17.726 0.020
2160.60076 17.915 0.031
2187.59764 18.024 0.036
2206.56625 17.826 0.043
2347.82652 17.812 0.019
2357.85347 17.794 0.020
2372.84193 17.767 0.020
2383.80080 18.133 0.021
2386.88533 18.184 0.026
2391.85156 17.743 0.024
2397.74221 18.142 0.023
2401.82205 17.789 0.020
2403.89968 17.967 0.022
2405.88702 17.980 0.025
2415.88024 18.099 0.035
2424.81154 17.811 0.023
2428.84025 17.729 0.020
2434.72544 17.907 0.023
2436.78600 17.751 0.019
2438.74876 17.778 0.020
2441.72555 18.035 0.020
2445.62740 17.763 0.018
2448.63847 18.021 0.027
2455.68976 18.057 0.023
2459.60998 17.848 0.019
2463.54214 17.748 0.020
2466.69294 17.870 0.025
2468.63515 17.764 0.017
2470.64150 17.762 0.020
2472.67523 17.896 0.020
2481.55536 18.150 0.045
2484.62098 17.959 0.034
2486.71303 17.798 0.025
2490.67958 17.896 0.026
2493.64282 17.795 0.025
2495.71305 18.050 0.024
2498.50845 17.767 0.016
2500.54173 17.902 0.021
2502.56423 18.032 0.023
2508.66467 17.739 0.020
2512.61074 17.834 0.024
2517.60690 18.109 0.025
2520.57983 17.792 0.020
2526.66857 18.014 0.020
2538.49172 17.782 0.021
2547.58642 17.789 0.028
2552.49219 17.882 0.029
2556.57714 17.998 0.034
2563.58009 17.954 0.029
2575.52340 17.873 0.030
2707.86005 18.040 0.028
2714.89974 18.099 0.021
2729.82856 17.807 0.022
2733.91327 18.013 0.025
2744.91158 17.795 0.016
2753.88684 17.870 0.021
2757.78399 17.969 0.022
2760.89816 18.042 0.026
2767.78865 18.107 0.031
2770.82635 17.950 0.024
2783.72077 18.074 0.020
2785.82462 17.818 0.023
2786.81767 18.057 0.028
2790.67937 17.776 0.017
2796.82643 17.783 0.017
2797.92664 17.767 0.019
2809.71495 17.869 0.022
2810.88935 18.094 0.030
2812.71268 17.976 0.028
2813.80399 18.000 0.025
2814.74375 17.818 0.021
2816.60056 17.873 0.020
2818.58321 17.803 0.019
2820.78761 17.848 0.020
2826.75313 17.836 0.021
2835.63703 18.014 0.036
2837.63365 17.976 0.032
2839.70206 18.003 0.031
2841.71241 17.814 0.020
2843.63842 18.168 0.025
2845.65312 18.078 0.028
2850.52124 17.982 0.022
2852.53348 17.928 0.039
2854.53403 17.871 0.025
2856.72288 17.982 0.038
2858.68030 18.103 0.024
2859.60087 17.929 0.029
2863.56741 18.008 0.026
2865.66954 17.797 0.023
2867.71337 17.935 0.024
2871.65496 17.847 0.019
2876.61800 18.037 0.026
2878.66821 17.831 0.019
2884.65141 17.788 0.021
2892.68730 17.905 0.041
2895.66137 17.868 0.020
2904.59420 17.715 0.024
2909.62351 17.821 0.024
2918.54103 17.844 0.027
2930.56947 18.102 0.033
