2106.78026 19.359 0.118
2112.76960 19.553 0.116
2125.65790 19.379 0.182
2128.58569 19.348 0.096
2131.57905 19.298 0.096
2134.68273 19.202 0.128
2138.56286 19.429 0.149
2143.53162 19.137 0.140
2158.53081 19.656 0.130
2162.51615 19.416 0.150
2168.55094 19.697 0.180
2173.50896 19.325 0.165
2180.50755 19.321 0.107
2184.51226 19.383 0.134
2194.56713 19.140 0.105
2321.88481 19.549 0.193
2326.81791 19.556 0.184
2345.82746 19.520 0.102
2350.83153 19.839 0.123
2358.89620 19.337 0.114
2370.82443 19.315 0.120
2381.83168 19.280 0.083
2384.80455 19.269 0.103
2388.86237 19.285 0.101
2391.74839 19.111 0.143
2396.77989 19.284 0.183
2400.70787 19.238 0.113
2402.82485 19.267 0.089
2404.85471 19.656 0.118
2406.93870 19.160 0.163
2415.73554 19.309 0.117
2417.71237 19.419 0.118
2426.69357 19.464 0.107
2431.82123 19.233 0.108
2433.74839 19.317 0.119
2434.82149 19.322 0.101
2436.59600 19.292 0.117
2438.62637 19.440 0.123
2440.60787 19.356 0.108
2442.62486 19.450 0.120
2444.72124 19.454 0.129
2446.68969 19.580 0.121
2453.75290 19.436 0.130
2458.74592 19.259 0.098
2462.73469 19.327 0.087
2463.83533 19.648 0.136
2466.76525 19.091 0.087
2468.48053 19.437 0.147
2470.48356 19.068 0.116
2474.48983 19.213 0.157
2482.63434 19.352 0.122
2485.64437 19.121 0.116
2489.71497 19.174 0.081
2492.66039 19.315 0.107
2494.71403 19.254 0.102
2497.51661 19.203 0.096
2499.55258 19.527 0.123
2501.58020 19.356 0.101
2503.50542 19.406 0.342
2511.56052 19.544 0.234
2517.49740 19.610 0.209
2520.68654 19.571 0.142
2526.54079 19.409 0.123
2537.49089 19.287 0.158
2540.50685 19.402 0.161
2546.51732 19.286 0.129
2550.49868 19.060 0.138
2554.57053 19.490 0.136
2558.50709 19.529 0.193
2565.50776 18.875 0.109
2698.90196 19.230 0.137
2711.88495 19.330 0.098
2721.90666 19.377 0.215
2730.90549 19.289 0.094
2743.78198 19.523 0.112
2748.80063 19.253 0.118
2755.79071 19.617 0.117
2759.78575 19.265 0.102
2765.79887 19.464 0.112
2769.78350 19.181 0.077
2782.72177 19.262 0.112
2784.71460 19.346 0.079
2786.60118 19.285 0.159
2788.71353 19.039 0.067
2790.82740 19.184 0.086
2792.58823 19.182 0.147
2794.62164 19.640 0.155
2796.57636 19.702 0.137
2802.59511 19.692 0.198
2808.64272 19.300 0.115
2810.58105 19.248 0.107
2812.58263 19.291 0.101
2813.82645 19.299 0.100
2815.60495 19.423 0.118
2816.67066 19.361 0.093
2817.78513 19.403 0.140
2818.68034 19.381 0.096
2819.77424 19.277 0.106
2821.67230 19.346 0.113
2826.66316 19.199 0.101
2830.79342 19.173 0.194
2835.49040 19.303 0.160
2837.50936 19.379 0.186
2838.73973 19.414 0.115
2840.51051 19.362 0.132
2842.56842 19.064 0.100
2844.62320 19.698 0.129
2848.56270 19.180 0.141
2851.54910 19.328 0.110
2853.55286 19.296 0.102
2854.74845 19.093 0.105
2857.73549 19.390 0.115
2862.51672 19.417 0.196
2864.51866 19.099 0.136
2867.66791 19.170 0.111
2868.52989 19.132 0.086
2871.49582 19.399 0.112
2875.64878 19.370 0.139
2877.66586 19.490 0.122
2882.55573 19.063 0.121
2889.54259 19.095 0.142
2894.59000 19.632 0.180
2898.64573 19.743 0.218
2903.54844 19.094 0.086
2908.60658 19.029 0.122
2912.55237 19.190 0.103
2926.57593 19.601 0.181
3043.87523 19.339 0.129
3044.87000 20.102 0.294
3055.88602 19.356 0.108
3059.81597 19.333 0.117
3064.83281 19.467 0.164
3068.78667 19.436 0.203
3070.86530 19.395 0.156
3073.82135 19.620 0.135
3075.85943 19.065 0.088
3079.90434 19.253 0.121
3082.88557 19.372 0.091
3085.82195 19.585 0.138
3086.89434 19.497 0.121
3088.80950 19.417 0.088
3089.91548 19.340 0.135
3096.88286 19.220 0.131
3098.90274 19.490 0.087
3099.91610 19.412 0.148
3101.75480 19.521 0.163
3103.78771 19.252 0.099
3104.84635 19.321 0.335
3106.85964 19.481 0.146
3108.77966 19.538 0.102
3109.83912 19.401 0.097
3110.84546 19.424 0.108
3112.83076 19.262 0.099
3114.79535 19.690 0.125
3116.88329 19.214 0.095
3122.92134 19.546 0.150
3125.88189 19.223 0.130
3127.82515 19.202 0.102
3128.83128 19.378 0.108
3130.71248 19.653 0.163
3131.67900 19.308 0.162
3135.91059 19.259 0.108
3138.66487 19.499 0.130
3139.89006 19.657 0.135
3140.88966 19.369 0.115
3142.77864 19.258 0.091
3144.79876 19.490 0.116
3146.82623 19.319 0.121
3151.76159 19.479 0.136
3151.91758 19.416 0.123
3152.76653 19.423 0.129
3153.76987 19.189 0.105
3154.83416 19.128 0.125
3156.87494 19.519 0.125
3162.57922 19.304 0.163
3163.76575 19.469 0.125
3164.74802 19.316 0.102
3164.88104 18.944 0.110
3165.72158 19.356 0.085
3167.60789 19.390 0.131
3168.86976 19.824 0.153
3169.73774 19.454 0.121
3170.82267 19.375 0.092
3171.79398 19.196 0.071
3172.76493 19.535 0.115
3173.86293 19.092 0.116
3174.72171 19.182 0.075
3175.73046 19.449 0.100
3177.77093 19.037 0.124
3179.50589 19.222 0.092
3179.89497 19.057 0.098
3180.73278 19.277 0.070
3182.79740 19.702 0.154
3183.77539 19.268 0.110
3184.71341 19.256 0.089
3184.76006 19.350 0.102
3184.79864 19.343 0.119
3184.82752 19.129 0.091
3184.85443 19.086 0.118
3184.88730 19.094 0.147
3185.49917 19.244 0.129
3185.71694 19.325 0.106
3185.76292 19.238 0.100
3185.85495 19.322 0.108
3191.80364 19.425 0.131
3193.54834 19.307 0.091
3194.55997 19.151 0.126
3195.69152 19.737 0.119
3195.81209 19.172 0.083
3196.61297 19.632 0.154
3197.53588 19.258 0.096
3197.84117 19.515 0.161
3199.63487 19.208 0.089
3202.52917 19.210 0.085
3202.81893 19.333 0.130
3203.67074 19.474 0.096
3204.66518 19.238 0.080
3205.52409 19.175 0.075
3206.72941 19.106 0.080
3209.64937 19.592 0.105
3210.64947 19.255 0.095
3211.61839 19.399 0.121
3217.48513 19.269 0.126
3217.66410 18.962 0.096
3218.66239 19.327 0.142
3219.61860 19.068 0.113
3223.66360 19.076 0.108
3224.70895 19.190 0.093
3226.63327 19.531 0.139
3228.61288 19.461 0.113
3229.64536 19.390 0.103
3230.67889 19.522 0.124
3231.58290 19.251 0.089
3232.61936 19.268 0.129
3238.63117 19.519 0.151
3239.71021 19.572 0.162
3240.48332 19.177 0.093
3241.66605 19.351 0.145
3245.56718 19.131 0.139
3246.67289 19.184 0.134
3247.59206 19.263 0.112
3249.53956 19.639 0.146
3250.67051 19.193 0.114
3253.63600 19.567 0.174
3256.64974 19.424 0.157
3260.55949 19.195 0.132
3265.48997 19.319 0.154
3267.54360 19.094 0.094
3272.59908 19.056 0.107
3275.49567 19.246 0.146
3278.61148 19.261 0.128
3282.49100 18.998 0.080
3288.55734 19.216 0.107
3293.52795 19.352 0.078
3294.56094 19.460 0.114
3295.53828 19.338 0.069
3300.52174 19.084 0.120
3315.51054 19.196 0.171
3416.89546 19.458 0.149
3422.88331 19.434 0.109
3426.87434 19.473 0.113
3429.85943 19.441 0.129
3432.89972 19.544 0.121
3442.90225 19.437 0.101
3445.81525 19.381 0.078
3447.86557 19.144 0.091
3449.88243 19.297 0.089
3452.89960 19.431 0.084
3453.77148 19.413 0.141
3455.84209 19.246 0.121
3456.85319 19.249 0.076
3457.77087 19.718 0.155
3458.81444 19.374 0.101
3459.78901 19.232 0.106
3467.89179 19.313 0.087
3469.80146 19.807 0.117
3470.84155 19.636 0.093
3472.77280 19.450 0.092
3473.86777 19.619 0.160
3474.83904 19.219 0.084
3477.77678 19.531 0.117
3478.89107 19.128 0.082
3480.84305 19.287 0.090
3481.84292 19.419 0.074
3483.78735 19.297 0.087
3496.74120 19.258 0.098
3497.80892 19.288 0.110
3498.93016 19.302 0.094
3499.73764 19.169 0.073
3500.74223 19.342 0.089
3501.83297 19.337 0.082
3502.68854 19.281 0.077
3503.70139 19.665 0.110
3504.71573 19.214 0.087
3506.80114 19.097 0.101
3508.79757 19.415 0.107
3509.70100 19.537 0.128
3511.68771 19.396 0.097
3512.75087 19.423 0.113
3517.79705 19.376 0.102
3520.83232 19.942 0.201
3521.65147 19.228 0.072
3522.76099 19.625 0.119
3523.79633 19.474 0.090
3524.78020 19.187 0.103
3525.76369 19.562 0.111
3526.84903 19.421 0.095
3528.56765 19.176 0.100
3529.78850 19.367 0.083
3530.76880 19.328 0.077
3537.76089 19.243 0.088
3538.69040 19.630 0.104
3539.83142 19.547 0.097
3540.66433 19.482 0.105
3544.73854 19.588 0.153
3546.86242 19.223 0.146
3547.82271 19.751 0.206
3549.78733 19.721 0.133
3550.64914 19.662 0.106
3551.65204 19.189 0.056
3552.68593 19.328 0.088
3553.68867 19.458 0.128
3554.67719 19.168 0.108
3555.70736 19.307 0.103
3555.72351 19.181 0.088
3556.73561 19.371 0.127
3558.57146 19.320 0.094
3558.84875 19.235 0.094
3559.66729 19.390 0.113
3560.62046 19.395 0.080
3561.56019 19.250 0.088
3561.82730 19.541 0.139
3562.60486 19.367 0.118
3562.82770 19.375 0.103
3563.65430 19.159 0.072
3564.54793 19.220 0.101
3569.60663 19.725 0.174
3573.67263 19.320 0.118
3573.70218 19.238 0.103
3574.70317 19.580 0.128
3575.64209 19.319 0.083
3575.78723 19.468 0.134
3576.70452 19.264 0.087
3577.75279 19.205 0.089
3578.68948 19.135 0.068
3579.63480 19.566 0.102
3580.67137 19.579 0.119
3581.68776 19.340 0.086
3582.61353 19.588 0.097
3583.65005 19.469 0.103
3584.65881 19.093 0.071
3584.77394 19.305 0.113
3585.65695 19.719 0.102
3586.68131 19.367 0.075
3588.73942 19.539 0.106
3589.70078 19.372 0.081
3590.69683 19.266 0.088
3592.65329 19.317 0.061
3597.62282 19.575 0.154
3601.67319 19.175 0.092
3602.65675 19.163 0.092
3603.65350 19.620 0.129
3607.65196 19.143 0.087
3608.66789 19.303 0.095
3609.52955 19.549 0.111
3615.59521 19.280 0.083
3618.59874 19.021 0.072
3620.56204 19.285 0.079
3628.56407 19.617 0.171
3630.57805 19.233 0.117
3632.60555 19.225 0.133
3634.50892 19.450 0.106
3639.51472 19.518 0.091
3641.56143 18.764 0.092
3644.52628 19.452 0.104
3648.55482 19.748 0.198
3649.50690 19.486 0.134
3651.56777 19.021 0.133
3655.53292 19.026 0.080
3657.52610 19.559 0.143
3659.52789 19.197 0.143
3662.53247 18.850 0.099
3665.48986 18.916 0.121
3671.50583 19.284 0.164
3777.83750 19.525 0.177
3782.87352 19.460 0.101
3784.89381 19.977 0.225
3785.83515 19.169 0.105
3788.87718 19.181 0.094
3791.88740 19.365 0.126
3794.86486 19.332 0.087
3796.85362 19.671 0.129
3797.85652 19.327 0.081
3798.90445 19.274 0.116
3801.82809 19.678 0.134
3803.81708 19.367 0.095
3804.86434 19.407 0.097
3805.90487 19.342 0.103
3807.89317 19.394 0.088
3809.80757 19.471 0.100
3811.88611 19.726 0.138
3813.76642 19.176 0.102
3817.90556 19.559 0.130
3819.76704 19.373 0.079
3820.87121 19.476 0.097
3821.88121 19.267 0.088
3822.78026 19.281 0.100
3823.89321 19.646 0.112
3824.88606 19.302 0.101
3826.89057 19.648 0.131
3828.89292 19.287 0.085
3829.87963 19.299 0.090
3832.88282 19.236 0.085
3833.85747 19.339 0.083
3834.89872 19.237 0.081
3835.84214 19.312 0.084
3836.85457 19.366 0.088
3837.83720 19.584 0.138
3838.84110 19.328 0.104
3839.85318 19.275 0.129
3840.84437 19.557 0.118
3841.82320 19.077 0.077
3845.82872 19.396 0.121
3846.83612 19.351 0.086
3848.85165 19.523 0.121
3849.86494 19.452 0.088
3850.80096 19.192 0.091
3851.80734 19.544 0.137
3852.79581 19.246 0.088
3853.78852 19.458 0.079
3856.77734 19.357 0.099
3858.84117 19.575 0.132
3860.83196 19.190 0.122
3861.84633 19.433 0.094
3862.79030 19.358 0.091
3863.73059 19.324 0.084
3864.79114 19.410 0.080
3865.75548 19.724 0.152
3866.78399 19.423 0.089
3867.72082 19.591 0.137
3868.78755 19.423 0.121
3869.77390 19.314 0.119
3873.77474 19.273 0.083
3874.81889 19.400 0.113
3875.73381 19.479 0.083
3877.76338 19.789 0.119
3880.76061 19.518 0.112
3881.76883 19.249 0.071
3882.70684 19.753 0.140
3883.58944 20.057 0.297
3883.59628 19.682 0.181
3883.60536 19.956 0.210
3883.62891 19.362 0.122
3883.69082 19.300 0.079
3883.74834 19.511 0.096
3883.75729 19.472 0.093
3883.79975 19.530 0.126
3883.82597 19.352 0.093
3883.83568 19.104 0.070
3883.84694 19.042 0.066
3883.86625 19.291 0.075
3883.87357 19.221 0.081
3883.87939 19.545 0.120
3883.88506 19.226 0.080
3883.89102 19.251 0.088
3883.89660 19.456 0.091
3883.90232 19.203 0.077
3883.90820 19.318 0.094
3883.91384 19.235 0.092
3883.91943 19.585 0.108
3883.92503 19.510 0.124
3883.93084 19.258 0.098
3883.93363 19.260 0.094
3883.93643 19.701 0.143
3883.93922 19.452 0.109
3883.94200 19.724 0.154
3883.94477 19.522 0.147
3883.94787 19.462 0.178
3884.73281 19.352 0.075
3884.74157 19.510 0.107
3884.74456 19.314 0.091
3884.74763 19.302 0.082
3884.75070 19.904 0.132
3884.75830 19.462 0.080
3884.76477 19.085 0.063
3884.76791 19.069 0.061
3884.77974 19.311 0.078
3886.56103 19.367 0.127
3886.57950 19.477 0.129
3886.59682 19.369 0.101
3886.62317 19.450 0.103
3886.63765 19.502 0.107
3886.66694 19.271 0.077
3886.69329 19.305 0.074
3886.71920 19.266 0.083
3886.73990 19.319 0.095
3886.76296 19.603 0.115
3886.78968 19.519 0.101
3886.83882 19.403 0.090
3886.91068 19.309 0.098
3886.93677 19.117 0.091
3887.56678 19.180 0.103
3887.64214 19.704 0.118
3887.70219 19.462 0.083
3887.74260 19.092 0.074
3887.76892 19.258 0.083
3887.82178 19.783 0.155
3887.87251 19.240 0.096
3888.58208 19.412 0.121
3888.90270 19.941 0.164
3888.91571 19.433 0.128
3888.92264 19.508 0.134
3889.62948 19.319 0.117
3889.86372 19.292 0.083
3890.56329 19.228 0.117
3891.58945 19.159 0.101
3892.86707 18.911 0.077
3893.74900 19.174 0.113
3894.78876 19.226 0.109
3896.74014 19.373 0.132
3900.63988 19.299 0.163
3901.65177 19.366 0.114
3902.66959 19.443 0.108
3903.79892 19.008 0.090
3904.64932 19.422 0.093
3905.65630 19.842 0.120
3906.63794 19.206 0.079
3907.70330 19.426 0.142
3908.63752 19.454 0.084
3909.64190 19.273 0.073
3912.64224 19.292 0.066
3913.63981 19.529 0.086
3914.67301 19.494 0.100
3915.63673 19.212 0.080
3916.71839 19.150 0.092
3917.73123 19.388 0.101
3918.73558 19.873 0.179
3919.66542 19.253 0.129
3920.61758 19.260 0.080
3921.63105 19.110 0.109
3930.69324 19.430 0.112
3931.61243 19.503 0.126
3931.80089 19.538 0.183
3932.63987 19.343 0.076
3933.61957 19.466 0.077
3934.59018 19.344 0.083
3935.66742 19.157 0.089
3936.61901 19.417 0.102
3936.80731 19.294 0.132
3937.73578 19.243 0.118
3937.74464 19.008 0.091
3937.77814 19.121 0.114
3938.46599 19.330 0.189
3938.49189 19.142 0.106
3938.59663 19.550 0.125
3938.64567 19.225 0.101
3938.71642 19.254 0.109
3939.52472 19.286 0.092
3940.57106 19.206 0.083
3940.64398 19.886 0.134
3940.74129 19.138 0.060
3940.80557 19.640 0.123
3941.65519 19.025 0.102
3942.51790 19.333 0.136
3944.49833 19.202 0.085
3944.60548 19.145 0.083
3944.68165 19.527 0.101
3944.77182 19.035 0.088
3945.46656 19.169 0.128
3945.55084 19.499 0.118
3945.63013 19.261 0.097
3945.73556 19.266 0.114
3945.79709 19.580 0.165
3946.47008 19.026 0.114
3946.62374 19.738 0.145
3946.78840 19.318 0.121
3946.79701 19.493 0.127
3950.47333 19.192 0.105
3950.64024 19.236 0.084
3950.77888 19.244 0.100
3951.65657 19.208 0.106
3957.63513 19.631 0.170
3958.68345 19.509 0.142
3959.61371 19.203 0.092
3960.60693 19.565 0.090
3963.57498 19.530 0.104
3964.63821 19.498 0.099
3965.62002 19.182 0.069
3966.61487 19.676 0.113
3967.64128 19.594 0.122
3968.59746 19.447 0.119
3969.60508 19.502 0.101
3970.57501 19.214 0.095
3970.61797 19.211 0.090
3970.70484 19.365 0.092
3971.64798 19.065 0.087
3973.67755 19.786 0.158
3974.61222 19.265 0.084
3975.60760 19.647 0.116
3976.60159 19.031 0.074
3979.62995 19.147 0.192
3982.65884 19.628 0.169
3987.59787 19.523 0.109
3988.63112 19.348 0.078
3990.59899 19.219 0.097
3994.54892 19.419 0.147
3996.52469 19.282 0.132
4000.61029 19.082 0.118
4002.60422 19.600 0.118
4003.55869 19.389 0.081
4005.65452 19.526 0.146
4011.53753 19.330 0.127
4015.56685 19.088 0.121
4017.54457 18.982 0.079
4019.54624 19.098 0.099
4021.54903 19.250 0.131
4024.57851 18.974 0.091
4027.49473 19.096 0.115
4029.53272 19.072 0.103
4150.86671 19.305 0.112
4155.83901 19.176 0.103
4157.89420 19.982 0.196
4159.90431 19.288 0.128
4162.85154 19.354 0.143
4164.89141 19.262 0.095
4166.90739 19.499 0.193
4167.81898 19.219 0.120
4167.84437 19.174 0.103
4167.86879 19.225 0.106
4167.89040 19.355 0.114
4167.91042 19.321 0.137
4168.79385 19.488 0.156
4168.80382 19.415 0.131
4168.83087 19.880 0.214
4168.85320 19.685 0.167
4168.86861 19.539 0.135
4168.88867 19.370 0.112
4168.90996 19.419 0.157
4169.78995 19.488 0.152
4169.81094 19.481 0.137
4169.82608 19.157 0.100
4169.84061 19.387 0.111
4169.86782 19.582 0.122
4169.89378 19.655 0.127
4170.79032 19.550 0.266
4170.81946 19.403 0.128
4170.84674 19.120 0.101
4170.88450 19.262 0.110
4174.78368 19.282 0.128
4174.82640 19.693 0.162
4174.84065 19.640 0.152
4174.89624 19.299 0.105
4174.90847 19.137 0.091
4175.86041 19.536 0.150
4176.82234 19.388 0.105
4176.89274 19.302 0.097
4177.87602 19.330 0.112
4179.77380 19.752 0.160
4180.82053 19.463 0.138
4181.90869 19.626 0.117
4183.78767 19.195 0.089
4184.75631 19.562 0.136
4184.85573 19.342 0.082
4185.83510 19.304 0.113
4190.85346 19.255 0.114
4192.86576 19.659 0.141
4193.87673 19.330 0.112
4194.89830 19.258 0.090
4196.91862 19.616 0.139
4202.86806 19.353 0.091
4203.85621 19.321 0.080
4204.85536 19.493 0.101
4205.85190 19.295 0.083
4207.85552 19.548 0.093
4208.88517 19.223 0.086
4212.93324 19.290 0.166
4213.85325 19.523 0.103
4215.89081 19.134 0.092
4216.81166 19.454 0.114
4217.83396 19.170 0.065
4218.87472 19.215 0.094
4219.91573 19.389 0.156
4220.85314 19.183 0.103
4222.82249 19.366 0.100
4228.81046 19.212 0.132
4229.78929 19.455 0.134
4230.77626 19.263 0.076
4231.79836 19.205 0.082
4232.80659 19.355 0.159
4234.75080 19.466 0.121
4235.77564 19.457 0.101
4237.76399 18.906 0.102
4238.79872 19.448 0.135
4239.85857 19.262 0.160
4243.69322 19.490 0.125
4244.85505 19.155 0.097
4245.84828 19.525 0.115
4246.90304 19.417 0.123
4250.86887 19.274 0.153
4256.71392 19.430 0.160
4258.71146 19.494 0.121
4268.61493 19.733 0.191
4269.65505 19.404 0.103
4272.70567 19.386 0.108
4273.66574 19.289 0.097
4274.64946 19.328 0.111
4275.70633 19.596 0.137
4277.60540 19.576 0.144
4278.67968 19.522 0.148
4283.62502 19.602 0.148
4284.60890 19.292 0.117
4285.61564 19.160 0.118
4286.70454 19.284 0.111
4289.65419 19.361 0.129
4290.68358 19.402 0.158
4290.70555 19.276 0.125
4291.73318 19.609 0.134
4292.59423 19.321 0.094
4293.62172 19.283 0.080
4294.59347 19.413 0.116
4295.62284 19.463 0.101
4296.60229 19.399 0.087
4297.59607 19.527 0.096
4298.70561 19.281 0.099
4299.67259 19.420 0.092
4300.79742 19.356 0.122
4301.47492 19.559 0.149
4302.75402 19.164 0.093
4307.58533 19.369 0.099
4310.73879 19.177 0.181
4312.63484 18.501 0.052
4315.66871 19.097 0.132
4319.62996 19.829 0.176
4320.73136 19.333 0.139
4326.64091 19.189 0.096
4327.66857 19.266 0.139
4328.60962 19.290 0.097
4328.74201 18.985 0.109
4329.60105 19.263 0.119
4330.58313 19.521 0.120
4331.60960 19.302 0.109
4332.60698 19.306 0.101
4333.61005 19.611 0.161
4334.60430 19.137 0.161
4338.64423 19.260 0.123
4339.61325 19.434 0.185
4340.52482 19.216 0.157
4341.61165 19.034 0.112
4342.64789 19.233 0.113
4343.62724 19.239 0.092
4344.67669 19.137 0.103
4345.62705 19.259 0.124
4346.63236 19.188 0.108
4347.64637 19.167 0.090
4349.61817 19.263 0.089
4351.61683 19.417 0.149
4353.63997 19.105 0.143
4357.62826 19.349 0.129
4359.59941 19.406 0.158
4367.59850 19.188 0.146
4370.59750 19.175 0.101
4372.56950 19.027 0.087
4380.57926 19.473 0.123
4515.87471 19.451 0.162
4519.84627 19.119 0.129
4520.83843 19.411 0.164
4522.90202 19.345 0.156
4524.88812 19.555 0.136
4530.87763 19.642 0.116
4534.81929 19.556 0.184
4536.82398 19.756 0.199
4537.91170 19.439 0.153
4538.84238 19.416 0.117
4540.87224 19.206 0.091
4542.89857 19.822 0.153
4543.86001 19.271 0.082
4544.85680 19.419 0.100
4545.87435 19.155 0.096
4546.90529 19.384 0.101
4550.84812 19.583 0.152
4551.90591 19.454 0.123
4552.90288 19.495 0.170
4556.86719 19.379 0.108
4557.89322 19.690 0.115
4558.82831 19.335 0.090
4559.85748 19.479 0.098
4560.85793 19.358 0.078
4561.84681 19.214 0.074
4564.85097 19.415 0.089
4565.83988 19.719 0.101
4566.84194 19.229 0.079
4567.84623 19.292 0.080
4568.87623 19.201 0.091
4569.86213 19.337 0.094
4570.86745 19.344 0.096
4571.83292 19.614 0.125
4572.87071 19.532 0.187
4573.84647 19.254 0.074
4574.84863 19.452 0.129
4575.86031 19.352 0.099
4579.91262 19.183 0.101
4583.82492 19.355 0.129
4586.81292 19.136 0.117
4587.85069 19.216 0.097
4588.73900 19.245 0.091
4589.77276 19.121 0.094
4590.78715 19.246 0.096
4591.76439 19.364 0.097
4592.77653 19.401 0.114
4593.76196 19.682 0.159
4594.79028 19.556 0.114
4595.78081 19.071 0.079
4596.80134 19.199 0.095
4597.79858 19.476 0.112
4598.76791 19.367 0.080
4599.74737 19.510 0.113
4600.75294 19.356 0.078
4601.75755 19.432 0.087
4602.75510 19.576 0.102
4606.77581 19.252 0.081
4610.87800 19.603 0.123
4611.73919 19.429 0.107
4611.92575 19.399 0.128
4616.72800 19.579 0.106
4617.89594 19.284 0.140
4622.70780 19.583 0.175
4623.78761 19.614 0.157
4624.72643 19.282 0.099
4625.70776 19.561 0.160
4626.75504 18.992 0.111
4627.68705 19.541 0.095
4628.67725 19.465 0.099
4629.74294 19.383 0.088
4630.68276 19.562 0.116
4631.70107 19.420 0.082
4632.71568 19.348 0.092
4633.86362 19.283 0.132
4639.80414 19.520 0.186
4640.77967 19.407 0.114
4641.86490 19.117 0.129
4642.70257 19.274 0.091
4643.66866 19.104 0.088
4644.75175 19.301 0.100
4645.67048 19.618 0.129
4646.63815 19.155 0.064
4647.64915 19.431 0.100
4648.65043 19.245 0.085
4648.75987 19.317 0.098
4649.64348 19.277 0.090
4650.67491 19.369 0.104
4651.68577 19.877 0.156
4652.61465 19.353 0.101
4652.67789 19.076 0.082
4652.75871 19.361 0.104
4652.78212 19.286 0.098
4652.81059 19.380 0.115
4653.60852 19.615 0.157
4654.64770 19.346 0.101
4655.61195 19.266 0.088
4656.61512 19.645 0.131
4658.77240 19.617 0.171
4660.72205 19.210 0.129
4661.60456 19.447 0.095
4666.53730 19.739 0.184
4671.66119 19.590 0.121
4672.62070 19.267 0.082
4674.64882 19.478 0.136
4677.67352 19.494 0.157
4681.67682 19.389 0.107
4682.63252 19.270 0.101
4683.63039 19.307 0.116
4684.64893 19.158 0.093
4685.67505 19.299 0.090
4686.74757 19.172 0.098
4687.66308 19.288 0.107
4688.60926 19.393 0.102
4694.69330 19.254 0.136
4697.61456 19.651 0.187
4698.63615 19.537 0.133
4700.63135 19.429 0.142
4701.61428 19.282 0.101
4702.62907 19.345 0.116
4704.69029 19.243 0.115
4708.65070 19.237 0.102
4710.66864 19.228 0.119
4720.58179 19.632 0.167
4721.61639 19.713 0.248
4724.63407 19.337 0.149
4725.65004 19.172 0.173
4726.61028 19.112 0.135
4733.57448 19.105 0.123
4738.53458 19.278 0.128
4741.61665 19.270 0.105
4755.55573 19.049 0.133
4763.49669 19.245 0.160
4876.87098 19.588 0.158
4883.85675 19.264 0.122
4885.89699 19.440 0.145
4888.85125 19.608 0.143
4892.84531 19.338 0.130
4898.81559 19.220 0.116
4901.81844 19.214 0.098
4902.90731 19.296 0.098
4903.86580 19.553 0.121
4905.86221 19.648 0.192
4912.84701 19.274 0.075
4914.89306 19.147 0.081
4924.74311 19.727 0.136
4925.86083 19.421 0.104
4928.75107 19.650 0.142
4930.79514 19.269 0.111
4931.83961 19.207 0.100
4932.84811 19.605 0.132
4933.84303 19.209 0.093
4934.89883 19.056 0.131
4938.82292 19.311 0.146
4940.76441 19.651 0.132
4941.80016 19.475 0.121
4942.74322 19.546 0.105
4944.74556 19.300 0.092
4945.79864 19.295 0.077
4950.85842 19.671 0.126
4952.85194 19.161 0.076
4953.83780 19.306 0.115
4954.80745 19.341 0.093
4955.79884 19.392 0.119
