2125.50092 14.984 0.006
2129.58652 15.038 0.005
2132.53131 15.083 0.005
2135.65950 15.029 0.004
2140.62675 14.980 0.005
2143.73165 15.003 0.005
2158.55869 15.063 0.004
2167.51410 14.971 0.005
2172.52974 15.027 0.005
2185.55804 15.064 0.005
2329.89129 14.974 0.005
2346.88373 15.006 0.005
2352.83807 14.971 0.005
2361.83241 15.016 0.005
2371.89310 15.009 0.005
2381.91172 14.971 0.005
2385.92164 14.991 0.005
2391.82618 15.017 0.005
2397.88187 15.014 0.005
2401.73881 15.004 0.005
2403.79754 14.968 0.005
2405.76202 14.961 0.005
2415.83255 15.008 0.005
2424.71128 14.990 0.005
2428.67482 15.001 0.005
2432.73822 14.978 0.006
2434.60263 14.972 0.005
2436.69345 14.965 0.005
2438.67157 14.971 0.005
2440.66421 14.990 0.005
2444.79704 15.014 0.005
2446.79663 15.030 0.005
2453.77082 14.975 0.005
2456.53247 14.987 0.005
2458.64666 14.973 0.005
2462.60082 14.969 0.005
2464.66989 14.961 0.005
2467.57649 14.977 0.005
2469.56376 14.998 0.005
2471.69879 15.005 0.005
2473.55178 15.015 0.005
2483.63245 15.015 0.005
2486.61558 14.977 0.005
2490.58259 14.974 0.005
2493.54075 14.978 0.005
2495.61691 14.995 0.005
2497.67136 15.014 0.005
2499.71926 15.014 0.005
2501.73710 15.026 0.005
2508.55407 14.978 0.005
2510.52840 15.000 0.005
2511.49242 14.989 0.005
2512.50422 14.979 0.005
2512.51356 14.980 0.005
2518.66023 14.959 0.005
2521.66674 14.980 0.005
2524.50681 15.033 0.005
2529.62995 15.011 0.005
2537.57397 14.998 0.005
2541.54222 14.980 0.005
2546.60731 14.969 0.004
2551.51959 15.030 0.005
2555.61607 15.029 0.005
2562.56976 14.969 0.005
2704.91014 14.971 0.004
2713.89202 15.030 0.004
2728.83359 15.017 0.005
2733.80641 14.965 0.005
2744.78921 14.986 0.005
2752.85357 15.032 0.005
2756.83294 14.991 0.005
2760.79815 14.975 0.005
2766.83029 15.046 0.005
2770.71221 14.981 0.005
2783.81957 14.991 0.005
2786.79682 14.967 0.005
2790.71088 15.006 0.005
2795.61906 15.006 0.004
2797.60717 14.962 0.004
2802.81429 14.954 0.007
2808.84114 15.006 0.006
2810.76556 14.976 0.005
2811.81829 14.982 0.005
2813.61469 14.975 0.005
2815.73545 14.979 0.005
2817.68906 15.007 0.005
2818.75159 15.019 0.005
2820.62002 15.033 0.005
2821.64826 15.016 0.005
2826.61401 14.958 0.005
2830.71675 14.982 0.006
2835.61335 15.025 0.006
2837.52710 14.995 0.006
2839.56058 14.982 0.005
2840.72529 14.965 0.005
2843.50360 14.964 0.004
2844.78142 15.004 0.005
2849.69244 14.994 0.005
2851.71355 14.962 0.005
2853.71540 14.961 0.005
2856.59965 14.968 0.005
2858.56579 15.002 0.005
2863.63939 14.992 0.005
2866.72816 14.968 0.005
2869.62173 14.982 0.005
2872.64294 15.004 0.005
2877.58263 14.981 0.005
2892.53548 14.963 0.005
2895.68583 14.995 0.005
2900.54733 15.022 0.005
2905.60126 14.963 0.005
2911.51712 15.016 0.005
2916.58551 14.989 0.005
2929.54581 14.982 0.005
3050.85969 14.992 0.005
3060.82997 14.968 0.005
3066.82755 14.944 0.004
3068.88504 14.958 0.004
3072.80422 14.991 0.005
3076.78679 15.024 0.005
3077.89360 14.971 0.006
3081.85022 14.979 0.004
3084.81663 14.967 0.004
3086.87999 14.980 0.004
3088.86846 14.973 0.004
3090.78085 14.980 0.004
3097.89261 14.986 0.004
3099.80815 14.993 0.005
3101.88535 14.993 0.005
3103.84339 15.023 0.005
3104.82951 14.994 0.006
3107.83404 14.973 0.005
3108.91839 14.984 0.004
3114.87763 14.969 0.004
3116.78363 14.991 0.004
3124.86125 14.974 0.005
3126.74219 14.995 0.004
3128.62104 15.004 0.005
3130.81072 15.025 0.005
3131.75749 14.996 0.005
3135.76671 14.968 0.004
3138.77518 14.955 0.004
3140.74359 14.971 0.005
3141.80646 14.960 0.006
3142.87957 14.937 0.004
3144.90141 14.988 0.005
3147.73436 14.959 0.005
3151.87358 14.992 0.004
3152.87082 14.993 0.005
3153.87818 15.004 0.005
3156.93023 15.037 0.005
3158.93089 14.979 0.005
3162.88747 14.971 0.005
3163.88465 14.954 0.005
3164.86213 14.957 0.004
3165.64419 14.958 0.004
3167.72656 14.964 0.005
3168.80034 14.967 0.004
3169.78271 14.975 0.005
3170.92996 14.993 0.004
3171.58807 14.988 0.004
3173.76862 14.960 0.004
3174.82448 14.965 0.004
3175.88773 14.968 0.004
3178.53392 14.996 0.005
3179.83599 14.985 0.005
3180.84324 14.988 0.004
3182.90057 14.995 0.005
3183.87123 15.058 0.006
3184.47980 15.035 0.005
3185.54255 14.990 0.004
3193.66878 14.954 0.005
3194.47422 14.960 0.005
3195.72372 14.961 0.004
3196.76058 14.968 0.004
3197.71999 14.985 0.004
3201.79974 14.966 0.004
3202.74371 14.973 0.004
3203.79275 14.976 0.004
3205.65478 14.980 0.004
3206.67138 14.996 0.004
3210.67825 15.025 0.004
3211.72849 15.022 0.005
3218.71483 14.957 0.005
3224.60396 14.986 0.004
3229.67783 14.974 0.004
3231.72049 14.986 0.006
3239.57413 14.999 0.004
3240.58261 14.996 0.005
3245.69646 14.965 0.005
3247.55610 14.978 0.005
3249.68269 14.972 0.005
3251.57802 14.987 0.004
3254.66109 14.982 0.005
3257.59528 14.976 0.004
3261.53405 14.995 0.004
3265.60937 15.024 0.005
3267.64679 15.005 0.004
3272.49606 14.946 0.004
3273.55096 14.969 0.005
3276.57652 14.970 0.005
3279.58523 14.999 0.005
3283.51903 14.983 0.004
3289.57204 15.013 0.004
3778.88773 14.965 0.004
