2125.56420 18.944 0.130
2129.64762 19.128 0.066
2132.59101 19.230 0.100
2135.72855 18.942 0.065
2140.69098 19.054 0.099
2144.57345 19.166 0.098
2160.55996 19.398 0.137
2168.62773 18.936 0.100
2187.53684 19.442 0.133
2206.53264 19.225 0.180
2331.87317 19.382 0.115
2345.90164 19.120 0.093
2355.84756 19.111 0.080
2364.90507 19.211 0.101
2372.80569 19.367 0.083
2403.86029 19.289 0.088
2414.73752 19.317 0.088
2416.77893 19.073 0.081
2424.87211 19.068 0.129
2428.77374 19.086 0.099
2432.81625 19.062 0.131
2434.68414 19.306 0.096
2436.73246 19.132 0.086
2438.70995 19.137 0.089
2440.73996 19.273 0.099
2443.71323 19.014 0.079
2445.59416 19.188 0.079
2448.58338 19.272 0.240
2453.83352 19.194 0.108
2456.54501 19.072 0.094
2458.68197 19.101 0.073
2460.75428 19.251 0.113
2463.50349 19.158 0.100
2466.70863 19.453 0.105
2468.57948 19.039 0.062
2470.58273 19.381 0.112
2481.48434 19.128 0.143
2484.58365 19.312 0.121
2490.64288 19.072 0.098
2493.60508 19.074 0.087
2495.67646 19.109 0.074
2497.76044 19.316 0.121
2498.46980 19.073 0.087
2500.49460 19.309 0.116
2502.52737 19.163 0.080
2508.62665 19.258 0.106
2512.57408 19.061 0.097
2517.61594 19.172 0.085
2520.54078 19.133 0.081
2526.63176 19.265 0.098
2537.61144 18.917 0.120
2542.47876 18.987 0.124
2547.54620 19.181 0.116
2551.58369 19.024 0.108
2556.53713 19.411 0.132
2564.49433 19.290 0.162
2575.49243 19.284 0.154
2706.87963 19.382 0.105
2714.86386 19.370 0.085
2728.89320 19.216 0.113
2733.87629 19.264 0.109
2744.86438 19.196 0.079
2753.85001 19.373 0.127
2756.90851 19.024 0.092
2760.86210 19.239 0.118
2766.91526 19.091 0.095
2770.78602 19.167 0.100
2783.73060 19.368 0.083
2785.83551 19.374 0.140
2786.89596 19.109 0.117
2789.70616 19.360 0.091
2791.68536 19.269 0.096
2794.89192 19.151 0.095
2796.77315 19.181 0.079
2797.93584 19.084 0.091
2809.67927 19.158 0.093
2810.84616 19.312 0.106
2811.87790 19.300 0.105
2813.67469 19.025 0.088
2814.69675 19.125 0.082
2816.55997 19.242 0.090
2818.54748 19.031 0.090
2820.68504 19.126 0.088
2826.71304 19.237 0.087
2834.74947 19.429 0.247
2837.59124 19.099 0.149
2839.63945 19.081 0.108
2841.65283 19.103 0.093
2843.58556 19.022 0.087
2845.61370 19.340 0.122
2849.79305 19.251 0.160
2852.48996 19.011 0.115
2854.48419 19.345 0.144
2856.67723 19.280 0.130
2858.64263 19.117 0.133
2862.56915 19.028 0.094
2865.67843 19.165 0.086
2868.55822 19.204 0.081
2871.66546 19.115 0.072
2876.54906 19.295 0.103
2879.59322 19.074 0.085
2885.48806 19.119 0.125
2894.59592 18.950 0.100
2898.58077 19.284 0.128
2904.55355 19.252 0.125
2908.61640 19.208 0.160
2909.54809 19.178 0.108
2917.58697 19.178 0.100
2930.53067 19.089 0.091
3051.86594 19.131 0.138
3058.85943 19.376 0.099
3062.89433 19.823 0.124
3063.88304 19.364 0.092
3067.85793 19.150 0.077
3070.81786 19.179 0.146
3072.89668 18.979 0.064
3075.79359 19.041 0.101
3079.85003 19.131 0.101
3082.81288 19.064 0.070
3082.83644 19.249 0.087
3082.87561 19.309 0.091
3082.89961 19.150 0.081
3083.77264 19.166 0.066
3083.87165 19.331 0.088
3084.75267 19.059 0.087
3085.87157 19.121 0.065
3086.80248 19.097 0.064
3087.82318 19.033 0.068
3088.75821 19.016 0.064
3089.76334 19.219 0.090
3090.82604 19.486 0.105
3091.78666 19.302 0.081
3092.87883 18.960 0.090
3093.89080 19.204 0.116
3096.82416 19.310 0.115
3097.79269 19.206 0.123
3097.87705 19.158 0.071
3097.89617 19.100 0.069
3097.91547 19.214 0.078
3098.75097 19.304 0.086
3098.86797 19.161 0.066
3099.78987 19.111 0.085
3100.82195 19.086 0.075
3102.78472 19.144 0.086
3103.85855 19.095 0.082
3106.79298 18.957 0.118
3108.73060 19.253 0.076
3109.75719 19.215 0.076
3110.79666 19.311 0.088
3111.83069 19.184 0.080
3112.80394 19.231 0.085
3113.83778 19.141 0.073
3114.74794 19.105 0.062
3115.83047 19.306 0.085
3118.89196 19.303 0.103
3122.87544 19.068 0.120
3125.83203 19.019 0.094
3126.86134 19.344 0.095
3127.76690 18.987 0.076
3128.78527 19.099 0.080
3129.75998 19.018 0.083
3131.64756 19.116 0.166
3134.72772 19.173 0.162
3134.84497 19.338 0.135
3135.82813 19.440 0.098
3137.90373 19.084 0.103
3138.78799 19.261 0.080
3139.83215 19.265 0.087
3140.83957 19.223 0.093
3142.73177 19.200 0.078
3144.75233 19.402 0.092
3146.72588 19.233 0.093
3151.71460 19.278 0.115
3152.71836 19.381 0.106
3152.93173 19.441 0.162
3153.72235 19.202 0.130
3154.78243 19.122 0.103
3156.76583 19.360 0.111
3158.83638 19.156 0.120
3162.77732 19.236 0.105
3163.73865 19.418 0.098
3164.69690 19.297 0.087
3165.76820 19.134 0.064
3166.85609 19.343 0.148
3168.55581 19.087 0.081
3168.89407 19.110 0.103
3169.69068 19.036 0.077
3170.76326 19.281 0.081
3171.84111 19.124 0.067
3172.70279 19.392 0.089
3174.67439 19.205 0.067
3175.68374 19.146 0.066
3176.72672 19.220 0.131
3178.74489 19.232 0.106
3179.75787 19.182 0.085
3180.67061 19.290 0.069
3182.73777 19.207 0.079
3183.69624 19.303 0.111
3184.66377 19.187 0.068
3185.81975 19.128 0.081
3193.49749 19.274 0.154
3194.60693 19.125 0.090
3195.66342 19.192 0.077
3196.70712 19.129 0.102
3197.49303 19.122 0.094
3197.60708 19.050 0.071
3197.66013 19.027 0.078
3197.74030 19.172 0.082
3197.80477 19.219 0.100
3197.83745 19.066 0.097
3198.70176 19.197 0.090
3199.57912 19.106 0.096
3199.75189 19.094 0.106
3201.49717 19.128 0.086
3202.50268 19.144 0.081
3203.62369 19.117 0.058
3204.58457 19.255 0.080
3205.72626 19.062 0.058
3206.63384 19.317 0.082
3209.67564 19.136 0.102
3210.62194 19.211 0.091
3211.71959 19.128 0.107
3217.61639 19.123 0.080
3218.61570 19.140 0.116
3219.68205 18.967 0.116
3223.61311 19.235 0.126
3224.66281 19.466 0.093
3226.57609 19.281 0.096
3228.55863 19.276 0.100
3229.59234 19.169 0.068
3230.63093 19.122 0.063
3231.53194 18.996 0.083
3232.56063 19.026 0.110
3238.58155 19.225 0.096
3239.54126 18.973 0.068
3240.61801 19.340 0.112
3241.61700 18.972 0.158
3245.51118 19.128 0.112
3246.66947 18.990 0.126
3247.63899 19.192 0.106
3249.49051 19.190 0.096
3250.61810 19.182 0.105
3253.61142 19.337 0.099
3256.59428 19.125 0.106
3259.58648 19.247 0.116
3267.49346 19.118 0.115
3271.57904 19.325 0.273
3274.59059 19.069 0.109
3278.56459 19.095 0.113
3281.54536 19.065 0.084
3293.48183 18.862 0.145
3294.51107 19.561 0.136
3295.48624 19.943 0.276
3296.50923 19.338 0.091
3299.48962 19.615 0.131
3308.52960 19.077 0.149
3309.54783 19.178 0.126
3312.49660 18.861 0.139
3416.86609 19.110 0.084
3421.85535 19.346 0.102
3425.88232 19.138 0.109
3428.87837 19.149 0.082
3432.85198 19.405 0.179
3442.85261 19.238 0.090
3444.90550 19.534 0.125
3447.81868 19.354 0.099
3449.83155 19.114 0.081
3452.85212 19.280 0.080
3454.90559 19.400 0.123
3458.76473 19.141 0.087
3459.81237 19.305 0.102
3468.84117 19.020 0.059
3469.84807 19.093 0.059
3471.87559 19.148 0.099
3473.84355 19.185 0.093
3474.86700 19.253 0.090
3474.88798 19.270 0.086
3476.73615 19.070 0.056
3478.75547 19.173 0.078
3479.89266 19.168 0.064
3481.78338 19.259 0.072
3484.73913 19.469 0.170
3496.68754 19.415 0.112
3497.75497 19.367 0.112
3498.90069 19.299 0.100
3499.71252 19.207 0.070
3500.69539 19.245 0.086
3501.73154 19.271 0.100
3502.73195 19.268 0.081
3503.65698 19.166 0.075
3504.83760 19.349 0.093
3506.84924 19.142 0.082
3508.71568 19.190 0.125
3509.74626 19.145 0.061
3510.88161 19.181 0.070
3511.79838 19.335 0.083
3512.81779 18.995 0.087
3517.82145 19.535 0.123
3520.77867 19.273 0.088
3522.70466 19.290 0.062
3523.76577 19.060 0.063
3523.90827 18.679 0.071
3524.66793 19.035 0.075
3525.66200 19.064 0.069
3526.71478 19.244 0.074
3527.74855 19.213 0.073
3528.68942 19.467 0.095
3529.64742 19.370 0.076
3530.65545 19.342 0.066
3538.62554 19.337 0.081
3540.61956 19.156 0.091
3544.82063 19.484 0.145
3547.75215 19.015 0.081
3550.59900 19.742 0.154
3551.60130 19.562 0.086
3552.62999 18.995 0.062
3553.75769 19.303 0.114
3554.70736 19.326 0.108
3556.68744 19.037 0.059
3558.49823 19.025 0.086
3558.79691 19.241 0.090
3559.57979 18.987 0.085
3560.56814 19.141 0.074
3561.51231 19.298 0.109
3562.55296 19.183 0.075
3562.80430 19.159 0.087
3563.60712 19.243 0.070
3564.58886 19.268 0.113
3568.81542 19.049 0.109
3569.47884 19.610 0.312
3572.80594 18.991 0.134
3573.61601 19.136 0.118
3574.65704 19.210 0.103
3575.50455 19.116 0.071
3576.65851 19.555 0.108
3577.72618 19.378 0.111
3578.63139 19.010 0.061
3579.58867 19.206 0.074
3579.75641 19.123 0.081
3580.61848 19.166 0.073
3581.64195 19.345 0.083
3582.58995 19.236 0.066
3583.60403 19.158 0.085
3584.61277 19.316 0.070
3585.60298 19.185 0.072
3586.64877 19.134 0.064
3589.64141 19.362 0.068
3590.61033 19.262 0.072
3592.61716 19.132 0.066
3593.63833 19.051 0.064
3594.67158 19.154 0.080
3601.61742 19.411 0.109
3601.71898 19.265 0.112
3602.46982 18.970 0.123
3602.52032 19.112 0.101
3602.63347 19.205 0.097
3603.60753 19.200 0.079
3606.63433 19.147 0.104
3607.60585 19.290 0.090
3608.61276 19.243 0.078
3615.54422 19.470 0.103
3616.55593 19.377 0.122
3618.53256 19.518 0.104
3619.55716 19.142 0.083
3621.55679 19.227 0.103
3628.53068 19.074 0.089
3629.61537 19.286 0.122
3631.50029 19.225 0.121
3633.51333 19.450 0.125
3637.60950 19.352 0.124
3639.56312 19.124 0.060
3641.51523 18.882 0.084
3643.59163 19.103 0.123
3648.50744 19.195 0.090
3650.54487 19.140 0.081
3654.51670 19.138 0.131
3655.49014 19.200 0.109
3657.50284 19.514 0.156
3660.49698 18.975 0.093
3662.50224 19.567 0.141
3666.52971 18.932 0.070
3775.87869 19.188 0.099
3781.86413 19.481 0.172
3784.84806 19.157 0.086
3787.83872 19.215 0.101
3790.86941 19.170 0.107
3790.90130 19.204 0.120
3791.85947 19.159 0.096
3792.86601 19.059 0.060
3793.87699 19.388 0.088
3794.82301 19.228 0.110
3795.90224 18.927 0.081
3796.86272 19.188 0.077
3797.90246 19.230 0.069
3798.80132 19.221 0.083
3799.85735 19.179 0.100
3799.90542 19.440 0.148
3800.88368 19.394 0.090
3801.78413 19.358 0.104
3801.86589 19.262 0.082
3801.90589 18.923 0.087
3802.78982 19.357 0.106
3802.83147 19.396 0.093
3802.91188 19.125 0.141
3803.78004 19.160 0.086
3803.86674 19.101 0.067
3803.90678 19.141 0.084
3804.78153 19.110 0.098
3804.90458 19.139 0.106
3805.78281 19.232 0.110
3805.87941 19.512 0.103
3806.80291 19.024 0.072
3807.78232 19.153 0.125
3807.81663 19.403 0.123
3808.77632 19.255 0.104
3809.77914 19.542 0.116
3810.76809 19.162 0.097
3810.82375 19.268 0.094
3811.81975 19.259 0.116
3812.81149 19.070 0.080
3813.78729 19.218 0.085
3814.80431 19.221 0.085
3815.80831 19.427 0.102
3817.80766 19.160 0.083
3818.86652 19.153 0.068
3819.78212 19.092 0.059
3820.75242 19.035 0.064
3820.91992 19.351 0.127
3821.75288 19.147 0.081
3822.79501 19.211 0.085
3823.75105 19.383 0.096
3824.76855 18.943 0.085
3825.78216 18.940 0.097
3826.76211 18.998 0.072
3827.78179 19.276 0.088
3828.75538 19.404 0.134
3829.79071 19.451 0.096
3830.71243 19.206 0.090
3831.70888 19.236 0.083
3832.72337 19.181 0.081
3833.74173 19.009 0.070
3834.71103 19.338 0.130
3835.71640 19.259 0.112
3835.90247 19.054 0.060
3836.74482 19.427 0.139
3836.91245 19.334 0.081
3837.71135 19.563 0.154
3837.88358 19.231 0.074
3838.71882 19.138 0.121
3839.72017 18.995 0.101
3839.90667 19.265 0.119
3840.73216 18.953 0.085
3840.89094 19.172 0.080
3841.69011 19.112 0.111
3841.92150 19.253 0.094
3842.82346 19.014 0.069
3845.69983 19.395 0.238
3845.88357 19.378 0.182
3846.68027 19.432 0.129
3847.77696 19.144 0.097
3848.73196 19.113 0.097
3849.72769 19.106 0.076
3849.93054 19.041 0.086
3850.67431 19.305 0.103
3850.72852 19.311 0.090
3850.84686 18.985 0.072
3850.91841 19.564 0.127
3851.68810 19.640 0.141
3851.85334 19.047 0.081
3852.67886 19.193 0.104
3852.90736 19.270 0.111
3853.66714 19.471 0.114
3853.83477 19.468 0.076
3853.90627 19.134 0.063
3854.66152 18.984 0.106
3855.76268 19.407 0.075
3856.65711 19.130 0.089
3856.82348 19.129 0.084
3857.89376 19.378 0.090
3858.68574 19.509 0.111
3859.77616 18.996 0.063
3860.79238 19.247 0.123
3861.64599 19.021 0.089
3861.75295 19.356 0.087
3862.65104 19.046 0.083
3862.83902 19.082 0.061
3862.91507 19.233 0.083
3863.66663 19.240 0.098
3863.88688 19.153 0.069
3864.65471 19.421 0.127
3864.84715 19.236 0.068
3865.71462 19.223 0.083
3865.85819 19.333 0.103
3865.92717 19.265 0.077
3866.66621 19.147 0.081
3866.80586 19.166 0.077
3866.88406 19.073 0.071
3867.68110 18.972 0.079
3867.86672 19.225 0.086
3868.68902 18.920 0.085
3868.83309 19.208 0.112
3868.91295 19.076 0.094
3869.66652 19.271 0.102
3869.84830 19.288 0.124
3872.86366 19.278 0.085
3873.67210 19.245 0.082
3873.81440 19.262 0.078
3873.88626 19.068 0.076
3874.72393 19.206 0.092
3874.89795 19.117 0.073
3875.68448 19.171 0.069
3875.83952 19.011 0.060
3875.93761 19.599 0.116
3876.61160 19.041 0.070
3877.68855 19.355 0.071
3877.83728 19.208 0.080
3877.91135 19.282 0.122
3879.64452 19.516 0.090
3880.81378 19.485 0.114
3880.89283 18.931 0.065
3881.63930 19.269 0.091
3881.85480 19.109 0.070
3881.90141 19.011 0.058
3882.62423 19.151 0.081
3882.77772 19.311 0.082
3882.85158 19.133 0.077
3882.92037 19.261 0.076
3883.61176 19.270 0.108
3883.80885 19.151 0.082
3886.57109 19.376 0.111
3886.77231 19.256 0.079
3886.84758 19.371 0.075
3886.94553 19.049 0.123
3887.62486 19.357 0.098
3887.75131 19.235 0.080
3887.85544 19.378 0.104
3887.92752 18.916 0.066
3889.63890 19.316 0.084
3889.91372 19.291 0.102
3891.64827 19.267 0.095
3891.76999 19.127 0.099
3891.85218 19.412 0.098
3892.90092 19.041 0.069
3893.58287 19.391 0.115
3893.82924 19.245 0.107
3894.64312 19.012 0.089
3894.85844 19.164 0.100
3896.57913 19.061 0.118
3900.50691 18.891 0.102
3900.69232 19.107 0.076
3900.77666 19.256 0.096
3900.84516 19.224 0.082
3901.52177 19.254 0.121
3901.69796 19.137 0.071
3901.77569 19.424 0.103
3901.84879 19.313 0.108
3902.53330 19.276 0.124
3902.72034 19.283 0.083
3902.83319 19.182 0.108
3903.87423 19.226 0.105
3904.53264 19.261 0.100
3904.69510 19.276 0.062
3904.76457 19.100 0.067
3904.83729 19.115 0.072
3905.52947 19.039 0.075
3905.70582 19.079 0.071
3905.77609 19.113 0.062
3905.84469 19.423 0.077
3906.53734 18.959 0.091
3906.73019 19.082 0.066
3906.80337 19.173 0.074
3906.89196 19.171 0.093
3907.57162 19.316 0.098
3907.75696 19.000 0.107
3907.84140 18.972 0.097
3908.50963 19.199 0.115
3908.69570 19.084 0.064
3908.77341 19.254 0.082
3908.85610 19.166 0.079
3909.50923 19.059 0.127
3909.68769 19.309 0.064
3909.69997 19.337 0.070
3909.74372 19.193 0.065
3909.76212 19.201 0.065
3909.78242 19.217 0.067
3909.82598 19.185 0.076
3909.86203 19.294 0.098
3910.52972 19.216 0.108
3912.50415 19.060 0.079
3912.69556 19.050 0.049
3912.78691 19.416 0.077
3912.87481 18.918 0.063
3913.49704 19.013 0.066
3913.69893 19.138 0.067
3913.79441 19.263 0.074
3913.88042 19.148 0.085
3914.52304 19.122 0.090
3914.75460 19.500 0.096
3915.49878 19.345 0.113
3915.51593 19.212 0.088
3915.54482 19.450 0.118
3915.57381 19.139 0.076
3915.60800 19.199 0.087
3915.64564 19.143 0.062
3915.68430 19.264 0.074
3915.69432 19.321 0.089
3915.70309 19.563 0.104
3915.75111 19.203 0.079
3915.77711 19.162 0.078
3915.79499 19.269 0.079
3915.81205 19.128 0.072
3915.84500 19.042 0.084
3915.87428 19.339 0.100
3916.51427 19.692 0.158
3916.53479 19.113 0.098
3916.54350 19.028 0.088
3916.58679 19.070 0.092
3916.62171 18.976 0.072
3916.68951 19.372 0.083
3916.72728 19.241 0.088
3916.76501 19.208 0.107
3916.79783 19.228 0.120
3916.82744 19.231 0.090
3917.49061 19.215 0.108
3917.52165 19.152 0.116
3917.54204 19.175 0.092
3917.62364 19.527 0.123
3917.66187 19.383 0.110
3917.70226 19.386 0.089
3917.74014 19.013 0.079
3917.78239 19.432 0.157
3917.79448 19.334 0.105
3918.50369 19.105 0.095
3918.51293 19.153 0.095
3918.52240 19.466 0.136
3918.53510 19.115 0.101
3918.56295 19.171 0.105
3918.60482 19.237 0.089
3918.62574 19.258 0.088
3918.65390 19.394 0.086
3918.67901 19.257 0.087
3918.70231 19.245 0.081
3918.72680 19.105 0.090
3918.74443 19.102 0.073
3918.78254 19.239 0.093
3918.80640 19.294 0.103
3918.83583 19.242 0.115
3918.86805 19.343 0.150
3919.48461 19.233 0.119
3919.49657 18.917 0.088
3919.56389 19.240 0.110
3919.63954 19.094 0.081
3919.67472 19.135 0.081
3919.72910 18.965 0.059
3919.79320 19.642 0.106
3919.84527 19.010 0.098
3920.47445 19.090 0.093
3920.48637 18.970 0.086
3920.50422 19.181 0.089
3920.53028 19.120 0.072
3920.59162 19.354 0.093
3920.68293 18.872 0.076
3920.76493 19.419 0.085
3920.83467 19.199 0.077
3921.47445 19.133 0.097
3921.48635 18.940 0.080
3921.56911 19.410 0.117
3921.64019 18.955 0.088
3921.68380 19.011 0.091
3921.77209 19.159 0.116
3921.80543 18.889 0.089
3922.68356 19.281 0.129
3922.73034 19.243 0.123
3930.48647 19.401 0.120
3930.76065 19.288 0.124
3931.47136 19.108 0.123
3932.50289 19.149 0.096
3932.77819 19.314 0.091
3933.48393 19.167 0.088
3933.67376 19.137 0.060
3933.74927 19.640 0.099
3934.46669 19.039 0.093
3934.68345 18.993 0.067
3934.75249 19.299 0.089
3935.51663 19.322 0.093
3935.68783 19.288 0.130
3935.75647 19.280 0.089
3936.46998 19.167 0.136
3936.63528 19.274 0.078
3936.71184 19.344 0.090
3937.47622 19.135 0.117
3937.75326 18.968 0.081
3938.47460 18.910 0.096
3938.66244 18.890 0.068
3938.75145 19.192 0.096
3939.54206 19.229 0.079
3940.66033 19.357 0.079
3940.79117 19.229 0.082
3942.52799 18.828 0.087
3944.50774 19.293 0.081
3944.57108 19.208 0.069
3944.61022 19.198 0.069
3944.65586 19.259 0.079
3945.46987 18.939 0.076
3945.51612 19.043 0.068
3945.54658 19.157 0.079
3945.65690 19.183 0.081
3945.69039 18.974 0.062
3945.74623 19.120 0.083
3945.79034 19.492 0.133
3946.47325 19.061 0.096
3946.55445 19.495 0.109
3946.67844 19.085 0.078
3946.75587 19.344 0.098
3950.49010 19.093 0.086
3950.69984 19.071 0.075
3951.48993 19.067 0.088
3951.72245 18.978 0.078
3955.51206 19.088 0.127
3956.52096 19.242 0.146
3957.48308 19.388 0.110
3959.47964 19.108 0.097
3959.66092 19.129 0.087
3960.47587 19.058 0.085
3960.65492 19.087 0.061
3960.72705 19.233 0.092
3961.53238 19.216 0.105
3963.50856 19.230 0.086
3963.68015 19.223 0.075
3964.49288 19.158 0.090
3964.70156 19.112 0.072
3965.48188 19.166 0.083
3965.67441 19.159 0.065
3966.51187 19.331 0.098
3966.66487 19.146 0.074
3967.49338 19.127 0.109
3967.69025 19.387 0.086
3968.47369 19.214 0.114
3968.64555 19.018 0.068
3968.71470 19.265 0.104
3969.50228 19.303 0.106
3969.65609 19.134 0.083
3970.48284 19.275 0.110
3970.66376 19.241 0.093
3971.52097 18.970 0.100
3971.69702 19.168 0.075
3973.54768 19.396 0.120
3974.48257 19.282 0.114
3974.66163 19.249 0.095
3975.48530 19.268 0.129
3975.65676 19.214 0.088
3976.48205 19.166 0.071
3976.64923 19.421 0.118
3979.48508 19.239 0.131
3982.54117 18.928 0.098
3983.49160 19.387 0.183
3986.55483 19.237 0.118
3987.48273 19.334 0.122
3987.64370 19.155 0.088
3988.48566 19.134 0.073
3990.61682 19.320 0.116
3993.58679 19.059 0.099
3995.54349 19.190 0.082
3996.54195 19.231 0.109
3999.56423 19.125 0.090
4001.49450 19.700 0.173
4003.51478 19.184 0.074
4004.49006 19.086 0.071
4006.49686 19.034 0.086
4011.59357 19.142 0.113
4012.54488 19.505 0.153
4016.49235 19.216 0.111
4018.51759 19.120 0.105
4020.50697 19.319 0.131
4023.51584 19.030 0.102
4025.53525 19.602 0.129
4027.54017 18.844 0.076
4030.53197 19.467 0.141
4036.51320 19.142 0.148
4040.49435 19.434 0.240
4042.52439 19.059 0.125
4140.88499 19.003 0.147
4143.88227 19.362 0.155
4149.87419 19.376 0.127
4153.86054 19.041 0.077
4155.89649 19.400 0.126
4158.85847 19.182 0.104
4161.82644 18.998 0.084
4162.90779 19.287 0.150
4164.81498 19.506 0.126
4165.89537 19.148 0.138
4167.89933 19.278 0.090
4169.90291 19.190 0.087
4174.90536 19.386 0.102
4175.85648 19.784 0.181
4176.87886 19.306 0.090
4178.77116 19.357 0.099
4179.82996 19.122 0.073
4180.90933 19.173 0.114
4183.84731 19.399 0.113
4184.88777 19.045 0.060
4185.86368 19.072 0.083
4189.89071 19.180 0.117
4191.85341 18.989 0.106
4192.76866 19.130 0.122
4194.76808 19.284 0.114
4196.75834 19.022 0.098
4202.73976 18.977 0.077
4203.72793 19.062 0.061
4203.91234 18.982 0.062
4204.71622 19.142 0.091
4205.71665 19.144 0.081
4207.70612 19.246 0.104
4207.88135 19.325 0.086
4208.72824 19.205 0.085
4209.76097 19.149 0.070
4211.74090 19.377 0.123
4212.90224 19.169 0.118
4213.73487 19.389 0.107
4215.72486 19.085 0.094
4216.68217 19.264 0.103
4216.87558 19.248 0.068
4217.68781 19.101 0.075
4218.71201 19.278 0.129
4219.73346 19.134 0.107
4220.67039 19.271 0.126
4221.71112 19.211 0.100
4222.89075 19.220 0.098
4223.67476 19.073 0.109
4224.76546 19.420 0.141
4228.65972 19.138 0.113
4228.89142 19.162 0.118
4229.65452 19.129 0.114
4229.85159 19.208 0.102
4229.91317 19.144 0.092
4230.66434 19.091 0.078
4230.85233 19.181 0.095
4230.91404 19.094 0.127
4231.64869 19.177 0.087
4231.82412 19.110 0.087
4231.91707 19.163 0.113
4232.73150 19.113 0.097
4232.89854 19.492 0.151
4233.76198 19.038 0.136
4234.68868 19.171 0.104
4235.87376 19.105 0.091
4237.67483 19.173 0.098
4238.71245 19.289 0.095
4238.85841 19.113 0.092
4238.92015 19.357 0.154
4239.61765 19.020 0.116
4240.65989 19.344 0.096
4240.78207 19.093 0.082
4240.92248 19.159 0.094
4243.62245 19.289 0.131
4243.71870 19.200 0.114
4243.81227 19.295 0.109
4243.93000 19.241 0.120
4244.59824 19.172 0.135
4244.69058 19.101 0.090
4244.78717 19.262 0.084
4245.59097 19.190 0.081
4245.68467 19.217 0.075
4245.77784 19.048 0.066
4246.64967 19.338 0.111
4246.74267 19.152 0.093
4246.83594 19.168 0.097
4247.63267 19.328 0.120
4247.79116 19.221 0.084
4250.71300 19.075 0.095
4251.78453 18.982 0.131
4256.59982 19.180 0.135
4256.74667 19.341 0.126
4256.84447 19.099 0.142
4257.63170 19.032 0.105
4258.61548 19.071 0.117
4258.73817 19.373 0.110
4258.83345 19.108 0.104
4267.57549 19.051 0.100
4268.76291 19.238 0.111
4268.88330 19.286 0.138
4269.55784 19.390 0.111
4269.67889 19.031 0.075
4269.76961 19.340 0.105
4270.55334 19.383 0.125
4272.62176 19.086 0.069
4272.77089 19.139 0.082
4272.84240 19.180 0.100
4273.59874 19.066 0.116
4273.77960 19.173 0.110
4273.83940 19.535 0.154
4274.59123 19.234 0.122
4274.74578 19.218 0.092
4274.80490 19.326 0.124
4275.58394 19.360 0.124
4275.75939 19.214 0.112
4275.81785 19.309 0.149
4275.87901 18.982 0.131
4276.56874 19.428 0.169
4277.51254 19.261 0.145
4277.68775 19.325 0.101
4277.74820 19.264 0.108
4277.80682 19.090 0.117
4278.54635 19.198 0.131
4278.73361 19.154 0.135
4278.80658 19.001 0.136
4283.49203 18.914 0.096
4283.70178 19.185 0.119
4284.48706 19.218 0.132
4284.71754 19.389 0.102
4284.77974 19.088 0.099
4284.84482 19.035 0.131
4285.48555 19.258 0.130
4285.67743 19.325 0.132
4285.74212 19.077 0.096
4285.80767 19.077 0.096
4286.48584 18.970 0.136
4286.77540 19.232 0.116
4289.48636 19.161 0.134
4289.71290 19.102 0.110
4289.77794 19.515 0.149
4289.84476 19.104 0.112
4290.54398 19.280 0.112
4291.64634 19.206 0.079
4291.76874 19.143 0.110
4292.47206 19.338 0.124
4292.65018 19.304 0.088
4292.70980 19.285 0.087
4292.76853 19.128 0.072
4292.83169 19.146 0.118
4293.47238 19.268 0.112
4293.73710 19.079 0.070
4293.81470 19.284 0.102
4294.47169 19.078 0.084
4295.47323 19.054 0.121
4295.67671 19.093 0.068
4295.73541 19.284 0.081
4295.81244 19.222 0.101
4296.47450 18.985 0.089
4296.66192 19.076 0.068
4296.75068 19.422 0.103
4297.49530 19.343 0.131
4297.69504 19.357 0.098
4297.79779 19.126 0.101
4298.52998 19.277 0.105
4298.63580 19.179 0.097
4298.72931 19.177 0.097
4299.51282 19.193 0.085
4299.60617 19.218 0.074
4299.69838 19.241 0.093
4299.78856 19.095 0.104
4300.50385 19.165 0.099
4300.62813 19.357 0.081
4300.72456 19.114 0.086
4301.49876 19.231 0.095
4301.59104 19.232 0.072
4301.68769 19.102 0.073
4301.78624 19.293 0.093
4302.55953 19.355 0.120
4302.66643 19.039 0.088
4303.64645 18.942 0.091
4304.53254 19.285 0.168
4304.64193 19.212 0.111
4305.65775 19.450 0.155
4306.51947 18.993 0.115
4306.65729 19.378 0.122
4307.75784 19.310 0.131
4310.76369 19.433 0.184
4311.73333 19.201 0.155
4312.50314 19.247 0.146
4312.69831 19.046 0.107
4312.79590 19.132 0.127
4314.49668 19.223 0.116
4315.53727 19.348 0.102
4316.56613 19.338 0.086
4317.48854 19.265 0.091
4319.49759 19.175 0.101
4319.75205 19.057 0.108
4320.51311 19.178 0.104
4326.47613 19.257 0.115
4327.56922 19.231 0.121
4328.49634 19.093 0.096
4328.67329 18.987 0.094
4329.50698 19.207 0.094
4329.65482 18.996 0.086
4329.71362 19.094 0.112
4330.51904 19.397 0.101
4330.67003 19.217 0.090
4331.49923 19.187 0.095
4331.66575 19.288 0.116
4332.47697 19.260 0.093
4333.50804 19.270 0.117
4333.66911 19.268 0.102
4334.48126 19.571 0.334
4334.51815 19.457 0.269
4334.57890 19.344 0.245
4338.48065 19.246 0.127
4339.50089 19.015 0.098
4339.67203 19.320 0.152
4340.56952 19.357 0.140
4341.48181 19.052 0.127
4342.47783 19.089 0.121
4342.51113 19.340 0.117
4343.47919 19.404 0.108
4343.68692 19.293 0.132
4344.51786 19.072 0.110
4345.48324 19.144 0.081
4346.49188 19.318 0.113
4347.51084 18.941 0.093
4348.49430 19.180 0.093
4348.50141 19.191 0.086
4350.50644 19.319 0.113
4351.48167 19.193 0.098
4352.49236 18.998 0.109
4353.48907 19.123 0.082
4354.51764 19.263 0.089
4355.50822 19.416 0.130
4356.48572 19.440 0.103
4357.56892 19.099 0.115
4358.52617 18.980 0.107
4359.49500 19.227 0.114
4361.54798 19.293 0.157
4362.48340 19.159 0.127
4365.54039 18.878 0.126
4367.51668 19.210 0.117
4368.55230 19.481 0.180
4369.50996 19.199 0.165
4370.53920 19.067 0.085
4371.51155 19.199 0.096
4372.49660 19.155 0.081
4373.56265 19.376 0.127
4375.51692 19.100 0.141
4377.58680 19.001 0.120
4378.49684 19.115 0.098
4379.51219 19.188 0.135
4380.52373 19.161 0.091
4381.50169 19.108 0.140
4382.59022 19.268 0.133
4383.51521 19.225 0.102
4384.55218 19.125 0.121
4387.53949 19.207 0.128
4393.50956 19.206 0.103
4394.56696 19.090 0.138
4395.53839 18.935 0.108
4396.55087 18.971 0.131
4397.50972 18.964 0.115
4398.51734 19.490 0.180
4399.55295 19.307 0.165
4400.51229 19.323 0.156
4402.52693 19.065 0.140
4403.52791 19.000 0.125
4411.53287 19.362 0.188
4506.87947 19.250 0.146
4510.87867 19.487 0.132
4513.83994 19.686 0.193
4517.83405 18.896 0.129
4519.81994 19.145 0.123
4522.84884 19.001 0.107
4524.83249 19.078 0.093
4530.79464 19.096 0.072
4533.82343 19.526 0.125
4535.87837 19.057 0.084
4537.77802 19.221 0.102
4538.87197 19.361 0.106
4539.83315 19.379 0.096
4540.84304 19.319 0.088
4541.77213 19.235 0.091
4542.76665 19.536 0.170
4543.76228 19.237 0.111
4544.75913 19.229 0.138
4545.74582 18.933 0.117
4546.75246 19.319 0.142
4547.76662 19.371 0.108
4548.81952 19.105 0.085
4550.79176 19.193 0.109
4551.73810 19.140 0.111
4552.78173 19.255 0.218
4556.73440 19.374 0.093
4556.92433 19.284 0.119
4557.75199 19.379 0.104
4558.77218 19.082 0.067
4559.72503 19.161 0.080
4559.91398 18.948 0.070
4560.72131 19.049 0.095
4560.91458 19.089 0.066
4561.71781 19.266 0.089
4561.90340 19.268 0.070
4564.70805 19.090 0.081
4564.90827 19.155 0.073
4565.70617 19.200 0.073
4565.89678 19.126 0.055
4566.70551 19.290 0.091
4566.89858 19.030 0.056
4566.90996 19.074 0.060
4566.92548 19.086 0.083
4567.69771 19.151 0.095
4567.79754 19.121 0.068
4567.90443 19.064 0.068
4568.70324 19.385 0.126
4569.71291 19.242 0.115
4569.92247 19.395 0.112
4570.70080 19.321 0.116
4571.69198 19.044 0.107
4571.88997 19.209 0.073
4572.70376 19.281 0.137
4573.71758 19.051 0.077
4573.92605 19.293 0.097
4574.72000 19.480 0.124
4575.72542 19.362 0.108
4576.73311 19.198 0.097
4577.81455 19.233 0.092
4578.76837 19.253 0.163
4579.84506 19.170 0.102
4583.71205 19.190 0.120
4583.79685 19.195 0.082
4583.83225 19.187 0.094
4583.86149 19.467 0.102
4583.89280 19.330 0.091
4583.92076 18.991 0.073
4585.69323 18.921 0.100
4585.71261 19.056 0.081
4585.73255 19.100 0.100
4585.74670 19.045 0.086
4585.76700 19.170 0.095
4585.77888 19.074 0.109
4585.79887 19.231 0.123
4585.83989 19.365 0.094
4585.87092 19.211 0.084
4585.92114 19.179 0.103
4586.72187 19.145 0.109
4586.74045 19.254 0.121
4586.89295 19.097 0.088
4586.92719 19.191 0.140
4587.74870 19.258 0.112
4587.90712 19.315 0.119
4588.71388 19.287 0.093
4589.69618 19.323 0.106
4589.85151 19.218 0.095
4589.91354 19.338 0.116
4590.67355 19.255 0.104
4590.87923 19.334 0.102
4591.68537 19.124 0.086
4591.85740 19.258 0.095
4591.91953 18.992 0.085
4592.64384 19.123 0.097
4592.83303 19.152 0.102
4592.89642 19.086 0.083
4593.63314 19.105 0.101
4593.84264 19.179 0.075
4593.90474 19.177 0.092
4594.65417 19.118 0.114
4594.84889 19.218 0.091
4594.91462 19.271 0.111
4595.63966 18.915 0.093
4595.83782 19.227 0.094
4595.89991 19.247 0.096
4596.63296 19.211 0.100
4596.91267 19.156 0.092
4597.66344 19.285 0.098
4597.85476 19.197 0.084
4597.92586 19.293 0.117
4598.63320 19.293 0.078
4598.87803 19.153 0.071
4599.61203 19.236 0.116
4599.81607 19.167 0.072
4600.62121 19.083 0.075
4600.92779 19.437 0.126
4601.62682 19.083 0.080
4601.84314 19.280 0.071
4601.90509 19.274 0.089
4602.61421 19.058 0.072
4602.82880 19.127 0.071
4603.74682 19.132 0.083
4606.61456 19.222 0.115
4610.75376 19.200 0.077
4610.92373 19.101 0.103
4611.60634 19.272 0.145
4611.83927 19.355 0.094
4612.62773 18.950 0.108
4615.76941 19.169 0.104
4616.57842 18.977 0.109
4616.79493 19.171 0.077
4616.86469 19.347 0.111
4617.63875 19.519 0.119
4618.58998 19.269 0.125
4621.67600 19.314 0.082
4622.77172 19.222 0.109
4622.88996 19.291 0.123
4623.60334 19.150 0.114
4623.84371 19.195 0.120
4623.91460 18.867 0.103
4624.55544 18.964 0.107
4624.78734 19.146 0.093
4624.85394 19.357 0.107
4625.58165 19.217 0.125
4625.76978 19.292 0.117
4625.86365 19.064 0.094
4626.57743 19.183 0.117
4626.83204 19.030 0.087
4627.53699 19.230 0.100
4627.80552 19.196 0.074
4627.89220 19.481 0.105
4628.57030 18.976 0.080
4628.73406 19.066 0.072
4628.79967 19.122 0.088
4628.86165 19.421 0.108
4629.58353 19.231 0.101
4629.80322 19.212 0.089
4629.81232 19.247 0.093
4629.85146 19.294 0.104
4629.87476 19.291 0.094
4629.88549 19.143 0.088
4629.92301 18.925 0.098
4630.52767 19.138 0.123
4630.53697 19.012 0.116
4630.57899 19.296 0.100
4630.61384 19.269 0.080
4630.66850 19.158 0.067
4630.70277 18.992 0.063
4630.73814 19.135 0.073
4630.74702 19.035 0.069
4630.82512 19.400 0.101
4630.89321 18.855 0.074
4631.54250 19.099 0.078
4631.75831 19.192 0.088
4631.83608 19.122 0.096
4631.91104 19.043 0.110
4632.53983 19.173 0.133
4632.80272 19.145 0.081
4633.54585 19.393 0.115
4633.64771 19.193 0.084
4633.76932 19.088 0.085
4638.73136 19.165 0.120
4638.82906 19.089 0.089
4639.54405 19.398 0.146
4639.65024 18.983 0.074
4639.82960 19.027 0.113
4640.57015 19.227 0.089
4640.70105 19.299 0.085
4640.80833 19.106 0.115
4641.59296 19.023 0.081
4641.74857 18.976 0.073
4642.56873 19.203 0.093
4642.72922 19.131 0.079
4642.80715 19.260 0.106
4643.52188 18.847 0.091
4644.64134 19.268 0.105
4644.82062 19.344 0.106
4645.49552 19.163 0.108
4645.74620 19.161 0.094
4645.82204 19.012 0.088
4645.88680 19.320 0.168
4646.49738 19.203 0.095
4646.82948 19.189 0.103
4647.49186 19.117 0.109
4647.71671 19.262 0.105
4647.81011 19.035 0.109
4648.48728 19.317 0.140
4648.52026 19.170 0.096
4648.60975 19.089 0.081
4648.62503 19.220 0.085
4648.62983 19.328 0.094
4648.63927 19.351 0.093
4648.64758 19.358 0.087
4648.65596 19.348 0.086
4648.66712 19.299 0.080
4648.67656 19.302 0.093
4648.68591 19.232 0.089
4648.70080 19.217 0.094
4648.71328 19.032 0.081
4648.72159 19.054 0.083
4648.73003 18.952 0.074
4648.73593 18.990 0.074
4648.74871 18.864 0.069
4648.75703 18.965 0.075
4648.76534 19.222 0.089
4648.77381 19.018 0.084
4648.78213 18.932 0.081
4648.83765 19.267 0.119
4649.50041 19.084 0.105
4649.54102 19.103 0.087
4649.59725 19.211 0.082
4649.69673 19.202 0.087
4649.71088 19.034 0.070
4649.82538 19.231 0.121
4650.49973 19.236 0.125
4650.53190 19.059 0.113
4650.74936 18.994 0.071
4650.83434 18.909 0.095
4651.49213 18.932 0.090
4652.48372 19.118 0.123
4652.68630 19.117 0.091
4652.76786 19.042 0.085
4652.82145 19.284 0.128
4653.48016 19.121 0.132
4653.69924 19.313 0.108
4653.76448 19.111 0.094
4654.51544 19.085 0.103
4654.72005 19.121 0.092
4654.79542 18.933 0.087
4655.47996 19.532 0.187
4655.70431 19.015 0.063
4655.76623 19.089 0.081
4656.48195 19.130 0.081
4656.67174 19.060 0.082
4656.78735 19.110 0.094
4657.55649 19.314 0.130
4658.64026 19.103 0.092
4659.57328 19.278 0.127
4660.52971 19.117 0.123
4661.47005 19.408 0.138
4661.66759 19.148 0.118
4661.73218 19.158 0.117
4661.79929 19.127 0.140
4665.63727 19.154 0.125
4666.48153 19.093 0.133
4666.66615 19.217 0.103
4669.59162 19.449 0.148
4670.62760 19.280 0.109
4671.54860 19.400 0.102
4671.75554 19.130 0.094
4672.48330 19.215 0.084
4672.74680 19.191 0.105
4672.78577 19.176 0.100
4674.48774 19.240 0.133
4677.46831 19.080 0.110
4677.61473 19.306 0.109
4677.69851 19.194 0.108
4678.66542 19.064 0.076
4679.56106 19.155 0.117
4681.50976 19.122 0.090
4681.60981 19.189 0.084
4682.48079 19.090 0.076
4682.55672 19.129 0.085
4682.73337 19.135 0.083
4683.47730 19.034 0.112
4683.68619 19.115 0.102
4683.74940 18.926 0.104
4684.48296 19.157 0.111
4684.74775 19.519 0.139
4685.52515 19.418 0.121
4686.48039 19.187 0.110
4687.50638 19.284 0.108
4687.71976 18.933 0.098
4688.47699 18.914 0.100
4688.66701 19.244 0.089
4688.72868 19.027 0.103
4693.52145 19.028 0.093
4694.51990 19.217 0.153
4697.47690 18.954 0.096
4697.70211 19.171 0.131
4698.48113 19.270 0.091
4699.48005 19.274 0.115
4700.48835 19.276 0.099
4701.48367 19.189 0.104
4701.67248 19.178 0.099
4702.48205 19.275 0.115
4703.59000 19.330 0.102
4704.56814 19.258 0.100
4705.48593 19.280 0.114
4705.66395 19.308 0.135
4707.58686 19.111 0.086
4708.51865 19.075 0.075
4709.49466 19.299 0.126
4710.52217 19.137 0.091
4711.50424 19.476 0.136
4715.55841 19.252 0.128
4715.60386 19.586 0.178
4716.48207 19.211 0.113
4716.49208 19.051 0.096
4716.55512 19.203 0.123
4716.57773 19.372 0.162
4716.65701 19.055 0.164
4720.50772 19.149 0.129
4720.60253 19.221 0.117
4721.50861 19.004 0.116
4722.62085 19.419 0.147
4724.48766 19.075 0.117
4725.56155 19.097 0.106
4726.52613 19.091 0.123
4728.57061 19.213 0.117
4729.51113 18.967 0.086
4730.59698 19.050 0.088
4731.53406 19.059 0.099
4733.48565 19.251 0.108
4734.53208 19.083 0.105
4737.52029 19.332 0.140
4738.56022 18.812 0.087
4739.56406 18.962 0.107
4740.53236 18.999 0.114
4741.50512 19.045 0.090
4743.51359 19.140 0.107
4750.58025 19.229 0.145
4756.49608 19.361 0.170
4765.49778 19.177 0.112
4867.87339 19.439 0.137
4870.88202 19.054 0.088
4872.88477 19.396 0.186
4876.84616 19.145 0.096
4884.82923 19.023 0.092
4886.87993 19.461 0.111
4890.86210 19.160 0.070
4896.84978 19.012 0.076
4899.82126 19.103 0.086
4900.80095 18.962 0.088
4901.86110 19.270 0.084
4902.85949 19.298 0.081
4904.78387 19.146 0.091
4905.88769 19.452 0.142
4910.78974 19.230 0.106
4911.76037 19.326 0.079
4912.75720 19.189 0.074
4914.76014 19.152 0.086
4918.75706 19.175 0.074
4924.71938 19.456 0.106
4925.76868 19.231 0.078
4925.88472 19.231 0.065
4926.73250 19.086 0.092
4927.80411 19.317 0.098
4928.71371 19.307 0.125
4929.71364 19.198 0.128
4929.86592 19.164 0.073
4930.77162 19.303 0.103
4931.81594 19.018 0.074
4932.77116 19.220 0.081
4933.69129 19.087 0.123
4933.81948 19.359 0.107
4938.69939 19.257 0.095
4938.79930 19.124 0.081
4939.72496 19.103 0.084
4939.81989 18.938 0.081
4940.72249 19.462 0.104
4941.69718 19.056 0.085
4941.82423 19.225 0.094
4942.67668 18.977 0.085
4942.84957 19.141 0.072
4943.68902 19.098 0.067
4943.75508 19.402 0.095
4944.69442 19.399 0.096
4944.76959 19.204 0.073
4945.69114 19.182 0.084
4945.82261 19.146 0.060
4946.74855 18.936 0.058
4947.70305 19.161 0.067
4948.85844 19.147 0.070
4949.65385 19.065 0.079
4950.69004 19.162 0.081
4951.68056 19.376 0.100
4952.79935 19.144 0.070
4953.65820 19.273 0.088
4953.76390 19.184 0.090
4954.67829 19.115 0.081
4954.77625 19.392 0.093
4955.68225 19.042 0.098
