0.0 0.0 0.006
12.853450000000066 0.0030000000000001137 0.006
3.0294300000000476 -0.05499999999999794 0.007
3.8497199999997065 0.05299999999999905 0.006
3.1541299999998955 -0.05999999999999872 0.006
4.922210000000177 0.03799999999999848 0.007
18.992099999999937 0.011000000000001009 0.006
7.906460000000152 -0.04100000000000037 0.006
3.0730899999998655 -0.006000000000000227 0.007
9.936580000000049 0.054999999999999716 0.007
1.0633100000000013 -0.11399999999999899 0.007
10.981940000000122 0.016000000000000014 0.007
129.3439599999997 -0.015000000000000568 0.007
16.992169999999987 0.02200000000000024 0.007
9.01720000000023 -0.008000000000000895 0.006
8.960320000000138 0.0070000000000014495 0.006
11.040970000000016 0.02499999999999858 0.007
13.83744999999999 0.07000000000000028 0.007
4.002999999999702 -0.08000000000000007 0.007
1.9696899999999005 0.0840000000000014 0.007
7.21006000000034 -0.08000000000000007 0.007
3.750659999999698 -0.008000000000000895 0.006
2.061079999999947 -0.013999999999999346 0.006
1.9361300000000483 0.10200000000000031 0.007
5.079910000000382 -0.0010000000000012221 0.004
4.921879999999874 -0.0990000000000002 0.007
2.064719999999852 -0.010999999999999233 0.007
7.8960400000000845 0.09700000000000131 0.007
6.049419999999827 -0.05600000000000094 0.006
1.976180000000113 0.05000000000000071 0.006
2.120919999999842 0.01699999999999946 0.006
3.8212200000002667 -0.05900000000000105 0.006
2.0086099999998623 -0.04800000000000004 0.006
2.9909700000002886 -0.007999999999999119 0.006
2.018239999999878 0.0519999999999996 0.006
5.971990000000005 -0.002000000000000668 0.007
6.119709999999941 0.053000000000000824 0.007
3.9857099999999264 -0.04899999999999949 0.006
1.815599999999904 0.047999999999998266 0.007
2.320520000000215 -0.05299999999999905 0.007
1.7133699999999408 0.006000000000000227 0.006
2.00696999999991 -0.051000000000000156 0.006
4.1457399999999325 -0.006999999999999673 0.007
8.791799999999967 0.07399999999999984 0.006
2.196400000000267 -0.02999999999999936 0.007
4.069250000000011 0.07299999999999862 0.007
2.9481699999996636 -0.009000000000000341 0.007
2.7927300000001196 0.03100000000000236 0.007
2.0605100000002494 -0.011000000000002785 0.006
2.0375199999998586 -0.027999999999998693 0.006
2.026049999999941 -0.045999999999999375 0.006
1.9480600000001687 0.02499999999999858 0.010
8.032259999999951 0.019000000000000128 0.007
6.950550000000021 -0.07899999999999885 0.006
2.996180000000095 -0.025000000000000355 0.006
8.120369999999639 0.08999999999999986 0.007
7.870510000000195 0.05599999999999916 0.008
3.012200000000121 -0.045999999999999375 0.007
5.003369999999904 0.028999999999999915 0.007
4.985509999999977 -0.09499999999999886 0.007
4.962289999999939 0.0519999999999996 0.007
5.07576999999992 -0.05900000000000105 0.008
5.977139999999963 -0.0030000000000001137 0.007
134.32777000000033 0.09100000000000108 0.006
11.970730000000003 -0.032999999999999474 0.006
14.968779999999697 -0.062000000000001165 0.006
5.013750000000073 0.07399999999999984 0.007
10.991790000000037 0.03500000000000014 0.006
5.019350000000031 -0.01699999999999946 0.007
6.999740000000202 -0.0990000000000002 0.006
3.9941499999999905 0.054999999999999716 0.006
6.0270299999997405 0.05999999999999872 0.006
4.041189999999915 -0.09899999999999842 0.006
12.86862999999994 -0.002000000000000668 0.007
1.9940000000001419 0.027000000000001023 0.006
1.8933099999999286 -0.03599999999999959 0.007
2.108400000000074 0.03200000000000003 0.005
2.0800899999999274 0.0259999999999998 0.007
4.731220000000121 -0.05900000000000105 0.005
1.9877799999999297 0.1070000000000011 0.006
5.071289999999863 0.019999999999999574 0.007
6.044240000000173 -0.13199999999999967 0.007
1.9268700000002354 0.05400000000000027 0.007
1.9744599999999082 -0.04400000000000048 0.006
1.999659999999949 0.11599999999999966 0.007
1.0347799999999552 -0.11400000000000077 0.006
2.0305499999999483 -0.011999999999998678 0.007
1.887920000000122 0.022999999999999687 0.006
1.977440000000115 0.038000000000000256 0.007
9.042809999999918 -0.03200000000000003 0.007
4.936209999999846 0.08799999999999919 0.007
1.13178999999991 -0.004000000000001336 0.008
1.990389999999934 -0.07899999999999885 0.006
1.9214300000003277 0.0810000000000013 0.007
2.053519999999935 0.0009999999999976694 0.006
2.0600899999999456 0.0070000000000014495 0.006
4.8221199999998134 -0.0019999999999988916 0.007
2.1107600000000275 -0.021000000000000796 0.006
2.0108800000002702 0.004999999999999005 0.006
2.0497199999999793 -0.02099999999999902 0.007
2.125590000000102 0.02099999999999902 0.007
2.842819999999847 -0.10999999999999943 0.007
3.0873099999998885 0.120000000000001 0.007
3.8532399999999143 -0.08500000000000085 0.007
3.0734200000001692 0.09199999999999875 0.007
2.0505600000001323 -0.0019999999999988916 0.006
3.9450699999997596 -0.012000000000000455 0.007
2.9362599999999475 0.004000000000001336 0.006
5.027480000000196 -0.02800000000000047 0.006
3.976090000000113 0.02899999999999814 0.012
6.085709999999835 -0.08899999999999864 0.007
3.0093400000000656 0.0259999999999998 0.007
8.959719999999834 0.006000000000000227 0.007
3.992490000000089 0.05799999999999983 0.008
1.9865500000000793 -0.045999999999999375 0.007
10.979949999999917 -0.07500000000000107 0.007
9.994140000000243 0.13400000000000212 0.007
114.29147999999986 -0.11600000000000144 0.006
9.007489999999962 0.07000000000000028 0.006
1854.94393 -0.06900000000000084 0.005
