0.0 0.0 0.008
0.8884199999999964 -0.16400000000000148 0.008
1.146759999999972 0.2469999999999999 0.010
1.868940000000066 0.013000000000001677 0.011
1.906979999999976 -0.16400000000000148 0.011
0.08965999999998076 -0.14399999999999835 0.009
0.08982000000003154 0.027999999999998693 0.009
0.8657100000000355 0.1739999999999995 0.012
0.1359499999999798 0.13500000000000156 0.010
0.814239999999927 -0.3200000000000003 0.012
0.9789400000000796 0.254999999999999 0.012
0.09046000000000731 0.07400000000000162 0.012
0.11290999999994256 -0.31299999999999883 0.009
0.7957000000000107 0.029999999999997584 0.010
0.12826000000006843 0.08699999999999974 0.009
0.06943999999998596 0.07499999999999929 0.011
0.8424199999999473 -0.1059999999999981 0.011
0.08423000000004777 -0.125 0.009
0.0906999999999698 0.027999999999998693 0.009
0.9164299999999912 0.2690000000000019 0.009
0.08740999999997712 0.0329999999999977 0.014
3.821070000000077 -0.2699999999999996 0.008
0.1292999999999438 -0.045999999999999375 0.008
0.8693600000000288 0.19000000000000128 0.010
0.08476999999993495 0.1059999999999981 0.010
0.8811699999999973 -0.3299999999999983 0.008
0.9939000000000533 0.31099999999999994 0.011
0.17980999999997493 -0.30600000000000094 0.009
0.030230000000074142 -0.030000000000001137 0.008
0.012089999999943757 0.014000000000002899 0.008
0.7593200000000024 0.1039999999999992 0.009
0.11965999999995347 0.11299999999999955 0.009
0.11420000000009622 0.10699999999999932 0.011
0.7987399999999525 -0.2220000000000013 0.009
0.00874999999996362 -0.004999999999999005 0.009
0.01936000000000604 -0.07900000000000063 0.009
0.006799999999998363 -0.006000000000000227 0.009
0.9269500000000335 0.2120000000000033 0.010
0.027990000000045256 0.014999999999997016 0.010
0.007499999999936335 -0.0009999999999976694 0.009
0.13977999999997337 0.16000000000000014 0.010
0.8467300000000932 -0.4009999999999998 0.008
0.09038999999995667 0.0990000000000002 0.009
0.9106100000000197 0.2699999999999996 0.015
0.1868499999999358 -0.37700000000000244 0.008
0.8162100000000692 0.13400000000000034 0.009
0.14118999999993775 0.15200000000000102 0.009
0.10601000000008298 0.08099999999999952 0.012
0.9063400000000001 -0.31400000000000006 0.008
0.8477699999999686 0.23700000000000188 0.010
2.9719499999999925 -0.16900000000000048 0.010
0.21995000000003984 0.20899999999999963 0.010
0.793519999999944 -0.2630000000000017 0.010
0.2166499999999587 0.05600000000000094 0.010
0.7783800000000838 0.18400000000000105 0.010
0.10965999999996257 0.04299999999999926 0.010
0.13508999999999105 -0.2749999999999986 0.009
3.7700700000000325 -0.12300000000000111 0.008
0.9828800000000228 0.3520000000000003 0.011
0.11775999999997566 0.06700000000000017 0.010
0.15624000000002525 -0.43400000000000105 0.008
1.7447799999999916 0.4920000000000009 0.016
0.0805599999999913 -0.3490000000000002 0.011
8.911709999999971 -0.004000000000001336 0.008
0.9860300000000279 0.3539999999999992 0.010
0.13950999999997293 -0.47199999999999775 0.008
0.9307999999999765 0.3269999999999982 0.009
0.20172999999999774 0.013000000000001677 0.011
3.6604899999999816 0.053000000000000824 0.014
0.32897000000002663 -0.23000000000000043 0.012
0.027929999999969368 0.023999999999997357 0.012
0.6430100000000039 0.022000000000002018 0.009
0.13918999999998505 0.125 0.009
0.17378000000007887 0.06800000000000139 0.010
0.6801100000000133 -0.33200000000000074 0.008
0.12018000000000484 0.018000000000000682 0.008
0.15663999999992484 0.14499999999999957 0.009
0.718340000000012 0.08999999999999986 0.010
0.11684999999999945 0.06199999999999761 0.010
0.15647999999998774 -0.41499999999999915 0.008
5.74831000000006 0.15399999999999991 0.009
0.18922999999995227 0.17099999999999937 0.009
0.7910699999999906 0.12300000000000111 0.010
0.094600000000014 -0.30600000000000094 0.008
0.09492999999997664 -0.07399999999999807 0.008
0.11894000000006599 0.14199999999999946 0.009
0.05031999999994241 0.045999999999999375 0.012
0.6416000000000395 0.015000000000000568 0.009
0.11816999999996369 0.07199999999999918 0.009
0.09544000000005326 0.04899999999999949 0.010
0.09566999999992731 -0.08299999999999841 0.013
5.900480000000016 -0.05600000000000094 0.010
0.8744000000000369 0.16400000000000148 0.010
0.1393600000000106 -0.37700000000000244 0.008
0.7776199999999562 0.1410000000000018 0.008
0.0956100000000788 0.08099999999999952 0.009
0.07440999999994347 0.05099999999999838 0.010
0.8399299999999812 0.10900000000000176 0.011
0.09938999999997122 -0.37099999999999866 0.009
0.8818400000000111 0.2359999999999971 0.010
0.0744799999999941 0.028999999999999915 0.009
0.13963000000001102 0.1180000000000021 0.010
0.07542000000000826 -0.19200000000000017 0.010
0.9469100000000026 0.01899999999999835 0.011
0.8168000000000575 0.11899999999999977 0.011
0.0998299999999972 -0.0519999999999996 0.009
0.1089799999999741 -0.24199999999999733 0.009
0.7610499999999547 0.12099999999999866 0.009
0.12011000000006788 0.08800000000000097 0.010
0.8497899999999845 0.13599999999999923 0.010
1.0774299999999357 -0.11500000000000199 0.009
0.09623000000010506 0.07200000000000273 0.009
0.8945299999999179 -0.25200000000000244 0.009
0.09203999999999724 0.08800000000000097 0.009
0.887110000000007 0.17099999999999937 0.009
2.0696000000000367 -0.3019999999999996 0.009
7.874419999999986 0.28300000000000125 0.010
0.09519000000000233 0.0589999999999975 0.011
1.9182499999999436 -0.21499999999999986 0.009
3.9407500000000937 -0.038999999999997925 0.011
3.0452599999999848 -0.01600000000000179 0.009
1.1414399999999887 0.02400000000000091 0.008
2.0258099999999786 -0.0019999999999988916 0.008
0.8222700000000032 0.08800000000000097 0.009
0.05194000000005872 0.05999999999999872 0.008
0.9967299999999568 -0.16300000000000026 0.008
1.0068800000000238 0.2469999999999999 0.011
4.93954999999994 -0.004999999999999005 0.013
1.111220000000003 -0.12600000000000122 0.011
0.9160000000000537 -0.13799999999999812 0.008
0.9362699999999222 0.1339999999999968 0.010
1.0361100000000079 -0.13799999999999812 0.008
1.9626400000000785 0.036999999999999034 0.008
1.1683799999999565 -0.015999999999998238 0.009
0.8348700000000235 0.134999999999998 0.011
2.1375299999999697 -0.09999999999999787 0.011
10.849299999999971 0.010999999999999233 0.008
0.9908000000000357 -0.004000000000001336 0.010
1.051900000000046 0.16499999999999915 0.009
0.9928099999999631 -0.20899999999999963 0.009
0.9808500000000322 0.28500000000000014 0.011
0.984929999999963 -0.2079999999999984 0.009
5.004980000000046 0.022999999999999687 0.010
3.0012799999999515 -0.11499999999999844 0.009
0.9949699999999666 0.29799999999999827 0.011
0.9965500000000702 -0.16100000000000136 0.010
1.0163599999999633 -0.232999999999997 0.008
0.9837800000000243 0.3549999999999969 0.016
3.0177699999999277 -0.06299999999999883 0.012
4.070340000000101 -0.3219999999999992 0.009
4.921139999999923 0.1509999999999998 0.009
7.003940000000057 -0.05699999999999861 0.008
8.106149999999957 0.020999999999997243 0.010
24.909089999999992 0.038000000000000256 0.010
143.31888000000004 -0.04199999999999804 0.008
3.9992200000000366 0.16199999999999903 0.008
18.009939999999915 -0.036999999999999034 0.010
6.060260000000085 -0.11200000000000188 0.009
4.000139999999988 0.1930000000000014 0.012
1.9225599999999758 0.07000000000000028 0.011
2.9803699999999935 -0.0779999999999994 0.009
3.0434400000000323 -0.09800000000000253 0.008
0.9430399999999963 0.10400000000000276 0.012
1.960619999999949 -0.28200000000000003 0.008
1.974019999999996 0.07499999999999929 0.008
8.977210000000014 0.22499999999999787 0.011
1.0705299999999625 -0.13899999999999935 0.009
0.9667200000000093 0.1490000000000009 0.009
1.0139900000000353 0.004000000000001336 0.010
1.0052100000000337 -0.2480000000000011 0.008
7.036229999999932 0.14300000000000068 0.009
0.9251199999999926 -0.0070000000000014495 0.009
1.0070100000000366 0.06099999999999994 0.009
1.068179999999984 -0.1059999999999981 0.008
0.9020600000000059 0.11999999999999744 0.010
0.9757299999999987 -0.14300000000000068 0.009
4.169489999999996 -0.05799999999999983 0.010
14.787779999999998 0.17100000000000293 0.008
3.10459000000003 0.038999999999997925 0.011
1.9490799999999808 0.06800000000000139 0.010
0.9732999999999947 -0.15900000000000247 0.011
4.093979999999988 -0.01899999999999835 0.011
3.0176700000000665 0.15700000000000003 0.012
7.980529999999931 -0.11199999999999832 0.013
5.02753000000007 0.05999999999999872 0.009
9.891019999999912 -0.07199999999999918 0.009
4.959740000000124 -0.019000000000001904 0.010
8.94114999999988 0.20899999999999963 0.011
1.0447500000000218 -0.17999999999999972 0.009
1.006309999999985 -0.1750000000000007 0.008
1.0317000000000007 0.35400000000000276 0.013
1.8875900000000456 0.003999999999997783 0.010
1.013490000000047 -0.22100000000000009 0.009
2.0298800000000483 0.1460000000000008 0.012
1.948359999999866 0.053999999999998494 0.010
1.0072999999999865 -0.2079999999999984 0.009
1.034080000000131 -0.16499999999999915 0.011
0.9792699999998149 0.2859999999999978 0.010
3.04663000000005 -0.020999999999997243 0.012
2.0361400000001595 0.12899999999999778 0.012
0.8924099999999271 -0.31899999999999906 0.008
6.019720000000007 0.20700000000000074 0.011
0.9885799999999563 -0.04299999999999926 0.011
3.003650000000107 -0.13700000000000045 0.010
0.9674099999999726 0.29499999999999815 0.011
4.144549999999981 -0.13100000000000023 0.010
4.899379999999837 -0.06899999999999906 0.012
3.05313000000001 -0.07700000000000173 0.009
2.9121000000000095 -0.05099999999999838 0.010
7.049430000000029 0.0470000000000006 0.009
3.007630000000063 -0.10800000000000054 0.011
2.0426500000000942 0.1750000000000007 0.012
12.968179999999847 -0.0779999999999994 0.010
1.9598399999999856 0.038000000000000256 0.010
6.967419999999947 0.07000000000000028 0.011
5.018380000000207 0.02699999999999747 0.014
101.35109999999986 -0.15399999999999991 0.010
1.0044600000001083 0.2980000000000018 0.018
0.9985799999999472 -0.18400000000000105 0.011
2.978650000000016 -0.08699999999999974 0.011
0.9963999999999942 0.2629999999999981 0.013
2.0099299999999403 -0.3609999999999971 0.010
0.9847899999999754 0.2339999999999982 0.011
1.017140000000154 -0.14699999999999847 0.010
1.9945299999999406 0.0990000000000002 0.011
0.9840500000000247 -0.15800000000000125 0.010
2.9992899999999736 0.30900000000000105 0.013
1.0324499999999261 -0.13100000000000023 0.011
1.9710300000001553 0.0329999999999977 0.012
0.9968999999998687 -0.1509999999999998 0.011
1.0096800000001167 0.1460000000000008 0.012
0.9598499999999603 -0.08999999999999986 0.012
3.044689999999946 -0.021000000000000796 0.011
6.01881000000003 0.028999999999999915 0.014
0.9322799999999916 0.006000000000000227 0.011
3.053580000000011 -0.027999999999998693 0.010
3.9635900000000674 0.18299999999999983 0.011
5.083229999999958 -0.028999999999999915 0.011
7.973389999999881 0.012000000000000455 0.011
7.0154600000000755 -0.15399999999999991 0.010
9.896780000000035 0.22199999999999775 0.011
2.0825600000000577 -0.37599999999999767 0.008
3.8960799999999836 0.16499999999999915 0.010
1.1158799999998337 -0.11700000000000088 0.008
0.9515599999999722 0.277000000000001 0.012
2.0397700000000896 -0.31899999999999906 0.010
5.930129999999963 0.2579999999999991 0.012
0.8789500000000317 -0.13800000000000168 0.009
1.2165400000001227 0.22100000000000009 0.012
4.878529999999955 -0.036999999999999034 0.010
1.1210999999998421 -0.038999999999997925 0.010
1.8903500000001259 0.013999999999999346 0.011
0.9251699999999801 -0.3440000000000012 0.008
1.080699999999979 0.3949999999999996 0.012
0.9876600000000053 -0.1739999999999995 0.010
1.0329300000000785 -0.2049999999999983 0.009
0.850729999999885 0.2099999999999973 0.010
1.02446000000009 -0.24399999999999977 0.008
6.077340000000049 0.45700000000000074 0.015
5.052919999999858 -0.05900000000000105 0.011
2.901070000000118 -0.06199999999999761 0.010
3.0477999999998246 -0.054000000000002046 0.010
1.8985000000000127 0.019999999999999574 0.010
1.955699999999979 0.022000000000002018 0.010
4.05802000000017 -0.1960000000000015 0.009
1.0301099999999224 0.3049999999999997 0.010
1.0333000000000538 -0.16399999999999793 0.010
1.013819999999896 -0.15900000000000247 0.009
1.0277300000000196 0.26000000000000156 0.009
3.849730000000136 -0.04299999999999926 0.011
0.9747699999998076 -0.0710000000000015 0.011
10.064560000000029 0.06099999999999994 0.011
0.9465200000001914 -0.15200000000000102 0.009
1.0671199999999317 0.28200000000000003 0.012
0.9487799999999424 -0.22699999999999676 0.009
1.1010599999999613 -0.07200000000000273 0.009
0.83983000000012 0.10900000000000176 0.011
4.145909999999958 -0.0990000000000002 0.009
0.9237499999999272 0.1739999999999995 0.010
18.943629999999985 -0.16999999999999815 0.010
0.9785900000001675 0.18299999999999983 0.009
2.1491799999998875 -0.23600000000000065 0.010
0.8541500000001179 0.12199999999999989 0.009
1.0221299999998337 -0.12300000000000111 0.009
1.0067000000001372 0.2729999999999997 0.010
0.9581699999998818 -0.2530000000000001 0.009
0.9927099999999882 0.34299999999999997 0.012
1.070069999999987 -0.1720000000000006 0.011
0.9333500000000186 -0.15700000000000003 0.009
3.01796000000013 0.32200000000000273 0.013
0.977139999999963 -0.23000000000000043 0.009
2.0121999999998934 0.1319999999999979 0.014
4.994860000000017 0.009000000000000341 0.012
0.9802200000001449 -0.2289999999999992 0.009
1.9807799999998679 0.09600000000000009 0.009
12.089660000000094 0.20899999999999963 0.013
2.906039999999848 -0.13200000000000145 0.011
3.1004700000000867 -0.019999999999999574 0.011
4.905379999999923 -0.04999999999999716 0.013
2.000050000000101 0.08199999999999719 0.012
4.020549999999957 -0.26200000000000045 0.010
1.999849999999924 0.09700000000000131 0.012
0.9800000000000182 0.2779999999999987 0.011
4.018000000000029 -0.24399999999999977 0.013
3.9787900000001173 0.11000000000000298 0.012
0.9995699999999488 -0.12700000000000244 0.011
19.994449999999915 0.0259999999999998 0.014
115.35870999999997 0.07000000000000028 0.011
0.9940000000001419 -0.15899999999999892 0.009
2.0085999999998876 0.07699999999999818 0.011
2.009960000000092 0.07800000000000296 0.011
0.9925399999999627 -0.10900000000000176 0.011
8.951549999999997 0.08099999999999952 0.009
8.007589999999936 -0.07600000000000051 0.009
3.954240000000027 0.1980000000000004 0.013
2.0118700000000445 0.07200000000000273 0.013
2.0494900000001053 -0.3130000000000024 0.010
1.9597999999998592 0.045000000000001705 0.010
3.082100000000082 -0.008000000000002672 0.012
2.891830000000027 0.2740000000000009 0.010
10.010499999999865 -0.21199999999999974 0.010
1.1108699999999772 0.19900000000000162 0.010
1.9494900000001962 0.03500000000000014 0.013
5.966029999999819 -0.1960000000000015 0.010
0.9886300000000574 -0.19899999999999807 0.008
8.048170000000027 0.13099999999999667 0.009
1.0477200000000266 0.17700000000000315 0.010
0.9174699999998666 -0.30500000000000327 0.008
1.9122600000000602 0.0470000000000006 0.010
1.0912499999999454 0.24600000000000222 0.009
1.0442400000001726 0.013999999999999346 0.011
1.0136800000000221 -0.23100000000000165 0.009
1.868639999999914 0.009000000000000341 0.008
1.0940299999999752 -0.022999999999999687 0.008
2.9607699999999113 0.2579999999999991 0.009
1.9816600000001472 -0.012999999999998124 0.009
5.040409999999838 -0.28999999999999915 0.011
1.0026000000000295 0.26200000000000045 0.012
5.019790000000057 0.0019999999999988916 0.012
4.817960000000085 -0.10800000000000054 0.008
1.102049999999963 -0.09299999999999997 0.009
2.079430000000002 0.14999999999999858 0.008
2.855239999999867 -0.20399999999999707 0.009
2.1661300000000665 0.22399999999999665 0.011
1.8244700000000194 -0.02499999999999858 0.009
1.1568199999999251 -0.08500000000000085 0.010
1.8414099999999962 -0.009000000000000341 0.010
1.0210900000001857 0.043000000000002814 0.010
2.9218899999998484 0.055999999999997385 0.010
8.03089 -0.0329999999999977 0.009
4.074800000000096 -0.11500000000000199 0.010
0.9068299999998999 0.07400000000000162 0.008
3.0584499999999935 0.0009999999999976694 0.009
0.9090000000001055 0.1930000000000014 0.012
2.0441000000000713 -0.24599999999999866 0.009
0.975439999999935 0.21199999999999974 0.008
0.9711800000000039 -0.1930000000000014 0.010
0.9150600000000395 0.1960000000000015 0.011
1.1523899999999685 -0.0660000000000025 0.010
5.977079999999887 -0.19899999999999807 0.019
4.014319999999998 0.21799999999999997 0.011
0.9769200000000637 -0.18799999999999883 0.009
1.082360000000108 0.12899999999999778 0.012
0.9278499999998076 -0.0779999999999994 0.009
2.925280000000157 -0.08399999999999963 0.011
0.9409299999999803 0.23999999999999844 0.011
1.1431599999998525 -0.11299999999999955 0.009
0.9169600000000173 0.05100000000000193 0.009
1.0358100000000832 0.04199999999999804 0.011
3.008679999999913 -0.10800000000000054 0.010
0.9379200000000765 0.07000000000000028 0.009
1.037409999999909 0.06300000000000239 0.011
1.0067000000001372 -0.25 0.008
0.9287299999998595 0.28500000000000014 0.009
1.049650000000156 -0.1620000000000026 0.009
0.9669799999999213 0.03300000000000125 0.010
0.9973299999999199 0.05900000000000105 0.009
0.9539700000000266 -0.2690000000000019 0.008
1.089770000000044 0.4230000000000018 0.011
1.0030899999999292 -0.240000000000002 0.011
3.9707700000001296 0.1980000000000004 0.010
2.002179999999953 -0.3670000000000009 0.011
1.0100099999999657 0.31200000000000117 0.010
1.0145700000000488 -0.19899999999999807 0.010
2.0007499999999254 0.11499999999999844 0.009
0.9952500000001692 -0.2699999999999996 0.008
1.0145699999998214 0.36299999999999955 0.011
6.0004599999999755 -0.20899999999999963 0.009
0.9896500000002106 0.15700000000000003 0.011
0.999449999999797 -0.02400000000000091 0.010
1.9950800000001436 0.08200000000000074 0.011
0.9688899999998739 -0.24200000000000088 0.011
2.013580000000047 0.16900000000000048 0.011
12.947460000000092 -0.1280000000000001 0.009
3.04979000000003 -0.05900000000000105 0.010
3.009399999999914 -0.0849999999999973 0.008
2.0082299999999123 0.12399999999999878 0.011
2.9484600000000682 -0.01899999999999835 0.009
1.9876100000001315 -0.010000000000001563 0.011
1.9822499999997945 0.08500000000000085 0.011
6.04280000000017 -0.13300000000000267 0.010
4.988020000000006 0.021000000000000796 0.010
1.0009999999999764 0.19399999999999906 0.011
0.9641699999999673 -0.13799999999999812 0.012
3.0074600000000373 -0.03999999999999915 0.010
9.007679999999937 0.12099999999999866 0.010
1.0026600000001054 -0.11499999999999844 0.009
0.9907999999998083 0.2010000000000005 0.014
230.18016000000011 -0.21799999999999997 0.011
10.928719999999885 0.17599999999999838 0.011
0.0172099999999773 0.015999999999998238 0.011
0.008589999999912834 0.008000000000002672 0.012
0.008610000000317086 0.006000000000000227 0.011
0.008609999999862339 -0.0010000000000012221 0.011
0.011719999999968422 0.038000000000000256 0.011
0.008550000000013824 -0.007999999999999119 0.011
0.008580000000165455 0.022999999999999687 0.012
0.008589999999912834 -0.013999999999999346 0.012
0.009250000000065484 0.013999999999999346 0.013
316.0875699999997 -0.33300000000000196 0.010
30.930900000000292 0.27800000000000225 0.013
1.0730399999997644 -0.12600000000000122 0.011
2.89400999999998 -0.015999999999998238 0.015
0.14999000000034357 -0.006000000000000227 0.013
0.01805999999987762 0.006000000000000227 0.015
0.016279999999824213 0.020999999999997243 0.016
0.01205000000027212 -0.0009999999999976694 0.016
1.8090799999999945 -0.06300000000000239 0.010
0.018139999999675638 0.02500000000000213 0.010
0.015580000000227301 0.00999999999999801 0.010
0.015499999999974534 0.013999999999999346 0.011
0.11893000000009124 0.0710000000000015 0.013
0.01849999999967622 0.0010000000000012221 0.013
0.006930000000011205 0.030999999999998806 0.015
0.008980000000065047 0.007999999999999119 0.017
0.00945000000001528 -0.023999999999997357 0.016
0.7502400000003036 0.13299999999999912 0.013
0.018720000000030268 0.0009999999999976694 0.015
0.08127999999987878 -0.16199999999999903 0.011
3.8848399999997127 -0.12099999999999866 0.012
0.009160000000065338 0.01699999999999946 0.012
0.008090000000265718 0.004000000000001336 0.013
0.016149999999925058 -0.005000000000002558 0.012
0.008100000000013097 0.01699999999999946 0.012
0.008299999999962893 -0.012999999999998124 0.012
0.11697999999978492 0.09100000000000108 0.015
0.008050000000366708 -0.022000000000002018 0.014
1.8127599999997983 -0.0329999999999977 0.012
597.2188500000002 0.24899999999999878 0.014
1.9947299999998904 -0.2779999999999987 0.012
140.77007000000003 0.21499999999999986 0.015
365.00459 -0.005000000000002558 0.009
3.023949999999786 -0.0259999999999998 0.014
3.8714199999999437 0.05100000000000193 0.011
1.1687100000003738 -0.03900000000000148 0.011
0.901339999999891 -0.31299999999999883 0.009
0.9477199999996628 0.3379999999999974 0.011
1.040690000000268 -0.18799999999999883 0.010
1.0507299999999304 -0.007999999999999119 0.009
0.9377700000000004 0.10099999999999909 0.013
9.071770000000015 -0.19099999999999895 0.012
1.039929999999913 0.24899999999999878 0.012
0.847479999999905 -0.28500000000000014 0.008
0.23660000000018044 0.22500000000000142 0.012
0.9172800000001189 0.0730000000000004 0.014
0.900119999999788 -0.13200000000000145 0.010
1.0846000000001368 -0.11199999999999832 0.009
0.9454399999999623 0.21599999999999753 0.010
1.0332499999999527 -0.12399999999999878 0.009
1.0198700000000827 0.1670000000000016 0.010
0.9718600000001061 -0.06800000000000139 0.011
0.9904200000000856 -0.22500000000000142 0.009
0.1199199999996381 0.09600000000000009 0.012
0.8887600000002749 0.1479999999999997 0.010
0.11458999999968 0.10500000000000043 0.013
0.8757400000004054 -0.22199999999999775 0.009
5.022579999999834 0.004999999999999005 0.009
11.961829999999736 0.0470000000000006 0.011
1.0200700000000325 -0.10200000000000031 0.011
3.9983400000000984 0.134999999999998 0.011
1.0153700000000754 -0.09499999999999886 0.010
6.927760000000035 0.021000000000000796 0.011
40.94365999999991 -0.12900000000000134 0.010
134.36767999999984 0.29299999999999926 0.012
18.991970000000038 -0.259999999999998 0.010
2.954330000000027 0.3019999999999996 0.013
6.052410000000236 -0.0940000000000012 0.010
0.9177199999999175 -0.21499999999999986 0.008
9.953570000000127 0.0070000000000014495 0.010
5.156729999999698 0.09199999999999875 0.011
2.988340000000335 -0.05000000000000071 0.009
0.8400299999998424 0.11000000000000298 0.013
0.1673000000000684 0.11899999999999977 0.013
1.999409999999898 -0.09700000000000131 0.011
0.9841400000000249 -0.004000000000001336 0.011
5.027570000000196 0.0 0.011
3.944029999999657 0.05700000000000216 0.011
1.0082900000002155 -0.06400000000000006 0.011
0.04613999999992302 0.038999999999997925 0.012
0.9488000000001193 -0.16599999999999682 0.010
14.94482999999991 -0.053000000000000824 0.010
1.0491299999998773 0.3379999999999974 0.015
4.923119999999926 -0.05299999999999727 0.011
13.99174000000039 -0.2950000000000017 0.008
4.017789999999877 0.2710000000000008 0.011
9.926339999999982 -0.04100000000000037 0.012
0.07727999999997337 0.07900000000000063 0.012
0.9436000000000604 -0.26699999999999946 0.009
2.0408800000000156 0.16000000000000014 0.010
0.9413199999999051 -0.11700000000000088 0.008
0.0700499999998101 -0.15500000000000114 0.008
0.9076400000003559 0.32200000000000273 0.010
0.07312000000001717 0.053999999999998494 0.011
0.858009999999922 -0.3470000000000013 0.010
0.22659999999996217 0.23000000000000043 0.014
0.8549600000001192 0.13200000000000145 0.012
0.0452900000000227 0.038999999999997925 0.011
0.11437999999998283 -0.36799999999999855 0.009
4.852619999999661 0.3589999999999982 0.012
0.08892000000014377 -0.22299999999999898 0.009
16.72560999999996 0.18900000000000006 0.011
1.9832299999998213 -0.2079999999999984 0.010
2.1303600000001097 0.045999999999999375 0.009
0.0698299999999108 0.06299999999999883 0.010
0.8100100000001476 0.13700000000000045 0.011
0.9533999999998741 -0.21600000000000108 0.011
1.064270000000306 -0.12899999999999778 0.012
0.9435199999998076 0.2129999999999974 0.012
2.084640000000036 0.09300000000000352 0.010
3.967920000000049 -0.23700000000000188 0.009
0.20035999999981868 0.12399999999999878 0.010
1.0278800000000956 -0.09299999999999997 0.010
14.895930000000135 -0.03599999999999781 0.008
3.8486299999999574 0.030999999999998806 0.009
0.20872999999983222 0.16000000000000014 0.012
0.7757300000002942 0.04299999999999926 0.010
0.1912800000000061 -0.21599999999999753 0.009
2.0110599999998158 0.06199999999999761 0.010
5.866120000000137 0.20599999999999952 0.012
32.940509999999904 -0.053999999999998494 0.011
162.28799999999956 -0.26399999999999935 0.012
1.9919700000000375 0.10899999999999821 0.019
114.02394000000004 -0.03399999999999892 0.014
12.000500000000102 0.10999999999999943 0.015
2.987790000000132 -0.0990000000000002 0.012
1.9935199999999895 0.07199999999999918 0.012
0.7862500000001091 0.1479999999999997 0.014
0.10018000000036409 -0.2759999999999998 0.012
9.071799999999712 0.1390000000000029 0.018
0.9820499999996173 -0.14700000000000202 0.011
7.025920000000042 0.062000000000001165 0.013
8.922559999999976 0.1769999999999996 0.014
0.979710000000523 -0.19900000000000162 0.013
1.0164100000001781 0.08300000000000196 0.012
0.9957099999992352 -0.0010000000000012221 0.014
8.009030000000166 -0.08099999999999952 0.016
2.836080000000038 0.09199999999999875 0.013
0.9788100000005215 -0.003999999999997783 0.011
1.028229999999894 -0.1720000000000006 0.013
0.965209999999388 0.28300000000000125 0.012
1.012670000000071 -0.21799999999999997 0.013
1.01470000000063 0.028999999999999915 0.012
1.96121999999923 -0.13700000000000045 0.011
1.0470900000000256 0.3619999999999983 0.013
0.9658900000003996 -0.2240000000000002 0.011
26.101670000000013 -0.04299999999999926 0.013
9.979730000000018 -0.0010000000000012221 0.013
6.958480000000236 0.1130000000000031 0.014
207.3799599999993 -0.13800000000000168 0.010
9.019160000000738 0.23000000000000043 0.016
10.986689999999726 -0.13500000000000156 0.010
2.947360000000117 -0.16000000000000014 0.010
3.039090000000215 0.1440000000000019 0.011
0.972339999999349 0.08200000000000074 0.013
1.0164500000000771 -0.1750000000000007 0.011
1.0072700000000623 0.2579999999999991 0.015
7.948449999999866 -0.08699999999999974 0.015
1.96903999999995 0.028999999999999915 0.013
1.998290000000452 0.09799999999999898 0.014
2.026560000000245 -0.2989999999999995 0.011
0.9872799999993731 0.23000000000000043 0.014
1.0072399999999107 -0.14499999999999957 0.012
0.9980599999998958 0.10200000000000031 0.014
0.9665800000002491 -0.04899999999999949 0.013
1.0436799999997675 -0.09600000000000009 0.012
1.0085100000005696 0.22499999999999787 0.014
0.9408800000001065 -0.20599999999999952 0.013
0.9839299999994182 0.2560000000000002 0.013
0.04973000000063621 -0.16999999999999815 0.013
0.9429599999994025 -0.013000000000001677 0.013
1.0309900000002017 -0.08999999999999986 0.015
0.9707799999996496 0.16000000000000014 0.012
0.9054300000007061 -0.15500000000000114 0.011
5.060469999999441 0.0010000000000012221 0.011
0.06720000000041182 0.03999999999999915 0.013
4.928750000000036 -0.03200000000000003 0.012
4.834990000000289 0.0030000000000001137 0.011
1.1402499999994689 0.2690000000000019 0.014
1.9814800000003743 -0.2710000000000008 0.011
2.9299000000000888 0.2190000000000012 0.013
0.142479999999523 -0.14700000000000202 0.012
0.9144999999998618 -0.054999999999999716 0.010
2.8380000000006476 0.027999999999998693 0.012
0.10001999999985856 -0.10499999999999687 0.010
0.13220999999975902 0.07299999999999685 0.012
0.8960999999999331 0.23200000000000287 0.013
0.09522999999990134 -0.1280000000000001 0.012
0.7659800000001269 -0.16300000000000026 0.013
1.2062299999997776 -0.037000000000002586 0.010
3.7717099999999846 0.03200000000000003 0.012
0.25164000000040687 0.1700000000000017 0.014
5.791199999999662 0.16100000000000136 0.018
5.968579999999747 -0.21300000000000097 0.011
3.064300000000003 -0.05100000000000193 0.011
1.0697400000008201 -0.15199999999999747 0.009
0.8634399999991729 0.20599999999999952 0.012
4.009320000000116 0.21899999999999764 0.017
15.029960000000756 -0.3949999999999996 0.011
0.03854999999930442 -0.04299999999999926 0.012
0.03628000000026077 0.07000000000000028 0.014
0.03390000000035798 0.0019999999999988916 0.014
1.8934300000000803 0.10500000000000043 0.015
2.04511999999977 0.14499999999999957 0.016
0.9554899999993722 -0.3099999999999987 0.012
1.0163600000005317 0.3240000000000016 0.013
1.0068899999996574 -0.18700000000000117 0.012
1.9516899999998714 0.10200000000000031 0.012
8.038480000000163 -0.054999999999999716 0.011
11.985859999999775 0.0990000000000002 0.015
2.978840000000673 -0.0940000000000012 0.014
172.20640999999978 0.14699999999999847 0.013
1.056260000000293 -0.16000000000000014 0.011
12.925159999999778 -0.14399999999999835 0.009
4.942649999999958 -0.04100000000000037 0.010
