0.0 0.0 0.017
6.76872000000003 0.05699999999999861 0.027
4.0828300000002855 -0.17099999999999937 0.015
2.944629999999961 0.13200000000000145 0.016
3.1352899999997135 0.010999999999999233 0.014
4.960140000000138 0.06400000000000006 0.017
3.8863099999998667 -0.19000000000000128 0.018
14.042809999999918 0.030000000000001137 0.015
8.955220000000281 -0.015999999999998238 0.015
5.0157500000000255 0.19799999999999685 0.022
14.950739999999769 0.011000000000002785 0.020
143.37293 -0.07200000000000273 0.018
13.995570000000043 -0.14899999999999736 0.015
10.965320000000247 0.11199999999999832 0.015
16.080109999999877 0.045999999999999375 0.017
10.978270000000066 -0.18499999999999872 0.017
3.952060000000074 0.16300000000000026 0.018
3.9299299999997857 -0.07199999999999918 0.020
7.077580000000125 -0.04800000000000182 0.019
3.9130700000000616 0.10600000000000165 0.017
2.056069999999636 -0.06800000000000139 0.014
1.9683600000003025 -0.04899999999999949 0.016
10.067869999999857 0.021000000000000796 0.019
8.876940000000104 0.1819999999999986 0.031
3.9642899999998917 -0.1460000000000008 0.015
4.070589999999811 0.008000000000002672 0.021
1.8770900000004076 -0.04800000000000182 0.017
1.2190200000000004 0.009000000000000341 0.018
1.944459999999708 0.0030000000000001137 0.018
1.9407100000003084 0.26599999999999824 0.016
1.9528299999997216 -0.26699999999999946 0.014
3.129710000000159 -0.06099999999999994 0.019
2.003600000000006 0.09800000000000253 0.020
6.957139999999981 0.03999999999999915 0.017
5.054749999999785 -0.03999999999999915 0.017
3.7265000000002146 -0.0470000000000006 0.014
2.1212799999998424 0.0009999999999976694 0.014
2.9031300000001465 0.2660000000000018 0.020
2.014459999999872 -0.07900000000000063 0.014
2.0597700000002988 -0.15200000000000102 0.014
1.90108999999984 0.020000000000003126 0.019
10.08075000000008 0.14999999999999858 0.018
2.9832799999999224 -0.18400000000000105 0.018
3.9670000000000982 0.0519999999999996 0.019
0.8975399999999354 -0.10999999999999943 0.022
1.0546599999997852 0.11500000000000199 0.015
0.9426100000000588 -0.09299999999999997 0.016
0.06442999999990207 0.038999999999997925 0.015
1.9161300000000665 0.01699999999999946 0.019
0.15842000000020562 -0.04499999999999815 0.015
2.0546799999997347 0.0009999999999976694 0.015
2.04787000000033 0.12300000000000111 0.016
2.018419999999878 0.17099999999999937 0.021
6.82024999999976 -0.2569999999999979 0.016
3.9561100000000806 0.0990000000000002 0.020
5.170129999999972 0.013999999999999346 0.023
2.7866899999999077 -0.062000000000001165 0.020
6.0961700000002566 -0.13700000000000045 0.014
9.001020000000153 0.05799999999999983 0.021
5.9781599999996615 -0.029999999999997584 0.016
5.940020000000004 0.007999999999999119 0.019
4.034450000000106 0.08299999999999841 0.021
4.953739999999925 -0.11299999999999955 0.021
7.03563000000031 0.062000000000001165 0.016
10.977609999999913 0.1739999999999995 0.021
131.36249999999973 0.030999999999998806 0.017
8.04215000000022 -0.11299999999999955 0.017
14.941049999999905 -0.015000000000000568 0.020
4.9821099999999205 -0.11599999999999966 0.017
10.972250000000258 0.14700000000000202 0.016
8.071570000000065 0.13100000000000023 0.022
3.973569999999654 -0.2630000000000017 0.016
3.9659700000001976 0.0470000000000006 0.021
6.033579999999802 0.1529999999999987 0.019
3.87967000000026 -0.20199999999999818 0.017
13.060939999999846 0.18299999999999983 0.017
3.06259 -0.17600000000000193 0.019
2.8063099999999395 0.10100000000000264 0.017
1.9608699999998862 -0.1280000000000001 0.016
3.1558899999999994 0.04299999999999926 0.017
1.9489300000000185 0.26599999999999824 0.016
12.14182000000028 -0.21899999999999764 0.025
1.9281599999999344 -0.054999999999999716 0.016
1.0404600000001665 0.021999999999998465 0.017
1.7964999999999236 -0.021000000000000796 0.019
2.121689999999944 0.038000000000000256 0.015
1.9528900000000249 -0.038999999999997925 0.017
1.062159999999949 -0.0020000000000024443 0.017
1.870339999999942 0.0660000000000025 0.018
5.99207000000024 0.1769999999999996 0.021
8.05793999999969 -0.13299999999999912 0.047
1.1205500000000939 -0.03400000000000247 0.019
1.7347599999998238 -0.10299999999999798 0.018
2.0363099999999577 0.06700000000000017 0.018
2.010160000000269 0.19099999999999895 0.020
1.9354699999998957 -0.23000000000000043 0.018
2.039560000000165 -0.053999999999998494 0.019
4.1504399999998896 0.0990000000000002 0.017
2.014299999999821 0.047999999999998266 0.020
2.0058200000003126 -0.04199999999999804 0.019
2.8886099999999715 0.09899999999999665 0.021
1.9753700000001118 0.028999999999999915 0.029
1.0386899999998604 -0.06699999999999662 0.025
4.097739999999703 -0.18100000000000094 0.025
2.9614000000001397 0.17299999999999827 0.020
2.940650000000005 -0.16000000000000014 0.015
2.974079999999958 0.3410000000000011 0.017
4.989990000000034 -0.3230000000000004 0.017
5.967309999999998 0.03399999999999892 0.014
9.000520000000051 -0.029999999999997584 0.019
4.021740000000136 0.13700000000000045 0.016
5.945979999999963 0.0730000000000004 0.025
4.992539999999735 -0.31099999999999994 0.019
9.074100000000271 0.06499999999999773 0.025
11.943479999999909 0.03900000000000148 0.021
122.33420000000024 0.08399999999999963 0.021
7.949779999999919 -0.07400000000000162 0.014
4.994699999999739 0.2840000000000025 0.019
4.003819999999905 -0.2920000000000016 0.015
2.9594300000003386 0.11400000000000077 0.025
2.0788399999996727 0.00999999999999801 0.014
2.039520000000266 -0.09999999999999787 0.019
4.90747999999985 0.24599999999999866 0.020
2.966359999999895 -0.26599999999999824 0.015
2.0568200000002435 0.021999999999998465 0.014
1.9310700000000907 0.11899999999999977 0.014
1.1133599999998296 -0.05000000000000071 0.017
1.9082400000002053 -0.11399999999999721 0.014
1.9621299999998882 0.17299999999999827 0.017
5.029770000000099 -0.16499999999999915 0.018
2.011529999999766 0.03999999999999915 0.015
2.050580000000082 0.04299999999999926 0.014
1.9607099999998354 0.053000000000000824 0.017
1.0748600000001716 0.006000000000000227 0.017
2.8780299999998533 -0.0710000000000015 0.020
1.1442799999999806 -0.06099999999999994 0.014
1.824170000000322 0.22100000000000009 0.016
1.041269999999713 -0.06099999999999994 0.019
1.9689000000003034 -0.2049999999999983 0.014
1.0692399999998088 0.04499999999999815 0.014
1.9985700000001998 0.07900000000000063 0.014
3.0571099999997386 0.05799999999999983 0.018
3.9505400000002737 -0.12599999999999767 0.018
2.980439999999817 0.24799999999999756 0.022
1.0308799999997973 -0.054999999999999716 0.016
0.9092000000000553 -0.20700000000000074 0.015
1.0201600000000326 0.0030000000000001137 0.015
0.9785000000001673 0.03400000000000247 0.019
0.9231799999997747 0.0470000000000006 0.022
0.013609999999971478 0.0379999999999967 0.021
0.006820000000061555 -0.008999999999996788 0.020
0.0029600000002574234 0.021999999999998465 0.021
0.02614999999968859 -0.012000000000000455 0.020
0.1417300000002797 -0.08999999999999986 0.020
0.06356999999979962 -0.03500000000000014 0.019
0.8559199999999691 0.1509999999999998 0.022
2.9363400000002002 -0.19699999999999918 0.031
1.0954200000001038 0.10999999999999943 0.014
2.0521300000000338 -0.11199999999999832 0.017
0.9575799999997798 0.14399999999999835 0.015
0.994130000000041 0.14499999999999957 0.015
1.0072500000001128 0.08699999999999974 0.019
1.854359999999815 -0.31099999999999994 0.014
2.0629400000002533 0.02400000000000091 0.014
1.9697400000000016 0.027999999999998693 0.017
4.989759999999933 -0.05799999999999983 0.016
1.0046399999996538 0.060000000000002274 0.015
0.2128099999999904 -0.09500000000000242 0.018
0.7899500000003172 0.1880000000000024 0.020
1.056369999999788 0.0519999999999996 0.022
1.9864600000000792 -0.054999999999999716 0.016
2.0599999999999454 -0.0990000000000002 0.023
3.9472799999998642 0.11299999999999955 0.018
0.18590000000040163 -0.16000000000000014 0.019
0.7761599999998907 0.14300000000000068 0.015
0.22359999999980573 -0.1180000000000021 0.023
0.7402000000001863 -0.009000000000000341 0.014
1.1217599999999948 0.03200000000000003 0.013
1.0296399999997448 -0.1509999999999998 0.020
1.0639900000001035 0.019999999999999574 0.021
0.8175200000000586 0.20500000000000185 0.017
0.21630000000004657 -0.12199999999999989 0.017
0.7401500000000851 0.3000000000000007 0.018
1.0706500000001142 0.021000000000000796 0.016
0.9536799999996219 -0.19200000000000017 0.014
0.9846700000002784 -0.06800000000000139 0.014
1.9789699999996628 -0.04299999999999926 0.013
1.0018700000000536 0.04100000000000037 0.014
1.0469700000003286 0.04199999999999804 0.017
2.015570000000025 0.04800000000000182 0.018
0.8779499999996005 -0.15900000000000247 0.014
0.25577000000021144 0.09500000000000242 0.018
0.7949699999999211 -0.09100000000000108 0.013
2.070140000000265 -0.007999999999999119 0.014
0.9446799999996074 0.10899999999999821 0.017
0.9796700000001692 0.22300000000000253 0.016
1.157970000000205 -0.22300000000000253 0.017
8.014779999999973 -0.03399999999999892 0.018
0.8188299999997071 -0.02499999999999858 0.017
0.9783500000003187 -0.05100000000000193 0.014
1.0754299999998693 -0.015999999999998238 0.017
0.08897999999999229 0.08199999999999719 0.016
0.811200000000099 -0.009000000000000341 0.016
2.133969999999863 0.022000000000002018 0.016
2.8632299999999304 -0.03900000000000148 0.015
1.1237200000000485 0.0470000000000006 0.014
0.9956299999998919 -0.045999999999999375 0.014
0.9245700000001307 -0.0010000000000012221 0.014
0.982010000000173 0.08900000000000219 0.014
3.990139999999883 -0.07700000000000173 0.015
1.0720299999998133 -0.05600000000000094 0.015
0.9687300000000505 -0.04299999999999926 0.019
4.954889999999978 0.12100000000000222 0.037
0.9992600000000493 -0.060000000000002274 0.016
1.059690000000046 -0.03599999999999781 0.017
3.937919999999849 0.10099999999999909 0.021
1.0498600000000806 0.07399999999999807 0.014
1.9127699999999095 -0.20899999999999963 0.014
1.9586600000002363 0.2840000000000025 0.017
1.058140000000094 -0.009000000000000341 0.016
1.0386799999996583 0.09499999999999886 0.015
0.9010200000002442 -0.19599999999999795 0.019
0.9738299999999072 -0.17400000000000304 0.020
7.034779999999955 0.1410000000000018 0.014
1.0774900000001253 -0.018000000000000682 0.016
1.0042199999998047 -0.05900000000000105 0.023
3.096559999999954 0.0020000000000024443 0.030
0.7880000000000109 0.30799999999999983 0.023
1.1079200000003766 -0.06900000000000261 0.021
1.0706099999997605 0.03900000000000148 0.021
0.9932300000000396 -0.08699999999999974 0.018
1.9394000000002052 -0.19500000000000028 0.015
2.992819999999938 0.11700000000000088 0.015
2.979069999999865 -0.2240000000000002 0.017
2.9961100000000442 0.05600000000000094 0.018
7.025549999999839 -0.022000000000002018 0.018
5.94925000000012 0.0710000000000015 0.016
2.0295599999999467 0.019999999999999574 0.018
3.9705699999999524 0.08999999999999986 0.019
2.945180000000164 -0.22800000000000153 0.021
6.0672099999997045 0.13100000000000023 0.017
4.988710000000083 0.1960000000000015 0.018
123.33453000000009 -0.120000000000001 0.014
5.000260000000253 0.1039999999999992 0.017
4.975199999999859 -0.16199999999999903 0.018
3.00574000000006 0.08699999999999974 0.016
2.0367999999998574 -0.038999999999997925 0.014
11.93663000000015 -0.03100000000000236 0.015
2.0537899999999354 0.06400000000000006 0.014
2.0286599999999453 -0.027000000000001023 0.017
2.897149999999783 -0.013999999999999346 0.014
3.020980000000236 0.18599999999999994 0.017
2.053570000000036 -0.0779999999999994 0.018
2.938290000000052 -0.120000000000001 0.015
1.945220000000063 0.07800000000000296 0.019
9.05186999999978 0.12399999999999878 0.015
1.0069600000001628 -0.11400000000000077 0.013
2.0803399999999783 -0.1039999999999992 0.017
1.9151899999997113 -0.012000000000000455 0.015
2.892620000000079 0.0030000000000001137 0.014
2.065610000000106 -0.03399999999999892 0.012
1.1372799999999188 0.06099999999999994 0.013
1.8413700000000972 0.2029999999999994 0.015
2.133640000000014 0.00999999999999801 0.017
0.815860000000157 -0.2589999999999968 0.022
12.085529999999835 0.05999999999999872 0.016
0.9376999999999498 0.21699999999999875 0.020
2.1900000000000546 -0.007999999999999119 0.017
0.8690599999999904 -0.21799999999999997 0.014
0.9937300000001414 -0.06800000000000139 0.012
0.9729800000000068 0.05000000000000071 0.014
0.9690200000000004 0.04100000000000037 0.013
1.0896299999999428 -0.04499999999999815 0.013
2.064969999999903 0.08699999999999974 0.016
1.9506700000001729 -0.11500000000000199 0.016
0.9496799999997165 0.010999999999999233 0.014
1.9576600000000326 0.0920000000000023 0.018
1.0431300000000192 0.0329999999999977 0.019
5.07398000000012 -0.07399999999999807 0.017
2.954229999999825 0.004000000000001336 0.014
0.8096800000002986 -0.06300000000000239 0.014
1.0543799999995827 0.022000000000002018 0.014
1.0421000000001186 -0.022000000000002018 0.012
0.9887100000000828 -0.03399999999999892 0.014
0.9819699999998193 0.05699999999999861 0.014
1.0824600000000828 0.0030000000000001137 0.014
1.0048799999999574 0.08200000000000074 0.014
0.9427700000001096 0.1670000000000016 0.016
0.8899599999999737 -0.22900000000000276 0.014
1.021979999999985 -0.046999999999997044 0.012
8.031890000000203 0.0030000000000001137 0.014
2.144489999999678 0.019999999999999574 0.015
1.0039800000004107 -0.045000000000001705 0.016
5.892389999999978 -0.05799999999999983 0.016
2.875279999999748 0.11899999999999977 0.017
1.1893700000000536 0.05900000000000105 0.013
0.835739999999987 -0.07900000000000063 0.013
1.133940000000166 0.02499999999999858 0.018
1.0369799999998577 0.017000000000003013 0.016
0.9639099999999416 -0.09800000000000253 0.014
1.076010000000224 -0.012999999999998124 0.016
1.6629199999997581 0.11299999999999955 0.018
0.2992500000000291 0.012000000000000455 0.014
0.7572000000000116 -0.07600000000000051 0.018
0.9742599999999584 -0.004999999999999005 0.014
0.34005000000024665 0.16999999999999815 0.017
0.6373499999999694 -0.10299999999999798 0.019
1.0465599999997721 -0.01600000000000179 0.014
1.0549700000001394 -0.007999999999999119 0.014
1.0281099999997423 0.06400000000000006 0.014
4.888110000000324 -0.07499999999999929 0.021
4.077099999999973 0.18299999999999983 0.023
1.0565999999998894 0.009000000000000341 0.024
0.984820000000127 -0.0940000000000012 0.014
0.9804899999999179 -0.10000000000000142 0.015
1.0620199999998476 -0.07000000000000028 0.013
0.9470900000001166 0.06099999999999994 0.014
0.9572400000001835 0.08900000000000219 0.014
1.017779999999675 0.004999999999999005 0.014
1.0320400000000518 -0.009000000000000341 0.015
0.9482100000000173 -0.021999999999998465 0.014
1.0170499999999265 -0.03300000000000125 0.014
1.0084900000001653 -0.030999999999998806 0.013
0.990690000000086 -0.028999999999999915 0.013
1.0458599999997205 0.022999999999999687 0.014
2.992750000000342 0.2839999999999989 0.014
0.9687300000000505 -0.16699999999999804 0.014
1.061949999999797 -0.012000000000000455 0.014
1.8729499999999462 -0.06700000000000017 0.014
1.1160600000002887 -0.018000000000000682 0.013
6.932459999999992 -0.01600000000000179 0.014
1.0094999999996617 0.08200000000000074 0.015
1.004570000000058 0.1180000000000021 0.017
0.996560000000045 0.1039999999999992 0.024
2.0230000000001382 -0.23600000000000065 0.019
0.9723599999997532 -0.08699999999999974 0.013
1.0089200000002165 -0.012000000000000455 0.015
6.912710000000061 0.05100000000000193 0.014
3.1247699999998986 0.030999999999998806 0.015
1.888339999999971 0.062000000000001165 0.014
1.9791099999997641 -0.15300000000000225 0.015
6.128720000000158 0.1460000000000008 0.024
1.8853899999999157 -0.1720000000000006 0.019
1.1301800000001094 0.038000000000000256 0.019
1.844630000000052 0.22500000000000142 0.027
4.084649999999783 -0.18299999999999983 0.020
2.033150000000205 -0.06800000000000139 0.014
1.8950399999998808 -0.010999999999999233 0.020
2.0684400000000096 0.053000000000000824 0.022
4.9238900000000285 0.17599999999999838 0.023
3.056050000000141 0.03200000000000003 0.018
2.9530399999998735 -0.26000000000000156 0.025
1.9967700000001969 0.12600000000000122 0.020
2.0339599999997517 -0.245000000000001 0.020
2.997940000000199 -0.13899999999999935 0.018
6.973099999999704 0.3410000000000011 0.022
6.013810000000376 -0.02400000000000091 0.019
101.3435599999998 -0.05999999999999872 0.020
5.025720000000092 0.3279999999999994 0.019
