0.0 0.0 0.035
3.021349999999984 -0.16699999999999804 0.020
3.0123700000003737 0.2029999999999994 0.030
3.9514899999999216 -0.129999999999999 0.020
4.98052000000007 0.11299999999999955 0.022
29.11478999999963 -0.14300000000000068 0.026
18.857680000000073 -0.053000000000000824 0.020
25.009450000000015 0.19200000000000017 0.048
123.30360999999994 -0.134999999999998 0.023
15.031680000000051 -0.04899999999999949 0.023
9.976560000000063 0.34399999999999764 0.032
13.945290000000114 -0.3000000000000007 0.024
11.10118999999986 0.017000000000003013 0.020
2.0238100000001396 0.24299999999999855 0.027
2.917489999999816 -0.013999999999999346 0.037
7.002350000000206 -0.07400000000000162 0.021
3.8735200000000987 0.08099999999999952 0.023
2.103059999999914 -0.08899999999999864 0.025
10.020669999999882 -0.20700000000000074 0.021
8.09310000000005 0.25900000000000034 0.049
6.843760000000202 -0.1269999999999989 0.022
1.990099999999984 -0.11400000000000077 0.021
1.1707199999996192 0.04100000000000037 0.034
9.964860000000044 0.027999999999998693 0.035
3.8997400000002926 0.01699999999999946 0.043
5.82511999999997 -0.01799999999999713 0.023
6.042339999999967 0.07099999999999795 0.025
2.988600000000133 -0.012000000000000455 0.020
2.828189999999722 -0.10499999999999687 0.025
2.3463700000002063 0.11499999999999844 0.033
0.831079999999929 0.12300000000000111 0.020
1.961999999999989 -0.10100000000000264 0.020
2.014220000000023 -0.14099999999999824 0.020
8.139000000000124 -0.012000000000000455 0.029
3.697689999999966 0.027999999999998693 0.032
6.090490000000045 0.045000000000001705 0.027
2.1901199999997516 0.17999999999999972 0.032
2.841400000000249 -0.2779999999999987 0.017
2.043319999999767 0.20399999999999707 0.020
2.0216599999998834 -0.26099999999999923 0.017
2.0184699999999793 0.31899999999999906 0.029
7.897760000000289 -0.3059999999999974 0.022
6.105270000000019 0.2240000000000002 0.038
2.931279999999788 0.11799999999999855 0.024
9.948609999999917 -0.11899999999999977 0.026
9.049250000000029 -0.10699999999999932 0.027
4.8987700000002405 0.2309999999999981 0.026
5.055280000000039 -0.07199999999999918 0.032
4.035939999999755 -0.20599999999999952 0.025
4.963600000000042 0.1789999999999985 0.028
7.000640000000203 0.06300000000000239 0.039
18.948589999999967 -0.1410000000000018 0.036
126.37582999999995 -0.08399999999999963 0.020
10.96131000000014 0.2699999999999996 0.030
9.979319999999916 -0.2129999999999974 0.020
4.982959999999821 0.10999999999999943 0.022
11.989480000000185 -0.21000000000000085 0.028
7.008769999999913 0.03399999999999892 0.020
3.083689999999933 -0.10699999999999932 0.027
5.959400000000187 0.3960000000000008 0.028
4.06957999999986 -0.013000000000001677 0.047
8.785620000000108 -0.21799999999999997 0.035
7.21434999999974 -0.06799999999999784 0.020
1.774290000000292 0.023999999999997357 0.023
4.895089999999982 -0.003999999999997783 0.019
3.19342000000006 0.259999999999998 0.026
1.921139999999923 -0.023999999999997357 0.028
2.0032499999997526 -0.11599999999999966 0.021
5.046769999999924 -0.015000000000000568 0.040
7.07407000000012 -0.13300000000000267 0.022
1.9193100000002232 0.004000000000001336 0.025
1.1249499999998989 0.0730000000000004 0.024
1.952060000000074 -0.028999999999999915 0.023
1.9078899999999521 0.21199999999999974 0.028
1.9769999999998618 -0.120000000000001 0.026
2.1335699999999633 -0.019999999999999574 0.025
8.994340000000193 -0.12899999999999778 0.032
5.902149999999892 0.16899999999999693 0.025
2.013840000000073 -0.0589999999999975 0.039
1.0413300000000163 -0.13000000000000256 0.029
1.971549999999752 0.12199999999999989 0.028
2.9933200000000397 0.19400000000000261 0.029
1.9854700000000776 -0.17900000000000205 0.023
4.946370000000115 -0.05299999999999727 0.021
1.9976999999998952 0.18999999999999773 0.028
1.9706099999998514 -0.03500000000000014 0.030
2.896770000000288 0.018000000000000682 0.028
5.126400000000103 -0.24099999999999966 0.031
2.889259999999922 0.08399999999999963 0.024
3.083939999999984 0.21499999999999986 0.028
3.8623899999997775 -0.0070000000000014495 0.026
5.163489999999911 -0.2589999999999968 0.024
5.995940000000246 -0.08400000000000318 0.022
1.995719999999892 0.11600000000000321 0.037
7.870670000000246 0.1819999999999986 0.029
3.1140299999997296 0.07399999999999807 0.031
5.94905000000017 -0.2829999999999977 0.029
4.973999999999705 0.07099999999999795 0.030
4.007530000000315 0.13700000000000045 0.027
15.96929 -0.019999999999999574 0.030
126.28197 -0.259999999999998 0.020
