0.0 0.0 0.004
3.0326099999997496 -0.017000000000001236 0.004
3.009700000000066 0.10899999999999999 0.004
3.1212600000003476 0.011000000000001009 0.004
35.880319999999756 -0.006000000000000227 0.004
16.984559999999874 -0.09999999999999964 0.004
24.98244999999997 0.0030000000000001137 0.004
123.32941000000028 0.05799999999999983 0.004
15.022159999999985 -0.07200000000000095 0.004
8.993779999999788 0.1120000000000001 0.004
11.950850000000173 0.0010000000000012221 0.004
11.015399999999772 0.02999999999999936 0.004
4.018960000000334 -0.10200000000000031 0.004
2.0188799999996263 -0.04899999999999949 0.004
6.793590000000222 0.13700000000000045 0.004
7.0030799999999545 -0.13000000000000078 0.004
2.1481400000002395 0.06400000000000006 0.004
9.977219999999761 -0.06600000000000072 0.004
8.091490000000249 0.10600000000000165 0.004
3.9912999999996828 -0.10100000000000087 0.004
4.725620000000163 0.12400000000000055 0.004
1.2886899999998604 0.02099999999999902 0.004
1.9872199999999793 -0.0389999999999997 0.004
1.9491100000000188 -0.058999999999999275 0.004
2.024130000000241 -0.049000000000001265 0.004
0.9275299999999334 -0.0030000000000001137 0.004
3.065439999999853 0.09600000000000009 0.004
0.8552700000000186 0.010000000000001563 0.004
3.043450000000121 0.006999999999999673 0.004
5.9119299999997565 -0.12199999999999989 0.004
6.014030000000275 0.1509999999999998 0.004
2.9430499999998574 -0.08699999999999974 0.004
2.911840000000211 -0.04800000000000004 0.004
2.249459999999999 0.05799999999999983 0.004
1.9835699999998724 0.06199999999999939 0.004
13.928440000000137 0.013999999999999346 0.004
2.9503099999997175 -0.04399999999999871 0.004
3.879240000000209 -0.09100000000000108 0.004
5.036839999999756 0.1280000000000001 0.004
2.040809999999965 -0.019999999999999574 0.004
2.023490000000038 -0.0519999999999996 0.004
2.0180600000003324 -0.05900000000000105 0.004
7.899519999999939 0.1280000000000001 0.004
6.153739999999743 -0.11799999999999855 0.004
1.9846299999999246 0.054999999999999716 0.004
2.9915399999999863 0.06599999999999895 0.004
7.85465000000022 -0.14400000000000013 0.004
9.04980999999998 0.0600000000000005 0.004
4.898850000000039 0.0030000000000001137 0.004
5.05515000000014 0.06600000000000072 0.004
4.036020000000008 -0.10500000000000043 0.004
4.963659999999891 0.0779999999999994 0.004
7.000450000000001 -0.06799999999999962 0.004
19.967859999999746 0.11999999999999922 0.004
125.35314000000017 -0.005999999999998451 0.004
10.033089999999902 -0.036000000000001364 0.004
10.02520000000004 -0.11299999999999955 0.004
4.973309999999856 0.15600000000000058 0.004
12.883740000000216 -0.014000000000001123 0.004
7.010670000000118 -0.13100000000000023 0.004
3.0830299999997806 0.09800000000000075 0.004
5.949470000000019 -0.05599999999999916 0.004
4.07970000000023 -0.0030000000000001137 0.004
7.906909999999698 0.023999999999999133 0.004
8.089020000000346 0.06700000000000017 0.004
1.823570000000018 0.0039999999999995595 0.004
2.0984699999999066 -0.06599999999999895 0.004
2.83170999999993 -0.07000000000000028 0.004
3.0625300000001516 0.06700000000000017 0.004
1.965179999999691 0.04399999999999871 0.004
2.0052800000003117 0.017000000000001236 0.004
12.12577999999985 0.014999999999998792 0.004
1.9169200000001183 -0.0389999999999997 0.004
1.1273999999998523 -0.04499999999999993 0.004
1.937829999999849 -0.051000000000000156 0.004
1.8897000000001754 -0.004999999999999005 0.004
2.008730000000014 0.06199999999999939 0.004
1.1384800000000723 0.028999999999999915 0.004
1.9148000000000138 0.04100000000000037 0.004
8.07513999999992 -0.13100000000000023 0.004
5.900849999999991 0.13400000000000034 0.004
2.013680000000022 -0.06600000000000072 0.004
2.060320000000047 -0.07299999999999862 0.004
2.022860000000037 0.006999999999999673 0.004
1.9242999999996755 0.05999999999999872 0.004
1.9857200000001285 0.058000000000001606 0.004
4.946370000000115 -0.062000000000001165 0.004
1.9609199999999873 -0.04400000000000048 0.004
1.9970899999998437 -0.0129999999999999 0.004
2.907180000000153 0.09500000000000064 0.004
5.193470000000161 -0.031000000000000583 0.004
2.87041999999974 -0.07699999999999996 0.004
3.035519999999906 0.07200000000000095 0.004
3.084010000000035 0.06599999999999895 0.004
5.765220000000227 -0.11599999999999966 0.004
2.2009800000000723 0.0039999999999995595 0.004
5.854859999999917 0.125 0.004
9.015439999999671 -0.04800000000000004 0.004
4.008270000000266 0.019000000000000128 0.004
6.0569399999999405 -0.09399999999999942 0.004
5.932470000000194 0.13199999999999967 0.004
19.011529999999766 -0.14499999999999957 0.004
123.33080000000018 -0.010999999999999233 0.004
