0.0 0.0 0.030
11.885960000000068 0.916999999999998 0.055
2.9759800000001633 -0.8759999999999977 0.028
3.909819999999854 0.6649999999999991 0.037
3.1478299999998853 -0.6730000000000018 0.029
4.921290000000226 0.004000000000001336 0.027
18.991860000000088 0.015000000000000568 0.027
7.906259999999747 0.31799999999999784 0.031
3.0739699999999175 -0.33999999999999986 0.031
9.94291000000021 0.006000000000000227 0.038
1.0558999999998377 0.6970000000000027 0.063
10.982230000000072 -0.6410000000000018 0.036
4.974250000000211 0.07700000000000173 0.041
126.33126999999968 -0.13700000000000045 0.035
19.94308000000001 0.01899999999999835 0.026
5.001630000000205 -0.030999999999998806 0.023
9.008710000000065 0.021000000000000796 0.024
10.956670000000031 0.030999999999998806 0.025
9.004500000000007 0.7270000000000003 0.067
3.9719900000000052 -0.7270000000000003 0.026
4.003589999999804 -0.05600000000000094 0.029
1.9698499999999513 -0.0009999999999976694 0.031
7.158339999999953 0.03399999999999892 0.027
3.8023800000000847 0.2190000000000012 0.030
2.061239999999998 -0.142000000000003 0.023
11.93730000000005 0.07800000000000296 0.040
2.0772099999999227 -0.03500000000000014 0.035
13.934169999999995 0.0990000000000002 0.035
1.974909999999909 -0.1910000000000025 0.026
1.1458600000000843 -0.019999999999999574 0.025
1.789270000000215 0.0070000000000014495 0.027
2.0156699999997727 0.134999999999998 0.029
1.9813600000002225 0.037000000000002586 0.030
3.0350799999996525 -0.1390000000000029 0.034
1.8951200000001336 0.11500000000000199 0.039
7.071579999999813 -0.013999999999999346 0.036
6.135960000000068 -0.13500000000000156 0.024
3.916490000000067 -0.0259999999999998 0.022
1.8673400000002403 0.028999999999999915 0.028
2.9259499999998297 -0.012999999999998124 0.062
2.0105600000001687 -0.020000000000003126 0.028
2.2904899999998634 0.2240000000000002 0.026
1.6981799999998657 -0.25099999999999767 0.046
10.054720000000088 0.02499999999999858 0.023
6.976700000000164 -0.007999999999999119 0.026
5.027459999999792 0.015999999999998238 0.030
23.055029999999988 0.010000000000001563 0.026
2.9959200000002966 -0.0010000000000012221 0.026
13.929029999999784 -0.006999999999997897 0.037
10.026490000000194 1.0849999999999973 0.066
9.999059999999645 -1.0239999999999974 0.036
146.36005000000023 -0.03400000000000247 0.027
10.997209999999995 -0.07499999999999929 0.024
14.96261000000004 0.2980000000000018 0.028
5.01393999999982 -0.13600000000000279 0.031
23.014110000000073 0.18200000000000216 0.038
10.017769999999928 -0.3049999999999997 0.025
22.94925000000012 0.0470000000000006 0.021
2.0444099999999708 0.3619999999999983 0.035
3.7960299999999734 -0.402000000000001 0.030
1.9372400000002017 -0.0030000000000001137 0.023
6.05713999999989 0.027000000000001023 0.034
6.047509999999875 -0.015999999999998238 0.029
1.918709999999919 -0.052000000000003155 0.030
3.0658900000003086 0.09600000000000009 0.028
3.074699999999666 -0.0019999999999988916 0.028
1.0093600000000151 -0.05699999999999861 0.031
1.7748000000001412 -0.018000000000000682 0.026
1.9889800000000832 0.05799999999999983 0.028
9.035629999999855 -0.07000000000000028 0.057
4.931950000000143 0.09199999999999875 0.043
1.2280700000001161 0.030000000000001137 0.036
1.8962799999999334 -0.09299999999999997 0.028
1.9240599999998267 0.004999999999999005 0.025
2.0509400000000824 0.0470000000000006 0.028
6.885350000000017 -0.0990000000000002 0.031
6.993089999999938 0.0470000000000006 0.031
1.9716300000000047 0.13899999999999935 0.043
2.1187700000000405 -0.003999999999997783 0.037
14.03897999999981 0.06700000000000017 0.040
3.9131600000000617 -0.12300000000000111 0.027
15.09920000000011 -0.05799999999999983 0.024
2.8627799999999297 -0.0010000000000012221 0.031
10.140139999999974 0.004999999999999005 0.033
3.992240000000038 -0.0009999999999976694 0.051
1.987079999999878 -0.028000000000002245 0.037
11.92332000000033 0.010000000000001563 0.027
10.016859999999724 0.21600000000000108 0.043
7.960779999999886 -0.2220000000000013 0.035
106.33951000000025 0.019999999999999574 0.028
20.98012000000017 0.018000000000000682 0.032
9.042050000000017 -0.036000000000001364 0.034
2.893269999999575 0.10500000000000043 0.029
2.125470000000405 -0.14599999999999724 0.021
2.827549999999974 0.2339999999999982 0.027
2.0036599999998543 -0.07199999999999918 0.027
2.099450000000161 -0.08600000000000207 0.025
1.9752099999996062 -0.01899999999999835 0.031
6.957090000000335 0.030000000000001137 0.036
1.9420999999997548 0.01899999999999835 0.051
2.0021600000000035 -0.02499999999999858 0.040
3.0277500000001965 -0.017000000000003013 0.049
1.1126100000001315 0.15800000000000125 0.037
1.837329999999838 0.15000000000000213 0.035
3.0111299999998664 -0.2970000000000006 0.026
2.217439999999897 0.06599999999999895 0.024
10.01054000000022 -0.10600000000000165 0.031
1.7390000000000327 -0.004999999999999005 0.025
2.9998500000001513 0.007999999999999119 0.030
1.1624599999995553 0.07000000000000028 0.033
8.070150000000012 -0.054999999999999716 0.029
0.7987800000000789 0.05700000000000216 0.026
2.1311500000001615 -0.062000000000001165 0.022
2.832260000000133 0.5889999999999986 0.041
1.067790000000059 -0.5629999999999988 0.028
2.0936299999998482 0.06800000000000139 0.028
3.7953299999999217 0.8909999999999982 0.086
2.300880000000234 -0.9699999999999989 0.029
9.990999999999985 0.13799999999999812 0.036
2.8825999999999112 -0.13599999999999923 0.035
1.0146599999998216 0.013000000000001677 0.031
0.815599999999904 -0.045000000000001705 0.024
3.9728400000003603 1.222999999999999 0.057
1.9860199999998258 -1.1609999999999978 0.023
0.31912000000011176 -0.027000000000001023 0.028
9.930609999999888 0.18400000000000105 0.032
0.8132000000000517 -0.2480000000000011 0.022
6.215659999999843 0.1739999999999995 0.036
1.871610000000146 0.36599999999999966 0.042
4.018369999999777 -0.4839999999999982 0.024
4.8598000000001775 0.027000000000001023 0.028
0.9440500000000611 -0.018000000000000682 0.020
1.9965199999996912 -0.02500000000000213 0.025
0.982010000000173 0.0470000000000006 0.024
1.003020000000106 0.5839999999999996 0.057
3.2275799999997616 -0.5919999999999987 0.029
0.7588300000002164 0.010999999999999233 0.028
0.9949599999999919 -0.0259999999999998 0.036
6.007869999999912 0.030999999999998806 0.031
7.961740000000191 -0.01899999999999835 0.032
3.008559999999761 -0.04100000000000037 0.021
15.134510000000319 0.05100000000000193 0.048
5.894689999999628 -0.045000000000001705 0.026
1.143710000000283 0.036000000000001364 0.029
2.8585800000000745 -0.0660000000000025 0.029
3.1374699999996665 0.0030000000000001137 0.024
4.843620000000101 0.06900000000000261 0.034
2.007550000000265 -0.06300000000000239 0.028
0.9711799999995492 0.18299999999999983 0.041
0.1444800000003852 -0.11399999999999721 0.032
0.8581999999996697 -0.06300000000000239 0.033
0.12626000000000204 0.06899999999999906 0.038
0.9020500000001448 -0.05999999999999872 0.028
1.0070599999999104 -0.015000000000000568 0.027
0.10248000000001412 0.08500000000000085 0.028
1.8820000000000618 0.20599999999999952 0.059
0.046850000000176806 0.17900000000000205 0.071
3.01845000000003 -0.4180000000000028 0.038
3.990339999999833 0.3390000000000022 0.040
1.9945800000000418 -0.11200000000000188 0.038
7.924250000000029 -0.19399999999999906 0.043
4.058480000000145 0.2560000000000002 0.042
140.3397299999997 0.5820000000000007 0.050
6.998219999999947 0.12299999999999756 0.057
5.936610000000201 -1.032 0.019
6.09364000000005 0.08200000000000074 0.024
3.9068600000000515 -0.022999999999999687 0.040
12.945999999999913 0.010999999999999233 0.026
4.0121399999998175 -0.01699999999999946 0.034
2.1540100000001985 0.740000000000002 0.058
3.959219999999732 -0.7469999999999999 0.023
2.798819999999978 0.1869999999999976 0.025
2.9948600000002443 -0.1980000000000004 0.025
13.203899999999976 0.05700000000000216 0.031
0.763300000000072 -0.09800000000000253 0.031
2.0423399999999674 0.04900000000000304 0.021
1.186580000000049 -0.008000000000002672 0.023
0.8049699999996847 -0.009000000000000341 0.026
1.1569200000003548 -0.012999999999998124 0.022
1.0016499999996995 0.06899999999999906 0.024
0.8320400000002337 -0.14199999999999946 0.025
4.0178900000000795 0.2530000000000001 0.038
1.1360199999999168 -0.20199999999999818 0.020
1.887079999999969 0.00999999999999801 0.025
0.951129999999921 0.09600000000000009 0.030
7.900200000000041 -0.11700000000000088 0.029
1.2507700000001023 0.06900000000000261 0.025
0.9955199999999422 0.5169999999999995 0.040
1.807170000000042 -0.5130000000000017 0.021
1.2313799999997173 -0.04199999999999804 0.023
1.033140000000003 0.0259999999999998 0.028
0.9131100000004153 -0.028999999999999915 0.024
0.8303799999998773 -0.011000000000002785 0.022
0.9572100000000319 0.015000000000000568 0.021
1.1345899999996618 0.013999999999999346 0.018
8.06824000000006 0.07200000000000273 0.022
5.894290000000183 -0.060000000000002274 0.032
3.044640000000072 0.043000000000002814 0.032
2.9756999999999607 0.0 0.019
1.1125600000000304 -0.05600000000000094 0.028
1.8027299999998831 -0.05799999999999983 0.025
0.9554600000001301 0.43299999999999983 0.048
2.0085399999998117 -0.4269999999999996 0.026
1.9698600000001534 0.047999999999998266 0.028
3.149210000000039 0.09799999999999898 0.021
1.8130099999998492 -0.07099999999999795 0.026
1.2038000000002285 -0.08699999999999974 0.029
5.083619999999883 0.0799999999999983 0.035
1.901589999999942 -0.09199999999999875 0.044
1.0960300000001553 -0.013999999999999346 0.034
0.6747299999997267 0.030999999999998806 0.040
0.026960000000144646 0.02500000000000213 0.041
0.10919000000012602 0.14199999999999946 0.031
0.0457099999998718 0.029999999999997584 0.032
0.020619999999780703 -0.03200000000000003 0.031
0.023440000000391592 0.028000000000002245 0.030
0.021379999999680876 0.07499999999999929 0.034
0.029980000000250584 -0.09799999999999898 0.036
0.022119999999631546 -0.008000000000002672 0.036
0.03135000000020227 0.08900000000000219 0.047
0.6658699999998134 -0.12900000000000134 0.039
0.048610000000280706 -0.10299999999999798 0.026
0.044210000000020955 0.01799999999999713 0.024
0.22166999999990367 0.0730000000000004 0.033
0.6806799999999384 1.0310000000000024 0.097
0.08615000000008877 -0.43100000000000094 0.034
0.206670000000031 -0.6449999999999996 0.024
0.7098799999998846 -0.06800000000000139 0.026
0.041639999999915744 0.04200000000000159 0.024
0.14627999999993335 -0.004000000000001336 0.023
0.08436000000028798 0.04100000000000037 0.028
0.7812399999997979 -0.03300000000000125 0.020
0.040559999999914 0.0400000000000027 0.023
0.07361000000037166 -0.03200000000000003 0.023
0.08790999999973792 0.01699999999999946 0.021
0.748700000000099 0.01699999999999946 0.025
0.06309999999984939 -0.022000000000002018 0.019
0.9583600000000843 0.03100000000000236 0.022
1.015690000000177 0.003999999999997783 0.024
1.0297199999999975 -0.07899999999999707 0.022
0.9587799999999334 0.9469999999999992 0.055
1.0396700000001147 -0.9529999999999994 0.022
0.9861599999999271 0.055999999999997385 0.021
0.9905899999998837 -0.05699999999999861 0.020
2.114379999999983 0.1529999999999987 0.032
0.93654000000015 -0.12299999999999756 0.020
0.9587599999999838 0.9019999999999975 0.044
0.9800399999999172 -0.8969999999999985 0.020
2.01128000000017 0.03900000000000148 0.024
1.0955599999997503 -0.04600000000000293 0.022
0.9353100000002996 0.037000000000002586 0.020
5.966199999999844 -0.13400000000000034 0.042
0.9629999999997381 0.1479999999999997 0.028
1.025050000000192 -0.018000000000000682 0.030
0.9940000000001419 1.1239999999999988 0.079
4.0161299999999756 -1.157 0.021
0.9915699999996832 0.08600000000000207 0.030
9.05354000000034 0.786999999999999 0.058
3.1036599999997634 -0.8249999999999993 0.024
8.984320000000025 0.134999999999998 0.044
2.8862300000000687 -0.19099999999999895 0.028
2.0632799999998497 0.01699999999999946 0.025
5.980469999999968 0.0259999999999998 0.025
5.9275400000001355 0.04400000000000048 0.035
4.991610000000037 0.010999999999999233 0.036
2.027889999999843 -0.06799999999999784 0.036
120.35656000000017 0.0259999999999998 0.033
6.005239999999958 -0.054999999999999716 0.030
6.951100000000224 0.012999999999998124 0.028
4.000859999999648 0.1650000000000027 0.035
2.990020000000186 -0.15100000000000335 0.025
1.9896899999998823 0.04600000000000293 0.030
1.9952299999999923 0.06400000000000006 0.028
7.003549999999905 0.007999999999999119 0.032
4.007150000000365 -0.1280000000000001 0.024
1.0036599999998543 0.021999999999998465 0.024
8.968269999999848 0.045000000000001705 0.022
2.027440000000297 0.38599999999999923 0.030
1.0042799999996532 -0.4349999999999987 0.023
4.033680000000004 0.08299999999999841 0.023
0.9779100000000653 -0.10899999999999821 0.024
1.0228900000001886 0.2859999999999978 0.026
1.9537500000001273 -0.21799999999999997 0.022
3.8905399999998735 -0.0799999999999983 0.023
1.141990000000078 0.4660000000000011 0.034
0.9504199999996672 -0.4280000000000008 0.022
0.9980700000000979 -0.019000000000001904 0.024
0.9968699999999444 -0.03999999999999915 0.023
1.0041700000001583 0.03900000000000148 0.031
0.9959600000001956 0.06599999999999895 0.026
1.0071100000000115 -0.07600000000000051 0.024
0.9780899999996109 0.7639999999999993 0.048
3.9983000000001994 -0.7189999999999976 0.032
1.0070999999998094 0.02499999999999858 0.023
1.0756700000001729 -0.04100000000000037 0.029
0.9479599999999664 0.6660000000000004 0.039
2.956000000000131 -0.6539999999999999 0.023
0.9884899999997288 -0.01699999999999946 0.025
0.9927700000002915 -0.007999999999999119 0.018
5.049019999999928 0.03500000000000014 0.024
0.8972100000000864 0.04299999999999926 0.030
1.1929499999996551 0.029999999999997584 0.031
0.8418500000002496 -0.07000000000000028 0.026
1.0133999999998196 1.2320000000000029 0.061
1.0134900000002744 -1.264000000000003 0.020
0.9912999999996828 0.0010000000000012221 0.021
0.8853900000003705 0.012000000000000455 0.025
1.0002399999998488 0.013000000000001677 0.026
1.1526699999999437 0.0329999999999977 0.026
0.8485099999998056 -0.02499999999999858 0.031
4.984740000000329 -0.028000000000002245 0.027
1.2232500000000073 0.11500000000000199 0.026
0.7713799999996809 -0.15300000000000225 0.020
1.1078200000001743 0.9540000000000006 0.039
0.88675000000012 -0.9549999999999983 0.021
3.1068700000000717 0.08699999999999974 0.024
1.0046599999996033 -0.036999999999999034 0.024
0.9350000000004002 -0.0660000000000025 0.020
4.011340000000018 0.08800000000000097 0.024
0.9955899999999929 -0.053000000000000824 0.021
2.1546999999995933 0.0400000000000027 0.024
0.7906400000001668 0.26699999999999946 0.032
1.1327000000001135 -0.245000000000001 0.026
1.0528699999999844 0.021000000000000796 0.024
0.8981199999998353 -0.04299999999999926 0.028
1.0475400000000263 0.0030000000000001137 0.026
1.9422500000000582 -0.05800000000000338 0.030
3.9104600000000573 -0.013999999999999346 0.026
2.0347900000001573 0.0710000000000015 0.021
1.0957799999996496 -0.01699999999999946 0.025
4.865520000000288 0.007999999999999119 0.022
6.022939999999835 -0.030999999999998806 0.022
0.9799200000002202 0.021999999999998465 0.025
3.090429999999742 0.4720000000000013 0.033
0.9410100000000057 -0.5110000000000028 0.024
1.2295500000000175 0.037000000000002586 0.025
0.7345100000002276 -0.1180000000000021 0.031
9.040869999999813 0.120000000000001 0.028
0.9451600000002145 -0.030999999999998806 0.028
0.13760000000002037 -0.01600000000000179 0.022
0.9528899999995701 0.3880000000000017 0.030
0.9136200000002646 -0.35999999999999943 0.021
0.9707300000000032 0.19500000000000028 0.029
2.0004699999999502 -0.10800000000000054 0.026
2.0086499999997613 -0.10000000000000142 0.026
2.136070000000018 0.027000000000001023 0.019
3.9349600000000464 0.0589999999999975 0.023
0.9503700000000208 -0.07499999999999929 0.023
0.997190000000046 0.12199999999999989 0.030
4.003470000000107 0.012000000000000455 0.026
1.008690000000115 -0.06099999999999994 0.029
5.037109999999757 -0.07600000000000051 0.030
2.0100900000002184 -0.006000000000000227 0.030
0.9402199999999539 0.017000000000003013 0.026
0.9776799999999639 0.04999999999999716 0.023
1.0751900000000205 -0.04400000000000048 0.036
1.969959999999901 0.04200000000000159 0.023
0.9897599999999329 0.0519999999999996 0.023
0.9935700000000907 -0.08599999999999852 0.020
0.9878699999999299 0.022999999999999687 0.023
1.032470000000103 0.1269999999999989 0.032
0.9541100000001279 -0.1739999999999995 0.025
1.007380000000012 0.16600000000000037 0.025
1.0048999999999069 -0.14700000000000202 0.027
1.0400100000001657 0.038000000000000256 0.028
2.029729999999745 -0.019999999999999574 0.025
0.9324000000001433 0.07900000000000063 0.035
0.9949799999999414 -0.17099999999999937 0.021
0.9975100000001476 0.277000000000001 0.025
3.01462999999967 -0.2430000000000021 0.029
2.91895999999997 0.10900000000000176 0.057
4.142970000000332 -0.008000000000002672 0.037
0.9200099999998201 -0.07099999999999795 0.025
1.0129099999999198 0.04100000000000037 0.021
1.069760000000315 -0.013000000000001677 0.037
1.893069999999625 -0.053999999999998494 0.031
3.0685499999999593 0.022999999999999687 0.031
1.0276800000001458 0.08899999999999864 0.021
3.9064800000001014 0.26200000000000045 0.038
2.023400000000038 -0.2940000000000005 0.027
0.9967099999998936 -0.038999999999997925 0.022
2.022860000000037 0.1839999999999975 0.033
1.015469999999823 -0.18499999999999872 0.025
0.9856899999999769 0.16900000000000048 0.030
4.91704000000027 -0.06599999999999895 0.034
1.0868500000001404 -0.05100000000000193 0.037
2.9397399999998015 -0.04499999999999815 0.036
1.974619999999959 0.019999999999999574 0.028
2.0042600000001585 0.015000000000000568 0.030
2.0059299999998075 -0.10900000000000176 0.037
3.0296299999999974 0.062000000000001165 0.027
1.9955300000001444 0.019999999999999574 0.026
2.016099999999824 0.04499999999999815 0.031
2.9999400000001515 0.030000000000001137 0.040
114.33957999999984 -0.16799999999999926 0.041
5.959530000000086 0.1720000000000006 0.038
3.009629999999561 -0.1490000000000009 0.026
2.9702900000002046 0.04100000000000037 0.026
2.01633000000038 -0.036999999999999034 0.028
4.069569999999658 0.5159999999999982 0.047
2.93242999999984 -0.527000000000001 0.036
2.0349300000007133 0.06300000000000239 0.031
2.017069999999876 0.36999999999999744 0.041
13.8793799999994 -0.3589999999999982 0.025
8.023530000000392 -0.07700000000000173 0.032
1.0184300000000803 0.2140000000000022 0.032
1.021520000000237 -0.2190000000000012 0.024
7.970010000000002 0.08000000000000185 0.024
10.979139999999461 -0.08699999999999974 0.024
2.0064600000005157 0.06799999999999784 0.027
3.01730999999927 -0.05000000000000071 0.030
9.927510000000439 0.07900000000000063 0.029
5.149749999999585 0.15899999999999892 0.037
1.780470000000605 -0.1599999999999966 0.027
6.999479999999494 0.03999999999999915 0.037
4.050180000000182 -0.08300000000000196 0.025
4.063900000000103 -0.004999999999999005 0.033
5.792879999999968 0.053000000000000824 0.039
2.006919999999809 1.0519999999999996 0.086
8.969500000000153 -1.0740000000000016 0.033
1.236149999999725 -0.013999999999999346 0.025
0.746860000000197 0.02400000000000091 0.041
3.023420000000442 0.8670000000000009 0.055
1.1985599999998158 -0.9140000000000015 0.025
0.859440000000177 0.07199999999999918 0.031
1.032839999999851 -0.01899999999999835 0.031
1.0923499999998967 -0.0470000000000006 0.036
0.9234200000000783 0.04800000000000182 0.028
0.9574000000002343 -0.06400000000000006 0.033
11.989659999999276 0.04999999999999716 0.029
1.0603500000006534 -0.01899999999999835 0.026
0.08335999999962951 0.11100000000000065 0.034
0.7117500000003929 -0.11500000000000199 0.038
1.0758799999994153 0.5259999999999998 0.038
0.9930400000002919 -0.5589999999999975 0.024
1.0142900000000736 0.07899999999999707 0.029
0.2535600000001068 -0.013999999999999346 0.029
0.7366099999999278 -0.0259999999999998 0.026
1.9627700000000914 -0.003999999999997783 0.031
0.9816999999993641 -0.022000000000002018 0.028
1.096770000000106 0.8099999999999987 0.048
1.1812399999998888 -0.8169999999999966 0.023
0.9562500000001819 0.06899999999999906 0.028
1.008270000000266 0.006999999999997897 0.031
0.77150999999958 -0.04499999999999815 0.042
3.1997900000005757 0.9250000000000007 0.062
2.966849999999795 -0.8730000000000011 0.042
1.9086800000004587 -0.08599999999999852 0.029
3.007369999999355 0.023999999999997357 0.027
1.0828000000001339 0.06700000000000017 0.035
0.9237899999998263 -0.029999999999997584 0.028
1.9768400000002657 -0.0710000000000015 0.031
1.0867699999998877 0.030999999999998806 0.029
5.931180000000495 0.04899999999999949 0.027
0.9578400000000329 -0.003999999999997783 0.033
1.9429699999991499 -0.021000000000000796 0.032
1.0687800000005154 0.06099999999999994 0.025
0.995719999999892 -0.05600000000000094 0.029
1.0139600000002247 -0.03500000000000014 0.025
0.9210400000001755 0.05700000000000216 0.037
5.066689999999653 -0.02400000000000091 0.035
0.08280999999988126 0.004999999999999005 0.035
0.913340000000062 -0.007999999999999119 0.026
0.05587999999988824 -0.006000000000000227 0.029
0.8826500000004671 -0.02400000000000091 0.037
0.02284999999938009 0.04100000000000037 0.038
0.029320000000552682 0.03300000000000125 0.041
0.0261899999995876 0.012000000000000455 0.042
0.024840000000040163 -0.045000000000001705 0.034
0.03712999999970634 -0.0009999999999976694 0.034
0.033100000000558794 -0.030000000000001137 0.029
0.04096000000026834 0.07199999999999918 0.040
0.8515199999992547 -0.05600000000000094 0.031
0.12593999999990046 -0.013999999999999346 0.048
0.9101300000002084 0.5910000000000011 0.044
0.9795100000001185 -0.6170000000000009 0.023
1.0300999999999476 0.07400000000000162 0.034
0.9661000000005515 -0.05799999999999983 0.025
1.0055899999997564 0.08399999999999963 0.038
1.0139199999994162 -0.06400000000000006 0.031
1.9686900000006062 0.3509999999999991 0.032
1.0578199999999924 -0.36400000000000077 0.026
0.9475099999999657 0.10699999999999932 0.026
2.0165200000001278 -0.0329999999999977 0.033
1.0193300000000818 -0.04899999999999949 0.029
1.0163699999993696 -0.021000000000000796 0.032
0.94858000000022 0.352999999999998 0.035
2.0191899999999805 -0.23899999999999721 0.031
3.0261200000004465 -0.04800000000000182 0.037
5.964209999999184 -0.02499999999999858 0.034
3.999160000000302 -0.018000000000000682 0.029
5.965470000000096 0.14000000000000057 0.032
3.079450000000179 -0.120000000000001 0.033
2.99550999999974 -0.06500000000000128 0.039
9.972539999999753 0.2430000000000021 0.038
112.28977000000032 -0.23100000000000165 0.030
2.9921400000002905 0.04600000000000293 0.024
5.998340000000098 -0.04200000000000159 0.034
3.989619999999377 0.0019999999999988916 0.035
4.972710000000006 -0.01699999999999946 0.034
1.992090000000644 0.013999999999999346 0.036
8.976419999999962 0.019999999999999574 0.038
2.0798500000000786 0.017000000000003013 0.027
1.920919999999569 0.6679999999999993 0.053
1.1134899999997288 -0.6850000000000023 0.025
0.8707800000001953 0.0730000000000004 0.027
1.0969900000000052 -0.06400000000000006 0.025
45.03631000000041 -0.029999999999997584 0.027
0.753060000000005 0.04499999999999815 0.032
0.9799299999995128 -0.07699999999999818 0.030
1.1637300000002142 0.16799999999999926 0.030
0.8371100000003935 -0.13500000000000156 0.037
1.1588699999992969 0.045000000000001705 0.025
5.930989999999838 -0.05000000000000071 0.024
6.1789800000005926 0.019999999999999574 0.026
6.888249999999971 0.09499999999999886 0.038
1.9000599999999395 -0.09699999999999775 0.026
3.1425200000003315 0.588000000000001 0.057
1.9155899999996109 -0.47800000000000153 0.028
4.82264000000032 -0.16799999999999926 0.032
10.260369999999966 0.08099999999999952 0.028
5.963809999999285 0.10899999999999821 0.031
1.8379600000007486 0.10200000000000031 0.036
1.0825099999992744 -0.22299999999999898 0.028
2.9435700000003635 -0.06400000000000006 0.026
6.971540000000459 0.0259999999999998 0.026
1.908499999999549 -0.003999999999997783 0.031
0.21139000000039232 0.019999999999999574 0.030
0.7739099999998871 0.7590000000000003 0.052
0.9412599999996019 -0.7640000000000029 0.033
0.07325000000037107 -0.08599999999999852 0.027
0.26000999999996566 0.16999999999999815 0.032
2.9232999999994718 -0.08599999999999852 0.032
1.9301000000004933 0.02400000000000091 0.031
5.044380000000274 -0.010000000000001563 0.031
4.970190000000002 0.028000000000002245 0.028
1.0471999999999753 0.007999999999999119 0.027
5.816299999999501 -0.07000000000000028 0.027
1.1162199999998847 0.08200000000000074 0.023
2.8298500000000786 -0.053000000000000824 0.027
1.0436200000003737 1.0079999999999991 0.060
2.0577699999994365 -0.9619999999999997 0.029
0.9644200000002456 -0.02400000000000091 0.028
2.0009799999997995 -0.02499999999999858 0.027
0.9932600000001912 -0.006000000000000227 0.029
5.949880000000121 0.009000000000000341 0.037
3.053649999999834 0.045999999999999375 0.030
1.0088599999999133 -0.05600000000000094 0.025
1.0120900000001711 0.0030000000000001137 0.030
1.0005099999998492 0.07800000000000296 0.029
0.982890000000225 0.023999999999997357 0.035
1.0149000000001251 -0.16399999999999793 0.027
1.0673799999995026 0.5090000000000003 0.045
1.983950000000732 -0.40500000000000114 0.031
2.045199999999568 -0.0259999999999998 0.029
1.8987600000000384 0.006999999999997897 0.035
1.0405499999997119 0.7220000000000013 0.052
6.032280000000355 -0.1269999999999989 0.068
4.9179400000002715 -0.5549999999999997 0.037
3.006859999999506 1.0990000000000002 0.074
1.0275799999999435 -1.1460000000000008 0.035
5.034500000000662 -0.04299999999999926 0.029
3.981699999999364 0.03200000000000003 0.024
8.992490000000544 0.08899999999999864 0.041
4.94362000000001 0.05900000000000105 0.043
5.9753899999996065 -0.02500000000000213 0.039
5.030620000000454 1.2930000000000028 0.140
115.32840999999917 -1.3960000000000008 0.029
3.960040000000845 0.32099999999999795 0.041
12.995959999999286 -0.42799999999999727 0.031
5.989330000000336 0.20199999999999818 0.026
3.0065800000002127 -0.10099999999999909 0.027
1.9770300000000134 0.021999999999998465 0.028
16.938760000000002 -0.04400000000000048 0.023
6.002939999999398 0.06300000000000239 0.023
5.999720000000707 0.03200000000000003 0.031
21.96324999999979 -0.04100000000000037 0.028
2.0011199999999008 0.7740000000000009 0.048
