0.0 0.0 0.020
4.076239999999871 -0.018000000000000682 0.011
2.941569999999956 0.009000000000000341 0.012
3.905029999999897 0.31299999999999883 0.020
5.01157000000012 -0.33399999999999963 0.012
3.0877199999999903 -0.010999999999999233 0.012
15.96925999999985 -0.011000000000002785 0.015
27.889310000000023 0.043000000000002814 0.018
23.00388000000021 -0.022999999999999687 0.020
121.36844999999994 -0.017000000000003013 0.020
14.96385999999984 0.045000000000001705 0.012
10.027469999999994 -0.045000000000001705 0.014
14.987920000000031 -0.003999999999997783 0.013
11.025790000000143 -0.010000000000001563 0.013
4.917059999999765 0.015000000000000568 0.013
2.029280000000199 -0.0019999999999988916 0.012
6.880310000000009 0.047999999999998266 0.013
4.129140000000007 -0.03200000000000003 0.012
2.0770199999997203 -0.030999999999998806 0.013
1.9873500000003332 0.054999999999999716 0.014
9.013480000000072 0.0070000000000014495 0.018
1.9440099999997074 -0.03100000000000236 0.014
7.971019999999953 0.03300000000000125 0.017
4.02494999999999 -0.045000000000001705 0.014
4.013470000000325 0.04800000000000182 0.020
1.884900000000016 -0.06800000000000139 0.011
2.048739999999725 0.0519999999999996 0.014
1.9607500000001892 0.0020000000000024443 0.012
2.9777399999998124 -0.06300000000000239 0.012
3.9048099999999977 0.05000000000000071 0.012
3.0287200000002485 -0.02499999999999858 0.013
7.0307599999996455 0.09199999999999875 0.014
3.946050000000014 -0.015999999999998238 0.011
3.905410000000302 -0.036000000000001364 0.012
3.105039999999917 -0.021999999999998465 0.013
2.0300999999999476 0.0589999999999975 0.012
1.9826600000001235 -0.03999999999999915 0.011
2.0280499999998938 -0.03900000000000148 0.010
8.870589999999993 0.15000000000000213 0.019
3.062539999999899 -0.16100000000000136 0.013
2.0920900000000984 0.009000000000000341 0.016
3.9681399999999485 -0.013999999999999346 0.012
2.9615600000001905 0.0470000000000006 0.016
2.1040800000000672 0.03500000000000014 0.017
2.7613899999996647 -0.06300000000000239 0.010
2.044560000000274 0.1280000000000001 0.012
2.0111699999997654 -0.12399999999999878 0.013
6.100440000000162 0.013999999999999346 0.015
3.9463399999999638 0.006000000000000227 0.016
4.9538400000001275 -0.02499999999999858 0.014
3.0153799999998228 0.03399999999999892 0.014
7.905299999999897 -0.004000000000001336 0.016
10.006450000000314 0.09500000000000242 0.016
4.027259999999842 -0.13500000000000156 0.019
9.97391000000016 0.027000000000001023 0.020
4.965559999999641 0.10099999999999909 0.021
6.032979999999952 0.09700000000000131 0.016
12.027020000000448 -0.16000000000000014 0.018
132.34532999999965 -0.012000000000000455 0.012
11.944940000000315 0.07699999999999818 0.015
10.024219999999787 -0.1039999999999992 0.014
4.940419999999904 -0.018000000000000682 0.011
12.91829000000007 -0.01699999999999946 0.017
6.192590000000109 -0.0009999999999976694 0.015
3.912800000000061 0.36599999999999966 0.017
4.017149999999674 -0.3420000000000023 0.013
5.982050000000072 0.009000000000000341 0.016
7.922450000000026 0.08399999999999963 0.022
8.104060000000118 0.021000000000000796 0.013
1.9522499999998217 -0.1039999999999992 0.014
1.823660000000018 0.06400000000000006 0.015
2.1567400000003545 -0.04200000000000159 0.012
1.95641999999998 -0.020999999999997243 0.012
5.113779999999679 0.010999999999999233 0.012
1.061239999999998 0.04199999999999804 0.014
11.827960000000076 -0.05799999999999983 0.014
1.9271100000000843 -0.006999999999997897 0.020
1.074279999999817 0.054999999999999716 0.019
1.1110700000003817 -0.027000000000001023 0.013
0.91924999999992 0.4870000000000019 0.019
1.8647099999998318 -0.532 0.013
1.9712600000002567 0.05099999999999838 0.013
2.2139799999999923 0.06299999999999883 0.014
5.956209999999828 -0.04899999999999949 0.013
8.89402999999993 -0.054999999999999716 0.016
1.9868799999999283 0.019999999999999574 0.023
2.073330000000169 0.09700000000000131 0.015
2.014969999999721 -0.07900000000000063 0.013
1.9301500000001397 -0.04199999999999804 0.012
2.0005700000001525 0.29799999999999827 0.016
4.873360000000048 -0.2530000000000001 0.012
2.007119999999759 -0.0010000000000012221 0.016
2.0072100000002138 -0.046999999999997044 0.012
2.186869999999999 0.027999999999998693 0.020
1.9526499999997213 0.08800000000000097 0.014
3.912720000000263 -0.07400000000000162 0.018
3.1035899999997127 0.08399999999999963 0.015
2.886210000000119 -0.1319999999999979 0.011
7.996270000000095 0.06799999999999784 0.015
3.0503199999998287 -0.013999999999999346 0.014
5.030420000000049 0.09299999999999997 0.017
7.988380000000234 -0.09799999999999898 0.021
2.9736699999998564 -0.010000000000001563 0.012
4.9282499999999345 -0.02499999999999858 0.014
5.951869999999872 0.015999999999998238 0.016
5.024150000000191 -0.012999999999998124 0.013
7.028490000000147 -0.028999999999999915 0.016
12.016519999999673 0.054999999999999716 0.017
1772.9353500000007 0.1059999999999981 0.012
