0.0 0.0 0.051
11.88826999999992 -0.2890000000000015 0.031
2.9755199999999604 -0.05799999999999983 0.035
3.908089999999902 -0.26599999999999824 0.021
8.067580000000362 0.054999999999999716 0.026
18.993479999999636 -0.08900000000000219 0.026
7.906260000000202 0.08699999999999974 0.026
3.07396000000017 0.3410000000000011 0.041
9.942859999999655 -0.3009999999999984 0.042
1.0559400000001915 0.17099999999999937 0.060
10.980689999999868 -0.3880000000000017 0.033
4.974160000000211 0.04800000000000182 0.041
146.2757899999997 0.28200000000000003 0.031
5.001099999999951 -0.18200000000000216 0.024
9.008630000000267 0.11100000000000065 0.028
10.972620000000006 0.3210000000000015 0.041
8.988679999999931 -0.3550000000000004 0.041
3.9719199999999546 -0.13400000000000034 0.028
4.003799999999956 0.28699999999999903 0.042
1.969959999999901 0.33699999999999974 0.058
7.158280000000104 -0.5619999999999976 0.028
3.8023800000000847 -0.0070000000000014495 0.024
2.0612999999998465 -0.012999999999998124 0.021
1.9358600000000479 0.04899999999999949 0.029
10.001530000000002 -0.037000000000002586 0.033
2.087210000000141 0.009000000000000341 0.033
8.077049999999872 0.011000000000002785 0.032
5.847180000000208 -0.06300000000000239 0.026
1.9748899999999594 0.01600000000000179 0.026
1.1458699999998316 0.19099999999999895 0.028
1.7893699999999626 -0.23999999999999844 0.025
2.015570000000025 0.1280000000000001 0.026
1.9813600000002225 -0.0020000000000024443 0.026
3.033590000000004 -0.04100000000000037 0.027
1.8970799999997325 0.13400000000000034 0.039
7.071270000000368 -0.14699999999999847 0.034
6.135999999999967 0.04299999999999926 0.022
3.9164099999998143 0.14499999999999957 0.023
1.8674399999999878 -0.22100000000000009 0.030
2.926590000000033 0.0519999999999996 0.035
2.0104700000001685 0.04400000000000048 0.028
2.289969999999812 0.5730000000000004 0.038
1.6981799999998657 -0.006000000000000227 0.067
10.054779999999937 -0.5760000000000005 0.025
2.1947800000002644 0.22000000000000242 0.047
4.7818999999999505 -0.26200000000000045 0.032
2.236579999999776 0.5479999999999983 0.067
2.7909600000002683 -0.5240000000000009 0.029
2.0610099999998965 0.05000000000000071 0.023
2.0372999999999593 -0.03999999999999915 0.022
2.026879999999892 -0.04400000000000048 0.022
9.97916000000032 0.31299999999999883 0.045
9.946689999999762 0.23700000000000188 0.041
13.928969999999936 -0.28000000000000114 0.045
4.096570000000156 -0.05099999999999838 0.042
0.977980000000116 -0.2579999999999991 0.034
4.951900000000023 0.06799999999999784 0.028
5.036639999999807 -0.07399999999999807 0.039
4.962440000000242 -0.008000000000002672 0.034
6.024379999999837 0.22800000000000153 0.045
9.942630000000008 -0.1819999999999986 0.046
130.39244000000008 -0.06700000000000017 0.029
11.0005799999999 0.46499999999999986 0.039
14.958840000000237 -0.4039999999999999 0.022
5.0177599999997256 0.08299999999999841 0.029
10.987819999999829 -0.08200000000000074 0.021
5.031750000000102 -0.01699999999999946 0.035
6.990819999999985 0.012000000000000455 0.026
3.9913500000002387 0.010999999999999233 0.024
6.026350000000093 0.6460000000000008 0.039
4.729579999999714 -0.6449999999999996 0.045
12.184090000000197 0.4690000000000012 0.049
1.9989700000000994 0.09499999999999886 0.035
1.889929999999822 -0.536999999999999 0.034
4.2097899999998845 0.08799999999999741 0.029
1.6535400000002483 -0.055999999999997385 0.045
2.122809999999845 0.5119999999999969 0.043
1.938419999999951 -0.5439999999999969 0.022
6.057150000000092 0.06099999999999994 0.041
6.0475900000001275 0.24599999999999866 0.041
1.918749999999818 -0.2680000000000007 0.029
1.9769200000000637 -0.08599999999999852 0.025
1.0889799999999923 0.03500000000000014 0.025
1.9395700000000033 0.6009999999999991 0.041
1.1351599999998143 -0.5809999999999995 0.025
1.0093999999999141 0.11199999999999832 0.030
1.7747600000002421 -0.14199999999999946 0.027
1.988969999999881 0.0470000000000006 0.031
9.036540000000059 -0.06099999999999994 0.034
4.931070000000091 0.07000000000000028 0.043
1.2281600000001163 -0.04800000000000182 0.046
1.8962799999999334 0.20400000000000063 0.032
1.9247000000000298 -0.21399999999999864 0.022
4.1107600000000275 0.01899999999999835 0.026
4.8289599999998245 0.053000000000000824 0.034
2.100600000000213 -0.03399999999999892 0.028
2.010689999999613 0.006000000000000227 0.021
2.8777500000001055 -0.03200000000000003 0.030
1.9758700000002136 0.6920000000000002 0.055
2.1146199999998316 -0.5839999999999996 0.048
3.086999999999989 -0.15399999999999991 0.043
3.9063300000002528 0.1869999999999976 0.025
3.078229999999621 -0.16600000000000037 0.026
3.9885300000000825 -0.06799999999999784 0.032
3.8920499999999265 0.21399999999999864 0.025
6.071480000000065 -0.1769999999999996 0.027
9.027739999999994 -0.01699999999999946 0.025
2.862830000000031 0.0019999999999988916 0.025
10.140170000000126 0.18100000000000094 0.036
5.979330000000118 -0.16600000000000037 0.037
11.923249999999825 0.047999999999998266 0.028
10.016819999999825 0.5940000000000012 0.063
7.960739999999987 -0.6939999999999991 0.034
106.3389100000004 0.42299999999999827 0.038
