0.0 0.0 0.007
4.021799999999985 -0.06199999999999761 0.006
3.0023599999999533 0.04299999999999926 0.006
2.9680800000001 -0.019999999999999574 0.007
3.0176500000002306 -0.04200000000000159 0.006
3.986439999999675 0.06800000000000139 0.006
2.998450000000048 0.015000000000000568 0.007
24.010260000000017 -0.054000000000002046 0.007
26.01744000000008 -0.0259999999999998 0.007
151.3757700000001 -0.0009999999999976694 0.006
10.94450999999981 0.015999999999998238 0.006
13.077810000000227 0.09299999999999997 0.006
9.90041999999994 -0.05099999999999838 0.007
6.013809999999921 0.015999999999998238 0.006
3.997530000000097 -0.009000000000000341 0.006
7.011669999999867 -0.006000000000000227 0.006
5.086510000000089 -0.045999999999999375 0.007
2.8894799999998213 0.06099999999999994 0.006
1.876800000000003 0.03900000000000148 0.007
7.94360000000006 -0.0710000000000015 0.007
2.072189999999864 0.022999999999999687 0.006
0.905880000000252 0.0020000000000024443 0.007
6.990989999999783 0.020999999999997243 0.007
8.066130000000157 -0.055999999999997385 0.007
2.224630000000161 0.019999999999999574 0.007
1.9887699999999313 0.006000000000000227 0.007
2.925629999999728 -0.03500000000000014 0.006
3.960670000000391 0.09399999999999764 0.007
2.935189999999693 -0.05099999999999838 0.007
7.0021200000001045 -0.004999999999999005 0.007
5.844270000000051 -0.043000000000002814 0.006
3.218919999999798 0.07400000000000162 0.006
0.9639200000001438 -0.013999999999999346 0.006
1.8687300000001414 -0.037000000000002586 0.006
2.130819999999858 -0.045999999999999375 0.006
2.0460400000001755 0.0070000000000014495 0.006
1.7098799999998846 0.03200000000000003 0.006
2.2815999999997985 0.03200000000000003 0.007
10.783210000000054 -0.028000000000002245 0.006
5.113299999999981 -0.0019999999999988916 0.005
2.9525900000003276 0.03900000000000148 0.007
2.05275999999958 -0.030000000000001137 0.006
2.0613100000000486 -0.036000000000001364 0.006
2.777570000000196 0.04600000000000293 0.006
2.0254899999999907 0.023999999999997357 0.006
9.98108000000002 -0.006999999999997897 0.007
5.022530000000188 -0.04899999999999949 0.007
3.0354999999999563 0.038000000000000256 0.006
5.046329999999671 -0.07200000000000095 0.006
3.902690000000348 0.07500000000000107 0.007
11.039419999999609 0.013999999999999346 0.007
9.990600000000086 0.006999999999997897 0.007
4.975179999999909 -0.0589999999999975 0.007
11.995490000000245 0.03399999999999892 0.008
145.3200200000001 -0.022999999999999687 0.005
15.012429999999767 0.0030000000000001137 0.006
5.006910000000062 -0.019999999999999574 0.006
20.895809999999983 -0.031000000000000583 0.006
2.16237000000001 0.02999999999999936 0.007
3.980070000000069 0.03999999999999915 0.007
6.008640000000014 -0.003999999999997783 0.007
4.835079999999834 -0.037000000000002586 0.005
13.954979999999978 0.02500000000000213 0.006
1.9056500000001506 0.027999999999998693 0.006
2.0571100000001934 -0.027999999999998693 0.006
2.242859999999837 -0.05000000000000071 0.007
1.9798299999997653 0.027000000000001023 0.006
2.690660000000207 0.05099999999999838 0.007
2.2897499999999127 -0.0010000000000012221 0.006
0.9721399999998539 -0.029999999999997584 0.006
11.798369999999977 -0.04299999999999926 0.006
1.9835800000000745 0.028999999999999915 0.007
1.9539600000002793 0.046999999999997044 0.007
1.9673999999999978 0.010000000000001563 0.007
2.071519999999964 -0.0710000000000015 0.007
2.108429999999771 -0.012999999999998124 0.006
2.0599200000001474 0.054999999999999716 0.006
8.730509999999867 -0.0519999999999996 0.012
4.134559999999965 0.07000000000000028 0.007
1.9521800000002258 -0.054000000000002046 0.007
4.026929999999993 0.03400000000000247 0.006
1.9200700000001234 0.030999999999998806 0.006
2.0320299999998497 -0.03900000000000148 0.006
3.103110000000015 -0.036999999999999034 0.007
3.8164999999999054 0.06599999999999895 0.006
2.00525000000016 -0.013999999999999346 0.006
2.096209999999701 -0.047999999999998266 0.007
2.0854000000003907 -0.007999999999999119 0.007
3.889220000000023 0.07899999999999707 0.007
3.0102399999996123 -0.05699999999999861 0.007
2.9111900000002606 -0.0010000000000012221 0.007
3.08237999999983 0.06400000000000006 0.007
5.008479999999963 -0.08399999999999963 0.006
3.923000000000229 0.07499999999999929 0.007
5.029430000000048 -0.053999999999998494 0.006
4.009309999999914 0.05699999999999861 0.007
5.938470000000052 -0.0779999999999994 0.007
4.017879999999877 0.06800000000000139 0.007
7.0290899999999965 -0.022999999999999687 0.007
4.996810000000096 0.047999999999998266 0.007
5.028960000000097 -0.06199999999999761 0.007
7.988029999999981 -0.009000000000000341 0.007
11.991569999999683 0.04899999999999949 0.007
120.30840000000035 -0.045999999999999375 0.006
