0.0 0.0 0.02808
0.9887899998575449 0.053000000000000824 0.02884
1.991429999936372 -0.031000000000000583 0.02839
22.001020000316203 0.08399999999999963 0.02965
1.0051699997857213 -0.09600000000000009 0.02822
1.992409999947995 0.07699999999999996 0.02935
3.9694100003689528 -0.08199999999999896 0.02815
0.9836999997496605 0.15799999999999947 0.03058
2.0096900002099574 -0.15300000000000047 0.02822
19.987449999898672 0.019000000000000128 0.02849
3.975980000104755 -0.002000000000000668 0.02846
11.015629999805242 0.13400000000000034 0.03055
19.852100000251085 -0.15000000000000036 0.02823
5.992979999631643 0.19500000000000028 0.03133
4.979079999960959 -0.08300000000000018 0.02992
2.1386299999430776 -0.07199999999999918 0.02881
0.8623100002296269 0.07399999999999984 0.02995
11.083000000100583 -0.0990000000000002 0.02844
13.987879999913275 -0.004999999999999005 0.02837
15.012550000101328 -0.011000000000001009 0.02822
5.943589999806136 -0.004999999999999005 0.02815
4.067980000283569 0.2079999999999984 0.03145
6.001309999730438 -0.20699999999999896 0.02816
2.957620000001043 -0.005000000000000782 0.02809
7.939720000140369 0.036000000000001364 0.02860
22.01617999980226 -0.0030000000000001137 0.02856
14.879860000219196 -0.002000000000000668 0.02853
20.00920999981463 0.005000000000000782 0.02860
3.997280000243336 -0.04300000000000104 0.02799
10.963409999851137 0.10800000000000054 0.02959
12.952610000036657 -0.06300000000000061 0.02863
130.41955999983475 0.11899999999999977 0.03050
14.992760000284761 -0.11500000000000021 0.02869
9.91977999964729 -0.026999999999999247 0.02830
2.0238000000827014 -0.0009999999999994458 0.02829
7.953470000065863 0.023999999999999133 0.02863
5.049589999951422 -0.004999999999999005 0.02856
4.995560000184923 0.06099999999999994 0.02948
2.9672300000675023 -0.07600000000000051 0.02834
9.985209999606013 0.14300000000000068 0.03057
17.063710000365973 -0.16400000000000148 0.02805
8.019319999963045 -0.013999999999999346 0.02786
0.9963599997572601 0.03999999999999915 0.02841
18.798260000068694 -0.03200000000000003 0.02797
8.080520000308752 0.04600000000000115 0.02862
0.9167099995538592 -0.014000000000001123 0.02841
11.09288000036031 0.017000000000001236 0.02866
4.890189999714494 0.007999999999999119 0.02878
10.127760000061244 -0.019999999999999574 0.02849
5.966779999900609 -0.009999999999999787 0.02834
3.9753400003537536 0.006000000000000227 0.02843
3.013589999638498 -0.028999999999999915 0.02802
5.896790000144392 0.036999999999999034 0.02854
5.98429000005126 0.12600000000000122 0.03051
4.019780000206083 -0.125 0.02856
7.037559999618679 -0.0010000000000012221 0.02854
1.9607000001706183 0.1070000000000011 0.03020
12.997800000011921 -0.08000000000000007 0.02894
3.951609999872744 -0.04100000000000037 0.02834
2.009560000151396 0.006000000000000227 0.02843
2.9596000001765788 -0.015000000000000568 0.02822
7.037000000011176 0.14100000000000001 0.03038
2.972019999753684 -0.13700000000000045 0.02827
19.964269999880344 0.002000000000000668 0.02830
2.9814500003121793 0.0519999999999996 0.02906
1.9877799996174872 -0.05299999999999905 0.02829
8.978409999981523 0.02099999999999902 0.02859
122.41705000028014 -0.007999999999999119 0.02847
16.956329999957234 -0.015000000000000568 0.02826
5.986399999819696 0.0519999999999996 0.02902
1.9928200002759695 -0.045999999999999375 0.02834
18.01414000010118 -0.03700000000000081 0.02783
8.014629999641329 0.02400000000000091 0.02816
1.0350800002925098 0.031000000000000583 0.02860
13.89843999966979 -0.013000000000001677 0.02841
4.009440000168979 0.004000000000001336 0.02847
7.87425999995321 -0.040000000000000924 0.02791
2.004670000169426 0.03700000000000081 0.02843
4.122570000123233 0.08300000000000018 0.02968
16.951669999863952 -0.11100000000000065 0.02804
9.841449999716133 0.04800000000000004 0.02872
21.19364000018686 -0.010999999999999233 0.02856
1.9468200001865625 0.014999999999998792 0.02878
5.870319999754429 -0.027999999999998693 0.02837
4.041040000040084 0.004999999999999005 0.02844
2.9915399998426437 0.011000000000001009 0.02860
5.93769000004977 -0.005000000000000782 0.02853
2.0529000000096858 0.0030000000000001137 0.02857
6.089000000152737 -0.016000000000000014 0.02834
12.926839999854565 0.0039999999999995595 0.02840
7.012769999913871 0.002000000000000668 0.02843
9.977290000300854 -0.0259999999999998 0.02806
0.96925999969244 0.006999999999999673 0.02816
1.998070000205189 0.21899999999999942 0.03167
