0.0 0.0 0.02402
3.9760600002482533 0.07000000000000028 0.02460
0.014649999793618917 -0.0259999999999998 0.02395
0.9952000002376735 -0.005000000000000782 0.02392
1.9851799998432398 -0.0389999999999997 0.02402
0.008729999884963036 0.04300000000000104 0.02395
1.994799999985844 0.01699999999999946 0.02408
19.95320999994874 -0.0519999999999996 0.02408
0.035300000105053186 0.014999999999998792 0.02379
0.9616999998688698 -0.0389999999999997 0.02389
1.994110000319779 0.05400000000000027 0.02433
0.04184999968856573 -0.002000000000000668 0.02389
0.9555700002238154 0.0 0.02431
0.044539999682456255 -0.0030000000000001137 0.02387
1.9499000003561378 0.023000000000001464 0.02448
0.038100000005215406 -0.004000000000001336 0.02402
0.9999099997803569 -0.04800000000000004 0.02366
0.9972000000998378 0.02800000000000047 0.02386
1.013160000089556 0.002000000000000668 0.02388
0.9520600000396371 -0.011000000000001009 0.02379
1.0296399998478591 0.012000000000000455 0.02388
0.9677699999883771 -0.02200000000000024 0.02372
3.9883200000040233 0.022999999999999687 0.02389
14.014580000191927 0.014000000000001123 0.02400
2.9612900000065565 0.0 0.02400
1.0402599996887147 -0.041999999999999815 0.02408
0.9877700000070035 0.058999999999999275 0.02414
0.009469999931752682 -0.032999999999999474 0.02429
12.027230000123382 -0.03599999999999959 0.02361
0.9845400000922382 0.0019999999999988916 0.02402
2.8823000001721084 0.26200000000000045 0.02600
3.037399999797344 -0.07399999999999984 0.02522
9.971570000052452 0.03999999999999915 0.02563
1.9427700000815094 -0.17199999999999882 0.02449
3.998729999642819 0.006999999999999673 0.02410
0.9905500002205372 -0.025000000000000355 0.02433
0.9908900000154972 -0.009999999999999787 0.02424
5.117099999915808 0.10200000000000031 0.02517
1.0742999999783933 -0.08900000000000041 0.02393
0.8302199998870492 0.02200000000000024 0.02410
0.07562000025063753 0.10500000000000043 0.02556
1.9567499998956919 0.005999999999998451 0.02508
7.0723399999551475 -0.02099999999999902 0.02488
0.01820999989286065 -0.11700000000000088 0.02431
1.9311800003051758 0.16000000000000014 0.02584
2.049959999974817 -0.08899999999999864 0.02447
1.8080500001087785 -0.013000000000001677 0.02483
3.999559999909252 -0.013999999999999346 0.02424
1.0405899998731911 -0.10800000000000054 0.02380
3.037169999908656 0.09200000000000053 0.02411
3.917390000075102 -0.06099999999999994 0.02365
0.10571999987587333 0.12899999999999956 0.02519
1.9410300003364682 -0.08300000000000018 0.02399
0.13774999976158142 0.10100000000000087 0.02537
1.0029299999587238 0.0039999999999995595 0.02541
6.965910000260919 0.05900000000000105 0.02547
3.003699999768287 0.03500000000000014 0.02643
1.048030000180006 -0.11100000000000065 0.02474
3.9474200000986457 0.06099999999999994 0.02587
0.8772999998182058 -0.1899999999999995 0.02369
4.015990000218153 0.007999999999999119 0.02415
4.1082499995827675 0.16000000000000014 0.02563
0.015020000282675028 0.054999999999999716 0.02566
1.9782199999317527 -0.03500000000000014 0.02585
0.011679999995976686 -0.03200000000000003 0.02499
2.973869999870658 0.012000000000000455 0.02563
1.0183300003409386 0.006000000000000227 0.02516
0.8853699997998774 -0.1590000000000007 0.02379
2.036210000049323 0.009000000000000341 0.02427
1.0440699998289347 0.08000000000000007 0.02451
0.9209199999459088 -0.03200000000000003 0.02424
2.076869999989867 0.008000000000000895 0.02477
2.962500000372529 -0.030000000000001137 0.02406
3.856819999869913 0.06600000000000072 0.02510
8.133249999955297 -0.07500000000000107 0.02399
2.003699999768287 -0.0129999999999999 0.02432
0.0038300002925097942 0.028999999999999915 0.02412
4.977140000090003 -0.06099999999999994 0.02405
0.005570000037550926 0.004000000000001336 0.02369
3.89879999961704 0.053999999999998494 0.02453
0.0038200002163648605 0.025000000000000355 0.02430
3.062659999821335 -0.06700000000000017 0.02418
0.0038200002163648605 0.0010000000000012221 0.02378
18.938169999979436 0.026999999999999247 0.02442
0.007530000060796738 0.0129999999999999 0.02409
5.993220000062138 0.008000000000000895 0.02415
1.9804199999198318 0.006999999999999673 0.02466
0.9917500000447035 -0.02200000000000024 0.02446
0.011459999717772007 0.0030000000000001137 0.02406
3.9782400000840425 0.009000000000000341 0.02458
0.011410000268369913 0.0 0.02413
7.9611799996346235 -0.016000000000000014 0.02443
0.008309999946504831 0.0779999999999994 0.02466
2.9938100003637373 -0.0519999999999996 0.02466
0.0036700000055134296 -0.016000000000000014 0.02408
6.966370000038296 0.012000000000000455 0.02462
0.011259999591857195 0.028999999999999915 0.02442
1.99170000012964 -0.03900000000000148 0.02453
1.0235899998806417 0.004000000000001336 0.02413
109.43062000023201 -0.009000000000000341 0.02450
0.0036700000055134296 -0.0389999999999997 0.02376
3.993559999857098 0.04299999999999926 0.02409
3.9860999998636544 -0.02099999999999902 0.02392
3.0049800002016127 -0.006000000000000227 0.02429
5.9741699998266995 -0.02200000000000024 0.02411
0.01143000042065978 0.022999999999999687 0.02388
2.9891699999570847 -0.007999999999999119 0.02382
3.9897099998779595 -0.005000000000000782 0.02379
2.997969999909401 0.006999999999999673 0.02384
0.9919699998572469 0.034000000000000696 0.02410
12.992530000396073 -0.0389999999999997 0.02421
1.054629999678582 -0.0129999999999999 0.02371
1.908619999885559 0.07199999999999918 0.02427
0.03004000009968877 -0.03500000000000014 0.02441
4.96407000022009 0.05400000000000027 0.02443
0.011369999963790178 -0.03200000000000003 0.02460
1.015259999781847 -0.015000000000000568 0.02404
5.9494400001131 0.16999999999999993 0.02560
4.9749699998646975 -0.0990000000000002 0.02512
0.015370000153779984 0.0710000000000015 0.02531
3.01244999980554 -0.031000000000000583 0.02553
0.06438000034540892 -0.13100000000000023 0.02388
4.975639999844134 0.02200000000000024 0.02406
3.012519999872893 -0.01699999999999946 0.02392
0.9513600002974272 0.11999999999999922 0.02495
9.064359999727458 -0.14300000000000068 0.02375
5.843460000120103 0.062000000000001165 0.02423
10.075869999825954 0.12100000000000044 0.02590
0.045730000361800194 -0.0810000000000013 0.02458
3.918240000028163 0.06099999999999994 0.02514
5.024449999909848 0.009999999999999787 0.02578
0.9928799998015165 0.02200000000000024 0.02603
0.9965200000442564 -0.016000000000000014 0.02530
10.002760000061244 0.05799999999999983 0.02591
0.9845799999311566 -0.0779999999999994 0.02563
7.092149999924004 -0.08399999999999963 0.02480
1.8385100001469254 -0.04600000000000115 0.02439
1.9833900001831353 0.0010000000000012221 0.02398
4.117969999555498 0.14700000000000024 0.02583
2.038050000090152 -0.0730000000000004 0.02459
0.9465499999932945 0.058999999999999275 0.02568
2.977309999987483 -0.010999999999999233 0.02504
2.803760000038892 -0.05600000000000094 0.02452
0.1688300003297627 0.02400000000000091 0.02524
7.825419999659061 -0.053000000000000824 0.02427
1.2294300002977252 0.1120000000000001 0.02584
4.987040000036359 0.011000000000001009 0.02541
1.9791699997149408 -0.034000000000000696 0.02507
1.0081100002862513 -0.025000000000000355 0.02535
1.9612999996170402 -0.08499999999999908 0.02410
0.007590000052005053 0.04699999999999882 0.02497
5.009210000280291 0.010000000000001563 0.02458
2.9716199999675155 -0.05600000000000094 0.02411
3.0254799998365343 0.03200000000000003 0.02438
1.813920000102371 0.03200000000000003 0.02514
2.179479999933392 -0.031000000000000583 0.02438
0.9747899998910725 -0.04099999999999859 0.02448
3.0073600001633167 0.0019999999999988916 0.02406
5.983659999910742 -0.03399999999999892 0.02380
2.909779999870807 0.02499999999999858 0.02399
6.00762000028044 0.017000000000001236 0.02413
2.052970000077039 -0.057000000000000384 0.02369
13.953989999834448 0.05000000000000071 0.02407
4.988510000053793 0.016000000000000014 0.02420
9.95488000009209 0.0009999999999994458 0.02466
2.006679999642074 0.0389999999999997 0.02454
0.9647300001233816 -0.03700000000000081 0.02468
2.9905099999159575 0.034000000000000696 0.02451
3.0207100003026426 -0.028999999999999915 0.02427
0.9957399996928871 -0.028999999999999915 0.02447
2.9750600000843406 0.038000000000000256 0.02434
5.989310000091791 -0.002000000000000668 0.02479
1.006969999987632 0.006000000000000227 0.02438
1.007329999934882 0.02200000000000024 0.02506
1.9762099999934435 -0.0389999999999997 0.02423
2.9985400000587106 0.0389999999999997 0.02457
1.9917700001969934 -0.07399999999999984 0.02438
1.003249999601394 0.0470000000000006 0.02433
126.41770000010729 -0.06700000000000017 0.02422
0.007710000034421682 0.0259999999999998 0.02400
4.97148000029847 -0.006000000000000227 0.02438
0.014359999913722277 -0.0389999999999997 0.02366
7.991519999690354 0.0030000000000001137 0.02408
2.039220000151545 0.0129999999999999 0.02378
0.9803700000047684 -0.008000000000000895 0.02372
5.948390000034124 0.03500000000000014 0.02442
2.0006699999794364 0.019999999999999574 0.02458
0.019299999810755253 -0.006000000000000227 0.02410
3.9442500001750886 0.0840000000000014 0.02532
0.011779999826103449 -0.022999999999999687 0.02461
3.976440000347793 0.11099999999999888 0.02627
1.029050000011921 -0.11599999999999966 0.02457
2.981660000048578 -0.019999999999999574 0.02487
10.069379999767989 -0.04499999999999993 0.02402
1.9768300000578165 0.026999999999999247 0.02469
5.889099999796599 0.034000000000000696 0.02501
0.011760000139474869 0.03999999999999915 0.02489
1.0075599998235703 0.05400000000000027 0.02597
0.9736500000581145 -0.08999999999999986 0.02505
0.011760000139474869 0.018000000000000682 0.02473
0.9848899999633431 -0.03200000000000003 0.02492
0.01181000005453825 -0.004000000000001336 0.02441
1.1253900001756847 -0.049999999999998934 0.02400
1.8571599996648729 -0.02400000000000091 0.02423
0.007019999902695417 0.07900000000000063 0.02445
2.080090000294149 0.03500000000000014 0.02526
6.079989999998361 -0.16500000000000092 0.02346
0.9648799998685718 0.07099999999999973 0.02397
0.9068100000731647 0.15000000000000036 0.02584
2.087379999924451 -0.15399999999999991 0.02437
0.9851700002327561 0.017000000000001236 0.02407
2.008369999937713 0.030999999999998806 0.02479
1.008099999744445 -0.08099999999999952 0.02410
0.9057500003837049 0.14199999999999946 0.02487
2.9438799996860325 -0.10299999999999976 0.02442
0.9703899999149144 -0.022999999999999687 0.02423
0.022470000199973583 0.019999999999999574 0.02396
2.099320000037551 0.12300000000000111 0.02556
0.038019999861717224 -0.03900000000000148 0.02466
3.9296599999070168 0.017000000000001236 0.02533
0.9433500003069639 -0.07600000000000051 0.02416
0.9964699996635318 -0.012000000000000455 0.02406
3.038580000400543 0.031000000000000583 0.02478
6.074649999849498 0.08199999999999896 0.02506
4.925299999769777 -0.01699999999999946 0.02489
0.10956000024452806 -0.12599999999999945 0.02425
0.8635800001211464 0.06599999999999895 0.02436
2.023300000000745 0.008000000000000895 0.02489
1.0112299998290837 0.0730000000000004 0.02509
3.0079799997620285 0.025000000000000355 0.02534
4.950870000291616 -0.1330000000000009 0.02414
2.857869999948889 0.015000000000000568 0.02426
6.201020000036806 0.09199999999999875 0.02562
1.049780000001192 0.025000000000000355 0.02533
1.9473299998790026 -0.02800000000000047 0.02506
3.8933899998664856 -0.1269999999999989 0.02438
5.088890000246465 0.10200000000000031 0.02532
1.0152900000102818 0.013999999999999346 0.02495
0.9917500000447035 -0.03999999999999915 0.02507
0.9627799997106194 -0.051000000000000156 0.02415
2.9824700001627207 -0.023000000000001464 0.02440
2.926400000229478 -0.0519999999999996 0.02359
0.9658699999563396 0.07200000000000095 0.02413
4.058869999833405 0.0519999999999996 0.02457
1.0302400002256036 -0.14000000000000057 0.02385
0.9917699997313321 0.03300000000000125 0.02371
0.9234500001184642 0.04099999999999859 0.02445
2.094380000140518 0.015000000000000568 0.02414
0.8951399996876717 0.009000000000000341 0.02466
0.011739999987185001 -0.0009999999999994458 0.02420
3.071320000104606 -0.06900000000000084 0.02367
0.003719999920576811 0.05400000000000027 0.02451
1.9796199998818338 -0.05000000000000071 0.02370
0.037640000227838755 0.040000000000000924 0.02443
1.90591000020504 -0.009999999999999787 0.02435
3.0601699999533594 0.0030000000000001137 0.02395
0.9945000000298023 -0.0470000000000006 0.02398
0.9336199997924268 0.1379999999999999 0.02471
0.9712299997918308 -0.045999999999999375 0.02431
1.0490500000305474 -0.040000000000000924 0.02442
4.0407400000840425 -0.06799999999999962 0.02349
0.9499800000339746 0.0860000000000003 0.02457
6.036480000242591 -0.008000000000000895 0.02406
1.007499999832362 -0.02200000000000024 0.02432
3.984829999972135 0.03700000000000081 0.02418
0.9998400001786649 -0.019000000000000128 0.02447
2.0048299999907613 -0.028999999999999915 0.02381
1.9923399998806417 0.022999999999999687 0.02398
3.987459999974817 0.032999999999999474 0.02425
0.9845500001683831 -0.014999999999998792 0.02457
1.9680499997921288 0.009999999999999787 0.02466
0.034740000031888485 -0.03700000000000081 0.02392
1.951630000025034 0.027000000000001023 0.02413
3.9855700000189245 -0.009999999999999787 0.02449
1.9946400001645088 0.02999999999999936 0.02429
5.019659999758005 -0.038000000000000256 0.02441
1.012810000218451 0.0649999999999995 0.02452
3.9762999997474253 -0.022999999999999687 0.02479
0.0037400000728666782 0.0039999999999995595 0.02436
146.35416000010446 -0.129999999999999 0.02375
1.0042799999937415 0.06700000000000017 0.02385
8.967059999704361 0.02099999999999902 0.02445
0.015640000347048044 -0.017999999999998906 0.02388
14.95964999962598 0.04800000000000004 0.02426
15.032670000102371 -0.049000000000001265 0.02387
0.011540000326931477 0.0010000000000012221 0.02429
7.952419999986887 0.0909999999999993 0.02463
15.950599999632686 0.07099999999999973 0.02584
2.929210000205785 -0.1559999999999988 0.02392
6.066349999979138 0.16000000000000014 0.02534
1.9558000001125038 -0.04100000000000037 0.02494
1.0073400000110269 -0.1070000000000011 0.02402
0.9521200000308454 -0.0009999999999994458 0.02401
7.972459999844432 0.012000000000000455 0.02410
5.975939999800175 -0.017000000000001236 0.02440
4.160510000307113 0.1330000000000009 0.02513
3.8824499999172986 -0.14199999999999946 0.02390
1.1027099997736514 0.1819999999999986 0.02554
2.9342200001701713 -0.14499999999999957 0.02419
8.95556000014767 -0.057000000000000384 0.02375
11.109859999734908 0.20000000000000107 0.02552
0.934950000140816 -0.13400000000000034 0.02427
1.991270000115037 -0.041999999999999815 0.02436
2.083759999834001 0.19100000000000072 0.02624
7.8649900001473725 -0.1960000000000015 0.02389
11.90910999989137 0.06099999999999994 0.02438
10.139469999819994 -0.05299999999999905 0.02395
1.9962700000032783 -0.0039999999999995595 0.02434
0.006570000201463699 0.022999999999999687 0.02410
22.925379999913275 -0.002000000000000668 0.02409
2.989860000088811 -0.019000000000000128 0.02394
