0.0 0.0 0.02000
3.0670600002631545 0.01699999999999946 0.02000
1.8519199998117983 0.004000000000001336 0.02000
6.244280000217259 -0.02400000000000091 0.02000
1.9491599998436868 -0.01699999999999946 0.02000
0.9576699999161065 0.007999999999999119 0.02000
1.8297900003381073 0.004000000000001336 0.02000
1.3165199998766184 0.0519999999999996 0.02000
0.979689999949187 -0.07500000000000107 0.02000
1.8735299999825656 0.04200000000000159 0.02000
4.0164700001478195 -0.018000000000000682 0.02000
2.006069999653846 0.005000000000000782 0.02000
1.9529500002972782 -0.0070000000000014495 0.02000
4.113829999696463 0.10400000000000098 0.02000
4.8627700000070035 0.08099999999999952 0.02000
4.072039999999106 -0.1899999999999995 0.02000
3.9630700000561774 0.019999999999999574 0.02000
1.0636400002986193 -0.0009999999999994458 0.02000
1.8676199996843934 -0.03200000000000003 0.02000
9.137440000195056 0.049999999999998934 0.02000
0.9990199999883771 0.06800000000000139 0.02000
0.9395900000818074 -0.10400000000000098 0.02000
7.031859999988228 0.009999999999999787 0.02000
59.80368999997154 -0.017999999999998906 0.02000
20.968419999815524 0.013999999999999346 0.02000
96.38715000031516 0.009000000000000341 0.02000
3.9941300000064075 0.0009999999999994458 0.02000
1.9893699996173382 -0.009999999999999787 0.02000
12.987540000118315 0.0039999999999995595 0.02000
4.981140000279993 -0.02099999999999902 0.02000
1.9973199996165931 -0.012000000000000455 0.02000
3.987089999951422 0.0470000000000006 0.02000
3.98738000029698 -0.027000000000001023 0.02000
2.0446299999020994 0.002000000000000668 0.02000
3.937299999874085 -0.0010000000000012221 0.02000
3.9915900002233684 0.0070000000000014495 0.02000
3.0595599999651313 0.008999999999998565 0.02000
3.94922999991104 -0.0029999999999983373 0.02000
3.999040000140667 -0.005000000000000782 0.02000
2.9687799997627735 0.02999999999999936 0.02000
3.0435600001364946 -0.013999999999999346 0.02000
3.9530799998901784 0.006000000000000227 0.02000
6.989830000326037 -0.01699999999999946 0.02000
2.0649899998679757 0.0029999999999983373 0.02000
2.9402600000612438 0.0030000000000001137 0.02000
3.06266999989748 -0.0019999999999988916 0.02000
2.9595099999569356 0.1399999999999988 0.02000
4.8938500001095235 -0.14699999999999847 0.02000
3.0366799999028444 0.005999999999998451 0.02000
3.0874700001440942 -0.005999999999998451 0.02000
0.8617799999192357 0.010999999999999233 0.02000
3.055339999962598 0.08200000000000074 0.02000
2.0140499998815358 -0.08800000000000097 0.02000
1.9490300002507865 0.005000000000000782 0.02000
1.06266999989748 0.17900000000000027 0.02000
2.1050800001248717 -0.17800000000000082 0.02000
2.993030000012368 0.12599999999999945 0.02000
0.8147099995985627 -0.1349999999999998 0.02000
3.1569199999794364 0.006999999999999673 0.02000
2.870050000026822 -0.03399999999999892 0.02000
2.040890000294894 0.0019999999999988916 0.02000
2.8580899997614324 0.009000000000000341 0.02000
2.0815300000831485 0.0030000000000001137 0.02000
2.2259400002658367 0.0 0.02000
0.979589999653399 -0.0019999999999988916 0.02000
0.9795500002801418 0.01699999999999946 0.02000
1.7492399998009205 0.03500000000000014 0.02000
3.22234999993816 -0.031000000000000583 0.02000
2.9265200002118945 0.002000000000000668 0.02000
2.0406700000166893 -0.0259999999999998 0.02000
0.852479999884963 0.016000000000000014 0.02000
3.177970000077039 -0.006000000000000227 0.02000
0.8822399997152388 -0.015000000000000568 0.02000
8.928800000343472 0.028999999999999915 0.02000
5.0975799998268485 -0.0129999999999999 0.02000
3.0567100001499057 0.010999999999999233 0.02000
2.938379999715835 -0.0039999999999995595 0.02000
2.848710000049323 0.002000000000000668 0.02000
2.0968599999323487 0.0039999999999995595 0.02000
2.0279500000178814 0.053000000000000824 0.02000
0.9575700000859797 -0.08300000000000018 0.02000
3.0686300001107156 0.016000000000000014 0.02000
1.9467600001953542 0.0259999999999998 0.02000
6.046279999893159 -0.009000000000000341 0.02000
0.9317799997515976 0.0030000000000001137 0.02000
3.106540000066161 -0.02200000000000024 0.02000
2.996199999935925 0.02400000000000091 0.02000
4.952790000010282 0.02999999999999936 0.02000
0.8736300002783537 0.1609999999999996 0.02000
6.135239999741316 -0.19099999999999895 0.02000
1.968570000026375 0.0009999999999994458 0.02000
2.9638800001703203 0.02999999999999936 0.02000
3.9664900000207126 -0.0039999999999995595 0.02000
3.043620000127703 -0.019999999999999574 0.02000
19.97501999977976 -0.027000000000001023 0.02000
6.975490000098944 0.005000000000000782 0.02000
1.9875099998898804 -0.005000000000000782 0.02000
1.991090000141412 0.0 0.02000
5.999079999979585 -0.019000000000000128 0.02000
2.977849999908358 0.025000000000000355 0.02000
1.9910399997606874 -0.01699999999999946 0.02000
6.982010000385344 0.031000000000000583 0.02000
9.9582499996759 -0.017000000000001236 0.02000
96.40957000013441 -0.004999999999999005 0.02000
1.9877200000919402 0.013999999999999346 0.02000
2.99311999976635 -0.025000000000000355 0.02000
5.988379999995232 0.04300000000000104 0.02000
5.99894000031054 -0.0470000000000006 0.02000
0.9967600000090897 0.01699999999999946 0.02000
0.9966799998655915 0.004000000000001336 0.02000
4.99546999996528 -0.0030000000000001137 0.02000
2.987379999831319 0.0030000000000001137 0.02000
12.993810000363737 -0.028999999999999915 0.02000
1.9559999997727573 0.017999999999998906 0.02000
1.0046700001694262 -0.0019999999999988916 0.02000
7.008959999773651 0.011999999999998678 0.02000
1.9899900001473725 0.015000000000000568 0.02000
3.0099399997852743 0.0 0.02000
2.9720000000670552 -0.04400000000000048 0.02000
4.048429999966174 0.04100000000000037 0.02000
3.960900000296533 0.17999999999999972 0.02000
7.052669999655336 -0.19599999999999973 0.02000
0.9743300001136959 0.0009999999999994458 0.02000
2.926119999960065 0.008000000000000895 0.02000
3.0195700000040233 0.0600000000000005 0.02000
8.947530000004917 -0.07200000000000095 0.02000
34.996430000290275 0.019999999999999574 0.02000
4.069139999803156 -0.007999999999999119 0.02000
0.832349999807775 0.019999999999999574 0.02000
1.0717200003564358 -0.019999999999999574 0.02000
0.9915099996142089 0.17900000000000027 0.02000
1.9758500000461936 -0.17999999999999972 0.02000
2.0105500002391636 -0.031000000000000583 0.02000
1.1052999999374151 0.0649999999999995 0.02000
1.893079999834299 0.057000000000000384 0.02000
1.979340000078082 -0.07900000000000063 0.02000
0.8899900000542402 0.13000000000000078 0.02000
1.1198399998247623 -0.15799999999999947 0.02000
3.1148300003260374 0.01899999999999835 0.02000
0.8895799997262657 0.15100000000000158 0.02000
0.9447300001047552 -0.16800000000000104 0.02000
3.1954600000754 0.02400000000000091 0.02000
1.048560000024736 -0.004000000000001336 0.02000
0.7634100001305342 -0.023999999999999133 0.02000
2.116789999883622 0.02999999999999936 0.02000
1.8217099998146296 0.08500000000000085 0.02000
1.158809999935329 -0.1070000000000011 0.02000
0.9597700000740588 -0.011999999999998678 0.02000
2.121629999950528 0.03799999999999848 0.02000
0.9962100000120699 0.0600000000000005 0.02000
1.0174400000832975 -0.08799999999999919 0.02000
0.9651700002141297 0.0019999999999988916 0.02000
0.9642599998041987 0.004000000000001336 0.02000
0.9523200001567602 0.009999999999999787 0.02000
0.9953499999828637 0.0 0.02000
1.0419799997471273 -0.016000000000000014 0.02000
1.0041100000962615 0.03500000000000014 0.02000
0.9991399999707937 -0.0259999999999998 0.02000
0.9719700003042817 0.004999999999999005 0.02000
0.9877599999308586 -0.007999999999999119 0.02000
1.014289999846369 0.014999999999998792 0.02000
3.046800000127405 -0.032999999999999474 0.02000
2.032199999783188 0.01699999999999946 0.02000
0.9992499998770654 0.009000000000000341 0.02000
1.0029700002633035 -0.036999999999999034 0.02000
0.8952799998223782 0.017999999999998906 0.02000
1.0157800000160933 0.03200000000000003 0.02000
0.9787500002421439 -0.026999999999999247 0.02000
0.9610199998132885 0.006000000000000227 0.02000
1.050150000024587 0.0039999999999995595 0.02000
1.0482700001448393 -0.0009999999999994458 0.02000
0.9769000001251698 0.013999999999999346 0.02000
1.0070099998265505 -0.032999999999999474 0.02000
0.8655400001443923 0.02099999999999902 0.02000
3.1629099999554455 -0.017999999999998906 0.02000
2.001840000040829 0.11299999999999955 0.02000
0.9979799999855459 -0.10299999999999976 0.02000
0.9915000000037253 0.05400000000000027 0.02000
0.9953199997544289 -0.011000000000001009 0.02000
0.9992800001055002 -0.032999999999999474 0.02000
1.000450000166893 -0.031000000000000583 0.02000
0.9980599996633828 0.04400000000000048 0.02000
0.9914800003170967 0.02800000000000047 0.02000
3.9595299996435642 -0.036000000000001364 0.02000
1.9343500002287328 0.002000000000000668 0.02000
2.9373800000175834 -0.04499999999999993 0.02000
3.114049999974668 0.006999999999999673 0.02000
1.9479100001044571 0.008000000000000895 0.02000
0.9614399997517467 0.016000000000000014 0.02000
61.91443999996409 -0.0070000000000014495 0.02000
