0.0 0.0 0.09830
3.9932000003755093 0.04100000000000037 0.10100
23.862079999875277 -0.13200000000000145 0.09247
7.993699999991804 0.009000000000000341 0.09303
45.94675999972969 -0.10500000000000043 0.08655
1.0620300001464784 0.06899999999999906 0.09078
23.97783000022173 -0.1369999999999969 0.08252
29.936689999885857 -0.30900000000000105 0.06607
133.1378000001423 0.31799999999999784 0.08340
1.0092699998058379 0.20800000000000196 0.09623
11.980460000224411 0.06899999999999906 0.10073
8.223909999709576 0.22100000000000009 0.11535
6.999540000222623 -0.21799999999999997 0.10053
0.9911899999715388 -0.04299999999999926 0.09772
1.7604100001044571 0.018000000000000682 0.09928
1.2428699997253716 0.028999999999999915 0.10080
2.9779900000430644 -0.1509999999999998 0.09109
2.0125799998641014 -0.1720000000000006 0.08079
1.9929100000299513 0.6389999999999993 0.12246
4.9930000002495944 -1.298 0.05014
1.985259999986738 1.0280000000000005 99.99000
3.9912000000476837 -0.11400000000000077 0.09636
1.0029799998737872 -0.24899999999999878 0.08113
3.9885599999688566 0.0730000000000004 0.08541
1.0 -0.09600000000000186 0.07982
0.7609299998730421 0.20000000000000107 0.09215
2.2320300000719726 -0.0010000000000012221 0.09171
2.0015400000847876 -0.03999999999999915 0.08923
0.7597900000400841 0.07000000000000028 0.09399
5.050289999693632 -0.05699999999999861 0.09040
1.0006700004450977 -0.0400000000000027 0.08794
0.17823999980464578 0.2029999999999994 0.10047
3.9879600000567734 0.062000000000001165 0.10460
12.805689999833703 -0.08500000000000085 0.09935
1.9279499999247491 0.018000000000000682 0.10053
1.0002399999648333 0.019000000000001904 0.10179
1.0106200003065169 -0.11599999999999966 0.09424
15.169509999919683 -0.018000000000000682 0.09272
5.69186000013724 0.1319999999999979 0.10166
2.044129999820143 -0.09699999999999775 0.09533
3.0411700000986457 -0.06900000000000261 0.09096
2.2409299998544157 0.1390000000000029 0.09948
1.0015199999324977 0.6139999999999972 0.14165
0.9994399999268353 -0.8490000000000002 0.08476
1.996750000398606 -0.008999999999996788 0.08422
2.0002099997363985 0.13299999999999912 0.09234
2.940940000116825 0.06599999999999895 0.09655
2.04784999974072 -0.04100000000000037 0.09392
0.9058400001376867 -0.15499999999999758 0.08440
0.9941300000064075 0.5409999999999968 0.11995
5.074450000189245 -0.3279999999999994 0.09765
3.054199999663979 -0.11799999999999855 0.09016
1.9518500003032386 0.21099999999999852 0.10379
5.002450000029057 -0.1479999999999997 0.09411
2.8052199999801815 0.019000000000001904 0.09571
2.1678299997001886 -0.1460000000000008 0.08625
2.005820000078529 0.12900000000000134 0.09424
3.002809999976307 0.012999999999998124 0.09507
1.7463400000706315 -0.11100000000000065 0.08849
9.988400000147521 0.8079999999999998 0.14305
1.228459999896586 -0.44399999999999906 0.11196
0.9944500001147389 -0.1700000000000017 0.10047
1.816189999692142 -0.12599999999999767 0.09272
1.9495000001043081 -0.045000000000001705 0.08991
0.23082000017166138 0.038000000000000256 0.09190
2.0085299997590482 -0.16699999999999982 0.08182
0.983500000089407 0.4109999999999996 0.10791
1.0086300000548363 -0.30299999999999727 0.08825
1.9856600002385676 0.08399999999999963 0.09348
2.013409999664873 0.0589999999999975 0.09726
1.9832500000484288 0.3440000000000012 0.12065
3.8710699998773634 -0.5070000000000014 0.08740
18.86583000002429 0.052000000000003155 0.09059
3.009390000253916 0.20099999999999696 0.10359
5.02367000002414 -0.06099999999999994 0.09955
6.946949999779463 -0.14399999999999835 0.09034
2.9907700000330806 -0.15300000000000047 0.08119
3.0287299999035895 0.27300000000000146 0.09798
8.995170000009239 0.03999999999999915 0.10060
8.134870000183582 0.045999999999999375 0.10326
2.7767799999564886 -0.053999999999998494 0.10007
3.049360000062734 0.01799999999999713 0.10126
0.9984499998390675 0.06400000000000006 0.10554
2.959809999912977 -0.21399999999999864 0.09159
6.0109200002625585 0.19399999999999906 0.10419
5.98808000003919 -0.14199999999999946 0.09488
3.97704999987036 0.045000000000001705 0.09778
9.006980000063777 -0.015000000000000568 0.09681
5.9566999999806285 -0.1960000000000015 0.08464
78.48145999992266 0.22800000000000153 0.09889
1.0025500003248453 -0.0519999999999996 0.09552
1.9905899995937943 -0.16300000000000026 0.08541
17.9660800001584 0.24899999999999878 0.10113
1.9938900000415742 -0.06599999999999895 0.09681
2.994020000100136 0.053999999999998494 0.10034
5.982820000033826 -0.10899999999999821 0.09329
5.2482699998654425 -0.11899999999999977 0.08559
1.0186100001446903 0.08299999999999841 0.09065
2.710440000053495 -0.07699999999999818 0.08631
3.0228199996054173 0.00999999999999801 0.08691
6.239410000387579 0.14000000000000057 0.09526
0.7811999996192753 0.009000000000000341 0.09623
4.924790000077337 0.09799999999999898 0.10266
0.9965400001965463 -0.04899999999999949 0.09941
4.032439999748021 -0.10300000000000153 0.09278
0.9589700000360608 0.03300000000000125 0.09488
3.983940000180155 -0.18599999999999994 0.08346
1.087729999795556 0.2579999999999991 0.09955
4.180590000003576 -0.06299999999999883 0.09507
6.718610000330955 -0.0990000000000002 0.08923
1.053829999640584 0.06400000000000006 0.09322
3.248250000178814 -0.05000000000000071 0.08972
9.773870000150055 -0.004999999999999005 0.08978
0.9668199997395277 0.23499999999999943 0.10500
2.2865100000053644 -0.2749999999999986 0.08697
1.8610100001096725 0.5389999999999979 0.12281
5.887139999773353 -0.07000000000000028 0.11834
2.974340000189841 -0.47199999999999775 0.08715
4.995730000082403 0.2079999999999984 0.10034
2.8772499999031425 -0.1509999999999998 0.09065
6.1489699999801815 -0.038999999999997925 0.08825
8.942640000022948 0.24099999999999966 0.10373
1.0269700000062585 -0.2699999999999996 0.08649
0.8557899999432266 0.22699999999999676 0.10086
3.9843999999575317 -0.07899999999999707 0.09571
2.088539999909699 -0.08000000000000185 0.09065
7.011660000309348 -0.0730000000000004 0.08619
1.8499099998734891 0.20700000000000074 0.09922
2.101780000142753 -0.14999999999999858 0.08966
0.9059599996544421 0.05699999999999861 0.09322
1.2089800001122057 0.1039999999999992 0.09994
0.8908800003118813 -0.14300000000000068 0.09078
0.834389999974519 0.47300000000000253 0.12253
2.004590000025928 -0.8230000000000004 0.07085
3.287929999642074 0.6679999999999993 0.11175
0.8517500003799796 -0.2759999999999998 0.09341
0.9081899998709559 0.018000000000000682 0.09456
3.19181999983266 -0.012000000000000455 0.09379
0.8715200000442564 -0.04100000000000037 0.09121
1.97616000007838 -0.00999999999999801 0.09059
3.296509999781847 0.05099999999999838 0.09341
1.8063400001265109 -0.1559999999999988 0.08422
3.049170000012964 0.09799999999999898 0.09016
1.8860300001688302 0.9780000000000015 0.15540
3.101269999984652 -0.9620000000000033 0.09115
0.83614999987185 0.10500000000000043 0.09785
2.0194000001065433 -0.15899999999999892 0.08782
1.1117199999280274 0.1559999999999988 0.09726
1.9553499999456108 0.22500000000000142 0.11278
1.9873799998313189 0.24099999999999966 0.12960
1.1962600001133978 -0.41300000000000026 0.10073
2.8632100000977516 0.5360000000000014 0.13808
1.9521400001831353 -0.5109999999999992 0.10279
0.9514099997468293 0.0259999999999998 0.10453
2.0817200001329184 -0.1620000000000026 0.09392
1.9907700000330806 0.4380000000000024 0.12358
1.141499999910593 0.2699999999999996 0.14178
1.8308500000275671 -0.6880000000000024 0.09520
1.9986499999649823 -0.11499999999999844 0.08800
4.9728600000962615 0.07900000000000063 0.09291
0.8917100001126528 0.0009999999999976694 0.09297
3.0648099998943508 0.8560000000000016 0.15076
1.0997299998998642 -0.6260000000000012 0.10771
0.8433199999853969 -0.37099999999999866 0.08434
1.241090000141412 0.41499999999999915 0.11072
1.863769999705255 -0.21099999999999852 0.09700
1.9360299999825656 0.4039999999999999 0.12456
2.0526499999687076 -0.5160000000000018 0.08991
0.9581100000068545 0.09100000000000108 0.09565
2.118040000088513 0.013999999999999346 0.09616
1.0524300001561642 -0.018000000000000682 0.09501
1.835969999898225 0.06300000000000239 0.09948
4.94527000002563 -0.10100000000000264 0.09297
9.166269999928772 0.13100000000000023 0.10106
4.848960000090301 -0.04299999999999926 0.09863
3.9604199999012053 -0.05099999999999838 0.09533
4.012190000154078 0.06599999999999895 0.09961
1.9706600001081824 -0.06800000000000139 0.09520
5.01153999986127 0.17400000000000304 0.10669
105.40613000001758 -0.7470000000000017 0.06338
0.9967399998567998 1.1250000000000018 99.99000
9.976389999967068 -0.5060000000000002 0.09817
13.975680000148714 -0.07800000000000296 0.09316
19.94296000013128 0.010000000000001563 0.09379
9.269949999637902 -0.12199999999999989 0.08589
14.703330000396818 0.2029999999999994 0.09902
2.963729999959469 0.07600000000000051 0.10406
7.235439999960363 -0.0730000000000004 0.09882
1.0560200000181794 -0.15399999999999991 0.08905
2.9386100000701845 0.12199999999999989 0.09674
11.813540000002831 0.11200000000000188 0.10453
2.8811399997211993 -0.04900000000000304 0.10126
2.0439900001510978 -0.1479999999999997 0.09171
5.298620000015944 0.1479999999999997 0.10086
1.8934100000187755 -0.0779999999999994 0.09578
0.8666300000622869 0.045000000000001705 0.09909
3.1212399997748435 -0.12100000000000222 0.09096
1.1664400002919137 -0.01699999999999946 0.08991
1.8259299998171628 0.11500000000000199 0.09720
14.908969999756664 -0.03500000000000014 0.09533
3.916250000242144 -0.13400000000000034 0.08697
2.9853900000452995 0.0779999999999994 0.09178
2.990009999834001 0.0519999999999996 0.09507
7.195220000110567 0.4800000000000004 0.12736
1.7677099998109043 -0.4559999999999995 0.09661
2.04643000010401 0.01899999999999835 0.09785
1.9668900002725422 0.48499999999999943 0.13113
0.8458399996161461 -0.6099999999999994 0.08991
2.118910000193864 0.0710000000000015 0.09437
12.156469999812543 0.1980000000000004 0.10703
0.9012899999506772 -0.23799999999999955 0.09184
1.053330000024289 0.10099999999999909 0.09791
1.0103100002743304 -0.05900000000000105 0.09449
0.9961799997836351 0.21300000000000097 0.10819
2.8675400000065565 0.12099999999999866 0.11695
2.24566000001505 -0.36799999999999855 0.09196
4.701799999922514 0.10800000000000054 0.09928
5.1255900003015995 -0.13899999999999935 0.09003
6.009829999879003 0.13899999999999935 0.09889
1.1508999997749925 0.03599999999999781 0.10126
6.772870000451803 -0.0019999999999988916 0.10153
6.193629999645054 -0.06099999999999994 0.09713
4.769800000358373 -0.01899999999999835 0.09629
2.0041599995456636 0.006000000000000227 0.09668
4.050080000422895 0.09399999999999764 0.10286
8.978239999618381 -0.23999999999999844 0.08752
3.9909900003112853 -0.03300000000000125 0.08553
2.956909999717027 0.010999999999999233 0.08619
1.9983700001612306 -0.04499999999999815 0.08352
2.0221000001765788 0.3279999999999994 0.10426
0.9512699996121228 -0.02400000000000091 0.10266
3.0007900004275143 -0.03599999999999781 0.10027
3.016929999925196 -0.1680000000000028 0.08954
2.002109999768436 0.8420000000000023 0.14638
2.9430400002747774 -0.6980000000000004 0.09869
4.034920000005513 0.5919999999999987 0.13936
1.9946800000034273 -0.7349999999999994 0.08960
3.9907799996435642 0.1720000000000006 0.10060
1.9900500001385808 0.05799999999999983 0.10446
1.982520000077784 -0.16400000000000148 0.09373
1.990549999754876 0.14000000000000057 0.10286
9.984610000159591 -0.11899999999999977 0.09507
2.9903700002469122 0.022000000000002018 0.09648
8.971029999665916 0.19899999999999807 0.10976
78.48842000029981 -0.16799999999999926 99.99000
1.000689999666065 -0.03500000000000014 99.99000
0.9962300001643598 -0.15700000000000003 0.08643
0.996480000205338 -0.013999999999999346 0.08559
12.976469999644905 0.2539999999999978 0.10166
5.984110000077635 0.005000000000002558 0.10199
2.0047100000083447 -0.028000000000002245 0.10014
2.0162599999457598 -0.12299999999999756 0.09222
2.9724799999967217 -0.028999999999999915 0.09040
8.218270000070333 0.5139999999999993 0.12456
6.7414100002497435 -0.3979999999999997 0.09778
1.2712999996729195 -0.12600000000000122 0.08941
1.003800000064075 0.05699999999999861 99.99000
4.003839999902993 -0.2839999999999989 0.07620
1.7668099999427795 0.375 0.09922
3.914630000013858 -0.10099999999999909 0.09272
2.004960000049323 0.17099999999999937 0.10386
2.981940000317991 0.030000000000001137 0.10588
2.0007499996572733 -0.2560000000000002 0.08929
3.0389900002628565 0.03599999999999781 0.09153
6.198119999840856 0.011000000000002785 0.09184
3.761140000075102 0.3549999999999969 0.11590
4.055370000191033 -0.48999999999999844 0.08399
1.0005799997597933 0.010999999999999233 0.08464
2.9863599999807775 0.23799999999999955 0.09955
2.94941999996081 -0.04399999999999693 0.09668
32.98137000016868 -0.12400000000000233 0.08886
6.860429999884218 0.009000000000000341 0.08941
1.9902599998749793 0.06500000000000128 0.09348
1.02693000016734 -0.16600000000000037 0.08334
1.1825199997983873 0.21300000000000097 0.09648
0.8073400002904236 0.1339999999999968 0.10534
4.097659999970347 -0.029999999999997584 0.10332
1.8864899999462068 -0.06500000000000128 0.09902
2.997779999859631 -0.00999999999999801 0.09837
6.102870000060648 -0.028000000000002245 0.09655
6.003159999847412 -0.05099999999999838 0.09329
4.164130000397563 -0.08200000000000074 0.08782
3.05058000003919 0.36100000000000065 0.11140
1.8444199999794364 0.07499999999999929 0.11702
5.170829999726266 0.5210000000000008 99.99000
6.979550000280142 -0.2660000000000018 0.13438
4.979889999609441 -0.6059999999999981 0.09310
5.829230000264943 0.08199999999999719 0.09837
6.12569999974221 0.12200000000000344 0.10649
0.9964700001291931 -0.12100000000000222 0.09843
4.008909999858588 -0.18999999999999773 0.08649
6.735070000402629 0.02499999999999858 0.08837
1.0387099999934435 0.16799999999999926 0.09902
5.0496499999426305 0.7370000000000019 0.14919
20.877769999671727 -0.3190000000000026 0.12771
3.0434799999929965 -0.5429999999999993 0.09103
9.97237000009045 0.019000000000001904 0.09222
44.86243000021204 0.5139999999999993 99.99000
79.48588000005111 -0.4090000000000025 0.09896
4.986430000048131 -0.24599999999999866 0.08363
10.99127999972552 0.14300000000000068 0.09234
0.9966199998743832 -0.05799999999999983 0.08874
3.9900100002996624 0.0019999999999988916 0.08886
2.990470000077039 0.03900000000000148 0.09128
7.980089999735355 0.4239999999999995 0.11967
4.987519999966025 -0.41499999999999915 0.09184
6.97976000001654 0.10899999999999821 0.09882
0.9965200000442564 -0.11199999999999832 0.09165
2.993619999848306 0.0779999999999994 0.09661
3.9912200001999736 -0.13800000000000168 0.08794
7.976439999882132 0.16000000000000014 0.09804
0.9965600003488362 0.2970000000000006 0.11820
7.3177399998530746 -0.26699999999999946 0.09961
4.0291800000704825 -0.16000000000000014 0.08941
10.865329999942333 0.26699999999999946 0.10676
6.072999999858439 -0.12199999999999989 0.09863
0.9082599999383092 -0.07900000000000063 0.09354
4.048330000136048 0.028000000000002245 0.09533
23.991419999860227 -0.06800000000000139 0.09103
2.0454899999313056 -0.030999999999998806 0.08911
2.8427400002256036 0.0009999999999976694 0.08917
1.104689999949187 0.4610000000000021 0.11988
3.0314000002108514 -0.30600000000000094 0.09902
