0.0 0.0 0.02240
0.9944799998775125 0.02400000000000091 0.02249
0.7336200000718236 -0.0600000000000005 0.02226
1.0408000000752509 0.05000000000000071 0.02245
0.951689999550581 0.07199999999999918 0.02279
1.0195500003173947 -0.10200000000000031 0.02233
9.044369999784976 -0.006999999999999673 0.02231
15.868470000103116 0.002000000000000668 0.02232
2.1509699998423457 0.04299999999999926 0.02249
1.0029700002633035 -0.022999999999999687 0.02239
1.997159999795258 -0.009999999999999787 0.02235
0.9932400002144277 0.11099999999999888 0.02286
1.011469999793917 -0.12299999999999933 0.02231
0.9930500001646578 -0.025000000000000355 0.02222
0.999030000064522 0.15800000000000125 0.02291
0.9927699998952448 -0.11400000000000077 0.02238
0.9887600000947714 0.359 0.02468
12.88063000002876 -0.34800000000000075 0.02242
8.099419999867678 -0.04099999999999859 0.02227
1.977659999858588 0.01699999999999946 0.02233
0.971060000360012 -0.045999999999999375 0.02218
4.027959999628365 0.03399999999999892 0.02229
0.9551099999807775 0.006000000000000227 0.02231
0.9803400002419949 0.1639999999999997 0.02309
17.077860000077635 -0.15000000000000036 0.02236
0.9526499998755753 0.02200000000000024 0.02245
0.9891699999570847 0.1639999999999997 0.02331
0.9972500000149012 -0.20599999999999952 0.02229
0.9864300000481308 0.03200000000000003 0.02241
1.032829999923706 0.0030000000000001137 0.02242
0.987130000256002 -0.02800000000000047 0.02231
1.9894499997608364 -0.010999999999999233 0.02227
11.00180000020191 0.07000000000000028 0.02255
7.97249999968335 -0.06600000000000072 0.02229
140.36006999993697 0.041999999999999815 0.02245
7.034990000072867 -0.06099999999999994 0.02222
4.979550000280142 0.021000000000000796 0.02229
7.96563999960199 -0.008000000000000895 0.02227
5.005920000374317 0.05600000000000094 0.02248
2.9512299997732043 -0.019000000000000128 0.02240
15.022429999895394 -0.032999999999999474 0.02228
3.9489600001834333 -0.011000000000001009 0.02224
6.965419999789447 -0.010999999999999233 0.02221
0.9938500002026558 0.009999999999999787 0.02224
0.9952699998393655 0.03399999999999892 0.02236
1.1019999999552965 0.06300000000000061 0.02263
4.937700000125915 -0.0649999999999995 0.02235
5.070880000013858 0.0259999999999998 0.02246
2.9234500001184642 -0.04899999999999949 0.02227
11.895589999854565 0.0030000000000001137 0.02228
13.103889999911189 0.14599999999999902 0.02294
2.0384700000286102 -0.13299999999999912 0.02233
2.0004100003279746 -0.002000000000000668 0.02232
2.9853900000452995 -0.019000000000000128 0.02225
9.832119999919087 0.03599999999999959 0.02238
11.083929999731481 0.017000000000001236 0.02245
2.0348200001753867 -0.0470000000000006 0.02227
0.9399999999441206 0.010999999999999233 0.02231
2.997359999921173 0.0070000000000014495 0.02234
3.9838900002650917 -0.02400000000000091 0.02225
1.9868999999016523 0.015000000000000568 0.02231
4.014219999779016 -0.031000000000000583 0.02220
3.8324100002646446 0.2469999999999999 0.02341
6.228639999870211 -0.02200000000000024 0.02327
0.8674800000153482 -0.14400000000000013 0.02250
2.0776300001889467 -0.0519999999999996 0.02230
0.9380699996836483 -0.019999999999999574 0.02223
1.9917399999685585 0.018000000000000682 0.02229
3.046779999975115 0.0129999999999999 0.02234
3.041880000382662 -0.02000000000000135 0.02227
5.010839999653399 0.0030000000000001137 0.02228
10.94886999996379 0.0389999999999997 0.02242
2.9621100001968443 0.009000000000000341 0.02246
2.000589999835938 0.0 0.02246
1.9812600002624094 0.018000000000000682 0.02254
2.9867199999280274 -0.05600000000000094 0.02231
4.021360000129789 -0.0039999999999995595 0.02230
5.955489999614656 0.03500000000000014 0.02243
8.993460000026971 -0.07099999999999973 0.02218
6.978020000271499 0.03999999999999915 0.02231
2.992769999895245 0.15700000000000003 0.02305
140.37711999984458 -0.12899999999999956 0.02242
0.9960900000296533 -0.009000000000000341 0.02238
10.006109999958426 0.05000000000000071 0.02260
7.006969999987632 -0.11899999999999977 0.02215
1.0018500001169741 0.032999999999999474 0.02225
0.9920900003053248 0.03700000000000081 0.02239
0.9502199999988079 -0.03900000000000148 0.02225
4.039179999846965 0.05000000000000071 0.02243
24.993869999889284 0.12899999999999956 0.02307
2.9898200002498925 -0.1559999999999988 0.02233
2.9011399997398257 0.036999999999999034 0.02247
3.0332300001755357 -0.010999999999999233 0.02243
7.046120000071824 0.1609999999999996 0.02326
2.9803599999286234 -0.18200000000000038 0.02235
3.9911099998280406 -0.009999999999999787 0.02231
5.010379999876022 -0.012000000000000455 0.02227
3.927380000241101 0.09600000000000009 0.02266
1.0414599999785423 -0.0649999999999995 0.02238
2.8739000000059605 -0.013999999999999346 0.02233
2.121840000152588 0.0030000000000001137 0.02234
14.068399999756366 -0.025000000000000355 0.02225
14.885869999881834 0.04899999999999949 0.02243
9.059550000354648 -0.0470000000000006 0.02226
1.9935599998570979 0.05400000000000027 0.02246
4.9877800000831485 -0.013999999999999346 0.02240
4.985630000010133 -0.027000000000001023 0.02230
4.8885299996472895 0.04499999999999993 0.02248
5.028340000193566 -0.028999999999999915 0.02236
3.0467199999839067 0.006000000000000227 0.02238
4.987230000086129 0.0070000000000014495 0.02241
5.968760000076145 0.03799999999999848 0.02257
0.9585599997080863 0.025000000000000355 0.02269
2.0489400001242757 -0.0779999999999994 0.02235
2.959199999924749 0.030999999999998806 0.02248
2.937510000076145 0.13500000000000156 0.02317
4.907819999847561 -0.19200000000000017 0.02226
3.1472700000740588 0.03200000000000003 0.02238
1.998680000193417 -0.005000000000000782 0.02236
0.8865600000135601 -0.03200000000000003 0.02224
6.09334999974817 0.0649999999999995 0.02249
9.94672999996692 -0.07399999999999984 0.02221
8.995540000032634 0.040000000000000924 0.02235
1.9778400002978742 0.041999999999999815 0.02252
4.003439999651164 -0.03700000000000081 0.02237
2.9922000002115965 0.014000000000001123 0.02243
2.9925600001588464 0.006000000000000227 0.02245
2.98086000001058 -0.04300000000000104 0.02229
2.9888999997638166 0.18599999999999994 0.02319
138.3824499999173 -0.1169999999999991 0.02256
3.9901600000448525 -0.0259999999999998 0.02245
5.981300000101328 -0.008000000000000895 0.02242
9.997959999833256 0.006000000000000227 0.02244
11.045000000391155 -0.006000000000000227 0.02242
0.9898099997080863 0.0 0.02242
0.9338199999183416 0.0129999999999999 0.02247
4.009289999958128 -0.05400000000000027 0.02227
3.971660000272095 0.040000000000000924 0.02242
3.9939600001089275 -0.002000000000000668 0.02241
1.0374099998734891 -0.0019999999999988916 0.02240
16.061639999970794 -0.038000000000000256 0.02226
30.91171000013128 0.0019999999999988916 0.02227
34.98462999984622 0.04100000000000037 0.02242
1.924159999936819 0.0470000000000006 0.02262
1.0523899998515844 -0.08800000000000097 0.02227
0.9065400003455579 0.06800000000000139 0.02253
40.00759999966249 -0.058000000000001606 0.02230
5.979270000010729 -0.02099999999999902 0.02223
1.9967100000940263 0.038000000000000256 0.02236
7.97561000008136 -0.027000000000001023 0.02227
13.851929999887943 -0.008999999999998565 0.02224
2.011930000036955 0.0129999999999999 0.02228
10.020750000141561 0.021999999999998465 0.02236
11.002419999800622 -0.022999999999999687 0.02228
145.35224999999627 0.006999999999999673 0.02230
19.96280000032857 -0.011999999999998678 0.02226
13.962999999988824 -0.022999999999999687 0.02218
10.006389999762177 0.17300000000000004 0.02293
