0.0 0.0 0.03482
1.00000761449337e-05 0.009999999999999787 0.03450
0.9431400001049042 -0.01699999999999946 0.03467
1.00000761449337e-05 0.028999999999999915 0.03476
3.1000500000081956 0.23599999999999888 0.04118
1.00000761449337e-05 -0.14899999999999913 0.03671
2.868529999628663 -0.1280000000000001 0.03442
0.0 0.0019999999999988916 0.03394
9.195730000268668 0.06300000000000061 0.03528
1.00000761449337e-05 -0.05299999999999905 0.03467
1.9710200000554323 0.022999999999999687 0.03517
3.978869999758899 0.07699999999999996 0.03693
3.0432199998758733 -0.120000000000001 0.03373
2.00001522898674e-05 0.08500000000000085 0.03611
0.8136599999852479 -0.0730000000000004 0.03398
2.00001522898674e-05 -0.019000000000000128 0.03410
1.9160499996505678 0.13000000000000078 0.03641
3.00002284348011e-05 -0.2140000000000004 0.03243
5.256329999770969 0.058999999999999275 0.03309
4.00003045797348e-05 0.04499999999999993 0.03452
3.8971799998544157 0.057000000000000384 0.03521
3.9999838918447495e-05 -0.05599999999999916 0.03454
0.9084300003014505 0.0129999999999999 0.03429
3.9999838918447495e-05 0.13199999999999967 0.03787
2.0332499998621643 -0.11899999999999977 0.03456
4.00003045797348e-05 -0.008000000000000895 0.03493
15.025210000108927 -0.04099999999999859 0.03355
5.9999991208314896e-05 -0.004000000000001336 0.03398
1.8992200000211596 0.08300000000000018 0.03521
5.9999991208314896e-05 -0.058999999999999275 0.03448
4.109639999922365 -0.019000000000000128 0.03357
7.00000673532486e-05 -0.06099999999999994 0.03285
4.999909999780357 0.08799999999999919 0.03412
5.9999991208314896e-05 0.0730000000000004 0.03627
36.903129999991506 -0.016000000000000014 0.03591
33.963680000044405 0.08399999999999963 0.03789
3.99997999984771 -0.04899999999999949 0.03613
5.9999991208314896e-05 -0.13599999999999923 0.03373
5.98107000021264 0.04299999999999926 0.03410
5.9999991208314896e-05 0.006000000000000227 0.03476
1.9947600001469254 0.009999999999999787 0.03497
97.38877999968827 -0.25200000000000067 0.03018
7.00000673532486e-05 0.07200000000000095 0.03098
1.9932300001382828 0.24300000000000033 0.03639
5.9999991208314896e-05 -0.07000000000000028 0.03429
0.9963500001467764 0.05400000000000027 0.03602
5.9999991208314896e-05 -0.07000000000000028 0.03396
0.996539999730885 0.766 0.05837
5.9999991208314896e-05 0.44099999999999895 0.07892
2.993640000000596 -1.2899999999999991 0.03280
7.00000673532486e-05 0.038000000000000256 0.03305
12.975409999955446 -0.0010000000000012221 0.03353
8.00001434981823e-05 0.08900000000000041 0.03487
2.9979199999943376 -0.07499999999999929 0.03381
7.999967783689499e-05 0.08300000000000018 0.03504
1.9910200000740588 -0.027000000000001023 0.03500
8.00001434981823e-05 0.04100000000000037 0.03535
4.987220000009984 -0.07600000000000051 0.03425
8.00001434981823e-05 0.015000000000000568 0.03404
2.990269999951124 0.09999999999999964 0.03681
7.999967783689499e-05 -0.0730000000000004 0.03461
6.983360000420362 0.03700000000000081 0.03597
7.999967783689499e-05 -0.1379999999999999 0.03256
2.993730000220239 0.03700000000000081 0.03379
8.999975398182869e-05 0.11299999999999955 0.03568
3.9947900003753603 -0.08699999999999974 0.03433
7.999967783689499e-05 0.026999999999999247 0.03437
2.98412000015378 -0.07399999999999984 0.03337
8.00001434981823e-05 0.09299999999999997 0.03478
3.9907699995674193 -0.021000000000000796 0.03487
8.00001434981823e-05 0.053000000000000824 0.03548
2.009200000204146 -0.054999999999999716 0.03482
7.999967783689499e-05 -0.054999999999999716 0.03317
4.971800000406802 0.04099999999999859 0.03452
6.999960169196129e-05 0.04499999999999993 0.03495
2.074320000130683 0.019000000000000128 0.03593
7.00000673532486e-05 -0.08499999999999908 0.03357
7.902220000047237 0.05299999999999905 0.03521
1.0610500001348555 0.9380000000000006 0.06782
6.999960169196129e-05 0.06099999999999994 0.06962
4.047080000396818 -1.0039999999999996 0.03510
6.999960169196129e-05 -0.03700000000000081 0.03379
1.9018800002522767 0.0030000000000001137 0.03437
5.9999991208314896e-05 -0.02200000000000024 0.03341
3.1003999998793006 0.04100000000000037 0.03478
7.00000673532486e-05 0.04800000000000004 0.03528
2.9012000001966953 -0.08399999999999963 0.03402
5.9999991208314896e-05 -0.041999999999999815 0.03268
2.9343399996869266 0.10899999999999999 0.03546
5.9999991208314896e-05 -0.05600000000000094 0.03373
2.9927900000475347 0.10500000000000043 0.03657
4.9999915063381195e-05 -0.09999999999999964 0.03383
3.000179999973625 0.0129999999999999 0.03463
5.00003807246685e-05 0.06199999999999939 0.03543
1.1415399997495115 -0.13100000000000023 0.03321
4.9999915063381195e-05 0.08300000000000018 0.03440
0.8506500003859401 -0.045999999999999375 0.03396
6.999960169196129e-05 0.0649999999999995 0.03480
1.2103400002233684 0.04300000000000104 0.03632
4.9999915063381195e-05 -0.041999999999999815 0.03482
0.901140000205487 0.16799999999999926 0.03877
2.0336699998006225 -0.13400000000000034 0.03613
3.9999838918447495e-05 -0.09699999999999953 0.03351
2.951540000271052 0.08200000000000074 0.03579
3.9999838918447495e-05 -0.02400000000000091 0.03471
3.0670400001108646 -0.034000000000000696 0.03400
0.8552500000223517 0.05500000000000149 0.03517
1.9542899997904897 -0.1070000000000011 0.03345
3.00002284348011e-05 0.08200000000000074 0.03463
1.094380000140518 -0.0389999999999997 0.03381
2.965199999976903 -0.038000000000000256 0.03305
1.952589999884367 -0.02800000000000047 0.03299
2.9999762773513794e-05 0.07900000000000063 0.03408
0.9718500003218651 0.04899999999999949 0.03568
1.9999686628580093e-05 0.10899999999999999 0.03765
1.1735100001096725 -0.11100000000000065 0.03564
2.00001522898674e-05 0.011000000000001009 0.03532
1.8803300000727177 0.07099999999999973 0.03755
9.999610483646393e-06 -0.1590000000000007 0.03347
1.0604300000704825 0.10100000000000087 0.03618
2.00001522898674e-05 0.006999999999999673 0.03577
4.1189600001089275 -0.08399999999999963 0.03448
1.00000761449337e-05 0.06299999999999883 0.03530
0.7818799996748567 -0.03200000000000003 0.03515
1.00000761449337e-05 0.013000000000001677 0.03489
3.9815799999050796 -0.016000000000000014 0.03454
0.0 -0.08900000000000041 0.03323
2.1370800002478063 0.09199999999999875 0.03515
0.0 0.04200000000000159 0.03552
1.8961600000038743 -0.008000000000000895 0.03591
0.0 -0.06300000000000061 0.03400
2.0794199998490512 -0.0039999999999995595 0.03392
0.8989699999801815 0.8520000000000003 0.06093
1.9264899999834597 -0.8960000000000008 0.03303
1.00000761449337e-05 0.07400000000000162 0.03508
3.306780000217259 -0.03900000000000148 0.03373
1.9999686628580093e-05 0.10200000000000031 0.03650
0.7318700002506375 -0.08199999999999896 0.03414
1.9999686628580093e-05 0.021999999999998465 0.03515
1.1676199999637902 -0.04399999999999871 0.03369
1.00000761449337e-05 -0.030000000000001137 0.03359
4.920840000268072 0.1280000000000001 0.03579
3.9927999996580184 -0.09699999999999953 0.03371
5.931600000243634 0.06900000000000084 0.03517
3.9999838918447495e-05 -0.05200000000000138 0.03459
2.1866500000469387 0.03300000000000125 0.03476
4.00003045797348e-05 0.12099999999999866 0.03814
1.8773299995809793 -0.1639999999999997 0.03385
4.00003045797348e-05 -0.09999999999999964 0.03237
2.0437300000339746 0.0470000000000006 0.03280
3.9999838918447495e-05 0.20800000000000018 0.03792
0.9456899999640882 -0.12100000000000044 0.03456
4.9999915063381195e-05 -0.0860000000000003 0.03331
1.0149900000542402 0.7110000000000003 0.05284
4.00003045797348e-05 -0.14499999999999957 0.04849
1.0207899999804795 -0.4280000000000008 0.03570
3.9999838918447495e-05 -0.13700000000000045 0.03333
1.015079999808222 0.21199999999999974 0.03745
5.00003807246685e-05 -0.07399999999999984 0.03629
1.0206799996085465 -0.06099999999999994 0.03440
5.00003807246685e-05 -0.08599999999999852 0.03315
2.03592999977991 0.7679999999999989 0.05475
4.9999915063381195e-05 0.597999999999999 0.08583
2.8686000001616776 -1.2489999999999988 0.03561
5.13672999991104 -0.15700000000000003 0.03191
7.00000673532486e-05 0.0519999999999996 0.03339
0.9078199998475611 -0.14499999999999957 0.03028
5.9999991208314896e-05 0.2469999999999999 0.03555
3.076890000142157 -0.28699999999999903 0.02963
7.00000673532486e-05 0.2259999999999991 0.03423
1.808699999935925 -0.14100000000000001 0.03105
7.00000673532486e-05 0.2370000000000001 0.03634
5.102279999759048 0.05799999999999983 0.03772
0.8340600002557039 -0.41199999999999903 0.02914
7.999967783689499e-05 0.2789999999999999 0.03467
7.213240000419319 -0.2320000000000011 0.02987
7.999967783689499e-05 0.16300000000000026 0.03325
3.9895700002089143 -0.24099999999999966 0.02868
7.999967783689499e-05 0.2530000000000001 0.03349
2.8602100000716746 -0.1509999999999998 0.03026
8.00001434981823e-05 0.129999999999999 0.03307
2.0452600000426173 -0.0389999999999997 0.03185
8.00001434981823e-05 0.04300000000000104 0.03315
3.9401899999938905 0.08699999999999974 0.03495
7.111289999913424 0.0519999999999996 0.03611
3.9869599998928607 0.0009999999999994458 0.03613
1.9493700000457466 0.6490000000000009 0.05559
8.00001434981823e-05 -0.08200000000000074 0.05334
4.009730000048876 -0.6760000000000002 0.03327
2.017839999869466 0.04800000000000004 0.03425
8.00001434981823e-05 0.005000000000000782 0.03489
5.984139999840409 0.009999999999999787 0.03456
1.9952799999155104 -0.0259999999999998 0.03402
8.00001434981823e-05 -0.0030000000000001137 0.03448
1.933530000038445 -0.025000000000000355 0.03345
7.999967783689499e-05 0.057000000000000384 0.03517
5.0423400001600385 -0.1280000000000001 0.03255
0.002460000105202198 -0.009000000000000341 0.03191
0.9578399998135865 0.11500000000000021 0.03416
8.00001434981823e-05 -0.025000000000000355 0.03416
3.0281400000676513 0.12300000000000111 0.03632
7.999967783689499e-05 0.37299999999999933 0.04753
1.9986300002783537 -0.48900000000000077 0.03379
7.999967783689499e-05 -0.0649999999999995 0.03299
7.974340000189841 0.10899999999999999 0.03471
0.995399999897927 -0.08099999999999952 0.03305
8.00001434981823e-05 0.3769999999999989 0.04284
7.974539999850094 -0.3089999999999993 0.03497
0.001210000365972519 0.03200000000000003 0.03513
1.9972099997103214 0.019000000000000128 0.03555
5.9999991208314896e-05 -0.04400000000000048 0.03513
2.987999999895692 -0.02099999999999902 0.03414
5.9999991208314896e-05 0.07899999999999885 0.03643
5.982160000130534 -0.15499999999999936 0.03262
4.9999915063381195e-05 0.07699999999999996 0.03469
2.9892100002616644 0.06600000000000072 0.03559
3.9999838918447495e-05 -0.009000000000000341 0.03595
84.4305000002496 -0.35599999999999987 0.02923
0.9967299997806549 0.5889999999999986 0.04191
7.00000673532486e-05 -0.2029999999999994 0.03607
1.9924200000241399 -0.21899999999999942 0.03205
5.9999991208314896e-05 0.0730000000000004 0.03297
3.990819999948144 0.15899999999999892 0.03695
2.997800000011921 -0.12299999999999933 0.03421
7.00000673532486e-05 0.006999999999999673 0.03383
4.005669999867678 0.028999999999999915 0.03497
7.00000673532486e-05 -0.11999999999999922 0.03205
2.985630000010133 0.08299999999999841 0.03419
8.00001434981823e-05 0.04100000000000037 0.03452
3.9870499996468425 1.1310000000000002 0.07620
0.996650000102818 -1.1649999999999991 0.03433
8.00001434981823e-05 -0.008000000000000895 0.03365
2.997959999833256 -0.041999999999999815 0.03331
8.00001434981823e-05 0.09999999999999964 0.03487
13.987050000112504 -0.08199999999999896 0.03367
7.999967783689499e-05 0.08499999999999908 0.03493
0.9782600002363324 0.09699999999999953 0.03775
8.00001434981823e-05 -0.045999999999999375 0.03607
0.9929799996316433 -0.04499999999999993 0.03561
7.00000673532486e-05 -0.006000000000000227 0.03493
3.024290000088513 -0.0259999999999998 0.03491
8.00001434981823e-05 -0.012000000000000455 0.03412
0.9891099999658763 0.057000000000000384 0.03591
7.999967783689499e-05 0.06799999999999962 0.03690
3.002060000319034 -0.1739999999999995 0.03363
7.999967783689499e-05 0.05599999999999916 0.03427
1.0006500002928078 -0.02999999999999936 0.03416
8.00001434981823e-05 0.0779999999999994 0.03530
1.986729999538511 -0.08299999999999841 0.03406
9.0000219643116e-05 -0.02200000000000024 0.03311
4.973170000128448 0.08999999999999986 0.03552
7.999967783689499e-05 0.1120000000000001 0.03755
4.021290000062436 -0.14400000000000013 0.03482
8.00001434981823e-05 0.08099999999999952 0.03607
4.021639999933541 -0.0389999999999997 0.03575
8.00001434981823e-05 -0.032999999999999474 0.03448
1.924679999705404 -0.040000000000000924 0.03416
8.00001434981823e-05 0.09399999999999942 0.03566
4.015840000007302 -0.013999999999999346 0.03591
7.00000673532486e-05 -0.02200000000000024 0.03487
3.0409400002099574 -0.022999999999999687 0.03491
7.999967783689499e-05 -0.02999999999999936 0.03375
2.9047000003047287 0.0519999999999996 0.03539
13.083899999968708 0.6839999999999993 0.05669
5.9999991208314896e-05 -0.27200000000000024 0.04582
0.9724599998444319 -0.5800000000000001 0.03198
5.9999991208314896e-05 0.23000000000000043 0.03623
1.9491500002332032 -0.08699999999999974 0.03484
5.9999991208314896e-05 -0.07000000000000028 0.03289
1.007759999949485 0.051000000000000156 0.03444
4.9999915063381195e-05 -0.06199999999999939 0.03268
1.0233399998396635 1.2400000000000002 0.07858
4.00003045797348e-05 0.13000000000000078 0.08464
2.018259999807924 -1.274000000000001 0.03517
4.9999915063381195e-05 -0.009000000000000341 0.03444
1.0115499999374151 -0.08399999999999963 0.03323
4.00003045797348e-05 0.15000000000000036 0.03588
4.060670000035316 -0.14500000000000135 0.03333
0.992299999576062 -0.0039999999999995595 0.03325
1.0036800000816584 0.022999999999999687 0.03371
4.00003045797348e-05 0.05600000000000094 0.03435
1.0095599996857345 0.7439999999999998 0.05824
4.00003045797348e-05 0.22499999999999964 0.06738
0.9862999999895692 -0.9499999999999993 0.03530
3.9999838918447495e-05 -0.017000000000001236 0.03440
0.9956399998627603 0.005000000000000782 0.03504
2.00001522898674e-05 -0.021000000000000796 0.03406
3.0108199999667704 1.0030000000000001 0.06962
4.9999915063381195e-05 0.3490000000000002 0.08770
0.9764700001105666 -1.4000000000000004 0.03359
2.00001522898674e-05 0.12100000000000044 0.03564
0.9840400000102818 -0.0519999999999996 0.03504
1.9999686628580093e-05 0.0 0.03450
0.9656799999065697 0.06700000000000017 0.03655
3.00002284348011e-05 -0.11899999999999977 0.03343
0.9810899998992682 0.04699999999999882 0.03493
2.00001522898674e-05 0.011000000000001009 0.03463
0.9919799999333918 0.19599999999999973 0.03992
3.00002284348011e-05 -0.06900000000000084 0.03753
1.0412099999375641 -0.21099999999999852 0.03341
2.9999762773513794e-05 0.05999999999999872 0.03412
0.9802200002595782 -0.07499999999999929 0.03311
1.9999686628580093e-05 0.038000000000000256 0.03337
0.9995500002987683 -0.012000000000000455 0.03363
1.9999686628580093e-05 -0.1120000000000001 0.03105
0.9955800003372133 0.16300000000000026 0.03469
9.999610483646393e-06 0.02200000000000024 0.03463
0.9995099999941885 0.20800000000000018 0.04024
2.00001522898674e-05 -0.20400000000000063 0.03471
1.9611900001764297 -0.002000000000000668 0.03521
1.9999686628580093e-05 -0.023999999999999133 0.03416
1.078930000308901 0.12700000000000067 0.03760
1.00000761449337e-05 -0.21000000000000085 0.03251
4.001539999619126 0.022999999999999687 0.03345
0.0 0.025000000000000355 0.03345
0.8862600000575185 0.05599999999999916 0.03461
0.0 -0.05099999999999838 0.03406
0.9685200001113117 0.16199999999999903 0.03772
0.0 -0.05599999999999916 0.03582
0.9729599999263883 -0.0470000000000006 0.03478
0.0 -0.051000000000000156 0.03423
0.9994300003163517 0.021000000000000796 0.03467
9.999610483646393e-06 -0.036000000000001364 0.03341
1.0409400002099574 -0.01699999999999946 0.03357
0.0 0.0259999999999998 0.03359
0.9693100000731647 0.09699999999999953 0.03566
1.00000761449337e-05 -0.01899999999999835 0.03579
0.9834300000220537 -0.0940000000000012 0.03377
0.0 0.08800000000000097 0.03510
0.9682299997657537 -0.025000000000000355 0.03456
1.00000761449337e-05 -0.015000000000000568 0.03478
1.0113099999725819 0.019000000000000128 0.03465
0.0 -0.051000000000000156 0.03410
1.9827700001187623 0.2919999999999998 0.04049
1.00000761449337e-05 -0.07299999999999862 0.03921
3.0680099995806813 -0.08700000000000152 0.03646
1.00000761449337e-05 0.0 0.03705
1.0514799999073148 -0.09699999999999953 0.03431
2.00001522898674e-05 0.045999999999999375 0.03586
1.0524699999950826 -0.08699999999999974 0.03347
2.00001522898674e-05 0.04499999999999993 0.03493
0.8622999996878207 -0.0009999999999994458 0.03437
1.00000761449337e-05 -0.07099999999999973 0.03343
2.078819999936968 -0.07699999999999996 0.03149
3.00002284348011e-05 0.2789999999999999 0.03794
3.133559999987483 -0.3030000000000008 0.03106
2.00001522898674e-05 0.19400000000000084 0.03539
0.84029999980703 0.036999999999999034 0.03566
3.00002284348011e-05 -0.1039999999999992 0.03396
0.9570199996232986 0.021000000000000796 0.03387
3.00002284348011e-05 -0.09100000000000108 0.03256
1.9745299997739494 0.9310000000000009 0.06031
4.00003045797348e-05 -0.13000000000000078 0.05587
2.056570000015199 -0.7479999999999993 0.03361
1.0002099997363985 0.05799999999999983 0.03429
4.00003045797348e-05 -0.04499999999999993 0.03387
0.9483799999579787 0.04699999999999882 0.03433
2.9999762773513794e-05 -0.10699999999999932 0.03268
1.0905500003136694 0.20800000000000018 0.03657
3.9999838918447495e-05 0.034000000000000696 0.03799
1.051459999755025 -0.14300000000000068 0.03416
4.00003045797348e-05 0.032999999999999474 0.03541
2.0779099999926984 -0.022999999999999687 0.03437
3.9999838918447495e-05 0.028999999999999915 0.03555
0.9950399999506772 -0.019000000000000128 0.03459
4.00003045797348e-05 0.027000000000001023 0.03573
1.9799899999052286 -0.058000000000001606 0.03394
4.9999915063381195e-05 0.03900000000000148 0.03530
1.0029600001871586 -0.07500000000000107 0.03321
4.9999915063381195e-05 0.11400000000000077 0.03618
1.002909999806434 -0.08699999999999974 0.03375
4.9999915063381195e-05 0.032999999999999474 0.03497
0.9991500000469387 -0.009999999999999787 0.03423
4.9999915063381195e-05 0.08399999999999963 0.03664
0.9991500000469387 -0.0519999999999996 0.03491
5.00003807246685e-05 0.08000000000000007 0.03731
0.9456399995833635 -0.06700000000000017 0.03519
5.00003807246685e-05 -0.03200000000000003 0.03504
1.0486999996937811 0.009000000000000341 0.03469
4.9999915063381195e-05 -0.041999999999999815 0.03433
0.995240000076592 0.0039999999999995595 0.03389
5.9999991208314896e-05 -0.03500000000000014 0.03369
0.9989599999971688 0.0519999999999996 0.03425
5.9999991208314896e-05 0.040000000000000924 0.03566
2.993449999950826 0.05299999999999905 0.03629
5.00003807246685e-05 -0.0389999999999997 0.03597
1.9908499997109175 -0.08699999999999974 0.03357
5.9999991208314896e-05 0.24499999999999922 0.03987
0.8072800002992153 0.18700000000000117 0.04453
5.9999991208314896e-05 -0.13100000000000023 0.04140
1.0752799999900162 -0.3800000000000008 0.03204
5.9999991208314896e-05 0.2010000000000005 0.03678
1.0350799998268485 0.02099999999999902 0.03669
5.9999991208314896e-05 -0.19699999999999918 0.03299
1.025340000167489 0.04100000000000037 0.03331
5.9999991208314896e-05 -0.02800000000000047 0.03325
0.9991099997423589 0.18399999999999928 0.03669
5.9999991208314896e-05 -0.1789999999999985 0.03335
25.86003000009805 0.26399999999999935 0.03877
8.00001434981823e-05 -0.1639999999999997 0.03546
5.100360000040382 -0.04100000000000037 0.03404
7.999967783689499e-05 -0.022999999999999687 0.03408
0.9993800004012883 -0.022999999999999687 0.03361
18.93870999990031 0.13599999999999923 0.03657
47.85331999976188 -0.04400000000000048 0.03502
