0.0 0.0 0.02826
3.927879999857396 -0.051000000000000156 0.02756
5.885770000051707 0.0009999999999994458 0.02757
1.0669700000435114 0.023000000000001464 0.02788
3.130470000207424 -0.014000000000001123 0.02769
6.839619999751449 0.031000000000000583 0.02812
8.164100000169128 -0.04800000000000004 0.02747
2.8945599999278784 0.036999999999999034 0.02797
0.9813899998553097 0.013000000000001677 0.02815
6.08492000028491 -0.027000000000001023 0.02778
59.789729999843985 -0.026999999999999247 0.02742
1.9718599999323487 0.01699999999999946 0.02764
9.020380000118166 0.03999999999999915 0.02819
4.971289999783039 -0.021999999999998465 0.02788
4.010160000063479 -0.004000000000001336 0.02783
7.017220000270754 0.21300000000000097 0.03113
11.999169999733567 -0.21300000000000097 0.02783
16.971919999923557 0.14400000000000013 0.02997
2.973700000438839 -0.14199999999999946 0.02786
6.99290999956429 0.0030000000000001137 0.02790
4.998440000228584 0.5109999999999992 0.03743
3.0159200001507998 -0.4939999999999998 0.02813
13.926620000042021 0.025000000000000355 0.02849
115.38422999996692 -0.041999999999999815 0.02790
0.9910399997606874 0.006000000000000227 0.02798
1.0040299999527633 0.03999999999999915 0.02854
0.9883200000040233 0.012000000000000455 0.02872
2.000270000193268 -0.07399999999999984 0.02768
2.9926299997605383 0.06899999999999906 0.02865
4.019940000027418 -0.05299999999999905 0.02790
2.966010000091046 0.0030000000000001137 0.02794
2.99189000017941 0.41999999999999993 0.03539
2.9837099998258054 -0.4740000000000002 0.02722
2.0153200002387166 0.0649999999999995 0.02809
2.0175799997523427 0.05200000000000138 0.02884
2.950999999884516 -0.05000000000000071 0.02812
2.0332400002516806 -0.015000000000000568 0.02791
1.9501199997030199 0.049000000000001265 0.02860
1.9950400004163384 -0.08800000000000097 0.02739
1.9953399999067187 0.10699999999999932 0.02888
1.9950299998745322 -0.0519999999999996 0.02813
1.1066499999724329 -0.0039999999999995595 0.02808
2.8873000000603497 0.02999999999999936 0.02850
1.1342199998907745 0.0070000000000014495 0.02860
1.9673100002110004 -0.011000000000001009 0.02844
2.9820099999196827 0.12899999999999956 0.03045
1.9908500001765788 -0.11899999999999977 0.02859
3.0219299998134375 -0.04100000000000037 0.02801
0.9080799999646842 0.0070000000000014495 0.02810
2.0738400002010167 0.019999999999999574 0.02839
2.9938499997369945 0.04100000000000037 0.02899
4.883280000183731 -0.014000000000001123 0.02878
7.149280000012368 -0.036999999999999034 0.02824
2.80487999971956 -0.0470000000000006 0.02760
2.1196800000034273 0.04100000000000037 0.02816
2.0281400000676513 -0.016000000000000014 0.02794
2.0255800001323223 0.009999999999999787 0.02808
0.8429999998770654 0.026999999999999247 0.02846
1.076630000025034 -0.04299999999999926 0.02786
1.0289500001817942 0.01699999999999946 0.02809
0.9871700000949204 0.0010000000000012221 0.02810
0.9952899999916553 -0.0259999999999998 0.02775
2.059829999692738 0.034999999999998366 0.02823
1.798020000103861 -0.0030000000000001137 0.02819
4.982539999764413 0.012000000000000455 0.02836
2.2085400000214577 0.03200000000000003 0.02882
1.9609199999831617 -0.04699999999999882 0.02815
2.8646400002762675 0.023999999999999133 0.02849
3.9655399997718632 -0.0259999999999998 0.02812
2.154320000205189 -0.025000000000000355 0.02778
6.0374699998646975 0.016000000000000014 0.02799
0.9084700001403689 0.07399999999999984 0.02906
4.1224599997513 -0.01699999999999946 0.02881
2.7895300001837313 -0.051000000000000156 0.02808
2.0183299998752773 0.025000000000000355 0.02843
3.9326800000853837 0.004999999999999005 0.02850
1.212230000179261 0.002000000000000668 0.02853
9.033929999917746 0.019999999999999574 0.02882
2.8629399999044836 -0.019999999999999574 0.02853
1.0375500000081956 -0.02200000000000024 0.02822
2.9873999999836087 0.03700000000000081 0.02875
8.967800000216812 -0.021000000000000796 0.02844
1.8534299996681511 0.022999999999999687 0.02878
1.221850000321865 -0.028999999999999915 0.02836
7.900570000056177 0.005000000000000782 0.02843
1.9699899996630847 0.03999999999999915 0.02902
1.9559400002472103 -0.0649999999999995 0.02808
7.049050000030547 -0.03999999999999915 0.02754
9.034609999973327 0.07599999999999874 0.02859
2.9436399997211993 0.28000000000000114 0.03341
7.035560000222176 -0.3160000000000007 0.02808
1.9846600000746548 0.010999999999999233 0.02823
5.910299999639392 -0.023999999999999133 0.02790
7.086680000182241 0.019000000000000128 0.02816
8.985359999816865 -0.005000000000000782 0.02809
0.9896100000478327 0.009000000000000341 0.02822
2.9867100003175437 0.005000000000000782 0.02829
2.9890699996612966 -0.031000000000000583 0.02786
5.982460000086576 0.07000000000000028 0.02885
3.9742600000463426 -0.009999999999999787 0.02870
9.96426000026986 0.006000000000000227 0.02879
123.36269999993965 0.01699999999999946 0.02905
1.995929999742657 -0.04899999999999949 0.02833
0.995860000140965 -0.015000000000000568 0.02812
0.9960099998861551 0.09999999999999964 0.02960
1.0001900000497699 -0.07099999999999973 0.02853
1.0038800002075732 0.4930000000000003 0.03809
1.000159999821335 -0.4939999999999998 0.02852
1.993300000205636 0.038000000000000256 0.02908
0.9884399999864399 -0.04300000000000104 0.02844
0.9962599999271333 0.0039999999999995595 0.02850
2.003370000049472 0.03700000000000081 0.02905
2.030009999871254 -0.08300000000000018 0.02786
0.9960099998861551 0.04100000000000037 0.02843
0.9998699999414384 0.028999999999999915 0.02885
0.9951100000180304 -0.04899999999999949 0.02815
0.9966100002638996 -0.040000000000000924 0.02760
0.999899999704212 0.02800000000000047 0.02798
0.9958700002171099 0.3810000000000002 0.03461
1.0075300000607967 -0.3670000000000009 0.02817
0.9958899999037385 -0.03599999999999959 0.02768
0.9930500001646578 0.02800000000000047 0.02806
0.9917599996551871 -0.0259999999999998 0.02771
0.9686500001698732 0.009999999999999787 0.02784
0.9927900000475347 0.036999999999999034 0.02836
3.009610000066459 -0.013999999999999346 0.02816
0.9956399998627603 -0.002000000000000668 0.02813
0.9823799999430776 -0.10599999999999987 0.02675
0.9983600000850856 0.03700000000000081 0.02721
8.111039999872446 0.07699999999999996 0.02824
0.9519600002095103 -0.008000000000000895 0.02813
0.9466699999757111 0.24099999999999966 0.03204
0.9505199999548495 -0.2679999999999989 0.02776
0.9994000000879169 0.030999999999998806 0.02819
0.9955899999476969 0.057000000000000384 0.02902
0.9992499998770654 -0.08099999999999952 0.02786
1.128020000178367 0.034000000000000696 0.02833
0.8822200000286102 0.004999999999999005 0.02840
4.098879999946803 -0.058999999999999275 0.02759
0.8705099998041987 0.057000000000000384 0.02837
1.0071200001984835 -0.05200000000000138 0.02765
1.0253399997018278 0.038000000000000256 0.02817
1.0525100002996624 0.005000000000000782 0.02824
0.904490000102669 0.07199999999999918 0.02931
1.1436399999074638 -0.11299999999999955 0.02768
1.922929999884218 0.10999999999999943 0.02926
2.0064099999144673 -0.04399999999999871 0.02860
0.9369500000029802 -0.06800000000000139 0.02765
1.079460000153631 0.48600000000000065 0.03641
2.9899699999950826 -0.44400000000000084 0.02823
0.9599999999627471 -0.016000000000000014 0.02801
1.0541799999773502 0.002000000000000668 0.02804
1.0631499998271465 0.0389999999999997 0.02859
2.0244900002144277 0.32099999999999973 0.03425
0.9539499999955297 -0.395999999999999 0.02755
0.9872599998489022 0.051000000000000156 0.02824
0.9692100002430379 0.0129999999999999 0.02843
1.0330799999646842 -0.02800000000000047 0.02804
0.9692500000819564 -0.002000000000000668 0.02801
3.096279999706894 0.06900000000000084 0.02900
0.9083000002428889 -0.11700000000000088 0.02737
1.033009999897331 0.0600000000000005 0.02817
0.8036899999715388 0.034000000000000696 0.02866
1.1035899999551475 -0.04499999999999993 0.02802
2.0216600000858307 0.4629999999999992 0.03650
0.9571599997580051 -0.4399999999999995 0.02834
2.1577100004069507 -0.054999999999999716 0.02759
1.8879799996502697 -0.03300000000000125 0.02716
1.0186600000597537 0.13400000000000034 0.02902
1.0175100001506507 -0.06899999999999906 0.02802
1.0226300000213087 0.49599999999999866 0.03729
0.9153599999845028 -0.5029999999999983 0.02792
0.9695899998769164 0.02499999999999858 0.02827
1.040599999949336 0.0070000000000014495 0.02837
1.9021499999798834 -0.05200000000000138 0.02765
5.224859999958426 0.0389999999999997 0.02819
3.997250000014901 -0.04299999999999926 0.02760
3.013610000256449 0.02200000000000024 0.02790
3.747519999742508 0.21899999999999942 0.03133
5.0621899999678135 -0.11399999999999899 0.02943
2.123880000319332 -0.04800000000000004 0.02870
3.7594800000078976 -0.04800000000000004 0.02802
1.1112699997611344 0.06199999999999939 0.02891
59.98798000020906 0.028999999999999915 0.02935
2.994329999666661 -0.11099999999999888 0.02775
1.991450000088662 0.05699999999999861 0.02854
0.9957900000736117 0.09299999999999997 0.02997
0.9609699998982251 -0.04499999999999993 0.02926
2.035070000216365 -0.025000000000000355 0.02888
4.981910000089556 -0.01699999999999946 0.02863
4.972089999821037 -0.019999999999999574 0.02834
3.996389999985695 0.10599999999999987 0.02995
2.982160000130534 -0.0990000000000002 0.02844
3.0006800000555813 -0.012000000000000455 0.02827
1.99239999987185 0.034000000000000696 0.02876
1.9815400000661612 -0.034000000000000696 0.02827
2.008140000049025 0.06900000000000084 0.02929
3.985769999679178 0.07699999999999996 0.03053
0.9892500001005828 -0.09999999999999964 0.02894
