0.0 0.0 0.02187
0.9934899997897446 -0.057000000000000384 0.02185
1.9957100003957748 0.05000000000000071 0.02187
1.0033299997448921 -0.019000000000000128 0.02185
8.97473999997601 -0.006999999999999673 0.02185
15.981610000133514 -0.0030000000000001137 0.02185
5.987859999760985 0.032999999999999474 0.02187
1.9838300002738833 -0.01699999999999946 0.02186
7.0101899998262525 -0.02999999999999936 0.02185
16.97956999996677 0.05299999999999905 0.02187
111.39632000029087 -0.04899999999999949 0.02185
7.9968499997630715 0.004999999999999005 0.02185
0.9966400000266731 0.03200000000000003 0.02186
0.9937300002202392 -0.019999999999999574 0.02185
2.9946699999272823 0.15600000000000058 0.02210
3.987439999822527 -0.15200000000000102 0.02186
6.000179999973625 -0.02499999999999858 0.02185
7.994369999971241 0.0030000000000001137 0.02185
3.961180000100285 0.045999999999999375 0.02187
6.005849999841303 -0.012000000000000455 0.02186
5.970160000026226 -0.0019999999999988916 0.02186
3.984040000010282 -0.018000000000000682 0.02185
6.0207200003787875 0.002000000000000668 0.02185
5.045609999913722 -0.03300000000000125 0.02185
2.9841399998404086 0.02800000000000047 0.02185
16.99216999998316 -0.041999999999999815 0.02185
7.849890000186861 0.22299999999999898 0.02215
5.177399999927729 -0.17099999999999937 0.02185
11.945590000133961 -0.019999999999999574 0.02185
3.0370199996978045 -0.015000000000000568 0.02185
6.807909999974072 0.03200000000000003 0.02185
7.183850000146776 -0.016000000000000014 0.02185
3.8839500001631677 0.0010000000000012221 0.02185
7.848329999949783 0.03199999999999825 0.02186
3.054190000053495 -0.041999999999999815 0.02185
7.954930000007153 0.034000000000000696 0.02186
5.079019999597222 0.012000000000000455 0.02187
9.974330000113696 -0.05600000000000094 0.02185
15.066279999911785 0.017000000000001236 0.02185
0.9211300001479685 0.03200000000000003 0.02186
4.052649999968708 -0.04200000000000159 0.02185
3.904860000126064 0.02800000000000047 0.02185
4.011419999878854 -0.02200000000000024 0.02185
7.049349999986589 -0.02099999999999902 0.02185
6.9736500000581145 0.026999999999999247 0.02185
4.996429999824613 0.017000000000001236 0.02185
1.9795900001190603 -0.031000000000000583 0.02185
3.9898899998515844 0.023999999999999133 0.02185
2.9857700001448393 -0.023999999999999133 0.02185
4.978990000206977 0.032999999999999474 0.02185
4.005729999858886 -0.016000000000000014 0.02185
2.954890000168234 0.006000000000000227 0.02185
3.023849999997765 -0.019000000000000128 0.02185
4.986509999725968 0.022999999999999687 0.02185
134.37938000028953 -0.02999999999999936 0.02185
7.990479999687523 0.07900000000000063 0.02189
14.00903999991715 0.11399999999999899 0.02211
8.945440000388771 -0.045999999999999375 0.02200
3.976599999703467 -0.16000000000000014 0.02185
9.105260000098497 0.06199999999999939 0.02186
4.9289100002497435 -0.025000000000000355 0.02185
6.9825599999167025 0.09800000000000075 0.02195
3.91488999966532 -0.09699999999999953 0.02185
5.053960000164807 0.13699999999999868 0.02203
7.943210000172257 -0.1509999999999998 0.02185
0.9944199998863041 0.0010000000000012221 0.02185
10.017599999904633 -0.0070000000000014495 0.02185
2.9867400000803173 -0.0009999999999994458 0.02185
17.04646999994293 -0.004999999999999005 0.02185
11.012949999887496 0.010999999999999233 0.02185
1.9226200003176928 0.010999999999999233 0.02185
2.914799999911338 0.012000000000000455 0.02185
3.0935999997891486 -0.04699999999999882 0.02185
6.020140000153333 0.014999999999998792 0.02185
5.039520000107586 -0.0039999999999995595 0.02185
3.929980000015348 0.028999999999999915 0.02185
3.8912700000219047 0.041999999999999815 0.02188
3.1521099996753037 -0.054999999999999716 0.02185
2.9389800000935793 -0.006000000000000227 0.02185
2.9416800001636147 0.009000000000000341 0.02185
2.099119999911636 -0.019999999999999574 0.02185
3.9877700000070035 0.04699999999999882 0.02186
0.9119400000199676 -0.007999999999999119 0.02185
11.053890000097454 -0.04100000000000037 0.02185
13.960419999901205 0.0129999999999999 0.02185
1.8540500001981854 0.0 0.02185
8.121559999883175 0.0009999999999994458 0.02185
10.961079999804497 0.2010000000000005 0.02215
2.9817699999548495 -0.07900000000000063 0.02196
5.979120000265539 -0.11499999999999844 0.02185
2.004749999847263 0.0030000000000001137 0.02185
3.9857299998402596 -0.02000000000000135 0.02185
2.9937200001440942 0.030000000000001137 0.02185
4.982439999934286 0.008999999999998565 0.02186
1.9972100001759827 -0.010999999999999233 0.02185
4.9859099998138845 -0.016000000000000014 0.02185
125.40421000029892 0.051000000000000156 0.02187
1.9927900000475347 -0.058999999999999275 0.02185
2.9968699999153614 0.06099999999999994 0.02187
10.983329999726266 0.1999999999999993 0.02233
7.973160000052303 -0.2740000000000009 0.02185
5.985259999986738 0.06099999999999994 0.02186
3.045450000092387 0.03200000000000003 0.02189
8.968249999918044 -0.07499999999999929 0.02185
7.014059999957681 0.0259999999999998 0.02185
5.948739999905229 0.006000000000000227 0.02186
7.947460000403225 -0.057000000000000384 0.02185
4.085469999816269 0.06300000000000061 0.02186
7.010830000042915 -0.028999999999999915 0.02185
5.889489999972284 0.0009999999999994458 0.02185
6.986599999945611 0.21300000000000097 0.02222
2.994810000061989 -0.02200000000000024 0.02215
6.052600000053644 -0.17900000000000027 0.02185
2.9495600000955164 0.08799999999999919 0.02194
0.9878999995999038 -0.1039999999999992 0.02185
4.167880000080913 0.0129999999999999 0.02185
3.9559900001622736 -0.006000000000000227 0.02185
1.9908599997870624 -0.03999999999999915 0.02185
1.8922800002619624 0.006999999999999673 0.02185
1.0072900000959635 0.013999999999999346 0.02185
2.9942699996754527 0.03300000000000125 0.02185
9.074370000045747 -0.009000000000000341 0.02185
1.0226199999451637 0.032999999999999474 0.02187
28.88241000007838 0.15600000000000058 0.02217
3.9613900003023446 -0.2140000000000004 0.02185
0.9960799999535084 0.006999999999999673 0.02185
4.048739999998361 -0.007999999999999119 0.02185
1.9274799996055663 0.007999999999999119 0.02185
2.0345000000670552 -0.0030000000000001137 0.02185
32.822670000139624 0.1850000000000005 0.02210
6.069490000139922 -0.1620000000000008 0.02185
1.0290199997834861 0.005000000000000782 0.02185
2.001240000128746 -0.0649999999999995 0.02186
154.3033900000155 0.03500000000000014 0.02185
4.0007199998945 0.009999999999999787 0.02185
1.9916799999773502 0.0 0.02185
2.9883900000713766 0.0030000000000001137 0.02185
3.9889799999073148 0.009999999999999787 0.02185
10.005510000046343 -0.03700000000000081 0.02185
6.979470000136644 0.16999999999999993 0.02202
4.006809999700636 -0.14899999999999913 0.02185
26.003990000113845 -0.017000000000001236 0.02185
6.904810000211 0.15000000000000036 0.02199
4.985880000051111 -0.129999999999999 0.02185
20.113559999968857 0.10899999999999999 0.02195
2.8618000000715256 -0.0730000000000004 0.02186
1.0611899998039007 -0.032999999999999474 0.02185
5.849239999894053 -0.02200000000000024 0.02185
2.997890000231564 0.004999999999999005 0.02185
13.138659999705851 0.02400000000000091 0.02185
8.051080000121146 0.11500000000000021 0.02198
6.775320000015199 -0.11400000000000077 0.02185
5.053770000115037 0.14499999999999957 0.02204
14.100439999718219 -0.0779999999999994 0.02190
