0.0 0.0 0.004
4.960950000000139 0.1039999999999992 0.004
3.1645400000002155 -0.05799999999999983 0.004
3.8786299999997027 0.009000000000000341 0.004
3.94246000000021 -0.05900000000000105 0.004
4.057759999999689 0.2220000000000013 0.004
12.892460000000028 -0.11899999999999977 0.004
9.038559999999961 0.058999999999999275 0.004
4.976780000000417 -0.15399999999999991 0.004
21.015869999999722 0.02999999999999936 0.004
147.33188000000018 -0.032999999999999474 0.004
3.980160000000069 -0.005000000000000782 0.004
13.068449999999757 0.062000000000001165 0.004
7.938709999999901 -0.05000000000000071 0.004
13.983320000000276 0.09600000000000009 0.004
92.99055999999973 -0.11299999999999955 0.004
416.80677000000014 0.23399999999999999 0.005
217.1809199999998 -0.1769999999999996 0.004
28.94286000000011 -0.05000000000000071 0.004
