0.0 0.0 0.028
4.083309999999983 0.03100000000000236 0.014
2.9442800000001625 0.02400000000000091 0.017
3.137659999999869 0.014999999999997016 0.017
4.9579899999998815 -0.023999999999997357 0.021
3.883640000000014 -0.021000000000000796 0.018
15.989800000000287 0.010999999999999233 0.019
8.067489999999907 -0.06599999999999895 0.019
18.909290000000055 0.0589999999999975 0.021
18.99497999999994 0.03100000000000236 0.027
125.3409999999999 -0.027000000000001023 0.019
15.046359999999822 0.004999999999999005 0.018
11.92561999999998 0.06700000000000017 0.019
13.960210000000188 -0.06799999999999784 0.017
10.124159999999847 0.17499999999999716 0.020
3.9434100000003127 -0.26399999999999935 0.019
3.9431500000000597 0.14700000000000202 0.020
6.9620099999997365 -0.062000000000001165 0.017
4.024760000000242 0.007999999999999119 0.018
2.0560599999998885 0.05600000000000094 0.017
1.968489999999747 -0.07199999999999918 0.017
8.983660000000327 0.08299999999999841 0.019
1.9676399999998466 -0.06799999999999784 0.017
8.0926300000001 0.003999999999997783 0.025
3.9016599999999926 -0.03500000000000014 0.017
4.042950000000019 0.04400000000000048 0.022
1.8678199999999379 -0.012000000000000455 0.018
2.0456500000000233 -0.023999999999997357 0.016
1.9782599999998638 0.021999999999998465 0.017
2.141570000000229 0.021999999999998465 0.020
2.864520000000084 0.03400000000000247 0.020
1.8810799999996561 -0.0030000000000001137 0.019
2.9772000000002663 -0.0070000000000014495 0.032
5.259070000000065 -0.029999999999997584 0.020
5.6977899999997135 0.014999999999997016 0.022
3.9746800000002622 -0.015999999999998238 0.022
1.2301800000000185 0.0730000000000004 0.017
2.902969999999641 -0.08399999999999963 0.016
2.014430000000175 0.16799999999999926 0.016
2.01175000000012 -0.16300000000000026 0.014
1.9650699999997414 -0.0470000000000006 0.017
10.064910000000054 0.01699999999999946 0.018
2.983310000000074 -0.0589999999999975 0.021
3.966649999999845 0.10299999999999798 0.018
2.9622699999999895 0.030999999999998806 0.020
2.071570000000065 -0.047999999999998266 0.016
2.079479999999876 -0.03999999999999915 0.017
2.0233000000002903 0.038999999999997925 0.018
2.743660000000091 -0.0589999999999975 0.017
6.09488999999985 0.0589999999999975 0.018
0.007479999999759457 -0.03500000000000014 0.019
3.9488100000003215 0.019999999999999574 0.021
5.121729999999843 0.22100000000000009 0.025
2.8381500000000415 -0.21799999999999997 0.019
6.095719999999801 -0.038999999999997925 0.016
10.98048000000017 -0.0010000000000012221 0.026
3.9980100000002494 0.07000000000000028 0.019
5.938099999999849 -0.053999999999998494 0.020
4.0361800000000585 0.0259999999999998 0.025
4.9547999999999774 0.0 0.019
7.033500000000004 -0.05000000000000071 0.018
10.979039999999713 0.04899999999999949 0.022
131.36241000000018 0.022000000000002018 0.017
0.9669600000001992 -0.005000000000002558 0.019
7.9842899999998735 0.009000000000000341 0.017
14.029689999999846 -0.06099999999999994 0.019
4.982899999999972 0.03399999999999892 0.020
10.98095000000012 -0.04199999999999804 0.051
8.071719999999914 0.08399999999999963 0.025
3.964550000000145 0.018000000000000682 0.018
3.9682699999998476 -0.06400000000000006 0.020
6.032030000000304 0.038000000000000256 0.018
3.8875599999996666 -0.05900000000000105 0.018
13.000810000000001 0.05600000000000094 0.016
2.1116500000002816 0.02699999999999747 0.022
1.0020599999998012 -0.0589999999999975 0.021
2.8059800000000905 -0.012000000000000455 0.018
1.9636999999997897 0.007999999999999119 0.017
3.1626000000001113 0.0 0.018
1.9407099999998536 0.03900000000000148 0.016
12.140440000000126 -0.05900000000000105 0.030
1.0044499999999061 0.14199999999999946 0.022
0.9269800000001851 -0.10999999999999943 0.018
1.0372699999998076 0.004999999999999005 0.019
1.7967200000002777 0.013000000000001677 0.019
2.121650000000045 -0.04299999999999926 0.018
1.952929999999924 0.038999999999997925 0.018
1.0629699999999502 -0.06499999999999773 0.019
1.8722499999998945 0.05999999999999872 0.019
6.028700000000299 -0.022999999999999687 0.019
8.022239999999783 -0.06599999999999895 0.032
1.1173800000001393 0.22999999999999687 0.027
1.7379900000000816 -0.16199999999999903 0.026
2.0368299999995543 -0.006999999999997897 0.018
2.019380000000183 0.019999999999999574 0.018
1.9352100000000974 0.03999999999999915 0.020
2.0308899999999994 0.04299999999999926 0.020
4.152489999999943 -0.09299999999999997 0.019
0.02757999999994354 0.004000000000001336 0.022
1.9827900000000227 0.22100000000000009 0.028
2.002899999999954 -0.18599999999999994 0.022
2.8887300000001233 0.01699999999999946 0.020
1.975329999999758 -0.007999999999999119 0.020
0.9940400000000409 -0.0030000000000001137 0.025
4.1153400000002875 -0.17900000000000205 0.027
2.940969999999652 0.13299999999999912 0.020
2.9910100000001876 0.014000000000002899 0.018
2.9944799999998395 0.07199999999999918 0.017
4.9692800000002535 -0.018000000000000682 0.020
5.975579999999809 -0.015000000000000568 0.017
8.989939999999933 -0.09199999999999875 0.025
4.021680000000288 0.18900000000000006 0.020
1.8760299999999006 -0.1559999999999988 0.022
1.1148800000000847 0.0639999999999965 0.018
0.038919999999961874 -0.046999999999997044 0.018
0.8237699999999677 -0.03900000000000148 0.039
0.053100000000085856 0.0070000000000014495 0.021
0.05007999999997992 0.023999999999997357 0.019
0.04127999999991516 -0.03999999999999915 0.021
0.8796900000002097 0.022999999999999687 0.026
0.9769299999998111 -0.01699999999999946 0.033
0.0876100000000406 -0.00999999999999801 0.024
0.024750000000040018 -0.009000000000000341 0.024
1.9447700000000623 -0.03500000000000014 0.025
0.9624699999999393 0.06099999999999994 0.022
1.0038300000001072 0.12899999999999778 0.026
0.9816899999996167 -0.16699999999999804 0.026
0.08159999999998035 -0.021000000000000796 0.021
0.9379300000000512 -0.013999999999999346 0.022
1.0010900000002039 0.28500000000000014 0.024
0.9920099999999366 -0.23400000000000176 0.021
2.0069899999998597 0.06500000000000128 0.021
4.0312699999999495 -0.027000000000001023 0.021
0.9976400000000467 0.009000000000000341 0.022
0.02077000000008411 0.07600000000000051 0.024
2.979530000000068 -0.06599999999999895 0.025
0.9854300000001786 -0.08800000000000097 0.024
0.9883399999998801 0.23199999999999932 0.029
2.0207000000000335 -0.19599999999999795 0.017
2.0321500000000015 -0.0070000000000014495 0.019
1.9713999999999032 0.01699999999999946 0.020
1.0602399999997942 -0.004999999999999005 0.026
1.9540900000001784 0.018000000000000682 0.017
1.9792099999999664 0.047999999999998266 0.020
6.023200000000088 -0.08999999999999986 0.022
1.9856500000000779 0.10500000000000043 0.025
1.976259999999911 -0.07400000000000162 0.028
3.0221999999998843 0.0730000000000004 0.030
2.9924200000000383 -0.10200000000000031 0.027
0.9902999999999338 -0.04899999999999949 0.025
101.34514000000036 0.10100000000000264 0.047
6.994959999999992 0.06299999999999883 0.017
5.019169999999576 0.0799999999999983 0.016
3.9793800000002193 -0.14899999999999736 0.017
2.959400000000187 -0.0030000000000001137 0.022
2.078809999999976 0.06199999999999761 0.016
2.8969099999999344 -0.054999999999999716 0.024
4.05646999999999 0.30799999999999983 0.022
2.9610899999997855 -0.22799999999999798 0.018
2.055760000000191 -0.03500000000000014 0.016
1.931029999999737 -0.03100000000000236 0.014
1.1175600000001396 0.05700000000000216 0.018
1.9040500000000975 0.0030000000000001137 0.016
1.9621299999998882 -0.09700000000000131 0.016
5.037810000000263 -0.012999999999998124 0.018
2.003479999999854 0.15499999999999758 0.017
2.05533000000014 -0.10299999999999798 0.017
1.9559899999999288 -0.009000000000000341 0.017
1.075329999999667 0.0990000000000002 0.019
2.882970000000114 -0.060000000000002274 0.024
1.1421700000000783 -0.055999999999997385 0.019
1.820839999999862 0.0019999999999988916 0.016
1.0413100000000668 0.030000000000001137 0.018
1.9747600000000602 -0.03500000000000014 0.014
1.063340000000153 0.020999999999997243 0.016
1.998569999999745 0.004000000000001336 0.016
3.0571100000001934 -0.038000000000000256 0.018
3.9525300000000243 0.030999999999998806 0.020
2.9784700000000157 -0.05099999999999838 0.022
1.0311899999996967 0.05799999999999983 0.018
0.9143900000003669 0.07199999999999918 0.018
1.018319999999676 -0.1039999999999992 0.017
0.9747999999999593 0.12099999999999866 0.022
1.1780800000001364 -0.027999999999998693 0.021
0.855869999999868 -0.02499999999999858 0.021
2.936329999999998 -0.013000000000001677 0.040
1.096060000000307 0.02500000000000213 0.016
2.077479999999923 -0.028000000000002245 0.021
0.931630000000041 -0.007999999999999119 0.017
0.9947999999999411 -0.010000000000001563 0.014
1.0065300000001116 0.2430000000000021 0.021
1.8949699999998302 -0.23499999999999943 0.016
2.0224100000000362 -0.01600000000000179 0.016
1.973320000000058 -0.006999999999997897 0.017
4.986689999999726 -0.017000000000003013 0.022
1.0040700000004108 0.014000000000002899 0.017
0.213249999999789 -0.05000000000000071 0.022
0.7908299999999144 0.2789999999999999 0.024
1.0551000000000386 -0.19200000000000017 0.020
1.9873800000000301 0.07699999999999818 0.017
2.059060000000045 -0.09999999999999787 0.022
3.947450000000117 0.04100000000000037 0.025
0.9619099999999889 0.006000000000000227 0.016
0.9637399999996887 -0.02400000000000091 0.016
1.1218300000000454 -0.028999999999999915 0.013
1.0337100000001556 -0.027000000000001023 0.024
1.0648200000000543 -0.01699999999999946 0.025
0.812579999999798 0.03300000000000125 0.017
0.9564300000001822 0.23799999999999955 0.018
1.0728899999999157 -0.22600000000000264 0.016
0.9514100000001235 0.027000000000001023 0.014
0.9868400000000292 0.0259999999999998 0.014
1.97687999999971 0.004000000000001336 0.014
1.005710000000363 -0.03500000000000014 0.013
1.043119999999817 -0.06099999999999994 0.019
2.015559999999823 0.019999999999999574 0.019
0.8779200000003584 0.07000000000000028 0.016
0.2557899999997062 -0.053000000000000824 0.019
0.7983300000000781 0.05700000000000216 0.013
2.066730000000007 0.054999999999999716 0.017
0.9447599999998602 -0.14499999999999957 0.019
0.9796300000002702 0.023999999999997357 0.014
1.1579499999998006 0.2729999999999997 0.020
7.678010000000086 -0.2859999999999978 0.026
0.3368199999999888 0.04499999999999815 0.020
0.8188100000002123 -0.04100000000000037 0.018
0.9782799999998133 0.06900000000000261 0.014
1.075550000000021 -0.043000000000002814 0.021
0.08896000000004278 0.05900000000000105 0.016
0.8111800000001494 -0.07099999999999795 0.016
2.133929999999964 -0.06300000000000239 0.019
3.9869699999999284 0.10500000000000043 0.016
0.9956600000000435 0.03900000000000148 0.014
0.9249599999998281 -0.08200000000000074 0.013
0.9815800000001218 0.08500000000000085 0.016
3.9901999999997315 -0.08000000000000185 0.018
1.072020000000066 -0.012000000000000455 0.018
5.92403000000013 0.06900000000000261 0.022
0.999290000000201 -0.05100000000000193 0.019
1.0591899999999441 0.038000000000000256 0.022
3.9380499999997483 -0.05099999999999838 0.022
1.0497199999999793 0.0779999999999994 0.016
1.9128800000003139 -0.09600000000000009 0.016
1.958549999999832 -0.009000000000000341 0.017
1.0581299999998919 0.07199999999999918 0.013
1.038720000000012 0.06299999999999883 0.014
0.9009900000000926 -0.14499999999999957 0.019
0.9738200000001598 0.09100000000000108 0.024
7.034850000000006 -0.07499999999999929 0.016
1.07741999999962 0.1059999999999981 0.018
1.0042700000003606 -0.14099999999999824 0.025
3.8844899999999143 0.08999999999999986 0.022
1.1079799999997704 -0.01600000000000179 0.022
1.070639999999912 -0.03399999999999892 0.018
0.9932000000003427 0.05000000000000071 0.019
1.9394099999999526 -0.0030000000000001137 0.018
2.9927899999997862 -0.009000000000000341 0.018
2.982629999999972 0.036000000000001364 0.020
2.992550000000392 0.06099999999999994 0.022
2.003389999999854 -0.06400000000000006 0.016
5.024689999999737 -0.0519999999999996 0.022
5.9467500000000655 0.24899999999999878 0.024
2.0295799999998962 -0.22500000000000142 0.021
3.974050000000261 -0.04299999999999926 0.017
2.94887000000017 -0.08099999999999952 0.018
6.059969999999794 0.07600000000000051 0.018
4.988780000000133 -0.10600000000000165 0.016
123.33442999999988 0.14000000000000057 0.014
5.000250000000051 -0.1930000000000014 0.011
4.985029999999824 0.1280000000000001 0.019
2.995890000000145 0.028999999999999915 0.017
3.9715299999998024 0.10400000000000276 0.018
10.001970000000256 0.015000000000000568 0.018
2.053849999999784 -0.09700000000000131 0.014
2.9084700000003068 0.053000000000000824 0.018
2.0172599999996237 -0.008000000000002672 0.014
3.0209899999999834 -0.03599999999999781 0.014
2.053580000000238 0.038999999999997925 0.018
2.9699900000000525 -0.021999999999998465 0.016
1.9135299999998097 -0.03300000000000125 0.021
9.051919999999882 0.04100000000000037 0.013
1.0069600000001628 0.02500000000000213 0.014
2.0802699999999277 -0.0470000000000006 0.019
1.915230000000065 -0.028999999999999915 0.017
2.89258000000018 0.1039999999999992 0.012
2.065689999999904 -0.06299999999999883 0.014
1.1437299999997776 0.06099999999999994 0.021
1.834820000000036 -0.019000000000001904 0.014
2.1336700000001656 -0.06499999999999773 0.014
0.8249200000000201 0.06999999999999673 0.022
12.076469999999972 -0.05099999999999838 0.016
0.9377199999998993 0.036999999999999034 0.018
2.189969999999903 -0.05699999999999861 0.014
0.8759600000003047 0.0019999999999988916 0.016
0.9939999999996871 0.022999999999999687 0.013
0.9657900000001973 -0.0030000000000001137 0.013
0.9690200000000004 0.21499999999999986 0.014
1.0896999999999935 -0.2259999999999991 0.014
2.0650000000000546 0.14300000000000068 0.020
1.9506099999998696 -0.1039999999999992 0.019
0.9496899999999187 -0.0010000000000012221 0.017
1.9576200000001336 0.03399999999999892 0.019
1.043619999999919 -0.05699999999999861 0.019
8.027800000000298 -0.028999999999999915 0.016
0.8096799999998439 0.04499999999999815 0.013
1.0543499999998858 -0.015999999999998238 0.013
1.0445600000002742 -0.015000000000000568 0.012
1.0364799999997558 0.09199999999999875 0.017
0.9317500000001928 -0.0799999999999983 0.013
1.08237999999983 0.02499999999999858 0.014
1.004910000000109 0.05600000000000094 0.017
0.9427900000000591 -0.13799999999999812 0.013
0.8935699999997269 0.1280000000000001 0.014
1.020390000000134 -0.062000000000001165 0.013
8.029959999999846 -0.010000000000001563 0.016
3.150550000000294 -0.0030000000000001137 0.016
5.891450000000077 -0.09399999999999764 0.018
2.874019999999746 0.15499999999999758 0.017
1.1894700000002558 -0.003999999999997783 0.016
0.83916999999974 -0.09100000000000108 0.012
1.130500000000211 0.030000000000001137 0.020
1.0409599999998136 0.0259999999999998 0.016
0.9701500000001033 -0.03399999999999892 0.016
1.0657299999998031 0.046999999999997044 0.024
1.662920000000213 0.054000000000002046 0.020
0.2992500000000291 -0.07499999999999929 0.016
0.7684699999999793 0.0379999999999967 0.021
0.9631199999998898 -0.06699999999999662 0.016
0.9772400000001653 0.18599999999999994 0.022
1.0466099999998733 -0.20300000000000296 0.013
1.054990000000089 0.07500000000000284 0.014
1.0280699999998433 0.022999999999999687 0.016
4.8886099999999715 -0.03100000000000236 0.019
4.0766600000001745 -0.08399999999999963 0.022
1.0565299999998388 0.02500000000000213 0.019
0.9850099999998747 0.05099999999999838 0.014
0.9803000000001703 -0.028999999999999915 0.014
1.1005199999999604 0.19200000000000017 0.017
0.9085599999998522 -0.1960000000000015 0.014
0.957300000000032 0.036000000000001364 0.014
1.022570000000087 0.0070000000000014495 0.016
1.0272800000002462 -0.05100000000000193 0.016
0.948149999999714 0.06899999999999906 0.014
1.0170700000003308 -0.05799999999999983 0.016
1.0090000000000146 0.03300000000000125 0.014
0.99025999999958 0.08000000000000185 0.013
1.0457500000002256 -0.14000000000000057 0.014
2.9928100000001905 -0.0030000000000001137 0.012
0.9687299999995957 0.16600000000000037 0.016
1.0619800000004034 -0.125 0.013
1.872859999999946 0.05699999999999861 0.014
1.116109999999935 -0.07199999999999918 0.013
6.932440000000042 0.02499999999999858 0.016
1.0169200000000274 -0.01899999999999835 0.016
0.9971099999997932 0.04400000000000048 0.017
3.0196099999998296 0.08599999999999852 0.022
0.9723100000001068 -0.12900000000000134 0.013
1.0089600000001155 -0.06099999999999994 0.017
6.935219999999845 0.03900000000000148 0.014
3.1022400000001653 0.021999999999998465 0.017
1.8884299999999712 0.030000000000001137 0.013
1.9790200000002187 0.15399999999999991 0.020
6.128659999999854 -0.1509999999999998 0.022
1.8854699999997138 0.012000000000000455 0.022
1.1301500000004125 -0.11400000000000077 0.026
1.8551399999996647 0.09499999999999886 0.021
4.089989999999943 -0.10099999999999909 0.019
2.0172700000002806 0.053000000000000824 0.016
1.895140000000083 -0.02499999999999858 0.018
2.076499999999669 0.045999999999999375 0.024
4.9158000000002176 0.06400000000000006 0.017
3.0559399999997368 0.0990000000000002 0.024
2.953150000000278 -0.21100000000000207 0.029
1.9967000000001462 0.04200000000000159 0.020
2.034139999999752 -0.03900000000000148 0.025
2.997820000000047 0.007999999999999119 0.024
6.9730500000000575 -0.0030000000000001137 0.020
6.01375999999982 0.019000000000001904 0.020
101.3445099999999 -0.0030000000000001137 0.018
5.987140000000181 0.022999999999999687 0.025
