0.0 0.0 0.012
3.0211699999999837 -0.07199999999999918 0.009
3.012409999999818 0.0019999999999988916 0.011
3.958680000000186 0.011000000000002785 0.009
4.973320000000058 0.06199999999999761 0.009
27.05582000000004 -0.0030000000000001137 0.013
20.91663000000017 0.015000000000000568 0.009
25.96340999999984 0.03399999999999892 0.015
122.34967999999981 0.019000000000001904 0.011
19.027890000000298 -0.03300000000000125 0.011
7.972189999999955 0.07600000000000051 0.012
11.953579999999874 -0.19299999999999784 0.010
7.084839999999986 0.16499999999999915 0.009
4.880059999999958 -0.0070000000000014495 0.011
1.9448999999999614 -0.0779999999999994 0.013
9.138400000000274 -0.01600000000000179 0.008
3.8775699999996505 -0.04399999999999693 0.008
2.0343800000000556 -0.017000000000003013 0.010
9.153670000000147 -0.005999999999996675 0.012
1.967869999999948 0.007999999999999119 0.011
13.897480000000087 0.14399999999999835 0.010
1.9899599999998827 0.045000000000001705 0.010
2.1092600000001767 -0.1930000000000014 0.011
2.0284899999996924 0.015000000000000568 0.013
1.9973100000001978 0.015000000000000568 0.013
1.9410499999999047 0.006999999999997897 0.010
3.9078199999999015 -0.014999999999997016 0.008
3.0603500000001986 0.07299999999999685 0.016
5.673380000000179 -0.008999999999996788 0.013
6.1330299999999625 -0.08999999999999986 0.010
3.041529999999966 0.11699999999999733 0.008
2.1631099999999606 -0.14300000000000068 0.010
1.8027699999997822 0.18100000000000094 0.009
2.0426500000003216 -0.015000000000000568 0.008
1.9082399999997506 -0.015999999999998238 0.009
2.0661199999999553 -0.03999999999999915 0.009
8.13734999999997 0.038000000000000256 0.011
3.7049300000003313 0.030999999999998806 0.013
3.129410000000007 -0.06400000000000006 0.011
2.96407999999974 -0.01600000000000179 0.013
2.179579999999987 -0.09199999999999875 0.013
2.841440000000148 0.2029999999999994 0.008
2.0435199999997167 -0.1509999999999998 0.008
2.022699999999986 -0.01899999999999835 0.009
2.017500000000382 0.047999999999998266 0.010
7.8978799999999865 -0.030999999999998806 0.011
6.052809999999681 0.11499999999999844 0.012
2.9834399999999732 -0.053999999999998494 0.009
5.027800000000298 -0.07499999999999929 0.010
4.923049999999876 -0.019000000000001904 0.009
9.04979000000003 0.1769999999999996 0.013
4.8960000000001855 0.008000000000002672 0.010
0.9821600000000217 -0.018000000000000682 0.011
4.073809999999867 -0.13400000000000034 0.010
4.902379999999994 0.047999999999998266 0.016
4.096459999999752 -0.004999999999999005 0.010
4.0073700000002646 0.08899999999999864 0.018
2.9937599999998383 -0.006999999999997897 0.015
0.9851800000001276 -0.004999999999999005 0.013
13.94533999999976 -0.21000000000000085 0.014
130.39369000000033 0.2680000000000007 0.010
10.961129999999685 -0.16900000000000048 0.011
9.983410000000276 0.06099999999999994 0.009
4.978740000000016 0.10800000000000054 0.010
18.998169999999845 -0.1180000000000021 0.009
3.083849999999984 -0.015000000000000568 0.011
3.9362599999999475 0.04800000000000182 0.011
6.94408999999996 -0.018000000000000682 0.008
7.871260000000348 0.08800000000000097 0.017
7.988319999999931 -0.17800000000000082 0.008
3.1137300000000323 0.21300000000000097 0.011
2.8502199999998084 -0.24200000000000088 0.007
3.192540000000008 0.027000000000001023 0.009
1.9363600000001497 0.06099999999999994 0.009
1.9831300000000738 -0.03500000000000014 0.008
12.1251299999999 -0.02500000000000213 0.009
1.047309999999925 0.030000000000001137 0.011
0.8724099999999453 0.06800000000000139 0.012
3.079250000000229 -0.08099999999999952 0.011
1.90108999999984 0.0259999999999998 0.009
1.1167700000000877 0.05299999999999727 0.013
0.9973299999996925 0.03900000000000148 0.011
1.9989300000002004 0.047999999999998266 0.013
0.959559999999783 -0.07099999999999795 0.010
8.909300000000258 0.027000000000001023 0.012
5.025630000000092 -0.04800000000000182 0.010
2.0133099999998194 -0.08599999999999852 0.015
0.9875600000000304 0.00999999999999801 0.011
2.02628999999979 -0.00999999999999801 0.012
2.994810000000143 0.03500000000000014 0.009
10.007669999999962 0.036999999999999034 0.015
0.895390000000134 0.004999999999999005 0.012
2.8925399999998263 -0.08699999999999974 0.009
5.946969999999965 0.007999999999999119 0.012
3.056970000000092 0.1490000000000009 0.013
5.956840000000284 0.03900000000000148 0.010
6.0539599999997336 -0.18599999999999994 0.008
5.116019999999935 0.09999999999999787 0.011
8.915440000000217 -0.07399999999999807 0.014
2.9172899999998663 0.15499999999999758 0.011
5.045500000000175 -0.2240000000000002 0.009
5.952350000000024 0.03900000000000148 0.011
5.0696100000000115 0.16600000000000037 0.011
16.96979999999985 -0.09299999999999997 0.014
125.28173000000015 -0.06599999999999895 0.010
