0.0 0.0 0.006
4.792919999999867 -0.049999999999998934 0.005
2.9981800000000476 0.06899999999999906 0.005
3.0043500000001586 -0.08499999999999908 0.006
3.018079999999827 0.10099999999999909 0.006
3.9880200000002333 -0.07000000000000028 0.005
2.999579999999696 0.04100000000000037 0.006
13.063959999999952 -0.0259999999999998 0.007
10.944120000000112 0.0389999999999997 0.006
26.015910000000076 -0.009000000000000341 0.006
151.34628999999995 -0.057000000000000384 0.006
10.944149999999809 0.018000000000000682 0.005
9.023599999999988 0.02400000000000091 0.007
8.044200000000274 0.036999999999999034 0.006
17.992359999999735 -0.016000000000000014 0.007
19.80441000000019 -0.019999999999999574 0.006
56.07636000000002 0.009999999999999787 0.006
2.0642299999999523 -0.054999999999999716 0.006
2185.8441399999997 0.0030000000000001137 0.005
