0.0 0.0 0.019
11.885960000000068 0.03300000000000125 0.016
2.978230000000167 -0.01600000000000179 0.017
3.9076500000001033 0.004000000000001336 0.013
8.06815000000006 0.013999999999999346 0.016
18.992879999999786 0.0070000000000014495 0.016
7.906260000000202 -0.054000000000002046 0.014
3.0739699999999175 0.03399999999999892 0.019
10.998790000000099 -0.0259999999999998 0.023
10.981229999999869 -0.022999999999999687 0.022
4.974209999999857 0.12700000000000244 0.029
146.27543000000014 -0.10600000000000165 0.016
5.001109999999699 -0.03300000000000125 0.014
9.008650000000216 0.11200000000000188 0.016
10.972569999999905 -0.045000000000001705 0.016
8.988710000000083 -0.07499999999999929 0.016
3.9719599999998536 0.045000000000001705 0.014
4.003720000000158 0.038999999999997925 0.019
1.969930000000204 -0.004999999999999005 0.022
7.15827999999965 -0.01699999999999946 0.016
3.8023800000000847 0.03999999999999915 0.016
2.0613100000000486 -0.0730000000000004 0.013
1.9358299999998962 0.062000000000001165 0.017
10.001500000000306 0.015000000000000568 0.020
2.083689999999933 -0.005000000000002558 0.017
8.080559999999878 -0.003999999999997783 0.020
5.847189999999955 -0.09499999999999886 0.016
1.974909999999909 0.0329999999999977 0.016
1.1458400000001348 -0.012999999999998124 0.014
1.7893199999998615 0.03399999999999892 0.016
2.015640000000076 -0.019999999999999574 0.014
1.9813300000000709 -0.0070000000000014495 0.014
3.034140000000207 0.06500000000000128 0.016
1.8970799999997325 -0.03300000000000125 0.019
7.070670000000064 -0.021000000000000796 0.022
6.135980000000018 -0.0019999999999988916 0.016
3.916450000000168 0.007999999999999119 0.013
1.867399999999634 0.08100000000000307 0.017
2.9266099999999824 -0.08500000000000085 0.023
2.01041000000032 0.054999999999999716 0.016
2.289969999999812 -0.009000000000000341 0.014
1.69820000000027 0.0030000000000001137 0.023
10.054779999999937 0.009000000000000341 0.016
2.1947799999998097 -0.08200000000000074 0.020
4.781880000000001 0.04899999999999949 0.019
2.2365599999998267 0.038000000000000256 0.020
2.790980000000218 -0.08500000000000085 0.016
2.061029999999846 0.062000000000001165 0.014
2.037250000000313 -0.01699999999999946 0.014
2.026929999999993 0.03399999999999892 0.016
9.979129999999714 -0.08200000000000074 0.019
9.946670000000267 0.021000000000000796 0.016
13.928979999999683 0.004000000000001336 0.020
4.096530000000257 0.10500000000000043 0.020
0.9780000000000655 -0.1180000000000021 0.020
4.951919999999973 -0.030999999999998806 0.016
9.999089999999796 0.022999999999999687 0.019
6.024339999999938 -0.004000000000001336 0.023
9.94224000000031 0.0730000000000004 0.023
130.39306999999962 0.02500000000000213 0.017
11.000600000000304 -0.01699999999999946 0.017
14.958939999999984 -0.038000000000000256 0.014
5.0177599999997256 -0.022000000000002018 0.016
10.98783000000003 0.06500000000000128 0.014
5.031750000000102 -0.0990000000000002 0.020
6.990819999999985 0.047999999999998266 0.016
3.991330000000289 -0.038000000000000256 0.014
6.026349999999638 -0.0030000000000001137 0.014
4.729569999999967 0.07600000000000051 0.022
12.184090000000197 -0.0730000000000004 0.017
1.9932300000000396 0.004000000000001336 0.014
1.890559999999823 0.120000000000001 0.020
2.151940000000195 -0.1280000000000001 0.013
2.0488500000001295 0.036999999999999034 0.016
1.6680499999997664 0.004000000000001336 0.022
2.122809999999845 0.05699999999999861 0.017
1.9379800000001524 -0.0779999999999994 0.013
6.05715999999984 0.03300000000000125 0.019
6.047540000000026 -0.05100000000000193 0.016
1.9186899999999696 0.0070000000000014495 0.016
1.9769900000001144 0.05299999999999727 0.014
1.0889600000000428 0.06099999999999994 0.016
1.9395800000002055 -0.04399999999999693 0.016
1.1351599999998143 -0.062000000000001165 0.017
1.0093799999999646 0.0470000000000006 0.019
1.7747800000001916 -0.06400000000000006 0.016
1.9888999999998305 0.022999999999999687 0.017
9.036540000000059 0.04499999999999815 0.019
4.93110999999999 -0.006000000000000227 0.022
1.2281100000000151 0.005000000000002558 0.022
1.896310000000085 -0.022999999999999687 0.020
1.9247000000000298 -0.012000000000000455 0.016
4.1107600000000275 0.04100000000000037 0.016
4.828949999999622 -0.021000000000000796 0.019
2.1005800000002637 0.036999999999999034 0.017
2.0106799999998657 0.010999999999999233 0.016
2.877770000000055 -0.006999999999997897 0.017
1.975840000000062 0.013999999999999346 0.017
2.1146100000000843 -0.01699999999999946 0.022
3.086999999999989 -0.03900000000000148 0.020
3.90634 -0.055999999999997385 0.014
3.0782500000000255 0.1039999999999992 0.017
3.9885300000000825 0.012999999999998124 0.020
3.892029999999977 -0.0730000000000004 0.013
6.071469999999863 -0.009000000000000341 0.016
9.027739999999994 0.04400000000000048 0.016
2.8628600000001825 0.011000000000002785 0.017
10.140109999999822 -0.07700000000000173 0.017
5.979350000000068 0.14000000000000057 0.020
11.923249999999825 -0.13299999999999912 0.016
10.016849999999977 -0.0259999999999998 0.020
7.96073000000024 0.12099999999999866 0.020
106.33910999999989 -0.08699999999999974 0.016
8.99512999999979 0.12600000000000122 0.014
9.032130000000052 -0.11900000000000333 0.014
2.9526599999999235 0.01600000000000179 0.016
2.0075799999999617 -0.05600000000000094 0.014
2.987680000000182 0.13100000000000023 0.016
2.0371800000002622 -0.0019999999999988916 0.019
2.014499999999771 -0.019999999999999574 0.027
2.900369999999839 -0.030000000000001137 0.014
2.942739999999958 -0.04100000000000037 0.014
1.9982700000000477 -0.027999999999998693 0.014
2.003610000000208 0.007999999999999119 0.013
2.0995499999999083 0.010999999999999233 0.014
6.937890000000152 0.05100000000000193 0.016
1.998160000000098 -0.005000000000002558 0.017
1.9383299999999508 -0.04899999999999949 0.024
2.008809999999812 -0.01699999999999946 0.022
4.13666000000012 0.09799999999999898 0.019
1.8343500000000859 -0.02499999999999858 0.016
1.0106599999999162 -0.013000000000001677 0.017
2.0004699999999502 0.008000000000002672 0.014
1.0432299999997667 -0.06099999999999994 0.013
1.1742000000003827 0.022999999999999687 0.014
0.8244299999996656 0.007999999999999119 0.016
3.014230000000225 0.01600000000000179 0.016
3.995379999999841 -0.02300000000000324 0.016
2.9778000000001157 0.142000000000003 0.020
0.9377500000000509 -0.1180000000000021 0.014
1.0020399999998517 0.019999999999999574 0.016
1.0184100000001308 -0.06599999999999895 0.014
0.9794699999997647 0.08899999999999864 0.017
1.16246000000001 -0.022999999999999687 0.020
0.9994700000002013 -0.02499999999999858 0.026
2.807260000000042 0.04199999999999804 0.026
1.0662800000000061 -0.023999999999997357 0.016
3.995879999999943 -0.028000000000002245 0.013
0.967489999999998 0.04200000000000159 0.014
1.1636499999999614 0.03200000000000003 0.014
2.833059999999932 -0.01699999999999946 0.016
1.954490000000078 0.009000000000000341 0.017
5.001510000000053 -0.008000000000002672 0.020
1.008980000000065 -0.04299999999999926 0.014
1.0022399999998015 0.0519999999999996 0.020
0.28965999999991254 0.02500000000000213 0.022
0.7856500000002598 -0.030000000000001137 0.017
1.9149800000000141 -0.09600000000000009 0.016
2.0377300000000105 0.01699999999999946 0.020
4.013069999999971 -0.019999999999999574 0.014
0.9182099999998172 0.11400000000000077 0.016
0.32142000000021653 -0.11899999999999977 0.019
0.672059999999874 0.0329999999999977 0.013
0.9997199999997974 0.03500000000000014 0.017
1.2149900000003981 0.019000000000001904 0.022
1.0202299999996285 -0.04100000000000037 0.019
0.805880000000343 0.013000000000001677 0.014
0.970260000000053 -0.038000000000000256 0.013
1.0949099999997998 -0.021000000000000796 0.013
0.9179800000001705 0.05799999999999983 0.014
0.9896599999997306 0.02400000000000091 0.013
1.986069999999927 -0.027000000000001023 0.013
1.0012700000002042 -0.03900000000000148 0.013
1.0259399999999914 0.10000000000000142 0.019
2.035899999999856 -0.006000000000000227 0.017
1.0243399999999383 -0.05600000000000094 0.014
0.8746000000001004 0.0660000000000025 0.014
2.0343699999998535 0.006999999999997897 0.017
0.04701000000022759 -0.007999999999999119 0.019
0.9257699999998295 -0.06899999999999906 0.014
0.03007000000025073 -0.021000000000000796 0.014
0.9800299999997151 0.06099999999999994 0.014
0.27046000000018466 -0.0779999999999994 0.014
0.8132500000001528 0.004999999999999005 0.014
6.215689999999995 0.07900000000000063 0.022
2.850279999999657 0.006999999999997897 0.016
0.8056300000002921 -0.0009999999999976694 0.014
0.9982999999997446 -0.08300000000000196 0.019
1.2403000000003885 0.019000000000001904 0.016
1.8004899999996269 0.06299999999999883 0.019
3.0547599999999875 -0.0940000000000012 0.016
0.9440400000003137 0.06500000000000128 0.013
1.9966299999996409 0.0259999999999998 0.013
0.9819100000004255 -0.04299999999999926 0.013
1.0030199999996512 -0.004999999999999005 0.019
3.227650000000267 -0.012000000000000455 0.019
0.7588000000000648 0.0009999999999976694 0.016
0.9949899999996887 0.0400000000000027 0.022
5.010420000000067 -0.07900000000000063 0.016
0.9974499999998443 0.1460000000000008 0.020
4.991350000000239 -0.13400000000000034 0.017
0.1860900000001493 0.03200000000000003 0.019
0.8293799999996736 0.00999999999999801 0.014
1.9549200000001292 0.013000000000001677 0.016
3.0085699999999633 0.02400000000000091 0.014
1.0400199999999131 -0.04800000000000182 0.014
9.108630000000176 0.030000000000001137 0.017
1.887369999999919 0.01899999999999835 0.017
3.0985200000000077 -0.09699999999999775 0.019
1.902140000000145 0.1039999999999992 0.016
2.007669999999962 -0.04899999999999949 0.017
1.9848699999997734 -0.006000000000000227 0.014
7.144279999999981 0.04299999999999926 0.016
4.839120000000094 -0.027000000000001023 0.020
3.981409999999869 -0.027999999999998693 0.020
2.0353800000002593 0.0779999999999994 0.016
3.9753500000001623 -0.07199999999999918 0.014
1.0841199999999844 0.0 0.020
3.994829999999638 -0.05100000000000193 0.026
1.9804000000003725 0.13100000000000023 0.022
0.028469999999742868 -0.03599999999999781 0.017
7.895770000000084 -0.053000000000000824 0.017
4.058500000000095 -0.060000000000002274 0.016
13.969299999999748 0.03100000000000236 0.020
0.015949999999975262 0.027000000000001023 0.022
1.9868100000003324 0.01899999999999835 0.029
0.9895299999998315 0.009000000000000341 0.023
1.0055899999997564 -0.0030000000000001137 0.022
1.0130600000002232 0.04299999999999926 0.023
0.9874799999997776 -0.07099999999999795 0.023
120.37156000000004 -0.030000000000001137 0.013
6.99810000000025 0.1039999999999992 0.014
5.936670000000049 -0.08999999999999986 0.013
2.0249799999996867 -0.012999999999998124 0.014
2.02962000000025 -0.011000000000002785 0.012
3.888879999999972 0.05100000000000193 0.014
2.0570400000001428 0.012999999999998124 0.017
2.0076500000000124 -0.007999999999999119 0.013
10.963439999999991 0.010999999999999233 0.017
2.110439999999926 -0.012999999999998124 0.012
7.989929999999731 -0.0259999999999998 0.013
2.798750000000382 0.010999999999999233 0.013
2.99492999999984 0.04499999999999815 0.014
13.203880000000026 -0.02699999999999747 0.016
0.7633299999997689 -0.02400000000000091 0.017
2.043529999999919 -0.027000000000001023 0.012
1.1854000000002998 0.04100000000000037 0.013
0.8065299999998388 -0.01699999999999946 0.014
1.1554000000000997 -0.045000000000001705 0.012
1.0016399999999521 0.04600000000000293 0.012
0.8357799999998861 0.07600000000000051 0.014
4.014130000000023 -0.014000000000002899 0.019
1.1379099999999198 -0.023999999999997357 0.012
1.885160000000269 -0.0030000000000001137 0.013
0.9511400000001231 -0.03200000000000003 0.016
7.900249999999687 0.030999999999998806 0.016
1.2508100000000013 -0.019999999999999574 0.014
0.9954700000002958 0.08899999999999864 0.014
0.823069999999916 0.0020000000000024443 0.014
0.9841200000000754 -0.0400000000000027 0.013
1.2313999999996668 -0.0470000000000006 0.013
1.0330699999999524 0.1410000000000018 0.017
0.9131700000002638 -0.08399999999999963 0.019
0.8303599999999278 -0.013999999999999346 0.014
0.957260000000133 -0.13300000000000267 0.012
1.134559999999965 0.06400000000000006 0.010
8.06831000000011 0.02400000000000091 0.013
5.908989999999903 0.1039999999999992 0.016
3.0299599999998463 -0.09199999999999875 0.014
2.975760000000264 0.0470000000000006 0.013
1.1125199999996767 -0.04200000000000159 0.013
1.8027000000001863 0.09100000000000108 0.019
0.9589700000001358 -0.12099999999999866 0.020
2.005040000000008 0.006000000000000227 0.014
1.9698599999996986 -0.03100000000000236 0.013
1.2166799999999967 0.03400000000000247 0.012
0.9746900000000096 0.06799999999999784 0.013
0.9648000000001957 0.007999999999999119 0.012
1.0586699999998928 -0.03200000000000003 0.014
0.747490000000198 -0.04999999999999716 0.014
6.287429999999858 0.011999999999996902 0.020
3.699290000000019 -0.04299999999999926 0.017
1.0625099999997474 0.13500000000000156 0.017
0.9884200000001329 -0.11299999999999955 0.012
0.9582799999998315 0.05799999999999983 0.013
1.0523600000001352 -0.036000000000001364 0.014
0.9733500000002095 0.06899999999999906 0.012
0.9584199999999328 -0.015999999999998238 0.013
1.015599999999722 -0.018000000000000682 0.014
1.0297500000001492 -0.05600000000000094 0.013
0.958810000000085 0.05900000000000105 0.014
1.0396700000001147 -0.053999999999998494 0.013
0.9861699999996745 0.03599999999999781 0.012
0.9905400000002373 0.036000000000001364 0.012
1.0584100000000944 0.00999999999999801 0.013
1.0560499999996864 -0.09199999999999875 0.014
0.9365300000004027 0.022999999999999687 0.012
0.9587099999998827 0.054000000000002046 0.013
0.9800999999997657 -0.06500000000000128 0.012
1.044890000000123 0.0730000000000004 0.012
0.9699000000000524 -0.08000000000000185 0.012
1.0920099999998456 0.027000000000001023 0.013
0.952310000000125 0.0 0.012
6.912240000000111 0.0030000000000001137 0.014
1.025079999999889 0.0030000000000001137 0.017
0.9939699999999903 -0.013999999999999346 0.019
4.016149999999925 0.018000000000000682 0.013
0.9915399999999863 0.08899999999999864 0.019
9.053539999999884 -0.10800000000000054 0.016
3.1036700000004203 0.013000000000001677 0.013
11.870649999999841 0.013999999999999346 0.017
2.0632399999999507 -0.06500000000000128 0.016
5.980459999999766 0.08500000000000085 0.016
5.927520000000186 -0.006000000000000227 0.020
4.9915900000000875 -0.03200000000000003 0.019
2.0279099999997925 0.030999999999998806 0.022
121.30785000000014 0.03100000000000236 0.017
5.984440000000177 -0.0470000000000006 0.022
112.9404999999997 0.03399999999999892 0.017
1.0755800000001727 -0.04899999999999949 0.019
