0.0 0.0 0.006
0.9811299999999505 -0.0470000000000006 0.006
0.10954000000003816 0.0 0.006
0.85093999999998 0.0810000000000013 0.006
0.05862000000001899 0.007999999999999119 0.006
0.11727999999999383 0.016000000000000014 0.006
0.8565199999999891 0.0730000000000004 0.006
0.9633499999999913 0.016000000000000014 0.006
0.20564999999999145 -0.0389999999999997 0.006
1.8029200000000287 -0.11800000000000033 0.006
0.1282199999999989 0.009999999999999787 0.006
0.828550000000007 0.0779999999999994 0.006
3.151169999999979 -0.125 0.006
1.0875800000000027 0.10000000000000142 0.006
1.9289400000000114 0.08199999999999896 0.006
1.0089199999999892 -0.20199999999999996 0.006
1.017879999999991 0.08999999999999986 0.006
2.0179300000000353 0.1479999999999997 0.006
0.9156899999999837 -0.15499999999999936 0.006
1.8448399999999765 0.0129999999999999 0.006
2.2175700000000234 0.10800000000000054 0.006
1.005709999999965 -0.2010000000000005 0.006
1.0002600000000257 0.0649999999999995 0.006
0.8364700000000198 0.07800000000000118 0.006
0.897829999999999 0.07699999999999996 0.006
1.2926799999999616 -0.1509999999999998 0.006
0.7054500000000417 -0.06099999999999994 0.006
0.9981899999999655 0.07599999999999874 0.006
1.004570000000001 0.09299999999999997 0.006
0.9921699999999873 0.06800000000000139 0.006
1.0273900000000253 -0.22500000000000142 0.006
1.0123800000000074 0.017000000000001236 0.006
0.9600699999999733 0.08999999999999986 0.006
1.008669999999995 0.09399999999999942 0.006
1.0015600000000404 -0.07099999999999973 0.006
0.985149999999976 -0.14700000000000024 0.006
1.0031400000000303 0.07900000000000063 0.006
0.9949699999999666 0.0860000000000003 0.006
0.2594799999999964 0.03200000000000003 0.006
0.7426000000000386 0.03799999999999848 0.006
0.9951699999999732 -0.1999999999999993 0.006
0.21640000000002146 -0.025000000000000355 0.006
1.7829399999999964 0.11500000000000021 0.006
1.2624199999999632 0.12100000000000044 0.006
0.9974900000000275 -0.1509999999999998 0.006
0.7645400000000109 -0.08999999999999986 0.006
5.986199999999997 0.11399999999999899 0.006
1.0426199999999994 0.09500000000000064 0.006
0.9545499999999834 -0.0519999999999996 0.006
1.0307000000000244 -0.16800000000000104 0.006
0.16522999999995136 0.011000000000001009 0.006
0.8994000000000142 0.08099999999999952 0.006
0.9343399999999633 0.07600000000000051 0.006
0.9841200000000754 0.06999999999999851 0.006
0.1118099999999913 0.005000000000000782 0.006
0.8678300000000263 -0.1869999999999994 0.006
0.09546999999997752 -0.021000000000000796 0.006
0.9011899999999287 -0.0039999999999995595 0.006
1.003500000000031 0.09200000000000053 0.006
0.9995400000000245 0.0909999999999993 0.006
1.036860000000047 -0.04299999999999926 0.006
0.953049999999962 -0.1720000000000006 0.006
0.14949999999998909 0.007999999999999119 0.006
0.07784000000003743 0.009000000000000341 0.006
0.9388999999999896 0.07000000000000028 0.006
0.8359199999999873 0.08500000000000085 0.006
0.13753999999994448 0.017999999999998906 0.006
1.8677200000000767 -0.12100000000000044 0.006
0.9854899999999134 -0.04499999999999993 0.006
0.040040000000090004 0.006000000000000227 0.006
1.0231599999999617 0.09800000000000075 0.006
0.9401699999999664 0.08000000000000007 0.006
0.0957300000000032 0.009000000000000341 0.006
0.8990600000000768 -0.027000000000001023 0.006
1.0597999999999956 -0.18299999999999983 0.006
1.9799299999999675 0.15799999999999947 0.006
0.0976100000000315 0.018000000000000682 0.006
0.8754500000000007 0.0519999999999996 0.006
0.0989999999999327 -0.006999999999999673 0.006
0.8896100000000615 -0.15799999999999947 0.006
0.9990299999999479 -0.0600000000000005 0.006
0.1258900000000267 0.032999999999999474 0.006
0.8833600000000388 0.08000000000000007 0.006
1.0043799999999692 0.0860000000000003 0.006
1.1490499999999884 -0.04400000000000048 0.006
3.838169999999991 0.07500000000000107 0.006
12.111769999999979 -0.11500000000000021 0.006
1.914350000000013 0.0909999999999993 0.006
3.9930500000000393 0.022999999999999687 0.007
2.0223700000000235 -0.22299999999999898 0.006
0.9405099999999038 0.08499999999999908 0.006
0.9920400000000882 0.09700000000000131 0.007
2.008929999999964 -0.19400000000000084 0.006
8.990879999999947 0.016000000000000014 0.006
100.35433 0.03500000000000014 0.006
16.026230000000055 0.19100000000000072 0.006
9.946059999999989 -0.21000000000000085 0.006
1.9972500000000082 0.08999999999999986 0.006
3.0417999999999665 -0.125 0.006
1.9463100000000395 0.17300000000000004 0.007
1.053350000000023 0.07800000000000118 0.007
7.965889999999945 -0.07500000000000107 0.006
4.980069999999955 0.051000000000000156 0.006
2.030460000000062 -0.23099999999999987 0.006
3.958020000000033 0.07099999999999973 0.006
2.039760000000001 0.054999999999999716 0.006
1.0548199999999497 0.09600000000000009 0.006
3.900859999999966 -0.06099999999999994 0.007
8.094800000000077 -0.08399999999999963 0.006
3.0054699999999457 -0.021000000000000796 0.006
0.8416700000000219 -0.0389999999999997 0.006
2.067009999999982 0.19200000000000017 0.006
0.9541400000000522 0.014000000000001123 0.006
2.9831799999999475 -0.06600000000000072 0.006
3.9602800000000116 -0.057000000000000384 0.006
4.113110000000006 -0.036999999999999034 0.006
0.9764900000000125 0.09600000000000009 0.006
1.0849699999999984 0.08699999999999974 0.006
3.9415900000000192 -0.0470000000000006 0.006
3.990789999999947 -0.03999999999999915 0.006
5.006550000000061 0.03599999999999959 0.006
3.9833699999999226 -0.0389999999999997 0.006
2.0707700000000386 -0.05799999999999983 0.006
0.9340799999999945 -0.08000000000000007 0.006
2.0489800000000287 0.18900000000000006 0.006
4.962089999999989 0.02999999999999936 0.006
0.9564199999999801 -0.10400000000000098 0.006
3.0400600000000395 0.06300000000000061 0.006
3.061709999999948 -0.13400000000000034 0.006
1.0006700000000137 0.10000000000000142 0.006
0.9975000000000591 0.08699999999999974 0.006
0.9970499999999447 -0.13400000000000034 0.006
6.9253700000000435 0.026999999999999247 0.006
10.942369999999983 0.028999999999999915 0.006
1.106239999999957 -0.15899999999999892 0.006
1.0359300000000076 0.09199999999999875 0.006
0.9940300000000661 0.09299999999999997 0.006
2.9281899999999723 -0.14999999999999858 0.006
2.9592499999999973 0.12599999999999945 0.006
1.9105299999999943 -0.09500000000000064 0.006
1.1845600000000331 0.10800000000000054 0.006
0.8344999999999345 0.054999999999999716 0.007
1.1313800000000356 -0.20399999999999885 0.006
0.8452399999999898 -0.009000000000000341 0.006
1.076159999999959 0.09600000000000009 0.006
0.8251000000000204 0.08300000000000018 0.006
1.2220899999999801 -0.038000000000000256 0.006
3.0449800000000096 0.009000000000000341 0.006
1.7868500000000722 -0.09000000000000163 0.006
2.2219899999998916 0.053000000000000824 0.006
0.9651700000000574 0.07499999999999929 0.006
1.868060000000014 -0.21399999999999864 0.006
6.021039999999971 0.11099999999999888 0.006
4.060759999999959 -0.036999999999999034 0.006
2.0066100000000233 0.17300000000000004 0.006
1.8813000000000102 -0.2350000000000012 0.006
2.1466500000000224 0.19700000000000095 0.006
3.9394600000000537 -0.053000000000000824 0.006
10.895639999999958 -0.0389999999999997 0.006
4.9170199999999795 -0.0860000000000003 0.006
7.090860000000021 0.16100000000000136 0.006
5.073369999999954 0.0519999999999996 0.006
2.8223600000000033 -0.16500000000000092 0.006
1.998770000000036 0.16999999999999993 0.006
20.99482999999998 -0.13100000000000023 0.006
3.98849000000007 -0.04800000000000004 0.006
6.018549999999891 0.13400000000000034 0.006
3.022440000000074 -0.129999999999999 0.006
2.9721799999999803 0.0 0.006
13.032500000000027 0.1399999999999988 0.007
2.9698999999999387 -0.051000000000000156 0.006
1.9916600000000244 -0.06299999999999883 0.006
101.42932999999994 0.006000000000000227 0.006
14.890800000000127 0.11599999999999966 0.006
0.99091999999996 -0.09800000000000075 0.006
1.9988100000000486 -0.023999999999999133 0.007
6.026560000000018 0.13400000000000034 0.006
5.949169999999867 -0.1960000000000015 0.006
5.06881999999996 -0.028999999999999915 0.006
4.032560000000103 0.016000000000000014 0.006
9.891799999999876 0.02000000000000135 0.006
4.057030000000168 -0.03500000000000014 0.006
5.981509999999844 0.125 0.006
3.976240000000189 -0.051000000000000156 0.006
9.899799999999914 0.07899999999999885 0.006
2.1527799999998933 -0.11199999999999832 0.006
3.010620000000017 0.16699999999999982 0.006
0.9339100000001963 -0.0259999999999998 0.006
4.033349999999928 0.047999999999998266 0.006
5.892249999999876 -0.23699999999999832 0.006
9.094590000000153 0.0019999999999988916 0.006
3.0078699999999117 0.23099999999999987 0.006
2.9932900000001155 -0.12199999999999989 0.006
3.0334899999998015 -0.1120000000000001 0.006
2.941440000000057 0.23900000000000077 0.006
3.033959999999979 -0.13100000000000023 0.006
2.980540000000019 -0.11899999999999977 0.006
2.0484599999999773 0.16900000000000048 0.006
2.926330000000007 -0.15100000000000158 0.006
1.0813000000000557 0.09500000000000064 0.006
3.9940100000001166 -0.057000000000000384 0.006
3.8947999999998046 -0.04899999999999949 0.006
2.1147600000001603 0.20199999999999996 0.006
1.9555499999999029 -0.1880000000000006 0.006
2.0230200000000877 0.14000000000000057 0.006
2.0054000000000087 -0.04800000000000004 0.006
2.907359999999926 0.0860000000000003 0.006
1.8805199999999331 -0.1509999999999998 0.006
5.134670000000142 -0.028999999999999915 0.006
2.9856399999998757 0.2240000000000002 0.006
2.892820000000029 -0.11000000000000121 0.006
4.080400000000054 -0.04499999999999993 0.006
2.8931199999999535 -0.01699999999999946 0.006
3.0534099999999853 0.15499999999999936 0.006
2.055810000000065 -0.2159999999999993 0.006
3.8683300000000145 0.07900000000000063 0.006
3.0926899999999478 0.1269999999999989 0.006
1.973799999999983 -0.20999999999999908 0.006
2.9414500000000317 0.2419999999999991 0.006
3.0775300000000243 -0.11999999999999922 0.006
5.0207000000000335 0.0519999999999996 0.006
2.0166199999998753 -0.10899999999999999 0.006
1.8069700000000921 0.04299999999999926 0.006
2.084709999999859 0.11400000000000077 0.006
2.099420000000009 -0.15399999999999991 0.006
0.9677100000001246 0.10099999999999909 0.006
5.851480000000038 0.06500000000000128 0.006
4.992389999999887 -0.10299999999999976 0.006
4.994210000000066 -0.10500000000000043 0.006
3.0191600000000562 0.20099999999999874 0.007
6.006179999999858 -0.19899999999999984 0.006
1.9790000000000418 0.1120000000000001 0.006
3.0325500000001284 -0.13199999999999967 0.006
9.944789999999784 0.07600000000000051 0.006
2.129710000000159 0.15899999999999892 0.007
7.911540000000059 -0.0649999999999995 0.006
3.0052899999998317 -0.13199999999999967 0.006
4.941260000000057 0.031000000000000583 0.006
5.992909999999938 0.13399999999999856 0.006
4.015350000000126 -0.04699999999999882 0.006
3.040610000000015 -0.13199999999999967 0.006
7.9306799999999384 0.06299999999999883 0.008
3.006339999999909 0.12600000000000122 0.007
1.002770000000055 -0.008000000000000895 0.006
0.9954299999999421 -0.20199999999999996 0.006
1.0055899999999838 0.057000000000000384 0.006
1.9963999999999942 0.18299999999999983 0.006
3.0295399999999972 -0.13400000000000034 0.007
3.9697400000000016 -0.04800000000000004 0.006
53.449780000000146 -0.057000000000000384 0.006
4.985850000000028 0.02800000000000047 0.006
12.010319999999865 0.14199999999999946 0.007
3.0093400000000656 -0.007999999999999119 0.007
14.954750000000104 0.03500000000000014 0.006
1.9972199999999702 -0.13100000000000023 0.006
2.90395999999987 0.034000000000000696 0.007
1.9936999999999898 -0.010000000000001563 0.006
3.0464900000001762 -0.08999999999999986 0.006
3.043019999999842 0.23000000000000043 0.007
3.032169999999951 -0.129999999999999 0.006
1.8910500000001775 0.11599999999999966 0.007
6.045769999999948 -0.21499999999999986 0.006
3.9898699999998826 0.0 0.006
1.0274300000000949 0.041999999999999815 0.006
2.911350000000084 0.0389999999999997 0.006
8.040329999999813 0.14100000000000001 0.006
4.9996900000001006 0.005000000000000782 0.006
1.884559999999965 -0.20199999999999996 0.006
2.040860000000066 0.1869999999999994 0.006
5.01567 0.031000000000000583 0.006
3.0257199999998647 -0.11600000000000144 0.006
3.9281200000000354 -0.06199999999999939 0.006
2.1519100000000435 0.1720000000000006 0.006
0.8935900000001311 -0.1980000000000004 0.006
3.0558699999999135 0.17600000000000016 0.006
1.9077899999999772 -0.22499999999999964 0.006
2.995290000000068 0.24399999999999977 0.006
1.1499099999998634 -0.21300000000000097 0.006
1.8905300000001262 0.09600000000000009 0.006
2.0711499999999887 0.049000000000001265 0.006
2.976079999999911 0.005999999999998451 0.006
1.959039999999959 -0.12199999999999989 0.006
2.111220000000003 0.06700000000000017 0.006
0.8541099999999915 0.08999999999999986 0.006
2.0316700000000765 -0.21899999999999942 0.006
1.104949999999917 0.08200000000000074 0.006
2.854150000000118 0.0039999999999995595 0.006
1.9470499999999902 0.028999999999999915 0.007
2.104000000000042 0.08799999999999919 0.006
1.9927399999999125 -0.14199999999999946 0.006
1.079110000000128 0.10599999999999987 0.006
0.8641900000000078 0.07499999999999929 0.007
2.1173499999999876 -0.22199999999999953 0.006
6.95623999999998 0.22600000000000087 0.006
3.923909999999978 -0.05799999999999983 0.006
2.042639999999892 -0.17700000000000138 0.006
3.0723400000001675 0.23000000000000043 0.006
0.9777299999998377 -0.15399999999999991 0.006
1.0187600000001567 -0.06700000000000017 0.006
2.8990899999998874 0.2110000000000003 0.006
1.0757100000000719 -0.2259999999999991 0.006
1.0152100000000246 0.05699999999999861 0.006
0.9870099999998274 0.09200000000000053 0.006
5.793170000000146 0.09600000000000009 0.006
1.206230000000005 -0.2370000000000001 0.006
1.888879999999972 0.14300000000000068 0.006
2.9575199999999313 -0.14400000000000013 0.006
2.9671800000000985 0.2289999999999992 0.006
3.040279999999939 -0.10500000000000043 0.006
2.9853800000000774 -0.13099999999999845 0.006
3.062940000000026 0.23399999999999999 0.006
2.051659999999856 -0.19200000000000017 0.006
1.998890000000074 0.18799999999999883 0.006
1.9351599999999962 -0.22299999999999898 0.006
2.950170000000071 0.2419999999999991 0.006
3.0777199999999993 -0.11800000000000033 0.006
1.9036499999999705 0.053000000000000824 0.006
2.1206999999999425 -0.09800000000000075 0.006
3.9722699999999804 -0.04699999999999882 0.006
1.0135700000000725 0.08799999999999919 0.006
3.8506599999998343 -0.049999999999998934 0.006
1.9747100000001865 0.1639999999999997 0.006
3.1006199999999353 -0.120000000000001 0.006
0.9628599999998642 0.0940000000000012 0.006
1.07062000000019 -0.030000000000001137 0.006
1.905999999999949 -0.1169999999999991 0.006
1.9462899999998626 0.17300000000000004 0.006
1.9994500000000244 -0.2240000000000002 0.006
2.022510000000011 0.1769999999999996 0.006
1.9725600000001577 -0.1899999999999995 0.006
1.9984199999998964 0.14199999999999946 0.006
2.001980000000003 -0.04299999999999926 0.006
2.000160000000051 0.004999999999999005 0.006
2.0449100000000726 0.11100000000000065 0.006
1.0088499999999385 -0.1980000000000004 0.006
1.946519999999964 0.13100000000000023 0.006
2.040119999999888 -0.058999999999999275 0.006
1.0714600000001155 -0.07500000000000107 0.006
9.877150000000029 0.07000000000000028 0.006
5.058189999999968 0.07099999999999973 0.007
2.997440000000097 -0.15000000000000036 0.006
1.9736599999998816 0.19200000000000017 0.006
1.9913899999999103 -0.18900000000000006 0.006
3.0252000000000407 0.2190000000000012 0.006
1.9508900000000722 -0.22600000000000087 0.006
2.0148200000000998 0.18299999999999983 0.006
3.0537199999998847 -0.13599999999999923 0.006
3.9293800000000374 -0.053000000000000824 0.006
5.004739999999856 0.049000000000001265 0.006
14.003960000000006 0.036999999999999034 0.006
78.4170200000001 0.1379999999999999 0.006
0.9324500000000171 -0.07000000000000028 0.006
2.030240000000049 -0.05799999999999983 0.006
2.022849999999835 0.1379999999999999 0.006
2.0200700000000325 -0.19599999999999973 0.006
13.98153000000002 0.04100000000000037 0.006
0.9619900000000143 0.0909999999999993 0.006
13.029480000000149 -0.049999999999998934 0.006
5.9260699999999815 0.11899999999999977 0.006
3.0232599999999366 -0.12700000000000067 0.006
2.0148400000000493 0.07699999999999996 0.006
3.992870000000039 0.054999999999999716 0.006
3.992419999999811 -0.041999999999999815 0.006
6.025160000000142 -0.129999999999999 0.006
0.9712399999998524 -0.04800000000000004 0.006
1.0134600000001228 0.08300000000000018 0.006
4.038929999999937 -0.04499999999999993 0.008
11.977530000000115 0.027999999999998693 0.006
3.929619999999886 0.14300000000000068 0.006
5.042100000000119 -0.1280000000000001 0.006
3.926029999999855 0.13000000000000078 0.006
3.9817500000001473 -0.014000000000001123 0.006
2.054689999999937 -0.21999999999999886 0.006
1.9689300000000003 0.1869999999999994 0.006
1.973399999999856 -0.15499999999999936 0.006
1.0303499999999985 0.014999999999998792 0.006
1.0841600000001108 0.09500000000000064 0.006
1.9596899999999096 -0.0129999999999999 0.006
294.0731700000001 -0.11000000000000121 0.006
22.959389999999985 -0.02099999999999902 0.006
2.963249999999789 0.24099999999999966 0.006
8.999340000000302 -0.004999999999999005 0.006
12.047689999999875 -0.125 0.006
0.9055100000000493 0.08799999999999919 0.006
9.048119999999926 -0.009000000000000341 0.006
2.910820000000058 -0.13599999999999923 0.006
2.0057700000002114 0.1769999999999996 0.006
1.9682599999996455 -0.22000000000000064 0.006
1.9682600000001003 0.16400000000000148 0.006
3.9194099999999708 -0.04300000000000104 0.006
2.061000000000149 0.006000000000000227 0.006
2.0916799999999967 -0.04299999999999926 0.006
2.0650000000000546 0.13099999999999845 0.006
4.859079999999722 -0.07299999999999862 0.006
2.08800999999994 -0.05500000000000149 0.006
1.9732300000000578 0.13700000000000045 0.006
1.9910500000000866 -0.19299999999999962 0.006
3.004040000000259 0.09800000000000075 0.006
8.054299999999785 0.08799999999999919 0.006
0.9710300000001553 -0.08900000000000041 0.006
4.0456099999996695 0.09600000000000009 0.006
1.849540000000161 -0.20999999999999908 0.006
2.127350000000206 0.2029999999999994 0.006
2.0579399999996895 -0.23099999999999987 0.006
1.9568500000000313 0.18399999999999928 0.006
1.9827399999999216 -0.14599999999999902 0.006
1.9972300000003997 0.09399999999999942 0.006
7.062439999999697 -0.0990000000000002 0.006
1.98604000000023 0.09700000000000131 0.006
1.9688899999996465 0.04299999999999926 0.006
2.02388000000019 -0.09200000000000053 0.006
1.9860600000001796 0.16900000000000048 0.006
3.0250200000000405 -0.1120000000000001 0.006
1.9612399999996342 0.04899999999999949 0.006
2.0374799999999595 -0.10200000000000031 0.006
10.886290000000372 0.16900000000000048 0.006
8.861639999999625 -0.02099999999999902 0.006
3.9856400000003305 -0.041999999999999815 0.006
5.993189999999686 -0.05900000000000105 0.006
5.996650000000045 -0.0860000000000003 0.006
6.997299999999996 0.19100000000000072 0.006
25.95519000000013 -0.06600000000000072 0.007
12.063130000000001 -0.14199999999999946 0.006
149.33257000000003 0.02999999999999936 0.006
5.00716999999986 0.04100000000000037 0.006
5.968110000000252 0.1280000000000001 0.006
7.891889999999876 -0.09399999999999942 0.006
4.06804000000011 -0.04800000000000004 0.006
3.9980499999996937 -0.053000000000000824 0.006
4.002360000000408 -0.026999999999999247 0.006
8.962219999999888 -0.012000000000000455 0.006
4.0563899999997375 0.04899999999999949 0.006
5.895800000000236 0.03300000000000125 0.006
6.076720000000023 0.1349999999999998 0.006
6.006419999999707 -0.14499999999999957 0.006
9.896529999999984 -0.04800000000000004 0.006
3.108570000000327 0.18099999999999916 0.006
4.966779999999744 -0.1120000000000001 0.006
4.876050000000305 -0.07499999999999929 0.006
2.127970000000005 0.14100000000000001 0.006
2.897019999999884 -0.14100000000000001 0.006
5.118309999999838 0.045999999999999375 0.006
2.894090000000233 0.06400000000000006 0.006
3.10053999999991 0.07200000000000095 0.006
2.993159999999989 -0.13100000000000023 0.006
2.9681900000000496 0.053999999999998494 0.006
2.0059900000001107 -0.01899999999999835 0.006
1.9959499999999935 0.13399999999999856 0.006
1.9290099999998347 -0.18799999999999883 0.006
3.081499999999778 0.0909999999999993 0.006
2.8723500000000968 0.038000000000000256 0.006
2.0530400000002373 -0.14199999999999946 0.006
1.93845999999985 0.09600000000000009 0.006
2.1538000000000466 0.0019999999999988916 0.006
0.9064600000001519 -0.11999999999999922 0.006
2.0097799999998642 0.16799999999999926 0.006
2.015429999999924 -0.13899999999999935 0.006
2.0538500000002387 0.09799999999999898 0.006
1.9915399999999863 0.0 0.006
7.027059999999892 -0.005999999999998451 0.006
1.98700000000008 0.007999999999999119 0.006
2.0186399999997775 -0.04100000000000037 0.006
2.922019999999975 -0.051000000000000156 0.006
4.899380000000292 -0.03599999999999959 0.006
4.942810000000009 0.011000000000001009 0.006
4.946369999999661 0.04299999999999926 0.006
4.998820000000251 0.045999999999999375 0.006
6.028759999999693 0.13100000000000023 0.006
15.969830000000002 -0.19699999999999918 0.006
147.40691000000015 0.125 0.006
12.94421999999986 0.06899999999999906 0.006
6.022010000000137 -0.22799999999999976 0.006
5.952670000000126 0.10100000000000087 0.006
5.934649999999692 0.11599999999999966 0.006
9.108530000000428 0.006000000000000227 0.006
5.9035399999997935 -0.2110000000000003 0.006
5.999369999999999 0.07600000000000051 0.006
3.0558999999998377 -0.07200000000000095 0.006
4.928470000000289 -0.02800000000000047 0.006
3.040430000000015 0.2320000000000011 0.006
5.980379999999968 -0.22499999999999964 0.006
3.004189999999653 0.2289999999999992 0.006
4.008570000000418 -0.016000000000000014 0.006
2.9139499999996588 -0.14700000000000024 0.006
4.0232599999999366 -0.04100000000000037 0.006
2.0455500000002758 0.18599999999999994 0.006
2.044589999999971 -0.20899999999999963 0.006
3.9942399999999907 0.03599999999999959 0.006
2.0184300000000803 0.08999999999999986 0.006
2.9305199999998877 -0.1399999999999988 0.006
3.053989999999885 0.254999999999999 0.006
3.9380200000000514 -0.03999999999999915 0.006
1.889480000000276 -0.2110000000000003 0.006
2.983429999999771 0.24099999999999966 0.006
4.128150000000005 -0.022999999999999687 0.006
2.0477200000000266 -0.2129999999999992 0.006
1.8987499999998363 0.15899999999999892 0.006
1.94266000000016 -0.06199999999999939 0.006
2.0722500000001673 0.013999999999999346 0.006
2.0077400000000125 0.0990000000000002 0.006
2.0752199999997174 -0.13899999999999935 0.006
1.9688900000001013 0.1689999999999987 0.006
0.9475400000001173 -0.15199999999999925 0.006
2.002509999999802 0.02400000000000091 0.006
1.9873600000000806 0.10299999999999976 0.006
2.0034599999999045 -0.15399999999999991 0.006
1.9929200000001401 0.18099999999999916 0.006
2.0144500000001244 -0.2240000000000002 0.006
2.0464600000000246 0.1850000000000005 0.006
1.0163199999997232 0.006999999999999673 0.006
4.933640000000196 -0.1039999999999992 0.006
2.0304000000000997 -0.0030000000000001137 0.006
2.063760000000002 0.11500000000000021 0.006
1.0249299999995856 -0.22100000000000009 0.006
1.860990000000129 0.14599999999999902 0.006
1.9716400000002068 -0.02099999999999902 0.006
2.0454399999998714 -0.02200000000000024 0.006
1.984860000000026 0.1269999999999989 0.006
2.0703300000000127 -0.16799999999999926 0.006
2.8313600000001315 0.08699999999999974 0.006
2.030359999999746 -0.05599999999999916 0.006
2.9419200000002093 -0.05000000000000071 0.006
3.10750999999982 0.1869999999999994 0.006
1.9394400000001042 -0.21899999999999942 0.006
1.9859599999999773 0.16699999999999982 0.006
1.102350000000115 0.06400000000000006 0.006
0.9311099999999897 -0.20500000000000007 0.006
1.0235399999996844 0.0039999999999995595 0.006
1.9693300000003546 0.18400000000000105 0.006
1.9752199999998084 -0.21499999999999986 0.006
2.017040000000179 0.15899999999999892 0.006
2.02512999999999 -0.12099999999999866 0.006
1.9446499999999105 0.0779999999999994 0.006
1.9922900000001391 0.0649999999999995 0.006
4.969569999999749 -0.1039999999999992 0.006
2.0278299999999945 0.0389999999999997 0.006
5.088650000000143 0.0519999999999996 0.006
2.9237299999999777 -0.14499999999999957 0.006
2.9790399999997135 0.18900000000000006 0.006
3.089260000000195 -0.051000000000000156 0.006
2.9005200000001423 -0.14300000000000068 0.006
2.9602500000000873 0.19400000000000084 0.006
2.9823499999997694 -0.06799999999999962 0.006
5.049059999999827 0.06299999999999883 0.006
3.06766000000016 -0.1429999999999989 0.006
0.8599100000001272 0.08000000000000007 0.006
3.021639999999934 -0.14300000000000068 0.006
3.021270000000186 0.23000000000000043 0.006
2.9855999999999767 -0.09600000000000009 0.006
3.0518299999998817 -0.1349999999999998 0.006
3.9816900000000714 0.007999999999999119 0.006
10.997149999999692 0.12199999999999989 0.006
5.960469999999987 0.10100000000000087 0.006
90.39831000000004 0.009000000000000341 0.006
18.950880000000325 -0.2060000000000013 0.006
6.053949999999986 0.0470000000000006 0.006
9.980769999999666 0.09399999999999942 0.006
5.966249999999945 0.009000000000000341 0.006
6.947790000000168 -0.0600000000000005 0.006
3.003979999999956 -0.1169999999999991 0.006
4.072990000000118 0.04400000000000048 0.006
3.892199999999775 0.16199999999999903 0.006
5.038940000000366 -0.1269999999999989 0.006
3.937289999999848 0.1379999999999999 0.006
4.0204899999998815 0.0009999999999994458 0.006
1.9920999999999367 -0.21000000000000085 0.006
2.0680600000000595 0.17800000000000082 0.006
1.9933700000001409 -0.1880000000000006 0.006
3.9089899999999034 0.11300000000000132 0.006
2.024879999999939 -0.026000000000001577 0.006
2.0364199999999073 0.12900000000000134 0.006
1.9936100000004444 -0.17100000000000115 0.006
9.063429999999698 -0.0039999999999995595 0.006
6.952440000000024 0.1850000000000005 0.006
2.9760599999999613 -0.0990000000000002 0.006
5.852400000000216 0.10599999999999987 0.006
3.1784899999997833 -0.1039999999999992 0.006
13.993730000000141 0.04299999999999926 0.006
3.940650000000005 -0.0519999999999996 0.006
2.976749999999811 -0.12400000000000055 0.006
5.119410000000244 0.040000000000000924 0.006
7.964069999999992 0.017999999999998906 0.006
4.926789999999983 -0.06199999999999939 0.006
8.997679999999946 0.006999999999999673 0.006
6.885459999999966 0.19100000000000072 0.006
5.153729999999996 0.03599999999999959 0.006
3.98709000000008 -0.025000000000000355 0.006
4.923170000000027 0.03200000000000003 0.006
4.846259999999802 -0.006999999999999673 0.006
4.093900000000303 -0.0009999999999994458 0.006
9.935979999999745 -0.07699999999999996 0.006
6.951849999999922 -0.038000000000000256 0.006
6.024120000000039 0.13100000000000023 0.006
6.969210000000203 -0.1830000000000016 0.006
9.025560000000041 0.005000000000000782 0.006
12.954870000000028 -0.05000000000000071 0.006
8.992489999999634 -0.005999999999998451 0.006
123.41047000000026 0.129999999999999 0.006
18.002750000000106 -0.0030000000000001137 0.006
16.938829999999598 -0.10800000000000054 0.006
3.94992000000002 -0.026999999999999247 0.006
11.033880000000408 0.15700000000000003 0.006
3.0461999999997715 -0.1280000000000001 0.006
3.963670000000093 -0.031000000000000583 0.006
3.045749999999771 0.23900000000000077 0.006
3.973200000000361 -0.032999999999999474 0.006
4.969609999999648 0.03500000000000014 0.006
3.010290000000168 -0.12100000000000044 0.006
3.000160000000051 -0.11899999999999977 0.006
8.939350000000104 0.006000000000000227 0.006
2.0867199999997865 0.1559999999999988 0.006
2.9219499999999243 -0.1639999999999997 0.006
3.035660000000007 0.22100000000000009 0.006
2.031089999999949 -0.1750000000000007 0.006
2.9896300000000338 0.05400000000000027 0.006
2.8689699999999903 0.0810000000000013 0.006
2.0837799999999334 -0.17300000000000004 0.006
2.0642000000002554 0.1379999999999999 0.006
2.9877299999998286 -0.1379999999999999 0.006
3.9575400000003356 0.0039999999999995595 0.006
2.965679999999793 0.2140000000000004 0.006
2.9358099999999467 -0.14200000000000124 0.006
2.149789999999939 0.13199999999999967 0.006
3.9176000000002205 0.009000000000000341 0.006
3.9780399999999645 -0.0519999999999996 0.006
3.0630799999999 -0.13700000000000045 0.006
1.8627500000002328 0.16500000000000092 0.006
1.9878399999997782 -0.19700000000000095 0.006
2.158519999999953 0.16900000000000048 0.006
2.9633499999999913 -0.14199999999999946 0.006
2.0105600000001687 0.18900000000000006 0.006
3.0320099999999 -0.1379999999999999 0.006
2.002730000000156 0.14700000000000024 0.006
1.9473100000000159 -0.1980000000000004 0.006
2.013839999999618 0.18399999999999928 0.006
1.9493900000002213 -0.21700000000000053 0.006
2.00009 0.17100000000000115 0.006
1.9897299999997813 -0.11500000000000021 0.006
2.0903000000002976 0.06300000000000061 0.006
3.8719999999998436 -0.05500000000000149 0.006
3.016599999999926 0.005000000000000782 0.006
4.027550000000247 0.12599999999999945 0.006
3.03125 -0.03200000000000003 0.006
2.9743399999997564 -0.14100000000000001 0.006
6.86727000000019 0.21700000000000053 0.006
4.97418000000016 -0.005000000000000782 0.006
5.005559999999605 -0.1039999999999992 0.006
7.935770000000048 0.08900000000000041 0.006
9.034850000000006 -0.006000000000000227 0.006
15.940849999999955 -0.17999999999999972 0.006
132.39008000000013 0.11599999999999966 0.006
6.969820000000254 -0.14000000000000057 0.006
5.020119999999679 0.006999999999999673 0.006
11.950790000000325 0.2140000000000004 0.006
10.952679999999873 -0.18299999999999983 0.006
6.091509999999744 0.1479999999999997 0.006
3.875930000000153 -0.05999999999999872 0.006
3.021150000000034 -0.13500000000000156 0.006
2.0209100000001854 0.1830000000000016 0.006
5.011610000000019 0.04499999999999993 0.006
6.0011599999998 -0.18100000000000094 0.006
7.062049999999999 0.13900000000000112 0.006
2.9443599999999606 -0.15800000000000125 0.006
3.03659000000016 0.13900000000000112 0.006
5.946059999999761 -0.14300000000000068 0.006
2.9598900000000867 0.16300000000000026 0.006
2.005040000000008 -0.1120000000000001 0.006
3.093130000000201 -0.022999999999999687 0.006
2.870119999999588 0.14700000000000024 0.006
3.0613500000004024 -0.13400000000000034 0.006
1.9861399999999776 0.17900000000000027 0.006
2.059139999999843 -0.21200000000000152 0.006
2.894760000000133 0.18700000000000117 0.006
5.067649999999958 -0.13199999999999967 0.006
1.9999699999998484 0.021999999999998465 0.006
2.953070000000025 -0.10999999999999943 0.006
1.9279500000002372 0.14400000000000013 0.006
5.072219999999561 0.045999999999999375 0.006
3.0414800000003197 -0.12899999999999956 0.006
3.0479199999999764 0.031000000000000583 0.006
1.9652499999997417 0.012000000000000455 0.006
2.0250200000000405 0.11599999999999966 0.006
16.824640000000272 -0.03700000000000081 0.006
2.9318100000000413 -0.1509999999999998 0.006
5.222319999999854 0.06300000000000061 0.006
5.940620000000308 0.12100000000000044 0.006
9.928599999999278 -0.04400000000000048 0.006
5.088930000000801 -0.14199999999999946 0.006
10.787229999999909 0.07099999999999973 0.006
13.992239999999583 0.03399999999999892 0.006
11.04077000000052 -0.02999999999999936 0.006
29.95256999999947 0.06700000000000017 0.006
145.33291999999983 0.06299999999999883 0.006
4.968899999999849 -0.027999999999998693 0.006
5.0313700000006065 -0.12700000000000067 0.006
4.95201999999972 -0.07099999999999973 0.006
6.086369999999988 0.09399999999999942 0.006
2.973829999999907 -0.0990000000000002 0.006
3.021679999999833 0.22800000000000153 0.006
2.956020000000535 -0.13900000000000112 0.006
4.903419999999642 0.04600000000000115 0.006
2.988180000000284 -0.136000000000001 0.006
5.117879999999786 0.040000000000000924 0.006
3.961989999999787 -0.040000000000000924 0.006
4.046589999999924 0.011000000000001009 0.006
4.9277200000005905 -0.015000000000000568 0.006
12.987409999999727 0.04800000000000004 0.006
10.950350000000071 0.06799999999999962 0.006
4.0020800000002055 -0.0470000000000006 0.006
3.003299999999399 -0.0030000000000001137 0.006
3.017550000000483 0.13200000000000145 0.006
3.9979599999996935 -0.04400000000000048 0.006
2.944239999999809 -0.1379999999999999 0.006
3.0924800000002506 0.16600000000000037 0.006
1.0428499999998166 -0.18100000000000094 0.006
3.8656500000006417 0.08999999999999986 0.006
1.0474599999997736 -0.0730000000000004 0.006
0.014970000000175787 0.0010000000000012221 0.006
0.94792999999936 0.0860000000000003 0.006
0.9351700000006531 0.08300000000000018 0.006
0.1525099999998929 0.008999999999998565 0.006
1.0602699999999459 -0.02099999999999902 0.006
0.7760900000002948 -0.1639999999999997 0.006
1.0235800000000381 0.041999999999999815 0.006
0.9867599999997765 0.09399999999999942 0.006
0.11869000000024243 0.012000000000000455 0.006
0.9620499999991807 0.0779999999999994 0.006
0.9747500000003129 -0.13599999999999923 0.006
0.09442000000035478 -0.028999999999999915 0.006
0.827980000000025 -0.07000000000000028 0.006
0.9842599999992672 0.09299999999999997 0.006
0.15498000000025058 0.009999999999999787 0.006
1.8583800000005795 0.13100000000000023 0.006
0.14492999999947642 -0.021000000000000796 0.006
0.8724199999996927 -0.19699999999999918 0.006
0.14975000000049477 -0.019000000000000128 0.006
0.8437999999996464 0.045999999999999375 0.006
0.1274600000006103 0.0129999999999999 0.006
0.8748900000000503 0.08500000000000085 0.006
0.12942999999995664 0.006000000000000227 0.006
0.8774599999997008 0.07699999999999996 0.006
0.13497000000006665 0.008999999999998565 0.006
0.874630000000252 -0.11899999999999977 0.006
0.09134999999969295 -0.0259999999999998 0.006
0.86754000000019 -0.0779999999999994 0.006
0.07682999999997264 -0.012000000000000455 0.006
0.9557399999994232 0.09600000000000009 0.006
0.09816000000046188 0.006999999999999673 0.006
0.8861699999997654 0.07900000000000063 0.006
0.9967100000003484 0.051000000000000156 0.006
0.0726699999995617 -0.014000000000001123 0.006
0.912930000000415 -0.20399999999999885 0.006
0.16186999999990803 -0.014000000000001123 0.006
0.8343599999998332 0.03500000000000014 0.006
0.17263999999977386 0.018000000000000682 0.006
0.9613500000004933 0.08999999999999986 0.006
3.020959999999832 -0.129999999999999 0.006
6.040879999999561 0.14199999999999946 0.006
2.990320000000793 -0.1460000000000008 0.006
4.847240000000056 0.02000000000000135 0.006
4.066059999999197 -0.026000000000001577 0.006
4.024390000000494 0.012000000000000455 0.006
2.9973399999998946 0.21300000000000097 0.006
4.934009999999944 0.004999999999999005 0.006
2.0268599999999424 -0.20800000000000018 0.006
1.0641100000002552 0.10800000000000054 0.006
2.969529999999395 -0.14100000000000001 0.006
5.940190000000257 0.13700000000000045 0.006
3.0405500000006214 -0.13400000000000034 0.006
1.9790100000000166 0.16799999999999926 0.006
1.9646099999999933 -0.1169999999999991 0.006
5.983709999999519 0.023999999999999133 0.006
2.9288900000001377 0.014000000000001123 0.006
3.115780000000086 0.12399999999999878 0.006
1.9192699999994147 -0.20500000000000007 0.006
2.917380000000776 0.2350000000000012 0.006
