0.0 0.0 0.02862
2.0178499999456108 -0.006000000000000227 0.02853
8.063989999704063 0.006999999999999673 0.02863
10.975109999999404 0.35100000000000087 0.03495
2.9482100000604987 0.14400000000000013 0.03832
7.044410000089556 0.29999999999999893 0.04703
35.984660000074655 0.8570000000000011 0.08715
23.844709999859333 0.12299999999999756 0.09481
0.9722700002603233 0.0990000000000002 0.10126
10.008119999896735 0.014000000000002899 0.10219
3.1671400000341237 0.28500000000000014 99.99000
5.959210000000894 -0.43200000000000216 0.09266
2.0136199998669326 0.038000000000000256 0.09507
4.87063999986276 -0.09799999999999898 0.08892
11.941730000078678 -0.08200000000000074 0.08399
9.957170000299811 0.006000000000000227 0.08434
7.079249999951571 -0.13199999999999967 0.07680
0.9198400001041591 0.08399999999999963 0.08154
2.9618400000035763 -0.04499999999999993 0.07897
2.981429999694228 0.04499999999999993 0.08154
3.1000399999320507 -0.13100000000000023 0.07425
3.9531499999575317 0.06099999999999994 0.07758
3.03937999997288 -0.3290000000000006 0.06111
2.957720000296831 -0.10999999999999943 0.05640
3.0454899999313056 -0.13899999999999935 0.05101
1.002650000154972 -0.03500000000000014 0.04975
3.906509999651462 -0.1120000000000001 0.04595
4.060390000231564 -0.1639999999999997 0.04104
4.92522000009194 -0.11100000000000065 0.03812
4.049259999766946 -0.09999999999999964 0.03575
6.0402999999932945 -0.3160000000000007 0.02971
1.9619400002993643 -0.006999999999999673 0.02960
2.9579999996349216 -0.12599999999999945 0.02776
3.0560200000181794 -0.0860000000000003 0.02667
0.001290000043809414 0.08399999999999963 0.02774
1.9560799999162555 -0.1120000000000001 0.02634
2.9890400003641844 -0.049999999999998934 0.02578
4.0290699996985495 -0.034000000000000696 0.02542
2.974129999987781 -0.09699999999999953 0.02450
5.998510000295937 -0.10500000000000043 0.02367
103.36887999996543 1.5990000000000002 0.06018
0.9956499999389052 1.0399999999999991 0.12204
1.998929999768734 -0.4289999999999985 0.09310
0.9921500002965331 0.08099999999999952 0.09830
2.0031200000084937 -0.02400000000000091 0.09674
1.9913599998690188 -0.018000000000000682 0.09558
1.003359999973327 -0.05299999999999727 0.09222
2.9905799999833107 -0.06500000000000128 0.08819
8.991040000226349 0.03399999999999892 0.09028
2.0364099997095764 -0.23199999999999932 0.07669
1.9689000002108514 0.18599999999999994 0.08746
2.0204400001093745 -0.23099999999999987 0.07425
2.986029999796301 0.120000000000001 0.08090
4.945069999899715 0.021999999999998465 0.08217
5.0099400002509356 -0.23799999999999955 0.06927
9.001169999595731 -0.045999999999999375 0.06699
2.060300000011921 -0.16800000000000104 0.05927
5.017510000150651 0.0860000000000003 0.06310
0.9040000000968575 -0.06700000000000017 0.06009
7.926539999898523 -0.17799999999999905 0.05280
2.0939700002782047 -0.0940000000000012 0.04936
2.9936999999918044 -0.05099999999999838 0.04760
4.889279999770224 -0.15300000000000047 0.04278
2.1350400000810623 -0.05600000000000094 0.04118
2.9488499998115003 0.002000000000000668 0.04123
3.8950100000947714 -0.27500000000000036 0.03450
3.0887600001879036 -0.11800000000000033 0.03215
4.070559999905527 -0.1639999999999997 0.02935
1.8308500000275671 -0.07099999999999973 0.02830
2.116690000053495 -0.14700000000000024 0.02641
3.8460899996571243 -0.20500000000000007 0.02435
2.245610000099987 -0.12899999999999956 0.02338
0.852489999961108 -0.0039999999999995595 0.02336
8.074280000291765 -0.2510000000000012 0.02216
0.8583299997262657 0.0070000000000014495 0.02218
4.146089999936521 0.019999999999999574 0.02225
0.868030000012368 0.006000000000000227 0.02227
6.043260000180453 0.06299999999999883 0.02252
4.071729999966919 0.10000000000000142 0.02302
5.889510000124574 0.1999999999999993 0.02445
1.0567999999038875 0.06199999999999939 0.02502
3.939259999897331 0.22100000000000009 0.02752
1.8546500001102686 0.06600000000000072 0.02843
6.080300000030547 0.32899999999999885 0.03419
9.909450000151992 0.5620000000000012 0.04985
1.0469799996353686 0.07000000000000028 0.05242
1.1681300001218915 -0.09700000000000131 0.04890
6.887120000086725 0.18599999999999994 0.05591
3.039640000090003 0.30100000000000016 0.06962
1.8705599997192621 -0.08499999999999908 0.06545
5.1389200002886355 0.11899999999999977 0.07136
5.8778699999675155 0.11500000000000021 0.07752
2.08233999973163 0.02800000000000047 0.07908
4.057930000126362 -0.06300000000000061 0.07560
5.020700000226498 0.35800000000000054 0.09700
3.90968000004068 -0.18400000000000105 0.08553
2.008099999744445 -0.053999999999998494 0.08235
5.013739999849349 0.15199999999999747 0.09153
2.9732800000347197 -0.0730000000000004 0.08703
10.883240000344813 -0.013999999999999346 0.08619
6.014979999978095 0.05799999999999983 0.08972
3.0418899999931455 0.11700000000000088 0.09713
3.9831499997526407 -0.053999999999998494 0.09367
4.040649999864399 0.09299999999999997 0.09968
4.009550000075251 -0.14300000000000068 0.09053
3.985720000229776 -0.07000000000000028 0.08625
2.9453900000080466 -0.030999999999998806 0.08440
7.001939999870956 -0.1670000000000016 0.07495
6.004920000210404 0.1440000000000019 0.08305
3.989240000024438 -0.09700000000000131 0.07752
3.9873099997639656 0.01699999999999946 0.07847
110.38312999997288 -0.6790000000000003 0.04801
3.9708899999968708 0.08800000000000097 0.05112
3.0122500001452863 0.06299999999999883 0.05350
1.0186499999836087 0.06500000000000128 0.05608
0.9576699999161065 -0.034000000000000696 0.05471
2.9982799999415874 0.3390000000000004 0.07003
5.976780000142753 0.08699999999999974 0.07457
4.008890000171959 0.0030000000000001137 0.07473
3.051719999872148 -0.0779999999999994 0.07064
2.913929999805987 -0.08300000000000018 0.06650
1.9946800000034273 0.46000000000000085 0.09222
2.0022499999031425 -0.16800000000000104 0.08206
3.1009400002658367 0.09800000000000075 0.08788
0.9954200000502169 -0.14200000000000124 0.07954
1.9698299998417497 0.02800000000000047 0.08113
0.98860999988392 0.11299999999999955 0.08782
0.9915200001560152 -0.030000000000001137 0.08601
1.013780000153929 -0.06899999999999906 0.08194
0.9651699997484684 0.0009999999999994458 0.08200
1.044850000180304 0.11100000000000243 0.08862
0.9459199998527765 -0.09299999999999997 0.08305
1.0304100001230836 0.11799999999999855 0.09016
0.9459400000050664 -0.11100000000000065 0.08346
1.0784599999897182 0.11899999999999977 0.09065
0.9992800001055002 -0.08500000000000085 0.08547
2.0207899999804795 0.05600000000000094 0.08886
12.968020000029355 -0.04100000000000037 0.08637
10.020869999658316 0.2789999999999999 0.10419
18.00466000009328 -0.13599999999999923 0.09526
60.76666000019759 -1.3550000000000004 0.03667
3.136659999843687 -0.1169999999999991 0.03408
0.9971900000236928 0.006000000000000227 0.03421
4.94634999986738 -0.2970000000000006 0.02891
4.955620000138879 -0.21899999999999942 0.02606
4.985940000042319 -0.13199999999999967 0.02473
7.892330000177026 -0.04400000000000048 0.02434
1.9847399997524917 -0.02200000000000024 0.02416
4.180010000243783 -0.01699999999999946 0.02402
1.8794399998150766 -0.019000000000000128 0.02388
2.106110000051558 -0.019000000000000128 0.02374
2.993009999860078 0.06400000000000006 0.02423
1.8607800002209842 -0.027000000000001023 0.02402
5.117289999965578 0.07800000000000118 0.02467
6.982400000095367 0.16799999999999926 0.02641
1.9940999997779727 0.10200000000000031 0.02768
1.9872200000099838 0.019999999999999574 0.02795
1.9962499998509884 0.057000000000000384 0.02876
0.9971700003370643 0.0779999999999994 0.02997
0.9768199999816716 0.03300000000000125 0.03051
2.0161899998784065 0.10899999999999999 0.03247
0.9725799998268485 0.06999999999999851 0.03385
1.004579999949783 0.012000000000000455 0.03410
1.9963400000706315 0.11700000000000088 0.03669
1.9235300002619624 0.15700000000000003 0.04068
7.0599699998274446 0.1639999999999997 0.04554
1.9773499998264015 0.24799999999999933 0.05435
