0.0 0.0 0.03205
14.961260000243783 -0.30799999999999983 0.02725
9.033889999613166 -0.17900000000000027 0.02522
0.9772000000812113 -0.07500000000000107 0.02452
4.985970000270754 -0.13599999999999923 0.02347
0.967949999962002 -0.013999999999999346 0.02338
4.02834999980405 -0.1720000000000006 0.02246
4.959619999863207 -0.11700000000000088 0.02207
3.042989999987185 -0.07599999999999874 0.02192
9.937530000228435 -0.26200000000000045 0.02205
7.003729999996722 -0.14700000000000024 0.02261
5.958360000047833 -0.13599999999999923 0.02349
8.989949999842793 -0.26500000000000057 0.02000
4.0026899999938905 -0.13899999999999935 0.02000
3.029940000269562 -0.0990000000000002 0.02000
5.037069999612868 -0.1980000000000004 0.02000
5.887450000271201 -0.2159999999999993 0.02000
5.07878000009805 -0.1379999999999999 0.02000
4.969670000020415 -0.11800000000000033 0.02000
1.9481899999082088 -0.05600000000000094 0.02000
3.990720000118017 -0.11800000000000033 0.02000
3.0812499998137355 -0.06199999999999939 0.02000
5.947430000174791 -0.07000000000000028 0.02000
3.01968999998644 -0.05599999999999916 0.02000
0.8609699998050928 0.016000000000000014 0.02000
1.1634700000286102 -0.006000000000000227 0.02000
0.902910000178963 0.0030000000000001137 0.02000
1.942700000014156 0.01699999999999946 0.02000
6.118939999956638 0.05400000000000027 0.02000
2.981819999869913 0.07600000000000051 0.02000
2.0156800001859665 0.045999999999999375 0.02000
4.973319999873638 0.14000000000000057 0.02000
1.9284299998544157 0.07099999999999973 0.02000
2.1130400002002716 0.0470000000000006 0.02000
0.7807599999941885 0.03999999999999915 0.02000
3.3020299999043345 0.08699999999999974 0.02000
0.7098300000652671 0.02400000000000091 0.02000
1.1803899998776615 0.05299999999999905 0.02000
0.9463399997912347 0.053000000000000824 0.02000
2.895850000437349 0.07499999999999929 0.02000
0.9955199998803437 0.057000000000000384 0.02000
3.254949999973178 0.0909999999999993 0.02000
3.0091200000606477 0.12400000000000055 0.02000
0.9553299997933209 0.019000000000000128 0.02000
1.9872699999250472 0.09399999999999942 0.02000
0.8748099999502301 0.0259999999999998 0.02000
3.1608900004066527 0.08999999999999986 0.02000
1.9987799995578825 0.0990000000000002 0.02000
1.9608600004576147 0.04400000000000048 0.02000
1.9910599999129772 0.08999999999999986 0.02353
8.013830000068992 0.25900000000000034 0.02213
0.9993399996310472 0.06700000000000017 0.02197
0.9952100003138185 0.0389999999999997 0.02190
1.9569799997843802 0.041999999999999815 0.02186
0.8461799998767674 0.05600000000000094 0.02185
3.168710000347346 0.07399999999999984 0.02190
0.919579999987036 0.028999999999999915 0.02194
2.085549999959767 0.08499999999999908 0.02213
0.9419700000435114 0.009999999999999787 0.02216
4.042109999805689 0.18100000000000094 0.02293
5.984699999913573 0.1349999999999998 0.02381
1.9860100001096725 0.12700000000000067 0.02488
5.981980000156909 -0.016000000000000014 0.02473
2.0032099997624755 0.12099999999999866 0.02594
1.9942999999038875 0.10400000000000098 0.02717
4.983620000071824 0.12399999999999878 0.02888
1.8177400003187358 -0.1039999999999992 0.02743
2.0771099999547005 0.15499999999999936 0.02967
2.0944300000555813 -0.08899999999999864 0.02833
3.98822999978438 0.19099999999999895 0.03138
0.9714700002223253 -0.08499999999999908 0.02994
124.31773999985307 0.20399999999999885 0.03365
15.970179999712855 -0.5289999999999999 0.02563
8.977610000409186 -0.0519999999999996 0.02510
0.9964699996635318 0.019999999999999574 0.02530
1.9927799999713898 0.13100000000000023 0.02675
2.9934400003403425 -0.29100000000000037 0.02389
2.0284499996341765 -0.041999999999999815 0.02359
1.9691300000995398 -0.09299999999999997 0.02300
2.9829400000162423 -0.0009999999999994458 0.02299
1.9972299998626113 0.0039999999999995595 0.02301
1.0639600004069507 -0.036999999999999034 0.02281
2.9689599997363985 -0.13100000000000023 0.02225
0.9614699999801815 0.004999999999999005 0.02227
1.9865200002677739 0.0030000000000001137 0.02228
1.0028499998152256 -0.08399999999999963 0.02203
0.994440000038594 -0.05599999999999916 0.02193
0.9961500000208616 -0.03300000000000125 0.02188
1.0564299998804927 -0.06899999999999906 0.02185
0.9406500002369285 0.016000000000000014 0.02185
0.9967799996957183 -0.016000000000000014 0.02185
4.023890000302345 -0.08900000000000041 0.02190
0.9549300000071526 -0.05799999999999983 0.02201
2.0583499995991588 -0.03500000000000014 0.02209
3.964530000463128 -0.14499999999999957 0.02268
12.92826999956742 -0.27500000000000036 0.02000
2.990310000255704 -0.07499999999999929 0.02000
3.02781999995932 -0.09100000000000108 0.02000
3.0633999998681247 -0.08799999999999919 0.02000
2.891139999963343 -0.11000000000000121 0.02000
2.9930900000035763 -0.13199999999999967 0.02000
1.1407300001010299 -0.04100000000000037 0.02000
4.881990000139922 -0.19799999999999862 0.02000
2.0279299998655915 -0.09600000000000009 0.02000
2.995219999924302 -0.07000000000000028 0.02000
7.983320000115782 -0.22900000000000098 0.02000
5.991500000003725 -0.10099999999999909 0.02000
19.927600000053644 0.20500000000000007 0.02000
3.9736600001342595 0.10899999999999999 0.02000
3.0939899999648333 0.04299999999999926 0.02000
3.0458499998785555 0.11700000000000088 0.02000
0.8016099999658763 0.009999999999999787 0.02000
1.9645899999886751 0.05299999999999905 0.02000
1.019849999807775 0.058000000000001606 0.02000
4.138580000028014 0.12799999999999834 0.02000
3.0408400003798306 0.0990000000000002 0.02000
1.827129999641329 0.09600000000000009 0.02000
3.053950000088662 0.09800000000000075 0.02000
1.9169300002977252 0.05400000000000027 0.02000
2.0875099999830127 0.05599999999999916 0.02000
2.1189399999566376 0.08099999999999952 0.02000
2.874009999912232 0.11400000000000077 0.02000
2.0865400000475347 0.09399999999999942 0.02325
2.1239799996837974 0.009999999999999787 0.02318
2.9067400000058115 0.11800000000000033 0.02250
0.9835700001567602 0.04600000000000115 0.02230
6.822889999952167 0.18799999999999883 0.02187
3.1445499998517334 0.16000000000000014 0.02193
4.088550000451505 0.14499999999999957 0.02230
3.992489999625832 0.09700000000000131 0.02271
4.919800000265241 0.15000000000000036 0.02361
20.922629999928176 0.3349999999999991 0.02682
4.9587400001473725 0.30100000000000016 0.03131
5.0977499997243285 -0.03599999999999959 0.03068
1.9966000001877546 0.16699999999999982 0.03381
0.9951200000941753 -0.08099999999999952 0.03222
2.877009999938309 0.02499999999999858 0.03270
2.106079999823123 -0.3219999999999992 0.02751
1.928770000115037 0.23399999999999999 0.03108
2.0223599998280406 0.22799999999999976 0.03561
6.0261800000444055 -0.022999999999999687 0.03510
1.9251800002530217 0.16600000000000037 0.03906
3.028859999962151 0.07199999999999918 0.04098
2.9275599997490644 -0.11100000000000065 0.03807
3.081929999869317 0.11400000000000077 0.04107
2.9145800000987947 0.045999999999999375 0.04237
3.0552799999713898 -0.06799999999999962 0.04046
3.002640000078827 0.07900000000000063 0.04269
20.90874999994412 0.025000000000000355 0.04343
1.0261099999770522 -0.10599999999999987 0.04041
8.968970000278205 0.125 0.04401
69.47240999992937 -0.7690000000000001 0.02767
11.962869999930263 -0.3050000000000015 0.02436
8.985140000004321 -0.03200000000000003 0.02410
3.988179999869317 -0.07599999999999874 0.02353
4.041240000165999 0.07699999999999996 0.02410
0.9849499999545515 -0.04800000000000004 0.02374
2.9647099999710917 0.036999999999999034 0.02402
2.0213899998925626 0.05600000000000094 0.02448
2.959650000091642 0.09499999999999886 0.02537
1.9929900001734495 -0.03200000000000003 0.02506
5.992839999962598 -0.030999999999998806 0.02476
3.9778800001367927 0.017999999999998906 0.02493
2.034929999615997 -0.0909999999999993 0.02414
5.0065000001341105 -0.10699999999999932 0.02336
3.9267600001767278 -0.16500000000000092 0.02247
13.038149999920279 -0.9399999999999995 0.02000
15.958779999986291 -1.1500000000000004 0.02000
0.9989499999210238 -0.019000000000000128 0.02000
1.9802800002507865 -0.04699999999999882 0.02000
2.032109999563545 -0.04200000000000159 0.02000
1.9822800001129508 -0.054999999999999716 0.02000
3.0699499999172986 -0.004999999999999005 0.02000
2.8250800003297627 0.045999999999999375 0.02000
3.1180799999274313 -0.007999999999999119 0.02000
7.005379999987781 0.09799999999999898 0.02000
11.059169999789447 0.14499999999999957 0.02000
1.9113600002601743 0.04499999999999993 0.02000
7.943250000011176 0.245000000000001 0.02000
0.9556499999016523 -0.021000000000000796 0.02000
2.1129499999806285 0.09500000000000064 0.02000
1.0504399999044836 0.05000000000000071 0.02000
7.041050000116229 0.26099999999999923 0.02000
0.9960500001907349 0.013999999999999346 0.02000
17.87789999973029 0.6580000000000013 0.02274
7.041939999908209 0.2759999999999998 0.02187
41.88387000001967 1.0220000000000002 0.02856
1.9678899999707937 0.14100000000000001 0.03079
29.004430000204593 0.41799999999999926 0.03984
3.9893600000068545 -0.0649999999999995 0.03817
112.32533999998122 -0.5679999999999996 0.02754
8.969670000020415 -0.18700000000000117 0.02536
3.989599999971688 -0.07899999999999885 0.02461
2.9933400000445545 -0.18600000000000172 0.02321
8.994339999742806 -0.032999999999999474 0.02301
2.9934100001119077 -0.09600000000000009 0.02253
4.987320000305772 -0.07699999999999996 0.02223
7.9763799998909235 -0.22199999999999953 0.02185
0.9966099997982383 -0.031000000000000583 0.02185
1.0004000002518296 -0.09199999999999875 0.02194
