0.0 0.0 0.02920
1.0327400001697242 -0.10099999999999909 0.02775
9.960990000050515 -0.0070000000000014495 0.02765
3.0454199998639524 0.0470000000000006 0.02830
3.0436499998904765 -0.0389999999999997 0.02776
2.897859999909997 -0.022999999999999687 0.02746
2.0202900003641844 0.02499999999999858 0.02779
2.0594299999065697 0.009000000000000341 0.02791
18.988979999907315 -0.030999999999998806 0.02750
0.9994000000879169 0.13299999999999912 0.02940
5.9244800000451505 -0.03500000000000014 0.02887
4.128869999665767 -0.05799999999999983 0.02804
7.91857000021264 -0.02999999999999936 0.02763
0.9888999997638166 0.11399999999999899 0.02926
0.08793000038713217 -0.11800000000000033 0.02756
1.994440000038594 0.11800000000000033 0.02924
12.886999999638647 -0.051000000000000156 0.02850
22.04285000031814 -0.04499999999999993 0.02786
143.2855799999088 0.004000000000001336 0.02792
0.9111500000581145 0.041999999999999815 0.02852
1.0875899996608496 -0.0730000000000004 0.02751
0.9946100004017353 0.10800000000000054 0.02903
3.029469999950379 -0.036000000000001364 0.02850
3.8718799999915063 -0.06299999999999883 0.02763
1.077749999705702 0.006999999999999673 0.02772
2.9670600001700222 0.006000000000000227 0.02780
2.1160300001502037 0.07699999999999996 0.02890
2.9927799999713898 -0.027000000000001023 0.02850
10.811509999912232 -0.0030000000000001137 0.02846
3.0119400001131 0.04600000000000115 0.02914
2.047039999626577 0.0 0.02914
3.9341300004161894 -0.07900000000000063 0.02799
2.003069999627769 -0.022999999999999687 0.02768
6.989490000065416 0.07900000000000063 0.02879
2.0712700001895428 -0.017000000000001236 0.02854
2.009099999908358 -0.09199999999999875 0.02729
2.0607699998654425 0.04299999999999926 0.02786
2.8837999999523163 0.0009999999999994458 0.02787
2.083080000244081 0.030000000000001137 0.02829
1.144069999922067 0.06599999999999895 0.02924
3.8042600001208484 -0.09699999999999953 0.02786
6.907300000078976 0.0860000000000003 0.02909
0.1530599999241531 -0.019999999999999574 0.02878
2.9862899999134243 0.030999999999998806 0.02926
1.0432699997909367 -0.07899999999999885 0.02809
0.9671500003896654 -0.004000000000001336 0.02804
0.9180399999022484 0.062000000000001165 0.02894
0.03927000006660819 -0.018000000000000682 0.02866
1.0294899996370077 -0.08199999999999896 0.02754
4.974470000248402 0.04299999999999926 0.02812
2.9430999998003244 -0.012000000000000455 0.02795
2.8964100000448525 -0.02200000000000024 0.02765
3.098319999873638 0.10200000000000031 0.02909
0.9740600003860891 -0.18299999999999983 0.02663
0.9976999997161329 0.17099999999999937 0.02893
5.03017000015825 -0.06099999999999994 0.02805
2.956749999895692 -0.06599999999999895 0.02717
12.040550000034273 0.049999999999998934 0.02783
1.9257999998517334 0.031000000000000583 0.02826
1.1704600001685321 -0.019000000000000128 0.02798
2.8840700001455843 0.028999999999999915 0.02840
2.9056599996984005 0.0389999999999997 0.02897
2.9498300002887845 0.02400000000000091 0.02934
5.059989999979734 -0.15700000000000003 0.02713
1.9681799998506904 0.06099999999999994 0.02792
7.022710000164807 0.0519999999999996 0.02868
3.0189600000157952 -0.10200000000000031 0.02728
2.8835199996829033 0.041999999999999815 0.02783
5.0953000001609325 0.08300000000000018 0.02902
9.961329999845475 0.011000000000001009 0.02918
3.9833700000308454 -0.13700000000000045 0.02726
3.0095899999141693 0.14300000000000068 0.02928
18.04283000016585 -0.05200000000000138 0.02849
0.9190000002272427 0.011000000000001009 0.02865
3.002349999733269 -0.08200000000000074 0.02751
2.998440000228584 -0.012000000000000455 0.02735
3.050929999910295 0.15500000000000114 0.02957
18.981889999937266 -0.10100000000000087 0.02808
2.9788500000722706 -0.04499999999999993 0.02747
0.9923199997283518 0.040000000000000924 0.02801
2.0085600004531443 -0.05900000000000105 0.02722
120.37975999992341 0.021000000000000796 0.02751
0.9803199996240437 -0.015000000000000568 0.02731
1.0100300000049174 0.09500000000000064 0.02862
2.987300000153482 -0.016000000000000014 0.02839
5.002369999885559 -0.018000000000000682 0.02813
0.9907200001180172 -0.09399999999999942 0.02690
0.9979400001466274 0.1120000000000001 0.02839
7.001549999695271 0.058999999999999275 0.02926
3.966980000026524 -0.10200000000000031 0.02779
2.9954600003547966 0.016000000000000014 0.02801
0.0808899998664856 -0.08399999999999963 0.02690
0.9997600000351667 0.12100000000000044 0.02852
0.9999799998477101 -0.041999999999999815 0.02792
0.9920300003141165 -0.041999999999999815 0.02737
0.9240799997933209 0.02200000000000024 0.02767
0.08870999980717897 0.2419999999999991 0.03142
0.9072400000877678 -0.2569999999999997 0.02747
0.09354999987408519 0.06400000000000006 0.02833
5.868850000202656 -0.02200000000000024 0.02804
3.055889999959618 0.05000000000000071 0.02875
1.9456799998879433 0.0030000000000001137 0.02879
0.13025000039488077 0.02499999999999858 0.02915
0.967949999962002 -0.08499999999999908 0.02792
0.9764999998733401 -0.06199999999999939 0.02712
1.9622299997135997 0.05799999999999983 0.02788
0.059590000193566084 -0.014000000000001123 0.02768
2.9650799999944866 -0.004999999999999005 0.02763
0.026820000261068344 0.08199999999999896 0.02876
3.8834099997766316 -0.04299999999999926 0.02816
1.9828499997965991 -0.0039999999999995595 0.02810
0.9994000000879169 -0.006000000000000227 0.02802
1.012370000127703 -0.008000000000000895 0.02791
1.1108400002121925 -0.013999999999999346 0.02771
0.9854599996469915 0.10099999999999909 0.02915
0.9495700001716614 -0.06599999999999895 0.02820
1.0967899998649955 0.03399999999999892 0.02868
0.8784099998883903 0.11000000000000121 0.03041
0.09876000043004751 -0.2400000000000002 0.02692
1.8516599996946752 0.019999999999999574 0.02719
2.1159299998544157 0.1379999999999999 0.02911
2.0085500003769994 -0.06099999999999994 0.02822
0.045320000033825636 -0.012000000000000455 0.02804
0.9953599995933473 -0.03500000000000014 0.02756
0.9396800003014505 -0.03399999999999892 0.02713
2.8719600001350045 0.08399999999999963 0.02826
0.12145999958738685 0.012000000000000455 0.02841
4.038500000257045 -0.025000000000000355 0.02806
0.9797600000165403 0.002000000000000668 0.02810
3.8159599998034537 -0.015000000000000568 0.02790
5.075740000233054 -0.12899999999999956 0.02628
0.041859999764710665 0.036999999999999034 0.02670
0.9333700002171099 0.053000000000000824 0.02738
3.982789999805391 0.03999999999999915 0.02791
3.064890000037849 0.07600000000000051 0.02900
3.0094800000078976 -0.07600000000000051 0.02791
0.09140999987721443 -0.05799999999999983 0.02713
1.9124700003303587 0.13400000000000034 0.02900
0.8946099998429418 0.019000000000000128 0.02929
0.17841999977827072 -0.04400000000000048 0.02862
4.920600000303239 -0.07000000000000028 0.02764
1.0213999999687076 0.011000000000001009 0.02780
44.87931999983266 -0.016000000000000014 0.02759
4.116009999997914 0.07099999999999973 0.02856
10.967149999924004 -0.08300000000000018 0.02742
0.8192100003361702 0.12100000000000044 0.02914
0.12507000006735325 0.010999999999999233 0.02929
1.0041099996306002 -0.01699999999999946 0.02903
0.8111499999649823 -0.08300000000000018 0.02786
0.17289000004529953 -0.012000000000000455 0.02768
6.913900000043213 0.08200000000000074 0.02885
3.9509800001978874 -0.09500000000000064 0.02752
2.025940000079572 -0.08000000000000007 0.02652
5.122879999689758 0.0259999999999998 0.02682
0.8624100000597537 0.12700000000000067 0.02853
1.9908400001004338 0.0519999999999996 0.02931
4.128649999853224 -0.0990000000000002 0.02786
1.8160500000230968 0.02800000000000047 0.02824
0.02518999995663762 -0.05799999999999983 0.02747
9.020160000305623 -0.006000000000000227 0.02738
6.088430000003427 0.0259999999999998 0.02772
16.931099999696016 0.08999999999999986 0.02900
142.3234900003299 -0.06599999999999895 0.02806
2.974629999604076 0.045999999999999375 0.02872
2.9928400004282594 -0.01699999999999946 0.02847
2.995739999692887 -0.04100000000000037 0.02790
2.0200100000947714 -0.09699999999999953 0.02665
2.9883900000713766 0.02099999999999902 0.02691
1.9699499998241663 0.031000000000000583 0.02730
1.995589999947697 0.12700000000000067 0.02908
2.037419999949634 -0.06700000000000017 0.02810
1.0571000003255904 0.14499999999999957 0.03030
0.9998900000937283 -0.26500000000000057 0.02655
2.9873999999836087 0.09299999999999997 0.02772
1.0078199999406934 0.12300000000000111 0.02952
2.8800499998033047 -0.13100000000000023 0.02763
0.11084000021219254 -0.004000000000001336 0.02756
1.8924199999310076 0.005000000000000782 0.02764
1.1103699998930097 0.013999999999999346 0.02782
0.8792200000025332 -0.10099999999999909 0.02655
1.9949799999594688 0.10999999999999943 0.02795
2.116059999912977 0.0039999999999995595 0.02801
0.9989800001494586 0.04600000000000115 0.02865
1.912080000154674 -0.13100000000000023 0.02690
0.9616499999538064 0.08799999999999919 0.02805
4.019400000106543 -0.06400000000000006 0.02720
1.0769199999049306 -0.06400000000000006 0.02641
0.9417499997653067 -0.04499999999999993 0.02591
0.05746000027284026 0.04600000000000115 0.02642
0.9954399997368455 0.08499999999999908 0.02747
0.9996199999004602 -0.019999999999999574 0.02722
0.9949900000356138 0.12700000000000067 0.02897
0.8881900003179908 0.0389999999999997 0.02959
1.110259999986738 -0.019000000000000128 0.02928
0.9957599998451769 -0.1460000000000008 0.02724
1.0070400000549853 0.05200000000000138 0.02791
1.0291300001554191 -0.05000000000000071 0.02726
0.9534399998374283 0.013999999999999346 0.02743
0.9656899999827147 -0.0389999999999997 0.02695
1.0961899999529123 0.006999999999999673 0.02702
5.916000000201166 0.028999999999999915 0.02739
5.041959999594837 0.07800000000000118 0.02847
1.9843600001186132 -0.0259999999999998 0.02809
0.9755100002512336 -0.0010000000000012221 0.02809
1.9842300000600517 0.11599999999999966 0.02981
0.9759599999524653 -0.21499999999999986 0.02680
0.007799999788403511 0.049000000000001265 0.02740
2.01971000013873 -0.06900000000000084 0.02655
0.01619999995455146 0.05799999999999983 0.02728
1.914979999884963 0.04100000000000037 0.02782
0.13278000010177493 -0.013999999999999346 0.02761
1.049159999936819 0.0519999999999996 0.02833
0.7910000002011657 -0.09299999999999997 0.02710
0.9791500000283122 0.08300000000000018 0.02820
0.1702499999664724 -0.054999999999999716 0.02744
0.8367899996228516 -0.07000000000000028 0.02658
0.10884000035002828 0.2270000000000003 0.02971
0.9774499996565282 -0.13700000000000045 0.02771
0.9159700004383922 0.06199999999999939 0.02859
0.07123999996110797 -0.06700000000000017 0.02764
1.9347599996253848 0.031000000000000583 0.02808
1.1382000003941357 -0.0129999999999999 0.02788
1.7908899998292327 0.04800000000000004 0.02857
4.103190000168979 -0.032999999999999474 0.02809
1.07077999971807 0.016000000000000014 0.02833
2.0398500002920628 0.03799999999999848 0.02887
0.9498999998904765 -0.129999999999999 0.02710
0.8432700000703335 0.11599999999999966 0.02868
0.11826999997720122 -0.09699999999999953 0.02733
3.02724999981001 0.07099999999999973 0.02830
0.0230600000359118 0.06799999999999962 0.02929
2.050679999869317 -0.0730000000000004 0.02822
1.9165400001220405 0.053000000000000824 0.02900
0.9759800001047552 0.03200000000000003 0.02948
5.995879999827594 -0.14400000000000013 0.02743
0.06089999992400408 0.06799999999999962 0.02834
1.8428400000557303 -0.0019999999999988916 0.02833
0.1289099999703467 -0.11900000000000155 0.02675
2.9643200002610683 0.009000000000000341 0.02687
2.0900599998421967 0.22300000000000075 0.03003
1.8920599999837577 -0.10899999999999999 0.02839
0.939079999923706 -0.05799999999999983 0.02757
1.9056800003163517 -0.009000000000000341 0.02747
4.133189999964088 0.10999999999999943 0.02902
3.9980899998918176 -0.12599999999999945 0.02726
6.909029999747872 0.03599999999999959 0.02772
0.07278000004589558 -0.08399999999999963 0.02667
11.099820000119507 0.15499999999999936 0.02872
0.9389700000174344 -0.02200000000000024 0.02840
2.0299499998800457 -0.22299999999999898 0.02564
0.870520000346005 0.22000000000000064 0.02836
6.11032999958843 -0.03900000000000148 0.02782
0.9959599999710917 0.017000000000001236 0.02805
1.888340000063181 -0.06500000000000128 0.02720
1.0962499999441206 0.06600000000000072 0.02806
0.8895900002680719 -0.07199999999999918 0.02712
1.05420000012964 0.006999999999999673 0.02720
7.042299999855459 -0.004000000000001336 0.02715
9.956160000059754 0.0010000000000012221 0.02716
1.962580000050366 0.16600000000000037 0.02951
1.9261300000362098 -0.22500000000000142 0.02645
1.047309999819845 0.19700000000000095 0.02908
4.049720000009984 -0.05799999999999983 0.02823
1.8779199998825788 -0.04499999999999993 0.02763
1.1421099998988211 0.06299999999999883 0.02849
1.847190000116825 -0.07399999999999984 0.02748
0.023719999939203262 0.062000000000001165 0.02832
0.9864100003615022 0.02099999999999902 0.02862
5.111469999887049 -0.05299999999999905 0.02787
4.9923700001090765 0.13399999999999856 0.02986
9.912329999729991 -0.2129999999999992 0.02685
2.0391700002364814 0.06600000000000072 0.02769
2.004410000052303 -0.12199999999999989 0.02619
6.978399999905378 0.05599999999999916 0.02685
3.984429999720305 0.06900000000000084 0.02774
4.013700000010431 0.0669999999999984 0.02868
123.34280000021681 -0.14599999999999902 0.02674
1.0029299999587238 0.032999999999999474 0.02715
6.965220000129193 0.16999999999999993 0.02956
1.986569999717176 -0.11500000000000021 0.02787
1.0019900002516806 0.2270000000000003 0.03144
0.9970199996605515 -0.14400000000000013 0.02906
0.9943500002846122 -0.057000000000000384 0.02823
0.9936299999244511 -0.017999999999998906 0.02798
3.994409999810159 0.02099999999999902 0.02827
4.982560000382364 0.0070000000000014495 0.02837
1.0024500000290573 -0.0810000000000013 0.02728
0.9945699996314943 0.14700000000000024 0.02935
0.9946300000883639 -0.054999999999999716 0.02853
1.0050900001078844 -0.0730000000000004 0.02752
0.9906699997372925 0.14300000000000068 0.02959
0.997100000269711 -0.1850000000000005 0.02698
1.0035999999381602 0.08000000000000007 0.02804
0.9918999997898936 0.019999999999999574 0.02832
0.9957300000824034 0.006000000000000227 0.02840
1.995080000255257 -0.1039999999999992 0.02701
2.124919999856502 0.19399999999999906 0.02976
0.8738400000147521 -0.20899999999999963 0.02682
0.9918700000271201 0.19299999999999962 0.02951
0.9984699999913573 -0.11899999999999977 0.02778
0.9969199998304248 0.01699999999999946 0.02801
0.9954400002025068 0.08300000000000018 0.02921
0.9994000000879169 -0.10299999999999976 0.02774
6.072230000048876 0.04899999999999949 0.02841
0.9994799997657537 0.014000000000001123 0.02862
1.0332400002516806 -0.030000000000001137 0.02819
0.9846999999135733 0.0 0.02819
0.9994199997745454 0.031000000000000583 0.02862
10.856140000279993 -0.16600000000000037 0.02645
10.055749999824911 0.19700000000000095 0.02909
3.0930300001055 0.0030000000000001137 0.02912
0.9492999999783933 0.030999999999998806 0.02960
1.0215199999511242 -0.12799999999999834 0.02774
0.9952599997632205 0.125 0.02956
0.9313900000415742 -0.09500000000000064 0.02816
0.94941999996081 0.05599999999999916 0.02897
0.9936100002378225 -0.10899999999999999 0.02744
0.9756299997679889 0.05400000000000027 0.02817
0.9991600001230836 -0.015000000000000568 0.02797
1.047250000294298 0.06300000000000061 0.02887
5.957499999552965 -0.0730000000000004 0.02783
1.0784100000746548 0.0940000000000012 0.02918
0.9067900003865361 -0.08300000000000018 0.02798
1.2514599999412894 -0.0030000000000001137 0.02792
1.8422799999825656 -0.0259999999999998 0.02757
2.979619999881834 0.14899999999999913 0.02974
1.9943900001235306 -0.08199999999999896 0.02852
0.01426999969407916 0.07599999999999874 0.02965
1.1215000003576279 -0.13099999999999845 0.02774
0.7904799999669194 -0.06900000000000084 0.02686
2.1344800000078976 0.14199999999999946 0.02878
0.9844199996441603 -0.009000000000000341 0.02865
3.8558200001716614 -0.011999999999998678 0.02847
16.08600000012666 -0.04600000000000115 0.02783
4.976220000069588 -0.04099999999999859 0.02729
1.8819999997504056 -0.028999999999999915 0.02692
16.091109999921173 0.07299999999999862 0.02787
3.9145300001837313 -0.02999999999999936 0.02747
37.103370000142604 -0.0470000000000006 0.02686
2.9967899997718632 0.20500000000000007 0.02974
1.9915700000710785 -0.08999999999999986 0.02839
0.9962800000794232 -0.025000000000000355 0.02804
1.8631199998781085 -0.006000000000000227 0.02795
3.1222899998538196 -0.03999999999999915 0.02742
1.9922100002877414 0.10899999999999999 0.02894
8.976400000043213 -0.03700000000000081 0.02840
0.9881299999542534 -0.009999999999999787 0.02826
4.99151000007987 -0.045999999999999375 0.02763
0.987979999743402 0.03700000000000081 0.02813
1.996820000000298 -0.0600000000000005 0.02733
1.9229899998754263 0.026999999999999247 0.02768
7.0485200001858175 0.1070000000000011 0.02921
10.968929999973625 -0.1070000000000011 0.02768
2.9892600001767278 0.06600000000000072 0.02860
1.9927999996580184 -0.06099999999999994 0.02775
2.997010000050068 -0.051000000000000156 0.02708
