0.0 0.0 0.02679
18.94774999981746 0.13400000000000034 0.02857
48.50661000004038 0.10599999999999987 0.03022
2.9879199997521937 -0.1720000000000006 0.02765
6.993380000349134 -0.0039999999999995595 0.02760
10.995230000000447 0.0009999999999994458 0.02761
2.9998800000175834 -0.05999999999999872 0.02685
3.9647199995815754 0.14899999999999913 0.02887
1.0034800004214048 -0.07399999999999984 0.02782
2.994609999936074 0.0030000000000001137 0.02786
0.995129999704659 -0.07199999999999918 0.02692
8.9886500001885 0.05299999999999905 0.02760
17.9634599997662 0.03700000000000081 0.02810
5.9949300000444055 0.007999999999999119 0.02822
8.97618000023067 0.027000000000001023 0.02860
2.996820000000298 -0.030000000000001137 0.02817
0.9971400001086295 -0.04899999999999949 0.02751
1.9913099999539554 0.038000000000000256 0.02802
2.9982499997131526 0.03599999999999959 0.02853
0.9817200000397861 -0.08900000000000041 0.02731
1.0085900002159178 0.0730000000000004 0.02830
1.997959999833256 -0.057000000000000384 0.02752
8.089370000176132 0.04100000000000037 0.02808
3.9089299999177456 -0.038000000000000256 0.02756
12.03684000018984 -0.009999999999999787 0.02743
0.9900799999013543 0.05400000000000027 0.02816
3.9725099997594953 0.0030000000000001137 0.02820
5.941550000105053 -0.06900000000000084 0.02728
3.130030000116676 0.017000000000001236 0.02750
4.888289999682456 -0.016000000000000014 0.02729
8.95359000004828 -0.0470000000000006 0.02670
7.9894700003787875 0.08399999999999963 0.02778
2.9968699999153614 -0.03399999999999892 0.02733
2.000079999677837 0.030999999999998806 0.02774
2.0195700000040233 0.0039999999999995595 0.02779
2.9826500001363456 0.0030000000000001137 0.02783
2.9886000002734363 0.05400000000000027 0.02859
3.004929999820888 -0.02099999999999902 0.02829
2.9917600001208484 -0.011000000000001009 0.02813
1.9948499999009073 -0.054999999999999716 0.02739
8.069730000104755 0.013999999999999346 0.02757
2.916659999638796 -0.028999999999999915 0.02720
1.1182699999772012 -0.023999999999999133 0.02690
1.0522500001825392 0.06600000000000072 0.02775
3.827620000112802 -0.04300000000000104 0.02719
2.9980699997395277 0.01699999999999946 0.02740
2.9929800000973046 -0.004999999999999005 0.02734
2.9848500001244247 -0.016000000000000014 0.02713
3.006899999920279 0.049999999999998934 0.02779
13.070420000236481 0.006000000000000227 0.02787
3.8968199999071658 -0.028999999999999915 0.02748
0.9975699996575713 0.057000000000000384 0.02826
3.993310000281781 -0.07000000000000028 0.02731
4.978600000031292 0.08500000000000085 0.02847
7.995819999836385 -0.09100000000000108 0.02724
1.0958199999295175 -0.006000000000000227 0.02716
1.9499900001101196 0.07600000000000051 0.02817
3.025090000126511 -0.05400000000000027 0.02744
5.998749999795109 -0.03999999999999915 0.02693
2.9903400000184774 0.0470000000000006 0.02754
1.029660000000149 0.06099999999999994 0.02837
5.882100000046194 -0.11000000000000121 0.02691
4.0662600002251565 0.07200000000000095 0.02784
0.9342299997806549 0.022999999999999687 0.02816
3.0449600000865757 -0.0600000000000005 0.02735
2.9936000001616776 0.008000000000000895 0.02746
2.974289999809116 -0.03900000000000148 0.02696
4.954820000100881 0.11100000000000065 0.02844
7.011969999875873 -0.0909999999999993 0.02721
2.9702699999324977 0.0 0.02721
8.016730000264943 -0.031000000000000583 0.02682
1.9901399998925626 0.16500000000000092 0.02908
3.9886699998751283 -0.11400000000000077 0.02747
5.985710000153631 -0.013999999999999346 0.02729
4.98934999993071 0.0779999999999994 0.02834
63.4964499999769 -0.0470000000000006 0.02769
1.974930000025779 -0.0129999999999999 0.02752
20.959619999863207 -0.032999999999999474 0.02710
3.9882300002500415 0.0909999999999993 0.02832
5.9814899996854365 -0.019999999999999574 0.02804
3.9939500000327826 -0.016000000000000014 0.02782
4.986070000100881 -0.009000000000000341 0.02769
2.9853900000452995 0.04300000000000104 0.02829
3.995409999974072 -0.10200000000000031 0.02693
3.0636800001375377 0.04899999999999949 0.02756
0.9319699998013675 -0.045999999999999375 0.02697
0.9973900001496077 0.06599999999999895 0.02783
4.08633999992162 0.05000000000000071 0.02853
5.978749999776483 -0.05000000000000071 0.02783
6.95577000034973 -0.10999999999999943 0.02644
6.949259999673814 0.0389999999999997 0.02691
16.039220000151545 0.02800000000000047 0.02726
4.022439999971539 0.021000000000000796 0.02754
4.988489999901503 -0.07000000000000028 0.02665
3.9402000000700355 0.07499999999999929 0.02760
3.0000499999150634 -0.0259999999999998 0.02726
3.0503800003789365 0.0259999999999998 0.02760
3.987989999819547 -0.03599999999999959 0.02713
4.889030000194907 -0.016000000000000014 0.02693
7.994929999578744 0.023999999999999133 0.02724
7.12972000008449 0.04400000000000048 0.02782
3.94112000009045 -0.01699999999999946 0.02759
6.044809999875724 0.0129999999999999 0.02776
3.0352300000377 -0.06300000000000061 0.02695
0.7737199999392033 0.07399999999999984 0.02791
1.1814500000327826 0.0129999999999999 0.02809
2.0124200000427663 -0.04299999999999926 0.02751
0.9886799999512732 0.010999999999999233 0.02765
4.016760000027716 -0.03999999999999915 0.02713
1.9664400001056492 0.012000000000000455 0.02729
1.9327000002376735 -0.0010000000000012221 0.02728
1.931849999818951 -0.06700000000000017 0.02645
4.94128999998793 0.13900000000000112 0.02824
2.137779999990016 -0.07900000000000063 0.02719
0.8154799998737872 -0.03500000000000014 0.02675
1.2796200001612306 0.11899999999999977 0.02832
0.8550599999725819 -0.030999999999998806 0.02788
5.12807000009343 0.036999999999999034 0.02840
0.8707099999301136 -0.10999999999999943 0.02693
1.122349999845028 -0.006000000000000227 0.02686
0.8850400000810623 0.054999999999999716 0.02756
2.098439999856055 -0.07399999999999984 0.02663
0.9657800002023578 0.10999999999999943 0.02805
1.8342399997636676 -0.021999999999998465 0.02775
3.1099600000306964 0.0519999999999996 0.02847
1.0789499999955297 0.04899999999999949 0.02920
1.9652599999681115 -0.15600000000000058 0.02703
0.9342700000852346 0.0470000000000006 0.02764
1.9464900000020862 -0.0129999999999999 0.02747
0.9168400000780821 -0.0259999999999998 0.02713
3.213020000141114 0.09699999999999953 0.02844
0.9547099997289479 -0.012000000000000455 0.02827
1.9869300001300871 -0.03500000000000014 0.02779
0.8752100002020597 -0.03200000000000003 0.02737
3.9980699997395277 -0.014999999999998792 0.02717
3.13711000001058 -0.009999999999999787 0.02705
0.8994700000621378 -0.009000000000000341 0.02693
2.108070000074804 0.18599999999999994 0.02954
0.8381599998101592 -0.06799999999999962 0.02852
2.151480000000447 -0.0990000000000002 0.02717
1.9530200003646314 0.025000000000000355 0.02750
1.0418499996885657 0.11299999999999955 0.02909
0.9991899998858571 -0.07500000000000107 0.02801
0.9951900001615286 -0.07499999999999929 0.02702
0.9506999999284744 0.05000000000000071 0.02767
10.019940000027418 0.036999999999999034 0.02817
7.975709999911487 0.06400000000000006 0.02911
3.9890900002792478 -0.17499999999999893 0.02673
0.9558899998664856 0.0909999999999993 0.02790
6.00307000009343 -0.040000000000000924 0.02737
7.992079999763519 0.049000000000001265 0.02802
105.36397000029683 -0.06700000000000017 0.02713
0.9962299996986985 0.025000000000000355 0.02746
12.98507000040263 0.06299999999999883 0.02832
1.9969599996693432 -0.09699999999999953 0.02702
1.9969299999065697 0.03500000000000014 0.02747
1.9927199999801815 0.0779999999999994 0.02854
5.98054000036791 0.05600000000000094 0.02938
1.0040599997155368 -0.14000000000000057 0.02739
0.9929500003345311 0.034000000000000696 0.02784
3.0307399998418987 0.02999999999999936 0.02826
8.936029999982566 -0.06400000000000006 0.02739
3.981829999946058 0.10299999999999976 0.02882
3.0053300000727177 -0.038000000000000256 0.02827
22.964099999982864 0.017000000000001236 0.02852
2.959759999997914 -0.02200000000000024 0.02820
3.9942000000737607 -0.0519999999999996 0.02750
3.999749999959022 0.010999999999999233 0.02764
13.06554999994114 0.006999999999999673 0.02774
2.8866099999286234 0.05799999999999983 0.02854
2.9978300002403557 -0.06199999999999939 0.02768
6.01242999965325 -0.021000000000000796 0.02740
2.958790000062436 0.04600000000000115 0.02802
1.0737399999052286 0.009000000000000341 0.02815
3.0355500001460314 0.0019999999999988916 0.02817
5.982290000189096 0.051000000000000156 0.02891
4.999739999882877 -0.03200000000000003 0.02844
6.876070000231266 -0.04100000000000037 0.02787
3.964129999745637 -0.010999999999999233 0.02772
3.998780000023544 0.006000000000000227 0.02780
8.196949999779463 -0.03300000000000125 0.02737
3.0251200003549457 0.026000000000001577 0.02771
1.8936699996702373 0.06400000000000006 0.02860
3.0325300004333258 -0.04800000000000004 0.02792
1.855569999665022 -0.0070000000000014495 0.02783
9.95433000009507 0.05900000000000105 0.02866
2.115199999883771 -0.062000000000001165 0.02779
1.9873299999162555 0.03200000000000003 0.02823
2.1075800000689924 -0.08699999999999974 0.02707
1.928420000243932 0.10500000000000043 0.02849
1.923539999872446 -0.021000000000000796 0.02819
3.1012300001457334 -0.0019999999999988916 0.02816
2.0332200000993907 -0.053000000000000824 0.02744
2.8976499997079372 0.07399999999999984 0.02846
3.1118900002911687 -0.07399999999999984 0.02744
3.9767399998381734 0.06300000000000061 0.02830
4.011440000031143 -0.04899999999999949 0.02763
2.9509299998171628 0.016000000000000014 0.02784
1.0169200003147125 0.0039999999999995595 0.02790
4.903529999777675 -0.016000000000000014 0.02768
1.9353399998508394 0.0009999999999994458 0.02769
3.1540900003165007 0.0259999999999998 0.02805
0.9991799998097122 0.031000000000000583 0.02849
0.9952600002288818 0.006000000000000227 0.02857
0.9777599996887147 -0.06799999999999962 0.02763
4.999569999985397 0.0389999999999997 0.02816
7.9853900000452995 0.006000000000000227 0.02824
1.9991800002753735 -0.05000000000000071 0.02756
3.983239999972284 0.0600000000000005 0.02839
0.8881799997761846 -0.10200000000000031 0.02702
3.0963500002399087 0.08900000000000041 0.02820
0.9483799999579787 -0.04400000000000048 0.02760
3.0439999997615814 0.032999999999999474 0.02805
0.9756800001487136 -0.04800000000000004 0.02740
2.9533500000834465 -0.036999999999999034 0.02693
1.0584700000472367 0.12299999999999933 0.02859
1.990179999731481 -0.03399999999999892 0.02810
2.938740000128746 -0.06600000000000072 0.02722
4.04355000006035 0.0259999999999998 0.02756
1.9948100000619888 0.08699999999999974 0.02878
1.9862499996088445 -0.06700000000000017 0.02783
2.9979300000704825 -0.010999999999999233 0.02768
1.9943600003607571 -0.053000000000000824 0.02700
1.9912199997343123 0.04200000000000159 0.02754
1.9944899999536574 -0.019000000000000128 0.02729
5.983289999887347 -0.0010000000000012221 0.02728
3.992690000217408 0.09200000000000053 0.02853
2.971750000026077 -0.018000000000000682 0.02827
4.000860000029206 -0.07699999999999996 0.02724
7.976590000092983 0.0990000000000002 0.02859
7.978039999958128 -0.0860000000000003 0.02740
62.493090000003576 -0.041999999999999815 0.02687
0.9926899997517467 0.08000000000000007 0.02791
3.993930000346154 0.014000000000001123 0.02810
2.985439999960363 -0.016000000000000014 0.02788
9.011309999972582 0.06799999999999962 0.02885
2.97616000007838 -0.04300000000000104 0.02823
1.9902299996465445 -0.054999999999999716 0.02748
5.9876100001856685 -0.0039999999999995595 0.02743
18.951340000145137 0.15799999999999947 0.02971
2.0148599999956787 -0.09499999999999886 0.02829
5.958559999708086 -0.005000000000000782 0.02822
3.050929999910295 0.0649999999999995 0.02917
1.9347300003282726 -0.12299999999999933 0.02743
2.0128500000573695 0.05599999999999916 0.02819
1.9944399995729327 0.038000000000000256 0.02873
1.995690000243485 -0.10999999999999943 0.02722
3.972190000116825 0.0779999999999994 0.02827
5.982889999635518 0.008000000000000895 0.02839
3.991900000255555 0.019000000000000128 0.02866
2.0002899998798966 -0.030000000000001137 0.02823
5.054800000041723 0.004000000000001336 0.02829
5.909370000008494 -0.057000000000000384 0.02751
0.9967499999329448 0.08099999999999952 0.02863
0.9968400001525879 -0.0730000000000004 0.02761
0.9968900000676513 -0.026999999999999247 0.02726
3.9907700000330806 0.07099999999999973 0.02822
3.9880299996584654 -0.06599999999999895 0.02733
11.13061000034213 0.08299999999999841 0.02846
0.9912799997255206 -0.09199999999999875 0.02721
0.9469400001689792 0.0389999999999997 0.02772
1.020299999974668 0.025000000000000355 0.02806
0.8715800000354648 -0.034000000000000696 0.02760
1.0006499998271465 -0.01699999999999946 0.02738
2.0354500003159046 0.025000000000000355 0.02771
1.016229999717325 0.026999999999999247 0.02808
3.9135199999436736 0.013999999999999346 0.02827
3.992140000220388 -0.04800000000000004 0.02761
1.0513300001621246 0.07200000000000095 0.02862
1.050039999652654 -0.014000000000001123 0.02841
1.8896000003442168 0.0010000000000012221 0.02843
4.029589999932796 -0.13100000000000023 0.02670
3.1544299996457994 0.05299999999999905 0.02737
1.8098900001496077 0.08700000000000152 0.02856
8.274759999942034 -0.0940000000000012 0.02728
3.8794599999673665 0.0730000000000004 0.02826
9.007130000274628 -0.041999999999999815 0.02768
2.0547899999655783 0.05299999999999905 0.02841
45.91663999995217 -0.04099999999999859 0.02784
6.802319999784231 -0.03200000000000003 0.02742
2.0990900001488626 0.0519999999999996 0.02812
0.9683300000615418 0.006000000000000227 0.02820
1.071860000025481 0.023999999999999133 0.02854
1.9367700000293553 -0.023999999999999133 0.02820
1.0346299996599555 -0.07699999999999996 0.02717
0.9521200000308454 0.15499999999999936 0.02935
2.037460000254214 -0.0519999999999996 0.02857
7.96965999994427 -0.13700000000000045 0.02675
2.0248599997721612 0.11899999999999977 0.02832
3.9850600003264844 -0.07899999999999885 0.02725
2.0199099997989833 -0.015000000000000568 0.02706
4.982199999969453 0.06600000000000072 0.02792
3.906280000228435 0.04899999999999949 0.02862
1.0995600000023842 0.007999999999999119 0.02873
29.857270000036806 -0.04299999999999926 0.02812
97.47218000004068 -0.0039999999999995595 0.02806
3.96908999979496 -0.036000000000001364 0.02757
18.951419999822974 0.1070000000000011 0.02909
1.9967400003224611 -0.07000000000000028 0.02808
6.975670000072569 0.045999999999999375 0.02873
1.0004699998535216 -0.03500000000000014 0.02823
8.044900000095367 -0.04299999999999926 0.02764
6.912899999879301 -0.012000000000000455 0.02748
1.0072599998675287 0.04600000000000115 0.02810
