0.0 0.0 0.06988
0.9989000000059605 -0.21799999999999997 0.05961
1.001410000026226 0.3869999999999987 0.07892
7.9636800000444055 -0.20699999999999896 0.07240
0.0353900003246963 -0.03999999999999915 0.06602
1.981439999770373 0.16300000000000026 0.07908
3.983580000232905 -0.20000000000000107 0.06847
0.022809999994933605 0.23300000000000054 0.07609
3.9969299999065697 0.03999999999999915 0.07830
0.019139999989420176 -0.3569999999999993 0.06441
17.96580999996513 0.1349999999999998 0.06670
0.9801599998027086 -0.11100000000000065 0.06554
6.005679999943823 0.39500000000000135 0.08182
51.466729999985546 -0.5230000000000015 0.05970
14.981870000250638 0.12900000000000134 0.06559
6.975959999952465 -0.016000000000000014 0.06483
4.990770000033081 0.11599999999999966 0.07054
0.02753000007942319 0.24099999999999966 0.07880
3.9684600001201034 -0.026999999999999247 0.08223
0.9974999995902181 -0.3130000000000006 0.06564
3.0077600004151464 0.058999999999999275 0.06431
1.9855700000189245 -0.17499999999999893 0.06031
0.023149999789893627 0.29800000000000004 0.07033
2.9987099999561906 -0.24600000000000044 0.06264
1.007319999858737 0.12100000000000044 0.06842
1.9547700001858175 0.007999999999999119 0.06882
0.026500000152736902 -0.0649999999999995 0.06160
0.9999299999326468 0.15000000000000036 0.06872
1.9680999997071922 0.057000000000000384 0.07625
0.019809999968856573 -0.13100000000000023 0.06511
0.9769100002013147 0.21799999999999997 0.07625
0.012449999805539846 -0.3280000000000012 0.06403
0.9962900001555681 0.40199999999999925 0.08039
0.028909999877214432 0.2930000000000028 0.10413
2.963620000053197 -0.684000000000001 0.06058
1.9889899999834597 0.24600000000000044 0.07713
6.007720000110567 0.005999999999998451 0.07277
0.9649300002492964 -0.11299999999999955 0.07141
9.008719999808818 -0.036999999999999034 0.06526
4.978720000013709 0.33999999999999986 0.08855
1.9978499999269843 -0.3160000000000007 0.06641
1.977330000139773 0.05000000000000071 0.07335
2.0160900000482798 -0.19100000000000072 0.05992
0.9713899996131659 -0.20500000000000007 0.05499
2.0163000002503395 0.3650000000000002 0.07172
0.005330000072717667 -0.03500000000000014 0.06564
2.005729999858886 0.24200000000000088 0.07819
0.9660499999299645 -0.04400000000000048 0.08062
2.0454899999313056 -0.02400000000000091 0.07447
0.9502900000661612 -0.05699999999999861 0.07609
1.0238300003111362 -0.1280000000000001 0.06511
1.9969399999827147 0.19899999999999984 0.08005
1.0228299996815622 -0.2789999999999999 0.06142
4.961660000029951 -0.08500000000000085 0.06151
0.008320000022649765 0.0810000000000013 0.06124
2.9808900002390146 -0.06600000000000072 0.06219
1.0143299996852875 0.03500000000000014 0.05987
0.9900400000624359 0.5890000000000004 0.09681
2.9758600001223385 -0.3890000000000011 0.07377
3.0449899998493493 -0.032999999999999474 0.06763
0.9513199999928474 -0.05799999999999983 0.06907
0.042640000116080046 0.2839999999999989 0.07959
2.9818500000983477 0.013999999999999346 0.08039
1.014459999743849 -0.29799999999999827 0.06483
0.974140000063926 -0.05400000000000027 0.06641
0.02805999992415309 -0.10599999999999987 0.05769
1.963010000064969 0.2699999999999996 0.07479
0.008369999937713146 0.19399999999999906 0.08073
1.9877700000070035 -0.43099999999999916 0.06297
0.020010000094771385 0.0600000000000005 0.06174
1.9960699998773634 0.24099999999999966 0.07356
0.9918600004166365 -0.32099999999999973 0.06205
1.005729999858886 0.19599999999999973 0.06719
0.9904100000858307 0.16999999999999993 0.08085
2.0070799998939037 -0.29800000000000004 0.06120
0.971479999832809 -0.04499999999999993 0.06310
1.0257500000298023 0.20700000000000074 0.06887
0.9889600002206862 -0.1509999999999998 0.06573
1.008559999987483 0.03599999999999959 0.06333
1.9907499998807907 0.08699999999999974 0.07188
0.00838000001385808 -0.10800000000000054 0.06237
4.011640000157058 0.034000000000000696 0.06394
4.974409999791533 -0.0649999999999995 0.06497
1.0183000001125038 0.10299999999999976 0.06573
1.0590999997220933 0.24799999999999933 0.08363
0.961890000384301 -0.05799999999999983 0.07544
2.9637599997222424 -0.3550000000000004 0.06210
0.05055999988690019 0.41300000000000026 0.07863
1.930180000141263 0.10300000000000153 0.08985
0.019429999869316816 -0.22300000000000075 0.07214
1.9945700000971556 -0.29800000000000004 0.06187
0.9916300000622869 0.22199999999999953 0.06827
1.9872200000099838 -0.2110000000000003 0.06237
0.008359999861568213 0.05799999999999983 0.06107
2.009620000142604 0.3049999999999997 0.08108
0.00866999989375472 -0.03399999999999892 0.07436
2.9635700001381338 -0.19599999999999973 0.06872
0.026260000187903643 0.20500000000000007 0.07484
2.9747799998149276 -0.3689999999999998 0.06098
0.012449999805539846 0.2889999999999997 0.07064
8.989640000276268 0.05799999999999983 0.07367
1.026989999692887 0.08900000000000041 0.08352
2.097470000386238 0.0 0.08352
0.8734199996106327 -0.495000000000001 0.05483
1.9666900001466274 0.1899999999999995 0.06709
0.032180000096559525 0.22500000000000142 0.07415
1.9964999998919666 -0.24200000000000088 0.06219
0.9790400001220405 -0.08000000000000007 0.06251
1.9989499999210238 0.1460000000000008 0.06526
3.9922000002115965 -0.09700000000000131 0.06080
1.006869999691844 0.03900000000000148 0.06665
0.9904200001619756 0.29499999999999815 0.07746
0.9742200002074242 0.019999999999999574 0.08357
4.019570000004023 -0.24099999999999788 0.06602
1.9701699996367097 -0.1280000000000001 0.06408
2.081579999998212 0.29299999999999926 0.07920
3.041230000089854 0.012000000000000455 0.07988
0.9553399998694658 0.22699999999999854 0.09354
0.07624000031501055 -0.38599999999999923 0.06689
1.9243699996732175 -0.17199999999999882 0.05901
0.9972200002521276 0.2370000000000001 0.07468
0.037609999999403954 0.06199999999999939 0.07335
2.9934799997135997 0.17700000000000138 0.08843
3.9736900003626943 0.02699999999999747 0.09009
7.9383299998007715 -0.363999999999999 0.06957
0.1161700002849102 0.01699999999999946 0.06612
3.8808599999174476 0.09200000000000053 0.07527
2.0151899997144938 -0.1850000000000005 0.06583
0.9933400000445545 -0.07399999999999984 0.06237
1.032310000155121 -0.0909999999999993 0.05837
3.048709999769926 0.21899999999999942 0.06426
0.9419100000523031 -0.23600000000000065 0.05765
2.0413500000722706 0.12400000000000055 0.05922
0.8755999999120831 -0.05799999999999983 0.06049
2.9959100000560284 0.04400000000000048 0.05862
1.9998500002548099 0.16900000000000048 0.07064
4.002529999706894 -0.11100000000000065 0.06516
2.0974400001578033 -0.09800000000000075 0.05694
0.9149599997326732 0.0860000000000003 0.06459
2.977610000409186 0.4369999999999994 0.08831
0.05964999971911311 -0.42799999999999905 0.06102
7.0122299999929965 0.09800000000000075 0.06554
0.9410999999381602 -0.28500000000000014 0.05673
2.9094899999909103 0.3669999999999991 0.07409
1.111950000282377 0.24100000000000144 0.08270
3.894409999717027 -0.3100000000000005 0.07049
0.11930999998003244 0.24799999999999933 0.07914
2.905819999985397 -0.3990000000000009 0.06315
0.0850300001911819 0.23000000000000043 0.07008
1.926390000153333 0.2010000000000005 0.08096
0.9672799999825656 -0.0860000000000003 0.08102
1.0356999998912215 -0.38899999999999935 0.05740
3.968549999874085 0.12399999999999878 0.06694
0.04122000001370907 0.02200000000000024 0.06384
2.967190000228584 0.03500000000000014 0.06549
0.011109999846667051 -0.1609999999999996 0.06205
3.009450000245124 -0.14899999999999913 0.05567
1.9876999999396503 0.4029999999999987 0.07008
1.9652199996635318 -0.01699999999999946 0.07372
3.992690000217408 -0.13000000000000078 0.06709
0.02075000014156103 -0.07899999999999885 0.05944
2.9820399996824563 0.038000000000000256 0.06511
1.0614800001494586 0.3019999999999996 0.07609
3.9791999999433756 0.027000000000001023 0.07758
2.979879999998957 -0.23300000000000054 0.06554
5.99692999990657 -0.14200000000000124 0.05909
4.970040000043809 -0.030999999999998806 0.05777
0.9973699999973178 0.21199999999999974 0.06743
2.0060499999672174 -0.359 0.05194
49.474330000113696 0.14400000000000013 0.06142
8.9926300002262 0.10899999999999999 0.06650
3.9717099997214973 0.08999999999999986 0.07100
9.00582000007853 -0.16699999999999982 0.06287
6.977909999899566 0.054999999999999716 0.06545
3.0316300000995398 0.049999999999998934 0.06370
0.9939199998043478 -0.02099999999999902 0.06274
0.9957700003869832 0.0019999999999988916 0.06283
2.985439999960363 0.05000000000000071 0.06942
0.9848899999633431 0.359 0.08960
3.024089999962598 -0.15300000000000047 0.07565
1.9959999998100102 -0.2159999999999993 0.06892
20.985319999977946 -0.23499999999999943 0.05807
0.96426000026986 0.12399999999999878 0.06357
0.013259999919682741 0.06300000000000061 0.06246
12.974649999756366 -0.06300000000000061 0.05966
3.982710000127554 0.23000000000000043 0.07054
1.0289500001817942 -0.17999999999999972 0.06593
2.9895199998281896 -0.17300000000000004 0.05455
5.98841999983415 0.07000000000000028 0.05740
0.8997100000269711 0.19399999999999906 0.07044
7.103640000335872 -0.13199999999999967 0.06398
0.9847499998286366 0.2970000000000006 0.07452
5.988189999945462 -0.34699999999999953 0.05790
0.9903100002557039 -0.05600000000000094 0.05559
0.034349999856203794 0.4350000000000005 0.08113
1.8982500000856817 -0.1750000000000007 0.07157
0.05303000006824732 0.23700000000000188 0.07971
6.003439999651164 -0.036000000000001364 0.08264
0.021870000287890434 0.1509999999999998 0.08643
2.967590000014752 -0.6099999999999994 0.05567
0.02398000005632639 0.4109999999999996 0.07988
1.9173499997705221 -0.12700000000000067 0.07293
1.0422499999403954 -0.20099999999999874 0.05914
0.8826399999670684 0.10599999999999987 0.06807
1.102309999987483 0.1689999999999987 0.07224
0.09896000009030104 -0.270999999999999 0.06320
0.9916900000534952 0.18200000000000038 0.07214
4.001829999964684 0.25599999999999845 0.08142
0.9217599998228252 -0.24299999999999855 0.07282
3.059620000422001 0.259999999999998 0.08240
0.03162999963387847 -0.38399999999999856 0.06655
0.9766400000080466 -0.06700000000000017 0.06338
1.9544800003059208 -0.06600000000000072 0.05669
4.9447800000198185 0.0470000000000006 0.05866
0.05568999983370304 0.29800000000000004 0.07758
0.9998400001786649 -0.2629999999999999 0.06018
1.02760999975726 0.5 0.09159
0.9385999999940395 -0.29100000000000037 0.07463
3.9995900001376867 -0.1689999999999987 0.06196
0.025930000003427267 0.1919999999999984 0.07587
0.8210800001397729 -0.04099999999999859 0.07367
1.0888099996373057 0.2919999999999998 0.08523
0.07557000033557415 -0.6010000000000009 0.05884
0.8934799996204674 0.5260000000000016 0.08595
0.16616000002250075 -0.4150000000000009 0.05987
0.8380900002084672 -0.03200000000000003 0.05849
0.16991000017151237 0.006000000000000227 0.06260
0.9782999996095896 0.15499999999999936 0.07008
0.8588900002650917 0.16500000000000092 0.07415
0.12009999994188547 -0.0470000000000006 0.07631
0.8284200001507998 0.08300000000000018 0.08096
6.165349999908358 -0.08200000000000074 0.07636
0.9993300000205636 0.10200000000000031 0.08211
1.8163299998268485 -0.379999999999999 0.06242
0.1711800000630319 -0.20300000000000118 0.05057
0.9319799998775125 0.36100000000000065 0.06573
0.9116500001400709 -0.07399999999999984 0.06636
1.0427799997851253 0.10299999999999976 0.06714
1.1231900001876056 0.2569999999999997 0.08589
0.8770499997772276 -0.27800000000000047 0.07044
0.12817000038921833 -0.0779999999999994 0.06246
2.0129999998025596 0.03500000000000014 0.06408
0.041449999902397394 -0.01699999999999946 0.06743
0.7707000002264977 0.0779999999999994 0.07136
1.1788699999451637 -0.17999999999999972 0.05875
0.9535300000570714 -0.014000000000001123 0.06196
1.0254699997603893 0.25400000000000134 0.06998
2.036490000318736 -0.3879999999999999 0.05277
3.997329999692738 0.36499999999999844 0.06882
1.002989999949932 -0.02099999999999902 0.07219
0.8577600000426173 -0.26200000000000045 0.05599
0.1416899999603629 0.08000000000000007 0.06324
1.833090000320226 0.16800000000000104 0.06709
0.16128999972715974 0.29100000000000037 0.08788
2.99532000022009 -0.1930000000000014 0.07669
0.0482999999076128 -0.19399999999999906 0.06255
1.9385699997656047 -0.08700000000000152 0.06255
0.9195600003004074 0.2810000000000006 0.07669
1.0708300000987947 -0.14899999999999913 0.06887
0.9771399996243417 0.4659999999999993 0.09565
0.07971000019460917 -0.6460000000000008 0.05669
0.9119199998676777 0.36100000000000065 0.07372
0.03344999998807907 -0.3330000000000002 0.06165
2.9018700001761317 0.06400000000000006 0.06459
0.008220000192523003 0.0389999999999997 0.06237
2.0189899997785687 0.17100000000000115 0.07064
0.04159000003710389 -0.16699999999999982 0.06665
2.7849400001578033 0.4109999999999978 0.08935
0.9956000000238419 -0.4189999999999987 0.06219
1.2169999997131526 0.1509999999999998 0.07393
0.05391000024974346 -0.0649999999999995 0.06621
7.903669999912381 0.09999999999999964 0.07582
0.05355999991297722 -0.09799999999999898 0.06631
0.8064399999566376 -0.1070000000000011 0.06535
3.993050000164658 -0.09699999999999953 0.05715
0.14845999982208014 0.08900000000000041 0.06497
3.984879999887198 0.1639999999999997 0.07319
1.9013600000180304 -0.19400000000000084 0.06357
3.1524900002405047 -0.07299999999999862 0.05657
0.9451199998147786 0.05599999999999916 0.06278
3.9027900001965463 0.21700000000000053 0.07351
0.13626000005751848 -0.049000000000001265 0.06660
40.888859999831766 0.20300000000000118 0.07713
3.976869999896735 -0.05600000000000094 0.07409
6.003460000269115 -0.3569999999999993 0.05715
23.913040000014007 0.07000000000000028 0.06014
74.41904000006616 0.019999999999999574 0.06502
2.9928599996492267 -0.05400000000000027 0.06251
15.005050000268966 0.2870000000000008 0.07230
6.975469999946654 -0.22600000000000087 0.06535
0.02283999975770712 0.18299999999999983 0.07008
0.9991000001318753 -0.3490000000000002 0.05435
0.9939999999478459 0.16900000000000048 0.06147
0.9826400000602007 -0.1039999999999992 0.05698
3.982720000203699 0.027999999999998693 0.06196
0.007289999630302191 0.07399999999999984 0.06138
7.938980000093579 -0.1509999999999998 0.05858
9.02817999990657 0.12700000000000067 0.06031
3.012200000230223 -0.0030000000000001137 0.06412
0.9779799999669194 0.13599999999999923 0.06646
1.9405399998649955 -0.15399999999999991 0.06329
1.0496499999426305 0.05500000000000149 0.06183
1.0051000001840293 -0.004000000000001336 0.06569
3.9980199998244643 0.004000000000001336 0.06183
0.9296400002203882 -0.11400000000000077 0.06062
2.054380000103265 0.09800000000000075 0.06111
0.947989999782294 -0.038000000000000256 0.06333
2.076009999960661 -0.07699999999999996 0.05620
0.9139000000432134 0.21499999999999986 0.07003
4.040349999908358 -0.19700000000000095 0.05694
2.98359000030905 0.04499999999999993 0.05884
1.0471499999985099 0.2629999999999999 0.07587
3.011469999793917 0.1700000000000017 0.08050
0.9751499998383224 -0.1330000000000009 0.07791
1.955430000089109 -0.21700000000000053 0.06251
0.9437200003303587 0.0259999999999998 0.06787
2.124089999590069 -0.10199999999999854 0.06301
0.9166500000283122 0.2599999999999998 0.07146
0.9602100001648068 -0.1850000000000005 0.06655
0.033359999768435955 0.019000000000000128 0.06333
0.9730300004594028 -0.015000000000000568 0.06675
1.0992399998940527 0.04600000000000115 0.06478
3.8583700000308454 0.18900000000000006 0.07908
0.05298999976366758 -0.19000000000000128 0.06474
2.9900000002235174 0.0860000000000003 0.06892
2.130089999642223 -0.20800000000000018 0.05922
2.8550200001336634 0.05000000000000071 0.06545
3.106380000244826 0.28800000000000026 0.07571
0.049949999898672104 -0.402000000000001 0.06022
1.8757199998944998 0.2190000000000012 0.07064
1.0756999999284744 0.18799999999999883 0.07598
1.9292299998924136 -0.1559999999999988 0.06787
0.06549000041559339 -0.26700000000000124 0.05953
1.9614199995994568 0.1769999999999996 0.06773
0.9285400002263486 -0.125 0.05803
0.04968999978154898 0.4250000000000007 0.08399
1.0198600003495812 -0.3379999999999992 0.06588
1.9509399998933077 -0.06900000000000084 0.05879
1.0263800001703203 0.2789999999999999 0.07669
1.0418399996124208 -0.14000000000000057 0.06507
1.888509999960661 -0.16299999999999848 0.06156
0.9958000001497567 0.041999999999999815 0.05957
2.0254100002348423 -0.022999999999999687 0.06242
1.079189999960363 -0.06400000000000006 0.05591
2.8604599996469915 0.18399999999999928 0.06394
0.1437800000421703 0.15000000000000036 0.07593
0.8134900000877678 -0.09800000000000075 0.07074
0.2100300001911819 -0.25399999999999956 0.05519
0.8250099997967482 0.2240000000000002 0.06497
1.0877200001850724 -0.10800000000000054 0.06398
1.029989999718964 -0.16199999999999903 0.05338
0.9819300002418458 0.44099999999999895 0.07830
1.0099300001747906 -0.13599999999999923 0.07100
0.9996599997393787 0.43400000000000105 0.09078
1.0652499999850988 -0.5700000000000021 0.06431
1.8560000001452863 -0.0039999999999995595 0.06412
1.0820700000040233 0.16300000000000026 0.06778
0.8977899998426437 -0.11700000000000088 0.06631
0.01568000018596649 0.17100000000000115 0.07049
3.1608599997125566 -0.04100000000000037 0.07287
0.01564999995753169 0.10699999999999932 0.07393
1.8129700003191829 -0.13199999999999967 0.07157
0.9969199998304248 -0.049999999999998934 0.06478
1.0440000002272427 0.17999999999999972 0.07858
0.9248299999162555 -0.3360000000000003 0.05782
1.0197799997404218 -0.08399999999999963 0.05439
0.07855000020936131 0.270999999999999 0.07059
1.9082999997772276 -0.14100000000000001 0.05979
1.0151200001128018 0.11500000000000021 0.06927
1.0342800002545118 -0.3100000000000005 0.05190
1.9204699997790158 0.21000000000000085 0.06441
2.213450000155717 0.2129999999999992 0.07059
0.03732000011950731 -0.0389999999999997 0.07308
1.9334399998188019 -0.010999999999999233 0.07251
0.8528800001367927 -0.1349999999999998 0.06169
2.1827599997632205 -0.018000000000000682 0.06488
1.8601100002415478 0.266 0.07388
0.06729999976232648 -0.39899999999999913 0.05888
1.9569000001065433 0.017999999999998906 0.05966
0.012089999858289957 0.17999999999999972 0.06384
0.8635700000450015 0.27800000000000225 0.07808
1.1485999999567866 -0.35300000000000153 0.06441
0.13327000010758638 -0.027000000000001023 0.05927
0.7576600001193583 0.3600000000000012 0.08188
0.1542899999767542 -0.07699999999999996 0.07282
0.9575899997726083 -0.261000000000001 0.06022
0.9657100001350045 0.3360000000000003 0.07686
1.112019999884069 -0.06599999999999895 0.07802
0.8821600000374019 -0.3460000000000001 0.06071
1.11653000023216 0.13899999999999935 0.06306
0.9059999999590218 -0.16799999999999926 0.05944
1.0508300000801682 0.22199999999999953 0.06559
4.9164399998262525 0.0030000000000001137 0.07003
0.08368000015616417 -0.05799999999999983 0.06301
3.8197499997913837 -0.022999999999999687 0.06602
0.04418000020086765 -0.10899999999999999 0.05723
1.0863799997605383 0.03599999999999959 0.05875
3.04662000015378 0.04699999999999882 0.06478
1.8802199997007847 -0.06299999999999883 0.05807
1.1094200001098216 -0.002000000000000668 0.06178
1.7844500001519918 0.07000000000000028 0.06102
0.12307999981567264 -0.21899999999999942 0.05543
2.0339600001461804 0.2370000000000001 0.06183
0.053309999871999025 -0.22000000000000064 0.05612
0.9990099999122322 0.6230000000000011 0.08788
0.9836300001479685 -0.43900000000000183 0.06022
0.011270000133663416 0.0600000000000005 0.06704
0.9916900000534952 0.0470000000000006 0.06937
0.9950799997895956 -0.08800000000000097 0.06507
0.9911099998280406 0.22300000000000075 0.07647
0.062080000061541796 -0.32099999999999973 0.05686
1.948110000230372 -0.0010000000000012221 0.06053
0.049860000144690275 0.5150000000000006 0.08246
1.9325599996373057 -0.18200000000000038 0.07708
2.9424700001254678 -0.2619999999999987 0.05983
0.00773000018671155 -0.06800000000000139 0.06067
0.0023300000466406345 0.09600000000000009 0.06507
2.8579799998551607 -0.019999999999999574 0.06412
2.1708700000308454 0.038000000000000256 0.06593
1.9983699996955693 0.08799999999999919 0.07028
0.040490000043064356 0.11500000000000021 0.07172
2.9020600002259016 -0.20399999999999885 0.06588
3.960190000012517 0.08799999999999919 0.07023
0.05457999976351857 -0.23099999999999987 0.05571
1.9794000000692904 0.479000000000001 0.08387
6.026409999933094 0.05099999999999838 0.08691
8.958870000205934 -0.29299999999999926 0.07054
2.9901299998164177 0.25400000000000134 0.08458
4.958719999995083 -0.44700000000000095 0.05752
3.0298700002022088 0.15399999999999991 0.06857
4.897529999725521 0.29499999999999993 0.08470
2.138810000382364 -0.35299999999999976 0.06169
3.9827600000426173 -0.09600000000000009 0.05752
0.9471699995920062 0.04899999999999949 0.06352
2.052970000077039 -0.0649999999999995 0.05686
3.003719999920577 -0.002000000000000668 0.05677
1.881470000371337 0.33000000000000007 0.07686
1.08960000006482 0.07099999999999973 0.07598
0.9996399995870888 -0.16600000000000037 0.06738
0.9450799999758601 0.028999999999999915 0.07329
1.0539700002409518 -0.08899999999999864 0.06450
7.915089999791235 -0.26900000000000013 0.05649
0.05323000019416213 0.6950000000000003 0.08752
2.992389999795705 -0.7370000000000001 0.05145
0.9428300000727177 0.27699999999999925 0.06704
5.062410000246018 -0.10099999999999909 0.05845
0.9729899996891618 0.10799999999999876 0.06324
71.42957000015303 0.02200000000000024 0.06847
4.9974699998274446 0.25900000000000034 0.08246
1.978220000397414 -0.26699999999999946 0.06807
9.003120000008494 0.10799999999999876 0.07361
1.9811999998055398 -0.31099999999999994 0.05871
3.0010799998417497 0.18900000000000006 0.06738
2.02331000007689 0.5969999999999995 0.09655
0.9615299999713898 -0.5339999999999989 0.07054
0.03587000025436282 -0.15700000000000003 0.05905
0.9958999999798834 -0.09399999999999942 0.05515
1.959749999921769 0.24499999999999922 0.07023
2.0088499998673797 -0.1479999999999997 0.06306
4.978639999870211 0.25 0.07560
0.025830000173300505 -0.08300000000000018 0.06684
2.9939700001850724 -0.20599999999999952 0.05752
0.9624899998307228 0.18799999999999883 0.07028
1.0383100002072752 0.02000000000000135 0.06694
1.9513999996706843 -0.2090000000000014 0.06124
3.062510000076145 0.49400000000000155 0.08217
0.9471800001338124 -0.21200000000000152 0.07517
0.029420000035315752 0.02800000000000047 0.07203
1.9939500000327826 -0.2579999999999991 0.06361
0.007169999647885561 0.17499999999999893 0.06782
2.9373700004070997 0.12300000000000111 0.07892
0.048809999600052834 -0.36400000000000077 0.05690
0.951730000320822 0.1880000000000006 0.06952
0.04490999970585108 -0.11700000000000088 0.05992
1.9531600000336766 0.3019999999999996 0.07942
0.041089999955147505 -0.3819999999999997 0.05653
0.9556900002062321 0.07900000000000063 0.06380
3.9906000001356006 -0.04300000000000104 0.06183
0.04111999971792102 0.14700000000000024 0.06459
0.9556800001300871 -0.06299999999999883 0.06573
0.04497999977320433 0.4320000000000004 0.08422
2.9375500003807247 -0.5150000000000006 0.06187
0.052629999816417694 0.05799999999999983 0.06058
11.008200000040233 0.5240000000000009 0.08825
0.9881899999454618 -0.4720000000000013 0.06292
3.958000000100583 0.10299999999999976 0.06782
1.9633900001645088 -0.23799999999999955 0.06075
0.08666999964043498 0.5029999999999983 0.08206
1.8886600001715124 -0.2699999999999978 0.07198
0.06429999973624945 -0.18700000000000117 0.05896
1.0151700000278652 0.120000000000001 0.06436
1.9300900003872812 0.027999999999998693 0.06998
1.0303799998946488 -0.09399999999999942 0.06133
0.0043299999088048935 -0.0009999999999994458 0.06530
2.016880000010133 0.4610000000000003 0.09071
1.0679700002074242 -0.3260000000000005 0.06763
0.8503299998119473 0.36499999999999844 0.09316
1.10981999989599 -0.09099999999999753 0.08752
1.8874900001101196 -0.4380000000000006 0.06394
1.0470099998638034 -0.016000000000000014 0.05931
2.0087700001895428 0.7650000000000006 0.10179
0.9771099998615682 -0.5780000000000012 0.06797
0.03032999997958541 -0.05599999999999916 0.06952
2.9535199999809265 0.4220000000000006 0.09367
0.05566000007092953 -0.5420000000000016 0.05979
2.013079999946058 0.5100000000000016 0.09165
0.03367000026628375 -0.5100000000000016 0.05979
2.9753899998031557 0.41300000000000026 0.08062
2.9410000001080334 -0.32699999999999996 0.06782
0.03349999990314245 -0.12400000000000055 0.05815
4.942939999978989 0.06900000000000084 0.06115
1.064720000140369 0.11500000000000021 0.07085
3.0115299997851253 -0.07000000000000028 0.06733
7.963800000026822 0.09699999999999953 0.07224
0.004000000189989805 -0.23399999999999999 0.05719
1.047479999717325 0.11700000000000088 0.06636
0.9407500000670552 0.3039999999999985 0.07763
0.009709999896585941 -0.18499999999999872 0.07235
0.9981100000441074 -0.47000000000000064 0.04832
0.005040000192821026 0.1349999999999998 0.05669
0.9348800000734627 0.12700000000000067 0.06219
1.02710000006482 0.20599999999999952 0.06782
0.00791999977082014 -0.22799999999999976 0.06120
1.018190000206232 0.03200000000000003 0.05879
1.0459499997086823 0.11100000000000065 0.06792
0.9916699999012053 -0.12100000000000044 0.05837
0.015660000033676624 0.16900000000000048 0.07033
0.9998700004070997 -0.30799999999999983 0.05277
0.003989999648183584 0.2530000000000001 0.06758
5.071170000359416 0.004999999999999005 0.06366
5.007299999706447 0.3780000000000019 0.08357
0.9996899999678135 -0.27100000000000257 0.06882
1.9869800000451505 -0.07499999999999929 0.06516
0.9697000002488494 0.0 0.06516
0.007879999931901693 0.12299999999999933 0.07587
0.9762999997474253 -0.07299999999999862 0.06758
0.0038300002925097942 0.1479999999999997 0.08005
0.9579399996437132 -0.11599999999999966 0.06917
0.02329000039026141 0.041999999999999815 0.07593
0.9685899997130036 -0.05799999999999983 0.07282
0.9084800002165139 0.3569999999999993 0.09360
0.03499000007286668 -0.4540000000000006 0.06370
1.0829999996349216 -0.08999999999999986 0.05966
0.04157999996095896 0.23000000000000043 0.07511
0.9801900000311434 -0.23099999999999987 0.05961
0.007690000347793102 -0.10299999999999976 0.05892
1.9379399996250868 0.08499999999999908 0.05884
0.04173000017181039 0.23800000000000132 0.07452
0.9238700000569224 -0.3000000000000007 0.05624
0.9956299997866154 0.0129999999999999 0.05677
1.090500000398606 0.6160000000000014 0.09386
3.9820899995975196 -0.13300000000000267 0.08565
0.038120000157505274 -0.2889999999999979 0.06540
0.9845799999311566 -0.02400000000000091 0.06847
0.9993900000117719 -0.031000000000000583 0.06694
0.049420000053942204 0.35100000000000087 0.08096
0.9004899999126792 -0.3800000000000008 0.06554
0.04202000005170703 0.08000000000000007 0.06521
0.7858000001870096 -0.2519999999999989 0.05428
0.06978000001981854 0.22199999999999953 0.06797
1.0408000000752509 -0.08799999999999919 0.05983
0.8801400000229478 0.16199999999999903 0.07172
0.1106599997729063 0.09299999999999997 0.07203
1.0188099998049438 -0.4039999999999999 0.05719
5.957870000042021 0.3490000000000002 0.07372
1.0750100002624094 -0.13899999999999935 0.06255
3.8287200001068413 0.009999999999999787 0.06714
1.079789999872446 -0.2940000000000005 0.05420
2.097550000064075 0.24799999999999933 0.06492
0.874030000064522 0.4200000000000017 0.08770
1.0901999999769032 -0.1670000000000016 0.07796
0.9501499999314547 -0.045999999999999375 0.07085
1.0410199998877943 -0.24200000000000088 0.05940
3.850629999767989 -0.09899999999999842 0.05888
0.039160000160336494 0.43299999999999983 0.07571
2.191469999961555 -0.16100000000000136 0.06738
3.7567600002512336 -0.24899999999999878 0.05620
0.08492999989539385 0.5080000000000009 0.08631
3.9037399999797344 -0.474000000000002 0.06138
5.140579999890178 0.1349999999999998 0.06773
5.017760000191629 -0.10199999999999854 0.06287
0.99654999980703 -0.1330000000000009 0.05706
12.92975000012666 0.3360000000000003 0.06842
0.03013999992981553 -0.09999999999999964 0.06778
1.9866100000217557 -0.13000000000000078 0.06165
1.0070600002072752 0.44400000000000084 0.08487
2.9900399995967746 -0.26200000000000045 0.07038
0.05371000012382865 -0.04899999999999949 0.06375
1.9046200001612306 0.6319999999999979 0.10534
7.02851999970153 -0.7999999999999989 0.05640
2.9317400003783405 0.42900000000000027 0.07702
5.021439999807626 -0.1479999999999997 0.07372
115.35485999984667 -0.3670000000000009 0.05644
8.975950000341982 0.23900000000000077 0.06719
1.0003899997100234 0.22300000000000075 0.07892
1.9969500000588596 -0.29600000000000115 0.06370
8.99390000011772 -0.0519999999999996 0.06133
4.983669999986887 -0.14700000000000024 0.05511
0.02711999975144863 0.19299999999999962 0.05953
0.9692200003191829 0.2010000000000005 0.07340
0.027209999971091747 0.20899999999999963 0.08010
