0.0 0.0 0.04310
2.991939999628812 0.11899999999999977 0.04683
2.9943100004456937 0.008000000000000895 0.04710
1.9945299997925758 -0.09600000000000009 0.04404
3.990269999951124 0.2159999999999993 0.05130
0.9967600000090897 -0.2530000000000001 0.04293
1.995060000102967 0.1850000000000005 0.04887
1.994959999807179 -0.10500000000000043 0.04538
19.95846000034362 0.10200000000000031 0.04876
2.9918299997225404 -0.06700000000000017 0.04650
0.9998900000937283 -0.1349999999999998 0.04234
3.036549999844283 0.0470000000000006 0.04373
1.9456700002774596 -0.014000000000001123 0.04331
20.981339999940246 -0.007999999999999119 0.04307
3.98858999973163 0.10200000000000031 0.04624
1.000450000166893 -0.12300000000000111 0.04246
25.014070000033826 0.13700000000000045 0.04670
5.898719999939203 -0.09600000000000009 0.04367
5.005280000157654 -0.049999999999998934 0.04220
4.973009999841452 0.06399999999999828 0.04410
2.1289400001987815 0.02000000000000135 0.04472
0.8815399999730289 0.041999999999999815 0.04605
10.079329999629408 0.0030000000000001137 0.04615
8.86687000002712 0.07899999999999885 0.04880
1.9313900000415742 -0.036999999999999034 0.04753
3.197110000066459 -0.0519999999999996 0.04582
4.0433000000193715 0.022999999999999687 0.04657
1.9918599999509752 0.04100000000000037 0.04794
3.9099900000728667 -0.04800000000000004 0.04634
6.982009999919683 -0.09200000000000053 0.04346
5.866080000065267 0.1349999999999998 0.04777
9.167460000142455 -0.023999999999999133 0.04697
2.974140000063926 -0.16300000000000026 0.04194
1.8985399999655783 0.08699999999999974 0.04453
2.0414299997501075 -0.0039999999999995595 0.04441
7.052279999945313 0.0030000000000001137 0.04450
11.951040000189096 -0.004000000000001336 0.04437
6.986479999963194 -0.11399999999999899 0.04104
4.008940000087023 0.0730000000000004 0.04313
2.9715100000612438 0.05599999999999916 0.04484
7.914439999964088 0.05400000000000027 0.04657
23.990009999834 -0.11800000000000033 0.04290
8.010190000291914 0.08399999999999963 0.04547
106.42296999972314 -0.17499999999999893 0.04033
8.989080000203103 0.07499999999999929 0.04243
7.969929999671876 -0.08300000000000018 0.04011
8.017760000191629 0.11899999999999977 0.04349
3.9582799999043345 0.0810000000000013 0.04602
11.007110000122339 -0.03500000000000014 0.04490
17.95265999995172 0.007999999999999119 0.04515
1.9854899998754263 0.1739999999999995 0.05108
5.074849999975413 -0.16999999999999993 0.04528
10.972640000283718 0.08300000000000018 0.04801
5.922710000071675 -0.09499999999999886 0.04490
3.0387899996712804 -0.038000000000000256 0.04373
2.933270000386983 0.05400000000000027 0.04541
11.95585999963805 -0.04200000000000159 0.04410
4.951700000092387 0.15100000000000158 0.04904
9.068770000245422 -0.026000000000001577 0.04814
4.967879999894649 -0.08999999999999986 0.04519
7.070869999937713 0.031000000000000583 0.04618
0.8320999997667968 -0.07399999999999984 0.04385
8.230420000385493 0.11400000000000077 0.04750
14.903099999763072 -0.11600000000000144 0.04379
2.0488700000569224 0.08900000000000041 0.04660
4.988770000170916 -0.04899999999999949 0.04503
4.876089999917895 0.08999999999999986 0.04797
5.899100000038743 -0.1639999999999997 0.04278
8.168670000042766 0.006999999999999673 0.04299
3.991949999704957 0.14300000000000068 0.04750
4.985970000270754 -0.009000000000000341 0.04720
4.9823900000192225 -0.053000000000000824 0.04547
3.988069999963045 0.051000000000000156 0.04713
18.94955000001937 0.1070000000000011 0.05086
24.88920999970287 -0.12300000000000111 0.04660
7.013970000203699 -0.13400000000000034 0.04246
2.9566299999132752 0.1509999999999998 0.04717
15.986779999919236 -0.11599999999999966 0.04349
111.45677000004798 -0.0030000000000001137 0.04340
7.977080000098795 0.12900000000000134 0.04750
12.987989999819547 -0.07500000000000107 0.04506
4.983410000335425 -0.15700000000000003 0.04046
1.9771099998615682 0.11000000000000121 0.04361
4.01659999974072 0.05999999999999872 0.04547
3.9896100000478327 0.0389999999999997 0.04673
9.957440000027418 0.011000000000001009 0.04710
2.0082800001837313 -0.14400000000000013 0.04260
2.9670500000938773 0.1850000000000005 0.04849
2.0061099999584258 -0.18299999999999983 0.04266
12.062889999710023 0.16199999999999903 0.04777
13.858239999972284 0.03599999999999959 0.04901
2.125710000284016 -0.10899999999999999 0.04538
3.8573099998757243 -0.07499999999999929 0.04307
9.042309999931604 0.2140000000000004 0.05007
8.029630000237375 -0.1930000000000014 0.04370
6.8780399998649955 -0.0009999999999994458 0.04367
7.14543000003323 -0.03200000000000003 0.04272
6.031649999786168 0.24900000000000055 0.05090
6.963609999977052 -0.12400000000000055 0.04660
9.793580000288785 -0.0649999999999995 0.04453
8.119440000038594 -0.025000000000000355 0.04376
2.9821099997498095 0.0039999999999995595 0.04389
11.03015000000596 0.07000000000000028 0.04608
2.01537000015378 0.006000000000000227 0.04628
5.874030000064522 -0.0909999999999993 0.04343
3.9791199997998774 0.03599999999999959 0.04453
6.09698999999091 -0.009000000000000341 0.04425
1.934929999988526 0.006000000000000227 0.04444
3.0579800000414252 -0.0519999999999996 0.04287
1.9974899999797344 0.1399999999999988 0.04727
4.98484000004828 0.036000000000001364 0.04849
1.9319600001908839 -0.09600000000000009 0.04531
5.970100000035018 0.03500000000000014 0.04644
7.053210000041872 -0.10200000000000031 0.04325
4.990789999719709 0.0519999999999996 0.04484
7.97690000012517 0.10500000000000043 0.04828
1.9943099999800324 -0.0129999999999999 0.04784
1.9802600000984967 -0.09500000000000064 0.04475
6.983239999972284 0.053000000000000824 0.04644
9.973849999718368 -0.0470000000000006 0.04493
145.36304000020027 0.12299999999999933 0.04901
1.000270000193268 -0.1120000000000001 0.04528
0.9940099995583296 -0.14199999999999946 0.04107
8.973550000227988 0.17300000000000004 0.04628
23.940469999797642 -0.1039999999999992 0.04305
14.031060000415891 0.11399999999999899 0.04660
14.95394999999553 -0.06700000000000017 0.04447
11.94920999975875 0.14700000000000024 0.04932
1.9464600002393126 0.0470000000000006 0.05101
29.106999999843538 -0.22000000000000064 0.04367
2.802600000053644 -0.01699999999999946 0.04316
10.014140000101179 0.25 0.05149
4.162819999735802 -0.2989999999999995 0.04174
0.9425800000317395 0.23999999999999844 0.04936
23.96745999995619 -0.12599999999999945 0.04515
5.902610000222921 0.03500000000000014 0.04628
