0.0 0.0 0.009
4.086320000000342 0.19699999999999918 0.008
2.944709999999759 0.02500000000000213 0.007
3.127179999999953 -0.21200000000000152 0.007
4.968299999999999 0.19299999999999962 0.008
3.105420000000322 -0.1169999999999991 0.007
14.826489999999922 -0.053000000000000824 0.007
8.955419999999776 -0.0389999999999997 0.007
5.015630000000328 0.23600000000000065 0.009
13.028279999999995 -0.245000000000001 0.008
144.33348999999998 0.23199999999999932 0.008
31.941129999999703 -0.22699999999999854 0.007
10.060730000000149 0.2320000000000011 0.008
10.018549999999777 -0.1800000000000015 0.007
4.009860000000117 0.0009999999999994458 0.007
4.010960000000068 0.1960000000000015 0.008
7.946179999999913 -0.2630000000000017 0.007
3.860030000000279 0.04600000000000115 0.007
2.0587499999996908 0.14499999999999957 0.007
12.034970000000158 -0.10200000000000031 0.007
12.842239999999947 0.1639999999999997 0.008
4.063450000000103 -0.21199999999999974 0.009
1.190610000000106 -0.01699999999999946 0.009
2.7270199999998113 0.006000000000000227 0.007
2.015640000000076 0.03200000000000003 0.007
1.992659999999887 0.18900000000000006 0.008
4.127320000000054 -0.15700000000000003 0.007
2.0056100000001607 -0.04100000000000037 0.008
6.973649999999907 -0.01699999999999946 0.007
2.7616399999997157 0.1429999999999989 0.008
2.1141999999999825 0.016000000000000014 0.007
3.954150000000027 0.0710000000000015 0.007
2.0690600000002632 -0.038000000000000256 0.007
2.9066100000000006 -0.21200000000000152 0.007
1.9872599999998783 0.20700000000000252 0.007
2.134990000000016 -0.131000000000002 0.007
1.8530500000001666 -0.0519999999999996 0.007
10.080609999999979 0.2320000000000011 0.008
2.983130000000074 -0.012000000000000455 0.008
1.9748599999998078 -0.23600000000000065 0.008
1.008339999999862 0.19200000000000017 0.007
0.9837999999999738 0.030999999999998806 0.009
2.9581700000003366 0.01600000000000179 0.008
2.076159999999618 -0.022999999999999687 0.008
2.0543900000002395 -0.06400000000000183 0.008
2.047950000000128 -0.13299999999999912 0.007
2.0178399999999783 0.03500000000000014 0.007
6.816929999999957 0.19799999999999862 0.009
10.106199999999717 -0.2049999999999983 0.007
3.0064800000000105 0.010999999999999233 0.007
2.840100000000348 0.16100000000000136 0.008
5.123079999999845 -0.02500000000000213 0.008
7.944070000000011 -0.1479999999999997 0.010
3.9682299999999486 0.1330000000000009 0.008
5.065439999999853 -0.057000000000000384 0.007
4.911960000000363 0.13899999999999935 0.009
4.096439999999802 -0.17199999999999882 0.009
6.953710000000228 0.09899999999999842 0.009
142.34060999999974 -0.032999999999999474 0.007
8.981880000000274 -0.11099999999999888 0.007
14.941679999999906 -0.057000000000000384 0.007
4.972789999999804 0.24300000000000033 0.008
19.04717000000028 -0.2350000000000012 0.007
3.979399999999714 0.0730000000000004 0.008
3.965149999999994 0.14400000000000013 0.008
9.914119999999912 -0.0030000000000001137 0.008
16.080990000000384 -0.21799999999999997 0.007
8.82576999999992 0.17600000000000016 0.008
13.222029999999904 0.023999999999999133 0.009
1.9215899999999237 -0.09999999999999964 0.007
2.8519799999999123 0.028999999999999915 0.008
2.120730000000094 0.05600000000000094 0.007
1.9536400000001777 -0.13899999999999935 0.008
2.930949999999939 0.22899999999999743 0.008
1.028219999999692 -0.2799999999999976 0.007
4.965730000000349 0.245000000000001 0.009
8.997689999999693 -0.006000000000000227 0.010
1.9154300000000148 -0.19200000000000195 0.009
2.033440000000155 0.20500000000000007 0.008
1.1591699999999037 0.0070000000000014495 0.008
2.777309999999943 -0.15500000000000114 0.007
1.28125 -0.09299999999999997 0.007
6.935170000000198 0.041999999999999815 0.008
4.886120000000119 0.15100000000000158 0.008
1.9661599999999453 -0.19100000000000072 0.007
5.073589999999967 0.054999999999999716 0.008
5.9823200000000725 0.07000000000000028 0.007
3.021229999999832 -0.05500000000000149 0.007
4.939679999999953 0.05900000000000105 0.008
14.952819999999974 -0.12700000000000067 0.007
3.1503499999998894 0.2530000000000019 0.008
9.915460000000166 0.00999999999999801 0.010
5.915860000000066 -0.15700000000000003 0.008
5.068409999999858 -0.08499999999999908 0.009
12.960280000000239 0.09600000000000009 0.009
121.3141099999998 -0.0259999999999998 0.010
7.965149999999994 0.06799999999999962 0.008
3.0644099999999526 -0.17300000000000004 0.007
5.936400000000049 0.20199999999999996 0.008
2.0736799999999675 0.06599999999999895 0.008
5.0043399999999565 -0.1479999999999997 0.007
4.906890000000203 0.12300000000000111 0.008
2.966370000000097 -0.004000000000001336 0.008
1.993249999999989 -0.2079999999999984 0.007
6.977779999999711 0.1529999999999987 0.007
5.026960000000145 -0.17499999999999893 0.007
2.0092399999998634 0.08899999999999864 0.007
20.07351000000017 0.1620000000000008 0.008
8.867709999999988 -0.22499999999999964 0.007
23.955309999999827 -0.009000000000000341 0.007
7.085829999999987 0.22999999999999865 0.008
16.877420000000257 -0.04399999999999693 0.007
1.0341699999999037 -0.16500000000000092 0.008
3.065470000000005 0.11599999999999966 0.007
0.8916399999998248 -0.02200000000000024 0.007
2.0625600000003033 -0.07699999999999996 0.007
13.976920000000064 0.11999999999999922 0.008
6.0222899999998845 -0.0649999999999995 0.007
1.0452399999999216 -0.018000000000000682 0.007
1.8740499999998974 0.14500000000000135 0.007
11.967959999999948 -0.10400000000000098 0.010
0.9991800000002513 0.10100000000000087 0.009
4.996279999999842 -0.07699999999999996 0.008
1.0089100000000144 0.0909999999999993 0.007
1.9550699999999779 -0.18099999999999916 0.007
3.0131000000001222 0.010999999999999233 0.007
1.0389099999997597 0.1540000000000017 0.007
0.9009100000002945 -0.012000000000000455 0.008
10.092969999999696 -0.10000000000000142 0.009
4.984020000000328 -0.07000000000000028 0.008
2.0248200000000907 0.2220000000000013 0.009
1.9872599999998783 -0.19200000000000017 0.007
2.9918299999999363 -0.03500000000000014 0.007
2.97553999999991 -0.030000000000001137 0.008
3.000750000000153 -0.004999999999999005 0.007
3.0115999999998166 0.0019999999999988916 0.007
4.013629999999921 0.22500000000000142 0.009
2.065140000000156 -0.04299999999999926 0.008
3.890150000000176 -0.05200000000000138 0.008
2.024120000000039 -0.12899999999999956 0.007
3.950339999999869 0.0649999999999995 0.007
3.0222499999999854 0.05799999999999983 0.009
6.010440000000017 -0.017999999999998906 0.007
4.988759999999729 -0.06700000000000017 0.007
122.36324000000013 0.10599999999999987 0.007
5.007300000000214 -0.15000000000000036 0.007
4.996949999999742 0.21399999999999864 0.008
3.9482100000000173 -0.10299999999999798 0.007
2.036800000000312 0.125 0.007
11.936349999999948 -0.12400000000000055 0.007
2.054029999999784 -0.10100000000000087 0.007
2.028679999999895 0.028999999999999915 0.007
2.8897400000000744 0.1930000000000014 0.007
5.082080000000133 -0.036999999999999034 0.007
2.9346599999998944 -0.1330000000000009 0.007
0.9941200000002937 0.1919999999999984 0.007
0.04925999999977648 -0.028999999999999915 0.007
10.91377999999986 -0.22799999999999976 0.007
3.9946100000001934 0.14400000000000013 0.007
6.059569999999894 0.08000000000000185 0.007
27.09761000000026 -0.037000000000002586 0.008
15.745969999999943 -0.17599999999999838 0.007
7.922279999999773 0.2289999999999992 0.008
17.10564999999997 0.019000000000001904 0.009
3.0870300000001407 -0.12400000000000233 0.007
0.9762500000001637 -0.14100000000000001 0.006
1.0208899999997811 0.21500000000000163 0.007
0.8993000000000393 0.019999999999999574 0.007
1.0803000000000793 -0.2370000000000001 0.007
1.8832499999998618 0.12199999999999989 0.007
2.016750000000229 -0.1070000000000011 0.007
1.080199999999877 0.2630000000000017 0.007
1.0744899999999689 -0.2320000000000011 0.007
0.8523599999998623 -0.0259999999999998 0.007
0.8550399999999172 0.03200000000000003 0.007
1.0539000000003398 0.14100000000000001 0.007
1.087329999999838 -0.1739999999999995 0.007
5.107590000000073 -0.004000000000001336 0.007
3.8026599999998325 0.2259999999999991 0.009
1.0550100000000384 -0.17299999999999827 0.007
0.9886300000002848 0.16100000000000136 0.007
0.9747499999998581 0.0030000000000001137 0.007
1.0655499999998028 -0.09900000000000198 0.007
0.9466800000000148 0.0840000000000014 0.007
0.9284800000000359 0.03599999999999781 0.007
1.0387399999999616 -0.23699999999999832 0.007
1.0403000000001157 0.1980000000000004 0.007
0.948030000000017 0.0519999999999996 0.007
0.9498100000000704 -0.08800000000000097 0.007
1.0758700000001227 -0.0259999999999998 0.007
0.990729999999985 0.12099999999999866 0.007
0.9810999999999694 -0.21999999999999886 0.007
0.15006999999968684 0.1509999999999998 0.007
1.0021200000001045 0.0020000000000024443 0.007
1.7876599999999598 0.05299999999999727 0.007
0.061889999999948486 -0.22799999999999976 0.006
0.13979999999992287 0.1490000000000009 0.007
0.8845200000000659 -0.05400000000000027 0.007
0.07321000000001732 0.13299999999999912 0.007
1.9426699999999073 -0.23999999999999844 0.007
1.007260000000315 0.16000000000000014 0.007
7.960319999999683 -0.1379999999999999 0.007
0.9992600000000493 0.014999999999998792 0.007
1.0062700000003133 0.18799999999999883 0.007
4.000540000000001 -0.2079999999999984 0.007
0.9970299999999952 0.016000000000000014 0.007
7.121049999999741 -0.007999999999999119 0.007
3.8491899999999077 0.1709999999999976 0.007
1.1083900000003268 -0.01699999999999946 0.007
8.930829999999787 -0.1509999999999998 0.007
2.9229700000000776 0.009000000000000341 0.008
2.058050000000094 0.14499999999999957 0.007
5.949200000000019 0.0660000000000025 0.008
3.0472399999998743 -0.013000000000001677 0.010
5.946370000000115 -0.0070000000000014495 0.008
9.016039999999975 -0.014999999999997016 0.009
2.995800000000145 0.02499999999999858 0.010
5.011419999999816 -0.2240000000000002 0.007
108.36880000000019 -0.05599999999999916 0.007
5.979809999999816 0.028999999999999915 0.007
