0.0 0.0 0.054
4.024669999999787 -0.08900000000000219 0.034
2.995379999999841 0.13300000000000267 0.044
3.9345500000003995 -0.1460000000000008 0.042
3.0034099999998034 0.1750000000000007 0.065
4.001639999999952 -0.1769999999999996 0.040
24.13869999999997 0.16199999999999903 0.055
4.971399999999903 0.09600000000000009 0.056
6.9110600000003615 -0.2259999999999991 0.059
15.046569999999974 -0.008000000000002672 0.047
152.28089999999975 -0.0030000000000001137 0.036
11.029410000000098 0.05000000000000071 0.036
8.955249999999978 0.013000000000001677 0.053
13.951379999999972 -0.01600000000000179 0.043
6.011779999999817 0.10000000000000142 0.043
3.975300000000061 -0.012000000000000455 0.049
2.911080000000311 -0.09499999999999886 0.079
4.198799999999665 -0.022000000000002018 0.048
4.054410000000189 -0.021000000000000796 0.046
1.7770199999999932 0.045000000000001705 0.039
0.9815899999998692 0.0519999999999996 0.039
3.022910000000138 -0.05799999999999983 0.045
9.978779999999915 -0.04200000000000159 0.044
7.977650000000267 0.15100000000000335 0.042
9.21378999999979 0.06599999999999895 0.059
1.930199999999786 -0.13200000000000145 0.039
2.0843000000004395 0.030000000000001137 0.068
1.9583099999999831 -0.03399999999999892 0.044
3.992819999999938 0.03500000000000014 0.054
2.013129999999819 -0.05900000000000105 0.044
1.0263599999998405 -0.030999999999998806 0.051
12.650590000000193 -0.011000000000002785 0.050
3.250799999999799 0.06099999999999994 0.037
0.9815500000004249 -0.05299999999999727 0.034
1.8570599999998194 -0.012000000000000455 0.034
2.092909999999847 0.013999999999999346 0.033
2.0443900000000212 -0.045000000000001705 0.042
1.7649099999998725 0.15000000000000213 0.040
2.2092100000004393 -0.10300000000000153 0.041
10.772939999999835 -0.030999999999998806 0.050
5.12444000000005 0.1579999999999977 0.037
2.9528000000000247 -0.06699999999999662 0.045
2.0473699999997734 -0.062000000000001165 0.041
2.061750000000302 0.003999999999997783 0.032
2.0459799999998722 -0.06799999999999784 0.043
2.7613799999999173 0.25 0.056
9.170110000000022 -0.1280000000000001 0.094
5.904649999999947 -0.03200000000000003 0.059
2.9595500000000357 -0.06400000000000006 0.038
5.045020000000022 0.04199999999999804 0.040
3.9871100000000297 0.04400000000000048 0.045
10.961620000000039 -0.1109999999999971 0.044
5.046089999999822 0.01699999999999946 0.047
15.953600000000279 0.03599999999999781 0.077
8.004349999999704 0.06800000000000139 0.066
142.36167000000023 0.05000000000000071 0.038
14.99510999999984 0.02699999999999747 0.042
5.939600000000155 -0.07199999999999918 0.035
4.091769999999997 0.10099999999999909 0.054
11.96903999999995 -0.21499999999999986 0.067
7.015339999999924 0.1509999999999998 0.045
3.914270000000215 0.04600000000000293 0.068
6.055289999999786 -0.043000000000002814 0.043
4.81862000000001 -0.09299999999999997 0.041
13.971689999999853 -0.04099999999999682 0.038
1.9739800000002106 0.12099999999999866 0.047
2.05686999999989 -0.022000000000002018 0.040
2.1578199999999015 0.13000000000000256 0.048
1.995010000000093 -0.2510000000000012 0.037
2.0471299999999246 0.1039999999999992 0.047
1.921690000000126 -0.029999999999997584 0.038
1.124080000000049 0.16399999999999793 0.050
0.8621199999997771 -0.028999999999999915 0.044
11.79224000000022 -0.013999999999999346 0.048
1.9902499999998327 -0.22299999999999898 0.055
1.2140800000001946 0.20700000000000074 0.050
1.8790399999998044 -0.11700000000000088 0.035
1.1995999999999185 0.1269999999999989 0.056
1.6979600000004211 -0.11299999999999955 0.044
1.2755899999997382 0.0 0.038
1.7418000000002394 0.0470000000000006 0.048
5.968269999999848 -0.08399999999999963 0.038
7.954459999999926 0.09699999999999775 0.064
2.044010000000071 -0.10500000000000043 0.041
1.9689399999997477 0.16300000000000026 0.049
0.9940700000001925 -0.11699999999999733 0.045
2.0369799999998577 -0.01600000000000179 0.046
2.9830700000002253 0.07000000000000028 0.039
3.0410699999997632 -0.13100000000000023 0.052
3.1793800000000374 0.04899999999999949 0.041
1.9942100000002938 0.1700000000000017 0.054
2.8030899999998837 -0.10200000000000031 0.049
2.089089999999942 -0.009000000000000341 0.046
2.889470000000074 -0.15899999999999892 0.075
1.0603000000000975 0.11999999999999744 0.060
1.9092000000000553 0.021000000000000796 0.053
3.0242999999995845 -0.01899999999999835 0.046
4.07903000000033 0.11299999999999955 0.043
3.999279999999999 -0.10999999999999943 0.050
3.915860000000066 0.13599999999999923 0.045
5.000919999999951 0.012999999999998124 0.042
2.973739999999907 -0.14299999999999713 0.085
6.9962900000000445 0.10899999999999821 0.064
4.092519999999695 -0.18599999999999994 0.044
5.041800000000421 0.22100000000000009 0.075
4.995469999999841 -0.1559999999999988 0.063
13.942329999999856 -0.011000000000002785 0.077
10.989039999999932 -0.05799999999999983 0.042
122.30962 0.07600000000000051 0.040
2.9845100000002276 -0.08699999999999974 0.032
3.0306500000001506 0.21799999999999997 0.037
5.993569999999636 -0.09399999999999764 0.033
2.952570000000378 0.07899999999999707 0.048
2.005739999999605 -0.13899999999999935 0.042
2.949330000000373 0.0990000000000002 0.050
2.077260000000024 -0.06400000000000006 0.045
4.009539999999561 0.030999999999998806 0.039
2.95604000000003 -0.08199999999999719 0.033
1.9494500000000698 -0.0010000000000012221 0.037
1.96062000000029 0.010000000000001563 0.043
1.180199999999786 0.0030000000000001137 0.036
1.9506900000001224 0.11799999999999855 0.042
1.923279999999977 -0.20400000000000063 0.039
4.967129999999997 0.120000000000001 0.050
0.9612899999997353 -0.0010000000000012221 0.039
2.0353100000002087 -0.04499999999999815 0.041
1.99254000000019 0.010999999999999233 0.040
4.974189999999908 0.14399999999999835 0.047
0.9978000000000975 0.043000000000002814 0.037
1.9633199999998396 -0.3420000000000023 0.051
2.002820000000156 0.2480000000000011 0.044
1.0380999999997584 0.053999999999998494 0.032
1.985360000000128 -0.129999999999999 0.037
1.0587500000001455 0.022000000000002018 0.040
5.969539999999597 0.054999999999999716 0.055
2.1764500000003864 -0.036000000000001364 0.054
1.7390199999999822 -0.006000000000000227 0.038
1.0007599999999002 0.10200000000000031 0.043
1.0196999999998297 -0.08399999999999963 0.041
0.9722099999999045 -0.054999999999999716 0.050
1.0035500000003594 0.019999999999999574 0.063
3.972719999999754 -0.030000000000001137 0.058
1.0663600000002589 -0.01899999999999835 0.038
2.1061899999999696 -0.019999999999999574 0.040
1.884969999999612 -0.02500000000000213 0.034
0.9680299999999988 0.013000000000001677 0.038
1.0860800000000381 -0.005000000000002558 0.035
0.9007800000003954 0.15000000000000213 0.041
2.0021999999999025 -0.08200000000000074 0.036
1.078559999999925 0.030000000000001137 0.039
2.090389999999843 -0.06400000000000006 0.063
3.798369999999977 0.06499999999999773 0.061
1.0090300000001662 -0.07199999999999918 0.037
0.9997899999998481 0.13500000000000156 0.044
1.0779700000002777 0.036999999999999034 0.054
1.9043400000000474 -0.04899999999999949 0.056
2.022359999999935 -0.18100000000000094 0.054
4.039209999999912 0.1960000000000015 0.040
0.9111400000001595 -0.18299999999999983 0.038
1.000659999999698 0.06199999999999761 0.032
0.9996100000003025 0.15300000000000225 0.044
1.2063199999997778 -0.23600000000000065 0.048
1.0143800000000738 0.05699999999999861 0.035
0.8151199999997516 0.08099999999999952 0.033
0.9700600000001032 -0.020999999999997243 0.037
1.0992400000000089 -0.10900000000000176 0.033
0.8942000000001826 0.18400000000000105 0.032
1.0097399999999652 -0.09299999999999997 0.034
1.991099999999733 0.05999999999999872 0.034
0.31908000000021275 -0.038000000000000256 0.045
0.6746499999999287 0.1039999999999992 0.041
1.033469999999852 -0.01899999999999835 0.044
2.0357300000000578 -0.027000000000001023 0.046
1.0242800000000898 -0.10299999999999798 0.034
0.8747200000002522 0.11299999999999955 0.037
2.034339999999702 -0.08699999999999974 0.044
0.9725800000001072 0.03599999999999781 0.044
1.0040600000002087 0.03500000000000014 0.036
1.0283199999998942 0.0470000000000006 0.040
6.277309999999943 -0.04899999999999949 0.049
1.8716199999998935 0.06099999999999994 0.055
1.0262299999999414 0.022999999999999687 0.069
0.7574400000003152 -0.09299999999999997 0.042
0.9724999999998545 0.018000000000000682 0.065
1.2256400000001122 0.07199999999999918 0.042
1.8362899999997353 -0.03500000000000014 0.056
2.9562399999999798 -0.04299999999999926 0.040
1.0249300000000403 -0.07600000000000051 0.030
1.2775700000001962 0.04899999999999949 0.040
0.7139400000000933 0.04100000000000037 0.038
0.9725499999999556 -0.19099999999999895 0.033
1.0392899999997098 0.10099999999999909 0.047
3.1972599999999147 0.120000000000001 0.040
0.7901600000000144 -0.10800000000000054 0.038
6.005490000000009 -0.021000000000000796 0.039
0.9938300000003437 0.019000000000001904 0.050
1.0638599999997496 0.14499999999999957 0.070
5.057859999999891 -0.12300000000000111 0.037
3.918510000000424 -0.05099999999999838 0.038
1.9729299999999057 0.11299999999999955 0.038
2.017699999999877 -0.08300000000000196 0.051
7.0610499999997955 -0.00999999999999801 0.030
0.027080000000296423 -0.019000000000001904 0.037
1.0280899999997928 0.015000000000000568 0.041
3.961330000000089 0.004999999999999005 0.054
1.015730000000076 -0.02699999999999747 0.062
0.8861900000001697 0.08999999999999986 0.059
1.0636299999996481 -0.09299999999999997 0.043
1.0451600000001235 -0.1410000000000018 0.061
1.883679999999913 0.31200000000000117 0.049
1.128650000000107 -0.07400000000000162 0.039
2.872179999999844 -0.055999999999997385 0.047
3.135530000000017 0.22299999999999898 0.045
8.877910000000156 -0.28600000000000136 0.050
2.0680099999999584 -0.054999999999999716 0.035
1.947979999999916 0.3049999999999997 0.115
1.000260000000253 -0.23999999999999844 0.068
7.977869999999712 0.14199999999999946 0.046
4.049919999999929 -0.15700000000000003 0.027
25.94920000000002 0.26000000000000156 0.067
122.34993000000031 -0.12400000000000233 0.036
6.998049999999694 -0.027999999999998693 0.043
5.933610000000044 -0.07700000000000173 0.038
2.0204499999999825 0.12300000000000111 0.037
2.03746000000001 -0.07499999999999929 0.030
1.9938600000000406 -0.03500000000000014 0.028
3.0716299999999137 0.13500000000000156 0.051
2.8879799999999705 -0.06400000000000006 0.042
11.970720000000256 -0.04800000000000182 0.035
1.972859999999855 0.02499999999999858 0.029
2.9809700000000703 -0.014999999999997016 0.037
2.020340000000033 0.029999999999997584 0.030
2.982980000000225 -0.0849999999999973 0.032
2.0499399999998786 0.09199999999999875 0.032
3.064930000000004 -0.012000000000000455 0.040
12.814339999999902 -0.0730000000000004 0.050
1.1897500000000036 0.15800000000000125 0.047
1.8230600000001687 -0.05700000000000216 0.052
1.9695299999998497 -0.03999999999999915 0.046
1.1777699999997822 -0.006999999999997897 0.034
0.804070000000138 0.07599999999999696 0.038
1.0187700000001314 0.028000000000002245 0.049
4.132959999999912 -0.11400000000000077 0.039
1.0920700000001489 0.0259999999999998 0.033
0.98729000000003 -0.13899999999999935 0.044
1.0311699999997472 0.09799999999999898 0.035
0.7301800000000185 0.06099999999999994 0.052
5.032680000000255 -0.05600000000000094 0.073
3.2465399999996407 -0.023999999999997357 0.058
0.9637400000001435 0.036999999999999034 0.045
0.7383899999999812 0.08399999999999963 0.032
1.01854000000003 0.009000000000000341 0.041
0.9755300000001625 -0.04200000000000159 0.042
0.9891699999998309 -0.16499999999999915 0.040
2.0256500000000415 0.08399999999999963 0.033
1.3021199999998316 0.07400000000000162 0.047
1.790860000000066 0.0019999999999988916 0.027
7.879240000000209 -0.0030000000000001137 0.053
0.9928799999997864 -0.053999999999998494 0.037
7.941299999999956 -0.019999999999999574 0.043
3.170090000000073 0.03399999999999892 0.033
1.0286099999998441 0.05999999999999872 0.029
1.0311900000001515 -0.030999999999998806 0.038
0.8556400000002213 -0.027000000000001023 0.046
0.9491199999997662 -0.07000000000000028 0.045
0.057220000000143045 0.0940000000000012 0.044
0.06565999999975247 0.16999999999999815 0.053
0.16154000000005908 -0.11699999999999733 0.052
0.8169299999999566 -0.17800000000000082 0.044
0.03936000000021522 0.09600000000000009 0.040
0.12154999999984284 0.010999999999999233 0.050
0.7528200000001561 0.0470000000000006 0.050
0.19281999999975596 0.05699999999999861 0.045
1.9376100000004044 -0.16199999999999903 0.033
1.0998399999998583 0.125 0.041
0.6902099999997517 0.028999999999999915 0.037
1.2515800000001036 -0.038000000000000256 0.033
1.0059300000002622 -0.08099999999999952 0.035
0.7535299999999552 -0.09799999999999898 0.032
9.987249999999676 0.06499999999999773 0.066
1.0578300000001946 0.022000000000002018 0.039
0.9468799999999646 0.1509999999999998 0.039
2.056840000000193 0.007999999999999119 0.034
0.9725300000000061 -0.1559999999999988 0.027
0.9591399999999339 -0.04200000000000159 0.029
1.0109199999997145 0.08999999999999986 0.036
1.0344800000002579 0.08399999999999963 0.040
0.9539199999999255 -0.11999999999999744 0.039
1.0445599999998194 0.04400000000000048 0.039
0.9861300000002302 -0.038000000000000256 0.033
0.9906799999998839 0.05999999999999872 0.035
1.0201200000001336 0.03200000000000003 0.037
1.0938999999998487 -0.06599999999999895 0.041
0.9224400000002788 0.07600000000000051 0.041
0.9728799999998046 -0.13700000000000045 0.030
0.980239999999867 0.14099999999999824 0.035
1.0219900000001871 0.013999999999999346 0.032
0.9859099999998762 -0.22799999999999798 0.033
1.0640300000000025 0.12899999999999778 0.033
0.9602599999998347 -0.1269999999999989 0.036
5.971350000000257 0.20500000000000185 0.059
1.110450000000128 -0.10600000000000165 0.035
0.8794299999999566 -0.03500000000000014 0.048
0.9969099999998434 0.009000000000000341 0.042
1.0605100000002494 -0.03900000000000148 0.038
1.9471699999999146 0.2700000000000031 0.051
0.9964799999997922 -0.13200000000000145 0.036
1.003110000000106 -0.1700000000000017 0.044
9.105930000000171 0.2930000000000028 0.053
3.944829999999911 -0.12600000000000122 0.042
9.073619999999664 0.010999999999999233 0.061
1.9480100000000675 0.08800000000000097 0.056
2.9735500000001593 -0.31299999999999883 0.029
5.022339999999986 0.13599999999999923 0.044
4.003549999999905 -0.10900000000000176 0.035
5.966429999999946 0.16799999999999926 0.042
2.975680000000011 -0.11799999999999855 0.055
120.35980999999992 0.10500000000000043 0.056
6.006980000000112 0.19000000000000128 0.060
