0.0 0.0 0.005
15.81269999999995 0.21700000000000053 0.006
3.1227100000000974 -0.18400000000000105 0.006
2.9756200000001627 0.09100000000000108 0.006
3.8792899999998554 -0.07700000000000173 0.006
4.967639999999847 0.21799999999999997 0.007
12.089010000000144 -0.018000000000000682 0.007
6.904779999999846 -0.14099999999999824 0.006
6.026139999999941 -0.04300000000000104 0.006
4.9581200000002354 0.14000000000000234 0.007
6.998529999999846 -0.18400000000000105 0.006
4.004789999999957 0.006000000000000227 0.006
10.05569000000014 -0.03300000000000125 0.006
128.30241000000024 0.1460000000000008 0.006
3.9491699999998673 -0.07600000000000051 0.007
15.009209999999712 -0.036999999999999034 0.006
9.014010000000326 0.23499999999999943 0.007
8.965349999999944 -0.2560000000000002 0.006
11.039409999999862 0.032999999999999474 0.006
13.855129999999917 0.1330000000000009 0.006
4.001030000000355 0.0030000000000001137 0.007
1.9708999999998014 -0.03900000000000148 0.007
3.227440000000115 0.08600000000000207 0.008
6.800449999999728 0.015000000000000568 0.007
2.117279999999937 -0.24200000000000088 0.006
2.0321500000000015 0.04299999999999926 0.005
2.058050000000094 0.2190000000000012 0.007
8.718800000000101 -0.17600000000000193 0.007
2.0300700000002507 0.18200000000000216 0.007
7.934359999999742 -0.20300000000000118 0.007
6.050099999999929 0.11000000000000121 0.006
1.938010000000304 -0.03500000000000014 0.006
2.156569999999647 -0.12200000000000166 0.005
1.8813600000003134 0.10299999999999976 0.007
1.94362000000001 0.018000000000000682 0.006
1.0078899999998612 -0.06400000000000006 0.006
3.054160000000138 -0.045999999999999375 0.006
1.1105099999999766 0.2469999999999999 0.007
1.8337400000000343 -0.24200000000000088 0.006
5.983529999999973 0.2560000000000002 0.007
10.279059999999845 -0.28800000000000026 0.006
1.640849999999773 0.006000000000000227 0.006
2.3081700000002456 0.038000000000000256 0.006
1.7108699999998862 0.1819999999999986 0.006
2.010360000000219 0.008000000000002672 0.007
4.118529999999737 -0.17300000000000182 0.006
8.01704000000018 -0.009999999999999787 0.006
3.0102999999999156 -0.031000000000000583 0.007
4.070150000000012 0.25400000000000134 0.007
2.9452500000002146 -0.04200000000000159 0.007
4.856309999999667 0.04899999999999949 0.007
2.0363400000001093 -0.1869999999999976 0.006
2.0272500000000946 -0.0840000000000014 0.006
1.9252200000000812 0.034000000000000696 0.009
8.055149999999685 0.20199999999999818 0.007
6.91217000000006 -0.16999999999999815 0.006
1.1977200000001176 0.18499999999999872 0.007
4.833579999999984 -0.1509999999999998 0.006
5.122649999999794 -0.10099999999999909 0.006
7.864630000000034 0.018000000000000682 0.007
3.015769999999975 0.1739999999999995 0.007
6.010240000000067 -0.1590000000000007 0.006
3.981590000000324 -0.04899999999999949 0.006
4.0718299999998635 0.27200000000000024 0.007
3.9796700000001692 -0.16199999999999903 0.007
6.9601699999998345 -0.07000000000000206 0.007
134.35995000000003 0.09600000000000186 0.006
12.015869999999722 -0.07600000000000051 0.006
14.99301000000014 -0.02000000000000135 0.005
5.915629999999965 0.09999999999999964 0.006
10.99223000000029 -0.1399999999999988 0.006
5.014209999999821 0.2370000000000001 0.007
6.993419999999787 -0.20899999999999963 0.005
3.9923100000000886 0.0 0.006
6.0132400000002235 0.21600000000000108 0.007
4.026890000000094 -0.2300000000000022 0.004
12.894599999999627 0.2569999999999997 0.007
1.9928899999999885 -0.045999999999999375 0.006
1.8908599999999751 -0.004999999999999005 0.007
2.1179000000001906 -0.19899999999999984 0.005
2.0715900000000147 0.08099999999999774 0.006
1.8029499999997824 -0.01699999999999946 0.007
2.0274100000001454 -0.06899999999999906 0.006
1.9510599999998703 -0.006999999999999673 0.006
6.022140000000036 0.27500000000000036 0.007
6.044100000000071 -0.2740000000000009 0.006
1.8985200000001896 0.041999999999999815 0.006
1.9887899999998808 -0.049999999999998934 0.006
2.003610000000208 0.03200000000000003 0.007
1.9984999999996944 0.04899999999999949 0.006
1.9875700000002325 0.0519999999999996 0.006
1.984809999999925 0.05900000000000105 0.007
6.067739999999958 -0.18900000000000006 0.006
4.223509999999806 -0.0030000000000001137 0.007
3.793420000000424 0.2339999999999982 0.012
1.9129899999998088 0.053000000000000824 0.007
2.041400000000067 -0.19099999999999895 0.006
1.9705799999996998 -0.02200000000000024 0.006
2.0540399999999863 -0.06500000000000128 0.004
2.0555200000003424 0.19400000000000084 0.006
4.060909999999694 -0.1509999999999998 0.006
2.864090000000033 0.125 0.007
2.0040900000003603 -0.10099999999999909 0.006
1.2047499999998763 0.19899999999999807 0.007
2.977350000000115 -0.07199999999999918 0.007
4.805209999999988 -0.01699999999999946 0.007
4.075869999999668 -0.16699999999999982 0.007
1.9140600000000632 0.08300000000000018 0.006
2.9728000000000065 -0.04800000000000182 0.006
4.1463300000000345 0.1930000000000014 0.007
2.965070000000196 -0.0920000000000023 0.005
5.8716199999998935 0.0030000000000001137 0.007
9.128659999999854 -0.012999999999998124 0.006
2.8628899999998794 0.13899999999999935 0.007
4.171350000000075 -0.16300000000000026 0.007
4.913109999999961 0.06899999999999906 0.007
3.9558200000001307 0.10900000000000176 0.007
3.039139999999861 -0.23600000000000065 0.006
14.965959999999995 0.06500000000000128 0.007
116.35336000000007 0.0009999999999976694 0.008
0.9943299999999908 -0.021999999999998465 0.007
0.9814700000001721 -0.018000000000000682 0.006
10.971939999999904 0.1479999999999997 0.007
3.0258899999998903 -0.09699999999999775 0.006
0.9561300000000301 0.055999999999997385 0.007
5.997740000000249 -0.19599999999999795 0.006
6.001080000000002 0.2749999999999986 0.006
3.0132399999997688 -0.13899999999999935 0.006
3.0338000000001557 -0.125 0.006
6.995190000000093 0.26699999999999946 0.006
1.988879999999881 -0.02499999999999858 0.006
3.0663899999999558 -0.24600000000000044 0.006
6.966269999999895 0.1620000000000008 0.005
7.999400000000151 -0.13500000000000156 0.007
6.944390000000112 0.022999999999999687 0.005
41.06710999999996 -0.007999999999999119 0.006
12.850079999999707 0.1980000000000004 0.007
14.127030000000104 -0.24900000000000055 0.005
14.914029999999912 0.12299999999999933 0.005
