0.0 0.0 0.157
4.024679999999989 0.1529999999999987 0.081
2.999409999999898 -0.047999999999998266 0.094
3.971090000000004 0.9229999999999983 0.214
7.005079999999907 -0.48900000000000077 0.187
29.112950000000183 -0.47499999999999787 0.130
174.23541999999998 -0.08000000000000185 0.083
10.99314000000004 0.7920000000000016 0.168
13.045529999999872 -0.4250000000000007 0.124
9.901949999999943 0.879999999999999 0.337
6.00756999999976 -1.1439999999999984 0.087
4.003090000000157 -0.0470000000000006 0.102
7.044949999999972 0.5169999999999995 0.181
6.8520800000001145 0.5850000000000009 0.217
2.2181399999999485 -0.5240000000000009 0.168
5.776299999999992 -0.9629999999999974 0.084
14.930209999999988 1.7489999999999988 0.434
5.993840000000091 -1.1739999999999995 0.176
2.247060000000147 -0.08600000000000207 0.127
1.994879999999739 0.11500000000000199 0.146
2.010250000000269 -0.14000000000000057 0.111
0.9044099999996433 0.8049999999999997 0.190
2.120060000000194 -0.04899999999999949 0.253
1.8468800000000556 -0.5779999999999994 0.133
2.1257000000000517 0.9669999999999987 0.400
7.816559999999754 -1.1879999999999988 0.099
1.9929999999999382 0.0990000000000002 0.101
0.8984199999999873 0.1559999999999988 0.146
2.087460000000192 0.7289999999999992 0.216
3.8788800000002084 -0.6539999999999999 0.110
1.20049999999992 0.3460000000000001 0.137
0.8362399999996342 -0.4659999999999975 0.114
0.03945000000021537 -0.25800000000000267 0.079
0.9148300000001655 0.6969999999999992 0.188
0.9780399999999645 -0.6139999999999972 0.114
1.0313499999997475 0.30299999999999727 0.125
1.1088700000000244 -0.3299999999999983 0.074
1.1564300000000003 1.3470000000000013 0.337
1.6902800000002571 -1.429000000000002 0.098
2.2495599999997467 -0.018000000000000682 0.101
10.775090000000091 0.33800000000000097 0.163
4.061689999999999 -0.23499999999999943 0.142
1.0081300000001647 -0.0710000000000015 0.087
0.05258999999978187 0.22600000000000264 0.099
2.952769999999873 -0.017000000000003013 0.144
2.0474200000003293 -0.28200000000000003 0.089
2.061699999999746 -0.04199999999999804 0.090
2.7749300000000403 0.38899999999999935 0.143
2.032259999999951 -0.17099999999999937 0.119
15.03630000000021 -0.11700000000000088 0.113
2.9984099999996943 0.21600000000000108 0.136
5.044920000000275 0.3290000000000006 0.153
3.945639999999912 -0.5250000000000021 0.122
11.003130000000056 1.1610000000000014 0.341
5.96234000000004 -0.9840000000000018 0.129
8.991579999999885 -0.14399999999999835 0.145
6.049359999999979 -0.08699999999999974 0.181
150.36324000000013 0.2049999999999983 0.149
14.99438999999984 -0.03500000000000014 0.098
5.939150000000154 -0.28200000000000003 0.073
16.058809999999994 0.2240000000000002 0.137
16.98741999999993 -0.07199999999999918 0.101
4.81793000000016 0.11200000000000188 0.095
13.972330000000056 0.12599999999999767 0.086
1.9370199999998476 -0.18299999999999983 0.108
2.0571199999999408 0.5620000000000012 0.147
2.20595000000003 -0.370000000000001 0.128
1.9813300000000709 -0.3879999999999981 0.102
2.0614299999997456 0.25 0.169
2.992110000000139 -0.028999999999999915 0.108
0.9038700000000972 0.7379999999999995 0.170
11.792919999999867 0.375 0.275
3.9320299999999406 -1.1170000000000009 0.154
2.009950000000117 -0.3150000000000013 0.091
2.040019999999913 0.22800000000000153 0.115
2.0976300000002084 0.4710000000000001 0.124
14.930869999999686 -0.31099999999999994 0.123
1.9531700000002274 1.2390000000000008 0.376
2.0126900000000205 -0.1930000000000014 0.320
2.015060000000176 -0.25 0.194
1.8969199999996817 -0.782 0.126
2.0584899999998925 -0.23199999999999932 0.071
3.0536400000000867 0.3359999999999985 0.174
3.8661300000003394 -0.047999999999998266 0.110
2.0050599999999577 -0.22100000000000009 0.092
2.0964599999997517 0.3619999999999983 0.166
2.0855000000001382 0.42600000000000193 0.215
2.878400000000056 -0.3730000000000011 0.223
0.9841299999998228 0.19699999999999918 0.203
3.06775000000016 -0.6269999999999989 0.183
2.933089999999993 0.38200000000000145 0.148
3.0602100000000974 0.11799999999999855 0.141
5.917519999999968 0.9800000000000004 0.388
6.028419999999642 -1.0489999999999995 0.120
3.0514100000000326 0.18999999999999773 0.273
3.063980000000356 0.036000000000001364 0.447
5.855419999999867 0.18299999999999983 0.215
3.106199999999717 -0.4559999999999995 0.165
10.901080000000093 0.5549999999999997 0.322
15.045779999999922 -0.13400000000000034 0.244
10.983420000000024 -0.18700000000000117 0.237
120.3420600000004 -0.3279999999999994 0.130
