0.0 0.0 0.004
4.082539999999881 -0.03500000000000014 0.004
2.944300000000112 -0.009999999999999787 0.004
3.1376000000000204 -0.0009999999999994458 0.004
4.958029999999781 0.02999999999999936 0.004
3.883139999999912 0.016000000000000014 0.004
15.990319999999883 0.019000000000000128 0.004
8.067490000000362 -0.022999999999999687 0.004
18.909329999999954 0.0909999999999993 0.004
18.99445999999989 0.018000000000000682 0.004
125.34124999999995 0.007999999999999119 0.004
26.972000000000207 -0.032999999999999474 0.004
13.960199999999986 -0.03599999999999959 0.004
10.124139999999898 -0.11899999999999977 0.004
3.9434799999999086 -0.027000000000001023 0.004
3.9431399999998575 0.05799999999999983 0.004
6.96207000000004 0.02800000000000047 0.004
4.024740000000293 -0.026999999999999247 0.004
4.024589999999989 -0.02400000000000091 0.004
8.986660000000029 0.019999999999999574 0.004
1.9645900000000438 0.006999999999999673 0.004
8.092689999999948 0.017000000000001236 0.004
3.9016599999999926 -0.002000000000000668 0.004
4.042959999999766 -0.019000000000000128 0.004
1.86783000000014 -0.016000000000000014 0.004
2.0456500000000233 0.009000000000000341 0.004
4.123259999999846 0.002000000000000668 0.004
2.8605999999999767 0.0009999999999994458 0.004
1.881090000000313 0.012000000000000455 0.004
2.9824499999999716 -0.02400000000000091 0.004
5.255909999999858 0.0030000000000001137 0.004
5.696230000000014 0.019000000000000128 0.004
3.9746799999998075 -0.006000000000000227 0.004
1.230170000000271 0.025000000000000355 0.004
2.902939999999944 -0.022999999999999687 0.004
2.0144900000000234 -0.006000000000000227 0.004
2.01175000000012 -0.0129999999999999 0.004
1.9650799999999435 -0.018000000000000682 0.004
10.064919999999802 0.0010000000000012221 0.004
2.9833300000000236 -0.0030000000000001137 0.004
3.966609999999946 -0.004000000000001336 0.004
2.9622800000001916 0.016000000000000014 0.004
2.071609999999964 -0.006999999999999673 0.004
2.0794700000001285 0.009999999999999787 0.004
2.0232999999998356 -0.019999999999999574 0.004
2.743660000000091 0.025000000000000355 0.004
6.1023700000000645 0.038000000000000256 0.004
3.9488400000000183 0.02200000000000024 0.004
5.121729999999843 -0.006000000000000227 0.004
2.8381100000001425 -0.005000000000000782 0.004
6.095769999999902 -0.036999999999999034 0.004
14.978479999999763 -0.023000000000001464 0.004
5.938100000000304 0.05500000000000149 0.004
4.036139999999705 0.07099999999999973 0.004
4.954840000000331 0.03599999999999959 0.004
7.0334899999998015 0.005000000000000782 0.004
10.978669999999966 -0.20400000000000063 0.004
131.36212000000023 0.012000000000000455 0.004
0.9673699999998462 -0.004000000000001336 0.004
7.984320000000025 0.009000000000000341 0.004
14.029520000000048 0.11400000000000077 0.004
4.9829500000000735 0.02800000000000047 0.004
10.98777999999993 0.0029999999999983373 0.005
8.064890000000105 -0.03399999999999892 0.004
3.9645799999998417 -0.034000000000000696 0.004
3.968249999999898 0.004000000000001336 0.004
6.032140000000254 0.047999999999998266 0.004
3.8948899999995774 0.023000000000001464 0.004
12.993400000000292 0.041999999999999815 0.004
2.1116400000000795 0.009999999999999787 0.004
1.0020799999997507 -0.009999999999999787 0.004
2.8059699999998884 -0.018000000000000682 0.004
1.9825700000001234 -0.0129999999999999 0.004
3.143410000000131 -0.019999999999999574 0.004
1.9410400000001573 0.0019999999999988916 0.004
12.140509999999722 -0.005999999999998451 0.004
1.0043900000000576 0.0039999999999995595 0.004
0.9270200000000841 0.0019999999999988916 0.004
1.0372699999998076 0.010000000000001563 0.004
1.7967000000003281 0.0019999999999988916 0.004
2.1216999999996915 0.006000000000000227 0.004
1.952900000000227 -0.009000000000000341 0.004
1.0629999999996471 -0.0039999999999995595 0.004
1.8722300000003997 -0.006999999999999673 0.004
6.028709999999592 0.0 0.004
8.034020000000055 -0.06300000000000061 0.004
1.1098700000002282 -0.036999999999999034 0.004
1.733719999999721 0.02099999999999902 0.004
2.0431800000001203 -0.004999999999999005 0.004
2.0191399999998794 -0.0030000000000001137 0.004
1.9291400000001886 -0.004000000000001336 0.004
2.0309000000002015 -0.0039999999999995595 0.004
4.152509999999893 0.016000000000000014 0.004
0.027529999999842403 0.012000000000000455 0.004
1.9828200000001743 0.018000000000000682 0.004
2.002899999999954 -0.005000000000000782 0.004
2.88875999999982 0.012000000000000455 0.004
1.9752700000003642 0.006000000000000227 0.004
0.9940799999999399 0.0039999999999995595 0.004
3.96492999999964 0.02099999999999902 0.004
3.09136000000035 0.008000000000000895 0.004
2.991049999999632 0.012000000000000455 0.004
2.994470000000092 -0.0030000000000001137 0.004
4.9693200000001525 -0.054999999999999716 0.004
5.975550000000112 -0.009000000000000341 0.004
8.989970000000085 0.05299999999999905 0.004
4.021649999999681 0.036000000000001364 0.004
5.967050000000199 0.03599999999999959 0.004
4.97438000000011 0.010999999999999233 0.004
9.987659999999778 -0.02099999999999902 0.004
12.037789999999859 -0.041999999999999815 0.004
