0.0 0.0 0.005
4.077630000000227 -0.04699999999999882 0.005
2.9414499999998043 0.01899999999999835 0.005
8.914440000000013 0.04400000000000048 0.005
206.28531999999996 0.22900000000000098 0.005
25.014799999999923 -0.07900000000000063 0.005
10.952310000000125 -0.023999999999999133 0.005
8.057740000000194 -0.025000000000000355 0.005
5.890609999999924 0.04299999999999926 0.005
4.079870000000028 0.04400000000000048 0.005
2.0776200000000244 0.0030000000000001137 0.005
20.91175999999996 0.06599999999999895 0.005
4.028690000000097 -0.0009999999999994458 0.005
4.014149999999972 -0.004999999999999005 0.005
1.8710799999998926 0.0 0.005
13.90684999999985 -0.02900000000000169 0.005
7.047050000000127 0.05000000000000071 0.005
7.86220000000003 -0.0470000000000006 0.005
5.087610000000041 -0.011999999999998678 0.005
2.0028800000000047 0.0 0.005
18.969590000000153 -0.028999999999999915 0.005
0.18990999999959968 0.08000000000000007 0.005
3.8510300000002644 -0.034000000000000696 0.005
2.0702000000001135 -0.028999999999999915 0.005
2.7945199999999204 -0.012000000000000455 0.005
2.0342399999999543 -0.006000000000000227 0.005
2.022439999999733 -0.0039999999999995595 0.005
6.100360000000364 -0.013999999999999346 0.005
8.942250000000058 -0.04800000000000004 0.005
2.9728900000000067 -0.015000000000000568 0.005
21.945420000000013 -0.023999999999999133 0.005
5.061039999999593 0.02099999999999902 0.005
4.905950000000303 0.045999999999999375 0.005
22.066530000000057 0.03900000000000148 0.005
133.30088999999998 -0.2010000000000005 0.005
7.040610000000015 0.019999999999999574 0.005
7.0262800000000425 0.08000000000000007 0.005
31.961829999999736 -0.11800000000000033 0.005
3.8963199999998324 -0.049999999999998934 0.005
13.04231000000027 0.06700000000000017 0.005
16.81305999999995 0.03200000000000003 0.005
0.11103999999977532 0.004999999999999005 0.005
0.09589000000005399 -0.025000000000000355 0.005
0.7732100000002902 0.005000000000000782 0.005
0.3313299999999799 0.16499999999999915 0.005
0.6373899999998685 -0.17799999999999905 0.005
0.16593999999986409 0.06299999999999883 0.005
0.9251400000002832 -0.05999999999999872 0.005
1.0765200000000732 0.0019999999999988916 0.005
5.065849999999955 0.015000000000000568 0.005
1.1048699999996643 -0.009999999999999787 0.005
12.958399999999983 -0.05400000000000027 0.005
1.8275300000000243 0.0 0.005
2.0290500000000975 -0.010999999999999233 0.005
6.010049999999865 -0.02800000000000047 0.005
6.001290000000154 0.016000000000000014 0.005
10.880490000000009 0.057000000000000384 0.005
2.0452800000002753 -0.031000000000000583 0.005
2.03345999999965 0.04400000000000048 0.005
1.914389999999912 -0.015000000000000568 0.005
6.8913400000001275 0.008000000000000895 0.005
9.082670000000235 0.05599999999999916 0.005
3.9665799999997944 -0.06099999999999994 0.005
2.1021300000002157 0.04100000000000037 0.005
0.9933599999999387 -0.051000000000000156 0.005
0.9984599999997954 -0.009999999999999787 0.005
0.051960000000235596 -0.006999999999999673 0.005
10.954819999999927 -0.03700000000000081 0.005
2.0373100000001614 0.021000000000000796 0.005
11.981709999999566 0.06299999999999883 0.005
37.88225000000011 -0.0039999999999995595 0.005
121.32201000000032 0.2970000000000006 0.005
6.996809999999641 -0.04400000000000048 0.005
5.023599999999988 -0.03700000000000081 0.005
3.97496000000001 -0.09299999999999997 0.005
5.915179999999964 -0.10599999999999987 0.005
2.031720000000405 0.031000000000000583 0.005
4.04511999999977 0.03500000000000014 0.005
2.962880000000041 -0.008000000000000895 0.005
2.0555899999999383 0.027000000000001023 0.005
1.9340099999999438 0.013999999999999346 0.005
1.9576900000001842 0.0259999999999998 0.005
1.1092800000001262 -0.011999999999998678 0.005
1.9171999999998661 0.030999999999998806 0.005
5.037499999999909 0.06600000000000072 0.005
2.055739999999787 -0.011000000000001009 0.005
3.905750000000353 0.008000000000000895 0.005
1.0704399999999623 -0.0030000000000001137 0.005
2.9369299999998475 -0.005000000000000782 0.005
1.938670000000002 0.02000000000000135 0.005
1.0329500000002554 -0.018000000000000682 0.005
2.0659999999998035 0.018000000000000682 0.005
0.9732899999999063 -0.0030000000000001137 0.005
1.944010000000162 -0.011000000000001009 0.005
12.11340999999993 -0.0649999999999995 0.005
0.9056000000000495 -0.019999999999999574 0.005
1.018329999999878 -0.02800000000000047 0.005
0.9746700000000601 -0.006999999999999673 0.005
6.068229999999858 -0.0259999999999998 0.005
2.0755400000002737 -0.004000000000001336 0.005
1.9284699999998338 0.0070000000000014495 0.005
2.8995599999998376 -0.0010000000000012221 0.005
2.020640000000185 0.0129999999999999 0.005
7.9660399999997935 -0.0030000000000001137 0.005
1.1687900000001719 0.010000000000001563 0.005
2.8951099999999315 -0.023000000000001464 0.005
2.0586299999999937 -0.016000000000000014 0.005
3.936460000000352 0.009000000000000341 0.005
0.9612199999996847 -0.014999999999998792 0.005
0.9584100000001854 0.005999999999998451 0.005
1.0712100000000646 0.0010000000000012221 0.005
3.1259299999996983 -0.0259999999999998 0.005
0.7966300000002775 0.054999999999999716 0.005
1.077639999999974 -0.025000000000000355 0.005
1.0951700000000528 0.013999999999999346 0.005
0.8479600000000573 0.015000000000000568 0.005
6.033399999999801 0.008000000000000895 0.005
1.013010000000122 0.02099999999999902 0.005
0.912710000000061 -0.0009999999999994458 0.005
2.067189999999755 0.017999999999998906 0.005
1.9259900000001835 0.012000000000000455 0.005
1.164629999999761 -0.0470000000000006 0.005
8.778600000000097 0.03900000000000148 0.005
1.0564599999997881 -0.0030000000000001137 0.005
1.0437300000003233 -0.002000000000000668 0.005
5.795519999999669 -0.04100000000000037 0.005
1.121570000000247 -0.0009999999999994458 0.005
0.9603400000000875 -0.0039999999999995595 0.005
1.141740000000027 -0.008000000000000895 0.005
4.8966999999997824 -0.03200000000000003 0.005
6.993350000000191 -0.08199999999999896 0.005
7.046550000000025 0.019999999999999574 0.005
3.9062599999997474 0.049999999999998934 0.005
2.061840000000302 -0.0129999999999999 0.005
14.880419999999958 0.14500000000000135 0.005
176.35117999999966 0.014999999999998792 0.005
10.989130000000387 -0.030999999999998806 0.005
12.916899999999714 0.036999999999999034 0.005
12.995890000000145 -0.07499999999999929 0.005
10.076399999999921 -0.08699999999999974 0.005
1.0069600000001628 0.03200000000000003 0.005
5.025589999999738 0.049999999999998934 0.005
1.866019999999935 0.0129999999999999 0.005
3.1530800000000454 0.02000000000000135 0.005
1.8952100000001337 -0.0030000000000001137 0.005
2.9511999999999716 0.03500000000000014 0.005
14.974630000000161 -0.08300000000000018 0.005
2.019600000000082 -0.0070000000000014495 0.005
0.9984599999997954 -0.0259999999999998 0.005
0.9267700000000332 -0.007999999999999119 0.005
3.1907099999998536 0.006000000000000227 0.005
2.896900000000187 0.009000000000000341 0.005
1.146639999999934 -0.02400000000000091 0.005
0.906289999999899 0.009000000000000341 0.005
1.0335000000000036 0.007999999999999119 0.005
7.946069999999963 0.0710000000000015 0.005
1.9293900000002395 -0.0010000000000012221 0.005
1.0576799999998912 0.0030000000000001137 0.005
1.8962299999998322 0.019999999999999574 0.005
1.0527100000003884 0.0129999999999999 0.005
1.033889999999701 0.002000000000000668 0.005
0.9409200000000055 0.005000000000000782 0.005
0.9579200000002857 0.041999999999999815 0.005
1.0080699999998615 -0.0129999999999999 0.005
7.978219999999965 0.02099999999999902 0.005
1.9872300000001815 0.009000000000000341 0.005
4.200689999999668 -0.06099999999999994 0.005
2.930580000000191 -0.04299999999999926 0.005
3.8491799999997056 0.022999999999999687 0.005
6.896910000000389 0.016000000000000014 0.005
1.0815599999996266 0.006000000000000227 0.005
0.988430000000335 0.03200000000000003 0.005
0.9440500000000611 -0.0129999999999999 0.005
1.0406699999998636 0.007999999999999119 0.005
1.0542399999999361 -0.015000000000000568 0.005
0.9816599999999198 0.008000000000000895 0.005
4.936840000000302 0.028999999999999915 0.005
5.978939999999966 -0.032999999999999474 0.005
1.153939999999693 -0.008000000000000895 0.005
1.067700000000059 0.019999999999999574 0.005
1.8624800000002324 -0.019999999999999574 0.005
1.0298299999999472 -0.004999999999999005 0.005
1.0234099999997852 -0.002000000000000668 0.005
0.9481300000002193 -0.0030000000000001137 0.005
2.0227099999997336 0.0009999999999994458 0.005
0.9902999999999338 0.009000000000000341 0.005
1.045720000000074 -0.018000000000000682 0.005
2.992670000000089 -0.023999999999999133 0.005
0.9688900000001013 -0.009000000000000341 0.005
2.0165200000001278 -0.007999999999999119 0.005
2.0483799999997245 -0.040000000000000924 0.005
6.94219000000021 -0.07399999999999984 0.005
1.990060000000085 0.012000000000000455 0.005
3.9983899999997448 -0.02999999999999936 0.005
7.942579999999907 0.047999999999998266 0.005
2.9842200000002777 0.04100000000000037 0.005
9.998049999999694 0.038000000000000256 0.005
2.969590000000153 0.0129999999999999 0.005
6.1092899999998735 0.09600000000000009 0.005
1.9551900000001297 -0.14400000000000013 0.005
4.910820000000058 -0.03500000000000014 0.005
4.031840000000102 -0.019999999999999574 0.005
6.987909999999829 -0.009999999999999787 0.005
2.007509999999911 -0.01699999999999946 0.005
2.9941600000001927 0.01699999999999946 0.005
6.032729999999901 -0.019000000000000128 0.005
118.3179799999998 0.009999999999999787 0.005
3.0337600000002567 -0.0470000000000006 0.005
3.983060000000023 -0.02099999999999902 0.005
2.9774499999998625 -0.03200000000000003 0.005
1.9887699999999313 0.038000000000000256 0.005
1.0028700000002573 -0.08999999999999986 0.005
1.0479700000000776 0.019000000000000128 0.005
4.912599999999657 -0.002000000000000668 0.005
2.0878099999999904 0.0030000000000001137 0.005
1.9883100000001832 0.038000000000000256 0.005
1.9143800000001647 -0.019999999999999574 0.005
2.078559999999925 0.016000000000000014 0.005
1.8803100000000086 0.03799999999999848 0.005
4.139130000000023 -0.01699999999999946 0.005
1.8614699999998265 0.0039999999999995595 0.005
1.104200000000219 -0.004999999999999005 0.005
1.0099999999997635 0.045999999999999375 0.005
0.8989999999998872 -0.026999999999999247 0.005
1.1092900000003283 0.0019999999999988916 0.005
3.0010199999996985 0.051000000000000156 0.005
2.0023800000003575 0.017000000000001236 0.005
0.9867299999996249 0.008999999999998565 0.005
3.0031400000002577 0.006000000000000227 0.005
0.9746399999999085 0.008000000000000895 0.005
1.0412599999999657 0.0019999999999988916 0.005
0.9434000000001106 0.004000000000001336 0.005
1.012499999999818 0.006999999999999673 0.005
2.9985700000002 0.030999999999998806 0.005
0.9911899999997331 -0.0009999999999994458 0.005
0.9787400000000162 -0.004999999999999005 0.005
5.013020000000324 0.05999999999999872 0.005
2.0154999999999745 -0.02200000000000024 0.005
1.0133200000000215 0.023000000000001464 0.005
0.9360099999998965 0.0129999999999999 0.005
1.9948100000001432 -0.02400000000000091 0.005
0.9927399999996851 -0.0030000000000001137 0.005
2.988839999999982 0.019000000000000128 0.005
5.068960000000061 -0.0259999999999998 0.005
0.9439499999998588 -0.0009999999999994458 0.005
0.9403300000003583 0.01699999999999946 0.005
1.0605599999998958 -0.03200000000000003 0.005
0.9643399999999929 0.021000000000000796 0.005
1.0284499999997934 0.0009999999999994458 0.005
0.9368800000002011 -0.0030000000000001137 0.005
1.0666599999999562 0.06600000000000072 0.005
0.9857600000000275 -0.0070000000000014495 0.005
4.001470000000154 -0.03200000000000003 0.005
1.0441999999998188 0.03200000000000003 0.005
0.914890000000014 -0.009999999999999787 0.005
2.0295599999999467 0.011000000000001009 0.005
2.997200000000248 0.02099999999999902 0.005
1.0082499999998618 0.0 0.005
0.9380299999997987 0.021000000000000796 0.005
1.041400000000067 -0.015000000000000568 0.005
2.9709100000000035 0.008000000000000895 0.005
0.9830000000001746 0.0 0.005
2.161529999999857 0.014999999999998792 0.005
1.7257199999999102 0.02200000000000024 0.005
3.1993200000001707 -0.04400000000000048 0.005
1.9513999999999214 -0.05299999999999905 0.005
3.8997300000000905 -0.015000000000000568 0.005
1.011869999999817 0.021000000000000796 0.005
2.997569999999996 0.004999999999999005 0.005
1.0069900000003145 0.0030000000000001137 0.005
0.9815699999999197 0.022999999999999687 0.005
1.9996099999998478 -0.004999999999999005 0.005
1.0044000000002598 -0.01699999999999946 0.005
3.0003499999997985 0.05699999999999861 0.005
0.997559999999794 -0.008999999999998565 0.005
1.0331600000004073 0.032999999999999474 0.005
2.045419999999922 -0.0030000000000001137 0.005
1.0127699999998185 0.0030000000000001137 0.005
2.8863500000002205 0.026999999999999247 0.005
10.07569999999987 0.02800000000000047 0.005
0.9191799999998693 -0.009000000000000341 0.005
1.0274300000000949 -0.02999999999999936 0.005
0.9797300000000178 0.0030000000000001137 0.005
0.9705899999999019 0.01699999999999946 0.005
2.0288399999999456 0.022999999999999687 0.005
0.1882700000001023 0.036000000000001364 0.005
3.933979999999792 -0.02900000000000169 0.005
3.940400000000409 -0.019999999999999574 0.005
0.9484599999996135 -0.02200000000000024 0.005
0.9936000000002423 0.018000000000000682 0.005
4.016590000000178 -0.01699999999999946 0.005
0.8436899999996967 0.009999999999999787 0.005
0.172649999999976 0.007999999999999119 0.005
5.962179999999989 0.0129999999999999 0.005
1.994930000000295 0.009000000000000341 0.005
0.9931499999997868 -0.0519999999999996 0.005
4.031320000000051 0.023999999999999133 0.005
0.9818599999998696 0.010000000000001563 0.005
0.9948300000000927 -0.002000000000000668 0.005
1.0263899999999921 0.02800000000000047 0.005
1.9638300000001436 0.04399999999999871 0.005
5.007119999999759 0.06300000000000061 0.005
0.9954000000002452 -0.045999999999999375 0.005
0.9939999999996871 0.009999999999999787 0.005
10.996219999999994 0.009999999999999787 0.005
1.0172099999999773 0.0030000000000001137 0.005
5.933880000000045 0.0259999999999998 0.005
8.05531000000019 -0.12199999999999989 0.005
0.9544599999999264 -0.045999999999999375 0.005
2.0958300000002055 0.04099999999999859 0.005
5.882969999999659 -0.08899999999999864 0.005
13.04101000000037 -0.10800000000000054 0.005
133.31025999999974 -0.08300000000000018 0.005
7.000049999999646 -0.018000000000000682 0.005
2.9275500000003376 -0.05299999999999905 0.005
2.0071200000002136 0.013999999999999346 0.005
5.014570000000276 0.009000000000000341 0.005
1.981710000000021 0.010999999999999233 0.005
1.053649999999834 0.02400000000000091 0.005
5.911639999999352 0.023999999999999133 0.005
1.0680500000007669 -0.016000000000000014 0.005
8.010059999999612 0.04100000000000037 0.005
12.98613000000023 0.008000000000000895 0.005
8.001379999999699 -0.009999999999999787 0.005
2.037540000000263 -0.06700000000000017 0.005
2.983860000000277 -0.0470000000000006 0.005
9.93579999999929 -0.03999999999999915 0.005
2.9878400000006877 -0.07200000000000095 0.005
3.977299999999559 0.07000000000000028 0.005
1.9580500000001848 -0.022999999999999687 0.005
1.0649999999995998 -0.04499999999999993 0.005
0.9963500000003478 0.09600000000000009 0.005
1.1553899999998976 -0.09200000000000053 0.005
3.90462000000025 0.0259999999999998 0.005
2.0479599999998754 0.019999999999999574 0.005
3.965849999999591 0.025000000000000355 0.005
16.808469999999943 0.19500000000000028 0.005
5.028780000000552 -0.08999999999999986 0.005
1.9437600000001112 -0.0470000000000006 0.005
12.115979999999581 0.009999999999999787 0.005
7.827970000000278 -0.06400000000000006 0.005
3.0026499999994485 -0.026999999999999247 0.005
3.8788600000007136 -0.006000000000000227 0.005
6.110380000000077 0.025000000000000355 0.005
3.1534599999995407 0.006999999999999673 0.005
1.896060000000034 0.06199999999999939 0.005
19.971669999999904 0.07000000000000028 0.005
1.9972900000002483 -0.006999999999999673 0.005
5.008969999999863 -0.051000000000000156 0.005
4.013979999999719 -0.009000000000000341 0.005
1.0494500000004336 -0.0009999999999994458 0.005
14.922739999999976 -0.07900000000000063 0.005
2.9933399999999892 0.028999999999999915 0.005
8.004750000000058 0.031000000000000583 0.005
1.9719999999997526 -0.002000000000000668 0.005
8.009769999999662 0.010000000000001563 0.005
128.31503000000066 0.2759999999999998 0.005
15.993929999999636 -0.08200000000000074 0.005
1.01987999999983 0.019999999999999574 0.005
4.9696500000000015 -0.004999999999999005 0.005
3.0374000000001615 -0.0129999999999999 0.005
2.9089100000001054 -0.011000000000001009 0.005
1.0870500000000902 -0.010999999999999233 0.005
2.961239999999634 0.009999999999999787 0.005
2.026310000000194 0.006000000000000227 0.005
1.9582600000003367 -0.011000000000001009 0.005
1.0175300000000789 0.027000000000001023 0.005
1.0309699999997974 -0.011000000000001009 0.005
3.9428200000002107 0.04200000000000159 0.005
1.0577699999994365 0.0009999999999994458 0.005
0.9969799999998941 0.02099999999999902 0.005
4.9903400000002875 -0.028999999999999915 0.005
1.9642499999999927 0.023000000000001464 0.005
1.9893400000000838 -0.002000000000000668 0.005
3.004149999999754 0.007999999999999119 0.005
4.013770000000477 -0.0129999999999999 0.005
2.9682199999997465 0.0 0.005
2.013520000000426 -0.009999999999999787 0.005
6.066119999999501 -0.036999999999999034 0.005
3.9123200000003635 0.0 0.005
3.0161299999999756 -0.022999999999999687 0.005
1.0092299999996612 0.0009999999999994458 0.005
1.0510999999996784 0.006999999999999673 0.005
0.037140000000363216 0.0039999999999995595 0.005
0.7147000000004482 0.008000000000000895 0.005
1.1339499999994587 -0.021000000000000796 0.005
0.977179999999862 -0.012000000000000455 0.005
1.9976000000006024 -0.017999999999998906 0.005
1.0282899999992878 -0.009999999999999787 0.005
2.0110899999999674 0.009000000000000341 0.005
0.9972600000000966 -0.026000000000001577 0.005
0.9692700000005061 0.010000000000001563 0.005
0.9794999999994616 0.0 0.005
1.00554000000011 -0.004000000000001336 0.005
1.004609999999957 -0.014999999999998792 0.005
0.9975800000001982 0.0030000000000001137 0.005
4.0167899999996735 0.0009999999999994458 0.005
4.096880000000056 0.017999999999998906 0.005
0.8704299999999421 -0.0129999999999999 0.005
0.18651000000045315 0.027000000000001023 0.005
4.802230000000236 0.0 0.005
7.059599999999591 0.017999999999998906 0.005
0.9388799999996991 0.006000000000000227 0.005
3.950810000000274 -0.014999999999998792 0.005
1.0656699999999546 0.0009999999999994458 0.005
0.9398300000002564 -0.006000000000000227 0.005
1.018329999999878 -0.009000000000000341 0.005
1.0146199999999226 0.018000000000000682 0.005
12.036070000000109 -0.009000000000000341 0.005
1.886330000000271 -0.018000000000000682 0.005
1.0109899999997651 -0.014999999999998792 0.005
1.1050999999997657 0.007999999999999119 0.005
2.9315200000000914 -0.007999999999999119 0.005
0.9289100000005419 -0.018000000000000682 0.005
0.9938499999998385 0.027000000000001023 0.005
12.928750000000036 -0.08800000000000097 0.005
6.083409999999276 -0.02099999999999902 0.005
11.00967000000037 0.1639999999999997 0.005
2.0446600000004764 -0.16000000000000014 0.005
2.93416999999954 0.02099999999999902 0.005
10.02697999999964 0.08800000000000097 0.005
12.032460000000356 0.05400000000000027 0.005
9.913160000000062 -0.040000000000000924 0.005
4.052310000000034 -0.09399999999999942 0.005
1.0159199999998236 0.0030000000000001137 0.005
41.881860000000415 0.05599999999999916 0.005
4.999619999999595 0.022999999999999687 0.005
113.36557999999968 -0.16299999999999848 0.005
2.9543100000000777 0.08999999999999986 0.005
9.964300000000549 0.014999999999998792 0.005
3.0028800000000047 0.0810000000000013 0.005
1.0888399999994363 -0.018000000000000682 0.005
0.9585000000006403 -0.006000000000000227 0.005
1.0579999999999927 0.019000000000000128 0.005
0.9383899999993446 0.034000000000000696 0.005
5.059619999999995 0.007999999999999119 0.005
1.9251800000001822 0.0009999999999994458 0.005
11.896529999999984 -0.11499999999999844 0.005
1.1177200000001903 0.02999999999999936 0.005
2.0545499999998356 0.012000000000000455 0.005
2.8797599999998056 -0.05200000000000138 0.005
1.0444400000005771 0.02000000000000135 0.005
1.0085399999998117 -0.03700000000000081 0.005
0.9949200000000928 0.015000000000000568 0.005
1.0557900000003428 -0.0039999999999995595 0.005
7.844379999999546 -0.041999999999999815 0.005
1.144800000000032 0.047999999999998266 0.005
0.854910000000018 -0.04899999999999949 0.005
1.0556900000001406 -0.03399999999999892 0.005
5.059799999999996 0.023999999999999133 0.005
2.97936000000027 0.0009999999999994458 0.005
0.9696599999997488 0.016000000000000014 0.005
