0.0 0.0 0.004
1.051119999999969 0.006999999999999673 0.004
0.9329099999999926 0.0039999999999995595 0.004
0.9927000000000135 0.002000000000000668 0.004
3.8846399999999903 -0.006000000000000227 0.004
1.0758500000000595 -0.0009999999999994458 0.004
1.938859999999977 -0.0030000000000001137 0.004
0.9539599999999382 -0.002000000000000668 0.004
5.177270000000021 -0.002000000000000668 0.004
1.0177300000000287 0.0070000000000014495 0.004
0.9943600000000288 0.004999999999999005 0.004
1.9825799999999845 0.0 0.004
2.053949999999986 0.002000000000000668 0.004
0.9827699999999595 -0.0039999999999995595 0.004
1.7507600000000139 0.0 0.004
2.1679900000000316 -0.0030000000000001137 0.004
2.9825399999999718 -0.0030000000000001137 0.004
1.0327700000000277 0.0039999999999995595 0.004
1.0210200000000214 0.0009999999999994458 0.004
4.0771799999999985 0.0039999999999995595 0.004
2.936959999999999 -0.007999999999999119 0.004
9.992309999999975 -0.016000000000000014 0.004
0.8361499999999751 0.026999999999999247 0.004
4.189889999999991 -0.0039999999999995595 0.004
1.902930000000083 -0.0039999999999995595 0.004
0.9918199999999615 0.0 0.004
7.029509999999959 0.0039999999999995595 0.004
7.920510000000036 -0.012000000000000455 0.004
0.9665800000000218 0.0 0.004
0.9130400000000236 0.0010000000000012221 0.004
1.2189899999999625 0.016000000000000014 0.004
1.9162000000000035 -0.002000000000000668 0.004
1.0124700000000075 -0.0030000000000001137 0.004
0.8266499999999724 -0.0039999999999995595 0.004
2.1095000000000255 -0.0030000000000001137 0.004
1.0280900000000202 -0.0009999999999994458 0.004
2.0710299999999506 0.016000000000000014 0.004
9.970699999999965 -0.006000000000000227 0.004
6.928809999999999 -0.009000000000000341 0.004
2.8252100000000837 0.010999999999999233 0.004
1.1436199999999417 0.0030000000000001137 0.004
7.955919999999992 -0.019000000000000128 0.004
1.1175900000000638 -0.0039999999999995595 0.004
0.8749799999999368 -0.0030000000000001137 0.004
1.1181300000000647 0.0030000000000001137 0.004
3.8177499999999327 0.006999999999999673 0.004
13.040100000000052 0.0010000000000012221 0.004
2.992999999999938 0.0019999999999988916 0.004
2.0650699999999915 0.006000000000000227 0.004
8.937900000000013 -0.0030000000000001137 0.004
0.9983200000000352 -0.004999999999999005 0.004
7.0265399999999545 0.010999999999999233 0.004
5.958510000000047 -0.004999999999999005 0.004
4.052289999999971 -0.002000000000000668 0.004
10.955699999999979 -0.0039999999999995595 0.004
5.9525000000001 0.016000000000000014 0.004
17.990039999999908 0.0 0.004
107.34322000000009 -0.0129999999999999 0.004
29.018409999999903 -0.014000000000001123 0.004
8.004400000000032 0.006000000000000227 0.004
1.9501000000000204 -0.0039999999999995595 0.004
21.093110000000024 0.0030000000000001137 0.004
9.83931999999993 -0.0010000000000012221 0.004
2.998550000000023 -0.0029999999999983373 0.004
2.0964500000000044 0.004999999999999005 0.004
2.9259700000000066 -0.0009999999999994458 0.004
1.0209300000000212 0.0039999999999995595 0.004
1.9608200000000124 -0.005000000000000782 0.004
1.9964699999999311 -0.0009999999999994458 0.004
2.988640000000032 0.008000000000000895 0.004
7.03634999999997 0.0019999999999988916 0.004
1.0117500000000064 0.002000000000000668 0.004
0.9132100000000491 0.0009999999999994458 0.004
8.101959999999963 0.006999999999999673 0.004
1.8598500000000513 -0.013999999999999346 0.004
2.2065299999999297 -0.002000000000000668 0.004
1.0055700000000343 0.002000000000000668 0.004
4.979640000000018 -0.0009999999999994458 0.004
13.768299999999954 0.010999999999999233 0.004
2.1655299999999897 -0.007999999999999119 0.004
1.907000000000039 0.0039999999999995595 0.004
1.8689299999999776 0.006999999999999673 0.004
1.1969000000000278 -0.0030000000000001137 0.004
2.7843900000000303 -0.004999999999999005 0.004
2.1528200000000197 -0.004000000000001336 0.004
24.01202999999998 -0.006999999999999673 0.004
3.8750700000000506 0.015000000000000568 0.004
10.9063799999999 -0.0030000000000001137 0.004
4.079690000000028 0.0039999999999995595 0.004
3.052500000000009 -0.006999999999999673 0.004
4.936829999999873 0.012000000000000455 0.004
5.081240000000207 -0.02000000000000135 0.004
6.961069999999836 0.0070000000000014495 0.004
7.036450000000059 0.004999999999999005 0.004
4.842669999999998 -0.0129999999999999 0.004
4.0985299999999825 0.0129999999999999 0.004
2.9025400000000445 -0.009999999999999787 0.004
8.020829999999933 0.002000000000000668 0.004
2.9784300000001167 -0.002000000000000668 0.004
3.0963799999999537 -0.002000000000000668 0.004
8.909069999999929 0.010000000000001563 0.004
11.003760000000057 -0.006000000000000227 0.004
8.020759999999882 0.006999999999999673 0.004
108.3408300000001 0.002000000000000668 0.004
8.945709999999963 -0.013000000000001677 0.004
1.0143000000000484 0.006000000000000227 0.004
3.0344199999999546 0.0 0.004
11.011899999999969 -0.0019999999999988916 0.004
3.0081300000001647 -0.006000000000000227 0.004
1.996889999999894 0.004999999999999005 0.004
2.948699999999917 0.002000000000000668 0.004
5.050030000000106 -0.002000000000000668 0.004
1.9916000000000622 0.002000000000000668 0.004
10.966069999999945 -0.012000000000000455 0.004
2.059970000000021 0.0 0.004
7.957380000000057 0.0 0.004
0.9761599999999362 0.006999999999999673 0.004
3.9833699999999226 -0.009999999999999787 0.004
1.0107299999999668 -0.0030000000000001137 0.004
1.0041200000000572 0.0030000000000001137 0.004
2.017270000000053 0.0070000000000014495 0.004
2.8718699999999444 0.004999999999999005 0.004
4.011110000000144 -0.006000000000000227 0.004
1.008969999999863 -0.006000000000000227 0.004
1.0365300000000843 0.009999999999999787 0.004
3.0147099999999227 0.0070000000000014495 0.004
2.02141000000006 -0.006000000000000227 0.004
1.0342299999999796 -0.006999999999999673 0.004
1.977619999999888 -0.005000000000000782 0.004
0.8381600000000162 0.0039999999999995595 0.004
1.1050000000000182 0.006000000000000227 0.004
1.1154200000000856 0.0039999999999995595 0.004
0.8813599999998587 0.0010000000000012221 0.004
1.0255100000001676 0.0030000000000001137 0.004
7.061029999999846 -0.009999999999999787 0.004
4.94304000000011 0.017999999999998906 0.004
1.0325800000000527 -0.0019999999999988916 0.004
1.8139799999999013 -0.005000000000000782 0.004
3.048960000000079 -0.021000000000000796 0.004
0.14918999999986227 -0.0009999999999994458 0.004
0.7643800000000738 0.005000000000000782 0.004
0.10388000000011743 -0.002000000000000668 0.004
0.18587999999999738 0.0 0.004
0.7546699999998054 0.0030000000000001137 0.004
0.09833000000003267 0.002000000000000668 0.004
0.9644000000000688 0.008999999999998565 0.004
0.1796999999999116 0.0 0.004
0.6946400000001631 0.004000000000001336 0.004
0.1282099999998536 -0.002000000000000668 0.004
0.09480000000007749 0.0009999999999994458 0.004
1.0011799999999766 0.008000000000000895 0.004
1.932649999999967 -0.009999999999999787 0.004
0.8814099999999598 -0.016000000000000014 0.004
0.02060000000005857 0.010999999999999233 0.004
0.10003000000006068 -0.0009999999999994458 0.004
0.10716999999999643 0.012000000000000455 0.004
0.7964899999999489 -0.014000000000001123 0.004
0.0999899999999343 -0.0009999999999994458 0.004
0.8609800000001542 0.006000000000000227 0.004
0.09780000000000655 -0.006000000000000227 0.004
0.1279700000000048 0.0009999999999994458 0.004
0.7688399999999547 0.0030000000000001137 0.004
0.10905000000002474 0.002000000000000668 0.004
0.13186999999993532 -0.0010000000000012221 0.004
0.7543100000000322 0.0010000000000012221 0.004
0.15091000000006716 0.0009999999999994458 0.004
0.09838999999988118 -0.002000000000000668 0.004
1.9232899999999518 0.011000000000001009 0.004
0.8662200000001121 -0.006999999999999673 0.004
0.1132399999999052 0.0039999999999995595 0.004
0.8218799999999646 -0.002000000000000668 0.004
0.10352000000011685 0.0010000000000012221 0.004
0.10764999999992142 -0.0010000000000012221 0.004
0.7880000000000109 0.0 0.004
0.09490000000005239 -0.0019999999999988916 0.004
0.10042999999996027 0.0019999999999988916 0.004
3.85924 -0.0030000000000001137 0.004
1.204629999999952 0.0030000000000001137 0.004
0.8126200000001518 0.0 0.004
3.9714899999999034 -0.0039999999999995595 0.004
0.1723099999999249 0.0030000000000001137 0.004
0.775190000000066 0.0009999999999994458 0.004
0.12434000000007472 -0.0009999999999994458 0.004
0.965099999999893 -0.0009999999999994458 0.004
0.13200000000006185 0.0030000000000001137 0.004
0.7823399999999765 -0.004000000000001336 0.004
0.10770000000002256 -0.0009999999999994458 0.004
0.11857000000009066 -0.002000000000000668 0.004
0.7957199999998466 -0.0029999999999983373 0.004
0.1137900000001082 -0.0030000000000001137 0.004
0.8396900000000187 -0.002000000000000668 0.004
0.09784999999988031 -0.0030000000000001137 0.004
3.9953100000000177 0.015000000000000568 0.004
0.05229000000008455 -0.008000000000000895 0.004
1.0408700000000408 0.011000000000001009 0.004
0.7965199999998731 0.0030000000000001137 0.004
18.13269000000014 -0.017000000000001236 0.004
1.0726999999999407 -0.0030000000000001137 0.004
1.9236100000000533 0.005000000000000782 0.004
1.0533799999998337 0.0030000000000001137 0.004
0.8500000000001364 0.0030000000000001137 0.004
1.1064400000000205 0.004999999999999005 0.004
0.9346799999998439 0.0010000000000012221 0.004
0.9936900000000151 0.0009999999999994458 0.004
0.9855099999999766 -0.008000000000000895 0.004
1.016990000000078 -0.007999999999999119 0.004
3.0186599999999544 -0.006999999999999673 0.004
1.0196300000000065 0.007999999999999119 0.004
7.042920000000095 0.008000000000000895 0.004
0.9027899999998681 0.0 0.004
3.069640000000163 0.0 0.004
10.866800000000012 0.0 0.004
1.0795399999999518 -0.005000000000000782 0.004
1.077009999999973 0.008000000000000895 0.004
3.860830000000078 0.0019999999999988916 0.004
5.050399999999854 -0.007999999999999119 0.004
2.0000400000001264 0.007999999999999119 0.004
4.9370400000000245 0.005000000000000782 0.004
10.980069999999841 -0.009999999999999787 0.004
3.071920000000091 0.0030000000000001137 0.004
13.965979999999945 0.006999999999999673 0.004
125.29745000000003 0.006000000000000227 0.004
4.036830000000009 0.0019999999999988916 0.004
3.992719999999963 -0.006999999999999673 0.004
1.9669200000000728 -0.009999999999999787 0.004
6.04415999999992 0.0039999999999995595 0.004
3.9462800000001153 0.0 0.004
2.062449999999899 -0.006999999999999673 0.004
1.9154499999999643 0.002000000000000668 0.004
2.098760000000084 0.006000000000000227 0.004
4.959949999999935 -0.002000000000000668 0.004
2.0361500000001342 -0.0009999999999994458 0.004
9.947839999999815 -0.0010000000000012221 0.004
1.0177400000000034 -0.005999999999998451 0.004
6.924250000000029 0.017999999999998906 0.004
2.036010000000033 -0.006999999999999673 0.004
6.928920000000062 -0.005000000000000782 0.004
1.0665500000000065 -0.0039999999999995595 0.004
2.007709999999861 0.0039999999999995595 0.004
0.09170000000017353 -0.004999999999999005 0.004
0.9421499999998559 0.009999999999999787 0.004
1.0259100000000672 -0.0039999999999995595 0.004
1.9580000000000837 0.0019999999999988916 0.004
1.0481899999999769 -0.006000000000000227 0.004
1.899310000000014 -0.006999999999999673 0.004
0.9611399999998866 -0.0009999999999994458 0.004
3.0706800000000385 0.016000000000000014 0.004
1.0560900000000402 0.0 0.004
4.813040000000001 -0.006000000000000227 0.004
0.10232999999993808 -0.0009999999999994458 0.004
0.11928000000011707 0.0009999999999994458 0.004
0.8689699999999903 -0.002000000000000668 0.004
0.9826499999999214 0.0030000000000001137 0.004
3.888429999999971 0.0030000000000001137 0.004
2.114240000000109 0.002000000000000668 0.004
1.8708399999998164 -0.0039999999999995595 0.004
1.248790000000099 0.0030000000000001137 0.004
0.8611499999999523 -0.0030000000000001137 0.004
1.8671100000001388 0.009000000000000341 0.004
3.0559099999998125 -0.005000000000000782 0.004
2.021439999999984 -0.005000000000000782 0.004
1.988550000000032 0.004000000000001336 0.004
1.9734900000000835 -0.006000000000000227 0.004
1.9946399999998903 -0.006000000000000227 0.004
10.148850000000039 -0.0030000000000001137 0.004
0.9109499999999571 -0.0030000000000001137 0.004
4.082370000000083 0.019999999999999574 0.004
0.8438100000000759 0.0030000000000001137 0.004
3.949039999999968 -0.0039999999999995595 0.004
2.0440399999999954 0.0030000000000001137 0.004
0.940119999999979 0.0009999999999994458 0.004
0.9881399999999303 -0.0030000000000001137 0.004
1.0069600000001628 -0.0009999999999994458 0.004
1.152409999999918 0.0009999999999994458 0.004
5.977190000000064 -0.009999999999999787 0.004
4.040939999999864 0.019999999999999574 0.004
0.9754800000000614 -0.004999999999999005 0.004
1.0866699999999128 -0.006000000000000227 0.004
3.731380000000172 -0.006999999999999673 0.004
0.959519999999884 0.0009999999999994458 0.004
1.043190000000095 0.002000000000000668 0.004
0.9663900000000467 -0.002000000000000668 0.004
1.0672899999999572 0.002000000000000668 0.004
0.9556800000000294 -0.0010000000000012221 0.004
1.1499099999998634 -0.0009999999999994458 0.004
0.8887600000000475 0.006000000000000227 0.004
0.12552000000005137 0.0 0.004
0.8455300000000534 0.0030000000000001137 0.004
1.1113399999999274 0.002000000000000668 0.004
0.9325200000000677 -0.005000000000000782 0.004
0.9253499999999804 -0.0030000000000001137 0.004
2.0939999999998236 -0.002000000000000668 0.004
1.0222600000001876 -0.0009999999999994458 0.004
1.0331599999999526 -0.002000000000000668 0.004
0.910319999999956 -0.0019999999999988916 0.004
1.0022400000000289 0.007999999999999119 0.004
7.109609999999975 0.0 0.004
1.831079999999929 0.002000000000000668 0.004
1.1827800000000934 0.006000000000000227 0.004
2.0215599999999085 -0.0039999999999995595 0.004
9.950810000000047 -0.02000000000000135 0.004
1.957490000000007 0.0030000000000001137 0.004
12.889220000000023 0.021000000000000796 0.004
2.0715000000000146 -0.009000000000000341 0.004
4.0301600000000235 0.012000000000000455 0.004
0.9096600000000308 -0.0010000000000012221 0.004
2.0365399999998317 -0.013999999999999346 0.004
2.032860000000028 -0.006999999999999673 0.004
1.9996399999999994 0.0039999999999995595 0.004
1.977350000000115 0.008000000000000895 0.004
2.0334499999999025 -0.006000000000000227 0.004
5.918339999999944 0.006999999999999673 0.004
