0.0 0.0 0.004
1.0979100000000699 0.005000000000000782 0.004
0.9263499999999567 0.010999999999999233 0.004
1.0718100000000277 -0.0009999999999994458 0.004
2.997989999999959 -0.006000000000000227 0.004
2.8636600000000954 0.009000000000000341 0.004
1.058759999999893 0.0 0.004
1.08596 -0.0009999999999994458 0.004
3.8462900000000673 0.009999999999999787 0.004
1.9761200000000372 -0.005000000000000782 0.004
1.145719999999983 -0.006000000000000227 0.004
1.9675399999999854 -0.004999999999999005 0.004
1.9345999999999322 -0.0010000000000012221 0.004
1.1198000000000548 -0.010999999999999233 0.004
0.9786599999999908 0.005000000000000782 0.004
1.0083799999999883 -0.0010000000000012221 0.004
1.0594999999999573 0.011000000000001009 0.004
0.8708800000000565 -0.002000000000000668 0.004
3.0495899999999665 0.0 0.004
0.07168000000001484 0.0009999999999994458 0.004
0.8762100000000146 0.0010000000000012221 0.004
1.0201899999999569 -0.009999999999999787 0.004
4.074680000000058 0.022999999999999687 0.004
0.9554699999999912 -0.005000000000000782 0.004
1.981610000000046 -0.013999999999999346 0.004
9.043699999999944 -0.006000000000000227 0.004
0.9207900000000109 0.013999999999999346 0.004
1.0712700000000268 -0.0039999999999995595 0.004
3.943679999999972 -0.005000000000000782 0.004
0.9173799999999801 0.0 0.004
1.0243299999999635 0.005000000000000782 0.004
0.9917800000000625 0.006999999999999673 0.004
6.043769999999995 -0.013999999999999346 0.004
0.9582000000000335 -0.0009999999999994458 0.004
1.0022199999999657 0.0009999999999994458 0.004
7.035480000000007 -0.005000000000000782 0.004
0.8921699999999646 -0.0009999999999994458 0.004
1.1093900000000758 0.0039999999999995595 0.004
0.9344499999999698 0.0039999999999995595 0.004
1.9789600000000291 0.0010000000000012221 0.004
1.067079999999919 0.0019999999999988916 0.004
0.9982700000000477 0.0010000000000012221 0.004
0.9741699999999582 -0.002000000000000668 0.004
1.0818100000000186 0.002000000000000668 0.004
1.0508700000000317 -0.0010000000000012221 0.004
1.906979999999976 -0.009999999999999787 0.004
7.873309999999947 -0.006000000000000227 0.004
1.8906200000000126 0.0 0.004
3.967989999999986 0.016000000000000014 0.004
3.039160000000038 0.0 0.004
0.25923999999997704 0.002000000000000668 0.004
0.022540000000049076 -0.0030000000000001137 0.004
0.8647700000000214 0.0039999999999995595 0.004
1.105320000000006 0.0 0.004
0.72496000000001 0.0010000000000012221 0.004
1.213869999999929 -0.0010000000000012221 0.004
0.8537000000000035 0.004000000000001336 0.004
6.060659999999984 -0.006000000000000227 0.004
0.055160000000000764 0.0039999999999995595 0.004
1.0888700000000426 0.0030000000000001137 0.004
0.769239999999968 -0.0039999999999995595 0.004
1.1635200000000623 0.007999999999999119 0.004
0.04514999999992142 -0.006999999999999673 0.004
0.760970000000043 0.0030000000000001137 0.004
3.091729999999984 -0.002000000000000668 0.004
0.9768199999999752 0.002000000000000668 0.004
0.9015699999999924 0.0039999999999995595 0.004
0.09469000000001415 -0.0009999999999994458 0.004
1.0142900000000736 -0.006000000000000227 0.004
10.95438999999999 0.012000000000000455 0.004
0.11369999999999436 0.0009999999999994458 0.004
0.9121999999999844 -0.002000000000000668 0.004
0.0938899999999876 0.0010000000000012221 0.004
0.92154000000005 -0.0129999999999999 0.004
0.915969999999902 0.0030000000000001137 0.004
0.21514999999999418 0.0 0.004
0.8104600000000346 0.0019999999999988916 0.004
0.06766000000004624 -0.0009999999999994458 0.004
0.0675899999999956 -0.0030000000000001137 0.004
0.8729799999999841 0.006999999999999673 0.004
0.0905999999999949 -0.004999999999999005 0.004
0.04480000000000928 0.0009999999999994458 0.004
7.847849999999994 -0.002000000000000668 0.004
0.04655000000002474 0.004000000000001336 0.004
0.9757999999999356 -0.002000000000000668 0.004
0.09005000000001928 0.006000000000000227 0.004
0.9309900000000653 -0.006000000000000227 0.004
0.9641799999999421 0.0039999999999995595 0.004
0.0675099999999702 -0.0009999999999994458 0.004
0.9164400000000796 -0.008000000000000895 0.004
0.06757999999990716 0.0010000000000012221 0.004
0.045550000000048385 0.008999999999998565 0.004
4.877510000000029 -0.011999999999998678 0.004
1.0411100000000033 0.006999999999999673 0.004
0.10257000000001426 -0.0039999999999995595 0.004
0.8772999999999911 0.004999999999999005 0.004
0.08542999999997392 -0.0019999999999988916 0.004
3.914449999999988 -0.006000000000000227 0.004
0.0796100000000024 0.0019999999999988916 0.004
0.9205500000000484 0.002000000000000668 0.004
0.13563999999996668 -0.006000000000000227 0.004
0.9752599999999347 0.009999999999999787 0.004
0.8976000000000113 -0.006999999999999673 0.004
5.043630000000007 -0.010999999999999233 0.004
2.053290000000061 0.02099999999999902 0.004
4.902330000000006 -0.019999999999999574 0.004
0.9832400000000234 0.0030000000000001137 0.004
17.01279999999997 -0.009000000000000341 0.004
7.00046999999995 0.013999999999999346 0.004
129.33307000000002 0.004000000000001336 0.004
4.011010000000056 0.006000000000000227 0.004
6.018069999999966 -0.009000000000000341 0.004
5.889699999999948 -0.006000000000000227 0.004
3.087409999999977 -0.006999999999999673 0.004
11.00174000000004 0.004999999999999005 0.004
6.891399999999976 -0.0019999999999988916 0.004
6.989630000000034 0.004999999999999005 0.004
3.055939999999964 -0.007999999999999119 0.004
3.093900000000076 -0.0030000000000001137 0.004
1.9998699999999872 0.0129999999999999 0.004
2.982020000000034 -0.011000000000001009 0.004
0.862769999999955 0.0 0.004
2.086590000000001 0.0070000000000014495 0.004
1.9726799999999685 -0.004000000000001336 0.004
3.0355200000000195 0.004000000000001336 0.004
4.9467200000000275 0.0 0.004
1.9030099999999948 0.005999999999998451 0.004
1.176309999999944 -0.006999999999999673 0.004
9.965850000000046 0.012000000000000455 0.004
0.9758899999999358 -0.005000000000000782 0.004
2.0247400000000653 0.009000000000000341 0.004
0.9611400000000003 0.0010000000000012221 0.004
1.9737299999999323 -0.011000000000001009 0.004
2.0305700000000115 0.0 0.004
1.1049500000000307 0.008000000000000895 0.004
14.797400000000039 -0.014000000000001123 0.004
2.9811899999999696 0.019000000000000128 0.004
1.178639999999973 0.006000000000000227 0.004
0.9384000000000015 -0.006999999999999673 0.004
4.8107800000000225 -0.012000000000000455 0.004
2.0070100000000366 -0.007999999999999119 0.004
7.112889999999993 0.013999999999999346 0.004
1.9368799999999737 -0.0129999999999999 0.004
4.017780000000016 0.007999999999999119 0.004
8.878810000000044 0.0030000000000001137 0.004
5.951980000000049 -0.006000000000000227 0.004
10.172069999999849 -0.0019999999999988916 0.004
4.941350000000057 0.004999999999999005 0.004
2.90958999999998 -0.005999999999998451 0.004
3.070359999999937 0.007999999999999119 0.004
4.05867000000012 -0.0009999999999994458 0.004
9.91238999999996 0.0 0.004
5.961139999999887 0.007999999999999119 0.004
4.032060000000001 0.0129999999999999 0.004
3.959160000000111 -0.010999999999999233 0.004
3.0998299999998835 -0.005000000000000782 0.004
2.896850000000086 -0.009999999999999787 0.004
7.006520000000137 -0.0009999999999994458 0.004
3.000630000000001 0.0019999999999988916 0.004
3.0410299999998642 0.002000000000000668 0.004
8.97828000000004 -0.004999999999999005 0.004
5.936609999999973 0.0009999999999994458 0.004
7.003999999999905 -0.0009999999999994458 0.004
4.009800000000041 0.004999999999999005 0.004
99.35193000000004 0.011000000000001009 0.004
7.971400000000131 -0.009000000000000341 0.004
7.012179999999944 0.007999999999999119 0.004
6.9670300000000225 -0.009000000000000341 0.004
4.062919999999849 -0.014999999999998792 0.004
6.9835700000001 0.009999999999999787 0.004
1.9380400000000009 0.0019999999999988916 0.004
3.001860000000079 0.004000000000001336 0.004
3.0005099999998492 -0.009999999999999787 0.004
4.005589999999984 0.014999999999998792 0.004
3.0676200000000335 -0.019999999999999574 0.004
4.944709999999986 0.013999999999999346 0.004
6.059889999999996 -0.006999999999999673 0.004
2.0291799999999967 -0.007999999999999119 0.004
8.798739999999952 0.017999999999998906 0.004
1.1488100000001396 -0.009999999999999787 0.004
0.009369999999989886 0.002000000000000668 0.004
3.897889999999961 0.012000000000000455 0.004
1.1233600000000479 -0.004000000000001336 0.004
0.852579999999989 0.009000000000000341 0.004
2.056919999999991 -0.02099999999999902 0.004
1.1169199999999364 0.005999999999998451 0.004
5.949870000000146 0.004000000000001336 0.004
0.953159999999798 -0.006999999999999673 0.004
1.0287100000000464 0.006999999999999673 0.004
5.921890000000076 -0.015000000000000568 0.004
1.9550600000000031 0.018000000000000682 0.004
1.1687400000000707 0.0039999999999995595 0.004
0.9624899999998888 -0.016000000000000014 0.004
1.052850000000035 -0.006000000000000227 0.004
0.9425699999999324 -0.0039999999999995595 0.004
0.8530499999999392 -0.0010000000000012221 0.004
1.0481900000002042 0.0 0.004
5.9378499999997985 0.017000000000001236 0.004
5.078900000000203 -0.006000000000000227 0.004
2.988979999999856 0.009999999999999787 0.004
0.975650000000087 -0.005000000000000782 0.004
2.9481499999999414 -0.005999999999998451 0.004
1.1698100000000977 0.004999999999999005 0.004
1.8360599999998612 -0.0009999999999994458 0.004
4.997250000000122 0.0019999999999988916 0.004
1.124119999999948 -0.0019999999999988916 0.004
1.9143599999999878 -0.008000000000000895 0.004
3.1414700000000266 0.004000000000001336 0.004
0.8508500000000367 -0.0010000000000012221 0.004
1.0878900000000158 0.006000000000000227 0.004
8.9070999999999 -0.0039999999999995595 0.004
1.0499099999999544 0.0030000000000001137 0.004
0.9938700000000154 -0.0039999999999995595 0.004
0.8724099999999453 0.0030000000000001137 0.004
1.0836100000001352 -0.004000000000001336 0.004
0.9429099999999835 0.005000000000000782 0.004
1.0474899999999252 0.0009999999999994458 0.004
2.9239900000000034 -0.0019999999999988916 0.004
1.9482500000001437 -0.011000000000001009 0.004
19.22546999999986 0.016000000000000014 0.004
0.859820000000127 -0.0039999999999995595 0.004
2.0998299999998835 0.0019999999999988916 0.004
1.9559600000000046 -0.005999999999998451 0.004
1.0419100000001436 0.0009999999999994458 0.004
1.9338599999998678 0.0 0.004
1.0441900000000714 0.006999999999999673 0.004
3.965819999999894 0.002000000000000668 0.004
2.914120000000139 -0.006999999999999673 0.004
5.082040000000006 -0.009000000000000341 0.004
1.7970100000000002 0.019000000000000128 0.004
13.09163999999987 -0.009999999999999787 0.004
2.005930000000035 0.008999999999998565 0.004
3.0247600000000148 -0.006999999999999673 0.004
5.986159999999927 -0.0030000000000001137 0.004
2.0185700000001816 -0.0019999999999988916 0.004
0.9798899999998412 0.0009999999999994458 0.004
3.964100000000144 0.0030000000000001137 0.004
2.985389999999825 -0.002000000000000668 0.004
3.0411599999999908 0.002000000000000668 0.004
5.960400000000163 0.0 0.004
9.971419999999853 0.006999999999999673 0.004
10.997700000000123 -0.007999999999999119 0.004
101.35780999999997 0.007999999999999119 0.004
3.9932699999999386 0.015000000000000568 0.004
5.011200000000144 -0.017000000000001236 0.004
5.97277999999983 -0.007999999999999119 0.004
3.0083700000000135 0.006999999999999673 0.004
3.0194699999999557 0.009999999999999787 0.004
4.956300000000056 -0.013999999999999346 0.004
2.9674199999999473 0.01699999999999946 0.004
4.997630000000072 0.0009999999999994458 0.004
2.059790000000021 -0.0009999999999994458 0.004
3.9455800000000636 -0.01699999999999946 0.004
2.0424799999998413 0.010999999999999233 0.004
1.9418000000000575 -0.006999999999999673 0.004
2.0056899999999587 -0.007999999999999119 0.004
2.050320000000056 0.0009999999999994458 0.004
0.9716900000000805 0.006000000000000227 0.004
0.9815399999999954 0.009000000000000341 0.004
0.09349999999994907 -0.009000000000000341 0.004
0.8630800000000818 0.013999999999999346 0.004
1.04070999999999 -0.004999999999999005 0.004
1.0346600000000308 0.0019999999999988916 0.004
0.026299999999991996 -0.0019999999999988916 0.004
4.986359999999877 -0.0030000000000001137 0.004
2.985149999999976 -0.006000000000000227 0.004
1.0291500000000724 0.0009999999999994458 0.004
0.9849999999999 -0.0039999999999995595 0.004
0.910090000000082 0.007999999999999119 0.004
4.0229199999998855 0.012000000000000455 0.004
1.9792600000000675 -0.0129999999999999 0.004
1.9769800000001396 -0.0030000000000001137 0.004
6.1423399999998765 -0.0030000000000001137 0.004
1.80637999999999 0.0129999999999999 0.004
2.109100000000126 -0.009999999999999787 0.004
1.0131099999998696 -0.0030000000000001137 0.004
1.0947100000000773 0.0030000000000001137 0.004
0.9216200000000754 0.0 0.004
1.9225199999998495 0.002000000000000668 0.004
1.0686600000001363 0.0 0.004
0.8843799999999646 -0.006999999999999673 0.004
1.09107999999992 0.0 0.004
2.928959999999961 0.009999999999999787 0.004
0.21432000000004336 -0.0030000000000001137 0.004
0.800019999999904 -0.006000000000000227 0.004
6.054160000000138 0.013999999999999346 0.004
4.895880000000034 -0.0129999999999999 0.004
2.056479999999965 0.002000000000000668 0.004
3.05944999999997 0.02099999999999902 0.004
2.8605700000000525 -0.017999999999998906 0.004
3.133829999999989 0.006000000000000227 0.004
1.833849999999984 -0.008000000000000895 0.004
2.221659999999929 0.0 0.004
1.7262500000001637 -0.006999999999999673 0.004
1.2638999999999214 0.004999999999999005 0.004
0.9153899999998885 -0.0009999999999994458 0.004
0.04592000000002372 -0.0009999999999994458 0.004
9.951140000000123 0.0009999999999994458 0.004
2.077890000000025 0.0039999999999995595 0.004
3.0005499999999756 -0.0019999999999988916 0.004
3.992079999999987 -0.0010000000000012221 0.004
0.016599999999925785 -0.004999999999999005 0.004
0.8168000000000575 0.004999999999999005 0.004
2.0440399999999954 0.004000000000001336 0.004
1.0122499999999945 0.0 0.004
0.9653699999998935 -0.0030000000000001137 0.004
0.9928999999999633 0.0 0.004
0.982260000000224 0.004999999999999005 0.004
9.984109999999873 -0.016000000000000014 0.004
2.0377599999999347 0.011000000000001009 0.004
0.9376400000001013 -0.0030000000000001137 0.004
3.1006099999999606 0.010999999999999233 0.004
1.015229999999974 0.0010000000000012221 0.004
1.0726799999999912 -0.005000000000000782 0.004
0.9050899999999729 -0.013999999999999346 0.004
0.9732500000000073 -0.005000000000000782 0.004
1.8834699999999884 0.011000000000001009 0.004
0.9507200000000466 0.016000000000000014 0.004
1.1991100000000188 0.0009999999999994458 0.004
0.838799999999992 -0.009000000000000341 0.004
1.1936299999999846 -0.0129999999999999 0.004
0.9455199999999877 -0.0039999999999995595 0.004
0.8667800000000625 0.0 0.004
0.972629999999981 0.006000000000000227 0.004
0.9971600000001217 0.006999999999999673 0.004
1.069859999999835 -0.0010000000000012221 0.004
1.034940000000006 0.004000000000001336 0.004
1.0721000000000913 -0.005000000000000782 0.004
4.957459999999855 0.0 0.004
0.8661000000001877 0.002000000000000668 0.004
1.0104299999998148 0.0019999999999988916 0.004
1.0146300000001247 -0.0009999999999994458 0.004
2.001230000000078 -0.010999999999999233 0.004
0.9948699999999917 0.0039999999999995595 0.004
1.0122899999998936 0.0009999999999994458 0.004
6.0007599999999 0.008000000000000895 0.004
0.9917300000001887 -0.005000000000000782 0.004
0.9945199999999659 0.011000000000001009 0.004
0.9923699999999371 0.0039999999999995595 0.004
0.9545200000000023 -0.0009999999999994458 0.004
2.0494200000000546 -0.005000000000000782 0.004
0.9860799999999017 -0.012000000000000455 0.004
14.06127000000015 0.015000000000000568 0.004
5.920539999999846 0.0030000000000001137 0.004
2.024120000000039 -0.0009999999999994458 0.004
2.0375799999999344 -0.017000000000001236 0.004
2.940520000000106 0.0010000000000012221 0.004
8.026059999999916 -0.004000000000001336 0.004
3.0161900000000514 0.004000000000001336 0.004
18.001250000000027 0.006999999999999673 0.004
0.9864500000001044 -0.022999999999999687 0.004
10.98424 0.007999999999999119 0.004
259.2634999999998 0.02400000000000091 0.005
7.696440000000166 -0.011000000000001009 0.005
4.089239999999791 -0.009000000000000341 0.005
2.944719999999961 -0.0030000000000001137 0.005
3.126140000000305 0.014000000000001123 0.005
4.96930999999995 0.0009999999999994458 0.005
3.1061399999998685 -0.002000000000000668 0.005
14.825740000000224 -0.013999999999999346 0.005
8.955399999999827 0.010999999999999233 0.005
5.015609999999924 0.006000000000000227 0.005
13.028310000000147 0.0010000000000012221 0.005
18.990179999999782 0.019999999999999574 0.005
0.9910100000001876 -0.019999999999999574 0.005
124.35267999999996 -0.004000000000001336 0.005
16.992439999999988 -0.006999999999999673 0.005
5.954349999999977 0.0259999999999998 0.005
8.994310000000041 -0.013999999999999346 0.005
10.060719999999947 0.009000000000000341 0.005
10.018570000000182 0.0009999999999994458 0.005
4.009739999999965 -0.002000000000000668 0.005
4.010949999999866 -0.009999999999999787 0.005
1.8935999999998785 0.018000000000000682 0.005
6.052550000000338 -0.019000000000000128 0.005
3.860019999999622 0.009000000000000341 0.005
2.058730000000196 -0.002000000000000668 0.005
1.9617699999998877 -0.0019999999999988916 0.005
10.073170000000118 0.010999999999999233 0.005
8.878679999999804 0.005000000000000782 0.005
8.021640000000389 -0.012000000000000455 0.005
1.1959399999996094 0.0009999999999994458 0.005
0.673790000000281 -0.009999999999999787 0.005
2.053219999999783 -0.0039999999999995595 0.005
2.0156300000003284 0.009999999999999787 0.005
1.9927099999999882 0.0030000000000001137 0.005
4.119319999999789 -0.006999999999999673 0.005
3.981380000000172 0.010999999999999233 0.005
5.005799999999908 -0.0030000000000001137 0.005
1.9147600000001148 0.0009999999999994458 0.005
0.8464500000000044 0.008000000000000895 0.005
2.1146099999996295 -0.019000000000000128 0.005
3.9541400000002795 -0.015000000000000568 0.005
2.0691099999999096 0.0259999999999998 0.005
2.9065300000002026 -0.006999999999999673 0.005
1.9872999999997774 0.006999999999999673 0.005
2.1349599999998645 0.0 0.005
1.8530700000001161 0.0010000000000012221 0.005
10.080600000000231 -0.006999999999999673 0.005
2.983099999999922 0.014999999999998792 0.005
3.966989999999896 -0.017999999999998906 0.005
2.958180000000084 0.006999999999999673 0.005
2.0761600000000726 0.004999999999999005 0.005
2.0543699999998353 0.009000000000000341 0.005
2.047900000000027 -0.010999999999999233 0.005
2.017899999999827 -0.012000000000000455 0.005
6.816860000000361 0.010999999999999233 0.005
3.1809599999996863 -0.006999999999999673 0.005
6.916970000000219 0.011000000000001009 0.005
0.011169999999765423 -0.004000000000001336 0.005
3.003560000000107 0.0010000000000012221 0.005
2.8390300000000934 -0.019999999999999574 0.005
1.9978499999997439 0.0019999999999988916 0.005
2.0263800000002448 0.015000000000000568 0.005
1.0999299999998584 0.0 0.005
7.944060000000263 0.0039999999999995595 0.005
3.968239999999696 -0.002000000000000668 0.005
5.0658800000001065 -0.0029999999999983373 0.005
9.007979999999861 -0.011000000000001009 0.005
17.921560000000227 -0.006000000000000227 0.005
131.37303999999995 -0.006000000000000227 0.005
8.981899999999769 0.019000000000000128 0.005
14.941890000000058 -0.004999999999999005 0.005
4.9728000000000065 0.0030000000000001137 0.005
10.983729999999923 0.0 0.005
8.063410000000204 0.0039999999999995595 0.005
2.9976999999998952 -0.013999999999999346 0.005
0.9816900000000714 0.0039999999999995595 0.005
3.9652000000000953 0.009999999999999787 0.005
6.027759999999944 0.0 0.005
3.886320000000069 -0.006999999999999673 0.005
12.23806999999988 0.02200000000000024 0.005
2.9567400000000816 -0.011000000000001009 0.005
0.8860899999999674 -0.009999999999999787 0.005
3.910449999999855 0.0 0.005
2.92278000000033 0.0129999999999999 0.005
1.9925599999996848 -0.016000000000000014 0.005
1.988090000000284 0.006000000000000227 0.005
5.207079999999678 -0.0039999999999995595 0.005
6.026760000000195 0.006999999999999673 0.005
1.9187999999999192 0.0 0.005
1.0584199999998418 -0.016000000000000014 0.005
1.7963900000004287 0.0030000000000001137 0.005
2.120629999999892 0.015000000000000568 0.005
1.953689999999824 0.0039999999999995595 0.005
1.0625100000002021 -0.014000000000001123 0.005
1.8684499999999389 0.0030000000000001137 0.005
1.0242199999997865 -0.0039999999999995595 0.005
4.969750000000204 0.013999999999999346 0.005
4.102730000000065 -0.009999999999999787 0.005
4.89487999999983 0.005000000000000782 0.005
1.9154300000000148 0.0 0.005
2.033429999999953 -0.0039999999999995595 0.005
1.1574000000000524 -0.011000000000001009 0.005
2.779120000000148 0.011000000000001009 0.005
1.2812300000000505 -0.0030000000000001137 0.005
4.914039999999659 -0.009000000000000341 0.005
2.021150000000034 0.002000000000000668 0.005
2.0018700000000536 0.004999999999999005 0.005
2.8841999999999643 0.018000000000000682 0.005
1.966150000000198 0.0009999999999994458 0.005
2.151039999999739 -0.0129999999999999 0.005
2.9225500000002285 0.010999999999999233 0.005
3.08878999999979 0.002000000000000668 0.005
2.893510000000333 -0.010999999999999233 0.005
3.02121999999963 -0.016000000000000014 0.005
4.939670000000206 0.013999999999999346 0.005
5.063050000000203 -0.02800000000000047 0.005
9.889779999999973 0.006000000000000227 0.005
3.1503499999998894 0.008000000000000895 0.005
4.86153000000013 0.014999999999998792 0.005
5.053929999999582 -0.006999999999999673 0.005
5.915840000000117 0.0039999999999995595 0.005
5.068450000000212 -0.009999999999999787 0.005
12.960250000000087 0.011000000000001009 0.005
8.025179999999636 0.0009999999999994458 0.005
113.28926000000001 -0.010999999999999233 0.005
7.965390000000298 0.004999999999999005 0.005
3.0644099999999526 0.0 0.005
5.936359999999695 -0.007999999999999119 0.005
2.0737200000003213 0.004999999999999005 0.005
2.964799999999741 -0.0009999999999994458 0.005
2.0395000000003165 -0.009999999999999787 0.005
4.906880000000001 0.011999999999998678 0.005
2.104029999999966 -0.006999999999999673 0.005
2.855619999999817 0.002000000000000668 0.005
1.9948600000002443 0.006000000000000227 0.005
1.1034899999999652 -0.0010000000000012221 0.005
1.917399999999816 -0.0009999999999994458 0.005
1.9619800000000396 -0.009999999999999787 0.005
5.026980000000094 0.012000000000000455 0.005
2.004410000000007 0.0 0.005
2.1162399999998343 -0.008000000000000895 0.005
1.8792300000000068 -0.0009999999999994458 0.005
1.1532099999999446 0.005000000000000782 0.005
3.8467399999999543 -0.0030000000000001137 0.005
1.0701200000003155 -0.005000000000000782 0.005
1.0696499999999105 0.0009999999999994458 0.005
0.8495399999997062 -0.0009999999999994458 0.005
1.0575000000003456 0.002000000000000668 0.005
1.9791999999997643 0.0259999999999998 0.005
0.9382900000000518 -0.012000000000000455 0.005
1.0619400000000496 0.0039999999999995595 0.005
3.056630000000041 -0.013999999999999346 0.005
3.950379999999768 0.012000000000000455 0.005
2.9774500000003172 -0.017000000000001236 0.005
1.0066699999997581 0.018000000000000682 0.005
0.9332500000000437 0.0030000000000001137 0.005
1.0196000000000822 -0.011000000000001009 0.005
0.9828299999999217 -0.0129999999999999 0.005
1.1714500000002772 -0.0009999999999994458 0.005
3.7987999999995736 0.011000000000001009 0.005
3.046260000000075 0.006999999999999673 0.005
1.1075000000000728 -0.0010000000000012221 0.005
0.9358200000001489 -0.010999999999999233 0.005
1.012159999999767 -0.006999999999999673 0.005
1.8586500000001251 0.02099999999999902 0.005
0.25610999999980777 -0.006999999999999673 0.005
1.8074599999999919 -0.0030000000000001137 0.005
1.9626500000003944 0.0 0.005
4.994199999999637 0.002000000000000668 0.005
1.0051500000004125 0.0019999999999988916 0.005
0.21293999999988955 -0.0019999999999988916 0.005
0.7899600000000646 0.007999999999999119 0.005
0.9427200000000084 0.006000000000000227 0.005
2.0484699999997247 -0.007999999999999119 0.005
2.0742700000000696 -0.009000000000000341 0.005
3.981180000000222 0.013999999999999346 0.005
0.9638499999996384 0.006000000000000227 0.005
0.9672500000001492 -0.0129999999999999 0.005
1.167989999999918 0.0030000000000001137 0.005
2.0472899999999754 0.0 0.005
0.8008800000002338 -0.005000000000000782 0.005
0.9689699999998993 0.0070000000000014495 0.005
1.0729999999998654 -0.011000000000001009 0.005
0.9549799999999777 0.0039999999999995595 0.005
0.97983000000022 0.002000000000000668 0.005
1.9844100000000253 -0.004999999999999005 0.005
1.0018099999997503 -0.0010000000000012221 0.005
1.0341200000002573 0.0039999999999995595 0.005
2.0284599999999955 -0.0029999999999983373 0.005
1.0302299999998468 0.0039999999999995595 0.005
0.8953200000000834 -0.017000000000001236 0.005
2.0657099999998536 0.002000000000000668 0.005
0.9490200000000186 0.019999999999999574 0.005
0.970890000000054 -0.006999999999999673 0.005
1.165309999999863 -0.007999999999999119 0.005
6.980530000000272 0.0 0.005
1.0376499999997577 0.013999999999999346 0.005
0.866280000000188 0.005000000000000782 0.005
0.9311499999998887 -0.0070000000000014495 0.005
1.0760000000000218 -0.007999999999999119 0.005
1.0028900000002068 0.009999999999999787 0.005
2.0316499999998996 0.002000000000000668 0.005
2.9877400000000307 -0.004000000000001336 0.005
1.04520999999977 -0.0039999999999995595 0.005
0.9956999999999425 0.0030000000000001137 0.005
0.8783700000003591 -0.009000000000000341 0.005
0.9770699999999124 0.006999999999999673 0.005
4.1110899999998765 -0.0029999999999983373 0.005
0.9049399999998968 -0.002000000000000668 0.005
0.9855900000002293 0.009999999999999787 0.005
4.98920999999973 0.006999999999999673 0.005
0.9992300000003524 -0.012000000000000455 0.005
4.996259999999893 0.0 0.005
1.0088700000001154 -0.0039999999999995595 0.005
1.9551199999996243 0.0 0.005
2.1291700000001583 -0.009999999999999787 0.005
0.8839299999999639 0.002000000000000668 0.005
1.0388499999999112 0.016000000000000014 0.005
0.9009600000003957 -0.006999999999999673 0.005
7.2247199999997065 -0.010000000000001563 0.005
1.9838800000002266 0.015000000000000568 0.005
0.8843400000000656 0.0030000000000001137 0.005
3.097429999999804 -0.025000000000000355 0.005
1.8865599999999176 0.005000000000000782 0.005
1.1280500000002576 -0.005000000000000782 0.005
0.8967499999998836 0.022999999999999687 0.005
1.98729000000003 -0.011999999999998678 0.005
2.9917900000000373 0.008999999999998565 0.005
2.1174599999999373 0.02000000000000135 0.005
3.858839999999873 -0.015000000000000568 0.005
3.011579999999867 -0.0129999999999999 0.005
4.0136099999999715 0.007999999999999119 0.005
2.065230000000156 -0.0129999999999999 0.005
2.86142000000018 0.018000000000000682 0.005
3.0528199999998833 -0.009999999999999787 0.005
3.950379999999768 0.0030000000000001137 0.005
2.1062400000000707 0.01699999999999946 0.005
6.926390000000083 -0.019999999999999574 0.005
4.988760000000184 0.015000000000000568 0.005
122.36355000000003 -0.019000000000000128 0.005
5.00736999999981 0.0009999999999994458 0.005
4.996930000000248 0.007999999999999119 0.005
3.0190899999997782 0.009000000000000341 0.005
2.965940000000046 -0.0129999999999999 0.005
11.936310000000049 0.0039999999999995595 0.005
2.0540900000000875 -0.0039999999999995595 0.005
2.0286200000000463 0.0039999999999995595 0.005
2.8897699999997712 0.008000000000000895 0.005
3.0248900000001413 -0.009999999999999787 0.005
2.0572299999998904 0.007999999999999119 0.005
2.9577500000000327 -0.014999999999998792 0.005
0.971009999999751 0.007999999999999119 0.005
0.0492300000000796 0.0039999999999995595 0.005
9.008130000000165 0.0030000000000001137 0.005
1.9056700000001001 -0.013999999999999346 0.005
2.089889999999741 -0.0039999999999995595 0.005
1.0673600000000079 -0.009999999999999787 0.005
0.8373300000002928 0.007999999999999119 0.005
1.1780699999999342 0.0030000000000001137 0.005
0.8451299999996991 0.0009999999999994458 0.005
2.0870700000000397 0.011000000000001009 0.005
1.9492600000003222 -0.006999999999999673 0.005
1.8994299999999384 -0.002000000000000668 0.005
2.1595899999997528 0.009000000000000341 0.005
12.96327999999994 0.0009999999999994458 0.005
0.8741100000002007 0.009000000000000341 0.005
3.0640699999999015 -0.009000000000000341 0.005
0.9937300000001414 -0.009000000000000341 0.005
1.0307199999997465 -0.0030000000000001137 0.005
0.9615300000000389 -0.0019999999999988916 0.005
1.0164500000000771 0.0 0.005
2.1347200000000157 0.013999999999999346 0.005
1.9528000000000247 0.006000000000000227 0.005
0.9473299999999654 -0.0039999999999995595 0.005
1.0118499999998676 -0.006000000000000227 0.005
0.9521500000000742 -0.006999999999999673 0.005
0.8721199999999953 -0.0010000000000012221 0.005
5.2846700000000055 0.011000000000001009 0.005
2.7076700000002347 -0.0039999999999995595 0.005
1.1057799999998679 0.006999999999999673 0.005
0.9115499999998065 -0.004000000000001336 0.005
1.0401300000003175 0.013000000000001677 0.005
1.0430900000001202 0.0009999999999994458 0.005
0.977429999999913 -0.0259999999999998 0.005
0.07727999999997337 0.0 0.005
1.009309999999914 -0.004000000000001336 0.005
1.0904199999999946 0.012000000000000455 0.005
0.8617300000000796 0.0 0.005
1.124789999999848 0.006000000000000227 0.005
0.6980400000002192 -0.010999999999999233 0.005
8.246549999999843 0.006999999999999673 0.005
0.7800099999999475 0.0 0.005
2.260150000000067 -0.0030000000000001137 0.005
5.818870000000061 0.006999999999999673 0.005
3.0870899999999892 -0.002000000000000668 0.005
0.9750199999998586 -0.0039999999999995595 0.005
1.0220899999999347 0.0010000000000012221 0.005
0.8993100000002414 0.006999999999999673 0.005
1.077049999999872 -0.006000000000000227 0.005
1.8865200000000186 -0.006000000000000227 0.005
2.0166699999999764 0.0009999999999994458 0.005
1.0802100000000792 0.005000000000000782 0.005
1.074500000000171 -0.012000000000000455 0.005
0.8523899999995592 0.013999999999999346 0.005
0.8551000000002205 -0.009999999999999787 0.005
1.0538299999998344 0.004000000000001336 0.005
1.0873200000000907 0.009999999999999787 0.005
5.098230000000058 -0.015000000000000568 0.005
3.8119700000002013 0.006999999999999673 0.005
1.0549899999996342 -0.009999999999999787 0.005
0.9886700000001838 -0.0030000000000001137 0.005
0.9747000000002117 0.0009999999999994458 0.005
1.0655299999998533 0.0070000000000014495 0.005
0.9466999999999643 0.0039999999999995595 0.005
0.9284800000000359 -0.0039999999999995595 0.005
1.0387900000000627 0.007999999999999119 0.005
1.040219999999863 0.002000000000000668 0.005
0.9481200000000172 -0.009000000000000341 0.005
0.9497499999997672 0.006000000000000227 0.005
1.0759000000002743 -0.0009999999999994458 0.005
0.9907499999999345 -0.005000000000000782 0.005
0.9810900000002221 -0.002000000000000668 0.005
1.1522299999996903 0.0 0.005
0.934020000000146 0.0010000000000012221 0.005
0.9712500000000546 0.0009999999999994458 0.005
0.9684799999999996 -0.0009999999999994458 0.005
2.0159699999999248 0.006999999999999673 0.005
1.0052599999999074 0.009000000000000341 0.005
7.956660000000284 -0.0010000000000012221 0.005
1.0048899999997047 0.0070000000000014495 0.005
1.0062200000002122 -0.004000000000001336 0.005
4.000509999999849 -0.01699999999999946 0.005
0.9970699999998942 0.006999999999999673 0.005
7.121010000000297 -0.0030000000000001137 0.005
3.849199999999655 -0.012000000000000455 0.005
1.1084000000000742 0.011000000000001009 0.005
8.93082000000004 -0.012000000000000455 0.005
2.922990000000027 0.008000000000000895 0.005
2.0580300000001444 0.0009999999999994458 0.005
5.944919999999911 0.002000000000000668 0.005
3.0514800000000832 -0.0030000000000001137 0.005
3.0309199999996963 -0.002000000000000668 0.005
2.915430000000015 0.0129999999999999 0.005
4.07979000000023 -0.006999999999999673 0.005
4.936290000000099 0.0030000000000001137 0.005
2.995840000000044 0.004999999999999005 0.005
5.011379999999917 -0.01699999999999946 0.005
108.36916999999994 0.019999999999999574 0.005
5.979769999999917 -0.004999999999999005 0.005
5.990960000000086 -0.005000000000000782 0.005
4.00055999999995 0.005000000000000782 0.005
2.990020000000186 0.006999999999999673 0.005
1.9906999999998334 -0.0009999999999994458 0.005
1.99416999999994 -0.016000000000000014 0.005
1.048240000000078 0.006000000000000227 0.005
2.922349999999824 -0.004000000000001336 0.005
1.9902200000001358 0.008000000000000895 0.005
1.0427700000000186 0.019000000000000128 0.005
1.037409999999909 -0.014000000000001123 0.005
0.9967000000001462 0.0 0.005
1.9730099999997037 -0.0019999999999988916 0.005
1.0037300000003597 -0.005000000000000782 0.005
1.0480600000000777 0.0 0.005
1.0271599999996397 0.002000000000000668 0.005
1.9856400000003305 0.0030000000000001137 0.005
0.997599999999693 -0.0030000000000001137 0.005
3.9098699999999553 0.0009999999999994458 0.005
1.063670000000002 0.006999999999999673 0.005
0.9636900000000423 -0.0019999999999988916 0.005
1.0042300000000068 -0.002000000000000668 0.005
1.0503300000000309 0.0030000000000001137 0.005
0.9639999999999418 -0.0030000000000001137 0.005
0.9975899999999456 -0.0009999999999994458 0.005
1.0218700000000354 -0.002000000000000668 0.005
0.9778400000000147 0.002000000000000668 0.005
1.0229600000002392 0.0030000000000001137 0.005
0.9754100000000108 0.0019999999999988916 0.005
0.9782599999998638 -0.0030000000000001137 0.005
0.9924500000001899 -0.0019999999999988916 0.005
1.9915299999997842 0.0 0.005
0.036160000000108994 0.0 0.005
0.8751099999999497 -0.009000000000000341 0.005
1.1372799999999188 0.012000000000000455 0.005
0.9504700000002231 -0.004000000000001336 0.005
1.0048699999997552 -0.011999999999998678 0.005
0.990060000000085 -0.0030000000000001137 0.005
1.0041599999999562 0.006000000000000227 0.005
1.0084200000001147 0.0019999999999988916 0.005
0.9946700000000419 0.0030000000000001137 0.005
0.9781699999998636 -0.006000000000000227 0.005
4.000890000000254 0.014000000000001123 0.005
1.004399999999805 0.0009999999999994458 0.005
1.0799200000001292 -0.009999999999999787 0.005
0.9438399999999092 -0.0030000000000001137 0.005
1.0115700000001198 0.004999999999999005 0.005
0.9344599999999446 0.005000000000000782 0.005
1.0098800000000665 0.0 0.005
0.9885599999997794 0.0 0.005
0.9927000000002408 -0.006000000000000227 0.005
2.9888899999996283 0.0030000000000001137 0.005
2.0601400000000467 0.0039999999999995595 0.005
0.9452300000002651 0.011000000000001009 0.005
1.1449699999998302 -0.011000000000001009 0.005
0.8418599999999969 -0.0009999999999994458 0.005
1.017280000000028 -0.002000000000000668 0.005
1.0117300000001705 -0.0019999999999988916 0.005
0.9891499999998814 0.0 0.005
0.8892000000000735 -0.002000000000000668 0.005
1.0058199999998578 -0.0019999999999988916 0.005
1.143289999999979 0.0029999999999983373 0.005
0.8513499999999112 -0.008999999999998565 0.005
1.1612700000000586 0.006999999999999673 0.005
3.8251500000001215 -0.0039999999999995595 0.005
1.2219799999998031 0.0 0.005
0.7681299999999283 0.0019999999999988916 0.005
1.9945700000002944 -0.004999999999999005 0.005
0.03870000000006257 0.004999999999999005 0.005
3.073120000000017 -0.012000000000000455 0.005
0.9997699999998986 0.011000000000001009 0.005
0.9349899999997433 0.006000000000000227 0.005
1.0525800000000345 0.006000000000000227 0.005
2.9616399999999885 -0.004000000000001336 0.005
0.9927099999999882 -0.009999999999999787 0.005
2.1547300000001997 0.002000000000000668 0.005
0.7906299999999646 -0.006999999999999673 0.005
1.132759999999962 0.010999999999999233 0.005
1.0589500000000953 -0.009000000000000341 0.005
0.8979699999999866 0.011000000000001009 0.005
1.0416300000001684 -0.006999999999999673 0.005
1.948359999999866 0.0 0.005
3.907839999999851 0.0009999999999994458 0.005
1.0166400000002795 0.0039999999999995595 0.005
1.014589999999771 -0.0009999999999994458 0.005
1.1021900000000642 -0.0030000000000001137 0.005
0.8808399999998073 0.0039999999999995595 0.005
1.000260000000253 0.009999999999999787 0.005
0.9881199999999808 0.0 0.005
1.0612200000000485 -0.0030000000000001137 0.005
0.9286899999997331 -0.009999999999999787 0.005
1.0060100000000602 -0.007999999999999119 0.005
1.061200000000099 0.0 0.005
1.940309999999954 0.007999999999999119 0.005
0.9975199999998949 0.009999999999999787 0.005
1.0180300000001807 -0.0030000000000001137 0.005
0.9798000000000684 0.0070000000000014495 0.005
1.0512799999996787 0.0030000000000001137 0.005
1.0403800000003685 -0.006000000000000227 0.005
1.0026299999999537 -0.0129999999999999 0.005
0.9371799999998984 -0.005000000000000782 0.005
0.9519799999998213 0.006999999999999673 0.005
0.2776000000003478 -0.017999999999998906 0.005
0.7344699999998738 0.01699999999999946 0.005
9.05009999999993 0.006000000000000227 0.005
0.9360099999998965 -0.015000000000000568 0.005
0.13756000000012136 -0.004999999999999005 0.005
0.9529200000001765 -0.004000000000001336 0.005
0.9136199999998098 0.011000000000001009 0.005
0.9707100000000537 0.0009999999999994458 0.005
1.0781799999999748 0.005000000000000782 0.005
0.922320000000127 0.004999999999999005 0.005
1.0756099999998696 0.0129999999999999 0.005
0.9330599999998412 -0.0039999999999995595 0.005
2.140229999999974 -0.013999999999999346 0.005
3.9415100000001075 0.0009999999999994458 0.005
0.939679999999953 0.0039999999999995595 0.005
0.9972200000001976 -0.0039999999999995595 0.005
4.012369999999919 -0.006000000000000227 0.005
1.0263899999999921 0.009999999999999787 0.005
5.010260000000017 -0.0129999999999999 0.005
0.9378099999998994 0.019000000000000128 0.005
1.0804299999999785 -0.007999999999999119 0.005
0.9320600000000923 -0.0010000000000012221 0.005
0.9882099999999809 -0.010999999999999233 0.005
3.0413699999999153 0.004999999999999005 0.005
0.9830300000003263 0.0030000000000001137 0.005
0.9935499999996864 -0.004999999999999005 0.005
0.9879300000002331 -0.009999999999999787 0.005
1.032420000000002 0.007999999999999119 0.005
0.9540799999999763 0.006000000000000227 0.005
1.007499999999709 -0.010999999999999233 0.005
1.0131599999999708 0.0129999999999999 0.005
0.9158100000004197 0.0030000000000001137 0.005
0.04246999999986656 0.0 0.005
0.07341999999971449 -0.004000000000001336 0.005
0.07559000000037486 -0.0009999999999994458 0.005
1.9540999999999258 -0.009000000000000341 0.005
0.9324400000000423 0.009999999999999787 0.005
0.9949200000000928 -0.009999999999999787 0.005
0.997559999999794 -0.009000000000000341 0.005
3.018779999999879 0.03300000000000125 0.005
2.932510000000093 -0.016000000000000014 0.005
4.1253099999998994 0.006000000000000227 0.005
0.9199600000001737 0.0019999999999988916 0.005
1.0172600000000784 -0.0030000000000001137 0.005
1.065389999999752 0.009000000000000341 0.005
1.8931000000002314 -0.015000000000000568 0.005
3.0685499999999593 0.0010000000000012221 0.005
1.0276199999998425 -0.0010000000000012221 0.005
3.906420000000253 -0.0009999999999994458 0.005
2.0234599999998863 0.0009999999999994458 0.005
1.0009000000000015 0.0030000000000001137 0.005
2.0186899999998786 0.006999999999999673 0.005
1.0154700000002777 -0.0039999999999995595 0.005
0.9856299999996736 -0.009000000000000341 0.005
4.9170899999999165 0.027000000000001023 0.005
4.026569999999992 -0.025000000000000355 0.005
1.9746600000003127 0.009000000000000341 0.005
2.0042100000000573 0.0030000000000001137 0.005
2.005959999999959 -0.006999999999999673 0.005
3.0296399999997448 -0.002000000000000668 0.005
1.9955400000003465 0.002000000000000668 0.005
2.016049999999723 0.0039999999999995595 0.005
118.32989999999972 0.026999999999999247 0.005
7.994860000000699 -0.017999999999998906 0.005
2.968229999999494 0.0 0.005
2.01882999999998 -0.002000000000000668 0.005
2.946429999999964 -0.006999999999999673 0.005
2.0407100000002174 0.006000000000000227 0.005
2.015849999999773 0.009999999999999787 0.005
2.0360200000004625 -0.005000000000000782 0.005
5.8860399999994115 -0.013999999999999346 0.005
1.9929799999999886 0.013999999999999346 0.005
1.049550000000636 -0.007999999999999119 0.005
1.046969999999419 0.0039999999999995595 0.005
1.8834600000000137 -0.013999999999999346 0.005
1.0990300000003117 0.009999999999999787 0.005
1.0522199999995792 0.006999999999999673 0.005
1.8826699999999619 0.0030000000000001137 0.005
1.1209500000004482 0.006999999999999673 0.005
4.890180000000328 -0.007999999999999119 0.005
1.1001399999995556 -0.008000000000000895 0.005
0.9185800000004747 -0.015000000000000568 0.005
1.0109499999998661 0.0010000000000012221 0.005
1.0216099999997823 0.006999999999999673 0.005
1.9884499999998297 0.004999999999999005 0.005
5.981310000000121 -0.0019999999999988916 0.005
0.9881699999996272 0.004999999999999005 0.005
0.995440000000599 -0.0009999999999994458 0.005
0.9950699999999415 0.011000000000001009 0.005
2.0020699999995486 -0.008000000000000895 0.005
1.0235400000001391 0.0039999999999995595 0.005
4.975180000000364 -0.0129999999999999 0.005
2.006279999999606 0.002000000000000668 0.005
0.9577399999998306 0.007999999999999119 0.005
1.0078000000003158 -0.0019999999999988916 0.005
1.0549499999997352 0.007999999999999119 0.005
1.0271300000003976 -0.006000000000000227 0.005
0.9399899999998524 -0.0009999999999994458 0.005
1.965809999999692 -0.012000000000000455 0.005
2.1164400000006935 0.0030000000000001137 0.005
3.8807699999997567 0.017000000000001236 0.005
0.9846600000000763 -0.0070000000000014495 0.005
0.9838099999997212 -0.0009999999999994458 0.005
1.0023700000001554 -0.006000000000000227 0.005
0.8866600000001199 -0.0019999999999988916 0.005
0.12482999999974709 -0.008000000000000895 0.005
1.8937599999999293 0.0030000000000001137 0.005
1.0679799999998068 0.009000000000000341 0.005
3.049940000000788 0.006000000000000227 0.005
0.979139999999461 0.0039999999999995595 0.005
1.1407600000002276 0.0039999999999995595 0.005
2.898809999999685 -0.0019999999999988916 0.005
0.9751299999998082 -0.006000000000000227 0.005
0.9908000000004904 -0.004000000000001336 0.005
1.0576700000001438 0.002000000000000668 0.005
4.025410000000193 0.008000000000000895 0.005
5.836899999999332 -0.0010000000000012221 0.005
2.00974000000042 -0.014999999999998792 0.005
8.965259999999944 0.010999999999999233 0.005
1.1686099999997168 -0.0009999999999994458 0.005
0.8098600000002989 0.0009999999999994458 0.005
3.0505599999996775 -0.008000000000000895 0.005
1.049130000000332 0.0010000000000012221 0.005
0.7966299999998228 -0.006999999999999673 0.005
1.1548099999999977 0.0009999999999994458 0.005
1.9574099999999817 0.009000000000000341 0.005
1.0159499999999753 0.013999999999999346 0.005
4.945289999999659 -0.01699999999999946 0.005
0.9840000000003783 0.0009999999999994458 0.005
1.0033599999997023 0.0039999999999995595 0.005
0.9995400000007066 -0.0009999999999994458 0.005
3.034839999999349 -0.0030000000000001137 0.005
1.022570000000087 -0.006999999999999673 0.005
1.0636899999999514 -0.002000000000000668 0.005
0.8614000000006854 0.009000000000000341 0.005
1.0062199999993027 0.008000000000000895 0.005
0.9929400000000896 -0.0070000000000014495 0.005
1.0218500000000859 0.002000000000000668 0.005
0.9869099999996251 -0.009000000000000341 0.005
1.0621000000001004 -0.0030000000000001137 0.005
0.9759200000007695 0.0010000000000012221 0.005
0.9703700000000026 0.0019999999999988916 0.005
0.8984599999994316 0.011000000000001009 0.005
1.1802800000004936 0.004999999999999005 0.005
0.9822999999996682 0.0010000000000012221 0.005
1.1313799999998082 -0.0070000000000014495 0.005
0.8334300000005896 -0.0030000000000001137 0.005
2.000909999999749 0.0 0.005
4.100760000000264 0.0070000000000014495 0.005
1.8939999999993233 -0.004000000000001336 0.005
3.010290000000168 0.004000000000001336 0.005
1.021099999999933 -0.005000000000000782 0.005
0.8984099999997852 0.015000000000000568 0.005
2.0631200000007084 -0.0010000000000012221 0.005
1.0929099999993923 -0.022999999999999687 0.005
5.922900000000482 0.009999999999999787 0.005
1.024779999999737 -0.0039999999999995595 0.005
0.9422199999999066 0.005000000000000782 0.005
0.9928900000004433 -0.002000000000000668 0.005
1.0420399999993606 -0.0009999999999994458 0.005
0.964680000000044 0.014999999999998792 0.005
1.071020000000317 -0.004999999999999005 0.005
0.9296699999995326 -0.009999999999999787 0.005
0.9674300000006042 0.006999999999999673 0.005
4.063000000000102 -0.009000000000000341 0.005
0.9690999999993437 -0.0009999999999994458 0.005
1.0970800000004601 0.004999999999999005 0.005
0.9049199999999473 -0.008999999999998565 0.005
1.0363100000004124 0.0019999999999988916 0.005
0.9792399999996633 -0.0009999999999994458 0.005
1.045180000000073 0.006000000000000227 0.005
0.9546599999994214 0.0030000000000001137 0.005
1.0020500000000538 0.0009999999999994458 0.005
1.0138800000004267 0.0030000000000001137 0.005
1.9718800000000556 0.0009999999999994458 0.005
1.0617999999994936 -0.0009999999999994458 0.005
0.9402800000007119 0.004999999999999005 0.005
2.019859999999426 -0.008999999999998565 0.005
1.019510000000082 0.0030000000000001137 0.005
1.0129400000005262 -0.004000000000001336 0.005
0.9516499999999724 0.005000000000000782 0.005
2.0225099999997838 -0.009000000000000341 0.005
1.0191299999996772 -0.002000000000000668 0.005
2.000680000000102 -0.0039999999999995595 0.005
0.9938099999999395 0.0039999999999995595 0.005
5.955190000000584 -0.0019999999999988916 0.005
3.016020000000026 -0.006999999999999673 0.005
1.990509999999631 0.007999999999999119 0.005
4.981999999999971 -0.0030000000000001137 0.005
3.0032099999998536 0.008000000000000895 0.005
15.009460000000217 0.006000000000000227 0.005
110.27855999999974 -0.02200000000000024 0.005
6.0143800000005285 0.0030000000000001137 0.005
2.018289999999979 0.006000000000000227 0.005
3.9842399999997724 -0.005000000000000782 0.005
2.9703199999994467 0.0030000000000001137 0.005
3.0093400000005204 0.009999999999999787 0.005
5.98804999999993 0.0030000000000001137 0.005
3.0357899999999063 -0.005000000000000782 0.005
2.022689999999784 0.0010000000000012221 0.005
1.929630000000543 0.004999999999999005 0.005
1.943279999999504 -0.0009999999999994458 0.005
1.1271600000000035 -0.008000000000000895 0.005
0.997229999999945 -0.005999999999998451 0.005
0.9634200000000419 0.019000000000000128 0.005
1.0260800000005474 -0.004000000000001336 0.005
0.9976099999994403 0.002000000000000668 0.005
0.9246100000000297 -0.0009999999999994458 0.005
1.0531300000002375 0.004999999999999005 0.005
1.0161500000003798 -0.0009999999999994458 0.005
2.999769999999444 0.0009999999999994458 0.005
0.981710000000021 -0.0039999999999995595 0.005
1.0046300000003612 -0.0009999999999994458 0.005
3.967920000000049 -0.002000000000000668 0.005
1.0263299999996889 0.0039999999999995595 0.005
0.9964499999996406 -0.0030000000000001137 0.005
0.9676600000002509 0.009999999999999787 0.005
1.0002700000004552 -0.008999999999998565 0.005
0.9888999999993757 -0.008000000000000895 0.005
3.004320000000007 0.0009999999999994458 0.005
0.9889499999999316 0.005000000000000782 0.005
1.0020100000001548 -0.002000000000000668 0.005
1.0003900000001522 0.004000000000001336 0.005
1.0223900000000867 -0.009000000000000341 0.005
0.9938499999998385 -0.005000000000000782 0.005
0.9906600000003891 -0.0039999999999995595 0.005
0.9837200000001758 0.0 0.005
1.037899999999354 0.010999999999999233 0.005
0.9756600000000617 0.002000000000000668 0.005
1.0021299999998519 0.010999999999999233 0.005
1.0087800000001153 0.002000000000000668 0.005
3.0426500000003216 -0.012000000000000455 0.005
4.810209999999643 0.0070000000000014495 0.005
2.211369999999988 -0.012000000000000455 0.005
0.7984700000006342 -0.0010000000000012221 0.005
1.130019999999604 -0.0039999999999995595 0.005
0.9830000000001746 -0.0030000000000001137 0.005
0.842160000000149 0.002000000000000668 0.005
1.1081399999993664 0.006999999999999673 0.005
0.8841800000000148 -0.004999999999999005 0.005
1.108940000000075 0.0 0.005
0.985250000000633 -0.0030000000000001137 0.005
1.028559999999743 -0.0030000000000001137 0.005
0.987739999999576 0.006000000000000227 0.005
0.9892100000006394 0.0039999999999995595 0.005
1.0311899999996967 0.0009999999999994458 0.005
0.9694399999998495 -0.0039999999999995595 0.005
0.975760000000264 -0.0030000000000001137 0.005
1.0091199999997116 0.0039999999999995595 0.005
1.0046400000001086 -0.0039999999999995595 0.005
0.9941200000002937 0.0030000000000001137 0.005
1.2234300000000076 0.0 0.005
2.790390000000116 0.007999999999999119 0.005
4.093829999999798 -0.006000000000000227 0.005
0.8798900000001595 0.009000000000000341 0.005
0.1865299999999479 -0.0030000000000001137 0.005
0.8748699999996461 -0.0009999999999994458 0.005
3.1152400000000853 0.0 0.005
0.8053600000002916 -0.0009999999999994458 0.005
1.1117899999999281 -0.008000000000000895 0.005
0.9290099999998347 0.006000000000000227 0.005
3.9412899999997535 0.018000000000000682 0.005
1.0798400000003312 -0.012000000000000455 0.005
0.9354499999999462 0.0009999999999994458 0.005
0.9850500000002285 -0.0039999999999995595 0.005
1.05007999999998 0.0030000000000001137 0.005
0.9230899999993198 0.0009999999999994458 0.005
1.0002800000002026 0.0030000000000001137 0.005
1.0652099999997517 -0.0019999999999988916 0.005
0.9368000000004031 -0.0010000000000012221 0.005
1.0215299999999843 -0.0019999999999988916 0.005
0.9978199999995923 -0.0010000000000012221 0.005
1.0591000000003987 0.004000000000001336 0.005
6.045430000000124 0.0009999999999994458 0.005
0.8999899999998888 0.004999999999999005 0.005
1.1565600000003542 0.0030000000000001137 0.005
0.8418499999997948 -0.005999999999998451 0.005
0.965979999999945 -0.0010000000000012221 0.005
1.0671199999997043 0.0030000000000001137 0.005
0.9225900000001275 -0.0039999999999995595 0.005
0.9806399999997666 0.009000000000000341 0.005
1.0103800000006231 -0.004000000000001336 0.005
1.9941499999995358 -0.010999999999999233 0.005
1.0282999999999447 -0.002000000000000668 0.005
1.0149700000001758 -0.011999999999998678 0.005
0.9290799999998853 -0.002000000000000668 0.005
0.9939400000002934 -0.0009999999999994458 0.005
1.039119999999457 0.013999999999999346 0.005
0.9642900000008012 0.0009999999999994458 0.005
0.9982999999992899 0.0070000000000014495 0.005
2.162090000000717 -0.010000000000001563 0.005
1.9494999999997162 0.005000000000000782 0.005
0.8826399999998102 0.005000000000000782 0.005
4.161729999999807 -0.005000000000000782 0.005
0.9054500000002008 -0.002000000000000668 0.005
4.064750000000458 0.006000000000000227 0.005
0.9247199999999793 -0.0030000000000001137 0.005
0.9595999999992273 0.002000000000000668 0.005
2.006430000000364 -0.0039999999999995595 0.005
2.9725399999997535 -0.0010000000000012221 0.005
4.015339999999924 0.0010000000000012221 0.005
1.0174999999999272 -0.002000000000000668 0.005
0.9969800000008036 -0.006999999999999673 0.005
1.0180099999997765 0.006999999999999673 0.005
0.9677099999998973 0.013999999999999346 0.005
1.1167599999998856 0.005000000000000782 0.005
0.9304400000000896 -0.0039999999999995595 0.005
0.9436599999999089 -0.006999999999999673 0.005
6.077769999999873 0.013999999999999346 0.005
2.9259799999999814 -0.016000000000000014 0.005
1.0262600000005477 -0.012000000000000455 0.005
1.9950300000000425 0.014000000000001123 0.005
0.9828699999998207 -0.004000000000001336 0.005
1.0149400000000242 -0.0019999999999988916 0.005
1.0672899999999572 0.006000000000000227 0.005
4.933500000000095 -0.0030000000000001137 0.005
2.0352100000000064 -0.005000000000000782 0.005
6.036729999999807 0.009000000000000341 0.005
3.9454900000000634 -0.008000000000000895 0.005
0.968869999999697 -0.0030000000000001137 0.005
3.0120600000000195 0.013000000000001677 0.005
1.9792200000001685 0.021999999999998465 0.005
5.049570000000131 -0.03500000000000014 0.005
6.875890000000254 -0.0019999999999988916 0.005
2.1041999999997643 -0.0039999999999995595 0.005
7.964739999999438 0.009999999999999787 0.005
5.97551999999996 0.004999999999999005 0.005
0.9783000000006723 -0.007999999999999119 0.005
3.9903699999995297 0.009999999999999787 0.005
8.023000000000138 -0.005000000000000782 0.005
5.987509999999929 -0.004999999999999005 0.005
102.32862000000023 0.0039999999999995595 0.005
3.030240000000049 0.010999999999999233 0.005
6.981759999999667 -0.01699999999999946 0.005
2.0383300000003146 0.018000000000000682 0.005
4.904410000000098 -0.012000000000000455 0.005
5.083369999999377 0.006999999999999673 0.005
3.017760000000635 -0.0009999999999994458 0.005
2.92479000000003 0.006999999999999673 0.005
1.0582399999993868 0.005000000000000782 0.005
1.9914699999999357 -0.008000000000000895 0.005
4.006560000000718 -0.0030000000000001137 0.005
1.9864899999993213 0.0010000000000012221 0.005
0.9991500000005544 -0.004000000000001336 0.005
0.8799499999995533 -0.006999999999999673 0.005
0.029610000000502623 0.006999999999999673 0.005
0.03015999999934138 -0.0039999999999995595 0.005
0.03382000000055996 0.005000000000000782 0.005
0.00871999999981199 -0.002000000000000668 0.005
0.025429999999687425 0.006000000000000227 0.005
0.03382000000055996 -0.006999999999999673 0.005
0.9412000000002081 0.0 0.005
0.03866999999991094 0.0030000000000001137 0.005
0.030029999999896972 0.0009999999999994458 0.005
1.855160000000069 -0.012000000000000455 0.005
0.13024999999925058 0.011000000000001009 0.005
0.8686900000002424 -0.0129999999999999 0.005
0.14490999999998166 0.0019999999999988916 0.005
1.8020400000004884 0.005000000000000782 0.005
1.023639999999432 0.0009999999999994458 0.005
0.014180000000123982 0.002000000000000668 0.005
4.025430000000597 -0.011000000000001009 0.005
2.053839999999582 0.017000000000001236 0.005
1.9687199999998484 0.007999999999999119 0.005
1.0333500000006097 -0.018000000000000682 0.005
0.9438499999996566 0.004000000000001336 0.005
0.9551899999996749 -0.006000000000000227 0.005
1.048330000000533 0.0009999999999994458 0.005
4.975029999999606 -0.0039999999999995595 0.005
1.0253199999997378 0.004999999999999005 0.005
1.9540900000001784 0.0129999999999999 0.005
1.0407999999997628 -0.009999999999999787 0.005
0.9878900000003341 0.005000000000000782 0.005
2.0923099999999977 -0.019000000000000128 0.005
4.92497000000003 0.0129999999999999 0.005
2.0269600000001446 0.0 0.005
0.9646000000002459 0.009000000000000341 0.005
0.9618499999996857 -0.002000000000000668 0.005
