0.0 0.0 0.009
6.990589999999884 -0.015000000000000568 0.009
1.001810000000205 -0.2789999999999999 0.009
0.9981800000000476 0.06500000000000128 0.008
2.0015800000001036 0.2240000000000002 0.010
5.999699999999848 0.04199999999999804 0.009
1.9878100000000813 -0.19799999999999685 0.009
2.010400000000118 0.020999999999997243 0.008
11.973109999999906 0.07000000000000028 0.010
4.9669599999997445 -0.0589999999999975 0.008
12.012570000000323 0.020999999999997243 0.007
18.97100999999975 0.16600000000000037 0.008
8.986480000000029 -0.24099999999999966 0.007
12.981560000000172 0.19399999999999906 0.009
6.942929999999706 -0.00999999999999801 0.008
3.0127000000002226 -0.10099999999999909 0.008
2.902639999999792 0.1609999999999978 0.009
2.0134400000001733 -0.33800000000000097 0.007
1.1441899999999805 0.22600000000000264 0.008
2.019539999999779 0.038999999999997925 0.009
1.9948200000003453 -0.24799999999999756 0.007
2.9204399999998714 0.2789999999999999 0.008
3.9252400000000307 -0.21199999999999974 0.008
2.0538699999997334 0.19199999999999662 0.009
5.080580000000282 0.05800000000000338 0.008
1.986699999999928 -0.22300000000000253 0.007
1.8642700000000332 -0.08299999999999841 0.007
1.991059999999834 0.22499999999999787 0.008
3.006670000000213 -0.2359999999999971 0.007
3.0066899999997077 0.28699999999999903 0.008
4.005400000000009 -0.19500000000000028 0.007
1.986120000000028 0.21699999999999875 0.008
4.003120000000308 -0.12599999999999767 0.008
1.1449299999999312 0.06899999999999906 0.007
1.0079299999997602 -0.004999999999999005 0.009
1.8301700000001802 -0.23400000000000176 0.008
2.1174599999999373 0.26200000000000045 0.008
1.0533199999999852 -0.013000000000001677 0.007
2.017609999999877 -0.29699999999999704 0.007
0.973540000000412 0.17599999999999838 0.007
1.8896199999999226 0.08699999999999974 0.008
6.06860000000006 0.045999999999999375 0.009
2.0372800000000097 -0.36799999999999855 0.007
1.9730399999998554 0.2510000000000012 0.009
1.97629999999981 0.1479999999999997 0.010
2.0156600000000253 -0.3390000000000022 0.008
1.9567000000001826 0.240000000000002 0.009
2.010490000000118 0.10200000000000031 0.009
1.9766399999998612 -0.3049999999999997 0.009
2.044199999999819 0.2569999999999979 0.010
10.886919999999918 -0.13299999999999912 0.007
7.9443200000000616 0.16300000000000026 0.009
3.985410000000229 -0.13200000000000145 0.009
6.010009999999966 0.05700000000000216 0.010
5.976360000000113 -0.0020000000000024443 0.009
5.961069999999836 -0.0019999999999988916 0.010
5.978140000000167 0.053000000000000824 0.009
17.997429999999895 0.009000000000000341 0.010
15.985679999999775 -0.03400000000000247 0.010
144.34568000000036 -0.029999999999997584 0.009
10.00247999999965 -0.2029999999999994 0.008
5.970180000000255 0.053999999999998494 0.009
7.053019999999833 0.20199999999999818 0.009
3.991399999999885 -0.2129999999999974 0.007
3.9084100000000035 0.23900000000000077 0.008
4.108240000000023 0.021999999999998465 0.009
8.997360000000299 -0.23000000000000043 0.008
4.924369999999726 -0.15700000000000003 0.007
5.054410000000189 0.07499999999999929 0.008
6.905589999999847 0.01600000000000179 0.007
6.01261999999997 0.03500000000000014 0.008
9.027260000000297 0.1999999999999993 0.009
3.9721299999996518 -0.01600000000000179 0.009
0.8691400000002432 0.04100000000000037 0.009
0.10543999999981679 0.038000000000000256 0.010
0.10650000000032378 -0.003999999999997783 0.010
0.8002099999998791 -0.010000000000001563 0.010
1.9812299999998686 -0.3739999999999988 0.008
0.07781000000022686 0.0519999999999996 0.009
0.9701599999998507 0.15700000000000003 0.009
0.08338000000003376 0.07199999999999918 0.009
0.09159999999974389 0.07600000000000051 0.009
0.8090700000002471 -0.04100000000000037 0.009
0.12211999999999534 0.045000000000001705 0.008
0.05772999999999229 -0.005000000000002558 0.008
1.808849999999893 0.03200000000000003 0.010
0.09439999999995052 -0.13599999999999923 0.010
0.10845999999992273 -0.2289999999999992 0.008
0.8136500000000524 0.04299999999999926 0.008
0.0935500000000502 0.0019999999999988916 0.007
0.8632200000001831 -0.006999999999997897 0.007
0.10671999999976833 0.08500000000000085 0.007
0.12440000000015061 0.10899999999999821 0.008
0.7987800000000789 -0.047999999999998266 0.008
0.08518000000003667 0.06799999999999784 0.008
0.11673999999993612 0.07600000000000051 0.009
0.8321000000000822 -0.0019999999999988916 0.008
0.07567999999992026 0.05699999999999861 0.008
0.09319000000004962 -0.013999999999999346 0.008
0.797099999999773 -0.030999999999998806 0.009
0.08140000000003056 -0.01600000000000179 0.009
0.12087000000019543 -0.11799999999999855 0.008
0.7964499999998225 0.10500000000000043 0.009
0.08807000000024345 -0.15700000000000003 0.008
0.11132999999972526 -0.15300000000000225 0.007
0.8312000000000808 -0.03599999999999781 0.007
0.07106999999996333 0.06499999999999773 0.007
0.09479000000010274 0.125 0.008
0.8191299999998591 -0.004999999999999005 0.008
0.051860000000033324 0.03300000000000125 0.008
0.11014999999997599 0.10299999999999798 0.008
0.8067900000000918 -0.05600000000000094 0.008
1.0739800000001196 0.10500000000000043 0.010
0.03379999999970096 0.009000000000000341 0.010
0.07389000000011947 0.02500000000000213 0.010
0.842869999999948 -0.005000000000002558 0.009
0.07706000000007407 -0.0730000000000004 0.009
0.06714999999985594 -0.14199999999999946 0.008
0.8515700000002653 0.018000000000000682 0.009
0.07657999999992171 -0.12300000000000111 0.008
0.03173999999989974 -0.006000000000000227 0.007
0.0797299999999268 0.03900000000000148 0.008
0.7997700000000805 -0.06299999999999883 0.008
0.07954999999992651 0.029999999999997584 0.008
0.08033999999997832 0.09600000000000009 0.009
0.8516100000001643 0.019999999999999574 0.009
0.9559500000000298 0.11600000000000321 0.008
0.0472700000000259 0.020999999999997243 0.008
0.07949999999982538 0.04800000000000182 0.008
0.08053999999992811 0.01699999999999946 0.008
1.7914800000003197 -0.007999999999999119 0.008
0.09004999999979191 -0.028000000000002245 0.008
0.1338300000002164 -0.3249999999999993 0.007
0.8263600000000224 0.004000000000001336 0.007
0.04547000000002299 -0.030000000000001137 0.007
0.03182999999989988 0.02400000000000091 0.007
0.10295999999971173 0.11400000000000077 0.008
0.8475700000003599 0.0019999999999988916 0.007
0.08039999999982683 0.06400000000000006 0.008
0.07970000000022992 0.0730000000000004 0.009
0.801969999999983 -0.06500000000000128 0.008
0.07861000000002605 0.0519999999999996 0.008
0.103059999999914 0.07400000000000162 0.008
0.7995900000000802 -0.0030000000000001137 0.008
0.0452900000000227 0.012000000000000455 0.008
0.05562999999983731 0.03999999999999915 0.009
0.8721700000000965 0.004000000000001336 0.008
0.08033999999997832 -0.021000000000000796 0.007
0.9286099999999351 -0.036999999999999034 0.008
0.141990000000078 -0.21300000000000097 0.008
0.018159999999625143 -0.0259999999999998 0.007
0.839980000000196 -0.030000000000001137 0.008
0.13635999999996784 -0.010999999999999233 0.007
0.11085000000002765 0.12600000000000122 0.008
0.7509000000000015 -0.08400000000000318 0.007
0.10181000000011409 0.11000000000000298 0.008
0.9050999999999476 0.0519999999999996 0.007
0.14361000000008062 0.09399999999999764 0.009
0.8390500000000429 -0.0329999999999977 0.009
0.11047999999982494 0.030999999999998806 0.009
0.904399999999896 0.04800000000000182 0.036
0.13661000000001877 -0.08300000000000196 0.008
0.10638999999991938 -0.259999999999998 0.008
0.7623900000003232 0.1819999999999986 0.008
0.06520999999975174 -0.1670000000000016 0.007
0.05936999999994441 -0.021999999999998465 0.007
0.8750199999999495 0.027999999999998693 0.008
0.10980000000017753 0.05799999999999983 0.008
1.887380000000121 0.16300000000000026 0.008
0.09241999999994732 0.06099999999999994 0.007
0.9277400000000853 0.038000000000000256 0.008
0.06149999999979627 -0.02699999999999747 0.009
0.10982000000012704 -0.036000000000001364 0.009
0.8246800000001713 0.0259999999999998 0.009
0.09575999999970009 -0.06800000000000139 0.008
0.8700600000001941 -0.08199999999999719 0.008
0.07898999999997613 -0.1910000000000025 0.008
0.09751999999980399 0.02400000000000091 0.007
0.021990000000187138 0.028999999999999915 0.007
0.8092799999999443 0.0030000000000001137 0.007
0.17299999999977445 0.18900000000000006 0.008
0.8457100000000537 -0.036000000000001364 0.009
0.07705000000032669 0.04800000000000182 0.009
0.05738999999994121 0.03599999999999781 0.009
0.08320999999978085 0.03200000000000003 0.008
0.7680000000000291 -0.03599999999999781 0.009
0.19901000000027125 0.06599999999999895 0.009
0.8124299999999494 0.036999999999999034 0.010
0.04662999999982276 0.006000000000000227 0.010
0.10239000000001397 -0.06499999999999773 0.010
0.0972700000002078 -0.28600000000000136 0.008
0.7561099999998078 0.23400000000000176 0.008
0.23653999999987718 -0.20700000000000074 0.009
0.724999999999909 0.05000000000000071 0.010
0.04445000000032451 -0.07900000000000063 0.008
0.055059999999684806 -0.021000000000000796 0.008
0.08104000000002998 0.06599999999999895 0.010
0.877440000000206 0.0030000000000001137 0.008
0.9547200000001794 0.16100000000000136 0.009
0.050059999999575666 0.027000000000001023 0.009
0.09567000000015469 0.07599999999999696 0.009
0.8593300000002273 -0.0259999999999998 0.007
0.05379999999968277 0.0070000000000014495 0.008
0.1991600000001199 -0.036999999999999034 0.009
0.7857600000002094 0.0589999999999975 0.009
0.017219999999724678 0.009000000000000341 0.009
0.11839000000009037 -0.11699999999999733 0.008
0.8789799999999559 -0.13300000000000267 0.007
0.9813100000001214 -0.05999999999999872 0.007
0.06637000000000626 0.07900000000000063 0.009
0.13794000000007145 0.12399999999999878 0.010
0.8449200000000019 -0.06700000000000017 0.008
0.13700999999991836 0.1180000000000021 0.009
0.8222599999999147 -0.022000000000002018 0.008
0.05625000000009095 0.05100000000000193 0.007
0.061560000000099535 0.03399999999999892 0.008
0.9171599999999671 0.0030000000000001137 0.010
0.15872999999965032 -0.11700000000000088 0.010
0.848660000000109 0.019999999999999574 0.008
0.06694999999990614 -0.12599999999999767 0.008
1.8951700000002347 -0.06500000000000128 0.008
0.03751000000011118 0.04400000000000048 0.010
1.0029099999997015 0.14499999999999957 0.008
0.16805999999996857 0.06800000000000139 0.010
0.8091100000001461 -0.011000000000002785 0.010
0.09945999999990818 -0.01699999999999946 0.008
0.02172999999993408 0.013999999999999346 0.008
1.883690000000115 -0.15700000000000003 0.008
0.01706000000012864 -0.05699999999999861 0.007
0.10498000000006869 -0.10200000000000031 0.007
0.8566499999997177 0.03999999999999915 0.007
0.10684000000037486 0.06400000000000006 0.008
0.899239999999736 0.005000000000002558 0.008
0.02136000000018612 0.01899999999999835 0.008
0.059399999999641295 0.04400000000000048 0.008
0.9199100000000726 0.10800000000000054 0.008
0.05871999999999389 0.038000000000000256 0.008
0.9143600000002152 0.01699999999999946 0.009
0.10089000000016313 0.0019999999999988916 0.009
0.030789999999797146 -0.007999999999999119 0.008
0.8888200000001234 -0.0019999999999988916 0.009
0.1359199999997145 -0.14500000000000313 0.009
0.8552300000001196 -0.04299999999999926 0.008
0.13079000000016094 -0.1720000000000006 0.007
0.8379299999996874 0.045000000000001705 0.008
0.1114900000002308 0.10999999999999943 0.008
0.8658900000000358 0.027999999999998693 0.008
1.0351299999997536 0.11900000000000333 0.010
3.944130000000314 -0.29100000000000037 0.008
5.9592399999996815 0.053999999999998494 0.007
3.0366900000003625 0.30600000000000094 0.009
4.981589999999869 -0.019999999999999574 0.010
12.99387999999999 -0.038000000000000256 0.010
125.3765199999998 0.00999999999999801 0.009
27.971060000000307 -0.06599999999999895 0.009
17.97770999999966 0.10500000000000043 0.008
7.028510000000097 0.006999999999997897 0.010
4.968960000000152 -0.013999999999999346 0.009
6.045810000000074 0.0070000000000014495 0.007
3.874399999999696 -0.13599999999999923 0.007
4.037450000000263 -0.15600000000000236 0.007
5.050420000000031 -0.0589999999999975 0.007
5.983709999999974 0.015999999999998238 0.007
3.9316899999998896 0.35600000000000165 0.008
4.069719999999961 -0.045000000000001705 0.008
3.901969999999892 -0.33500000000000085 0.007
5.979520000000321 -0.003999999999997783 0.007
3.0055899999997564 0.36499999999999844 0.009
4.008640000000014 -0.125 0.008
2.089980000000196 0.08200000000000074 0.008
3.8672099999998863 -0.07499999999999929 0.009
3.02532999999994 -0.08399999999999963 0.007
2.0263199999999415 0.05799999999999983 0.008
4.011800000000221 -0.2190000000000012 0.007
3.023740000000089 0.3780000000000001 0.008
2.865889999999581 -0.2749999999999986 0.008
5.12491 -0.07800000000000296 0.007
2.077990000000227 0.2840000000000025 0.010
0.9344500000001972 0.06799999999999784 0.008
1.907669999999598 -0.028999999999999915 0.009
2.012390000000323 -0.2309999999999981 0.007
1.992739999999685 0.21199999999999974 0.008
2.0471400000001267 -0.15200000000000102 0.008
2.082640000000083 0.07600000000000051 0.009
1.9703899999999521 0.10099999999999909 0.008
0.9553000000000793 0.028999999999999915 0.008
1.895140000000083 -0.33999999999999986 0.007
1.9873199999997269 0.21000000000000085 0.008
2.1009600000002138 0.038000000000000256 0.008
1.9776499999998123 -0.18400000000000105 0.008
1.964179999999942 0.2140000000000022 0.008
2.0948700000003555 -0.2690000000000019 0.007
1.9706599999999526 0.11899999999999977 0.007
1.9618599999998878 0.2190000000000012 0.009
1.9213700000000244 -0.04299999999999926 0.008
1.997859999999946 -0.18500000000000227 0.007
2.099569999999858 0.23799999999999955 0.010
2.0041799999999057 -0.3409999999999975 0.007
4.001350000000002 0.3089999999999975 0.008
1.9280300000000352 -0.3269999999999982 0.007
2.118550000000141 0.3000000000000007 0.008
1.8617699999999786 0.027999999999998693 0.008
1.201100000000224 -0.33500000000000085 0.007
2.816179999999804 0.25700000000000145 0.007
1.9849899999999252 0.0940000000000012 0.008
2.0699600000002647 -0.26500000000000057 0.007
2.063629999999648 0.2710000000000008 0.007
2.006840000000011 -0.33200000000000074 0.007
2.9776200000001154 0.2740000000000009 0.009
2.8405099999999948 -0.04400000000000048 0.009
2.0340400000000045 -0.11700000000000088 0.009
2.0629100000001017 0.16900000000000048 0.008
1.9537399999999252 -0.2959999999999994 0.007
0.9287399999998343 0.010999999999999233 0.007
2.0183200000001307 0.2569999999999979 0.007
1.997150000000147 0.04900000000000304 0.008
2.000630000000001 -0.2740000000000009 0.007
1.9972899999997935 0.22799999999999798 0.008
4.04358000000002 -0.15899999999999892 0.007
4.017820000000029 -0.1269999999999989 0.008
3.8681000000001404 0.3379999999999974 0.010
2.060910000000149 -0.2289999999999992 0.009
3.031199999999899 0.19000000000000128 0.010
5.008969999999863 -0.013000000000001677 0.008
3.9778400000000147 -0.2629999999999981 0.007
2.9010699999998906 0.29799999999999827 0.009
2.138220000000274 -0.29799999999999827 0.007
2.966099999999642 0.28500000000000014 0.009
5.915870000000268 0.003999999999997783 0.010
3.069799999999759 -0.3249999999999993 0.008
2.9786000000003696 0.35600000000000165 0.009
1.9867199999998775 -0.26099999999999923 0.008
2.982590000000073 0.23499999999999943 0.010
2.999149999999645 -0.34800000000000253 0.008
2.977890000000116 0.3460000000000001 0.010
14.971800000000258 -0.26599999999999824 0.008
12.007699999999659 0.09299999999999997 0.008
76.36424000000034 -0.05000000000000071 0.009
25.042959999999766 0.2519999999999989 0.008
6.94219000000021 -0.04099999999999682 0.009
9.028369999999995 -0.027000000000001023 0.007
6.9213700000000244 0.0470000000000006 0.007
6.066749999999956 -0.018000000000000682 0.008
7.007709999999861 -0.1559999999999988 0.007
9.88171999999986 0.19299999999999784 0.007
7.958410000000185 -0.18900000000000006 0.006
6.053550000000087 -0.0940000000000012 0.008
3.060309999999845 0.3150000000000013 0.008
2.873540000000048 -0.3829999999999991 0.008
2.0322299999997995 0.2839999999999989 0.007
1.9979900000003 0.010999999999999233 0.007
9.042939999999817 -0.006999999999997897 0.007
2.946140000000014 -0.0710000000000015 0.009
4.025880000000143 0.12199999999999989 0.007
2.9586300000000847 -0.28200000000000003 0.007
4.098929999999655 0.038000000000000256 0.008
4.048440000000028 0.2890000000000015 0.008
0.8993500000001404 -0.04800000000000182 0.008
15.015910000000076 -0.030999999999998806 0.008
4.048670000000129 -0.1750000000000007 0.007
3.028389999999945 0.1720000000000006 0.007
3.9017100000000937 -0.053000000000000824 0.008
7.016399999999976 0.07600000000000051 0.007
5.912619999999606 0.03900000000000148 0.008
8.98678000000018 -0.2710000000000008 0.008
4.0809800000001815 -0.08800000000000097 0.007
7.9688099999998485 0.2759999999999998 0.008
3.9873200000001816 -0.21099999999999852 0.007
2.968819999999596 0.2859999999999978 0.007
3.953700000000026 -0.1869999999999976 0.007
4.997190000000046 -0.16000000000000014 0.007
11.963700000000244 0.11400000000000077 0.008
6.022570000000087 0.04199999999999804 0.008
4.9292499999996835 -0.09499999999999886 0.007
7.957069999999931 0.1789999999999985 0.010
15.017410000000382 -0.23600000000000065 0.007
11.959249999999884 0.15200000000000102 0.009
102.45863999999983 0.13299999999999912 0.009
16.99187000000029 0.022000000000002018 0.007
9.000069999999596 -0.07700000000000173 0.008
17.901920000000246 0.037000000000002586 0.007
10.073499999999967 -0.09100000000000108 0.007
3.965049999999792 -0.17900000000000205 0.007
5.912480000000414 0.13200000000000145 0.007
5.036599999999908 0.10800000000000054 0.007
6.943209999999908 -0.25700000000000145 0.007
3.0475099999998747 0.36100000000000065 0.007
3.963999999999942 -0.15800000000000125 0.008
3.0707400000001144 -0.02699999999999747 0.008
6.972710000000006 -0.1410000000000018 0.007
3.9882800000000316 0.3019999999999996 0.008
3.95679999999993 0.005000000000002558 0.008
8.062040000000252 -0.2920000000000016 0.007
2.974420000000009 0.28000000000000114 0.007
2.9198199999996177 -0.19400000000000261 0.007
3.034070000000156 0.15300000000000225 0.008
2.032749999999851 -0.062000000000001165 0.007
2.981730000000425 0.06700000000000017 0.008
2.0285799999996925 0.05600000000000094 0.008
2.9308900000000904 -0.2240000000000002 0.007
2.0671699999998054 0.23199999999999932 0.007
2.987930000000233 -0.2220000000000013 0.008
3.957640000000083 0.13400000000000034 0.007
2.0701999999996588 -0.10099999999999909 0.007
2.8624500000000808 0.16900000000000048 0.008
2.172520000000077 -0.1789999999999985 0.008
1.9609300000001895 0.17999999999999972 0.008
4.895849999999882 -0.11000000000000298 0.008
4.0323199999998 -0.14899999999999736 0.007
1.9920100000003913 0.18099999999999739 0.007
2.1308399999998073 -0.0009999999999976694 0.007
2.900970000000143 -0.038000000000000256 0.007
2.070009999999911 0.16399999999999793 0.007
2.0128899999999703 -0.3019999999999996 0.007
1.8971400000000358 0.1720000000000006 0.008
3.0424699999998666 -0.09399999999999764 0.008
1.953240000000278 -0.03200000000000003 0.008
1.0055899999997564 0.10999999999999943 0.008
2.011329999999816 0.07699999999999818 0.008
1.9515300000002753 -0.32399999999999807 0.007
2.0003600000000006 0.29499999999999815 0.007
1.9904599999999846 0.10000000000000142 0.008
2.0647800000001553 -0.2740000000000009 0.007
3.0215299999999843 0.21999999999999886 0.008
2.9871100000000297 -0.16499999999999915 0.007
4.872469999999794 -0.10800000000000054 0.007
3.066060000000107 0.25200000000000244 0.008
2.9703199999999015 -0.23100000000000165 0.007
2.954569999999876 0.28999999999999915 0.010
3.1135800000001836 -0.17999999999999972 0.007
4.863240000000133 -0.07600000000000051 0.007
4.950709999999617 0.25400000000000134 0.008
7.981960000000072 -0.24299999999999855 0.007
9.007260000000315 0.22799999999999798 0.009
13.960059999999885 -0.2289999999999992 0.007
141.37860999999975 0.25400000000000134 0.007
5.026749999999993 -0.0070000000000014495 0.008
11.013840000000073 -0.036000000000001364 0.008
0.9580599999999322 0.038000000000000256 0.008
8.028600000000097 -0.3269999999999982 0.007
8.96374999999989 0.2959999999999994 0.008
0.9624900000003436 0.015999999999998238 0.007
2.049029999999675 -0.21599999999999753 0.007
2.963960000000043 0.2129999999999974 0.007
1.0139500000000226 -0.12899999999999778 0.007
2.8663000000001375 -0.03399999999999892 0.007
3.1668799999997646 -0.14000000000000057 0.007
6.962770000000091 0.09799999999999898 0.007
5.863730000000032 -0.13400000000000034 0.007
2.0768299999999726 0.3249999999999993 0.007
2.9491900000002715 -0.2940000000000005 0.007
3.0078099999996084 0.33200000000000074 0.009
5.973580000000311 -0.021000000000000796 0.007
2.9612999999999374 -0.35199999999999676 0.007
2.004860000000008 0.29799999999999827 0.008
3.0917199999998957 -0.2519999999999989 0.008
2.870940000000246 0.26899999999999835 0.007
3.0613899999998466 -0.33399999999999963 0.006
1.9868299999998271 0.31899999999999906 0.008
2.0579999999999927 0.0010000000000012221 0.007
2.0323300000000017 -0.19500000000000028 0.007
4.898619999999937 -0.1039999999999992 0.007
3.057310000000143 0.3550000000000004 0.007
1.9048999999999978 -0.07000000000000028 0.007
2.0250999999998385 -0.17600000000000193 0.007
3.1738000000000284 -0.006999999999997897 0.007
0.893800000000283 -0.08300000000000196 0.007
3.0485100000000784 0.3410000000000011 0.008
2.04491999999982 -0.2940000000000005 0.007
3.845589999999902 0.2530000000000001 0.009
2.0657100000003084 -0.2259999999999991 0.007
7.984519999999975 0.13100000000000023 0.007
9.112539999999626 -0.2140000000000022 0.007
2.960030000000188 0.35400000000000276 0.008
3.969879999999648 -0.20500000000000185 0.007
3.9558100000003833 0.015000000000000568 0.007
7.030240000000049 -0.05699999999999861 0.007
1.9564700000000812 0.18599999999999994 0.007
3.0542199999999866 -0.28000000000000114 0.007
6.887770000000273 0.05600000000000094 0.007
10.050889999999526 0.004999999999999005 0.009
13.835119999999733 0.10500000000000043 0.008
11.954610000000685 0.045999999999999375 0.009
28.97924999999941 0.09700000000000131 0.009
144.43241000000035 0.006999999999997897 0.010
5.949950000000172 -0.038000000000000256 0.009
5.934959999999592 0.004000000000001336 0.008
5.098320000000058 -0.0030000000000001137 0.009
5.96443999999974 0.0070000000000014495 0.009
3.024460000000545 -0.2510000000000012 0.007
3.8652699999993274 0.2680000000000007 0.009
6.054820000000291 0.012000000000000455 0.009
3.016529999999875 -0.11900000000000333 0.008
5.975710000000618 -0.011999999999996902 0.009
3.9619299999994837 -0.240000000000002 0.007
3.9561400000002322 0.4239999999999995 0.009
5.01796000000013 -0.0779999999999994 0.010
4.9982099999997445 -0.019999999999999574 0.010
7.98030000000017 -0.009000000000000341 0.009
6.093409999999494 -0.3219999999999992 0.007
3.045810000000529 0.39099999999999824 0.008
4.897930000000088 -0.08399999999999963 0.010
3.1064299999998184 -0.2789999999999999 0.010
0.8200299999998606 0.05900000000000105 0.009
2.060120000000097 0.2190000000000012 0.008
4.039890000000014 -0.2010000000000005 0.008
3.0650900000000547 0.3119999999999976 0.010
3.8798799999995026 -0.16699999999999804 0.010
5.971050000000105 0.0030000000000001137 0.007
2.0097599999999147 0.14199999999999946 0.009
3.999080000000504 -0.0779999999999994 0.009
2.030450000000201 0.04899999999999949 0.009
3.0716599999996106 -0.04200000000000159 0.010
2.918239999999969 0.0010000000000012221 0.008
2.9890000000004875 -0.03999999999999915 0.007
3.9474599999994098 -0.22299999999999898 0.007
3.042739999999867 0.29699999999999704 0.008
4.058430000000044 -0.08299999999999841 0.009
5.003830000000562 -0.03300000000000125 0.009
3.9770799999996598 -0.1769999999999996 0.008
4.97418000000016 0.2970000000000006 0.010
2.945329999999558 -0.13599999999999923 0.009
4.0332500000004075 -0.13899999999999935 0.007
2.9972500000003492 0.2749999999999986 0.009
4.9340799999999945 -0.08099999999999952 0.009
2.0230299999993804 0.06299999999999883 0.008
2.0691100000003644 -0.20199999999999818 0.007
6.9341999999996915 0.11799999999999855 0.009
3.9805200000000696 -0.2259999999999991 0.007
2.9627300000001924 0.347999999999999 0.009
6.0234700000000885 -0.013999999999999346 0.009
2.0282399999996414 -0.28800000000000026 0.007
3.9722200000005614 0.28500000000000014 0.008
2.881959999999708 -0.26899999999999835 0.008
2.1091800000003786 0.2779999999999987 0.009
