0.0 0.0 0.006
4.0139500000000226 -0.0389999999999997 0.006
3.96367999999984 -0.17999999999999972 0.006
10.009680000000117 0.12199999999999989 0.006
21.055699999999888 -0.10299999999999976 0.006
1.9473900000002686 0.1899999999999995 0.006
2.085059999999885 -0.022999999999999687 0.006
2.855999999999767 -0.06300000000000061 0.006
1.9343000000003485 -0.025000000000000355 0.006
1.998199999999997 0.16500000000000092 0.006
9.142219999999725 -0.0259999999999998 0.006
2.0080900000002657 -0.19500000000000028 0.006
1.9657600000000457 0.14100000000000001 0.006
2.0218999999997322 0.023999999999999133 0.006
1.9933100000002923 -0.17099999999999937 0.006
2.0405699999996614 0.15199999999999925 0.006
3.8902800000000752 0.354000000000001 0.007
23.828539999999975 -0.3160000000000007 0.006
5.996939999999995 0.03700000000000081 0.006
5.988180000000284 -0.0030000000000001137 0.006
203.3473299999996 -0.1590000000000007 0.006
30.958320000000185 0.005000000000000782 0.006
4.924190000000181 0.045999999999999375 0.006
42.07858999999962 0.07099999999999973 0.006
2.970900000000256 -0.0009999999999994458 0.006
31.94997999999987 0.040000000000000924 0.006
26.901190000000042 -0.05200000000000138 0.006
3.9945400000001428 0.062000000000001165 0.006
199.20274999999992 -0.2350000000000012 0.006
7.029610000000048 0.09200000000000053 0.006
51.979899999999816 -0.08799999999999919 0.006
4.01836000000003 0.129999999999999 0.006
3.974079999999958 0.07500000000000107 0.006
14.995470000000296 -0.02800000000000047 0.006
2.9653599999996914 -0.0039999999999995595 0.006
3.937800000000152 0.0129999999999999 0.006
2.0347099999999045 -0.031000000000000583 0.006
1.9638100000001941 -0.15600000000000058 0.006
8.044399999999769 0.22000000000000064 0.006
1.9692800000002535 -0.16800000000000104 0.006
11.007249999999658 0.09100000000000108 0.006
3.9453200000002653 -0.18100000000000094 0.006
1.9907800000000861 0.24400000000000155 0.006
2.01442999999972 -0.07700000000000173 0.006
3.967370000000301 0.10000000000000142 0.006
2.0032400000000052 -0.1490000000000009 0.006
4.010389999999916 0.15600000000000058 0.006
11.117979999999989 -0.2270000000000003 0.006
2.8619699999999284 -0.005000000000000782 0.006
2.063959999999952 0.1620000000000008 0.006
2.006339999999909 0.009999999999999787 0.006
24.884170000000267 0.011000000000001009 0.006
4.004309999999805 0.0009999999999994458 0.006
3.057009999999991 -0.008000000000000895 0.006
2.848320000000058 0.05200000000000138 0.006
5.115879999999834 -0.136000000000001 0.006
2.920100000000275 -0.036999999999999034 0.006
9.027979999999843 -0.04400000000000048 0.006
2.9566100000001825 -0.008000000000000895 0.006
21.956179999999677 0.05400000000000027 0.006
3.9882900000002337 0.136000000000001 0.006
10.005709999999908 0.014999999999998792 0.006
115.38754000000017 -0.19299999999999962 0.006
6.0328599999998005 0.03200000000000003 0.006
20.96900000000005 0.14100000000000001 0.006
27.971570000000156 -0.02099999999999902 0.006
9.99465999999984 -0.14100000000000001 0.006
2.0168100000000777 0.1869999999999994 0.006
29.928820000000087 -0.13100000000000023 0.006
24.940689999999904 0.04400000000000048 0.006
8.972249999999804 -0.06799999999999962 0.006
18.975620000000163 0.08099999999999952 0.006
3.9960399999999936 0.0860000000000003 0.006
3.976079999999911 -0.17999999999999972 0.006
3.0168899999998757 0.036999999999999034 0.006
9.926640000000134 -0.09399999999999942 0.006
3.9834100000002763 0.16699999999999982 0.006
8.003060000000005 -0.12599999999999945 0.006
5.9743899999998575 0.054999999999999716 0.006
6.938180000000102 -0.07200000000000095 0.006
145.40830000000005 -0.0259999999999998 0.006
34.99223999999958 0.20700000000000074 0.006
11.939670000000206 -0.10599999999999987 0.006
12.009199999999964 -0.057000000000000384 0.006
12.023200000000088 -0.03700000000000081 0.006
29.969900000000052 0.21300000000000097 0.006
3.892739999999776 -0.1620000000000008 0.006
5.024310000000241 0.19400000000000084 0.006
3.9574099999999817 -0.11400000000000077 0.006
10.091399999999794 -0.11899999999999977 0.006
4.8736800000001494 0.18599999999999994 0.006
5.112880000000132 -0.0519999999999996 0.006
2.9809000000000196 -0.038000000000000256 0.006
67.76480999999967 -0.08099999999999952 0.006
194.28030000000035 0.05400000000000027 0.006
23.981399999999667 0.1349999999999998 0.006
2.0040600000002087 -0.07399999999999984 0.006
10.991629999999986 -0.038000000000000256 0.006
7.9385199999996985 0.08499999999999908 0.006
2.136160000000018 -0.17900000000000027 0.006
2.8877100000004248 0.016000000000000014 0.006
9.076069999999618 0.008000000000000895 0.006
2.015700000000379 0.19599999999999973 0.006
3.8750199999999495 -0.11500000000000021 0.006
2.0895699999996395 0.14100000000000001 0.006
5.039770000000317 -0.20999999999999908 0.006
2.8468599999996513 -0.02000000000000135 0.006
9.929940000000443 0.10000000000000142 0.006
3.065599999999904 -0.0129999999999999 0.006
10.01355999999987 0.12199999999999989 0.006
37.95988000000034 -0.06400000000000006 0.006
3.9760200000000623 -0.17900000000000027 0.006
33.85613999999987 0.0 0.006
11.028839999999946 0.2400000000000002 0.006
185.3208999999997 -0.057000000000000384 0.006
18.028180000000248 -0.10500000000000043 0.006
6.993319999999585 0.15300000000000047 0.006
3.006430000000364 -0.019999999999999574 0.006
4.0041599999995015 -0.04300000000000104 0.006
14.944190000000162 0.08099999999999952 0.006
5.006420000000617 -0.1949999999999985 0.006
7.990639999999985 0.12099999999999866 0.006
6.88915999999972 -0.16199999999999903 0.006
4.096590000000106 0.13700000000000045 0.006
6.931239999999889 0.10299999999999976 0.007
6.976300000000265 -0.09200000000000053 0.006
3.0657400000000052 0.012000000000000455 0.006
20.94828999999936 0.05799999999999983 0.006
3.962669999999889 -0.09600000000000009 0.006
2.9925100000000384 0.019000000000000128 0.006
17.047520000000077 -0.0259999999999998 0.006
16.89636000000064 0.03999999999999915 0.006
9.026959999999235 0.06700000000000017 0.006
5.949730000000272 0.028999999999999915 0.006
13.979790000000321 -0.23399999999999999 0.006
2.0282900000001973 0.13900000000000112 0.006
4.961649999999281 0.009999999999999787 0.006
3.0473000000001775 -0.0030000000000001137 0.006
