0.0 0.0 0.006
13.033790000000067 0.04100000000000037 0.008
4.908339999999953 0.051000000000000156 0.008
1.0846099999999979 -0.41999999999999993 0.006
0.9858800000000656 0.1609999999999996 0.006
0.8954499999999825 0.12700000000000067 0.006
0.951979999999935 0.1609999999999996 0.008
2.112950000000069 -0.3309999999999995 0.006
1.0008100000000013 0.1429999999999989 0.006
1.0578299999999672 0.17400000000000126 0.008
1.9462499999999636 -0.35800000000000054 0.006
0.9779700000000275 0.15300000000000047 0.006
3.9258700000000317 -0.04800000000000004 0.006
2.081209999999942 0.19099999999999895 0.008
5.049719999999979 -0.40700000000000003 0.006
6.955590000000029 0.4270000000000014 0.008
3.0252000000000407 -0.18200000000000038 0.006
3.9603700000000117 -0.036000000000001364 0.006
2.028630000000021 0.26200000000000045 0.006
6.027479999999969 -0.33199999999999896 0.006
3.9100499999999556 -0.049000000000001265 0.006
31.95536000000004 0.3470000000000013 0.008
2.092649999999935 -0.3180000000000014 0.006
0.8968100000000732 0.12700000000000067 0.006
1.0596399999999448 0.15700000000000003 0.006
0.9476000000000795 -0.13599999999999923 0.006
1.895399999999995 -0.06099999999999994 0.006
1.1695999999999458 0.16699999999999982 0.006
0.819590000000062 0.09600000000000009 0.006
1.1192799999998897 -0.44899999999999984 0.006
2.964360000000056 0.45099999999999874 0.006
1.99842000000001 -0.3309999999999995 0.006
2.0890600000000177 0.3219999999999992 0.006
0.989910000000009 -0.45899999999999963 0.006
4.026880000000006 0.14200000000000124 0.006
3.990859999999998 0.21699999999999875 0.006
4.024869999999964 0.12100000000000044 0.008
1.8840599999999768 -0.3330000000000002 0.006
1.0586700000000064 0.1590000000000007 0.006
0.9631400000000667 0.1529999999999987 0.006
1.0667499999999563 -0.4739999999999984 0.006
0.8929600000000164 0.12799999999999834 0.006
6.972409999999968 0.2950000000000017 0.006
7.06370000000004 -0.1070000000000011 0.006
1.9160600000000159 -0.2959999999999994 0.006
0.10247999999990043 -0.019999999999999574 0.006
1.987540000000081 0.3009999999999984 0.006
1.9343099999999822 -0.13399999999999856 0.006
4.959150000000022 -0.12100000000000044 0.006
2.085109999999986 0.3249999999999993 0.008
3.0236099999999624 -0.18299999999999983 0.006
1.8467699999999923 0.27200000000000024 0.006
1.166249999999991 -0.45500000000000007 0.006
2.8017200000000457 0.4280000000000008 0.006
4.053480000000036 -0.038000000000000256 0.006
19.001890000000003 -0.3420000000000005 0.006
5.953049999999962 0.27500000000000036 0.008
6.0579799999999295 -0.2840000000000007 0.006
2.948780000000056 0.3570000000000011 0.008
13.014800000000037 0.06899999999999906 0.008
2.978369999999927 -0.1999999999999993 0.006
122.38259000000005 -0.053000000000000824 0.006
6.908359999999902 -0.20099999999999874 0.006
1.0036300000001575 0.11199999999999832 0.006
3.010530000000017 0.049000000000001265 0.006
0.9954299999999421 -0.09299999999999997 0.006
2.0280299999999443 0.32699999999999996 0.006
3.927650000000085 -0.05000000000000071 0.008
1.1077999999999975 0.13100000000000023 0.006
0.9426099999998314 -0.46799999999999997 0.006
1.0120600000000195 0.15600000000000058 0.006
12.928910000000087 0.02999999999999936 0.006
2.021009999999933 0.2740000000000009 0.006
6.009430000000066 -0.33800000000000097 0.006
5.043239999999969 0.120000000000001 0.006
0.9045900000000984 0.13299999999999912 0.006
6.0198199999999815 -0.3689999999999998 0.006
3.064300000000003 0.4689999999999994 0.006
2.00592000000006 -0.3360000000000003 0.006
0.9896099999998569 0.15000000000000036 0.006
4.982199999999921 0.10599999999999987 0.006
1.041300000000092 -0.2259999999999991 0.006
3.926680000000033 0.24399999999999977 0.006
9.957660000000033 -0.31700000000000017 0.006
2.0155399999998735 0.30599999999999916 0.006
0.9562500000001819 -0.17300000000000004 0.006
2.0538799999999355 -0.016000000000000014 0.006
2.005719999999883 0.17400000000000126 0.006
2.0640300000000025 -0.18700000000000117 0.006
2.001899999999978 0.25900000000000034 0.008
1.0149100000001 -0.4450000000000003 0.006
1.917470000000094 0.27200000000000024 0.006
1.026239999999916 0.18200000000000038 0.008
0.9826399999999467 -0.48900000000000077 0.006
2.9688800000001265 0.4270000000000014 0.006
3.99741999999992 -0.03500000000000014 0.006
4.049389999999903 -0.0259999999999998 0.006
1.9635200000000168 -0.3550000000000004 0.006
2.0849299999999857 0.33199999999999896 0.006
1.9973500000000968 -0.347999999999999 0.006
1.9553200000000288 0.3119999999999994 0.006
1.9364599999998973 -0.1899999999999995 0.006
2.0387100000000373 0.1460000000000008 0.006
1.0587900000000445 0.1529999999999987 0.006
1.867580000000089 -0.3609999999999989 0.006
7.088509999999815 0.4319999999999986 0.008
1.0092100000001665 -0.48299999999999876 0.006
1.9065599999998994 0.2839999999999989 0.006
2.10015999999996 -0.27200000000000024 0.006
0.910240000000158 0.09000000000000163 0.006
4.057919999999967 -0.03500000000000014 0.006
2.9141299999998864 0.4059999999999988 0.008
0.9048000000000229 -0.46399999999999864 0.006
1.0764100000001235 0.16499999999999915 0.006
1.08170999999993 0.16000000000000014 0.006
1.9137000000000626 -0.3409999999999993 0.006
1.1079899999999725 0.16299999999999848 0.008
0.8658499999999094 0.12700000000000067 0.008
2.088610000000017 -0.26099999999999923 0.006
0.879950000000008 0.07399999999999984 0.006
3.014470000000074 0.2110000000000003 0.006
3.064809999999852 0.0649999999999995 0.008
6.916110000000117 -0.22900000000000098 0.008
1.040230000000065 0.1509999999999998 0.008
3.893679999999904 -0.053999999999998494 0.006
4.994310000000041 0.11999999999999922 0.008
1.1002300000000105 0.07600000000000051 0.008
2.9544899999998506 -0.11100000000000065 0.008
3.014520000000175 -0.1639999999999997 0.006
1.0332300000000032 0.1460000000000008 0.008
1.0040299999998297 0.15899999999999892 0.008
1.9871800000000803 -0.3439999999999994 0.006
2.9057999999999993 0.1479999999999997 0.006
3.011009999999942 0.1039999999999992 0.008
3.0215700000001107 -0.18099999999999916 0.008
4.980279999999993 0.1169999999999991 0.008
2.017799999999852 -0.2889999999999997 0.008
2.0125000000000455 0.25900000000000034 0.006
2.003560000000107 -0.10599999999999987 0.006
0.9827699999998458 -0.09200000000000053 0.006
10.98133000000007 0.39000000000000057 0.008
7.976530000000139 -0.08200000000000074 0.008
7.991349999999784 -0.07399999999999984 0.008
9.032380000000103 0.08500000000000085 0.008
2.9825499999999465 -0.18100000000000094 0.008
1.992719999999963 0.24600000000000044 0.008
111.36265000000003 -0.3979999999999997 0.006
1.9949300000000676 0.3119999999999994 0.008
2.9108000000001084 -0.19699999999999918 0.006
3.080959999999777 -0.18100000000000094 0.006
2.018690000000106 0.3100000000000005 0.006
2.0216800000000603 -0.2989999999999995 0.006
3.9310100000000148 0.22799999999999976 0.008
2.0418099999999413 -0.009000000000000341 0.008
5.013509999999997 0.12100000000000044 0.008
0.9312800000000152 0.14700000000000024 0.009
3.9359400000000733 -0.036000000000001364 0.008
3.0776099999998223 -0.18899999999999828 0.008
8.997669999999971 0.0779999999999994 0.006
4.891650000000027 0.10899999999999999 0.008
2.078359999999975 -0.3309999999999995 0.006
5.988170000000082 0.2599999999999998 0.008
3.0708799999999883 -0.1720000000000006 0.006
1.9110700000001088 0.2699999999999996 0.006
2.0286899999998695 -0.3149999999999995 0.006
1.942030000000159 0.29800000000000004 0.008
2.896889999999985 -0.21000000000000085 0.006
2.067059999999856 -0.08999999999999986 0.006
2.140239999999949 0.08200000000000074 0.006
2.835310000000163 -0.2029999999999994 0.006
2.1072999999998956 0.31400000000000006 0.008
1.9509700000000976 -0.3570000000000011 0.006
0.9527100000000246 0.1590000000000007 0.006
1.0252799999998388 0.15300000000000047 0.006
1.993249999999989 -0.3290000000000006 0.006
1.1047300000000178 0.15799999999999947 0.006
1.9436500000001615 0.29600000000000115 0.008
2.9651199999998425 -0.19500000000000028 0.006
1.9535600000001523 0.11099999999999888 0.006
3.0801899999999023 0.0030000000000001137 0.006
0.9449300000001131 0.12300000000000111 0.008
1.9764900000000125 -0.31400000000000006 0.006
2.1194799999998395 0.3149999999999995 0.008
1.0084000000001652 -0.49799999999999933 0.006
1.043179999999893 0.17499999999999893 0.006
1.9781600000001163 0.3049999999999997 0.006
6.956379999999854 -0.24099999999999966 0.006
4.02457000000004 -0.02200000000000024 0.006
1.9419100000000071 0.28800000000000026 0.006
3.072589999999991 -0.18200000000000038 0.006
1.009520000000066 0.17900000000000027 0.006
1.009900000000016 -0.5090000000000003 0.006
2.8765699999999015 0.4400000000000013 0.006
1.075019999999995 -0.2970000000000006 0.006
1.0152399999999489 -0.032999999999999474 0.006
0.9883800000000065 0.14899999999999913 0.006
0.0530700000001616 0.0259999999999998 0.006
5.739919999999984 0.21700000000000053 0.008
1.204780000000028 -0.47000000000000064 0.006
3.84795999999983 -0.005999999999998451 0.006
2.022910000000138 0.26899999999999835 0.006
3.0632399999999507 -0.1869999999999994 0.006
3.9628099999999904 -0.04100000000000037 0.006
2.067060000000083 0.32099999999999973 0.006
1.9699299999999766 -0.347999999999999 0.006
1.9479499999999916 0.2970000000000006 0.006
2.976120000000037 -0.19900000000000162 0.006
2.0088599999999133 0.3130000000000006 0.006
3.097129999999879 -0.16499999999999915 0.008
2.8919400000002042 -0.21300000000000097 0.006
0.9021499999998923 0.1479999999999997 0.008
2.072589999999991 0.27800000000000047 0.008
4.105250000000069 0.015000000000000568 0.008
0.9278399999998328 -0.5080000000000009 0.006
9.039580000000115 0.08999999999999986 0.006
6.932540000000017 0.4190000000000005 0.008
1.8844899999999143 -0.375 0.006
2.0235600000000886 0.30900000000000105 0.008
12.967969999999923 0.05099999999999838 0.008
11.059349999999995 -0.266 0.006
5.93091000000004 0.2680000000000007 0.008
3.0360900000000584 -0.17999999999999972 0.006
1.051490000000058 0.17499999999999893 0.008
3.9366399999998976 -0.07199999999999918 0.008
1.9780100000000402 -0.33399999999999963 0.006
2.0146700000000237 0.2989999999999995 0.006
3.035329999999931 -0.1750000000000007 0.006
4.959319999999934 0.10900000000000176 0.006
11.976509999999962 -0.10500000000000043 0.008
100.42327 -0.20000000000000107 0.006
0.9911200000001372 0.16699999999999982 0.006
6.986879999999928 -0.03999999999999915 0.006
22.93423000000007 0.08399999999999963 0.006
5.0524299999999585 0.12199999999999989 0.006
5.016689999999926 0.12600000000000122 0.006
2.982880000000023 -0.18700000000000117 0.006
16.936010000000124 -0.014999999999998792 0.006
0.04825000000005275 0.016000000000000014 0.006
0.9668599999999969 0.14599999999999902 0.006
1.0490899999999783 -0.2560000000000002 0.006
3.7547199999999066 0.3149999999999995 0.008
1.0985200000000077 -0.4559999999999995 0.006
5.074280000000044 0.13199999999999967 0.006
2.8084899999998925 -0.019000000000000128 0.006
0.10368000000016764 -0.08199999999999896 0.006
0.08964999999989232 -0.05799999999999983 0.006
1.971860000000106 0.27800000000000047 0.006
0.06985999999983505 0.010999999999999233 0.006
1.777749999999969 0.06400000000000006 0.008
0.13449000000014166 -0.14499999999999957 0.006
1.8619699999999284 0.019999999999999574 0.006
0.1421900000000278 0.0129999999999999 0.006
0.09211000000004788 0.012000000000000455 0.006
1.8336400000000594 0.20599999999999952 0.006
0.11277999999992971 -0.0649999999999995 0.006
0.05601999999998952 -0.04100000000000037 0.006
1.8108299999998962 -0.16699999999999982 0.006
0.09122000000002117 0.009999999999999787 0.006
1.034400000000005 0.15799999999999947 0.006
0.03978000000006432 0.002000000000000668 0.008
0.8899899999998979 0.13700000000000045 0.008
0.11031000000002678 -0.0129999999999999 0.008
1.8754699999999502 -0.3200000000000003 0.006
0.07551000000012209 0.014999999999998792 0.006
315.01331000000005 0.26700000000000124 0.006
3.095809999999801 -0.16800000000000104 0.006
2.970650000000205 -0.2129999999999992 0.006
8.999749999999949 0.08699999999999974 0.006
12.952809999999772 0.0519999999999996 0.006
6.999810000000252 -0.12299999999999933 0.006
2.047639999999774 0.1980000000000004 0.006
2.9108600000004117 -0.19500000000000028 0.006
2.005739999999605 0.2829999999999995 0.006
1.9685400000003028 -0.33200000000000074 0.006
1.9681900000000496 0.3080000000000016 0.006
3.9192299999999705 -0.04200000000000159 0.006
2.061040000000048 -0.1789999999999985 0.006
2.091639999999643 0.14100000000000001 0.006
2.070270000000164 -0.08700000000000152 0.006
4.8595000000000255 -0.1349999999999998 0.006
2.031489999999849 0.30400000000000027 0.006
2.097070000000258 -0.3230000000000004 0.006
1.921759999999722 0.29900000000000126 0.006
3.017569999999978 -0.18599999999999994 0.006
3.0152800000000752 0.04299999999999926 0.006
4.938010000000304 -0.11899999999999977 0.006
1.0708999999997104 0.15499999999999936 0.006
4.031500000000051 -0.023999999999999133 0.006
1.8521700000001147 0.2729999999999997 0.006
2.126310000000103 -0.3149999999999995 0.006
2.055359999999837 0.3229999999999986 0.006
1.9590199999997822 -0.3439999999999994 0.006
1.9796900000001187 0.2919999999999998 0.006
2.0038100000001577 -0.3349999999999991 0.006
7.885710000000017 -0.08300000000000018 0.006
3.115089999999782 0.4629999999999992 0.006
2.0239000000001397 -0.3520000000000003 0.006
1.9867599999997765 0.30600000000000094 0.006
2.0164300000001276 -0.3309999999999995 0.006
1.8941100000001825 0.29299999999999926 0.006
1.07520999999997 0.0470000000000006 0.006
0.9227599999999256 -0.39000000000000057 0.006
17.984539999999924 0.15200000000000102 0.006
6.877019999999902 -0.0810000000000013 0.006
11.989739999999983 0.3849999999999998 0.006
5.940690000000359 -0.39400000000000013 0.006
13.99492999999984 0.2010000000000005 0.006
31.0009399999999 0.18200000000000038 0.006
149.3778299999999 -0.43599999999999994 0.006
7.936910000000353 -0.02200000000000024 0.006
4.966679999999997 0.0600000000000005 0.006
4.065419999999904 -0.040000000000000924 0.006
4.002669999999853 -0.038000000000000256 0.006
3.989309999999932 -0.011999999999998678 0.006
8.957130000000234 0.06199999999999939 0.006
0.01301999999986947 -0.016000000000000014 0.006
4.043500000000222 -0.01699999999999946 0.006
7.91292999999996 0.11999999999999922 0.006
4.073309999999765 0.13700000000000045 0.006
6.007689999999911 -0.08999999999999986 0.006
9.895629999999983 0.2240000000000002 0.006
3.902010000000246 -0.06099999999999994 0.006
4.169039999999768 -0.02200000000000024 0.006
4.876320000000305 0.11599999999999966 0.006
2.12729999999965 -0.3160000000000007 0.006
2.897110000000339 0.15300000000000047 0.006
3.1084399999999732 0.1070000000000011 0.006
2.7696999999998297 -0.21700000000000053 0.006
2.150880000000143 0.33000000000000007 0.006
3.94983000000002 -0.04100000000000037 0.006
2.044260000000122 -0.3409999999999993 0.006
3.048399999999674 0.023999999999999133 0.006
2.008650000000216 0.10400000000000098 0.006
1.9864699999998265 0.13699999999999868 0.006
3.886919999999918 0.1120000000000001 0.006
2.0797300000003816 -0.3200000000000003 0.006
1.982669999999871 0.30400000000000027 0.006
2.0344599999998536 -0.34199999999999875 0.006
1.9840600000002269 0.3139999999999983 0.006
2.061119999999846 -0.3439999999999994 0.006
1.800159999999778 0.266 0.006
4.983900000000176 0.12400000000000055 0.006
2.228349999999864 -0.3000000000000007 0.006
4.945430000000215 0.11700000000000088 0.006
2.9803000000001703 -0.2140000000000004 0.006
2.045929999999771 0.3149999999999995 0.006
1.89220000000023 -0.3520000000000003 0.006
3.893499999999676 -0.0649999999999995 0.006
3.973649999999907 -0.009999999999999787 0.006
3.9744800000003124 0.20800000000000018 0.006
5.014940000000024 -0.15399999999999991 0.006
5.001549999999952 0.1280000000000001 0.006
6.950730000000021 -0.0039999999999995595 0.006
16.00859999999966 0.2729999999999997 0.006
150.3687100000002 -0.3100000000000005 0.006
9.022069999999985 0.0860000000000003 0.006
11.976799999999912 -0.11100000000000065 0.006
5.929000000000087 0.26700000000000124 0.006
5.061470000000099 0.1349999999999998 0.006
4.9424699999999575 -0.4270000000000014 0.006
5.008229999999912 -0.0129999999999999 0.006
6.002680000000055 0.28200000000000003 0.006
3.0524599999998827 -0.18299999999999983 0.006
4.933950000000095 0.10800000000000054 0.006
3.034979999999905 -0.19700000000000095 0.006
5.98023000000012 0.2680000000000007 0.006
3.0048299999998562 -0.18200000000000038 0.006
4.008150000000114 -0.030999999999998806 0.006
2.916400000000067 0.09199999999999875 0.006
4.025869999999941 0.19400000000000084 0.006
2.0402899999999136 -0.2029999999999994 0.006
4.933289999999943 0.09600000000000009 0.006
2.002640000000156 -0.31200000000000117 0.006
3.024249999999938 0.44899999999999984 0.006
1.964680000000044 -0.36599999999999966 0.006
3.061959999999999 0.26399999999999935 0.006
3.0230599999999868 0.02000000000000135 0.006
1.8599699999999757 -0.3620000000000001 0.006
2.983860000000277 0.472999999999999 0.006
2.0205699999996796 -0.34299999999999997 0.006
2.131850000000213 0.3230000000000004 0.006
1.9670799999998962 -0.35800000000000054 0.006
1.9565299999999297 0.3020000000000014 0.006
1.9402199999999539 -0.35100000000000087 0.006
2.0738400000000183 0.3249999999999993 0.006
2.0061500000001615 -0.3489999999999984 0.006
2.075260000000071 0.3219999999999992 0.006
1.9711499999998523 -0.35800000000000054 0.006
0.9454500000001644 0.15399999999999991 0.006
2.0085699999999633 0.31099999999999994 0.006
1.9915499999997337 -0.34699999999999953 0.006
1.9929200000001401 0.31400000000000006 0.006
1.9931900000001406 -0.3520000000000003 0.006
1.959599999999682 0.30400000000000027 0.006
2.1011600000001636 -0.33399999999999963 0.006
5.94993999999997 0.27399999999999913 0.006
2.030659999999898 -0.29999999999999893 0.006
2.0635999999999513 0.27200000000000024 0.006
1.7781000000004497 0.028999999999999915 0.006
1.1081699999999728 -0.23900000000000077 0.006
2.0032099999998536 0.3070000000000004 0.006
2.018529999999828 -0.3360000000000003 0.006
1.9844299999999748 0.30600000000000094 0.006
2.0719600000002174 -0.33800000000000097 0.006
2.82511999999997 0.4410000000000007 0.006
2.0302599999999984 -0.33000000000000007 0.006
2.9419800000000578 0.13700000000000045 0.006
2.0828899999996793 -0.016000000000000014 0.006
1.0250700000001416 0.14399999999999835 0.006
1.9390300000000025 -0.3489999999999984 0.006
1.9861300000002302 0.31099999999999994 0.006
2.033219999999801 -0.354000000000001 0.006
1.9967599999999948 0.3200000000000003 0.006
1.9964399999998932 -0.3279999999999994 0.006
2.00554000000011 0.29499999999999993 0.006
1.9877799999999297 -0.11700000000000088 0.006
1.9933100000002923 0.08099999999999952 0.006
7.937139999999999 -0.08799999999999919 0.006
2.0282600000000457 0.32099999999999973 0.006
2.8982599999999366 -0.2129999999999992 0.006
2.9996799999998984 -0.19400000000000084 0.006
2.11907999999994 0.3290000000000006 0.006
2.9973500000000968 -0.18700000000000117 0.006
3.867069999999785 -0.049999999999998934 0.006
2.103779999999915 0.3149999999999995 0.006
2.9562200000000303 -0.18900000000000006 0.006
3.00429000000031 -0.1899999999999995 0.006
5.9170899999999165 0.254999999999999 0.006
3.041139999999814 -0.17799999999999905 0.006
3.007600000000366 -0.1869999999999994 0.006
3.0324099999997998 0.45500000000000007 0.006
7.0021200000001045 -0.22000000000000064 0.006
13.957879999999932 0.19200000000000017 0.006
6.015679999999975 -0.3780000000000001 0.006
97.37473 -0.011000000000001009 0.006
11.97436000000016 0.21200000000000152 0.006
6.966979999999694 0.09499999999999886 0.006
10.991930000000139 -0.24799999999999933 0.006
4.041969999999765 -0.04499999999999993 0.006
6.948440000000119 0.4399999999999995 0.006
3.0032900000001064 -0.20500000000000007 0.006
4.953610000000026 0.10899999999999999 0.006
3.0656199999998535 -0.16699999999999982 0.006
8.922959999999875 0.06700000000000017 0.006
4.020430000000033 -0.031000000000000583 0.006
1.9914400000002388 0.09800000000000075 0.006
7.970310000000154 0.1169999999999991 0.006
2.024829999999838 -0.3229999999999986 0.006
2.0364599999998063 0.3049999999999997 0.006
11.900090000000091 -0.13100000000000023 0.006
6.114140000000134 -0.30600000000000094 0.006
5.983609999999771 0.2220000000000013 0.006
2.8419300000000476 -0.22600000000000087 0.006
4.152140000000145 -0.006999999999999673 0.006
12.931340000000091 0.04400000000000048 0.006
4.027639999999792 -0.04100000000000037 0.006
2.9778400000000147 0.46499999999999986 0.006
3.0745700000002216 -0.1750000000000007 0.006
6.957239999999729 -0.23399999999999999 0.006
5.952070000000276 0.2480000000000011 0.006
2.0251499999999396 -0.31900000000000084 0.006
8.997929999999997 0.07699999999999996 0.006
6.890969999999925 0.39700000000000024 0.006
2.021020000000135 -0.33199999999999896 0.006
3.1304299999997056 -0.1070000000000011 0.006
2.9068300000003546 0.37700000000000067 0.006
1.9315899999996873 -0.33800000000000097 0.006
4.9167600000000675 0.0940000000000012 0.006
3.9986699999999473 -0.02800000000000047 0.006
0.044499999999970896 -0.0030000000000001137 0.006
4.951970000000074 0.12100000000000044 0.006
7.996869999999944 -0.09100000000000108 0.006
5.980460000000221 0.27800000000000047 0.006
6.97609999999986 -0.22499999999999964 0.006
8.02543999999989 -0.07900000000000063 0.006
9.976959999999963 0.23099999999999987 0.006
146.35402999999997 -0.27399999999999913 0.006
17.036290000000008 0.0030000000000001137 0.006
9.911090000000058 0.2289999999999992 0.006
6.942510000000311 -0.22499999999999964 0.006
3.054069999999683 0.1739999999999995 0.006
11.032490000000053 0.038000000000000256 0.006
3.9162999999998647 -0.036999999999999034 0.006
3.0958800000003066 -0.1800000000000015 0.006
1.997309999999743 0.28500000000000014 0.006
4.009600000000319 -0.019000000000000128 0.006
3.983879999999772 -0.03999999999999915 0.006
3.9886999999998807 -0.0470000000000006 0.006
3.8867700000000696 -0.03399999999999892 0.006
9.06982999999991 0.08099999999999952 0.006
2.934150000000045 -0.19400000000000084 0.006
2.0747700000001714 0.3030000000000008 0.006
2.901690000000144 -0.19400000000000084 0.006
3.0424299999999675 -0.18499999999999872 0.006
3.0129299999998693 0.42499999999999893 0.006
2.053150000000187 -0.28999999999999915 0.006
1.9986399999997957 0.30299999999999905 0.006
2.8755999999998494 -0.21099999999999852 0.006
5.035190000000057 0.11799999999999855 0.006
2.087930000000142 -0.3249999999999993 0.006
1.9764500000001135 0.30100000000000016 0.006
2.9689399999997477 -0.19200000000000017 0.006
3.8949500000003354 -0.0470000000000006 0.006
4.082149999999729 -0.025000000000000355 0.006
2.062289999999848 0.30600000000000094 0.006
1.9697500000002037 -0.34500000000000064 0.006
2.075539999999819 0.32200000000000095 0.006
1.9928400000003421 -0.34299999999999997 0.006
0.8483699999997043 0.1379999999999999 0.006
2.158519999999953 0.2940000000000005 0.006
2.938130000000001 -0.16300000000000026 0.006
0.8342300000003888 0.1269999999999989 0.006
2.15653999999995 -0.3200000000000003 0.006
5.021089999999731 0.11400000000000077 0.006
2.014810000000125 0.12199999999999989 0.006
2.873070000000098 -0.019000000000000128 0.006
2.081580000000031 -0.3309999999999995 0.006
2.0194799999999304 0.31400000000000006 0.006
2.979620000000068 -0.20000000000000107 0.006
2.952980000000025 0.03200000000000003 0.006
3.016729999999825 0.23399999999999999 0.006
4.027450000000044 -0.019999999999999574 0.006
3.873489999999947 -0.06700000000000017 0.006
2.9584399999998823 -0.18599999999999994 0.006
4.167170000000169 -0.006000000000000227 0.006
4.8495600000001104 0.09299999999999997 0.006
6.949669999999969 -0.1899999999999995 0.006
7.989970000000085 0.39400000000000013 0.006
10.957279999999628 -0.13299999999999912 0.006
16.97470000000021 0.007999999999999119 0.006
136.4031100000002 0.1460000000000008 0.006
5.020159999999578 -0.03200000000000003 0.006
11.950530000000072 0.03599999999999959 0.006
20.01351999999997 -0.17900000000000027 0.006
2.0182800000002317 0.0470000000000006 0.006
1.9095499999998538 -0.08800000000000097 0.006
2.0209899999999834 0.2629999999999999 0.006
5.01164000000017 -0.4740000000000002 0.006
6.002809999999954 0.25200000000000067 0.006
7.893680000000131 -0.07600000000000051 0.006
2.1128099999996266 0.31200000000000117 0.006
9.866920000000391 -0.4320000000000004 0.006
2.0737699999999677 0.31599999999999895 0.006
7.9682199999997465 -0.0779999999999994 0.006
3.0615499999998974 -0.17600000000000016 0.006
1.9868100000003324 0.29600000000000115 0.006
2.058469999999943 -0.3180000000000014 0.006
3.862999999999829 -0.06999999999999851 0.006
5.027309999999943 0.12599999999999945 0.006
1.0745200000001205 0.1609999999999996 0.006
2.0348399999998037 -0.3279999999999994 0.006
1.9224400000002788 0.29999999999999893 0.006
4.038750000000164 -0.030999999999998806 0.006
3.9178799999999683 -0.05000000000000071 0.006
2.0106799999998657 0.2759999999999998 0.006
2.986699999999928 -0.15799999999999947 0.006
2.06354999999985 -0.33399999999999963 0.006
9.861370000000079 0.21099999999999852 0.006
10.961189999999988 -0.017999999999998906 0.006
6.174329999999827 0.05400000000000027 0.006
8.998870000000352 0.07199999999999918 0.006
4.975129999999808 0.09999999999999964 0.006
3.0335800000002564 -0.16299999999999848 0.006
13.777019999999538 0.14999999999999858 0.006
14.006680000000415 -0.3330000000000002 0.006
11.949550000000272 0.41100000000000136 0.006
29.96805999999924 -0.06500000000000128 0.006
144.39247000000069 -0.3569999999999993 0.006
4.972740000000158 0.015000000000000568 0.006
5.027569999999287 0.11999999999999922 0.006
4.952119999999923 0.10999999999999943 0.006
5.016840000000229 0.12700000000000067 0.006
3.988260000000082 -0.0470000000000006 0.006
3.9494299999996656 -0.036999999999999034 0.006
6.93938000000071 -0.22199999999999953 0.006
3.0356199999996534 0.11299999999999955 0.006
5.942439999999806 -0.040000000000000924 0.006
3.1371100000005754 -0.17499999999999893 0.006
9.851619999999457 0.21999999999999886 0.006
8.0277700000006 -0.07199999999999918 0.006
4.0833999999995285 -0.021000000000000796 0.006
14.951589999999669 0.3420000000000005 0.006
3.0032800000008137 -0.1899999999999995 0.006
3.017479999999523 -0.1899999999999995 0.006
3.926590000000033 -0.04400000000000048 0.006
3.019629999999779 0.3979999999999997 0.006
3.1176100000002407 -0.10999999999999943 0.008
5.94181000000026 -0.32399999999999984 0.006
2.035530000000108 0.25599999999999845 0.006
3.969699999999648 -0.04099999999999859 0.006
2.9786699999995108 -0.19899999999999984 0.006
3.9940300000007483 -0.04100000000000037 0.006
2.0455799999999726 0.3249999999999993 0.006
2.9711200000001554 -0.1999999999999993 0.006
4.915899999999965 0.10799999999999876 0.006
4.087069999999585 -0.021999999999998465 0.006
3.9503700000004756 -0.04800000000000004 0.006
4.079459999999926 -0.02200000000000024 0.006
3.9208699999999226 -0.051000000000000156 0.006
4.019249999999374 -0.022999999999999687 0.006
5.003310000000056 0.1169999999999991 0.006
2.873040000000401 -0.1739999999999995 0.006
2.1098599999995713 0.2829999999999995 0.006
5.004040000000714 0.11899999999999977 0.006
1.9506799999999203 -0.34499999999999886 0.006
3.049369999999726 0.3669999999999991 0.006
5.948849999999766 -0.270999999999999 0.006
3.037430000000313 -0.11600000000000144 0.006
2.899620000000141 0.359 0.006
6.026100000000042 -0.3829999999999991 0.006
3.9685099999996964 -0.02200000000000024 0.006
4.015360000000328 0.051000000000000156 0.006
3.9122099999995044 0.27200000000000024 0.006
