0.0 0.0 0.05459
13.969240000005811 0.08200000000000074 0.05794
11.97454999992624 -0.05799999999999983 0.05555
1.0213399999774992 0.4079999999999995 0.07473
1.9656799999065697 0.0009999999999994458 0.07479
12.982760000042617 -0.23300000000000054 0.06315
3.092610000167042 -0.347999999999999 0.04908
10.903959999792278 0.38899999999999935 0.06507
2.9312499999068677 -0.1999999999999993 0.05624
1.0026899999938905 0.24799999999999933 0.06738
9.111680000089109 -0.35999999999999943 0.05186
5.836630000267178 0.08699999999999974 0.05523
16.989379999693483 0.040000000000000924 0.05686
7.055310000199825 0.054999999999999716 0.05918
6.964739999733865 -0.3049999999999997 0.04750
1.9957799999974668 0.2729999999999997 0.05782
2.0557000003755093 0.379999999999999 0.07620
2.894569999538362 -0.5399999999999991 0.05149
3.989520000293851 0.4770000000000003 0.07282
4.137310000136495 -0.3849999999999998 0.05503
4.841639999765903 0.516 0.07999
2.067269999999553 -0.41600000000000037 0.05918
10.059919999912381 -0.04100000000000037 0.05744
2.871389999985695 0.15499999999999936 0.06431
2.032290000002831 0.2789999999999999 0.07869
2.9937700000591576 -0.03500000000000014 0.07675
2.998410000000149 -0.577 0.05050
2.996280000079423 0.19700000000000095 0.05824
3.99585000006482 -0.12300000000000111 0.05326
2.9574699997901917 0.49900000000000055 0.07653
4.04664000030607 -0.3550000000000004 0.05914
5.063649999909103 0.03500000000000014 0.06067
2.0640300000086427 0.43599999999999994 0.08310
2.856910000089556 -0.5549999999999997 0.05563
2.985409999731928 0.24600000000000044 0.06655
1.9964999998919666 -0.11800000000000033 0.06107
3.9952000002376735 -0.07699999999999996 0.05773
3.063300000037998 -0.009000000000000341 0.05735
4.925439999904484 -0.14899999999999913 0.05149
11.989779999945313 0.13599999999999923 0.05681
1.0720000001601875 0.24200000000000088 0.06778
3.908270000014454 0.07899999999999885 0.07177
8.98464999999851 -0.26900000000000013 0.05901
5.989740000106394 0.02400000000000091 0.06005
4.027259999886155 0.14199999999999946 0.06660
9.038199999835342 -0.20599999999999952 0.05731
9.909710000269115 0.40499999999999936 0.07691
4.982849999796599 -0.18599999999999994 0.06724
8.97520999982953 -0.16999999999999993 0.05940
84.47160000028089 -0.19099999999999895 0.05171
21.93643999984488 0.5 0.07436
43.006380000151694 -0.09600000000000009 0.06937
