0.0 0.0 0.051
2.9760299999998097 -0.2270000000000003 0.045
3.909810000000107 0.012999999999998124 0.037
8.068899999999758 0.01600000000000179 0.045
18.992099999999937 0.17799999999999727 0.054
222.1532500000003 -0.07499999999999929 0.047
18.995429999999942 -0.0589999999999975 0.038
29.923620000000028 0.20199999999999818 0.057
1.1458600000000843 -0.07199999999999918 0.049
8.82116999999971 -0.15399999999999991 0.051
20.88675000000012 0.3569999999999993 0.077
25.956590000000233 -0.36499999999999844 0.050
2.236489999999776 0.06899999999999906 0.078
2.790989999999965 -0.04200000000000159 0.053
2.0610500000002503 -0.06499999999999773 0.038
2.0372699999998076 0.13799999999999812 0.047
2.0268999999998414 -0.18999999999999773 0.038
9.979029999999966 0.21099999999999852 0.069
6.950790000000325 0.03300000000000125 0.051
21.021409999999833 -0.09600000000000009 0.058
0.9781100000000151 -0.14300000000000068 0.061
14.950980000000072 0.14099999999999824 0.063
6.024319999999989 0.19200000000000017 0.083
9.94239000000016 -0.18599999999999994 0.091
177.39030999999977 -0.1269999999999989 0.063
95.80000999999993 0.06800000000000139 0.039
33.860529999999926 0.32299999999999685 0.051
32.09709000000021 -0.0030000000000001137 0.117
1.9843900000000758 -0.2989999999999995 0.063
29.900879999999688 0.1390000000000029 0.068
168.17585000000008 0.23899999999999721 0.077
8.025860000000193 -0.33399999999999963 0.062
8.943629999999757 0.3309999999999995 0.067
95.84762 -0.20399999999999707 0.071
1.0154600000000755 -0.19900000000000162 0.041
16.999499999999898 0.07600000000000051 0.052
7.008310000000165 0.16000000000000014 0.059
1.9848700000002282 0.009000000000000341 0.054
11.974139999999807 -0.01699999999999946 0.076
0.009250000000065484 0.0019999999999988916 0.078
1.996009999999842 -0.25 0.048
15.05549000000019 0.08299999999999841 0.062
265.12838999999985 -0.09299999999999997 0.067
3.0388499999999112 0.0990000000000002 0.054
2.9757300000001123 0.09800000000000253 0.036
1.1125200000001314 -0.23600000000000065 0.041
1.8027400000000853 0.39000000000000057 0.064
0.9554599999996753 0.14599999999999724 0.094
2.008550000000014 -0.5259999999999998 0.042
1.9698699999999008 0.10200000000000031 0.045
1.2165899999999965 0.0519999999999996 0.038
0.9720100000004095 0.26000000000000156 0.052
0.9605999999998858 -0.19200000000000017 0.038
1.0636099999996986 -0.09199999999999875 0.038
0.7494500000002517 -0.020000000000003126 0.049
1.2037500000001273 -0.004999999999999005 0.053
5.083639999999832 0.0710000000000015 0.067
3.699290000000019 0.1559999999999988 0.099
1.0624899999997979 -0.25400000000000134 0.042
0.1613800000000083 0.08200000000000074 0.049
0.8270900000002257 -0.13700000000000045 0.031
0.9582500000001346 0.04200000000000159 0.043
1.05237999999963 0.1999999999999993 0.045
0.9733600000004117 -0.038999999999997925 0.037
0.9583599999996295 -0.13600000000000279 0.037
1.0156799999999748 -0.06299999999999883 0.038
1.0297199999999975 0.19399999999999906 0.046
0.9587900000001355 -0.12899999999999778 0.041
1.0396900000000642 0.19399999999999906 0.049
0.9861399999999776 -0.2680000000000007 0.036
0.9905899999998837 0.08000000000000185 0.038
1.0583200000000943 0.1479999999999997 0.041
1.056079999999838 -0.1720000000000006 0.050
0.93654000000015 0.05799999999999983 0.038
0.9587400000000343 0.0019999999999988916 0.037
0.9800500000001193 -0.018000000000000682 0.038
1.0448999999998705 -0.027999999999998693 0.032
0.9663900000000467 -0.06800000000000139 0.037
1.0955199999998513 0.05100000000000193 0.041
0.935359999999946 0.09799999999999898 0.038
5.9968400000002475 -0.16600000000000037 0.073
0.9323399999998401 0.19900000000000162 0.050
1.0250300000002426 -0.2510000000000012 0.052
0.9939899999999398 0.038000000000000256 0.048
4.016160000000127 0.03200000000000003 0.036
0.9915699999996832 0.027999999999998693 0.055
9.053510000000188 0.04100000000000037 0.046
3.103679999999713 -0.0019999999999988916 0.039
8.984339999999975 0.11700000000000088 0.076
2.8862600000002203 0.045999999999999375 0.063
2.0632700000001023 0.14999999999999858 0.062
5.980439999999817 -0.029999999999997584 0.056
5.927549999999883 -0.1750000000000007 0.064
4.9916299999999865 -0.10500000000000043 0.056
2.027860000000146 0.3039999999999985 0.085
120.35647000000017 -0.21699999999999875 0.060
6.005229999999756 -0.08200000000000074 0.052
6.951120000000174 -0.047999999999998266 0.049
3.99521999999979 0.09299999999999997 0.052
2.9900000000002365 -0.12700000000000244 0.040
1.989680000000135 0.42400000000000304 0.066
1.9952599999996892 -0.397000000000002 0.040
1.04816000000028 0.120000000000001 0.042
2.047149999999874 -0.11599999999999966 0.045
1.9937399999998888 0.04199999999999804 0.042
1.914520000000266 0.036000000000001364 0.048
1.037409999999909 0.33699999999999974 0.062
0.9965699999997923 -0.41799999999999926 0.039
1.9731300000003102 -0.02400000000000091 0.039
1.0036599999998543 -0.00999999999999801 0.036
1.048029999999926 0.2619999999999969 0.052
1.027230000000145 -0.2579999999999991 0.039
1.9856999999997242 0.16199999999999903 0.045
0.9975100000001476 0.17300000000000182 0.054
3.909810000000107 -0.13299999999999912 0.041
1.0637400000000525 -0.17300000000000182 0.031
0.9636999999997897 0.022999999999999687 0.033
1.004280000000108 0.16100000000000136 0.040
1.046429999999873 -0.08300000000000196 0.040
0.9637299999999414 -0.02499999999999858 0.033
1.0017100000000028 -0.012000000000000455 0.052
1.0217800000000352 0.11599999999999966 0.048
0.9779600000001665 -0.05699999999999861 0.045
1.0228799999999865 0.10500000000000043 0.041
0.975550000000112 -0.11599999999999966 0.050
0.9781699999998636 0.014999999999997016 0.038
0.9809199999999691 -0.03999999999999915 0.039
0.008739999999761494 -0.03200000000000003 0.040
1.9943300000004456 0.019000000000001904 0.039
0.03620999999975538 0.3069999999999986 0.048
0.870379999999841 -0.28200000000000003 0.045
1.1419800000003306 -0.1559999999999988 0.033
0.9504099999999198 0.19500000000000028 0.038
0.9980799999998453 -0.08800000000000097 0.042
0.9968899999998939 -0.019999999999999574 0.038
1.0041700000001583 0.22799999999999798 0.062
0.9959499999999935 -0.015999999999998238 0.049
1.0071000000002641 -0.11700000000000088 0.049
0.9780899999996109 0.04800000000000182 0.046
3.9978000000000975 0.12899999999999778 0.063
1.0076300000000629 -0.2889999999999979 0.037
1.0756400000000212 0.1869999999999976 0.046
0.9479799999999159 -0.05299999999999727 0.043
1.0024100000000544 0.26699999999999946 0.055
0.943670000000111 -0.20400000000000063 0.047
1.009900000000016 -0.07400000000000162 0.044
0.9884999999999309 0.009000000000000341 0.054
0.9927600000000893 -0.09299999999999997 0.028
2.988890000000083 0.15399999999999991 0.045
2.0601699999997436 -0.10999999999999943 0.045
0.8971900000001369 -0.13100000000000023 0.044
1.1929299999997056 0.05100000000000193 0.052
0.8418599999999969 0.07499999999999929 0.042
1.0134200000002238 0.2049999999999983 0.045
1.0116400000001704 -0.27199999999999847 0.034
0.9931499999997868 0.0030000000000001137 0.034
0.8853800000001684 0.3000000000000007 0.055
1.0002299999996467 -0.28000000000000114 0.045
1.1526800000001458 0.11400000000000077 0.050
0.028720000000248547 -0.1440000000000019 0.043
0.8178399999997055 -0.0779999999999994 0.050
1.1654200000002675 0.11200000000000188 0.054
3.8212899999998626 -0.015000000000000568 0.047
1.2224099999998543 0.03500000000000014 0.041
0.7722200000002886 0.0329999999999977 0.039
1.1078099999999722 -0.12899999999999778 0.033
0.8867700000000696 0.2240000000000002 0.046
3.1033199999997123 -0.07499999999999929 0.041
1.0082000000002154 -0.07800000000000296 0.037
0.9349999999999454 -0.006999999999997897 0.035
1.052599999999984 0.11599999999999966 0.038
2.9587699999997312 0.16000000000000014 0.052
0.9955800000002455 -0.18599999999999994 0.039
2.154660000000149 -0.1410000000000018 0.037
0.790639999999712 0.0259999999999998 0.043
1.1327500000002146 0.013000000000001677 0.040
1.052850000000035 0.16999999999999815 0.043
0.8981199999998353 -0.11799999999999855 0.047
1.0475000000001273 0.28999999999999915 0.061
1.942279999999755 -0.003999999999997783 0.074
3.91045000000031 -0.23700000000000188 0.051
1.020209999999679 -0.07900000000000063 0.047
1.014599999999973 0.18900000000000006 0.043
1.0957900000003065 -0.2289999999999992 0.041
0.8872099999998682 0.15700000000000003 0.038
1.0002700000000004 -0.0990000000000002 0.035
0.9880800000000818 -0.021000000000000796 0.045
1.0568199999997887 0.33200000000000074 0.077
0.9331300000003466 -0.25900000000000034 0.039
1.0060699999999088 0.26699999999999946 0.044
1.055199999999786 -0.39299999999999713 0.039
1.9462100000000646 0.0009999999999976694 0.031
0.9975300000000971 0.045000000000001705 0.036
1.0179299999999785 0.3059999999999974 0.051
0.979910000000018 -0.14899999999999736 0.039
1.0512100000000828 -0.03400000000000247 0.048
1.0404499999999643 0.14500000000000313 0.053
0.9986300000000483 -0.07500000000000284 0.042
0.941190000000006 0.060000000000002274 0.053
0.9519699999996192 -0.010000000000001563 0.048
0.27757000000019616 -0.2530000000000001 0.040
0.734519999999975 0.21499999999999986 0.069
9.040860000000066 -0.021999999999998465 0.051
0.9451599999997597 0.02499999999999858 0.059
0.13760000000002037 -0.1460000000000008 0.045
0.9528800000002775 -0.06299999999999883 0.041
0.9136599999997088 -0.007999999999999119 0.033
0.9706900000001042 -0.05700000000000216 0.038
1.0781700000002274 0.23600000000000065 0.039
0.9223299999998744 -0.11199999999999832 0.043
1.0756000000001222 -0.01699999999999946 0.041
0.9330399999998917 0.07499999999999929 0.055
2.1360399999998663 -0.10000000000000142 0.032
3.9349999999999454 0.02400000000000091 0.038
0.9503700000000208 -0.004000000000001336 0.038
0.9972000000002481 -0.006000000000000227 0.045
4.0034999999998035 -0.1339999999999968 0.035
1.0087100000000646 0.0779999999999994 0.049
5.037119999999959 0.0779999999999994 0.053
0.9376200000001518 0.012000000000000455 0.052
1.0724599999998645 -0.045000000000001705 0.049
0.9402100000002065 0.06099999999999994 0.046
0.9776999999999134 -0.0030000000000001137 0.038
1.0751900000000205 0.09100000000000108 0.070
1.9699499999996988 0.0799999999999983 0.046
0.9897500000001855 -0.13899999999999935 0.039
0.9935700000000907 -0.08599999999999852 0.034
0.9878899999998794 -0.1670000000000016 0.033
1.0324500000001535 0.3030000000000008 0.054
0.9541199999998753 0.04100000000000037 0.058
1.007380000000012 0.18400000000000105 0.050
1.0048799999999574 -0.20300000000000296 0.051
1.0400399999998626 -0.2789999999999999 0.047
2.0297300000001997 0.3370000000000033 0.049
0.9323699999999917 -0.022000000000002018 0.071
0.9949799999999414 -0.021999999999998465 0.047
0.9975300000000971 -0.23600000000000065 0.036
3.014650000000074 0.46199999999999974 0.074
2.9189699999997174 -0.2240000000000002 0.104
4.14296000000013 -0.21699999999999875 0.055
0.9199899999998706 0.038000000000000256 0.043
1.012920000000122 0.0379999999999967 0.036
1.0697800000002644 0.09800000000000253 0.065
1.8930099999997765 0.06299999999999883 0.067
3.068580000000111 -0.08999999999999986 0.054
1.027679999999691 -0.04400000000000048 0.038
3.9064900000003036 -0.027999999999998693 0.052
2.0233800000000883 0.1750000000000007 0.052
0.9966999999996915 0.054999999999999716 0.047
2.0228900000001886 -0.3680000000000021 0.054
1.015469999999823 0.33500000000000085 0.056
0.9856800000002295 0.12199999999999989 0.056
4.917009999999664 -0.3460000000000001 0.052
1.086880000000292 0.33399999999999963 0.093
2.9397500000000036 -0.33800000000000097 0.064
1.9746099999997568 -0.023999999999997357 0.047
2.0042700000003606 0.36999999999999744 0.074
1.99637999999959 -0.4569999999999972 0.063
3.0391500000000633 0.2029999999999994 0.048
1.9955400000003465 -0.16300000000000026 0.044
2.016099999999824 0.28000000000000114 0.062
2.9999299999999494 -0.25700000000000145 0.063
114.33952 0.045999999999999375 0.075
5.959509999999682 -0.05600000000000094 0.050
3.009610000000066 0.360000000000003 0.059
2.9702900000002046 -0.40600000000000236 0.047
2.0163600000005317 0.20700000000000074 0.056
2.0536199999996825 -0.1479999999999997 0.052
2.015929999999571 0.28600000000000136 0.059
2.932459999999992 -0.125 0.085
2.0349000000005617 -0.11500000000000199 0.053
2.0170799999996234 0.11299999999999955 0.056
5.008200000000215 0.09800000000000253 0.054
1.9016700000001947 0.003999999999997783 0.056
1.0532800000000861 -0.2789999999999999 0.043
1.03975999999966 0.120000000000001 0.047
1.9367799999999988 -0.007999999999999119 0.043
1.0483699999995224 -0.09600000000000009 0.038
1.0322900000001027 0.10299999999999798 0.049
0.85903000000053 0.10500000000000043 0.047
1.118609999999535 0.19200000000000017 0.074
4.882940000000417 -0.3490000000000002 0.055
1.103360000000066 0.2289999999999992 0.078
0.9186300000001211 -0.28800000000000026 0.053
1.0183999999999287 0.402000000000001 0.065
1.0215399999997317 -0.39199999999999946 0.041
1.9885000000003856 0.038000000000000256 0.047
5.981489999999212 -0.018000000000000682 0.038
0.988100000000486 -0.0019999999999988916 0.041
0.992099999999482 0.26200000000000045 0.052
0.9983500000007552 -0.028000000000002245 0.046
1.996419999999489 -0.22799999999999798 0.043
0.9969600000003993 0.038000000000000256 0.042
3.063119999999799 -0.05700000000000216 0.043
1.9441200000001118 -0.015000000000000568 0.040
2.0064800000000105 0.31400000000000006 0.062
0.957749999999578 0.10000000000000142 0.057
1.0075900000001639 -0.3039999999999985 0.038
1.0519700000004377 -0.05700000000000216 0.058
1.02284999999938 0.3460000000000001 0.075
0.9352600000001985 -0.3520000000000003 0.046
1.9686400000000503 0.2920000000000016 0.064
2.102370000000519 -0.09799999999999898 0.068
3.8983999999991283 -0.004000000000001336 0.074
0.9843100000007325 -0.13500000000000156 0.054
0.9898399999992762 -0.08799999999999741 0.046
0.9822700000004261 0.06499999999999773 0.040
1.0122199999996155 -0.036999999999999034 0.055
1.1811200000001918 0.10999999999999943 0.063
0.9829900000004272 0.1670000000000016 0.059
0.7974599999997736 -0.028000000000002245 0.055
0.2742500000003929 -0.30799999999999983 0.055
2.7953299999999217 0.31200000000000117 0.056
0.9506099999998696 -0.045000000000001705 0.051
1.0463700000000244 -0.19899999999999807 0.040
1.9329399999996895 -0.0010000000000012221 0.065
1.998040000000401 -0.013999999999999346 0.050
0.9933299999993324 0.13700000000000045 0.050
1.0587900000000445 -0.15500000000000114 0.047
1.0238100000005943 -0.0009999999999976694 0.040
3.0400799999997616 0.06799999999999784 0.059
5.7929000000003725 -0.14099999999999824 0.061
2.0070699999996577 0.31899999999999906 0.078
8.9695099999999 -0.31200000000000117 0.052
1.2361700000001292 0.16000000000000014 0.047
0.7468699999999444 0.0660000000000025 0.079
3.023400000000038 -0.25900000000000034 0.040
1.1985699999995632 0.09699999999999775 0.045
0.859440000000177 0.3979999999999997 0.072
1.0328300000001036 -0.375 0.055
1.092370000000301 0.3620000000000019 0.082
0.923399999999674 -0.19200000000000017 0.051
0.957419999999729 -0.10200000000000031 0.062
4.937600000000202 -0.0940000000000012 0.052
0.9918100000004415 0.010000000000001563 0.052
1.003429999999753 0.10099999999999909 0.056
0.9995200000003024 0.3210000000000015 0.099
3.0138099999994665 -0.43100000000000094 0.053
1.0434900000000198 0.38400000000000034 0.078
1.0603600000004008 -0.4299999999999997 0.041
0.8647399999999834 0.3379999999999974 0.047
1.006239999999707 -0.16999999999999815 0.046
0.9930599999997867 -0.10999999999999943 0.048
1.0142700000005789 0.04899999999999949 0.046
0.25357999999960157 0.1819999999999986 0.054
0.7365900000004331 -0.19599999999999795 0.046
1.1235999999998967 -0.03400000000000247 0.039
0.8391700000001947 0.2740000000000009 0.068
0.9812899999997171 0.07199999999999918 0.064
1.0972000000001572 -0.31299999999999883 0.047
1.1812300000001414 0.12199999999999989 0.046
0.9562699999996767 -0.007999999999999119 0.052
1.008270000000266 0.2469999999999999 0.069
0.7709899999999834 -0.06899999999999906 0.104
3.2002999999995154 -0.28100000000000236 0.055
2.9668400000000474 0.17999999999999972 0.089
1.9086800000004587 0.03300000000000125 0.068
3.0073999999995067 -0.30900000000000105 0.047
1.0827699999999822 0.32200000000000273 0.061
0.9238199999999779 -0.053000000000000824 0.058
1.9768300000005183 -0.05100000000000193 0.057
1.0867599999992308 -0.09199999999999875 0.048
5.931210000000647 -0.0940000000000012 0.043
0.9576399999996283 -0.04100000000000037 0.056
1.0057400000005146 0.1130000000000031 0.042
0.9374299999999494 -0.03100000000000236 0.054
1.0685899999998583 0.2140000000000022 0.050
0.9957299999996394 -0.20800000000000196 0.048
1.0139900000003763 -0.021999999999998465 0.043
0.9210199999997712 0.07900000000000063 0.065
5.066689999999653 -0.05799999999999983 0.062
0.9961400000001959 0.007999999999999119 0.045
0.9385300000003554 -0.08200000000000074 0.066
1.0658999999996013 0.19900000000000162 0.064
1.0360700000001088 -0.14700000000000202 0.048
0.9795599999997648 -0.028999999999999915 0.038
1.0300700000007055 0.23100000000000165 0.057
0.9661200000000463 0.18799999999999883 0.056
1.0055699999993521 -0.1789999999999985 0.075
1.013930000000073 -0.23900000000000077 0.050
1.9687199999998484 0.07699999999999818 0.042
1.0577800000000934 0.06099999999999994 0.048
0.9475099999999657 0.16799999999999926 0.054
2.0165100000003804 -0.3460000000000001 0.047
1.0193499999995765 0.16600000000000037 0.055
1.0163900000006834 0.28500000000000014 0.077
0.9485500000000684 -0.0730000000000004 0.065
2.0192099999994753 -0.2879999999999967 0.052
3.0261200000004465 0.1039999999999992 0.073
5.9641899999996895 0.023999999999997357 0.063
3.999160000000302 -0.020999999999997243 0.052
5.965479999999843 -0.03400000000000247 0.052
3.0794599999999264 -0.013999999999999346 0.054
2.9951899999996385 0.022000000000002018 0.076
9.972650000000613 0.08699999999999974 0.060
112.29000999999971 -0.18400000000000105 0.052
2.992150000000038 0.16600000000000037 0.049
3.0373499999996056 -0.2289999999999992 0.043
2.9607999999998356 0.2959999999999994 0.057
3.9896200000002864 -0.2680000000000007 0.055
3.031890000000203 0.08500000000000085 0.052
1.9408599999997023 -0.08000000000000185 0.060
1.9920700000002398 -0.030999999999998806 0.073
6.015870000000177 0.28699999999999903 0.069
2.95853999999963 -0.18999999999999773 0.063
2.081250000000182 0.1109999999999971 0.048
1.9215100000001257 0.16000000000000014 0.065
1.1134899999997288 -0.19599999999999795 0.044
0.8707700000004479 -0.19000000000000128 0.039
1.0969999999997526 0.3219999999999992 0.047
0.9634599999999409 -0.04299999999999926 0.065
1.0881099999996877 -0.2579999999999991 0.059
0.9973800000007031 0.18299999999999983 0.056
0.9866499999998268 0.1529999999999987 0.056
0.9142799999999625 -0.2359999999999971 0.053
1.030999999999949 0.21599999999999753 0.059
1.0658000000003085 -0.2789999999999999 0.065
1.9957899999999427 0.240000000000002 0.058
0.9201399999992645 -0.18500000000000227 0.050
4.972580000000562 -0.09799999999999898 0.036
1.023019999999633 0.13800000000000168 0.052
0.9686499999997977 0.0019999999999988916 0.039
0.9985599999999977 0.22100000000000009 0.052
1.0004100000005565 -0.2140000000000022 0.048
0.98891999999978 -0.10899999999999821 0.035
3.0041700000001583 0.1479999999999997 0.042
0.9845800000002782 0.18499999999999872 0.046
1.0008499999994456 -0.26099999999999923 0.044
0.9989599999998973 -0.021999999999998465 0.044
1.0234100000006947 0.00999999999999801 0.039
0.9958299999998417 0.054000000000002046 0.046
0.9903599999997823 0.21399999999999864 0.057
0.9906799999998839 -0.09299999999999997 0.061
1.0231800000001385 -0.28000000000000114 0.041
0.9876400000002832 0.08600000000000207 0.038
1.0023499999997512 0.018000000000000682 0.053
1.0087800000001153 0.26899999999999835 0.065
2.088960000000043 -0.20700000000000074 0.056
0.9536299999999756 0.06300000000000239 0.069
4.952169999999569 -0.277000000000001 0.062
1.9110000000000582 0.09100000000000108 0.052
1.2050500000004831 0.004999999999999005 0.048
0.753060000000005 -0.08500000000000085 0.052
0.9799299999995128 0.0259999999999998 0.047
1.1637200000004668 0.10999999999999943 0.048
0.8370999999997366 0.15700000000000003 0.075
1.1589100000001054 0.12900000000000134 0.052
0.9116699999995035 -0.3260000000000005 0.045
0.9890400000003865 0.14499999999999957 0.049
1.0212799999999334 0.06400000000000006 0.056
0.9923099999996339 -0.19699999999999918 0.041
0.9919900000004418 -0.120000000000001 0.040
1.0246799999995346 0.11299999999999955 0.047
0.9760400000004665 0.02400000000000091 0.035
0.9725300000000061 0.06899999999999906 0.048
1.0123599999997168 0.14000000000000057 0.045
1.0026800000005096 -0.29799999999999827 0.036
0.9923599999992803 0.10500000000000043 0.039
1.2230100000006132 0.0990000000000002 0.049
2.784939999999551 -0.09100000000000108 0.044
4.103329999999914 -0.23400000000000176 0.060
0.8756300000004558 0.4700000000000024 0.057
0.19086999999944965 0.06299999999999883 0.062
0.8335500000002867 -0.33399999999999963 0.045
3.1425399999998263 0.05099999999999838 0.055
0.8158900000007634 0.12700000000000244 0.048
1.099699999999757 -0.20700000000000074 0.044
0.9412299999994502 0.08399999999999963 0.045
4.158770000000004 0.3309999999999995 0.074
0.8616000000001804 -0.40700000000000003 0.041
0.921570000000429 -0.012999999999998124 0.057
0.9205999999994674 0.629999999999999 0.105
1.1146300000000338 -0.2940000000000005 0.077
0.938930000000255 -0.2740000000000009 0.049
1.0020000000004075 0.19700000000000273 0.063
1.0647299999991446 -0.22800000000000153 0.038
0.9335100000007515 0.0259999999999998 0.041
1.024979999999232 -0.030999999999998806 0.039
0.9868100000003324 -0.06500000000000128 0.040
0.9935599999998885 0.24299999999999855 0.058
5.183910000000651 -0.1889999999999965 0.046
0.8210699999999633 0.3049999999999997 0.061
1.0168799999992189 -0.21499999999999986 0.052
1.0825000000004366 0.16599999999999682 0.055
0.9160899999997127 -0.2729999999999997 0.041
0.9661400000004505 0.0 0.049
1.061359999999695 0.30400000000000205 0.067
0.9124300000003132 0.028999999999999915 0.071
0.9965299999994386 -0.019000000000001904 0.048
0.9936299999999392 -0.08799999999999741 0.060
1.0044100000004619 -0.10800000000000054 0.052
1.002110000000357 -0.10999999999999943 0.044
1.0326900000000023 0.4239999999999995 0.069
0.9714899999999034 -0.054000000000002046 0.062
0.9728099999992992 -0.015000000000000568 0.071
0.9939400000002934 -0.3279999999999994 0.062
1.0392000000001644 -0.045999999999999375 0.048
0.9606499999999869 0.0070000000000014495 0.052
1.0019499999998516 0.10999999999999943 0.051
2.1586999999999534 0.28800000000000026 0.085
1.9527200000002267 -0.1269999999999989 0.057
0.8766599999999016 -0.3660000000000032 0.042
4.167739999999867 0.13600000000000279 0.054
0.9053000000003522 0.2560000000000002 0.063
4.064910000000054 0.07399999999999807 0.067
1.0472099999997226 -0.370000000000001 0.048
0.8337400000000343 0.10900000000000176 0.040
2.0059000000001106 0.06799999999999784 0.054
2.9766499999996086 -0.13099999999999667 0.050
1.1162100000001374 0.15700000000000003 0.045
2.8298500000000786 0.05999999999999872 0.054
1.0436200000003737 -0.17999999999999972 0.045
1.0385099999994054 0.09100000000000108 0.058
1.0192600000000311 -0.06400000000000006 0.049
0.964429999999993 0.09099999999999753 0.056
1.000970000000052 -0.1869999999999976 0.046
1.0 0.030999999999998806 0.049
0.993239999999787 0.0010000000000012221 0.048
5.949900000000525 -0.09500000000000242 0.065
3.0536799999999857 0.10900000000000176 0.052
1.0088800000003175 -0.03400000000000247 0.040
1.0117999999993117 0.3370000000000033 0.074
1.000770000000557 0.010999999999999233 0.062
0.9828999999999724 -0.14499999999999957 0.064
1.0149000000001251 -0.22300000000000253 0.048
1.0673699999997552 0.2630000000000017 0.065
1.9839599999995698 -0.16900000000000048 0.052
2.0451899999998204 0.23699999999999832 0.065
1.8987700000006953 -0.19399999999999906 0.067
1.0405700000001161 0.15399999999999991 0.062
6.032259999999951 -0.04899999999999949 0.086
4.917919999999867 0.13500000000000156 0.093
3.0068899999996574 -0.3360000000000021 0.052
1.0275799999999435 0.08300000000000196 0.066
5.034500000000662 0.1869999999999976 0.065
3.9816899999996167 -0.21899999999999764 0.051
4.930989999999838 0.20899999999999963 0.074
4.061529999999948 -0.1440000000000019 0.071
4.943600000000515 0.08600000000000207 0.083
5.9753499999997075 -0.19500000000000028 0.061
4.045170000000326 0.09100000000000108 0.069
116.31376 0.21899999999999764 0.069
3.9600399999999354 -0.4319999999999986 0.061
6.067039999999906 0.3879999999999981 0.063
2.972389999999905 -0.3689999999999998 0.035
3.956549999999879 0.6620000000000026 0.098
5.989340000000084 -0.3030000000000008 0.058
2.0953499999995984 -0.14300000000000068 0.061
0.9111900000007154 -0.1410000000000018 0.046
1.9770499999995081 0.2700000000000031 0.060
2.028309999999692 -0.1880000000000024 0.042
2.0224400000006426 0.08600000000000207 0.065
4.006620000000112 -0.15800000000000125 0.039
2.0553399999998874 0.006000000000000227 0.038
1.909349999999904 0.14699999999999847 0.050
4.916690000000017 -0.06899999999999906 0.043
6.003119999999399 -0.018000000000000682 0.039
2.016110000000481 -0.06400000000000006 0.051
1.9995499999995445 0.09100000000000108 0.065
1.1392700000005789 -0.053000000000000824 0.050
0.8447799999994459 0.3390000000000022 0.077
1.1329300000006697 -0.2680000000000007 0.047
0.9947499999998399 0.12399999999999878 0.059
4.869480000000294 -0.18400000000000105 0.044
1.0230399999991278 -0.11499999999999844 0.049
1.9563900000002832 0.07199999999999918 0.047
1.1044400000000678 -0.04899999999999949 0.041
1.0080399999997098 0.05699999999999861 0.041
1.0158600000004299 0.1910000000000025 0.040
0.8935499999997774 -0.20800000000000196 0.040
5.082180000000335 0.19400000000000261 0.047
2.8826099999996586 0.04199999999999804 0.051
0.9941500000004453 -0.02499999999999858 0.052
1.0069499999999607 -0.08600000000000207 0.057
