0.0 0.0 0.055
4.028709999999592 -0.17800000000000082 0.025
2.995360000000346 0.20500000000000185 0.034
3.97113999999965 -0.2510000000000012 0.028
3.0261600000003455 0.14300000000000068 0.037
3.978889999999865 0.029999999999997584 0.040
203.3485700000001 0.13700000000000045 0.032
10.993159999999989 -0.2049999999999983 0.027
13.04551999999967 -0.019000000000001904 0.035
9.901920000000246 -0.07099999999999795 0.038
6.007579999999962 -0.07000000000000028 0.024
4.003110000000106 0.10200000000000031 0.030
7.044930000000022 -0.15200000000000102 0.035
5.04424999999992 0.26200000000000045 0.041
1.807850000000144 0.11899999999999977 0.028
2.2181299999997464 -0.19500000000000028 0.034
5.7762800000000425 -0.0990000000000002 0.033
14.93020000000024 0.0730000000000004 0.035
5.9938499999998385 -0.09100000000000108 0.036
2.2470399999997426 0.07700000000000173 0.037
1.9949000000001433 0.028999999999999915 0.038
2.0099800000002688 0.129999999999999 0.034
0.9046899999998459 -0.038999999999997925 0.028
2.119799999999941 -0.28300000000000125 0.035
1.846860000000106 0.14300000000000068 0.037
2.1257000000000517 0.1789999999999985 0.048
7.816759999999704 0.120000000000001 0.049
4.978880000000117 0.06299999999999883 0.034
3.8788800000002084 -0.33399999999999963 0.027
1.2004899999997178 -0.14399999999999835 0.020
0.8362400000000889 0.1039999999999992 0.026
0.9603299999998853 -0.18100000000000094 0.025
0.9719900000000052 0.28800000000000026 0.035
1.0313200000000506 -0.2049999999999983 0.023
1.1122399999999288 0.03499999999999659 0.020
1.1530500000003485 0.026000000000003354 0.032
1.6903199999997014 0.39899999999999736 0.041
2.2495499999999993 -0.05099999999999838 0.042
10.775070000000142 -0.16300000000000026 0.042
5.122409999999945 -0.254999999999999 0.023
2.9527600000001257 0.1039999999999992 0.035
2.0474099999996724 0.21099999999999852 0.039
2.0616899999999987 0.019000000000001904 0.037
2.7749400000002424 -0.13200000000000145 0.031
2.03229999999985 -0.12300000000000111 0.032
15.03625000000011 0.23900000000000077 0.040
2.9983900000001995 -0.34299999999999997 0.026
5.0449399999997695 0.30100000000000193 0.036
3.9456199999999626 -0.3420000000000023 0.036
11.003150000000005 0.18599999999999994 0.035
5.962300000000141 0.004000000000001336 0.033
8.991610000000037 -0.0070000000000014495 0.043
6.049349999999777 -0.14399999999999835 0.049
150.36345000000028 0.08500000000000085 0.047
14.994400000000041 0.21999999999999886 0.030
5.939079999999649 -0.2289999999999992 0.023
16.058629999999994 0.013999999999999346 0.045
10.978669999999966 -0.10600000000000165 0.042
6.0089200000002165 0.4610000000000021 0.038
4.817900000000009 -0.4480000000000004 0.023
13.972310000000107 0.027000000000001023 0.021
1.9370199999998476 0.2779999999999987 0.040
2.057130000000143 -0.2289999999999992 0.028
2.2059699999999793 0.28800000000000026 0.037
1.9831300000000738 -0.14000000000000057 0.035
2.059419999999591 0.13100000000000023 0.050
2.9953300000001946 -0.2510000000000012 0.030
0.9007900000001428 -0.03399999999999892 0.023
11.792939999999817 -0.0010000000000012221 0.026
1.9890500000001339 -0.08899999999999864 0.038
1.9429500000001099 0.24399999999999977 0.044
2.009939999999915 0.04899999999999949 0.036
2.040059999999812 -0.07900000000000063 0.046
2.1080900000001748 -0.18799999999999883 0.025
2.05686999999989 0.11499999999999844 0.033
8.785609999999906 0.05600000000000094 0.096
4.0778800000002775 0.010000000000001563 0.044
1.9531799999999748 -0.1680000000000028 0.031
2.012670000000071 0.0020000000000024443 0.027
2.015089999999873 0.05699999999999861 0.024
1.8968899999999849 0.004999999999999005 0.031
2.058459999999741 0.28100000000000236 0.031
3.0565700000001925 -0.35900000000000176 0.039
3.8631900000000314 0.038000000000000256 0.026
2.0050999999998567 -0.04100000000000037 0.026
2.0964100000001054 0.2740000000000009 0.045
2.0855200000000877 0.08099999999999952 0.043
2.878389999999854 -0.0730000000000004 0.058
0.9841099999998733 -0.1819999999999986 0.046
3.06775000000016 0.3249999999999993 0.066
2.9331099999999424 -0.054999999999999716 0.039
3.0601799999999457 -0.3769999999999989 0.027
5.917540000000372 0.21799999999999997 0.035
6.028409999999894 -0.25400000000000134 0.022
3.0514100000000326 0.5060000000000002 0.055
3.0639799999999013 -0.23699999999999832 0.071
5.85541000000012 -0.05900000000000105 0.033
8.142259999999624 0.006000000000000227 0.051
5.865050000000338 0.35999999999999943 0.070
15.045779999999922 -0.3460000000000001 0.040
10.983439999999973 -0.18299999999999983 0.041
120.3422099999998 0.5069999999999979 0.043
