0.0 0.0 0.004
0.9295100000000502 0.0030000000000001137 0.004
3.004220000000032 -0.019000000000000128 0.004
1.0073399999999992 -0.012000000000000455 0.004
5.99601999999993 -0.06900000000000084 0.004
9.012920000000008 0.02800000000000047 0.004
1.1065899999999829 0.0129999999999999 0.004
0.8393300000000181 -0.0019999999999988916 0.004
1.1236000000000104 0.014999999999998792 0.004
0.8784799999999677 0.0030000000000001137 0.004
1.0461400000000367 0.008000000000000895 0.004
1.906880000000001 0.014999999999998792 0.004
0.089650000000006 0.0 0.004
0.08987000000001899 -0.0009999999999994458 0.004
0.8656999999999471 0.006000000000000227 0.004
0.1359899999999925 0.0 0.004
0.8141800000000785 0.007999999999999119 0.004
0.9789700000000039 0.006000000000000227 0.004
0.09042999999996937 0.002000000000000668 0.004
0.11290999999994256 0.0 0.004
0.795690000000036 0.009000000000000341 0.004
0.12827000000004318 -0.005000000000000782 0.004
0.06941999999992277 0.0030000000000001137 0.004
0.8424700000000485 -0.0009999999999994458 0.004
0.08415000000002237 0.0 0.004
0.090759999999932 0.0039999999999995595 0.004
0.9164100000000417 0.0030000000000001137 0.004
0.08740000000000236 -0.005000000000000782 0.004
3.8210699999999633 0.011000000000001009 0.004
0.12935000000004493 -0.0030000000000001137 0.004
0.869350000000054 -0.008000000000000895 0.004
0.08478999999999814 0.006000000000000227 0.004
0.882159999999999 -0.0019999999999988916 0.004
1.1730399999999008 -0.005000000000000782 0.004
0.8023200000000088 -0.0030000000000001137 0.004
0.1196500000000924 0.0030000000000001137 0.004
0.11315999999999349 0.002000000000000668 0.004
0.8343999999999596 -0.002000000000000668 0.004
0.13657000000000608 0.0009999999999994458 0.004
0.7907000000000153 -0.0019999999999988916 0.004
0.17529000000001815 0.0019999999999988916 0.004
0.8467099999999164 0.0 0.004
0.09035000000005766 0.0010000000000012221 0.004
1.9136899999999741 0.0030000000000001137 0.004
0.14119000000005144 -0.004000000000001336 0.004
1.0123499999999694 -0.0030000000000001137 0.004
0.8477799999999434 0.0010000000000012221 0.004
2.9719800000000305 0.0009999999999994458 0.004
0.21888000000001284 0.0009999999999994458 0.004
0.7935599999999567 -0.004999999999999005 0.004
0.21762999999998556 0.0019999999999988916 0.004
0.777370000000019 0.0010000000000012221 0.004
0.10972000000003845 0.0 0.004
0.13499000000001615 -0.0039999999999995595 0.004
3.771129999999971 0.004999999999999005 0.004
0.9828499999999849 0.0 0.004
0.1177900000000136 0.0039999999999995595 0.004
1.9816500000000588 -0.0019999999999988916 0.004
8.911650000000009 0.06299999999999883 0.004
0.9860499999999774 0.006000000000000227 0.004
0.13948999999990974 0.002000000000000668 0.004
0.930810000000065 0.009999999999999787 0.004
0.2017399999999725 0.0 0.004
3.6604899999999816 0.04299999999999926 0.004
0.32897000000002663 -0.019999999999999574 0.004
0.6708600000000615 0.008000000000000895 0.004
0.1392399999999725 -0.0030000000000001137 0.004
0.17378999999993994 0.0019999999999988916 0.004
0.6801000000000386 0.002000000000000668 0.004
0.12015999999994165 0.002000000000000668 0.004
0.15667000000007647 -0.005000000000000782 0.004
0.718309999999974 0.0039999999999995595 0.004
0.11681999999996151 -0.0009999999999994458 0.004
0.15651000000002568 0.002000000000000668 0.004
5.748270000000048 -0.010000000000001563 0.004
0.1892599999999902 0.010000000000001563 0.004
0.7911000000000286 -0.017000000000001236 0.004
0.09456000000000131 0.002000000000000668 0.004
0.0949999999999136 -0.0009999999999994458 0.004
0.1189000000000533 0.0 0.004
0.6918899999999439 -0.0030000000000001137 0.004
0.11818000000005213 0.0030000000000001137 0.004
0.09542999999996482 -0.0030000000000001137 0.004
0.09570000000007894 -0.002000000000000668 0.004
5.900459999999953 -0.0259999999999998 0.004
0.8744299999999612 -0.005000000000000782 0.004
0.1393600000000106 -0.0009999999999994458 0.004
0.7776000000000067 -0.002000000000000668 0.004
0.09568000000001575 -0.0029999999999983373 0.004
0.07434999999998126 0.0019999999999988916 0.004
0.8399400000000696 -0.0039999999999995595 0.004
0.09938999999997122 0.0009999999999994458 0.004
0.8817999999999984 -0.0039999999999995595 0.004
0.07449999999994361 0.0 0.004
0.13962000000003627 0.0030000000000001137 0.004
1.0223399999999856 -0.008000000000000895 0.004
0.8168399999999565 0.0 0.004
0.09984000000008564 0.0030000000000001137 0.004
0.10894999999993615 -0.0019999999999988916 0.004
0.7610300000000052 0.0 0.004
0.12018000000000484 0.0019999999999988916 0.004
0.849770000000035 -0.004999999999999005 0.004
1.0774000000000115 0.004999999999999005 0.004
0.09622000000001663 0.0 0.004
0.8945299999999179 -0.0030000000000001137 0.004
0.09203000000002248 0.0030000000000001137 0.004
0.8871000000000322 0.0030000000000001137 0.004
2.069749999999999 0.009000000000000341 0.004
7.874289999999974 0.0389999999999997 0.004
0.09514999999998963 -0.0009999999999994458 0.004
1.9182799999999816 0.009999999999999787 0.004
3.9407500000000937 0.015000000000000568 0.004
3.045229999999947 0.009000000000000341 0.004
1.1414600000000519 0.0039999999999995595 0.004
2.8999900000000025 0.006999999999999673 0.004
0.9967699999999695 0.005000000000000782 0.004
1.0075100000000248 0.0 0.004
4.93889999999999 0.004999999999999005 0.004
2.027240000000006 0.002000000000000668 0.004
0.9362800000000107 -0.0010000000000012221 0.004
1.0361199999999826 0.0030000000000001137 0.004
1.9625899999999774 -0.01699999999999946 0.004
1.168360000000007 -0.0009999999999994458 0.004
0.8349399999999605 -0.006999999999999673 0.004
2.1374900000000707 -0.017000000000001236 0.004
12.891969999999901 -0.010999999999999233 0.004
0.9932100000000901 -0.019999999999999574 0.004
6.970359999999914 0.009999999999999787 0.004
3.00129000000004 0.0039999999999995595 0.004
0.9955599999999549 0.006999999999999673 0.004
0.9965200000000323 -0.0030000000000001137 0.004
1.0158099999999877 -0.0019999999999988916 0.004
0.9840000000000373 -0.0030000000000001137 0.004
7.08791999999994 -0.036000000000001364 0.004
20.031190000000038 -0.013999999999999346 0.004
24.90912000000003 -0.012000000000000455 0.004
125.32363999999995 -0.06299999999999883 0.004
12.045130000000086 0.049999999999998934 0.004
5.9282499999999345 0.002000000000000668 0.004
3.9992300000000114 -0.018000000000000682 0.004
18.00994000000003 -0.1039999999999992 0.004
6.060249999999996 0.0389999999999997 0.004
4.000159999999937 0.031000000000000583 0.004
1.9225600000000895 0.014999999999998792 0.004
2.9803399999999556 0.012000000000000455 0.004
3.043450000000007 0.015000000000000568 0.004
2.9036899999999832 0.006000000000000227 0.004
1.9739600000000337 0.006999999999999673 0.004
8.977249999999913 -0.051000000000000156 0.004
1.0705000000000382 -0.006999999999999673 0.004
0.966760000000022 -0.009000000000000341 0.004
1.0139799999999468 -0.006000000000000227 0.004
1.0051799999999957 -0.005000000000000782 0.004
7.9613800000000765 -0.02099999999999902 0.004
1.0069999999999482 -0.0030000000000001137 0.004
1.068179999999984 -0.002000000000000668 0.004
0.9020500000000311 -0.0030000000000001137 0.004
0.2154600000000073 0.0 0.004
0.7602799999999661 0.004000000000001336 0.004
0.21489000000008218 -0.002000000000000668 0.004
1.9354499999999462 -0.0009999999999994458 0.004
0.8897900000000618 0.013999999999999346 0.004
1.0071699999999737 -0.006999999999999673 0.004
0.12217999999995754 0.0 0.004
0.8448100000000522 0.0030000000000001137 0.004
6.948229999999967 0.036999999999999034 0.004
4.124339999999961 0.03500000000000014 0.004
1.9428400000000465 -0.007999999999999119 0.004
0.9033200000000079 0.007999999999999119 0.004
3.1147300000000087 -0.02200000000000024 0.004
1.9631799999999657 -0.004999999999999005 0.004
0.9703899999999521 -0.006000000000000227 0.004
1.148420000000101 -0.0030000000000001137 0.004
2.889319999999998 -0.009000000000000341 0.004
3.0768299999999726 -0.0129999999999999 0.004
7.978359999999952 -0.02099999999999902 0.004
5.029690000000073 0.007999999999999119 0.004
9.891019999999912 0.06700000000000017 0.004
4.959710000000086 0.034000000000000696 0.004
9.985840000000053 0.0039999999999995595 0.004
1.0063799999998082 -0.002000000000000668 0.004
1.0317000000000007 0.0030000000000001137 0.004
1.041879999999992 -0.007999999999999119 0.004
0.8450200000002042 -0.0010000000000012221 0.004
1.0134699999998702 -0.0019999999999988916 0.004
2.029899999999998 -0.006000000000000227 0.004
1.9483299999999417 -0.0039999999999995595 0.004
1.0073100000001887 -0.0030000000000001137 0.004
1.0340799999999035 0.0009999999999994458 0.004
0.9792899999999918 -0.0039999999999995595 0.004
3.0465999999998985 -0.011000000000001009 0.004
2.0361500000001342 -0.0019999999999988916 0.004
0.8923700000000281 0.0019999999999988916 0.004
6.019749999999931 0.008000000000000895 0.004
0.9885999999999058 0.009000000000000341 0.004
3.003650000000107 0.014999999999998792 0.004
0.9672800000000734 0.006000000000000227 0.004
4.144649999999956 0.031000000000000583 0.004
4.899409999999989 0.036999999999999034 0.004
3.05313000000001 0.010000000000001563 0.004
2.9120900000000347 0.0 0.004
7.049419999999827 -0.0010000000000012221 0.004
3.0076500000000124 -0.006999999999999673 0.004
2.0426500000000942 -0.005000000000000782 0.004
12.968180000000075 -0.02499999999999858 0.004
1.9597999999998592 -0.002000000000000668 0.004
1.014560000000074 0.0039999999999995595 0.004
0.9693299999998999 -0.0039999999999995595 0.004
0.9821699999999964 -0.0039999999999995595 0.004
1.0240600000001905 -0.005000000000000782 0.004
1.0094399999998132 -0.0009999999999994458 0.004
1.0215400000001864 -0.0039999999999995595 0.004
0.9463399999999638 -0.0010000000000012221 0.004
2.001389999999901 0.0 0.004
2.0493200000000797 -0.004999999999999005 0.004
0.9676899999999478 0.0039999999999995595 0.004
1.0121300000000701 0.0039999999999995595 0.004
0.009289999999964493 -0.008999999999998565 0.004
0.965689999999995 -0.0010000000000012221 0.004
0.997859999999946 0.011000000000001009 0.004
0.007920000000012806 -0.0010000000000012221 0.004
1.9928500000000895 -0.004999999999999005 0.004
1.0096099999998387 0.0009999999999994458 0.004
1.0010000000002037 0.0030000000000001137 0.004
0.9992499999998472 0.015000000000000568 0.004
1.0007200000000012 -0.016000000000000014 0.004
97.33650000000011 -0.07399999999999984 0.004
12.018589999999904 0.013999999999999346 0.004
4.937450000000126 -0.019000000000000128 0.004
9.995789999999943 -0.0730000000000004 0.004
3.053570000000036 -0.011999999999998678 0.004
3.963559999999916 0.006999999999999673 0.004
5.0832399999999325 0.02999999999999936 0.004
3.008250000000089 0.02400000000000091 0.004
4.965159999999969 0.041999999999999815 0.004
16.91222999999991 -0.025000000000000355 0.004
2.082580000000007 -0.005000000000000782 0.004
3.8960500000000593 -0.02999999999999936 0.004
2.067450000000008 -0.012000000000000455 0.004
2.039790000000039 0.002000000000000668 0.004
5.930129999999963 0.019000000000000128 0.004
2.095450000000028 0.009999999999999787 0.004
4.878560000000107 0.023999999999999133 0.004
1.1210899999998674 0.006000000000000227 0.004
1.8903399999999237 0.006999999999999673 0.004
0.9252000000001317 0.008000000000000895 0.004
1.0806900000000041 -0.0009999999999994458 0.004
0.9876600000000053 0.0019999999999988916 0.004
1.0329400000000533 0.0010000000000012221 0.004
0.8507199999999102 -0.004000000000001336 0.004
1.02446000000009 0.0030000000000001137 0.004
6.077319999999872 -0.02999999999999936 0.004
5.052920000000086 -0.027000000000001023 0.004
2.9010699999998906 -0.007999999999999119 0.004
3.047710000000052 -0.0039999999999995595 0.004
1.8986199999999371 -0.004000000000001336 0.004
1.9556500000001051 0.0010000000000012221 0.004
4.0580499999998665 -0.0010000000000012221 0.004
2.0634100000002036 0.0030000000000001137 0.004
2.0415499999999156 0.004000000000001336 0.004
3.849719999999934 0.011999999999998678 0.004
0.9747600000000602 0.006000000000000227 0.004
5.200800000000072 0.030000000000001137 0.004
4.863779999999906 0.011999999999998678 0.004
0.9465000000000146 0.0030000000000001137 0.004
1.067160000000058 -0.0019999999999988916 0.004
0.9487299999998413 0.004999999999999005 0.004
1.1010700000001634 0.0 0.004
0.8398499999998421 -0.007999999999999119 0.004
4.145899999999983 -0.02000000000000135 0.004
0.9237400000001799 -0.008999999999998565 0.004
18.943629999999985 -0.062000000000001165 0.004
0.9785799999999654 0.023000000000001464 0.004
2.1491799999998875 -0.006000000000000227 0.004
1.876280000000179 0.009999999999999787 0.004
1.0067099999998845 0.006999999999999673 0.004
0.9581399999999576 0.002000000000000668 0.004
0.9927500000001146 0.009999999999999787 0.004
1.0700400000000627 0.0019999999999988916 0.004
0.9333399999998164 0.02800000000000047 0.004
3.017970000000105 -0.0129999999999999 0.004
0.9771699999998873 0.009999999999999787 0.004
2.012190000000146 0.0009999999999994458 0.004
4.994770000000017 0.012000000000000455 0.004
2.961080000000038 0.006000000000000227 0.004
12.089679999999817 0.002000000000000668 0.004
2.9060300000001007 0.004999999999999005 0.004
3.1004599999998845 0.014000000000001123 0.004
4.9054000000001 0.05099999999999838 0.004
1.9942799999998897 -0.013999999999999346 0.004
4.026290000000017 0.01699999999999946 0.004
1.9998400000001766 0.009000000000000341 0.004
4.99799999999982 0.031000000000000583 0.004
4.9784000000001924 0.023999999999999133 0.004
19.994449999999915 -0.02099999999999902 0.004
114.37098999999989 -0.13400000000000034 0.004
0.9877500000000055 -0.0039999999999995595 0.004
0.9940100000001166 -0.0030000000000001137 0.004
1.023719999999912 -0.008000000000000895 0.004
12.938930000000028 -0.009999999999999787 0.004
7.074209999999994 -0.009999999999999787 0.004
1.9363800000000992 -0.0039999999999995595 0.004
2.951219999999921 -0.008000000000000895 0.004
2.011850000000095 0.004000000000001336 0.004
2.049519999999802 -0.0030000000000001137 0.004
1.9597900000001118 -0.004000000000001336 0.004
3.0820900000001075 0.002000000000000668 0.004
2.8918499999999767 0.008000000000000895 0.004
10.01048999999989 0.027999999999998693 0.004
1.1108699999999772 0.006999999999999673 0.004
1.949479999999994 0.0010000000000012221 0.004
5.966040000000021 0.007999999999999119 0.004
0.9886300000000574 -0.0009999999999994458 0.004
2.1033199999999397 0.002000000000000668 0.004
5.944819999999936 -0.0070000000000014495 0.004
1.047760000000153 0.0010000000000012221 0.004
0.9174399999999423 -0.008000000000000895 0.004
1.912270000000035 -0.0030000000000001137 0.004
1.0912499999999454 -0.006000000000000227 0.004
1.04424999999992 -0.0009999999999994458 0.004
1.013700000000199 -0.002000000000000668 0.004
1.868600000000015 -0.0129999999999999 0.004
1.0940499999999247 -0.005999999999998451 0.004
2.9607599999999366 -0.018000000000000682 0.004
1.981670000000122 -0.006999999999999673 0.004
5.040399999999863 -0.005000000000000782 0.004
1.0026000000000295 0.0 0.004
5.019790000000057 0.016000000000000014 0.004
4.8179499999998825 0.005000000000000782 0.004
1.102049999999963 -0.0010000000000012221 0.004
2.079450000000179 0.002000000000000668 0.004
2.8552099999999427 0.009999999999999787 0.004
2.1661200000000917 0.0039999999999995595 0.004
1.8245099999999184 0.012000000000000455 0.004
1.1567999999999756 -0.0039999999999995595 0.004
1.8414099999999962 0.0030000000000001137 0.004
1.0211099999999078 -0.0009999999999994458 0.004
2.921850000000177 0.0009999999999994458 0.004
8.030929999999898 -0.0009999999999994458 0.004
4.074759999999969 0.007999999999999119 0.004
0.9068600000000515 -0.007999999999999119 0.004
3.0584400000000187 0.0 0.004
0.9089999999998781 -0.005000000000000782 0.004
2.0440900000000966 -0.0030000000000001137 0.004
0.975439999999935 0.0030000000000001137 0.004
0.9711600000000544 -0.0129999999999999 0.004
0.9150999999999385 0.0039999999999995595 0.004
1.152370000000019 0.0009999999999994458 0.004
5.977100000000064 -0.0129999999999999 0.004
4.014310000000023 0.016000000000000014 0.004
0.9769400000000132 0.009000000000000341 0.004
0.9211499999998978 -0.004999999999999005 0.004
0.08283000000005813 0.0009999999999994458 0.004
0.07834000000002561 -0.0009999999999994458 0.004
0.7993300000000545 0.0030000000000001137 0.004
0.12843999999995503 0.0019999999999988916 0.004
0.025449999999864303 -0.0009999999999994458 0.004
0.00603000000000975 0.0009999999999994458 0.004
0.0060000000000854925 0.0 0.004
0.02575000000001637 0.0010000000000012221 0.004
0.019499999999879947 0.0019999999999988916 0.004
0.006020000000034997 -0.006000000000000227 0.004
0.019630000000006476 -0.0030000000000001137 0.004
0.006039999999984502 0.008000000000000895 0.004
0.026090000000067448 -0.0039999999999995595 0.004
0.006010000000060245 -0.002000000000000668 0.004
0.0068099999998594285 -0.0030000000000001137 0.004
0.668100000000095 0.008000000000000895 0.004
0.00659999999993488 -0.0010000000000012221 0.004
0.006020000000034997 -0.0019999999999988916 0.004
0.006210000000010041 -0.0030000000000001137 0.004
0.006010000000060245 0.0030000000000001137 0.004
0.015460000000075524 0.0 0.004
0.012899999999945067 -0.0010000000000012221 0.004
0.005979999999908614 -0.0009999999999994458 0.004
0.012930000000096697 0.0030000000000001137 0.004
0.006020000000034997 -0.002000000000000668 0.004
0.013169999999945503 0.0030000000000001137 0.004
0.006010000000060245 0.0010000000000012221 0.004
0.013149999999995998 -0.0010000000000012221 0.004
0.006039999999984502 0.0010000000000012221 0.004
0.012909999999919819 -0.004000000000001336 0.004
0.006020000000034997 0.002000000000000668 0.004
0.017010000000027503 0.0 0.004
0.005989999999883366 0.0009999999999994458 0.004
0.0130500000000211 0.0 0.004
0.0060000000000854925 0.0010000000000012221 0.004
0.012909999999919819 0.005999999999998451 0.004
0.00599000000011074 -0.0039999999999995595 0.004
0.006359999999858701 -0.009999999999999787 0.004
0.0060000000000854925 0.005000000000000782 0.004
0.012690000000020518 0.0039999999999995595 0.004
0.01251999999999498 0.0019999999999988916 0.004
0.012879999999995562 0.0 0.004
0.006519999999909487 -0.006999999999999673 0.004
1.850590000000011 -0.0009999999999994458 0.004
0.8851799999999912 -0.0009999999999994458 0.004
0.05572000000006483 -0.0010000000000012221 0.004
0.2621400000000449 0.009000000000000341 0.004
0.7249699999999848 -0.012000000000000455 0.004
0.15606000000002496 0.004000000000001336 0.004
0.7936999999999443 0.0019999999999988916 0.004
0.009819999999990614 -0.0030000000000001137 0.004
0.07571000000007189 0.0010000000000012221 0.004
0.03773000000001048 -0.002000000000000668 0.004
0.1861199999998462 0.0030000000000001137 0.004
0.7750100000000657 -0.006000000000000227 0.004
0.07466999999996915 0.002000000000000668 0.004
0.16509999999993852 0.0019999999999988916 0.004
0.6855800000000727 -0.006999999999999673 0.004
0.06081999999992149 0.002000000000000668 0.004
0.031800000000203 0.0019999999999988916 0.004
0.012969999999995707 0.0 0.004
0.006449999999858846 -0.0019999999999988916 0.004
0.006499999999959982 0.0030000000000001137 0.004
0.006309999999984939 -0.005000000000000782 0.004
0.006320000000187065 0.0039999999999995595 0.004
0.006009999999832871 -0.0009999999999994458 0.004
0.006020000000034997 -0.002000000000000668 0.004
0.00634000000013657 0.002000000000000668 0.004
0.005989999999883366 0.0030000000000001137 0.004
0.006010000000060245 0.012000000000000455 0.004
0.006409999999959837 -0.015000000000000568 0.004
0.0060000000000854925 0.002000000000000668 0.004
0.005989999999883366 -0.002000000000000668 0.004
0.006660000000010768 0.0009999999999994458 0.004
0.00599000000011074 0.0010000000000012221 0.004
0.005979999999908614 0.0009999999999994458 0.004
0.006540000000086366 -0.0030000000000001137 0.004
0.006009999999832871 0.0009999999999994458 0.004
0.006020000000034997 0.0 0.004
0.006440000000111468 0.0 0.004
0.006020000000034997 0.0010000000000012221 0.004
0.00603000000000975 0.0009999999999994458 0.004
0.006659999999783395 -0.0009999999999994458 0.004
0.006010000000060245 -0.0030000000000001137 0.004
0.00603000000000975 0.0009999999999994458 0.004
0.006959999999935462 -0.002000000000000668 0.004
0.006010000000060245 0.0 0.004
0.00603000000000975 0.004000000000001336 0.004
0.006470000000035725 -0.005000000000000782 0.004
0.0060000000000854925 -0.0019999999999988916 0.004
0.006009999999832871 0.0039999999999995595 0.004
0.006500000000187356 -0.0010000000000012221 0.004
0.005999999999858119 0.0030000000000001137 0.004
0.006010000000060245 -0.0019999999999988916 0.004
0.006789999999909924 0.0019999999999988916 0.004
0.6759400000000824 -0.005999999999998451 0.004
0.011809999999968568 -0.002000000000000668 0.004
0.13866000000007261 0.0009999999999994458 0.004
0.8539899999998397 -0.0030000000000001137 0.004
0.16054000000008273 0.0010000000000012221 0.004
0.8805600000000595 0.0039999999999995595 0.004
0.05731999999989057 0.0009999999999994458 0.004
1.0374300000000858 -0.007999999999999119 0.004
1.006689999999935 0.0030000000000001137 0.004
0.9287600000000111 0.0030000000000001137 0.004
0.9571599999999307 -0.0030000000000001137 0.004
0.09247000000004846 -0.002000000000000668 0.004
0.9669599999999718 -0.002000000000000668 0.004
0.9973200000001725 0.0070000000000014495 0.004
0.9539899999999761 0.0 0.004
1.0897999999999683 -0.0010000000000012221 0.004
1.002999999999929 0.022999999999999687 0.004
3.970839999999953 0.0010000000000012221 0.004
2.002190000000155 0.0030000000000001137 0.004
1.009939999999915 0.006999999999999673 0.004
3.015390000000025 0.010999999999999233 0.004
0.9952599999999165 0.008000000000000895 0.004
1.014520000000175 -0.002000000000000668 0.004
6.000450000000001 0.015000000000000568 0.004
0.9896899999998823 -0.0009999999999994458 0.004
0.9993999999999232 0.010999999999999233 0.004
1.9950800000001436 0.006999999999999673 0.004
0.9689599999999245 0.005000000000000782 0.004
2.0135099999999966 0.016000000000000014 0.004
12.947450000000117 0.08699999999999974 0.004
3.049869999999828 0.0 0.004
3.009360000000015 0.015000000000000568 0.004
2.0082300000001396 -0.006000000000000227 0.004
2.9484800000000178 0.004999999999999005 0.004
1.9876099999999042 -0.010999999999999233 0.004
1.9822099999998954 -0.002000000000000668 0.004
6.04280000000017 -0.013999999999999346 0.004
4.988059999999905 0.0030000000000001137 0.004
4.9726100000000315 0.025000000000000355 0.004
9.007669999999962 0.03799999999999848 0.004
1.0026900000000296 0.005000000000000782 0.004
