0.0 0.0 0.004
11.007200000000012 0.045999999999999375 0.004
8.037710000000061 0.0030000000000001137 0.004
2.8121399999999994 0.02999999999999936 0.004
1.0689099999999598 -0.0129999999999999 0.004
3.042350000000056 -0.01699999999999946 0.004
2.8845099999999775 0.0039999999999995595 0.004
2.1445099999999684 0.0010000000000012221 0.004
4.976149999999961 -0.0010000000000012221 0.004
1.0020800000000918 0.0 0.004
0.9665299999999206 0.002000000000000668 0.004
0.11553000000003522 -0.002000000000000668 0.004
0.895909999999958 0.0 0.004
0.9269700000000967 0.004000000000001336 0.004
1.0820699999999306 0.0009999999999994458 0.004
1.0414600000000291 -0.009999999999999787 0.004
0.9601000000000113 -0.011000000000001009 0.004
0.9782999999999902 -0.004999999999999005 0.004
0.9807200000000194 -0.006000000000000227 0.004
1.0860799999999244 -0.006999999999999673 0.004
1.0114900000000944 0.006000000000000227 0.004
2.8481599999998934 0.007999999999999119 0.004
1.0132300000000214 -0.002000000000000668 0.004
5.09188000000006 0.02800000000000047 0.004
0.9049099999999726 0.0030000000000001137 0.004
2.0044000000000324 0.005000000000000782 0.004
9.006849999999986 0.023999999999999133 0.004
0.9856800000000021 -0.0259999999999998 0.004
1.071299999999951 -0.005000000000000782 0.004
3.9438599999999724 -0.019999999999999574 0.004
0.9172900000000936 0.012000000000000455 0.004
0.9963699999999562 0.0129999999999999 0.004
0.9919700000000375 0.0030000000000001137 0.004
6.071669999999926 0.05000000000000071 0.004
0.9301300000000765 -0.0070000000000014495 0.004
1.0018499999999904 -0.02099999999999902 0.004
6.20957999999996 -0.0389999999999997 0.004
0.7784000000000333 -0.012000000000000455 0.004
0.9169299999999794 -0.009999999999999787 0.004
1.9910800000000108 -0.0010000000000012221 0.004
1.1498699999999644 -0.007999999999999119 0.004
1.17962 0.010999999999999233 0.004
0.6936500000000478 0.005000000000000782 0.004
2.023180000000025 0.007999999999999119 0.004
1.015039999999999 0.006000000000000227 0.004
1.1989099999999553 0.02000000000000135 0.004
1.9017999999999802 0.010999999999999233 0.004
7.872910000000047 -0.0039999999999995595 0.004
2.165899999999965 -0.02200000000000024 0.004
3.8139999999999645 -0.031000000000000583 0.004
3.062330000000088 -0.014999999999998792 0.004
4.137239999999906 -0.0010000000000012221 0.004
0.8998800000000529 0.005000000000000782 0.004
5.922260000000051 0.04899999999999949 0.004
1.167699999999968 0.008000000000000895 0.004
0.9443599999999606 -0.010000000000001563 0.004
0.9885900000000447 -0.007999999999999119 0.004
0.9593999999999596 -0.018000000000000682 0.004
3.1165399999999863 -0.0030000000000001137 0.004
0.9352599999999711 -0.011999999999998678 0.004
13.854180000000042 0.08199999999999896 0.004
2.1468600000000606 -0.010999999999999233 0.004
0.9457400000000007 -0.0039999999999995595 0.004
8.90134999999998 -0.03500000000000014 0.004
3.0300300000000107 0.006999999999999673 0.004
3.9790899999999283 0.03599999999999959 0.004
3.9965700000000197 -0.0030000000000001137 0.004
5.056530000000066 -0.036999999999999034 0.004
6.945249999999987 -0.012000000000000455 0.004
12.024990000000003 0.06899999999999906 0.004
143.30759 -0.06899999999999906 0.004
9.97598999999991 -0.031000000000000583 0.004
5.974730000000022 0.10599999999999987 0.004
5.980009999999993 -0.058999999999999275 0.004
3.0874800000000278 -0.0519999999999996 0.004
10.935320000000047 0.10599999999999987 0.004
13.008579999999938 -0.08699999999999974 0.004
1.984890000000064 -0.0030000000000001137 0.004
4.077409999999986 0.0039999999999995595 0.004
2.8395100000000184 0.01699999999999946 0.004
3.178449999999998 0.02200000000000024 0.004
0.7839599999999791 0.022999999999999687 0.004
2.202539999999999 -0.006999999999999673 0.004
1.7790199999999459 -0.010999999999999233 0.004
4.00269000000003 -0.026000000000001577 0.004
5.101239999999962 0.053000000000000824 0.004
1.8843600000000151 0.005000000000000782 0.004
10.116179999999986 -0.04800000000000004 0.004
3.8995800000000145 -0.021000000000000796 0.004
2.139880000000062 -0.019999999999999574 0.004
2.9100199999999177 0.0030000000000001137 0.004
12.934780000000046 0.10899999999999999 0.004
2.100439999999935 -0.014000000000001123 0.004
9.887190000000032 -0.09499999999999886 0.004
2.0097299999999905 0.006999999999999673 0.004
8.972920000000045 0.0779999999999994 0.004
0.9404899999999543 0.0 0.004
3.2096900000000232 -0.009999999999999787 0.004
9.831639999999993 -0.05299999999999905 0.004
4.942699999999945 0.005999999999998451 0.004
9.097030000000132 0.021000000000000796 0.004
3.0027000000000044 0.008000000000000895 0.004
2.0505399999999554 0.007999999999999119 0.004
4.979530000000068 -0.006000000000000227 0.004
3.841139999999996 -0.019000000000000128 0.004
2.004410000000007 -0.0030000000000001137 0.004
1.160269999999855 0.002000000000000668 0.004
0.8863300000000436 0.007999999999999119 0.004
1.063720000000103 0.0010000000000012221 0.004
5.935240000000022 -0.0030000000000001137 0.004
1.0698999999999614 -0.0010000000000012221 0.004
2.01308999999992 -0.005999999999998451 0.004
1.003110000000106 0.0019999999999988916 0.004
0.974029999999857 -0.0019999999999988916 0.004
3.8392499999999927 0.013999999999999346 0.004
5.128910000000133 0.01699999999999946 0.004
3.9931699999999637 0.015000000000000568 0.004
9.998919999999998 -0.04400000000000048 0.004
3.895759999999882 -0.006999999999999673 0.004
10.023980000000165 0.01699999999999946 0.004
6.029170000000022 -0.0039999999999995595 0.004
2.9781799999998384 -0.013999999999999346 0.004
5.017100000000028 0.0039999999999995595 0.004
117.30869000000007 0.0519999999999996 0.004
6.998979999999847 -0.0259999999999998 0.004
2.9660200000000714 -0.019999999999999574 0.004
8.028839999999946 0.0030000000000001137 0.004
3.019360000000006 -0.0129999999999999 0.004
2.9885200000001078 0.009000000000000341 0.004
2.9929899999999634 0.009999999999999787 0.004
5.96492000000012 0.023999999999999133 0.004
1.9703599999998005 -0.007999999999999119 0.004
10.053830000000062 -0.034000000000000696 0.004
1.915670000000091 -0.006000000000000227 0.004
8.105080000000044 0.002000000000000668 0.004
1.9168099999999413 0.017999999999998906 0.004
4.916249999999991 0.0030000000000001137 0.004
2.0475199999998495 0.0129999999999999 0.004
1.9835199999999986 -0.0129999999999999 0.004
6.1038200000000415 -0.006999999999999673 0.004
1.0473700000000008 0.0030000000000001137 0.004
1.8251000000000204 0.009999999999999787 0.004
5.011030000000119 -0.019999999999999574 0.004
2.189300000000003 0.0009999999999994458 0.004
0.7748899999999139 -0.0019999999999988916 0.004
1.0278299999999945 -0.004000000000001336 0.004
1.1364300000000185 -0.011999999999998678 0.004
1.8783900000000813 -0.011000000000001009 0.004
1.1270999999999276 -0.0030000000000001137 0.004
5.88463999999999 0.038000000000000256 0.004
8.073210000000017 0.019000000000000128 0.004
1.000859999999875 -0.006999999999999673 0.004
2.985070000000178 -0.04100000000000037 0.004
2.0258799999999155 -0.0129999999999999 0.004
4.973109999999906 0.0129999999999999 0.004
2.9945600000000923 0.02200000000000024 0.004
1.0285000000001219 0.0129999999999999 0.004
2.8508699999999862 0.0129999999999999 0.004
1.1717599999999493 0.015000000000000568 0.004
0.8963599999999587 -0.011000000000001009 0.004
5.125140000000101 -0.026999999999999247 0.004
4.9582399999999325 -0.031000000000000583 0.004
0.9806200000000445 -0.006000000000000227 0.004
1.0154499999998734 -0.0019999999999988916 0.004
7.943160000000034 0.017999999999998906 0.004
18.977640000000065 0.012000000000000455 0.004
1.006939999999986 -0.006000000000000227 0.004
2.8870999999999185 0.006000000000000227 0.004
0.9973199999999451 -0.007999999999999119 0.004
1.0957700000001296 0.0030000000000001137 0.004
1.0057400000000598 0.0 0.004
0.9801399999998921 -0.011000000000001009 0.004
0.882280000000037 -0.006999999999999673 0.004
4.128639999999905 -0.019000000000000128 0.004
0.9468600000000151 0.0 0.004
6.950090000000046 0.03999999999999915 0.004
1.102769999999964 0.014000000000001123 0.004
2.96492000000012 0.012000000000000455 0.004
11.878819999999905 -0.006000000000000227 0.004
0.9285600000000613 0.007999999999999119 0.004
4.154469999999947 -0.006999999999999673 0.004
5.842579999999998 -0.009999999999999787 0.004
2.0796700000000783 -0.002000000000000668 0.004
3.9644200000000183 0.02400000000000091 0.004
2.0415599999998904 0.010999999999999233 0.004
4.969690000000128 0.0010000000000012221 0.004
5.962059999999838 -0.031000000000000583 0.004
10.03737000000001 -0.022999999999999687 0.004
15.967170000000124 0.02499999999999858 0.004
117.37295999999992 0.03900000000000148 0.004
2.966730000000098 0.014999999999998792 0.004
1.006750000000011 0.002000000000000668 0.004
1.9777099999998882 -0.019000000000000128 0.004
5.988630000000057 -0.07099999999999973 0.004
2.976599999999962 0.004999999999999005 0.004
4.031169999999975 0.004000000000001336 0.004
3.0128400000000966 0.0129999999999999 0.004
2.05657999999994 0.017999999999998906 0.004
4.926390000000083 -0.0019999999999988916 0.004
10.04489999999987 -0.005000000000000782 0.004
1.898050000000012 0.01699999999999946 0.004
1.1171999999999116 -0.006999999999999673 0.004
6.818610000000035 -0.01699999999999946 0.004
2.083129999999983 -0.006999999999999673 0.004
5.906640000000152 0.05299999999999905 0.004
2.057739999999967 0.005000000000000782 0.004
1.1279899999999543 -0.006000000000000227 0.004
1.0182300000001305 0.0039999999999995595 0.004
1.845719999999801 -0.0039999999999995595 0.004
1.1079000000001997 -0.01699999999999946 0.004
1.7952099999999973 -0.012000000000000455 0.004
1.0709099999999125 -0.002000000000000668 0.004
4.1616599999999835 -0.0039999999999995595 0.004
0.940119999999979 0.0009999999999994458 0.004
10.880869999999959 -0.04099999999999859 0.004
5.020099999999957 0.03399999999999892 0.004
2.9832900000001246 0.017000000000001236 0.004
3.1634099999998853 0.02999999999999936 0.004
1.9021099999999933 -0.008000000000000895 0.004
1.8549400000001697 -0.005999999999998451 0.004
2.039739999999938 -0.0070000000000014495 0.004
2.019649999999956 -0.0129999999999999 0.004
10.126400000000103 -0.016000000000000014 0.004
1.967379999999821 0.004000000000001336 0.004
6.980460000000221 -0.017000000000001236 0.004
0.9154399999999896 -0.009999999999999787 0.004
2.1051199999999426 0.025000000000000355 0.004
1.0239599999999882 0.013999999999999346 0.004
0.9902999999999338 -0.006000000000000227 0.004
1.0128400000000966 0.009000000000000341 0.004
0.7559699999999339 0.0030000000000001137 0.004
5.122409999999945 -0.007999999999999119 0.004
0.8823200000001634 -0.0129999999999999 0.004
4.012519999999995 -0.012000000000000455 0.004
0.9832799999999224 -0.005000000000000782 0.004
1.0416599999998652 -0.0009999999999994458 0.004
0.9344900000000962 0.0030000000000001137 0.004
4.132859999999937 0.02999999999999936 0.004
1.0698600000000624 0.006999999999999673 0.004
0.9817299999999705 0.008000000000000895 0.004
0.7479100000000471 -0.006000000000000227 0.004
2.295620000000099 0.0009999999999994458 0.004
0.8277299999999741 -0.008999999999998565 0.004
1.1359899999999925 0.0019999999999988916 0.004
0.7886699999999109 -0.009999999999999787 0.004
4.169370000000072 -0.02999999999999936 0.004
1.0010899999999765 0.0039999999999995595 0.004
1.0257300000000669 -0.002000000000000668 0.004
0.995379999999841 0.0070000000000014495 0.004
1.0106900000000678 -0.002000000000000668 0.004
5.914729999999963 0.015000000000000568 0.004
2.9423300000000836 -0.0030000000000001137 0.004
12.041320000000042 0.02999999999999936 0.004
2.0500499999998283 -0.0039999999999995595 0.004
0.9537800000000516 0.0 0.004
13.973680000000058 -0.017000000000001236 0.004
7.019510000000082 -0.0029999999999983373 0.004
0.8997999999999138 -0.02200000000000024 0.004
2.007699999999886 0.0009999999999994458 0.004
2.088810000000194 0.009000000000000341 0.004
2.9439299999999093 0.01699999999999946 0.004
6.022899999999936 0.040000000000000924 0.004
4.923160000000053 -0.04100000000000037 0.004
298.0674099999999 0.02200000000000024 0.005
3.0213300000000345 -0.011000000000001009 0.005
3.0124000000000706 -0.010999999999999233 0.005
3.9514600000002247 0.03200000000000003 0.005
4.980509999999867 0.0030000000000001137 0.005
29.114739999999983 -0.07399999999999984 0.005
18.85768999999982 0.08699999999999974 0.005
25.010279999999966 -0.0730000000000004 0.005
123.30317000000014 -0.021000000000000796 0.005
15.031640000000152 0.07800000000000118 0.005
9.97658999999976 -0.09700000000000131 0.005
13.945240000000013 0.05600000000000094 0.005
7.082260000000133 -0.028999999999999915 0.005
4.018839999999727 0.013999999999999346 0.005
2.019220000000132 -0.016000000000000014 0.005
2.9220800000002782 0.021000000000000796 0.005
7.001099999999951 0.04400000000000048 0.005
3.874699999999848 -0.011000000000001009 0.005
2.1031400000001668 -0.015000000000000568 0.005
10.02061999999978 0.009000000000000341 0.005
8.091640000000098 -0.028999999999999915 0.005
6.845150000000103 -0.01699999999999946 0.005
1.9901099999997314 0.006999999999999673 0.005
1.1707100000003265 0.005000000000000782 0.005
1.9867599999997765 0.032999999999999474 0.005
2.9611100000001898 0.028999999999999915 0.005
1.9545399999997244 0.010999999999999233 0.005
3.055119999999988 -0.006999999999999673 0.005
0.8537200000000666 -0.009999999999999787 0.005
3.050299999999879 -0.03999999999999915 0.005
5.801310000000285 -0.0129999999999999 0.005
6.069129999999859 0.04399999999999871 0.005
2.98862999999983 -0.006000000000000227 0.005
2.825130000000172 -0.007999999999999119 0.005
2.3464100000001054 -0.0030000000000001137 0.005
0.8340399999997317 0.0030000000000001137 0.005
1.9619900000002417 -0.0129999999999999 0.005
2.014220000000023 -0.009999999999999787 0.005
8.139000000000124 0.009999999999999787 0.005
3.743199999999888 -0.0030000000000001137 0.005
3.048119999999926 0.006000000000000227 0.005
1.0252700000000914 0.006000000000000227 0.005
0.18991000000005442 0.010999999999999233 0.005
0.702980000000025 -0.0009999999999994458 0.005
1.0008699999998498 -0.006000000000000227 0.005
0.07781999999997424 0.0039999999999995595 0.005
0.9508900000000722 0.016000000000000014 0.005
0.97524999999996 -0.0019999999999988916 0.005
1.988130000000183 -0.025000000000000355 0.005
1.009049999999661 0.02099999999999902 0.005
0.1081200000003264 -0.010999999999999233 0.005
0.895799999999781 0.0030000000000001137 0.005
1.0787300000001778 -0.030000000000001137 0.005
0.06520999999975174 0.02900000000000169 0.005
0.8368300000001909 -0.021000000000000796 0.005
1.010269999999764 -0.0009999999999994458 0.005
0.1781700000001365 0.017999999999998906 0.005
0.8167699999999058 -0.011999999999998678 0.005
1.0113400000000183 -0.013000000000001677 0.005
0.19034000000010565 0.005000000000000782 0.005
0.7903599999999642 -0.010999999999999233 0.005
5.0104700000001685 0.02999999999999936 0.005
1.0811399999997775 0.007999999999999119 0.005
0.9657099999999446 0.017000000000001236 0.005
0.050090000000182044 -0.0039999999999995595 0.005
0.9147100000000137 0.011999999999998678 0.005
1.010780000000068 -0.004999999999999005 0.005
4.179749999999785 -0.0259999999999998 0.005
2.931260000000293 -0.028999999999999915 0.005
5.027929999999742 -0.010000000000001563 0.005
4.920689999999922 0.034000000000000696 0.005
9.04923000000008 -0.019000000000000128 0.005
4.898830000000089 -0.02999999999999936 0.005
5.055209999999988 0.013999999999999346 0.005
4.035980000000109 0.04100000000000037 0.005
4.963649999999689 0.002000000000000668 0.005
7.0006100000000515 -0.011000000000001009 0.005
18.947779999999966 0.04499999999999993 0.005
126.3731700000003 -0.07099999999999973 0.005
10.033109999999851 0.053000000000000824 0.005
10.910629999999855 -0.021000000000000796 0.005
4.983830000000125 -0.002000000000000668 0.005
11.990069999999832 -0.016000000000000014 0.005
7.008150000000114 0.019000000000000128 0.005
3.083720000000085 -0.004999999999999005 0.005
5.959310000000187 0.0389999999999997 0.005
4.06955999999991 -0.012000000000000455 0.005
0.9357500000000982 0.012000000000000455 0.005
7.849899999999707 -0.05900000000000105 0.005
7.210120000000188 0.049000000000001265 0.005
1.7784699999997429 0.009999999999999787 0.005
2.1010200000000623 0.009000000000000341 0.005
2.794089999999869 0.030999999999998806 0.005
3.141780000000381 -0.02200000000000024 0.005
1.9677299999998468 -0.010999999999999233 0.005
2.0043000000000575 -0.019000000000000128 0.005
5.050679999999829 0.009000000000000341 0.005
7.074039999999968 -0.0030000000000001137 0.005
1.9193700000000717 -0.0129999999999999 0.005
1.1249299999999494 -0.009000000000000341 0.005
1.9520500000003267 -0.0030000000000001137 0.005
1.907919999999649 0.0129999999999999 0.005
1.9769900000001144 -0.0030000000000001137 0.005
2.123700000000099 -0.004999999999999005 0.005
9.004140000000007 -0.011000000000001009 0.005
5.902109999999993 0.017000000000001236 0.005
2.013879999999972 -0.002000000000000668 0.005
1.0413499999999658 -0.010999999999999233 0.005
1.9715500000002066 -0.025000000000000355 0.005
2.993229999999585 -0.0030000000000001137 0.005
1.9855300000003808 -0.03599999999999959 0.005
4.946339999999964 0.02499999999999858 0.005
1.9976599999999962 0.028999999999999915 0.005
1.966859999999997 0.023000000000001464 0.005
2.9005699999997887 0.019999999999999574 0.005
5.126369999999952 -0.028999999999999915 0.005
2.889270000000124 -0.0259999999999998 0.005
3.0838800000001356 -0.0129999999999999 0.005
3.862449999999626 0.006000000000000227 0.005
5.163410000000113 0.02999999999999936 0.005
5.985670000000027 0.018000000000000682 0.005
0.012600000000020373 -0.002000000000000668 0.005
9.86351999999988 -0.025000000000000355 0.005
3.1145800000003874 0.0039999999999995595 0.005
5.949059999999918 0.005000000000000782 0.005
4.974029999999857 0.0 0.005
4.007560000000012 0.007999999999999119 0.005
15.969189999999799 -0.010999999999999233 0.005
126.27474000000029 -0.04299999999999926 0.005
12.98041000000012 -0.006000000000000227 0.005
2.060529999999744 0.006999999999999673 0.005
3.9190699999999197 -0.016000000000000014 0.005
4.0289700000002995 0.0470000000000006 0.005
1.0237099999999373 -0.025000000000000355 0.005
3.982179999999971 0.019000000000000128 0.005
2.9778299999998126 -0.019000000000000128 0.005
2.0614199999999983 -0.012000000000000455 0.005
1.9894100000001345 0.01699999999999946 0.005
1.913169999999809 0.0010000000000012221 0.005
7.102180000000317 0.01699999999999946 0.005
1.9763299999999617 0.006999999999999673 0.005
2.01891999999998 -0.010999999999999233 0.005
1.9654799999998431 0.0009999999999994458 0.005
0.9860899999998765 -0.006000000000000227 0.005
3.003400000000056 0.012000000000000455 0.005
1.049710000000232 0.006000000000000227 0.005
4.049689999999828 -0.0129999999999999 0.005
1.9865700000000288 -0.0030000000000001137 0.005
1.0117800000002717 -0.018000000000000682 0.005
0.9113699999998062 -0.0039999999999995595 0.005
8.01796000000013 0.017999999999998906 0.005
1.8823699999998098 0.013000000000001677 0.005
1.2012800000002244 0.01699999999999946 0.005
0.989219999999932 0.006000000000000227 0.005
1.8777900000000045 0.011999999999998678 0.005
0.9435599999997066 0.0030000000000001137 0.005
4.012300000000323 -0.006999999999999673 0.005
3.0016099999998005 -0.03999999999999915 0.005
1.9753500000001623 -0.015000000000000568 0.005
1.061989999999696 -0.0030000000000001137 0.005
1.073949999999968 0.008000000000000895 0.005
2.0179800000000796 0.014999999999998792 0.005
2.8234700000002704 0.041999999999999815 0.005
4.152759999999944 -0.017999999999998906 0.005
0.997150000000147 -0.0030000000000001137 0.005
1.0047499999996035 -0.006000000000000227 0.005
3.051339999999982 -0.008000000000000895 0.005
5.7137000000002445 0.013000000000001677 0.005
1.2371699999998782 -0.009000000000000341 0.005
0.9811300000001211 0.02999999999999936 0.005
0.7821100000001024 0.0039999999999995595 0.005
2.0813899999998284 -0.013999999999999346 0.005
1.0729400000000169 0.007999999999999119 0.005
1.1056300000000192 -0.0009999999999994458 0.005
1.029359999999997 0.021000000000000796 0.005
0.8418799999999464 -0.019000000000000128 0.005
2.0374299999998584 -0.0259999999999998 0.005
1.0130900000003749 0.006000000000000227 0.005
1.1128699999999299 0.0039999999999995595 0.005
1.943829999999707 -0.008000000000000895 0.005
0.7180299999999988 -0.011999999999998678 0.005
1.2390400000003865 -0.011000000000001009 0.005
0.6679399999998168 -0.010999999999999233 0.005
0.07124999999996362 0.014999999999998792 0.005
0.04804999999987558 -0.009999999999999787 0.005
0.0868199999999888 0.0030000000000001137 0.005
0.061300000000301225 0.005000000000000782 0.005
0.05177000000003318 0.0030000000000001137 0.005
0.020129999999880965 0.0030000000000001137 0.005
0.06754999999975553 -0.016000000000000014 0.005
1.624670000000151 0.013999999999999346 0.005
0.08087999999997919 -0.005000000000000782 0.005
0.0644600000000537 -0.0009999999999994458 0.005
0.12512999999989916 0.0039999999999995595 0.005
0.05135999999993146 -0.0039999999999995595 0.005
0.043110000000069704 0.0129999999999999 0.005
0.6270700000000033 -0.012000000000000455 0.005
0.09075000000029831 -0.0009999999999994458 0.005
0.08280999999988126 0.0039999999999995595 0.005
0.08948000000009415 -0.0009999999999994458 0.005
0.0806999999999789 0.0039999999999995595 0.005
0.63799999999992 -0.01699999999999946 0.005
0.056749999999738066 0.019000000000000128 0.005
0.08112000000028274 -0.011000000000001009 0.005
0.07484999999996944 0.015000000000000568 0.005
0.1080299999998715 -0.010999999999999233 0.005
0.032889999999952124 -0.008000000000000895 0.005
0.030020000000149594 -0.0030000000000001137 0.005
0.6211499999999432 -0.006000000000000227 0.005
0.09679000000005544 0.02200000000000024 0.005
0.28632999999990716 0.0010000000000012221 0.005
5.912040000000161 -0.0129999999999999 0.005
1.8591499999997723 0.0019999999999988916 0.005
0.8461800000000039 -0.0129999999999999 0.005
0.3441499999998996 0.022999999999999687 0.005
0.9298700000003919 0.002000000000000668 0.005
0.07519000000002052 -0.0039999999999995595 0.005
0.7286299999996118 0.0009999999999994458 0.005
1.2506200000002536 0.01699999999999946 0.005
3.756579999999758 0.025000000000000355 0.005
1.224630000000161 -0.006000000000000227 0.005
1.009349999999813 -0.0039999999999995595 0.005
1.0079000000000633 -0.0030000000000001137 0.005
1.8707300000000942 -0.028999999999999915 0.005
4.053379999999834 -0.04100000000000037 0.005
1.0322600000004059 -0.006999999999999673 0.005
5.973479999999654 0.0129999999999999 0.005
1.0076100000001134 0.013999999999999346 0.005
5.755239999999958 0.030000000000001137 0.005
5.184409999999843 -0.05400000000000027 0.005
1.9922600000004422 -0.0039999999999995595 0.005
7.804929999999786 0.04099999999999859 0.005
1.0663700000000063 -0.008999999999998565 0.005
5.111660000000029 -0.008000000000000895 0.005
1.8621499999999287 -0.01699999999999946 0.005
2.119880000000194 0.012000000000000455 0.005
1.895219999999881 0.0129999999999999 0.005
3.0837400000000343 0.02999999999999936 0.005
2.940110000000004 -0.010999999999999233 0.005
3.9326599999999416 0.016000000000000014 0.005
4.06163000000015 0.016000000000000014 0.005
2.0575699999999415 -0.023000000000001464 0.005
5.904009999999744 0.0 0.005
3.9604600000002392 -0.022999999999999687 0.005
2.998909999999796 -0.014999999999998792 0.005
3.0084200000001147 -0.009000000000000341 0.005
6.053550000000087 0.08499999999999908 0.005
4.99483999999984 0.040000000000000924 0.005
1.9483399999999165 -0.057000000000000384 0.005
9.06203000000005 -0.0860000000000003 0.005
114.30783999999994 0.04300000000000104 0.005
5.003619999999955 0.03200000000000003 0.005
3.0192000000001826 -0.008000000000000895 0.005
2.966019999999844 -0.009000000000000341 0.005
6.044730000000072 -0.0009999999999994458 0.005
6.9720900000002075 -0.005000000000000782 0.005
2.027520000000095 -0.013999999999999346 0.005
2.9066499999998996 0.0389999999999997 0.005
2.0175099999996746 0.022999999999999687 0.005
3.0433500000003733 -0.006000000000000227 0.005
4.045000000000073 0.014000000000001123 0.005
0.9900099999999838 -0.009000000000000341 0.005
9.999229999999898 -0.08500000000000085 0.005
2.0175599999997758 0.006000000000000227 0.005
1.9751900000001115 0.0259999999999998 0.005
1.9279900000001362 0.015000000000000568 0.005
2.096839999999702 0.015000000000000568 0.005
2.9267400000003363 0.017999999999998906 0.005
1.9802599999998165 -0.0129999999999999 0.005
3.050380000000132 -0.022999999999999687 0.005
24.059420000000046 0.002000000000000668 0.005
11.759939999999915 0.015000000000000568 0.005
1.2449799999999414 0.007999999999999119 0.005
0.9017899999998917 -0.013999999999999346 0.005
1.0267899999998917 0.0009999999999994458 0.005
3.0447000000003754 -0.010999999999999233 0.005
1.9510999999997694 -0.016000000000000014 0.005
10.026479999999992 -0.02900000000000169 0.005
5.971890000000258 0.04400000000000048 0.005
3.014839999999822 0.034000000000000696 0.005
2.9830000000001746 -0.0030000000000001137 0.005
1.0059299999998075 -0.04100000000000037 0.005
0.9953399999999419 -0.010999999999999233 0.005
0.9710500000001048 -0.012000000000000455 0.005
2.930609999999888 -0.022999999999999687 0.005
1.9955899999999929 0.0039999999999995595 0.005
1.9187799999999697 0.023999999999999133 0.005
1.13541000000032 0.0070000000000014495 0.005
0.880029999999806 0.004999999999999005 0.005
1.0680200000001605 0.015000000000000568 0.005
11.03152 -0.006000000000000227 0.005
0.933889999999792 0.02999999999999936 0.005
3.989390000000185 -0.017999999999998906 0.005
2.065889999999854 -0.002000000000000668 0.005
0.9328700000000936 0.0030000000000001137 0.005
1.0178699999996752 0.013999999999999346 0.005
1.0040200000003097 -0.007999999999999119 0.005
1.0084499999998116 0.0030000000000001137 0.005
32.94131000000016 -0.03500000000000014 0.005
12.909299999999803 -0.0470000000000006 0.005
3.9943499999999403 0.034000000000000696 0.005
16.988470000000234 -0.031000000000000583 0.005
16.922169999999824 0.05400000000000027 0.005
109.36725000000024 0.016000000000000014 0.005
374.9756900000002 -0.013999999999999346 0.005
2.034719999999652 0.0030000000000001137 0.005
2.9617200000002413 0.007999999999999119 0.005
2.967859999999746 -0.013999999999999346 0.005
1.0829000000003361 0.007999999999999119 0.005
2.9843700000001263 -0.0030000000000001137 0.005
2.003600000000006 -0.014999999999998792 0.005
2.003639999999905 -0.008000000000000895 0.005
5.00202999999965 0.021000000000000796 0.005
1.9773299999997107 0.019999999999999574 0.005
1.9262800000005882 0.026999999999999247 0.005
1.0248699999992823 0.0010000000000012221 0.005
1.076520000000528 -0.009000000000000341 0.005
1.9045599999999467 -0.011000000000001009 0.005
1.0328300000001036 -0.005999999999998451 0.005
1.975789999999506 -0.018000000000000682 0.005
5.102850000000217 -0.04400000000000048 0.005
1.999380000000201 0.0030000000000001137 0.005
1.0115999999998166 0.009000000000000341 0.005
2.9792999999999665 0.0470000000000006 0.005
6.011300000000119 0.007999999999999119 0.005
0.9882200000001831 -0.022999999999999687 0.005
1.0068099999998594 -0.012000000000000455 0.005
0.9895299999998315 -0.016000000000000014 0.005
2.0302900000006048 -0.02200000000000024 0.005
1.002329999999347 -0.0039999999999995595 0.005
4.971550000000207 0.05900000000000105 0.005
2.9586300000000847 0.034999999999998366 0.005
1.0229699999999866 0.02800000000000047 0.005
1.047309999999925 -0.0009999999999994458 0.005
1.9888499999997293 0.02099999999999902 0.005
1.957220000000234 -0.013999999999999346 0.005
5.9981299999999464 -0.041999999999999815 0.005
0.965979999999945 0.0009999999999994458 0.005
0.9810699999998178 -0.013999999999999346 0.005
1.0419099999999162 -0.0039999999999995595 0.005
1.0209100000001854 -0.004000000000001336 0.005
1.9380700000001525 -0.019000000000000128 0.005
1.0205100000002858 0.005000000000000782 0.005
1.8167899999998554 0.019000000000000128 0.005
1.1876400000001013 -0.0009999999999994458 0.005
1.7980499999994208 0.007999999999999119 0.005
3.2483200000006036 0.008000000000000895 0.005
1.0107200000002194 0.017999999999998906 0.005
2.703009999999267 -0.004999999999999005 0.005
3.3266600000006292 -0.011000000000001009 0.005
5.898419999999533 -0.04299999999999926 0.005
0.934280000000399 0.0030000000000001137 0.005
1.051260000000184 -0.002000000000000668 0.005
9.781049999999595 0.07500000000000107 0.005
1.1404099999999744 -0.011000000000001009 0.005
2.9212399999996705 -0.012000000000000455 0.005
1.048000000000684 -0.010999999999999233 0.005
0.9832799999994677 -0.028999999999999915 0.005
1.0567900000005466 0.0039999999999995595 0.005
1.8408300000000963 -0.02099999999999902 0.005
1.1333599999998114 0.0039999999999995595 0.005
4.9469899999994595 0.022999999999999687 0.005
0.9812700000002224 0.016000000000000014 0.005
1.006970000000365 0.006999999999999673 0.005
1.093710000000101 0.008000000000000895 0.005
2.949809999999161 -0.004000000000001336 0.005
1.8943600000002334 -0.02499999999999858 0.005
1.040490000000318 0.0039999999999995595 0.005
1.0284300000002986 0.013999999999999346 0.005
2.001249999999345 -0.019000000000000128 0.005
0.9839400000000751 -0.0009999999999994458 0.005
0.926050000000032 -0.007999999999999119 0.005
1.2322100000001228 -0.006000000000000227 0.005
0.9695400000000518 -0.017000000000001236 0.005
0.9361200000003009 0.002000000000000668 0.005
0.8631399999994755 0.009999999999999787 0.005
1.2339600000004793 -0.0009999999999994458 0.005
3.7570699999996577 0.0039999999999995595 0.005
5.152490000000398 0.054999999999999716 0.005
0.957300000000032 -0.0009999999999994458 0.005
4.9951099999998405 -0.0129999999999999 0.005
2.001009999999951 -0.038000000000000256 0.005
7.009070000000065 0.0009999999999994458 0.005
1.0364899999995032 -0.009000000000000341 0.005
0.9348100000006525 0.009000000000000341 0.005
0.9899299999997311 -0.016000000000000014 0.005
1.0147299999998722 0.017000000000001236 0.005
0.9953800000002957 -0.005000000000000782 0.005
1.0619499999993423 -0.009000000000000341 0.005
0.9418000000005122 0.002000000000000668 0.005
1.0135499999996682 -0.005000000000000782 0.005
4.01958999999988 0.015000000000000568 0.005
0.969890000000305 0.02800000000000047 0.005
1.0632299999997485 -0.028999999999999915 0.005
0.981420000000071 0.0 0.005
0.9964900000004491 -0.0030000000000001137 0.005
0.9698399999997491 0.0009999999999994458 0.005
1.9998500000001513 -0.002000000000000668 0.005
1.0051299999995535 -0.009999999999999787 0.005
1.0141300000004776 -0.019999999999999574 0.005
1.9750899999999092 -0.0039999999999995595 0.005
1.9953999999997905 0.0030000000000001137 0.005
3.008759999999711 0.03599999999999959 0.005
2.9398700000001554 0.04499999999999993 0.005
1.9716600000001563 0.002000000000000668 0.005
6.048120000000381 -0.06400000000000006 0.005
4.950839999999516 -0.0129999999999999 0.005
2.0339599999997517 -0.027000000000001023 0.005
4.960649999999987 0.041999999999999815 0.005
6.005370000000767 0.07399999999999984 0.005
8.948010000000068 -0.0779999999999994 0.005
127.33947999999964 0.0009999999999994458 0.005
1.0301699999999983 -0.0009999999999994458 0.005
2.982970000000023 0.031000000000000583 0.005
1.9946399999998903 -0.005000000000000782 0.005
7.025499999999738 0.0 0.005
2.964930000000095 -0.0030000000000001137 0.005
1.949840000000222 0.0010000000000012221 0.005
2.004860000000008 0.011999999999998678 0.005
2.031930000000102 -0.0129999999999999 0.005
1.9897000000000844 -0.012000000000000455 0.005
0.9968300000000454 -0.0039999999999995595 0.005
1.0175499999995736 -0.0019999999999988916 0.005
1.9738999999999578 0.0 0.005
2.9988400000002002 0.045999999999999375 0.005
1.990139999999883 0.006999999999999673 0.005
4.091769999999997 -0.006999999999999673 0.005
1.9950799999996889 -0.005000000000000782 0.005
0.9950400000006994 -0.0009999999999994458 0.005
1.0001400000001013 0.006999999999999673 0.005
0.9890999999997803 -0.013999999999999346 0.005
3.0044099999995524 -0.009999999999999787 0.005
0.98928000000069 -0.02200000000000024 0.005
1.0012899999992442 0.0129999999999999 0.005
1.0059200000005148 0.002000000000000668 0.005
2.0178500000001804 0.017999999999998906 0.005
1.005619999999908 -0.0039999999999995595 0.005
0.9616099999993821 0.006999999999999673 0.005
1.0386100000005172 0.006999999999999673 0.005
0.975800000000163 -0.010999999999999233 0.005
1.0077599999995073 0.0039999999999995595 0.005
1.0111900000001697 -0.015000000000000568 0.005
7.970250000000306 -0.05999999999999872 0.005
1.9837600000000748 0.0039999999999995595 0.005
1.0187599999999293 0.012000000000000455 0.005
1.011859999999615 0.006000000000000227 0.005
0.8902500000003783 0.016000000000000014 0.005
0.9694099999996979 0.007999999999999119 0.005
1.112699999999677 0.008000000000000895 0.005
0.8797899999999572 0.011999999999998678 0.005
1.073420000000624 0.011000000000001009 0.005
0.9856599999993705 0.009000000000000341 0.005
1.0305299999999988 0.006999999999999673 0.005
0.9890199999999822 0.0009999999999994458 0.005
0.9550900000003821 -0.0039999999999995595 0.005
1.0618999999996959 -0.009000000000000341 0.005
0.9695099999999002 0.0 0.005
0.9791900000000169 -0.022999999999999687 0.005
1.0232500000001892 0.0019999999999988916 0.005
0.9882299999999304 -0.009999999999999787 0.005
1.0034700000005614 0.005000000000000782 0.005
4.066350000000057 -0.006000000000000227 0.005
4.912279999999555 0.002000000000000668 0.005
4.99456999999984 -0.0030000000000001137 0.005
1.9005000000006476 0.019999999999999574 0.005
4.079490000000078 -0.009000000000000341 0.005
1.0723599999992075 -0.017999999999998906 0.005
0.9387500000002547 -0.005000000000000782 0.005
0.9835599999996703 -0.0039999999999995595 0.005
1.0614199999999983 -0.005000000000000782 0.005
0.9776300000003175 -0.0019999999999988916 0.005
0.9286499999998341 0.009999999999999787 0.005
1.0693200000005163 0.0 0.005
0.9398099999998522 0.0019999999999988916 0.005
1.015229999999974 0.006999999999999673 0.005
1.0338199999996505 0.0030000000000001137 0.005
1.1355000000003201 -0.02499999999999858 0.005
8.640540000000328 0.016000000000000014 0.005
1.1570799999999508 0.006999999999999673 0.005
1.089509999999791 0.006000000000000227 0.005
0.9125800000001618 0.0030000000000001137 0.005
0.9674100000001999 -0.005000000000000782 0.005
1.0215699999998833 0.015000000000000568 0.005
1.9845299999997223 0.0009999999999994458 0.005
1.0380299999997078 0.006999999999999673 0.005
1.0005700000001525 -0.004999999999999005 0.005
0.9325600000001941 -0.0070000000000014495 0.005
1.0274600000002465 0.0 0.005
1.0048600000000079 -0.006999999999999673 0.005
1.0005899999996473 -0.0019999999999988916 0.005
0.9669299999995928 0.0030000000000001137 0.005
4.98986000000059 0.008999999999998565 0.005
4.870570000000043 0.009000000000000341 0.005
4.231600000000071 -0.006999999999999673 0.005
0.9534800000001269 -0.009000000000000341 0.005
0.9597699999994802 -0.014999999999998792 0.005
2.027979999999843 -0.0070000000000014495 0.005
3.044130000000223 -0.019000000000000128 0.005
3.983919999999671 0.04800000000000004 0.005
0.9976400000005015 0.005000000000000782 0.005
0.9560199999996257 0.0030000000000001137 0.005
1.018790000000081 0.0030000000000001137 0.005
1.0258199999998396 0.007999999999999119 0.005
0.05216000000018539 -0.0019999999999988916 0.005
1.936069999999745 -0.006999999999999673 0.005
0.9459300000007715 -0.016000000000000014 0.005
6.08791999999994 -0.031000000000000583 0.005
2.945619999999508 0.0009999999999994458 0.005
0.9934400000001915 0.006000000000000227 0.005
1.9952000000002954 -0.0039999999999995595 0.005
0.9833599999992657 0.0039999999999995595 0.005
1.0144200000004275 -0.005000000000000782 0.005
6.021679999999833 -0.007999999999999119 0.005
6.961080000000038 0.05400000000000027 0.005
5.010449999999764 0.0259999999999998 0.005
1.9932600000001912 -0.002000000000000668 0.005
2.972859999999855 -0.05999999999999872 0.005
7.989290000000437 -0.016000000000000014 0.005
5.892729999999574 0.05699999999999861 0.005
11.049329999999827 -0.0519999999999996 0.005
7.994360000000597 0.030000000000001137 0.005
4.988839999999982 -0.02800000000000047 0.005
114.33989999999994 0.023999999999999133 0.005
6.953520000000026 0.02200000000000024 0.005
2.027060000000347 0.011000000000001009 0.005
3.972509999999602 -0.0070000000000014495 0.005
4.050970000000234 -0.014999999999998792 0.005
4.91762000000017 0.01699999999999946 0.005
1.061149999999543 -0.0030000000000001137 0.005
1.9771700000001147 -0.0039999999999995595 0.005
2.0281800000002477 -0.011000000000001009 0.005
7.035229999999501 0.02800000000000047 0.005
3.0046800000000076 0.0259999999999998 0.005
10.00297000000046 -0.0519999999999996 0.005
1.8608899999999267 -0.012000000000000455 0.005
2.1333999999997104 -0.0039999999999995595 0.005
1.847450000000208 0.006999999999999673 0.005
2.0500099999999293 0.018000000000000682 0.005
0.947559999999612 0.013999999999999346 0.005
0.9551900000005844 0.0129999999999999 0.005
0.14307999999982712 0.002000000000000668 0.005
5.953260000000228 0.015000000000000568 0.005
1.052020000000084 -0.002000000000000668 0.005
1.8823999999995067 -0.013999999999999346 0.005
1.0648799999999028 -0.008000000000000895 0.005
5.014490000000478 -0.03999999999999915 0.005
2.0323699999999008 0.0030000000000001137 0.005
1.8971000000001368 0.03399999999999892 0.005
