0.0 0.0 0.106
12.853410000000167 0.09299999999999997 0.089
3.069010000000162 -0.4870000000000019 0.073
3.029739999999947 0.684000000000001 0.153
3.880239999999958 -0.5599999999999987 0.071
0.006060000000161381 -0.03900000000000148 0.084
4.960679999999684 0.29100000000000037 0.141
18.997350000000097 0.04400000000000048 0.104
6.021979999999985 -0.35600000000000165 0.095
4.958050000000185 0.13899999999999935 0.125
6.998679999999695 0.16600000000000037 0.113
4.00467000000026 -0.20899999999999963 0.123
10.984680000000026 0.09500000000000242 0.119
128.35698999999977 0.1509999999999998 0.105
2.965610000000197 0.04199999999999804 0.135
15.011459999999715 0.08500000000000085 0.116
9.017900000000282 -0.2940000000000005 0.080
8.959820000000036 -0.04100000000000037 0.088
11.041109999999662 0.010999999999999233 0.084
20.984620000000177 0.38500000000000156 0.162
13.015319999999974 -0.23600000000000065 0.090
55.95929000000024 0.1739999999999995 0.213
3.8999699999999393 -0.37299999999999756 0.065
9.918639999999868 -0.0710000000000015 0.080
28.877629999999954 0.022999999999999687 0.213
14.981249999999818 0.02499999999999858 0.089
247.31407000000036 0.41300000000000026 0.122
4.026969999999892 -0.3309999999999995 0.075
12.89433999999983 -0.13400000000000034 0.099
1.994130000000041 0.20400000000000063 0.068
1.890190000000075 0.19900000000000162 0.126
4.089240000000245 -0.12300000000000111 0.081
1.9053799999996954 -0.13400000000000034 0.083
2.0230500000002394 0.11400000000000077 0.101
2.8974100000000362 -0.13800000000000168 0.085
13.038139999999657 -0.09999999999999787 0.080
3.97420000000011 0.25900000000000034 0.112
243.26287000000002 -0.18299999999999983 0.079
3.026969999999892 0.34699999999999775 0.091
5.994250000000193 -0.33399999999999963 0.070
2.9527399999997215 -0.054999999999999716 0.096
1.9991400000003523 0.16400000000000148 0.148
3.0109199999997145 0.19599999999999795 0.098
2.02484000000004 -0.2940000000000005 0.086
2.015690000000177 0.0710000000000015 0.104
3.0326900000000023 -0.10200000000000031 0.090
1.9972099999999955 0.2519999999999989 0.079
1.8605499999998756 0.15399999999999991 0.139
2.066229999999905 -0.34399999999999764 0.075
1.0789600000002793 0.09600000000000009 0.070
1.9238299999997253 0.2289999999999992 0.098
1.9453000000003158 -0.2010000000000005 0.129
4.9691399999996975 -0.1930000000000014 0.091
1.9923900000003414 0.23300000000000054 0.128
1.0007299999997485 0.20899999999999963 0.152
1.9985999999998967 -0.472999999999999 0.087
2.0000300000001516 0.25900000000000034 0.278
1.0290199999999459 0.07000000000000028 0.218
0.9730100000001585 -0.4499999999999993 0.119
1.9674999999997453 0.1999999999999993 0.077
1.1940400000003137 -0.1280000000000001 0.068
1.8719899999996414 0.08899999999999864 0.096
1.9425600000004124 -0.03999999999999915 0.063
0.9863299999997253 0.34299999999999997 0.084
2.0533300000001873 -0.14499999999999957 0.105
5.956339999999727 0.062000000000001165 0.133
2.1941400000000613 -0.3520000000000003 0.092
1.7249799999999595 0.18299999999999983 0.108
1.0073200000001634 -0.13200000000000145 0.092
1.0269399999997404 0.03200000000000003 0.081
0.9692100000002029 0.25900000000000034 0.150
1.006289999999808 -0.2539999999999978 0.120
1.1851599999999962 0.06599999999999895 0.113
2.7877700000003642 -0.11299999999999955 0.103
1.0665099999996528 0.023999999999997357 0.080
2.0219700000002376 0.38400000000000034 0.131
0.934020000000146 -0.4339999999999975 0.069
1.1428499999997257 0.46199999999999974 0.083
0.8603600000001279 -0.0259999999999998 0.123
1.0855900000001384 -0.2759999999999998 0.076
0.8944799999999304 -0.11400000000000077 0.076
2.0083700000000135 0.5279999999999987 0.118
1.0751900000000205 -0.129999999999999 0.100
2.084820000000036 -0.030999999999998806 0.099
3.807759999999689 0.027999999999998693 0.149
1.0091400000001158 -0.11200000000000188 0.098
0.9993500000000495 -0.3539999999999992 0.082
1.074290000000019 0.060000000000002274 0.088
1.9043699999997443 0.011999999999996902 0.128
2.0193200000003344 -0.019999999999999574 0.125
3.9761799999996583 0.22600000000000264 0.119
0.9802600000002712 -0.014000000000002899 0.119
1.0010899999997491 -0.12599999999999767 0.074
0.9997200000002522 0.038999999999997925 0.091
1.1828199999999924 0.27800000000000225 0.160
0.8591099999998733 -0.021000000000000796 0.158
0.9600900000000365 -0.4469999999999992 0.069
1.0045199999999568 0.19099999999999895 0.074
1.066190000000006 -0.13500000000000156 0.062
0.9269800000001851 0.10800000000000054 0.066
1.0055899999997564 -0.11599999999999966 0.071
1.9807599999999184 0.48300000000000054 0.113
0.3270500000003267 -0.40800000000000125 0.076
0.6602699999998549 -0.03500000000000014 0.085
1.0513700000001336 0.022000000000002018 0.095
2.03908999999976 0.15399999999999991 0.091
1.0231699999999364 0.23199999999999932 0.077
0.8757500000001528 -0.1980000000000004 0.104
0.3853100000001177 0.31700000000000017 0.110
2.6064299999998184 -0.5769999999999982 0.076
1.0193500000000313 0.31799999999999784 0.093
1.006170000000111 0.2170000000000023 0.137
6.298400000000129 -0.19200000000000017 0.104
1.8724299999998948 -0.1930000000000014 0.081
1.0731299999997646 0.022999999999999687 0.083
0.09841000000005806 0.027999999999998693 0.108
0.6121600000001308 0.1700000000000017 0.128
1.022820000000138 0.4969999999999999 0.257
0.9758600000000115 -0.8640000000000008 0.098
2.0323199999997996 0.1739999999999995 0.119
1.9744000000000597 -0.0990000000000002 0.076
1.2441399999997884 0.062000000000001165 0.090
0.7636900000002242 0.2560000000000002 0.092
1.9929200000001401 -0.245000000000001 0.069
1.0274699999999939 -0.0799999999999983 0.063
0.9848399999996218 0.13700000000000045 0.125
3.9817400000001726 0.36999999999999744 0.130
1.0153199999999742 -0.19399999999999906 0.152
5.990330000000085 -0.34999999999999787 0.095
4.141880000000128 0.42499999999999716 0.143
0.8680899999999383 0.11500000000000199 0.158
1.0012299999998504 -0.38700000000000045 0.082
4.001180000000204 -0.19500000000000028 0.079
1.9964799999997922 0.23900000000000077 0.069
11.009620000000268 -0.2140000000000022 0.095
3.0891899999996895 0.46799999999999997 0.170
1.901969999999892 0.026000000000003354 0.183
2.0169300000002295 -0.5240000000000009 0.089
1.9753300000002127 0.48300000000000054 0.127
1.128849999999602 -0.2950000000000017 0.079
1.9366600000003018 -0.2289999999999992 0.083
4.0699399999998604 0.43599999999999994 0.095
3.981290000000172 -0.26399999999999935 0.075
4.0492999999996755 0.23799999999999955 0.130
2.917159999999967 -0.2890000000000015 0.071
1.9289499999999862 0.43900000000000006 0.209
1.0663900000004105 -0.09199999999999875 0.229
4.033899999999903 0.17599999999999838 0.179
3.896769999999833 -0.254999999999999 0.112
4.048819999999978 -0.2729999999999997 0.063
148.30029999999988 0.0990000000000002 0.082
6.998150000000351 0.20199999999999818 0.126
5.056709999999839 0.14700000000000202 0.095
2.897230000000036 -0.43299999999999983 0.069
2.037040000000161 0.0259999999999998 0.085
2.0630699999996978 0.05099999999999838 0.059
2.9974600000000464 -0.05099999999999838 0.067
2.893289999999979 0.13100000000000023 0.078
11.968519999999899 0.036999999999999034 0.090
3.004950000000008 -0.019999999999999574 0.106
2.9920200000001387 -0.23000000000000043 0.066
2.9864000000002306 -0.00999999999999801 0.063
3.015899999999874 0.21699999999999875 0.057
3.9408800000001065 -0.3810000000000002 0.094
14.95559000000003 0.10699999999999932 0.064
3.0010699999997996 0.2029999999999994 0.069
1.2535899999998037 -0.08299999999999841 0.067
5.721630000000005 -0.045000000000001705 0.073
2.000710000000254 0.18500000000000227 0.095
9.110389999999825 -0.1490000000000009 0.068
1.1539700000002995 0.0470000000000006 0.076
1.009559999999965 -0.25400000000000134 0.066
0.9935699999996359 0.3509999999999991 0.101
4.943100000000413 -0.21999999999999886 0.067
9.704780000000028 0.35800000000000054 0.114
0.9985999999998967 -0.3359999999999985 0.091
5.1120599999999286 -0.045000000000001705 0.087
5.910339999999906 0.062000000000001165 0.101
2.161959999999908 0.3319999999999972 0.085
1.8053100000001905 -0.26599999999999824 0.104
2.2692400000000816 -0.009000000000000341 0.084
1.9295999999999367 -0.10300000000000153 0.063
1.8121000000001004 0.6590000000000025 0.098
1.2477899999998954 -0.17900000000000205 0.075
0.9306599999999889 -0.3780000000000001 0.063
1.0801900000001297 -0.13299999999999912 0.083
10.701869999999872 0.32700000000000173 0.083
3.996470000000045 -0.09700000000000131 0.067
1.2460000000000946 0.2890000000000015 0.103
1.7540899999999056 -0.6080000000000005 0.058
1.9798099999998158 0.3230000000000004 0.078
1.0045600000003105 -0.18400000000000105 0.081
0.991019999999935 0.14300000000000068 0.069
1.0194099999998798 0.20700000000000074 0.076
1.0867299999999886 -0.2469999999999999 0.077
0.9373700000001008 0.030999999999998806 0.068
30.142679999999928 0.006000000000000227 0.084
14.915149999999812 -0.13500000000000156 0.104
8.94874000000027 0.3210000000000015 0.141
7.980169999999816 -0.2579999999999991 0.090
2.0183600000000297 0.32099999999999795 0.158
120.35152000000016 -0.245000000000001 0.093
6.966149999999743 -0.023999999999997357 0.103
1112.0435499999999 0.21799999999999997 0.095
19.97479999999996 -0.03100000000000236 0.064
