0.0 0.0 0.125
4.934969999999794 -0.23000000000000043 0.043
3.018170000000282 0.8049999999999997 0.085
4.000950000000103 -0.6799999999999997 0.056
4.017509999999675 0.49299999999999855 0.092
2.9835299999999734 -0.5339999999999989 0.064
18.144900000000234 -0.17299999999999827 0.052
4.956409999999778 0.1109999999999971 0.062
4.972900000000209 0.48400000000000176 0.074
6.951430000000073 -0.43100000000000094 0.079
14.059510000000046 0.07499999999999929 0.062
0.9195599999998194 -0.009000000000000341 0.054
150.39046000000008 -0.11499999999999844 0.034
5.979749999999967 0.12199999999999989 0.045
7.01346999999987 0.10699999999999932 0.047
8.907729999999901 0.7940000000000005 0.262
13.106590000000324 -0.2710000000000008 0.107
6.858589999999822 -0.6059999999999981 0.049
3.964730000000145 -0.07499999999999929 0.068
2.962039999999888 -0.053000000000000824 0.097
4.199039999999968 0.33899999999999864 0.068
4.010429999999815 -0.33500000000000085 0.052
1.88742000000002 -0.015999999999998238 0.037
1.9991400000003523 0.06099999999999994 0.032
1.938509999999951 0.012000000000000455 0.061
7.957030000000032 -0.13200000000000145 0.052
1.9818799999998191 0.1440000000000019 0.060
7.958849999999984 -0.07600000000000051 0.052
7.259180000000015 0.0259999999999998 0.058
1.9533999999998741 -0.08000000000000185 0.052
1.798530000000028 0.5090000000000003 0.061
2.2290600000001177 0.030000000000001137 0.099
2.846680000000106 -0.2629999999999981 0.047
3.1102999999998246 -0.08600000000000207 0.077
2.007840000000215 0.3460000000000001 0.059
1.0340099999998529 -0.245000000000001 0.069
11.7483900000002 -0.25099999999999767 0.055
2.1978699999999662 0.23799999999999955 0.092
1.9933499999997366 0.375 0.079
0.9834300000002258 0.04199999999999804 0.058
1.90653999999995 -0.36599999999999966 0.045
2.0018599999998514 0.3279999999999994 0.055
2.0400800000002164 -0.607999999999997 0.039
1.8102399999997942 0.6280000000000001 0.069
2.168120000000272 -0.15399999999999991 0.062
10.77101999999968 -0.30500000000000327 0.065
5.126420000000053 0.2380000000000031 0.052
2.9511700000002747 -0.5020000000000024 0.040
2.048939999999675 0.6260000000000012 0.077
2.059740000000147 -0.5820000000000007 0.033
2.0405299999997624 0.6769999999999996 0.080
2.0251600000001417 -0.6589999999999989 0.046
9.91377999999986 0.33699999999999974 0.074
5.946280000000115 -0.015999999999998238 0.077
2.9148199999999633 -0.07800000000000296 0.059
5.0481400000003305 -0.15399999999999991 0.059
4.0315599999998994 0.1739999999999995 0.069
10.917019999999866 0.06800000000000139 0.056
5.038919999999962 0.6410000000000018 0.122
4.951160000000073 -0.9190000000000005 0.086
4.039879999999812 0.7399999999999984 0.170
6.969730000000254 -0.5560000000000009 0.091
8.004629999999906 0.05600000000000094 0.088
142.36178999999993 0.05900000000000105 0.049
14.995260000000144 -0.22800000000000153 0.038
5.939559999999801 0.36100000000000065 0.055
4.0926800000002 0.4430000000000014 0.095
11.968789999999899 -0.9110000000000014 0.064
7.014880000000176 0.12199999999999989 0.044
3.9175599999998667 -0.1039999999999992 0.069
6.009520000000066 0.2530000000000001 0.060
4.054489999999987 -0.0019999999999988916 0.051
14.776949999999943 0.09299999999999997 0.048
2.0156600000000253 0.09199999999999875 0.064
2.0573300000000927 -0.4529999999999994 0.041
2.116819999999734 0.022999999999999687 0.043
1.9900800000000345 0.01899999999999835 0.043
2.0465899999999237 0.5770000000000017 0.089
1.9261500000002343 0.08699999999999974 0.068
1.9873600000000806 -0.2430000000000021 0.056
11.792149999999765 -0.29699999999999704 0.053
1.989180000000033 0.6189999999999998 0.119
1.2149300000000949 0.07499999999999929 0.108
1.8790100000001075 -0.7040000000000006 0.042
1.1578500000000531 -0.1559999999999988 0.044
1.73987999999963 0.1750000000000007 0.074
1.2757500000002437 0.33899999999999864 0.067
1.7259899999999107 -0.045000000000001705 0.079
5.984120000000075 -0.34299999999999997 0.043
8.036509999999907 0.2950000000000017 0.138
1.9224400000002788 -0.2749999999999986 0.054
2.0082699999998113 0.4129999999999967 0.076
0.988510000000133 -0.19899999999999807 0.057
2.0342399999999543 -0.3689999999999998 0.045
2.9854499999996733 0.2749999999999986 0.055
3.040910000000167 -0.29799999999999827 0.062
3.185019999999895 0.055999999999997385 0.050
1.9945000000002437 0.33800000000000097 0.071
2.7995200000000295 -0.21799999999999997 0.065
2.0927899999996953 0.38700000000000045 0.068
2.884820000000218 -0.2740000000000009 0.093
4.117569999999887 -0.12099999999999866 0.069
1.8673499999999876 -0.1720000000000006 0.051
3.0496100000000297 0.7830000000000013 0.086
6.011320000000069 -0.3249999999999993 0.064
6.9547999999999774 -0.46000000000000085 0.058
3.0533000000000357 0.4259999999999984 0.090
6.918889999999919 -0.31099999999999994 0.066
3.0224699999998847 0.3390000000000022 0.075
5.136580000000322 -0.19400000000000261 0.071
5.92563999999993 -0.12399999999999878 0.053
5.948120000000017 0.03500000000000014 0.056
3.067320000000109 0.2710000000000008 0.159
6.95201999999972 -0.3569999999999993 0.070
11.014410000000225 0.5129999999999981 0.097
121.29538999999977 -0.24299999999999855 0.062
