0.0 0.0 0.032
0.011349999999765714 0.018000000000000682 0.031
0.00860000000011496 0.0030000000000001137 0.031
0.008609999999862339 0.03999999999999915 0.031
0.015450000000328146 0.006000000000000227 0.033
0.008609999999862339 0.009000000000000341 0.034
0.008650000000216096 0.01699999999999946 0.032
0.008669999999710853 0.0259999999999998 0.031
0.008630000000266591 -0.04100000000000037 0.033
0.008659999999963475 -0.012999999999998124 0.035
0.009270000000014988 -0.062000000000001165 0.032
0.0208199999997305 0.013999999999999346 0.029
0.00864000000001397 -0.06599999999999895 0.027
0.008609999999862339 -0.03900000000000148 0.027
0.008610000000317086 -0.00999999999999801 0.026
0.008609999999862339 -0.03999999999999915 0.029
0.008620000000064465 0.013999999999999346 0.028
0.009030000000166183 0.004999999999999005 0.028
0.008619999999609718 -0.07399999999999807 0.026
0.008590000000367581 0.038999999999997925 0.027
0.008629999999811844 -0.006000000000000227 0.029
0.008629999999811844 -0.03500000000000014 0.027
0.008610000000317086 0.004000000000001336 0.028
0.009540000000015425 -0.0070000000000014495 0.030
0.00889999999981228 0.015000000000000568 0.030
0.009090000000014697 -0.06099999999999994 0.029
0.010880000000270229 0.06400000000000006 0.031
0.008579999999710708 0.0030000000000001137 0.030
0.008609999999862339 -0.08500000000000085 0.032
0.014180000000123982 0.060000000000002274 0.039
0.008580000000165455 -0.005000000000002558 0.040
0.00856999999996333 0.0990000000000002 0.037
0.6718599999999242 -0.08899999999999864 0.032
0.015370000000075379 0.08800000000000097 0.030
0.00864000000001397 -0.0259999999999998 0.028
0.008579999999710708 -0.08699999999999974 0.025
0.008620000000064465 0.10499999999999687 0.027
0.008620000000064465 0.01600000000000179 0.029
0.008610000000317086 -0.03500000000000014 0.030
0.008779999999660504 0.0030000000000001137 0.029
0.008650000000216096 0.04899999999999949 0.028
0.008609999999862339 -0.015999999999998238 0.025
0.010839999999916472 -0.02400000000000091 0.024
0.008620000000064465 0.03200000000000003 0.027
0.0086700000001656 0.03599999999999781 0.028
0.00860000000011496 0.0010000000000012221 0.026
0.008639999999559222 0.045000000000001705 0.027
0.00864000000001397 -0.006000000000000227 0.027
0.00948000000016691 -0.036000000000001364 0.029
0.008580000000165455 0.004999999999999005 0.029
0.008579999999710708 -0.04499999999999815 0.026
0.008580000000165455 0.07399999999999807 0.027
0.008609999999862339 -0.0259999999999998 0.028
0.008589999999912834 -0.01799999999999713 0.027
0.013260000000173022 0.00999999999999801 0.027
0.038469999999961146 0.12399999999999878 0.034
0.008980000000065047 -0.1479999999999997 0.040
0.015210000000024593 0.10900000000000176 0.035
0.00860000000011496 -0.019000000000001904 0.032
0.008609999999862339 0.11899999999999977 0.040
0.008580000000165455 -0.01899999999999835 0.039
0.008599999999660213 -0.053999999999998494 0.037
0.013510000000223954 -0.12900000000000134 0.038
0.008559999999761203 0.08899999999999864 0.040
0.00860000000011496 0.022000000000002018 0.045
0.66208000000006 -0.15600000000000236 0.028
0.008629999999811844 -0.05299999999999727 0.025
0.008630000000266591 -0.07200000000000273 0.027
0.008620000000064465 0.020000000000003126 0.028
0.008609999999862339 -0.013000000000001677 0.025
0.008659999999963475 -0.01699999999999946 0.028
0.009100000000216824 -0.013000000000001677 0.026
0.008609999999862339 -0.006000000000000227 0.029
0.008620000000064465 -0.04399999999999693 0.031
0.00860000000011496 0.06299999999999883 0.028
0.008619999999609718 -0.036999999999999034 0.030
0.008650000000216096 0.06599999999999895 0.025
0.008839999999963766 0.04499999999999815 0.025
0.0223599999999351 -0.04399999999999693 0.029
0.0086700000001656 0.010999999999999233 0.025
0.008609999999862339 0.03200000000000003 0.027
0.011240000000270811 -0.013000000000001677 0.024
0.008589999999912834 0.010999999999999233 0.025
0.023760000000038417 -0.006000000000000227 0.026
0.008599999999660213 0.0660000000000025 0.031
0.008610000000317086 -0.0070000000000014495 0.029
0.008599999999660213 -0.12399999999999878 0.031
0.009860000000116997 0.0779999999999994 0.031
0.00860000000011496 -0.03500000000000014 0.029
0.008839999999963766 0.08899999999999864 0.026
0.008620000000064465 -0.019999999999999574 0.029
0.008609999999862339 0.04400000000000048 0.025
0.008609999999862339 0.0 0.028
0.008620000000064465 0.010999999999999233 0.024
0.008590000000367581 -0.006000000000000227 0.024
0.009059999999863066 0.052000000000003155 0.028
0.008550000000013824 -0.022000000000002018 0.030
0.008589999999912834 -0.012000000000000455 0.033
0.00864000000001397 0.019000000000001904 0.030
0.008629999999811844 -0.030000000000001137 0.032
0.008590000000367581 0.08999999999999986 0.036
0.6991499999999178 -0.04100000000000037 0.036
0.008599999999660213 -0.015000000000000568 0.033
0.008590000000367581 0.062000000000001165 0.035
0.00864000000001397 -0.030999999999998806 0.034
0.008609999999862339 -0.04400000000000048 0.032
0.019629999999779102 0.047999999999998266 0.033
0.00860000000011496 -0.09199999999999875 0.034
0.00860000000011496 0.20899999999999963 0.034
0.00860000000011496 -0.09299999999999997 0.029
0.008669999999710853 0.022999999999999687 0.032
0.00860000000011496 -0.027999999999998693 0.033
0.009019999999964057 -0.09299999999999997 0.030
0.009239999999863358 -0.12300000000000111 0.031
0.00860000000011496 0.012000000000000455 0.029
0.00860000000011496 0.03500000000000014 0.029
0.02680000000009386 -0.04800000000000182 0.028
0.008589999999912834 -0.16399999999999793 0.029
0.06451000000015483 0.2079999999999984 0.031
0.008589999999912834 -0.04100000000000037 0.029
0.008609999999862339 0.028000000000002245 0.032
0.00860000000011496 -0.03100000000000236 0.032
0.00860000000011496 -0.12399999999999878 0.031
0.008539999999811698 -0.08399999999999963 0.029
0.8030699999999342 0.38500000000000156 0.035
0.008609999999862339 -0.10300000000000153 0.031
0.00864000000001397 0.10600000000000165 0.032
0.008610000000317086 -0.1960000000000015 0.034
0.014769999999771244 -0.09499999999999886 0.035
0.00878999999986263 0.2789999999999999 0.036
0.008810000000266882 -0.2170000000000023 0.037
0.06626000000005661 0.22100000000000009 0.038
0.012499999999818101 0.08399999999999963 0.040
0.00874999999996362 0.04900000000000304 0.036
0.750919999999951 -0.3470000000000013 0.031
0.02062000000023545 -0.004000000000001336 0.030
0.010679999999865686 0.004000000000001336 0.027
0.010920000000169239 0.0030000000000001137 0.026
0.00874999999996362 0.05600000000000094 0.025
0.012920000000121945 0.027999999999998693 0.022
0.00874999999996362 -0.018000000000000682 0.023
0.008739999999761494 0.0070000000000014495 0.022
0.00874999999996362 0.022999999999999687 0.023
0.012180000000171276 0.013999999999999346 0.023
0.008760000000165746 -0.027000000000001023 0.023
0.008779999999660504 0.004000000000001336 0.024
0.008769999999913125 -0.022999999999999687 0.025
0.07444000000032247 0.03200000000000003 0.025
0.008759999999710999 0.03399999999999892 0.028
0.00871000000006461 -0.009000000000000341 0.027
0.008790000000317377 0.0660000000000025 0.026
0.008759999999710999 -0.0400000000000027 0.026
0.00874999999996362 0.03500000000000014 0.030
0.7590900000000147 -0.13599999999999923 0.029
0.00871000000006461 0.10000000000000142 0.034
0.008769999999913125 -0.06800000000000139 0.031
0.00874999999996362 0.12300000000000111 0.031
0.008770000000367872 -0.05799999999999983 0.032
0.029139999999642896 0.17099999999999937 0.027
0.00874999999996362 0.015000000000000568 0.027
0.008760000000165746 -0.01600000000000179 0.027
0.008740000000216241 -0.02400000000000091 0.028
0.008779999999660504 0.006000000000000227 0.029
0.00874999999996362 -0.04999999999999716 0.029
0.009649999999965075 -0.06400000000000006 0.026
0.056930000000193104 -0.17600000000000193 0.025
0.01886000000013155 -0.062000000000001165 0.025
0.008769999999913125 -0.0799999999999983 0.024
0.8278799999998228 0.2519999999999989 0.031
0.02628000000004249 0.013999999999999346 0.030
0.01749999999992724 0.08300000000000196 0.030
0.13003000000026077 -0.004000000000001336 0.031
0.7595499999997628 -0.11799999999999855 0.023
0.014450000000124419 -0.01699999999999946 0.024
0.008720000000266737 -0.03200000000000003 0.022
0.00871999999981199 0.006000000000000227 0.022
0.008730000000014115 -0.06800000000000139 0.022
0.008739999999761494 0.022000000000002018 0.022
0.008720000000266737 -0.053000000000000824 0.025
0.014699999999720603 0.05699999999999861 0.024
0.008780000000115251 0.04200000000000159 0.024
0.00874999999996362 -0.004000000000001336 0.025
0.008800000000064756 0.0030000000000001137 0.024
0.00871000000006461 0.027000000000001023 0.025
0.014659999999821594 0.023999999999997357 0.026
0.02164000000038868 -0.00999999999999801 0.029
0.008759999999710999 0.019999999999999574 0.030
0.008740000000216241 0.04100000000000037 0.029
0.033770000000004075 -0.054999999999999716 0.025
0.8182199999996556 0.17999999999999972 0.028
0.009890000000268628 -0.038000000000000256 0.028
0.008739999999761494 0.02499999999999858 0.028
0.010650000000168802 0.0030000000000001137 0.028
0.019539999999778956 0.06300000000000239 0.033
0.04274000000032174 -0.04400000000000048 0.030
0.9820199999999204 -0.14700000000000202 0.030
0.008760000000165746 0.0259999999999998 0.031
0.03357999999980166 0.054000000000002046 0.031
0.010749999999916326 0.0 0.029
0.00937000000021726 0.021000000000000796 0.032
0.008769999999913125 -0.10999999999999943 0.033
0.012479999999868596 0.12799999999999656 0.034
2.904370000000199 -0.10999999999999943 0.033
0.008559999999761203 0.028000000000002245 0.033
0.00856999999996333 -0.04899999999999949 0.033
0.008650000000216096 0.03999999999999915 0.032
0.008620000000064465 0.0519999999999996 0.033
0.008579999999710708 0.028999999999999915 0.032
0.011260000000220316 -0.03900000000000148 0.036
0.008580000000165455 -0.10299999999999798 0.033
0.07522999999991953 0.05000000000000071 0.036
0.015910000000076252 -0.09299999999999997 0.035
0.7700499999996282 -0.027000000000001023 0.023
0.008590000000367581 0.030000000000001137 0.023
0.008609999999862339 -0.0400000000000027 0.022
0.019729999999981374 0.018000000000000682 0.024
0.008629999999811844 0.019999999999999574 0.025
0.00860000000011496 -0.029999999999997584 0.022
0.019310000000132277 0.03499999999999659 0.022
0.008620000000064465 -0.019999999999999574 0.023
0.008579999999710708 0.01600000000000179 0.023
0.00860000000011496 0.012999999999998124 0.025
0.008589999999912834 0.03200000000000003 0.025
0.008620000000064465 -0.006000000000000227 0.024
0.011750000000120053 -0.022999999999999687 0.023
0.008559999999761203 -0.003999999999997783 0.023
0.00856000000021595 0.036999999999999034 0.025
0.008609999999862339 -0.030999999999998806 0.024
0.008650000000216096 0.004999999999999005 0.028
0.013419999999769061 -0.027999999999998693 0.029
0.0086700000001656 0.03500000000000014 0.028
0.935989999999947 0.06099999999999994 0.026
0.00874999999996362 -0.05799999999999983 0.024
0.009379999999964639 0.004999999999999005 0.025
0.8641299999999319 -0.021000000000000796 0.030
0.011960000000271975 0.030000000000001137 0.030
0.00871000000006461 -0.022999999999999687 0.029
0.008769999999913125 0.03200000000000003 0.029
0.00878999999986263 0.054999999999999716 0.029
0.008949999999913416 -0.05000000000000071 0.028
0.00874999999996362 0.03300000000000125 0.028
0.008790000000317377 -0.009000000000000341 0.029
0.008779999999660504 0.06400000000000006 0.029
0.010279999999966094 -0.0030000000000001137 0.028
0.008780000000115251 -0.005000000000002558 0.029
0.00878999999986263 -0.003999999999997783 0.027
0.008760000000165746 0.0019999999999988916 0.029
0.011190000000169675 -0.0070000000000014495 0.028
0.009299999999711872 0.0400000000000027 0.028
0.008700000000317232 -0.018000000000000682 0.028
0.008730000000014115 -0.018000000000000682 0.030
0.008759999999710999 -0.0030000000000001137 0.031
0.02397000000019034 0.09100000000000108 0.032
0.008739999999761494 -0.06099999999999994 0.030
0.8630200000002333 -0.2579999999999991 0.028
0.008739999999761494 0.06199999999999761 0.030
0.00871000000006461 -0.021000000000000796 0.028
0.00874999999996362 0.09600000000000009 0.029
0.00874999999996362 -0.0030000000000001137 0.028
0.009170000000267464 -0.05699999999999861 0.025
0.00867999999991298 0.06500000000000128 0.029
0.9792999999999665 0.1819999999999986 0.037
0.008800000000064756 -0.07499999999999929 0.034
0.009939999999915017 -0.04100000000000037 0.030
0.008769999999913125 -0.04100000000000037 0.029
0.00874999999996362 -0.019999999999999574 0.031
0.008910000000014406 -0.13299999999999912 0.036
0.019530000000031578 -0.021000000000000796 0.031
0.008740000000216241 -0.030999999999998806 0.034
0.10039000000006126 0.08599999999999852 0.034
0.008730000000014115 -0.05699999999999861 0.032
0.014349999999922147 -0.15000000000000213 0.030
0.7473899999999958 0.2959999999999994 0.028
0.008769999999913125 0.03200000000000003 0.027
0.00878999999986263 0.10900000000000176 0.028
0.010690000000067812 -0.019000000000001904 0.029
0.01614000000017768 -0.03200000000000003 0.026
0.020469999999932043 0.054000000000002046 0.027
0.010659999999916181 0.01899999999999835 0.029
0.008720000000266737 -0.030999999999998806 0.027
0.009349999999813008 -0.010000000000001563 0.028
0.008780000000115251 -0.012999999999998124 0.030
0.008769999999913125 0.021000000000000796 0.030
0.00874999999996362 -0.01699999999999946 0.029
0.00900999999976193 0.02499999999999858 0.030
0.00871000000006461 -0.027999999999998693 0.029
0.008740000000216241 0.03399999999999892 0.029
0.00874999999996362 -0.027999999999998693 0.029
0.902299999999741 -0.12300000000000111 0.027
0.008780000000115251 0.038999999999997925 0.027
0.008810000000266882 -0.06199999999999761 0.027
0.011539999999968131 0.0470000000000006 0.026
0.008759999999710999 -0.017000000000003013 0.031
0.00874999999996362 -0.07199999999999918 0.035
0.008800000000064756 0.04400000000000048 0.027
0.008760000000165746 0.045000000000001705 0.031
0.008769999999913125 -0.08999999999999986 0.027
0.08887000000004264 0.13999999999999702 0.041
0.00871999999981199 0.05799999999999983 0.038
8.736990000000333 -0.18799999999999883 0.028
0.008730000000014115 -0.006999999999997897 0.028
0.00871999999981199 0.03599999999999781 0.026
0.008769999999913125 -0.0470000000000006 0.024
0.00871000000006461 0.07700000000000173 0.028
0.00874999999996362 -0.06700000000000017 0.031
0.01456000000007407 0.05000000000000071 0.026
0.9261400000000322 0.18599999999999994 0.026
0.008769999999913125 0.053999999999998494 0.027
0.010580000000118162 0.027000000000001023 0.029
0.008739999999761494 -0.009000000000000341 0.030
0.015760000000227592 -0.21999999999999886 0.026
0.008760000000165746 0.2079999999999984 0.030
0.008759999999710999 -0.08200000000000074 0.028
0.008760000000165746 -0.053000000000000824 0.030
0.00874999999996362 -0.046999999999997044 0.026
0.008780000000115251 -0.019999999999999574 0.026
0.009309999999913998 -0.10000000000000142 0.024
0.008769999999913125 0.06299999999999883 0.024
0.009379999999964639 -0.06400000000000006 0.025
0.8488200000001598 0.11500000000000199 0.028
0.00871999999981199 -0.0020000000000024443 0.027
0.010450000000219006 0.03100000000000236 0.027
0.008769999999913125 -0.02400000000000091 0.027
0.008760000000165746 0.02499999999999858 0.028
0.008709999999609863 -0.04199999999999804 0.026
0.008760000000165746 0.0470000000000006 0.026
0.008699999999862484 0.04400000000000048 0.028
0.011899999999968713 -0.038000000000000256 0.024
0.008780000000115251 0.04199999999999804 0.024
0.00874999999996362 -0.02400000000000091 0.024
0.008769999999913125 -0.03200000000000003 0.020
0.009420000000318396 0.06800000000000139 0.023
0.008759999999710999 -0.03500000000000014 0.021
0.008760000000165746 0.036999999999999034 0.023
0.008730000000014115 0.010000000000001563 0.023
0.00930000000016662 -0.022999999999999687 0.021
0.008739999999761494 0.06899999999999906 0.025
0.009890000000268628 0.021999999999998465 0.024
1.8415799999997944 -0.1839999999999975 0.035
0.012600000000020373 0.12399999999999878 0.036
0.010159999999814318 0.03500000000000014 0.035
0.008730000000014115 -0.013999999999999346 0.031
0.00874999999996362 -0.01699999999999946 0.032
0.008720000000266737 0.0990000000000002 0.034
0.011219999999866559 -0.125 0.029
0.008720000000266737 0.015999999999998238 0.027
0.008769999999913125 -0.019999999999999574 0.025
0.00871999999981199 -0.004999999999999005 0.024
0.009500000000116415 -0.060000000000002274 0.023
0.018430000000080327 -0.038999999999997925 0.022
0.011829999999918073 -0.0010000000000012221 0.021
0.010809999999764841 -0.021999999999998465 0.021
0.008760000000165746 -0.05000000000000071 0.022
0.012540000000171858 0.015000000000000568 0.022
0.008739999999761494 -0.0259999999999998 0.023
0.9221499999998741 0.16199999999999903 0.030
0.009620000000268192 -0.0730000000000004 0.027
0.009270000000014988 0.09799999999999898 0.029
0.00874999999996362 0.0030000000000001137 0.031
0.008760000000165746 -0.10699999999999932 0.033
0.009529999999813299 0.08099999999999952 0.030
0.00874999999996362 -0.003999999999997783 0.031
0.07697000000007392 0.14000000000000057 0.030
4.785019999999804 -0.021000000000000796 0.035
0.00874999999996362 -0.07499999999999929 0.040
0.008770000000367872 0.07099999999999795 0.039
0.008769999999913125 -0.19299999999999784 0.041
0.035530000000107975 0.0779999999999994 0.033
0.9307599999997365 -0.08200000000000074 0.030
0.00963000000001557 0.0990000000000002 0.031
0.01301999999986947 0.036999999999999034 0.032
0.00874999999996362 -0.0470000000000006 0.031
0.019540000000233704 -0.06799999999999784 0.030
0.00874999999996362 0.04100000000000037 0.031
0.014299999999821011 0.06400000000000006 0.030
0.008740000000216241 -0.028999999999999915 0.030
0.013289999999869906 0.045999999999999375 0.026
0.008790000000317377 0.02499999999999858 0.025
0.008759999999710999 -0.009000000000000341 0.024
0.008720000000266737 -0.01699999999999946 0.025
0.00874999999996362 -0.018000000000000682 0.026
0.008849999999711144 -0.12099999999999866 0.023
0.8712600000003476 -0.129999999999999 0.033
0.00874999999996362 0.01899999999999835 0.036
0.008779999999660504 -0.021999999999998465 0.034
0.009289999999964493 0.0799999999999983 0.034
0.008760000000165746 -0.013999999999999346 0.030
0.00874999999996362 0.03900000000000148 0.030
0.008730000000014115 -0.052000000000003155 0.031
0.00871000000006461 0.03200000000000003 0.032
0.008739999999761494 0.027000000000001023 0.026
0.009270000000014988 0.013999999999999346 0.028
0.008760000000165746 -0.11599999999999966 0.035
0.008730000000014115 0.038000000000000256 0.033
0.009070000000065193 0.038000000000000256 0.033
0.00874999999996362 0.0259999999999998 0.031
0.008699999999862484 0.012000000000000455 0.034
0.009550000000217551 0.010999999999999233 0.030
1.044579999999769 -0.06899999999999906 0.030
1.8157100000003084 0.02400000000000091 0.033
0.008769999999913125 -0.0020000000000024443 0.034
0.044280000000071595 0.005000000000002558 0.031
0.1479500000000371 0.1319999999999979 0.030
0.008759999999710999 0.010999999999999233 0.030
0.770980000000236 0.15399999999999991 0.032
0.008809999999812135 -0.06199999999999761 0.030
0.009190000000216969 -0.009000000000000341 0.029
0.00871000000006461 0.006000000000000227 0.028
0.00874999999996362 0.01699999999999946 0.029
0.031379999999899155 -0.17099999999999937 0.027
0.008730000000014115 0.019999999999999574 0.028
0.00874999999996362 -0.08899999999999864 0.027
0.009439999999813153 -0.21600000000000108 0.023
0.008760000000165746 -0.009000000000000341 0.022
0.00874999999996362 0.07399999999999807 0.023
0.11049999999977445 0.14300000000000068 0.027
0.008750000000418368 0.04100000000000037 0.028
0.00874999999996362 -0.015000000000000568 0.027
0.7683699999997771 0.08600000000000207 0.031
0.008760000000165746 0.0 0.029
0.008769999999913125 0.05000000000000071 0.033
0.00878999999986263 0.05999999999999872 0.033
0.13174000000026354 0.030999999999998806 0.030
0.008759999999710999 -0.012000000000000455 0.030
9.905340000000251 -0.22299999999999898 0.024
2.9967200000000958 0.05600000000000094 0.025
11.953899999999976 -0.14700000000000202 0.036
12.965609999999742 -0.023999999999997357 0.029
2.008360000000266 0.23199999999999932 0.027
4.009479999999712 -0.13599999999999923 0.032
10.992749999999887 0.0019999999999988916 0.042
11.003250000000207 0.08099999999999952 0.052
137.3730700000001 0.18799999999999883 0.045
3.0021099999999024 -0.18499999999999872 0.031
16.95649000000003 -0.08299999999999841 0.035
9.01310999999987 0.10699999999999932 0.028
8.039450000000215 0.1460000000000008 0.037
11.928249999999935 -0.04100000000000037 0.039
10.995390000000043 -0.16300000000000026 0.030
2.9825000000000728 -0.04800000000000182 0.029
6.902360000000044 0.22800000000000153 0.054
8.997849999999744 0.05600000000000094 0.041
13.913440000000264 -0.3470000000000013 0.045
0.009119999999711581 -0.12099999999999866 0.038
0.009399999999914144 0.14099999999999824 0.038
0.010850000000118598 0.053000000000000824 0.043
0.010240000000067084 -0.14700000000000202 0.039
0.06898000000001048 0.20200000000000173 0.033
0.06494999999995343 0.05900000000000105 0.029
0.04728000000022803 0.07599999999999696 0.035
0.03657999999995809 0.036000000000001364 0.033
0.009889999999813881 -0.036999999999999034 0.033
0.009070000000065193 -0.23600000000000065 0.029
0.021609999999782303 0.24299999999999855 0.041
0.8214700000003177 -0.13599999999999923 0.038
1.0221699999997327 0.19399999999999906 0.035
0.8514100000002145 -0.41199999999999903 0.044
0.02448000000003958 0.010000000000001563 0.043
0.020799999999780994 0.04299999999999926 0.038
0.009509999999863794 0.02400000000000091 0.033
0.008930000000418659 0.11499999999999844 0.036
0.010129999999662687 -0.036999999999999034 0.034
0.009180000000014843 0.013999999999999346 0.036
0.009710000000268337 0.010000000000001563 0.038
0.00900999999976193 0.053999999999998494 0.036
0.010650000000168802 -0.05099999999999838 0.034
0.011779999999816937 0.0799999999999983 0.037
0.009010000000216678 -0.0470000000000006 0.033
0.0872799999997369 0.06899999999999906 0.038
8.762940000000071 -0.12199999999999989 0.042
0.015859999999975116 0.03400000000000247 0.031
0.009210000000166474 0.0 0.037
0.013289999999869906 0.03999999999999915 0.033
0.009109999999964202 -0.02499999999999858 0.033
0.008929999999963911 0.004999999999999005 0.037
0.010299999999915599 -0.009000000000000341 0.034
0.009120000000166328 0.03399999999999892 0.032
0.018550000000232103 0.021000000000000796 0.033
0.03874999999970896 0.036000000000001364 0.031
5.095589999999902 -0.06099999999999994 0.028
4.772960000000239 0.01699999999999946 0.033
2.032169999999951 0.019999999999999574 0.033
1.9812299999998686 0.08399999999999963 0.033
2.0180900000000292 -0.21499999999999986 0.030
5.913660000000164 0.3049999999999997 0.079
0.017699999999877036 -0.16199999999999903 0.068
0.008920000000216532 0.03399999999999892 0.071
0.008919999999761785 -0.15700000000000003 0.057
0.010620000000017171 0.07199999999999918 0.074
0.006940000000213331 0.0 0.073
0.008849999999711144 -0.05799999999999983 0.059
0.009060000000317814 0.022000000000002018 0.084
0.009029999999711436 -0.08500000000000085 0.071
0.008980000000065047 0.0730000000000004 0.074
0.010119999999915308 -0.08399999999999963 0.066
0.008920000000216532 -0.04100000000000037 0.063
0.00900999999976193 0.045999999999999375 0.067
5.092250000000149 0.19200000000000017 0.042
0.7909700000000157 -0.03399999999999892 0.041
0.023889999999937572 -0.030000000000001137 0.032
0.008960000000115542 -0.03200000000000003 0.028
0.008960000000115542 -0.027999999999998693 0.026
0.01069999999981519 -0.0259999999999998 0.025
0.008879999999862775 -0.04800000000000182 0.024
0.008820000000014261 0.07400000000000162 0.025
0.008940000000166037 -0.06900000000000261 0.026
0.008989999999812426 0.019999999999999574 0.026
0.017800000000079308 -0.04399999999999693 0.028
0.009039999999913562 0.07599999999999696 0.026
0.008950000000368163 0.017000000000003013 0.027
0.010469999999713764 -0.017000000000003013 0.026
0.009129999999913707 0.04600000000000293 0.027
0.008860000000368018 -0.011000000000002785 0.030
0.009729999999763095 -0.01899999999999835 0.027
0.009730000000217842 0.05799999999999983 0.028
0.008809999999812135 -0.04400000000000048 0.027
0.010659999999916181 -0.04199999999999804 0.024
0.008920000000216532 0.06400000000000006 0.027
0.00889999999981228 0.007999999999999119 0.031
0.009100000000216824 -0.0070000000000014495 0.030
0.010539999999764404 0.0519999999999996 0.031
0.008820000000014261 -0.036999999999999034 0.032
0.008810000000266882 -0.03399999999999892 0.037
0.013549999999668216 -0.04800000000000182 0.040
3.946310000000267 0.0010000000000012221 0.031
3.988800000000083 0.24399999999999977 0.028
1.0970699999998033 -0.062000000000001165 0.029
1.648239999999987 -0.24899999999999878 0.045
0.008969999999862921 0.16600000000000037 0.042
0.009199999999964348 -0.11599999999999966 0.036
0.008960000000115542 0.0329999999999977 0.038
0.009039999999913562 0.0470000000000006 0.033
0.019060000000081345 0.05900000000000105 0.032
0.009140000000115833 0.03200000000000003 0.035
0.010069999999814172 -0.05600000000000094 0.031
0.008990000000267173 0.005000000000002558 0.030
0.00900999999976193 0.06299999999999883 0.030
0.008960000000115542 -0.019999999999999574 0.030
0.014459999999871798 -0.006000000000000227 0.028
0.009039999999913562 -0.013999999999999346 0.030
0.009250000000065484 -0.030000000000001137 0.028
0.009060000000317814 0.05900000000000105 0.028
0.010339999999814609 -0.0010000000000012221 0.029
0.009610000000066066 0.022999999999999687 0.028
0.009739999999965221 0.010000000000001563 0.029
0.009990000000016153 0.0009999999999976694 0.027
0.009279999999762367 -0.0259999999999998 0.030
0.008900000000267028 0.0020000000000024443 0.029
0.009839999999712745 -0.012000000000000455 0.029
0.008950000000368163 0.0519999999999996 0.028
0.009019999999964057 -0.007999999999999119 0.029
0.009039999999913562 -0.020000000000003126 0.030
0.009189999999762222 -0.015999999999998238 0.029
0.0092200000003686 0.04400000000000048 0.030
0.009029999999711436 0.022999999999999687 0.032
0.010240000000067084 -0.030999999999998806 0.029
0.008969999999862921 0.029999999999997584 0.030
0.009040000000368309 0.010999999999999233 0.030
0.006859999999960564 -0.09199999999999875 0.040
0.008989999999812426 0.053000000000000824 0.043
0.011410000000068976 0.13100000000000023 0.048
0.008839999999963766 -0.125 0.045
0.00889999999981228 0.07699999999999818 0.041
0.00911000000041895 -0.021999999999998465 0.048
0.009729999999763095 -0.028000000000002245 0.048
0.008960000000115542 0.18900000000000006 0.051
0.011009999999714637 -0.1739999999999995 0.045
0.9043200000000979 -0.15199999999999747 0.039
1.7150900000001457 -0.08699999999999974 0.057
2.00028999999995 0.045999999999999375 0.055
0.00941000000011627 0.13700000000000045 0.048
0.008890000000064902 0.0799999999999983 0.048
0.024019999999836728 -0.22799999999999798 0.035
0.0066700000002128945 0.18799999999999883 0.045
0.009199999999964348 0.047999999999998266 0.039
0.009990000000016153 -0.13299999999999912 0.034
0.009069999999610445 0.0730000000000004 0.039
0.009420000000318396 -0.0030000000000001137 0.033
0.00886999999966065 0.007999999999999119 0.034
0.019100000000435102 0.04899999999999949 0.033
0.008839999999963766 -0.01699999999999946 0.034
0.00904999999966094 -0.015999999999998238 0.034
0.009100000000216824 -0.1039999999999992 0.033
0.009000000000014552 0.08599999999999852 0.033
0.010379999999713618 -0.030000000000001137 0.032
0.008910000000014406 -0.004999999999999005 0.032
0.012799999999970169 -0.06099999999999994 0.029
0.015260000000125729 -0.05099999999999838 0.027
0.009010000000216678 -0.030000000000001137 0.029
0.008849999999711144 0.003999999999997783 0.027
0.008970000000317668 -0.03999999999999915 0.025
0.011919999999918218 0.009000000000000341 0.024
0.009079999999812571 0.04800000000000182 0.026
0.009900000000016007 -0.043000000000002814 0.025
0.008820000000014261 0.010000000000001563 0.026
0.009570000000167056 -0.030000000000001137 0.025
0.008980000000065047 0.04200000000000159 0.030
0.009129999999913707 -0.013000000000001677 0.029
0.008919999999761785 0.012000000000000455 0.029
0.00955999999996493 -0.009000000000000341 0.029
0.009180000000014843 -0.015000000000000568 0.028
0.009310000000368746 0.019000000000001904 0.032
0.012699999999767897 -0.054000000000002046 0.031
0.009170000000267464 0.052000000000003155 0.034
0.009219999999913853 -0.013000000000001677 0.039
3.640019999999822 0.053999999999998494 0.043
0.011330000000270957 -0.01899999999999835 0.042
0.1375399999997171 0.1769999999999996 0.034
0.009329999999863503 -0.07199999999999918 0.029
0.009050000000115688 0.015999999999998238 0.031
0.009360000000015134 0.027000000000001023 0.032
0.010110000000167929 0.0030000000000001137 0.031
0.009149999999863212 -0.07600000000000051 0.030
0.009129999999913707 0.022999999999999687 0.032
0.01036999999996624 0.05799999999999983 0.034
0.009080000000267319 0.030000000000001137 0.035
0.010600000000067666 0.009000000000000341 0.032
0.008849999999711144 -0.021000000000000796 0.037
7.912780000000112 -0.2259999999999991 0.035
3.0100000000002183 -0.06800000000000139 0.033
4.070859999999811 0.34800000000000253 0.032
2.944680000000062 -0.04200000000000159 0.032
2.0543400000001384 -0.29499999999999815 0.026
2.8025399999996807 0.2759999999999998 0.035
2.0358100000003105 -0.14700000000000202 0.028
2.0277499999997417 0.13899999999999935 0.030
1.9234599999999773 -0.04899999999999949 0.104
8.056710000000294 -0.1269999999999989 0.038
9.968439999999646 -0.08800000000000097 0.027
5.030150000000049 0.12300000000000111 0.029
10.93116000000009 0.1609999999999978 0.066
3.016610000000128 0.037000000000002586 0.052
6.010600000000068 0.08699999999999974 0.052
3.978139999999712 -0.2989999999999995 0.056
4.074990000000071 0.030999999999998806 0.035
10.929410000000189 -0.05900000000000105 0.071
128.40445999999974 0.1769999999999996 0.039
4.997969999999896 -0.11499999999999844 0.031
12.983040000000074 0.0710000000000015 0.028
9.909090000000106 -0.11100000000000065 0.063
0.01782999999977619 -0.0070000000000014495 0.067
0.015930000000025757 -0.05099999999999838 0.065
0.022290000000339205 0.09399999999999764 0.077
0.011959999999817228 0.012000000000000455 0.070
0.01566000000002532 -0.02400000000000091 0.073
0.014680000000225846 0.008000000000002672 0.075
0.023309999999582942 0.06700000000000017 0.068
0.010630000000219297 0.053999999999998494 0.075
0.008850000000165892 -0.04100000000000037 0.088
8.970550000000003 -0.030999999999998806 0.029
12.876399999999649 -0.1509999999999998 0.026
5.018530000000283 0.12199999999999989 0.037
6.989900000000034 -0.129999999999999 0.025
3.1514099999999416 0.125 0.039
6.856699999999819 0.054999999999999716 0.030
3.9846299999999246 -0.18700000000000117 0.028
12.93623000000025 0.036000000000001364 0.030
1.9912399999998343 0.18900000000000006 0.026
1.8855499999999665 -0.021000000000000796 0.053
2.101820000000316 -0.10099999999999909 0.026
2.1050999999997657 0.1319999999999979 0.033
3.7633999999998196 -0.4089999999999989 0.041
2.0085000000003674 0.28999999999999915 0.030
12.063089999999647 0.1039999999999992 0.034
1.9425700000001598 0.07000000000000028 0.039
2.0018700000000536 -0.2339999999999982 0.035
1.2437300000001414 0.04400000000000048 0.031
1.778599999999642 -0.09600000000000009 0.027
1.065440000000308 -0.09100000000000108 0.023
1.1146699999999328 0.2680000000000007 0.033
0.894839999999931 -0.03400000000000247 0.029
1.094079999999849 -0.11299999999999955 0.034
1.8982800000003408 0.04800000000000182 0.032
4.990659999999934 0.19399999999999906 0.037
4.130200000000059 0.053999999999998494 0.050
4.696419999999762 -0.2359999999999971 0.044
2.018790000000081 0.03999999999999915 0.040
1.2304800000001705 -0.05799999999999983 0.030
1.7715899999998328 -0.013000000000001677 0.035
2.0364700000000084 -0.038000000000000256 0.032
2.0761200000001736 0.27800000000000225 0.029
6.922439999999824 -0.13800000000000168 0.030
1.9978500000001986 0.1039999999999992 0.038
0.011949999999615102 0.043000000000002814 0.040
0.037070000000312575 0.05299999999999727 0.033
0.9003199999997378 -0.36799999999999855 0.036
0.012420000000020082 -0.021999999999998465 0.035
0.028540000000248256 0.1369999999999969 0.033
0.020899999999983265 0.08100000000000307 0.033
0.021600000000034925 -0.03200000000000003 0.030
0.019729999999981374 -0.0030000000000001137 0.033
0.036609999999654974 -0.045000000000001705 0.042
0.015170000000125583 0.05799999999999983 0.039
0.012349999999969441 0.054999999999999716 0.034
0.01871000000028289 0.007999999999999119 0.041
0.02043999999978041 -0.004999999999999005 0.040
0.020860000000084256 -0.006999999999997897 0.049
0.01944999999977881 0.05699999999999861 0.049
0.012529999999969732 0.03999999999999915 0.053
0.014270000000124128 0.054999999999999716 0.056
0.03061999999999898 0.028999999999999915 0.070
0.7441200000002937 -0.5249999999999986 0.036
0.021869999999580614 0.013999999999999346 0.030
0.021930000000338623 0.027999999999998693 0.032
0.037299999999959255 0.018000000000000682 0.037
0.88704000000007 0.1880000000000024 0.040
0.08737999999993917 0.16599999999999682 0.037
0.08356000000003405 -0.24599999999999866 0.031
0.8228699999999662 -0.036999999999999034 0.038
0.2262599999999111 0.2829999999999977 0.038
0.7511399999998503 -0.3539999999999992 0.049
4.025180000000091 -0.023999999999997357 0.040
2.00696999999991 -0.04100000000000037 0.037
1.058480000000145 0.29399999999999693 0.030
0.032180000000153086 -0.07399999999999807 0.027
1.059099999999944 0.120000000000001 0.037
1.0054299999997056 -0.10100000000000264 0.032
0.8583200000002762 0.18700000000000117 0.034
1.0743099999999686 -0.09199999999999875 0.033
1.8882699999999204 -0.015000000000000568 0.037
4.138590000000022 -0.06700000000000017 0.040
2.0355500000000575 -0.08599999999999852 0.029
1.9023200000001452 -0.02300000000000324 0.029
4.922990000000027 0.06400000000000006 0.049
8.028829999999743 -0.16499999999999915 0.035
4.075839999999971 0.43900000000000006 0.036
8.963330000000042 -0.054999999999999716 0.051
3.970810000000256 -0.16699999999999804 0.038
3.022609999999986 0.04099999999999682 0.035
9.060569999999643 0.09500000000000242 0.065
4.9672300000002 -0.0940000000000012 0.036
114.31820999999991 -0.07600000000000051 0.042
3.97458000000006 -0.0589999999999975 0.042
2.0099199999999655 0.08799999999999741 0.040
0.9887499999999818 -0.06099999999999994 0.032
8.017659999999978 0.0779999999999994 0.030
3.018239999999878 -0.014999999999997016 0.028
5.920510000000377 -0.09100000000000108 0.040
3.0734599999996135 0.13700000000000045 0.026
2.961530000000039 -0.06500000000000128 0.038
2.9554900000002817 0.013000000000001677 0.034
2.038549999999759 0.19500000000000028 0.039
4.044620000000123 -0.11500000000000199 0.039
2.9732600000002094 -0.0519999999999996 0.027
2.039329999999609 -0.16400000000000148 0.021
1.9323500000000422 0.06400000000000006 0.022
1.9574999999999818 0.16400000000000148 0.024
1.1092400000002272 -0.09600000000000009 0.025
1.920180000000073 0.036999999999999034 0.028
5.038109999999961 -0.14899999999999736 0.029
1.9805099999998674 0.10299999999999798 0.025
1.9604899999999361 0.10099999999999909 0.032
1.106499999999869 -0.134999999999998 0.027
1.8647600000003877 0.12399999999999878 0.031
1.1145199999996294 -0.1739999999999995 0.080
3.878070000000207 0.06700000000000017 0.025
1.0349099999998543 0.1269999999999989 0.030
1.0316400000001522 -0.09399999999999764 0.026
1.0311900000001515 -0.13500000000000156 0.024
0.9176399999996647 0.2510000000000012 0.028
1.0897800000002462 -0.09100000000000108 0.026
0.911529999999857 -0.15399999999999991 0.024
1.0810599999999795 0.2970000000000006 0.029
1.0578300000001946 -0.09799999999999898 0.033
2.003729999999905 -0.0870000000000033 0.029
3.983400000000074 0.054000000000002046 0.034
2.9602599999998347 -0.028000000000002245 0.034
1.9311000000002423 0.13300000000000267 0.034
1.0183799999999792 -0.1460000000000008 0.027
1.8780099999999038 0.03500000000000014 0.036
5.164890000000014 -0.09700000000000131 0.025
2.075460000000021 0.21000000000000085 0.034
0.76270999999997 -0.3260000000000005 0.030
1.1712999999999738 0.09100000000000108 0.023
2.894049999999879 0.2959999999999994 0.030
2.0208999999999833 -0.23600000000000065 0.026
1.9997900000003028 0.08099999999999952 0.031
4.962789999999586 -0.0019999999999988916 0.032
0.1526800000001458 -0.16100000000000136 0.034
0.8506099999999606 0.09299999999999997 0.029
1.0047500000000582 -0.14199999999999946 0.031
3.081209999999828 0.15399999999999991 0.030
2.0706900000000132 0.03200000000000003 0.057
3.9043000000001484 -0.02499999999999858 0.031
0.8093199999998433 0.038000000000000256 0.028
1.1122800000002826 -0.013000000000001677 0.029
1.0208400000001348 -0.06700000000000017 0.023
1.1451199999996788 -0.04499999999999815 0.043
0.8528700000001663 0.16600000000000037 0.033
0.9951799999998912 -0.1440000000000019 0.027
0.9758900000001631 -0.04100000000000037 0.026
1.0775499999999738 0.25700000000000145 0.028
1.0226600000000872 -0.07600000000000051 0.025
0.9270199999996294 -0.2339999999999982 0.020
1.956300000000283 0.13100000000000023 0.023
1.009939999999915 -0.05500000000000327 0.021
3.063709999999901 0.015000000000000568 0.023
1.0097399999999652 0.28600000000000136 0.032
0.9283500000001368 -0.2519999999999989 0.021
2.0514499999999316 0.2629999999999981 0.033
0.9686400000000503 -0.24599999999999866 0.031
0.9578400000000329 -0.0920000000000023 0.022
1.0526199999999335 0.22900000000000276 0.035
7.785539999999855 -0.08800000000000097 0.032
1.058690000000297 -0.006000000000000227 0.038
1.0472799999997733 -0.04299999999999926 0.024
0.15769000000000233 0.120000000000001 0.026
0.7454299999999421 -0.0870000000000033 0.033
0.9675200000001496 0.038000000000000256 0.029
2.1097599999998238 -0.19099999999999895 0.029
1.8918400000002293 0.010999999999999233 0.028
1.054439999999886 0.0940000000000012 0.026
1.089469999999892 0.14300000000000068 0.028
0.9932700000003933 -0.11500000000000199 0.023
1.1231299999999464 0.021000000000000796 0.027
1.8910299999997733 -0.045999999999999375 0.031
2.045050000000174 0.06599999999999895 0.031
0.8337599999999838 -0.21499999999999986 0.031
0.1094199999997727 0.24200000000000088 0.032
0.08750000000009095 -0.01600000000000179 0.039
0.7549199999998564 0.06300000000000239 0.036
0.08664000000044325 -0.2289999999999992 0.028
0.11724999999978536 0.10799999999999699 0.033
5.773920000000089 0.07400000000000162 0.040
0.17740999999978158 -0.13899999999999935 0.027
0.9983099999999467 0.22799999999999798 0.041
5.001260000000002 -0.31400000000000006 0.037
1.0455200000001241 0.06400000000000006 0.027
1.9173100000002705 -0.13100000000000023 0.030
1.986399999999776 0.2950000000000017 0.028
1.0324999999998 -0.13299999999999912 0.025
1.0335900000000038 0.07199999999999918 0.028
0.903320000000349 0.036999999999999034 0.030
1.0279099999997925 -0.15399999999999991 0.033
6.064300000000003 0.2029999999999994 0.036
1.0355399999998554 -0.14999999999999858 0.034
0.9811100000001716 0.3279999999999994 0.056
4.874789999999848 -0.09700000000000131 0.035
1.1037000000001171 0.020000000000003126 0.042
0.9661500000001979 -0.245000000000001 0.032
1.9019399999997404 -0.019999999999999574 0.032
1.1327500000002146 0.05799999999999983 0.036
2.864270000000033 -0.2240000000000002 0.030
3.112799999999879 0.4710000000000001 0.045
2.9868099999998776 -0.17999999999999972 0.039
4.910159999999905 0.05299999999999727 0.037
2.999090000000251 0.011000000000002785 0.035
5.05542000000014 -0.2940000000000005 0.031
2.9829399999998714 0.09100000000000108 0.036
17.946089999999913 0.03999999999999915 0.026
115.37409000000025 0.027999999999998693 0.031
1.9960799999998926 0.1559999999999988 0.037
3.0048400000000584 -0.004999999999999005 0.037
8.006239999999707 -0.2799999999999976 0.020
0.9699399999999514 0.2879999999999967 0.036
3.995589999999993 -0.16399999999999793 0.028
2.9731300000003102 0.08299999999999841 0.039
3.0522900000000845 -0.00999999999999801 0.038
10.002399999999852 -0.07400000000000162 0.024
2.912829999999758 -0.1529999999999987 0.021
2.0506100000002334 0.2629999999999981 0.029
2.012630000000172 0.13400000000000034 0.029
3.020599999999831 -0.21799999999999997 0.022
2.9342799999999443 0.25 0.042
2.033469999999852 -0.3290000000000006 0.024
1.995180000000346 0.15800000000000125 0.029
8.029909999999745 -0.21499999999999986 0.020
1.905880000000252 0.08800000000000097 0.022
1.0129699999997683 0.16000000000000014 0.027
1.9624199999998382 -0.1720000000000006 0.025
1.0197900000002846 0.18100000000000094 0.029
0.996639999999843 -0.12100000000000222 0.029
1.0255799999999908 -0.015999999999998238 0.024
1.9618500000001404 0.11799999999999855 0.027
1.998829999999998 -0.04100000000000037 0.022
0.960149999999885 0.0020000000000024443 0.024
1.017920000000231 -0.19400000000000261 0.027
0.9423299999998562 0.17600000000000193 0.033
14.037220000000161 -0.11299999999999955 0.026
1.0715299999997114 -0.014000000000002899 0.032
1.1216300000000956 0.11400000000000077 0.027
0.9495099999999184 0.11299999999999955 0.025
0.8662100000001374 -0.19699999999999918 0.026
1.0964199999998527 0.2630000000000017 0.031
0.8958499999998821 -0.22000000000000242 0.023
0.9691900000002533 0.01600000000000179 0.024
1.0147499999998217 0.11400000000000077 0.034
2.0437999999999192 -0.16300000000000026 0.023
2.004190000000108 0.04199999999999804 0.029
0.9784700000000157 -0.14199999999999946 0.022
1.0698200000001634 0.3219999999999992 0.030
1.0391199999999117 -0.11399999999999721 0.028
0.86916999999994 -0.11600000000000321 0.032
4.976329999999962 0.05100000000000193 0.041
3.0752299999999195 0.03500000000000014 0.032
0.9572100000000319 -0.1479999999999997 0.022
1.0280400000001464 0.34199999999999875 0.026
1.0044899999998051 -0.1750000000000007 0.020
1.99837000000025 0.10100000000000264 0.026
1.0034700000001067 -0.030000000000001137 0.028
1.9208599999997205 0.030999999999998806 0.028
1.0223500000001877 -0.11700000000000088 0.019
0.9150700000000143 -0.13899999999999935 0.021
7.13083000000006 -0.0009999999999976694 0.022
0.8712999999997919 0.1579999999999977 0.027
1.0032300000002579 -0.21199999999999974 0.025
1.0372899999997571 0.3539999999999992 0.031
4.074990000000071 -0.08699999999999974 0.029
5.125840000000153 -0.07099999999999795 0.037
0.7811699999997472 -0.03900000000000148 0.029
0.9992299999998977 -0.08599999999999852 0.019
1.0344500000001062 0.0259999999999998 0.023
1.0516700000002857 0.12399999999999878 0.035
0.9352899999998954 -0.1789999999999985 0.033
1.012119999999868 0.08800000000000097 0.027
1.007759999999962 0.09699999999999775 0.027
1.8548000000000684 0.07000000000000028 0.034
0.29874000000017986 -0.06899999999999906 0.035
0.8699299999998402 -0.10500000000000043 0.026
0.9013300000001436 -0.04200000000000159 0.021
0.9477799999999661 0.21799999999999997 0.030
1.0406499999999141 -0.11299999999999955 0.032
1.0506799999998293 -0.0470000000000006 0.022
0.9377800000002026 0.1650000000000027 0.035
9.071789999999964 -0.3019999999999996 0.029
1.0399099999999635 0.33399999999999963 0.032
0.8474900000001071 -0.25200000000000244 0.023
0.9750500000000102 0.17900000000000205 0.028
0.023659999999836145 0.10200000000000031 0.028
0.006240000000161672 -0.06800000000000139 0.027
0.033840000000054715 -0.120000000000001 0.026
0.026119999999991705 -0.1039999999999992 0.030
0.027039999999942665 -0.0010000000000012221 0.025
0.02941999999984546 -0.012999999999998124 0.025
0.03254000000015367 0.01699999999999946 0.029
0.05182999999988169 0.0010000000000012221 0.028
0.7880199999999604 0.14300000000000068 0.026
0.06026000000019849 -0.018000000000000682 0.028
0.04709000000002561 0.05699999999999861 0.028
0.07828999999992448 0.04800000000000182 0.028
0.7680500000001302 -0.3290000000000006 0.023
0.07714999999961947 0.07499999999999929 0.022
0.11400000000003274 0.0730000000000004 0.025
0.9454399999999623 -0.13800000000000168 0.021
0.8587600000000748 0.24200000000000088 0.032
0.141950000000179 0.06400000000000006 0.028
0.03251000000000204 -0.004999999999999005 0.028
0.08496999999988475 -0.129999999999999 0.039
0.0438600000002225 -0.22900000000000276 0.038
0.707079999999678 0.1440000000000019 0.028
0.07499000000007072 -0.019999999999999574 0.026
0.10901000000012573 0.13400000000000034 0.023
0.08862999999973908 -0.08999999999999986 0.039
0.7089300000002368 0.0589999999999975 0.049
0.12141999999994368 -0.10299999999999798 0.020
0.052819999999883294 -0.018000000000000682 0.024
0.8238400000000183 0.1479999999999997 0.050
0.16661000000021886 0.14199999999999946 0.029
0.1198699999999917 -0.0940000000000012 0.040
0.02010999999993146 -0.01799999999999713 0.040
0.8687100000001919 -0.03200000000000003 0.022
0.11460999999962951 0.08899999999999864 0.031
0.8757000000000517 -0.3000000000000007 0.021
1.0851000000002387 0.2430000000000021 0.023
2.953549999999723 0.13400000000000034 0.024
0.9839500000002772 -0.16400000000000148 0.024
1.0235399999996844 0.004000000000001336 0.023
1.0759400000001733 -0.11500000000000199 0.027
0.9909999999999854 0.37900000000000134 0.043
0.962210000000141 -0.23000000000000043 0.032
6.948539999999866 -0.010000000000001563 0.031
1.9805999999998676 -0.04100000000000037 0.030
3.9983799999999974 0.004000000000001336 0.026
1.0153399999999237 0.22299999999999898 0.036
0.9805600000004233 -0.3319999999999972 0.026
5.947239999999965 0.0019999999999988916 0.024
3.0016099999998005 -0.05799999999999983 0.027
1.9631600000002436 0.26500000000000057 0.024
1.9779099999996106 0.02499999999999858 0.036
11.966220000000249 -0.04400000000000048 0.037
5.058889999999792 -0.0519999999999996 0.024
1.9984400000003006 0.1789999999999985 0.048
2.9602999999997337 -0.15499999999999758 0.038
4.0318200000001525 -0.0030000000000001137 0.034
6.004069999999956 0.08899999999999864 0.045
1.9812400000000707 0.06400000000000006 0.044
2.0318299999999 -0.5030000000000001 0.041
1.9726099999998041 0.5310000000000024 0.045
3.976810000000114 -0.30200000000000315 0.031
11.005310000000009 0.13800000000000168 0.056
101.35870999999997 -0.11299999999999955 0.034
5.984719999999925 0.018000000000000682 0.036
2.0253200000001925 0.09499999999999886 0.029
2.019560000000183 -0.1490000000000009 0.032
1.9492699999996148 0.06300000000000239 0.030
2.0437700000002224 0.0849999999999973 0.035
2.9672700000000987 0.019000000000001904 0.028
1.9865799999997762 -0.15900000000000247 0.036
2.964050000000043 0.07800000000000296 0.029
1.0002399999998488 0.054999999999999716 0.043
1.0188500000003842 -0.08800000000000097 0.033
1.0594999999998436 -0.10600000000000165 0.027
0.9655800000000454 0.17700000000000315 0.030
1.035309999999754 -0.0710000000000015 0.026
1.9163499999999658 0.07900000000000063 0.033
0.9663600000003498 -0.05799999999999983 0.033
1.0191199999999299 -0.06700000000000017 0.038
1.0076300000000629 0.13700000000000045 0.033
1.085109999999986 -0.028999999999999915 0.030
0.9666600000000471 -0.17800000000000082 0.025
0.9915799999998853 0.26200000000000045 0.031
0.9960900000000947 -0.1509999999999998 0.035
0.9899499999996806 -0.10900000000000176 0.023
1.0018800000002557 0.2740000000000009 0.031
3.03153999999995 0.06299999999999883 0.031
1.0290799999997944 -0.07000000000000028 0.028
0.9177200000003722 -0.2579999999999991 0.020
0.9666399999996429 0.1980000000000004 0.027
1.0031400000002577 -0.10500000000000043 0.026
1.039389999999912 -0.05900000000000105 0.028
0.9629799999997886 0.1750000000000007 0.033
0.9633700000003955 -0.12299999999999756 0.032
1.0648599999999533 -0.08900000000000219 0.030
1.996309999999994 0.1750000000000007 0.026
0.9358199999996941 -0.120000000000001 0.038
1.023830000000089 0.1910000000000025 0.032
0.9390699999999015 -0.18100000000000094 0.032
2.0147100000003775 0.21799999999999997 0.036
1.0463199999999233 -0.13700000000000045 0.026
0.9789999999998145 -0.12199999999999989 0.028
0.171020000000226 0.03399999999999892 0.027
0.8247799999999188 0.17099999999999937 0.033
1.0282400000000962 -0.10999999999999943 0.034
0.9673599999996441 -0.16199999999999903 0.027
0.17174000000022716 0.12600000000000122 0.024
0.8400000000001455 0.10999999999999943 0.038
0.9958099999998922 -0.10800000000000054 0.036
0.965979999999945 -0.10500000000000043 0.032
1.0385400000000118 0.33000000000000185 0.037
0.1505899999997382 -0.25700000000000145 0.028
0.9513200000001234 0.1930000000000014 0.031
2.873579999999947 -0.13700000000000045 0.045
0.18780000000015207 0.16699999999999804 0.044
0.8229000000001179 -0.2530000000000001 0.024
0.18431999999984328 0.03900000000000148 0.025
0.8818300000002637 0.054999999999999716 0.036
0.9549499999998261 0.006999999999997897 0.031
0.1794399999998859 0.0710000000000015 0.044
0.8196400000001631 -0.2220000000000013 0.024
0.944039999999859 0.3450000000000024 0.031
0.17171000000007552 -0.3360000000000021 0.023
0.8434299999998984 -0.045999999999999375 0.035
0.16485000000011496 0.22100000000000009 0.029
0.046159999999872525 0.07000000000000028 0.032
0.7775700000001962 -0.347999999999999 0.029
0.17036999999982072 0.22799999999999798 0.028
0.8180600000000595 0.2190000000000012 0.031
0.168329999999969 -0.3210000000000015 0.020
0.07074999999986176 0.13800000000000168 0.023
0.8247500000002219 -0.013999999999999346 0.025
1.9262100000000828 0.1059999999999981 0.029
0.16676000000006752 -0.2469999999999999 0.025
1.0709099999999125 0.1880000000000024 0.027
0.8487199999999575 -0.03200000000000003 0.022
1.0381999999999607 -0.1410000000000018 0.023
0.868460000000141 0.13100000000000023 0.033
0.9974399999996422 -0.09199999999999875 0.028
0.10526000000027125 0.022999999999999687 0.024
0.16325000000006185 0.19699999999999918 0.033
0.7648799999997209 0.0019999999999988916 0.029
0.163970000000063 -0.15700000000000003 0.024
0.7714599999999336 0.03300000000000125 0.033
0.21763000000009924 0.16499999999999915 0.027
0.07929999999987558 -0.13299999999999912 0.029
0.7436000000002423 -0.1479999999999997 0.028
0.19000000000005457 0.13400000000000034 0.022
0.8207899999997608 0.14499999999999957 0.033
0.13549000000011802 -0.2680000000000007 0.024
0.8629299999997784 0.19900000000000162 0.027
0.13951000000042768 0.030999999999998806 0.030
0.07889999999997599 -0.06500000000000128 0.029
0.7245100000000093 -0.1269999999999989 0.034
0.18562999999994645 0.05900000000000105 0.029
0.07305999999971391 0.05099999999999838 0.028
0.8243800000000192 -0.07900000000000063 0.032
0.14525000000003274 -0.10500000000000043 0.029
0.834519999999884 0.25700000000000145 0.036
0.18100000000004002 0.02499999999999858 0.038
3.771310000000085 -0.29699999999999704 0.026
0.14269999999987704 0.13100000000000023 0.027
0.07277000000021872 -0.10500000000000043 0.026
0.8841999999999643 -0.09100000000000108 0.028
0.9137000000000626 0.22800000000000153 0.023
0.14748999999983425 0.15499999999999758 0.026
0.8297600000000784 -0.31799999999999784 0.021
0.9981200000001991 0.3249999999999993 0.029
0.15069999999968786 -0.26500000000000057 0.022
1.8807300000003124 0.03300000000000125 0.022
1.1693999999997686 -0.014000000000002899 0.029
0.8291899999999259 0.15100000000000335 0.030
0.21153000000003885 -0.10400000000000276 0.023
0.04676000000017666 -0.08999999999999986 0.024
0.8300199999998767 0.07900000000000063 0.028
0.07423000000017055 0.1490000000000009 0.030
0.8151800000000549 -0.08099999999999952 0.036
2.962079999999787 0.1999999999999993 0.034
0.19273000000021057 -0.3180000000000014 0.021
0.07186999999976251 0.0940000000000012 0.028
0.7087000000001353 0.004999999999999005 0.032
0.2025499999999738 0.1739999999999995 0.028
0.09965999999985797 -0.20899999999999963 0.027
1.78029000000015 -0.08399999999999963 0.025
0.9754899999998088 0.15600000000000236 0.028
1.0341000000003078 -0.08400000000000318 0.026
0.12827999999990425 0.05100000000000193 0.035
0.7733299999999872 0.12600000000000122 0.042
1.0493999999998778 -0.1280000000000001 0.033
0.2418400000001384 -0.06700000000000017 0.033
0.8113899999998466 -0.12700000000000244 0.033
1.9376000000002023 0.15600000000000236 0.042
3.9213199999999233 -0.10100000000000264 0.039
0.18566000000009808 0.21600000000000108 0.049
0.07933999999977459 -0.02400000000000091 0.030
0.06861000000026252 0.10600000000000165 0.035
0.6765099999997801 -0.14499999999999957 0.033
0.18130999999993946 -0.15500000000000114 0.025
0.07727000000022599 0.028999999999999915 0.029
0.06893999999965672 0.10200000000000031 0.034
0.6926100000000588 0.007999999999999119 0.029
0.18205000000034488 0.12400000000000233 0.028
0.11418999999978041 -0.25 0.029
0.7939700000001721 -0.01600000000000179 0.029
0.9005799999999908 0.15800000000000125 0.026
0.16309000000001106 -0.15000000000000213 0.022
0.06896999999980835 0.10700000000000287 0.024
0.10224000000016531 0.06400000000000006 0.031
0.6625300000000607 -0.0400000000000027 0.029
0.1765900000000329 0.1650000000000027 0.025
0.07009999999991123 -0.22100000000000009 0.021
0.06853999999975713 -0.06099999999999994 0.025
0.6992900000000191 0.010999999999999233 0.028
0.13979999999992287 0.09699999999999775 0.025
0.07313999999996668 0.028999999999999915 0.028
0.07922000000007756 0.1930000000000014 0.037
0.738589999999931 -0.34499999999999886 0.026
0.18224000000009255 -0.015000000000000568 0.031
0.08454000000028827 0.1509999999999998 0.042
0.6682499999997162 0.03999999999999915 0.033
0.1867099999999482 0.07499999999999929 0.030
0.0800600000002305 -0.2270000000000003 0.024
0.07961999999997715 -0.054999999999999716 0.028
0.011550000000170257 0.07400000000000162 0.028
0.64487999999983 -0.018000000000000682 0.030
0.1828099999997903 0.1769999999999996 0.022
0.09049000000004526 0.0779999999999994 0.026
0.07625000000007276 0.027000000000001023 0.035
0.6799200000000383 -0.28800000000000026 0.032
1.9698199999997996 0.04299999999999926 0.021
0.1873000000000502 0.13500000000000156 0.021
0.09389000000010128 0.07600000000000051 0.026
0.7102500000000873 -0.16499999999999915 0.023
0.20539000000007945 -0.0990000000000002 0.025
0.08896000000004278 0.19500000000000028 0.026
0.729399999999714 -0.11100000000000065 0.030
0.24121000000013737 -0.11200000000000188 0.024
0.7365799999997762 -0.07199999999999918 0.026
0.20199000000002343 0.25 0.025
0.09818000000041138 0.12199999999999989 0.028
0.7385199999998804 -0.379999999999999 0.029
0.24384999999983847 0.16300000000000026 0.033
0.7438200000001416 0.14899999999999736 0.033
1.2644900000000234 0.02400000000000091 0.036
0.7267499999998108 -0.22499999999999787 0.029
0.21000000000003638 0.12099999999999866 0.023
0.7577000000001135 0.019999999999999574 0.031
0.19606999999996333 -0.16799999999999926 0.026
0.8001100000001315 0.018000000000000682 0.028
0.19923999999991793 -0.028000000000002245 0.037
0.014470000000073924 -0.04400000000000048 0.035
0.9899599999998827 0.09500000000000242 0.032
7.821059999999761 -0.022999999999999687 0.024
0.9645100000002458 -0.043000000000002814 0.031
0.3169199999997545 0.21000000000000085 0.044
0.7139600000000428 -0.1460000000000008 0.025
0.2717600000000857 0.15399999999999991 0.037
0.7147300000001451 -0.09299999999999997 0.027
0.9738200000001598 -0.09499999999999886 0.024
0.17004999999971915 0.08600000000000207 0.022
0.06982000000016342 0.046999999999997044 0.022
0.8100500000000466 0.20899999999999963 0.035
0.9533999999998741 -0.41499999999999915 0.028
0.16543999999976222 0.26399999999999935 0.029
1.8422500000001492 -0.2099999999999973 0.032
2.080289999999877 0.0779999999999994 0.021
3.972320000000309 0.23900000000000077 0.032
0.20035999999981868 -0.2380000000000031 0.026
0.7609999999999673 0.08900000000000219 0.031
0.9977499999999964 -0.29299999999999926 0.029
0.1921700000002602 0.32099999999999795 0.028
3.8167599999997037 0.09700000000000131 0.031
0.21502000000009502 -0.2729999999999997 0.026
0.7776800000001458 -0.0259999999999998 0.029
0.23127999999996973 0.26099999999999923 0.044
3.9454900000000634 -0.22299999999999898 0.059
0.875749999999698 -0.07400000000000162 0.035
0.9391000000000531 0.19500000000000028 0.034
1.0707500000003165 -0.0730000000000004 0.028
0.9327999999995882 -0.030999999999998806 0.030
0.17444000000023152 0.012000000000000455 0.028
0.8148499999997512 0.023999999999997357 0.024
0.17904000000044107 0.24399999999999977 0.028
0.8922599999996237 -0.20399999999999707 0.034
1.9612999999999374 -0.028999999999999915 0.027
0.9950900000003458 -0.08600000000000207 0.023
0.9844499999999243 0.060000000000002274 0.023
0.19129999999995562 0.12199999999999989 0.027
0.7838799999999537 -0.05900000000000105 0.030
0.2017399999999725 0.16100000000000136 0.036
0.832629999999881 -0.3470000000000013 0.030
0.9780800000003183 0.16100000000000136 0.031
0.1699399999997695 0.014999999999997016 0.027
0.8117299999998977 -0.11299999999999955 0.031
0.20064000000002125 0.2759999999999998 0.033
0.8284300000000258 -0.2789999999999999 0.030
0.1785600000002887 0.2680000000000007 0.032
0.8653699999999844 -0.38700000000000045 0.028
2.0180900000000292 0.1269999999999989 0.030
0.9373499999996966 0.006000000000000227 0.029
1.0029100000001563 0.240000000000002 0.031
0.9945299999999406 -0.11700000000000088 0.026
3.0022800000001553 -0.11599999999999966 0.047
4.014310000000023 -0.19099999999999895 0.037
3.060739999999896 0.22299999999999898 0.036
1.9281799999998839 -0.15399999999999991 0.022
1.0176700000001802 0.03399999999999892 0.027
1.9726200000000063 -0.08399999999999963 0.029
10.993419999999787 0.4480000000000004 0.031
0.9974700000002485 -0.1739999999999995 0.028
13.022649999999885 -0.06700000000000017 0.034
4.023020000000088 0.0 0.032
17.964570000000094 0.08200000000000074 0.055
2.9965799999999945 -0.2430000000000021 0.051
2.0102099999999155 0.35700000000000287 0.056
98.36776000000009 -0.2469999999999999 0.030
2.0171799999998257 0.1599999999999966 0.048
6.998010000000249 -0.14299999999999713 0.032
2.987909999999829 -0.005000000000002558 0.029
2.978439999999864 -0.03599999999999781 0.033
2.0195700000003853 0.22100000000000009 0.032
2.967979999999443 0.010999999999999233 0.037
1.9828400000005786 0.09100000000000108 0.042
4.974699999999757 -0.22800000000000153 0.034
6.986490000000231 0.16400000000000148 0.038
1.1113799999993716 0.0259999999999998 0.030
1.903729999999996 -0.1700000000000017 0.030
1.0443400000003749 0.08200000000000074 0.030
1.9363400000002002 -0.062000000000001165 0.037
1.0450199999995675 0.09500000000000242 0.029
1.036130000000412 -0.13800000000000168 0.030
1.0406100000000151 -0.045999999999999375 0.023
4.911189999999806 -0.07000000000000028 0.036
1.9890999999997803 0.1529999999999987 0.041
1.9343500000004497 -0.05099999999999838 0.049
1.0455299999994168 0.13500000000000156 0.034
1.990139999999883 -0.1620000000000026 0.034
5.9815000000007785 0.013999999999999346 0.026
0.9879999999993743 0.19000000000000128 0.029
0.9922900000001391 -0.1529999999999987 0.031
0.18232999999963795 0.134999999999998 0.031
0.8142000000007101 -0.19899999999999807 0.030
1.9894599999997808 0.07600000000000051 0.032
1.0220699999999852 -0.16300000000000026 0.026
3.0441600000003746 -0.09500000000000242 0.029
1.0771899999999732 0.0730000000000004 0.035
0.8431999999993423 0.08900000000000219 0.034
0.2035599999999249 0.20099999999999696 0.029
1.8291500000004817 -0.004999999999999005 0.033
0.9577799999997296 -0.16699999999999804 0.032
0.22439000000031228 0.28699999999999903 0.042
0.7830500000000029 -0.3210000000000015 0.026
0.20362000000022817 0.15600000000000236 0.025
0.8459999999995489 -0.11700000000000088 0.038
0.9981500000003507 0.047999999999998266 0.035
0.9420000000000073 -0.14199999999999946 0.032
1.9687199999998484 0.13000000000000256 0.043
0.2474899999997433 0.18499999999999872 0.041
1.8687300000001414 -0.022000000000002018 0.039
3.895440000000235 -0.1039999999999992 0.034
0.23356999999941763 0.19500000000000028 0.047
0.7600700000002689 -0.3879999999999981 0.032
0.19699000000036904 0.20099999999999696 0.030
0.0671699999993507 0.02300000000000324 0.035
0.7455700000000434 0.03200000000000003 0.030
0.18805000000065775 -0.2010000000000005 0.029
0.06486999999924592 -0.015000000000000568 0.038
0.6894000000002052 -0.012000000000000455 0.034
0.14419999999972788 0.2680000000000007 0.033
0.12422000000060507 0.007999999999999119 0.039
0.04309999999986758 -0.03900000000000148 0.041
0.7405600000001868 -0.20399999999999707 0.038
0.1610000000000582 -0.054000000000002046 0.039
0.9707699999999022 0.129999999999999 0.034
0.9016499999997905 0.0660000000000025 0.032
0.9280699999999342 -0.19200000000000017 0.027
0.16120000000046275 0.14499999999999957 0.025
0.09240999999929045 0.01899999999999835 0.028
2.7322400000002744 -0.26099999999999923 0.036
0.25244999999995343 0.29299999999999926 0.036
0.748489999999947 -0.07000000000000028 0.036
1.0532100000000355 0.120000000000001 0.027
0.13436000000001513 0.03900000000000148 0.032
2.831449999999677 -0.12100000000000222 0.035
0.0926900000004025 0.06800000000000139 0.031
0.09375 0.08899999999999864 0.041
0.11741999999958352 -0.16799999999999926 0.057
0.668510000000424 -0.2519999999999989 0.032
0.09620999999970081 0.22499999999999787 0.028
0.09281000000009954 0.008000000000002672 0.029
0.111840000000484 0.11100000000000065 0.037
0.6922100000001592 0.05999999999999872 0.037
0.09389999999984866 -0.0519999999999996 0.027
0.09583999999995285 -0.2010000000000005 0.023
0.8685699999996359 0.14699999999999847 0.030
0.09290000000055443 0.10300000000000153 0.037
0.9223099999999249 -0.21199999999999974 0.028
0.13787999999931344 0.10200000000000031 0.028
2.910280000000057 -0.05700000000000216 0.031
1.0715500000005704 -0.11499999999999844 0.058
4.8161300000001575 0.03300000000000125 0.037
0.14601999999922555 0.046999999999997044 0.041
0.09781000000020867 0.10200000000000031 0.054
0.7878499999997075 -0.07199999999999918 0.037
0.9837900000002264 0.02500000000000213 0.037
0.12251999999989494 0.13899999999999935 0.035
0.09407999999984895 -0.05000000000000071 0.037
8.74399000000085 -0.09299999999999997 0.041
0.9631899999994857 -0.31200000000000117 0.030
1.0192500000002838 0.4660000000000011 0.036
0.12051999999948748 -0.28000000000000114 0.025
0.08924999999999272 0.06800000000000139 0.029
0.7837400000007619 0.08399999999999963 0.032
2.0283399999998437 0.05999999999999872 0.030
0.20839999999952852 -0.12399999999999878 0.028
0.07153000000016618 0.04400000000000048 0.042
0.737210000000232 -0.04200000000000159 0.036
0.9326499999997395 -0.12399999999999878 0.032
0.15231000000039785 0.19699999999999918 0.032
0.06257000000005064 0.04100000000000037 0.030
0.058399999999892316 0.05699999999999861 0.042
0.7791600000000471 -0.13299999999999912 0.029
0.9847499999996217 -0.12599999999999767 0.032
0.9438000000000102 0.004999999999999005 0.035
0.17558999999982916 0.1980000000000004 0.031
0.060019999999894935 -0.08500000000000085 0.039
0.05863000000044849 -0.0470000000000006 0.044
0.7429700000002413 0.019000000000001904 0.044
0.18386999999984255 -0.18500000000000227 0.037
0.07902000000012777 0.11400000000000077 0.045
4.679319999999279 -0.11199999999999832 0.033
0.2203300000001036 0.2469999999999999 0.039
0.7746500000002925 0.07899999999999707 0.041
0.1901399999997011 -0.2469999999999999 0.031
0.0627600000007078 0.0920000000000023 0.028
0.05893999999989319 0.08399999999999963 0.037
0.6912099999999555 -0.3049999999999997 0.037
0.1881199999997989 0.3490000000000002 0.037
0.06645000000025902 -0.16100000000000136 0.028
0.06532999999944877 -0.06299999999999883 0.031
0.6798200000002907 0.03399999999999892 0.034
0.29716999999982363 0.36799999999999855 0.057
2.7106199999998353 -0.41799999999999926 0.034
0.2185699999999997 0.26000000000000156 0.039
0.8277699999998731 -0.28500000000000014 0.036
1.062590000000455 0.2989999999999995 0.037
0.8656799999998839 -0.1720000000000006 0.028
0.17914999999993597 0.10600000000000165 0.028
0.05861000000004424 0.06599999999999895 0.030
0.0585399999999936 0.03900000000000148 0.033
0.68195999999989 -0.15300000000000225 0.047
0.0220500000004904 0.021000000000000796 0.031
0.040820000000167056 -0.13200000000000145 0.026
0.14353999999912048 0.08699999999999974 0.029
0.040230000000519794 0.04600000000000293 0.027
0.05879999999979191 -0.008000000000002672 0.031
0.7157699999997931 -0.004999999999999005 0.034
1.0071100000004662 -0.15899999999999892 0.031
0.19801000000006752 0.2710000000000008 0.029
0.05861999999979162 0.010999999999999233 0.030
0.9330300000001444 -0.19500000000000028 0.028
0.11815999999998894 0.11799999999999855 0.033
1.743649999999434 -0.18499999999999872 0.036
0.10574000000087835 0.009000000000000341 0.031
0.09957999999915046 0.2029999999999994 0.040
0.7777100000002974 -0.18799999999999883 0.027
0.09296999999969557 0.03500000000000014 0.027
0.09222000000045227 0.06700000000000017 0.028
0.09073999999964144 -0.013000000000001677 0.038
0.7197200000000521 -0.14300000000000068 0.027
0.990870000000541 0.11299999999999955 0.028
0.09577999999964959 0.10700000000000287 0.026
0.0985900000005131 0.01699999999999946 0.031
0.09236999999939144 0.07199999999999918 0.032
0.7862400000003618 -0.35800000000000054 0.026
1.0852399999994304 0.02400000000000091 0.033
0.874880000000303 0.129999999999999 0.038
2.083969999999681 0.15800000000000125 0.041
3.9792300000008254 -0.08300000000000196 0.045
1.1486499999991793 -0.06400000000000006 0.051
0.7836300000008123 0.11299999999999955 0.039
0.19844999999986612 -0.16599999999999682 0.031
4.813760000000002 -0.028999999999999915 0.026
1.9572799999996278 0.0779999999999994 0.035
1.0268200000000434 -0.13100000000000023 0.026
5.9672300000002 0.16000000000000014 0.029
1.0782399999998233 -0.10500000000000043 0.040
0.9267600000002858 0.134999999999998 0.040
1.0101599999998143 -0.24599999999999866 0.029
0.9707900000003065 0.43900000000000006 0.037
0.9800699999996141 -0.3049999999999997 0.051
1.0297700000000987 0.004999999999999005 0.027
1.0210799999995288 0.16900000000000048 0.036
0.9733800000003612 -0.1819999999999986 0.081
3.999880000000303 0.053999999999998494 0.035
0.9773399999994581 0.14700000000000202 0.053
0.21640999999999622 -0.18300000000000338 0.045
1.8069100000002436 -0.14499999999999957 0.035
1.0291999999999462 0.037000000000002586 0.031
0.9758499999998094 0.347999999999999 0.028
1.0311600000004546 -0.4789999999999992 0.035
0.9648900000001959 0.3230000000000004 0.026
1.0130199999994147 0.07599999999999696 0.036
1.0147100000003775 -0.19399999999999906 0.032
1.9612099999994825 0.04899999999999949 0.036
1.0470800000002782 0.03400000000000247 0.029
0.9658900000003996 -0.10800000000000054 0.028
1.0505599999996775 0.26399999999999935 0.043
0.9533599999995204 -0.13500000000000156 0.029
1.0287000000007538 -0.09699999999999775 0.027
1.0016200000000026 0.13100000000000023 0.035
0.9663799999998446 -0.04800000000000182 0.029
1.0290599999998449 -0.11799999999999855 0.036
0.9565099999999802 0.13299999999999912 0.040
1.044079999999667 0.062000000000001165 0.039
0.9874300000001313 -0.35900000000000176 0.034
1.0453600000000733 0.4140000000000015 0.051
0.9417300000004616 -0.10300000000000153 0.037
3.05083999999988 0.010999999999999233 0.047
1.926089999999931 0.10400000000000276 0.038
1.0435999999999694 -0.054999999999999716 0.041
1.0793899999998757 -0.0710000000000015 0.048
0.8779199999999037 0.06099999999999994 0.044
1.0451700000003257 0.05799999999999983 0.033
0.984559999999874 -0.1769999999999996 0.028
0.9756900000002133 -0.02499999999999858 0.044
3.0763899999992645 0.2289999999999992 0.055
1.0372500000003129 -0.009000000000000341 0.049
0.910530000000108 -0.16499999999999915 0.032
1.0150400000002264 0.0849999999999973 0.047
1.0114999999996144 0.027000000000001023 0.035
0.9786800000001676 -0.23600000000000065 0.038
1.0416999999997643 0.0920000000000023 0.039
0.991399999999885 0.22199999999999775 0.041
0.9741500000000087 -0.21799999999999997 0.036
3.0512300000000323 0.07900000000000063 0.036
5.948640000000523 -0.00999999999999801 0.032
1.0153499999996711 -0.06300000000000239 0.033
0.9713899999997011 0.1880000000000024 0.042
0.9920200000005934 -0.07900000000000063 0.053
1.024319999999534 -0.12600000000000122 0.036
1.0048999999999069 0.15899999999999892 0.042
0.9926600000007966 0.05700000000000216 0.054
1.002079999999296 -0.20400000000000063 0.049
2.016410000000178 0.1739999999999995 0.053
0.9990800000005038 -0.12900000000000134 0.051
3.97591999999986 0.2960000000000029 0.056
100.33064000000013 -0.22000000000000242 0.039
3.0051299999995535 0.03400000000000247 0.034
3.0011199999999008 0.038999999999997925 0.031
3.993449999999939 -0.2779999999999987 0.042
2.0266300000002957 0.23699999999999832 0.032
2.9939000000003944 -0.045999999999999375 0.043
1.9358999999994921 -0.134999999999998 0.033
6.007599999999911 -0.04100000000000037 0.023
3.033610000000408 0.0019999999999988916 0.028
1.9534199999998236 -0.004999999999999005 0.034
1.0892299999995885 0.08399999999999963 0.026
0.9856500000005326 0.1059999999999981 0.026
0.935139999999592 -0.03200000000000003 0.034
1.0380400000003647 -0.1039999999999992 0.025
0.9461599999995087 0.18500000000000227 0.029
0.9927400000005946 -0.0870000000000033 0.029
0.994659999999385 -0.2289999999999992 0.028
0.9955400000008012 0.3279999999999994 0.032
0.9969099999998434 -0.08699999999999974 0.037
1.0062699999998586 -0.1579999999999977 0.030
1.0071799999996074 0.3149999999999977 0.034
0.993970000000445 -0.12899999999999778 0.031
0.9690099999997983 -0.25200000000000244 0.037
1.9849599999997736 0.17600000000000193 0.042
1.0175699999999779 -0.10500000000000043 0.029
1.0015600000006089 0.2289999999999992 0.073
3.9960999999993874 -0.04499999999999815 0.029
1.017280000000028 -0.13700000000000045 0.027
0.976940000000468 0.21499999999999986 0.029
0.1697599999997692 -0.23300000000000054 0.023
0.8281500000002779 0.17299999999999827 0.029
1.0000999999992928 -0.14599999999999724 0.028
0.9900300000008428 0.23000000000000043 0.030
0.18620999999984633 -0.2410000000000032 0.026
2.8040099999998347 0.19000000000000128 0.031
0.2004799999995157 -0.19699999999999918 0.029
0.7976000000007843 0.13799999999999812 0.025
0.19083999999929802 0.13600000000000279 0.026
0.8086400000001959 -0.24099999999999966 0.025
0.19635999999991327 0.12199999999999989 0.026
0.7966200000000754 0.10999999999999943 0.033
0.20586000000002969 -0.23199999999999932 0.027
0.8000199999996767 0.02499999999999858 0.032
1.0090200000004188 -0.08500000000000085 0.028
0.9934100000000399 0.2140000000000022 0.038
0.9946600000002945 -0.07500000000000284 0.038
0.18854999999985012 0.11700000000000088 0.030
0.8389200000001438 -0.21099999999999852 0.028
0.9883799999997791 0.03500000000000014 0.030
0.1663699999999153 -0.03200000000000003 0.024
0.8360099999999875 0.17199999999999704 0.034
1.0055099999999584 -0.11699999999999733 0.029
1.0101199999999153 -0.07700000000000173 0.027
1.0816899999999805 0.2270000000000003 0.035
0.9510499999996682 -0.28699999999999903 0.035
1.0768800000005285 0.08299999999999841 0.031
3.866820000000189 0.0730000000000004 0.035
2.023729999999887 -0.1720000000000006 0.030
1.0251699999998891 0.19200000000000017 0.035
0.9877100000003338 -0.16000000000000014 0.033
0.15859000000000378 0.18599999999999994 0.040
0.7639099999996688 -0.10500000000000043 0.033
0.23088000000007014 0.022000000000002018 0.028
0.7520299999996496 0.08699999999999974 0.035
0.15542000000004919 0.012000000000000455 0.030
0.06201000000055501 -0.10600000000000165 0.034
0.8021599999992759 -0.07499999999999929 0.030
1.011700000000019 -0.01699999999999946 0.028
0.12488000000030297 0.036000000000001364 0.025
0.0671199999997043 0.07499999999999929 0.029
0.7665700000006836 0.08099999999999952 0.032
0.18931999999949767 -0.12600000000000122 0.037
0.07832000000053085 -0.09399999999999764 0.028
0.721520000000055 -0.10300000000000153 0.031
0.20971999999983382 0.2940000000000005 0.032
0.08216999999967811 0.11599999999999966 0.055
0.7291599999998652 -0.2809999999999988 0.028
0.19498999999996158 0.11299999999999955 0.029
0.06552999999985332 -0.0259999999999998 0.034
0.7290100000000166 0.006000000000000227 0.028
0.19437999999991007 0.045999999999999375 0.028
0.06188000000020111 -0.12300000000000111 0.028
0.7389300000004368 0.012000000000000455 0.029
1.0244599999996353 -0.0799999999999983 0.027
0.19152000000030966 0.19399999999999906 0.030
0.7847599999995509 0.03500000000000014 0.025
0.2686700000003839 -0.13599999999999923 0.030
0.7037499999996726 -0.15200000000000102 0.033
0.2905700000001161 0.43799999999999883 0.044
0.7187199999998484 -0.26500000000000057 0.025
0.20873000000028696 0.037000000000002586 0.026
0.7968700000001263 0.09099999999999753 0.030
0.21620999999959167 -0.14699999999999847 0.024
0.06187000000045373 -0.05799999999999983 0.029
0.7145399999999427 0.11100000000000065 0.026
0.20939999999973224 0.13899999999999935 0.027
0.9180299999998169 -0.22100000000000009 0.027
2.8738499999999476 -0.006000000000000227 0.033
4.096150000000307 0.2480000000000011 0.035
0.20721000000048662 -0.16300000000000026 0.040
0.6821399999998903 -0.2510000000000012 0.029
0.1908499999999549 0.43400000000000105 0.030
0.8304899999993722 -0.4750000000000014 0.029
3.1417300000002797 0.245000000000001 0.031
0.8090400000000955 -0.0990000000000002 0.038
0.21647000000029948 0.021999999999998465 0.025
0.06995999999980995 0.05600000000000094 0.032
0.779779999999846 0.05999999999999872 0.027
0.9455100000004677 -0.10199999999999676 0.029
3.297779999999875 0.24099999999999966 0.033
0.9006499999995867 -0.24099999999999966 0.029
0.1014500000001135 0.004999999999999005 0.037
0.7228999999997541 0.13700000000000045 0.035
0.23480000000017753 0.10500000000000043 0.045
0.07243999999991502 -0.25700000000000145 0.038
0.6474699999998847 -0.030000000000001137 0.030
0.22418999999990774 0.08600000000000207 0.030
0.06636000000071363 0.1839999999999975 0.032
0.723559999999452 -0.1509999999999998 0.034
0.19034999999985303 -0.10800000000000054 0.031
0.09158000000024913 -0.05299999999999727 0.034
0.7165800000002491 0.10899999999999821 0.030
0.25530999999955384 0.31700000000000017 0.034
0.7051400000000285 -0.33399999999999963 0.028
0.26731000000017957 0.1559999999999988 0.024
0.08927000000039698 -0.0009999999999976694 0.027
0.6291499999997541 0.023999999999997357 0.034
0.2078400000000329 -0.21599999999999753 0.026
0.06541999999990367 -0.01699999999999946 0.028
0.06991000000016356 0.08199999999999719 0.029
0.7357899999997244 -0.008999999999996788 0.026
0.2026400000004287 0.24099999999999966 0.032
0.07800999999926717 -0.13400000000000034 0.031
0.6552700000002005 -0.16100000000000136 0.029
0.20588000000043394 0.1999999999999993 0.028
0.08329999999932625 0.07600000000000051 0.031
0.06280000000060681 -0.05099999999999838 0.043
0.6494599999996353 0.0329999999999977 0.028
0.21574000000055094 -0.18900000000000006 0.023
0.08663999999953376 0.02400000000000091 0.027
0.7013600000000224 0.010999999999999233 0.028
0.28676999999970576 0.19700000000000273 0.038
0.7132300000002942 -0.30400000000000205 0.025
0.11150999999972555 0.11299999999999955 0.027
0.11576000000059139 0.054999999999999716 0.028
0.02264999999988504 0.019000000000001904 0.030
5.7576600000002145 -0.19099999999999895 0.032
0.09778999999980442 0.09999999999999787 0.028
0.9217399999997724 0.27500000000000213 0.030
0.13216000000011263 -0.3130000000000024 0.026
0.10502999999971507 0.018000000000000682 0.036
0.8367900000002919 0.19200000000000017 0.031
0.10997000000043045 0.13700000000000045 0.040
0.8139299999993455 -0.3710000000000022 0.027
0.16253000000051543 0.13100000000000023 0.033
0.07507999999961612 0.05900000000000105 0.034
0.7201700000005076 -0.09299999999999997 0.036
1.0473599999995713 0.1559999999999988 0.041
0.25622999999995955 -0.13599999999999923 0.030
0.6668300000001182 -0.259999999999998 0.030
0.24848999999994703 0.2029999999999994 0.033
0.07473000000027241 0.15399999999999991 0.037
0.674829999999929 0.0009999999999976694 0.033
0.33240999999998166 -0.125 0.031
0.8870299999998679 0.23100000000000165 0.039
0.11102000000028056 -0.3069999999999986 0.034
0.6490599999997357 -0.09100000000000108 0.029
0.2136499999996886 0.17599999999999838 0.030
0.10389000000031956 -0.04499999999999815 0.033
0.708560000000034 0.17099999999999937 0.037
0.2087099999998827 -0.1999999999999993 0.026
0.12640000000010332 0.0329999999999977 0.035
0.6508499999999913 0.027000000000001023 0.036
0.26393000000007305 0.16199999999999903 0.033
0.09371999999984837 -0.19499999999999673 0.036
0.6457300000001851 -0.16900000000000048 0.031
0.29512999999951717 0.31299999999999883 0.036
0.6959100000003673 0.045000000000001705 0.037
0.21314999999958673 -0.24600000000000222 0.026
0.07488999999986845 0.0779999999999994 0.030
0.04973000000063621 0.014000000000002899 0.036
1.6973699999998644 -0.03500000000000014 0.028
0.2114400000000387 0.06599999999999895 0.032
0.06512000000020635 0.02400000000000091 0.037
0.6845299999995405 0.129999999999999 0.040
0.22449000000051456 -0.2530000000000001 0.024
0.06176999999934196 0.03500000000000014 0.030
0.7156600000007529 0.05600000000000094 0.026
0.18975999999929627 0.15700000000000003 0.038
0.11927000000014232 -0.2469999999999999 0.036
0.8073899999999412 -0.1180000000000021 0.032
1.0419099999999162 0.06500000000000128 0.029
0.9341300000005504 0.15200000000000102 0.034
1.018329999999878 -0.06700000000000017 0.031
0.8772899999994479 0.18499999999999872 0.042
0.20069000000057713 -0.28500000000000014 0.032
0.06147999999939202 0.03999999999999915 0.044
0.06718000000000757 0.06099999999999994 0.042
4.7435199999999895 -0.012000000000000455 0.030
0.14307000000007974 0.10900000000000176 0.034
0.042170000000623986 0.03500000000000014 0.037
0.7577000000001135 -0.17900000000000205 0.039
0.06858999999985826 -0.11799999999999855 0.033
2.0387299999993047 0.26500000000000057 0.043
1.0344300000006115 -0.09799999999999898 0.030
0.9355199999999968 0.13999999999999702 0.029
0.9254999999993743 -0.11999999999999744 0.026
0.192470000000867 0.1789999999999985 0.028
0.022299999999631837 -0.045999999999999375 0.027
1.7883499999998094 -0.25400000000000134 0.033
0.19310000000041327 0.15000000000000213 0.029
0.9735099999998056 -0.02400000000000091 0.029
1.809979999999996 0.06500000000000128 0.028
0.1463000000003376 0.21699999999999875 0.043
0.14257999999972526 -0.4209999999999994 0.031
0.9145099999996091 0.2629999999999981 0.033
2.8379800000002433 -0.14399999999999835 0.028
0.10001999999985856 0.08899999999999864 0.032
0.13220999999975902 0.08399999999999963 0.034
0.7387900000003356 -0.2629999999999981 0.024
0.15733000000000175 0.09699999999999775 0.026
0.09521000000040658 0.10500000000000043 0.031
0.7659799999992174 -0.047999999999998266 0.037
0.9925300000004427 -0.04100000000000037 0.030
0.21370999999999185 0.19099999999999895 0.033
0.7712099999998827 -0.41999999999999815 0.030
0.23497000000043045 0.30299999999999727 0.034
0.768819999999323 -0.10899999999999821 0.030
0.9837700000007317 -0.06800000000000139 0.029
0.2554999999993015 0.2680000000000007 0.041
0.7574100000001636 -0.4480000000000004 0.029
0.18984000000000378 0.3249999999999993 0.028
0.06180000000040309 0.0 0.041
4.795959999999468 0.021000000000000796 0.029
0.9952100000000428 -0.2729999999999997 0.033
2.9606600000006438 0.1739999999999995 0.028
1.0055299999994531 0.17900000000000205 0.032
0.9961300000004485 -0.17300000000000182 0.031
1.0062699999998586 -0.08500000000000085 0.025
0.9952999999995882 0.16900000000000048 0.036
0.9985100000003513 -0.02699999999999747 0.029
1.0705099999995582 -0.10500000000000043 0.029
1.069760000000315 0.004999999999999005 0.027
0.8634199999996781 0.08800000000000097 0.028
2.100840000000062 -0.09600000000000009 0.026
0.9323400000002948 0.1559999999999988 0.036
0.9761300000000119 -0.2889999999999979 0.031
2.0089799999996103 0.16399999999999793 0.035
4.060010000000148 -0.04299999999999926 0.034
5.901050000000396 -0.125 0.040
1.0325599999996484 0.22799999999999798 0.033
1.9898199999997814 -0.14899999999999736 0.035
0.9747800000004645 0.08399999999999963 0.049
3.1100500000002285 -0.0070000000000014495 0.038
1.9718199999997523 0.10300000000000153 0.031
1.0069299999995565 -0.08000000000000185 0.032
1.951680000000124 0.0030000000000001137 0.030
1.029370000000199 -0.006999999999997897 0.033
2.990929999999935 -0.010000000000001563 0.032
3.0104700000001685 -0.08200000000000074 0.031
1.0077000000001135 0.38400000000000034 0.039
1.9749700000002122 -0.27699999999999747 0.034
10.010919999999714 0.1369999999999969 0.042
2.9760599999999613 0.03500000000000014 0.049
1.9855799999995725 -0.1579999999999977 0.041
119.33754000000044 0.0730000000000004 0.029
7.007510000000366 0.10699999999999932 0.033
2.0489599999991697 -0.24399999999999977 0.035
3.979130000000623 0.3009999999999984 0.030
5.988249999999425 -0.129999999999999 0.028
2.9708800000007614 0.05099999999999838 0.033
1.041469999999208 -0.0329999999999977 0.028
0.9983799999999974 -0.15900000000000247 0.026
0.9987200000005032 0.34299999999999997 0.031
1.9240799999997762 -0.3509999999999991 0.027
1.1040000000002692 0.2029999999999994 0.037
4.901899999999841 -0.17599999999999838 0.029
0.9706400000004578 0.254999999999999 0.029
0.9969099999998434 -0.129999999999999 0.024
2.017069999999876 0.10200000000000031 0.033
2.961059999999634 -0.06099999999999994 0.028
2.980430000000524 -0.08300000000000196 0.027
4.0405000000000655 -0.010999999999999233 0.024
1.0404799999996612 -0.07199999999999918 0.024
0.08705000000009022 0.0990000000000002 0.022
1.806590000000142 -0.06700000000000017 0.037
0.1605199999994511 0.18599999999999994 0.038
0.86200000000008 -0.21000000000000085 0.031
1.0562900000004447 0.11400000000000077 0.028
0.9144699999997101 -0.0730000000000004 0.031
0.11894000000029337 0.10600000000000165 0.031
0.8958899999997811 -0.24400000000000333 0.032
0.14570000000003347 0.17800000000000082 0.031
0.8573900000001231 0.13000000000000256 0.031
0.10066999999980908 -0.11200000000000188 0.026
0.9476400000003196 0.05600000000000094 0.038
0.9983999999994921 -0.1739999999999995 0.042
0.1074399999997695 -0.004000000000001336 0.034
4.007790000000568 -0.018000000000000682 0.027
0.8142699999998513 0.1440000000000019 0.033
0.9999900000002526 -0.05600000000000094 0.029
0.9787799999994604 0.23000000000000043 0.033
0.09799000000020897 -0.2259999999999991 0.030
0.11837000000014086 -0.12100000000000222 0.034
0.8213999999998123 0.2789999999999999 0.029
0.9540600000000268 -0.259999999999998 0.027
0.13950000000022555 0.09999999999999787 0.026
1.0127700000002733 -0.125 0.023
0.8929699999998775 0.15300000000000225 0.031
0.0564699999995355 0.11799999999999855 0.027
0.8932000000004336 -0.30900000000000105 0.026
0.9936899999993329 0.32500000000000284 0.032
0.19794000000001688 -0.25400000000000134 0.021
0.9826100000000224 0.2510000000000012 0.025
0.9481000000005224 -0.14000000000000057 0.026
1.8600399999995716 0.047999999999998266 0.031
2.166420000000471 -0.1739999999999995 0.027
0.8269499999996697 0.012000000000000455 0.031
0.19289000000026135 0.25900000000000034 0.030
0.9412099999999555 -0.23400000000000176 0.030
