0.0 0.0 0.006
4.082539999999881 -0.11100000000000065 0.004
2.944300000000112 0.125 0.005
3.1376000000000204 -0.07699999999999996 0.004
4.958029999999781 -0.054999999999999716 0.005
3.883139999999912 -0.06899999999999906 0.004
15.990319999999883 0.08000000000000007 0.005
8.067490000000362 0.15999999999999837 0.005
18.909329999999954 -0.20999999999999908 0.005
18.99445999999989 0.19699999999999918 0.006
125.34124999999995 -0.18900000000000006 0.005
26.972000000000207 0.1960000000000015 0.005
13.960199999999986 -0.0730000000000004 0.005
10.124139999999898 -0.12400000000000055 0.005
3.9434799999999086 0.1980000000000004 0.005
3.9431399999998575 -0.19700000000000095 0.005
6.96207000000004 0.11400000000000077 0.005
4.024740000000293 0.021000000000000796 0.005
2.056039999999939 -0.12100000000000044 0.004
1.9685500000000502 -0.03700000000000081 0.005
8.986660000000029 0.051000000000000156 0.005
1.9645900000000438 0.09600000000000009 0.005
8.092689999999948 -0.04899999999999949 0.006
3.9016599999999926 -0.1070000000000011 0.004
4.042959999999766 0.18400000000000105 0.007
1.86783000000014 0.04899999999999949 0.005
2.0456500000000233 -0.21899999999999942 0.004
1.9782999999997628 0.05599999999999916 0.005
2.144960000000083 -0.051000000000000156 0.005
2.8605999999999767 0.017000000000001236 0.005
1.881090000000313 0.036999999999999034 0.005
2.9824499999999716 -0.04399999999999871 0.007
5.255909999999858 0.17599999999999838 0.006
5.696230000000014 0.031000000000000583 0.006
3.9746799999998075 -0.23499999999999943 0.005
1.230170000000271 0.03399999999999892 0.004
2.902939999999944 -0.03799999999999848 0.005
2.0144900000000234 0.14599999999999902 0.004
2.01175000000012 0.06900000000000084 0.005
1.9650799999999435 -0.13900000000000112 0.005
10.064919999999802 0.1070000000000011 0.005
2.9833300000000236 -0.04600000000000115 0.006
3.966609999999946 -0.0860000000000003 0.005
2.9622800000001916 0.1720000000000006 0.005
2.071609999999964 -0.2270000000000003 0.004
2.0794700000001285 0.2320000000000011 0.005
2.0232999999998356 -0.1850000000000005 0.005
2.743660000000091 0.16499999999999915 0.005
6.1023700000000645 0.009000000000000341 0.005
3.9488400000000183 -0.20599999999999952 0.005
5.121729999999843 0.016000000000000014 0.005
2.8381100000001425 -0.016000000000000014 0.005
6.095769999999902 0.031000000000000583 0.005
14.978479999999763 0.0 0.005
5.938100000000304 0.04499999999999993 0.005
4.036139999999705 0.13299999999999912 0.006
4.954840000000331 -0.2029999999999994 0.005
7.0334899999998015 -0.009000000000000341 0.005
10.978669999999966 0.21000000000000085 0.005
131.36212000000023 -0.15300000000000047 0.005
0.9673699999998462 -0.0129999999999999 0.005
7.984320000000025 -0.03599999999999959 0.004
14.029520000000048 0.007999999999999119 0.005
4.9829500000000735 0.21199999999999974 0.005
10.98777999999993 -0.22100000000000009 0.011
8.064890000000105 0.16900000000000048 0.005
3.9645799999998417 -0.13100000000000023 0.005
3.968249999999898 0.08500000000000085 0.005
6.032140000000254 -0.057000000000000384 0.005
3.8948899999995774 0.11800000000000033 0.006
12.993400000000292 -0.10599999999999987 0.004
2.1116400000000795 -0.05600000000000094 0.005
1.0020799999997507 -0.023999999999999133 0.005
2.8059699999998884 0.05999999999999872 0.005
1.9825700000001234 -0.07699999999999996 0.005
3.143410000000131 0.04100000000000037 0.005
1.9410400000001573 -0.022999999999999687 0.004
12.140509999999722 0.007999999999999119 0.006
1.0043900000000576 0.0810000000000013 0.005
0.9270200000000841 -0.07500000000000107 0.005
1.0372699999998076 0.16000000000000014 0.005
1.7967000000003281 -0.1769999999999996 0.005
2.1216999999996915 0.1590000000000007 0.005
1.952900000000227 -0.11000000000000121 0.005
1.0629999999996471 -0.013999999999999346 0.005
1.8722300000003997 -0.038000000000000256 0.005
6.028709999999592 -0.0030000000000001137 0.005
8.034020000000055 0.06099999999999994 0.005
1.1098700000002282 0.1349999999999998 0.006
1.733719999999721 -0.18599999999999994 0.005
2.0431800000001203 0.21499999999999986 0.005
2.0191399999998794 -0.16799999999999926 0.005
1.9291400000001886 -0.02999999999999936 0.004
2.0309000000002015 0.0799999999999983 0.005
4.152509999999893 0.03300000000000125 0.005
0.027529999999842403 0.03599999999999959 0.006
1.9828200000001743 0.04499999999999993 0.006
2.002899999999954 -0.2129999999999992 0.005
2.88875999999982 -0.014000000000001123 0.005
1.9752700000003642 0.051000000000000156 0.006
0.9940799999999399 0.0730000000000004 0.006
3.96492999999964 0.010999999999999233 0.005
3.09136000000035 0.06600000000000072 0.005
2.991049999999632 -0.14100000000000001 0.005
2.994470000000092 0.02999999999999936 0.004
4.9693200000001525 -0.016000000000000014 0.005
5.975550000000112 0.15300000000000047 0.005
8.989970000000085 -0.1590000000000007 0.006
4.021649999999681 0.11900000000000155 0.005
5.967050000000199 -0.14400000000000013 0.005
4.97438000000011 0.07499999999999929 0.006
9.987659999999778 -0.1039999999999992 0.005
12.037789999999859 0.016000000000000014 0.005
