0.0 0.0 0.007
0.0029400000003079185 -0.005000000000002558 0.008
3.018409999999676 -0.003999999999997783 0.006
0.0029400000003079185 0.027000000000001023 0.006
3.0094300000000658 -0.11900000000000333 0.007
0.002959999999802676 0.026000000000003354 0.007
3.948530000000119 0.1039999999999992 0.006
0.0064199999997072155 0.0019999999999988916 0.007
4.974100000000362 -0.047999999999998266 0.006
0.002970000000004802 0.020999999999997243 0.007
29.11476999999968 -0.10799999999999699 0.007
18.854730000000018 0.11699999999999733 0.006
0.0029500000000552973 0.012000000000000455 0.006
25.00649999999996 -0.1059999999999981 0.008
0.0027199999999538704 0.04299999999999926 0.009
123.30088999999998 0.006000000000000227 0.007
0.0028600000000551518 0.006000000000000227 0.007
15.028819999999996 -0.11899999999999977 0.007
9.976560000000063 0.0329999999999977 0.007
0.002829999999903521 -0.015000000000000568 0.007
0.006960000000162836 0.006000000000000227 0.007
13.935500000000047 0.0990000000000002 0.007
0.0028600000000551518 0.03100000000000236 0.007
7.079940000000079 -0.04899999999999949 0.007
0.0028399999996508996 0.013999999999999346 0.007
4.015550000000076 -0.028999999999999915 0.006
0.0028999999999541615 0.010999999999999233 0.006
2.0209100000001854 -0.01600000000000179 0.007
0.0028600000000551518 0.019000000000001904 0.007
2.914629999999761 -0.04100000000000037 0.007
0.0029100000001562876 0.0030000000000001137 0.007
6.99944000000005 0.08299999999999841 0.007
0.0029100000001562876 0.018000000000000682 0.007
3.8706099999999424 -0.16199999999999903 0.006
0.0028800000000046566 0.028999999999999915 0.006
2.1001799999999093 0.06400000000000006 0.007
0.0029199999999036663 -0.004000000000001336 0.007
10.017749999999978 -0.08099999999999952 0.007
0.0028900000002067827 0.010999999999999233 0.007
8.090209999999843 -0.0009999999999976694 0.008
6.843760000000202 0.01899999999999835 0.007
0.0029199999999036663 0.004000000000001336 0.007
1.9871800000000803 0.02499999999999858 0.007
0.0029099999997015402 -0.01699999999999946 0.007
1.1678099999999176 -0.0730000000000004 0.007
0.0029100000001562876 0.03200000000000003 0.008
1.9838599999998223 0.09100000000000108 0.008
0.0029400000003079185 0.030000000000001137 0.007
2.9647899999999936 -0.12100000000000222 0.007
0.002939999999853171 0.004000000000001336 0.007
1.9482299999999668 0.01699999999999946 0.006
0.0026800000000548607 0.012999999999998124 0.006
3.0565099999998893 -0.06599999999999895 0.007
0.0027000000000043656 0.010000000000001563 0.007
0.8429399999999987 0.11400000000000077 0.007
0.0026800000000548607 -0.008000000000002672 0.007
3.0514200000002347 0.053000000000000824 0.009
0.006019999999807624 -0.015999999999998238 0.008
5.819100000000162 -0.08600000000000207 0.006
0.009000000000014552 0.021000000000000796 0.006
6.033339999999953 0.03399999999999892 0.007
2.988600000000133 -0.06899999999999906 0.006
0.002959999999802676 -0.0010000000000012221 0.006
2.8252299999999195 0.0660000000000025 0.007
0.008420000000114669 0.010999999999999233 0.007
2.3379500000000917 -0.054000000000002046 0.007
0.005940000000009604 0.0 0.007
0.8251399999999194 0.06800000000000139 0.006
0.002959999999802676 -0.0030000000000001137 0.006
1.9590400000001864 -0.03999999999999915 0.006
2.014220000000023 -0.0259999999999998 0.007
8.139000000000124 0.07099999999999795 0.007
0.002939999999853171 -0.01899999999999835 0.007
3.6947500000001128 -0.1180000000000021 0.008
0.002959999999802676 0.037000000000002586 0.007
6.087530000000243 0.038999999999997925 0.007
0.002959999999802676 -0.04100000000000037 0.007
2.187159999999949 0.05600000000000094 0.007
2.841400000000249 -0.053000000000000824 0.006
0.00294999999960055 -0.012000000000000455 0.006
2.0403700000001663 0.10800000000000054 0.006
0.002970000000004802 0.009000000000000341 0.006
2.0186899999998786 -0.14000000000000057 0.006
0.002970000000004802 0.0 0.006
2.0154999999999745 0.12199999999999989 0.007
0.003000000000156433 -0.01899999999999835 0.007
7.894760000000133 -0.030999999999998806 0.007
6.105270000000019 -0.0010000000000012221 0.007
0.002979999999752181 -0.004000000000001336 0.008
2.9283000000000357 0.03200000000000003 0.006
5.027880000000096 -0.0849999999999973 0.007
0.002970000000004802 -0.010000000000001563 0.007
4.9177599999998165 0.13800000000000168 0.007
0.002989999999954307 -0.010000000000001563 0.007
9.046260000000075 -0.021000000000000796 0.007
4.8987700000002405 0.03999999999999915 0.007
0.003009999999903812 -0.004999999999999005 0.006
5.052270000000135 -0.012000000000000455 0.007
0.003009999999903812 -0.015000000000000568 0.007
4.032929999999851 0.03900000000000148 0.007
4.963600000000042 -0.004999999999999005 0.007
0.002989999999954307 0.009000000000000341 0.007
6.997650000000249 -0.12900000000000134 0.007
0.003009999999903812 0.007999999999999119 0.007
18.945580000000064 0.0259999999999998 0.007
0.0036399999999048305 0.0030000000000001137 0.008
126.37219000000005 0.04899999999999949 0.006
10.96131000000014 0.04100000000000037 0.007
0.0028699999998025305 0.0030000000000001137 0.007
9.976450000000114 -0.006999999999997897 0.007
4.982959999999821 0.007999999999999119 0.007
0.002820000000156142 -0.021999999999998465 0.007
11.986660000000029 -0.09600000000000009 0.007
7.008769999999913 0.129999999999999 0.007
3.083689999999933 -0.013999999999999346 0.007
5.959400000000187 -0.010000000000001563 0.007
4.06957999999986 -0.134999999999998 0.008
8.785620000000108 0.006999999999997897 0.008
7.21434999999974 -0.006999999999997897 0.006
1.774290000000292 0.10899999999999821 0.007
2.10100999999986 0.038000000000000256 0.007
0.0028600000000551518 -0.01600000000000179 0.007
2.7912200000000666 0.008000000000002672 0.006
0.0028600000000551518 -0.013000000000001677 0.005
3.190560000000005 0.022000000000002018 0.005
1.921139999999923 -0.10200000000000031 0.006
0.0028800000000046566 0.0019999999999988916 0.006
2.000369999999748 0.0 0.006
0.0028600000000551518 -0.006000000000000227 0.006
5.043909999999869 0.01600000000000179 0.008
0.0028800000000046566 0.027999999999998693 0.008
7.071190000000115 -0.08500000000000085 0.007
0.0028900000002067827 0.004999999999999005 0.006
1.9164200000000164 0.0470000000000006 0.007
1.1249499999998989 -0.05699999999999861 0.007
0.0028600000000551518 -0.022999999999999687 0.007
1.949200000000019 0.038999999999997925 0.007
0.0028699999998025305 -0.008999999999996788 0.007
1.9050200000001496 0.030999999999998806 0.007
1.9769999999998618 0.09199999999999875 0.007
2.1335699999999633 0.018000000000000682 0.007
0.0028999999999541615 -0.030999999999998806 0.007
8.991440000000239 -0.011000000000002785 0.008
0.0029199999999036663 0.01600000000000179 0.008
5.899229999999989 -0.03200000000000003 0.007
0.0029100000001562876 0.0070000000000014495 0.007
2.0109299999999166 -0.045000000000001705 0.008
0.0029300000001057924 -0.08800000000000097 0.009
1.0383999999999105 0.06099999999999994 0.007
0.0028999999999541615 -0.006999999999997897 0.007
1.9686499999997977 0.11499999999999844 0.007
0.004069999999956053 -0.03999999999999915 0.007
2.9892500000000837 -0.09100000000000108 0.006
0.0028800000000046566 0.019000000000001904 0.006
1.982590000000073 0.12299999999999756 0.007
0.0029100000001562876 -0.023999999999997357 0.007
4.943459999999959 -0.03100000000000236 0.007
0.0029199999999036663 0.008000000000002672 0.007
1.9947799999999916 0.01699999999999946 0.007
0.0028800000000046566 -0.04200000000000159 0.007
1.9677299999998468 -0.08200000000000074 0.007
2.896770000000288 0.12400000000000233 0.007
5.126400000000103 -0.062000000000001165 0.007
2.889259999999922 -0.03200000000000003 0.006
0.002939999999853171 0.006000000000000227 0.006
3.081000000000131 -0.010000000000001563 0.007
3.8623899999997775 0.10400000000000276 0.007
0.0028999999999541615 -0.017000000000003013 0.007
5.1605899999999565 -0.12099999999999866 0.007
5.995940000000246 0.036999999999999034 0.007
0.0029300000001057924 -0.01899999999999835 0.007
9.863460000000032 0.036999999999999034 0.007
0.003330000000005384 -0.021999999999998465 0.007
3.1106999999997242 0.04199999999999804 0.007
0.0028999999999541615 0.0 0.007
5.946150000000216 -0.036999999999999034 0.007
0.002939999999853171 -0.004000000000001336 0.007
4.971059999999852 0.009000000000000341 0.007
0.0029300000001057924 -0.07699999999999818 0.007
4.0046000000002095 0.16000000000000014 0.007
0.0029199999999036663 -0.004000000000001336 0.007
15.966370000000097 -0.08699999999999974 0.007
0.0029500000000552973 -0.021000000000000796 0.007
126.27901999999995 0.08800000000000097 0.007
0.002809999999954016 -0.0019999999999988916 0.007
